-2.8266 -0.863159
-0.431331 2.25563
-2.70039 -1.32359
-0.380338 2.7242
-2.47495 -1.86024
-0.373446 3.44347
-1.68435 0.202522
-1.85308 3.21511
-1.61817 1.14452
-1.97127 1.33657
-1.78634 1.21698
-1.91137 1.17735
-1.80288 1.29958
-1.92948 1.08995
-1.76251 1.4577
-2.01222 0.954975
-1.6753 1.98117
-2.22473 0.590097
-2.40354 4.35683
-1.02255 3.60303
-1.74134 0.284488
-1.80333 3.02286
-1.89469 0.315261
-1.81361 3.25427
-1.65328 0.949589
-1.8823 1.53722
-1.93731 0.884133
-1.71005 1.84303
-2.16662 0.679929
-1.97901 3.92256
-2.14632 5.59426
-1.13055 2.64901
-2.57014 -0.420835
-0.841526 4.72296
-1.90134 4.6823
-1.37195 4.75801
-1.7875 5.15581
-1.40339 4.36371
-2.19626 5.34371
-1.14178 3.08015
-2.42247 -0.77424
-1.15945 5.44192
-1.47028 3.68081
-1.56073 1.22806
-2.02808 1.308
-1.71448 1.45367
-2.04105 0.985883
-1.66271 2.07356
-2.25304 0.517849
-2.63242 4.31627
-0.948376 2.51998
-2.6311 -0.492888
-0.643242 4.11268
-1.87482 4.31333
-1.70374 5.42297
-1.4167 4.06953
-2.25142 4.67143
-1.11513 3.83456
-1.48709 2.30534
-2.40216 0.35173
-2.41881 5.6966
-1.10135 0.870179
-2.06943 2.06886
-1.70291 1.14333
-1.93167 1.28268
-1.8144 1.19795
-1.88586 1.19959
-1.83167 1.23835
-1.88742 1.15798
-1.81734 1.2937
-1.91702 1.0961
-1.77455 1.42418
-1.99253 0.979077
-1.68998 1.84312
-2.18033 0.693821
-2.02697 4.0177
-1.78886 5.56513
-1.32697 3.65202
-1.66893 0.632548
-1.78461 2.06278
-2.14986 0.479542
-2.15215 4.17114
-1.29107 4.86544
-1.79084 5.03056
-1.40674 4.50827
-1.98629 5.38303
-1.26037 3.65334
-1.68137 0.561344
-1.77048 2.22057
-2.18076 0.367257
-2.46269 4.33214
-0.997435 3.37791
-2.13946 -0.504879
-2.74462 5.07907
-1.11165 0.137174
-2.01247 3.21796
-1.77303 3.68013
-1.78142 3.77254
-2.1457 4.47126
-1.19053 4.41041
-2.17414 5.23801
-1.16488 3.36196
-2.17681 -0.468209
-2.67964 5.27223
-1.12034 0.201603
-1.98523 3.08106
-1.54867 2.24882
-2.35802 0.400263
-2.6899 5.06719
-1.05777 0.649977
-2.02201 2.34209
-1.75669 0.865219
-1.80676 1.64456
-2.03779 0.78629
-1.67501 2.52304
-2.27575 0.130458
-2.81162 4.57654
-1.01842 0.65147
-2.04126 2.36329
-1.70803 1.0215
-1.88363 1.42245
-1.90286 0.990574
-1.75652 1.56657
-2.05257 0.86798
-1.6645 2.41575
-2.28872 0.213933
-2.80901 4.5521
-1.01017 0.72546
-2.06581 2.2841
-1.67502 1.18592
-1.9617 1.25444
-1.77602 1.2961
-1.94647 1.09755
-1.75008 1.48434
-2.02961 0.938671
-1.6661 2.10807
-2.25705 0.48553
-2.67714 4.29408
-0.939493 2.25706
-2.63803 0.134934
-0.830018 4.57324
-1.99775 4.8175
-1.27265 4.37191
-2.21311 5.26047
-1.14078 3.18084
-2.35648 -0.717156
-1.51882 5.89058
-1.23201 2.47948
-2.54298 0.0161388
-1.19991 5.38667
-1.54233 3.99675
-2.20675 4.5906
-1.13726 4.06669
-2.08933 4.53281
-1.23161 4.5005
-2.0696 5.2913
-1.22171 3.59621
-1.7932 0.220516
-1.84899 3.30621
-1.55685 1.5765
-2.16536 1.0287
-1.71925 3.13245
-1.95683 0.156877
-2.05635 3.9458
-1.81517 5.59396
-1.30331 3.53814
-1.88264 0.055183
-2.10422 3.98468
-1.5892 5.40604
-1.47975 4.1957
-2.39028 5.05787
-1.05927 2.7738
-2.5597 -0.742603
-0.713972 4.43754
-1.96151 4.63836
-1.32781 4.68928
-1.85767 5.22195
-1.3554 4.16737
-2.36254 4.88599
-1.07282 3.176
-2.36452 -0.792348
-1.39045 5.76678
-1.28785 2.85556
-2.47653 -0.475257
-1.18771 5.43793
-1.48951 3.78226
-1.51132 2.34329
-2.39288 0.300721
-2.44123 5.66819
-1.10144 0.819032
-2.0518 2.12055
-1.73303 1.01474
-1.86875 1.42478
-1.91757 0.97964
-1.74321 1.61397
-2.07692 0.83776
-1.67662 2.67346
-2.25337 0.0332625
-2.82192 4.55482
-1.02168 0.596971
-2.02668 2.42881
-1.72135 0.951717
-1.85229 1.51206
-1.95907 0.894332
-1.6988 1.88947
-2.18645 0.650311
-2.10865 4.14043
-1.40074 5.09634
-1.66026 4.75192
-1.56678 5.02581
-1.56503 4.76453
-1.64086 5.08788
-1.50609 4.62561
-1.78604 5.29074
-1.39382 4.18505
-2.38045 4.95294
-1.06507 2.99835
-2.47373 -0.894146
-0.873324 4.90638
-1.77314 4.43956
-1.70558 5.37067
-1.42846 4.16219
-2.38833 4.91731
-1.06125 3.01635
-2.46499 -0.899122
-0.897619 4.96352
-1.74242 4.38275
-1.83375 5.47355
-1.33167 3.7913
-1.49683 1.87085
-2.29442 0.833458
-2.584 4.37674
-0.964144 2.73316
-2.58267 -0.870286
-0.605976 4.09662
-1.81203 4.17426
-2.08997 5.55685
-1.16628 2.96217
-2.47595 -0.730138
-0.986643 5.11917
-1.66931 4.25048
-2.18752 5.46151
-1.13082 2.84423
-2.52592 -0.701143
-0.833521 4.76469
-1.86055 4.59772
-1.4498 4.96949
-1.65712 4.89688
-1.52112 4.83893
-1.64309 5.0202
-1.51169 4.70435
-1.71911 5.1929
-1.44521 4.40877
-2.10662 5.4071
-1.18486 3.26553
-2.27908 -0.586671
-2.08779 6.08135
-1.15016 1.02455
-2.10538 1.88495
-1.65092 1.47321
-2.08277 1.01991
-1.65 2.2928
-2.2943 0.324217
-2.81107 4.43889
-0.986001 0.925229
-2.14556 2.10485
-1.58835 2.04541
-2.29475 0.590952
-2.73681 4.30959
-0.939761 1.79378
-2.52431 1.1453
-1.76889 5.87057
-1.20665 2.64094
-2.54675 -0.298525
-0.996313 5.05982
-1.73199 4.43295
-1.77434 5.42046
-1.37835 3.98711
-1.92765 4.20465
-1.75456 5.4964
-1.36806 3.85978
-1.54029 2.78301
-2.35257 -0.141589
-2.26851 5.92397
-1.12763 0.911399
-2.07234 2.00761
-1.70264 1.16719
-1.94086 1.25747
-1.79813 1.24608
-1.91394 1.14547
-1.79128 1.3473
-1.95429 1.04465
-1.7308 1.59135
-2.07797 0.863422
-1.67094 2.61699
-2.26923 0.0631755
-2.80435 4.65094
-1.03183 0.567121
-2.0156 2.46279
-1.73546 0.892968
-1.82576 1.59766
-2.00797 0.820752
-1.67305 2.26294
-2.2733 0.345769
-2.79928 4.29365
-0.953022 1.29109
-2.3116 1.80045
-2.41862 4.47616
-1.02587 3.42101
-2.08183 -0.402353
-2.89728 4.29064
-1.02587 0.359698
-1.9972 2.77947
-1.6364 1.20752
-1.988 1.26107
-1.74969 1.36191
-1.98688 1.04498
-1.70478 1.69684
-2.12825 0.798735
-1.75627 3.2495
-1.76787 0.537451
-1.74213 2.33195
-2.21472 0.285655
-2.70046 4.24415
-0.933029 2.16064
-2.62805 0.36271
-0.934995 4.80725
-1.897 4.76692
-1.35509 4.64941
-1.87087 5.26549
-1.34416 4.08407
-2.22905 4.66549
-1.12663 3.9133
-1.60378 3.26538
-2.00079 0.016353
-2.38809 4.25026
-1.02338 3.77514
-1.48141 1.74433
-2.2592 0.964888
-2.23379 4.31226
-1.13304 4.31635
-2.25813 5.10233
-1.12494 3.28038
-2.27093 -0.621054
-2.07717 6.08921
-1.15189 1.02485
-2.10474 1.88315
-1.652 1.4673
-2.08005 1.02372
-1.65011 2.2631
-2.29126 0.351534
-2.80954 4.38586
-0.97436 1.0371
-2.19475 2.0148
-1.63311 2.85125
-2.24893 -0.0853313
-2.78467 4.80121
-1.05726 0.426716
-1.98525 2.66088
-1.72383 0.869656
-1.82373 1.63395
-2.02011 0.791853
-1.67335 2.40105
-2.28087 0.226836
-2.81824 4.45735
-0.995019 0.822826
-2.10447 2.19416
-1.62086 1.54106
-2.12254 0.993462
-1.66737 2.7157
-2.2537 0.00380408
-2.81301 4.62462
-1.03239 0.539773
-2.01024 2.4998
-1.7347 0.883727
-1.82314 1.612
-2.0144 0.809418
-1.67239 2.32498
-2.27879 0.291703
-2.81556 4.36103
-0.973132 1.02576
-2.1909 2.02547
-1.62476 2.78518
-2.27882 -0.0678419
-2.70833 5.09473
-1.08168 0.418996
-1.97429 2.66686
-1.74654 0.793544
-1.79074 1.76506
-2.08403 0.698098
-1.73843 3.10965
-1.94384 0.189515
-1.99006 3.81516
-2.32694 5.44164
-1.07015 2.23627
-2.58455 0.360411
-1.14088 5.2395
-1.64748 4.30811
-2.10482 5.49248
-1.17098 3.07671
-2.41959 -0.735247
-1.20936 5.51366
-1.42945 3.53727
-1.81457 0.253757
-1.82891 3.24181
-1.63734 1.03094
-1.91921 1.44535
-1.8731 1.00185
-1.78062 1.50315
-2.01478 0.909076
-1.67124 2.09302
-2.25061 0.496138
-2.6415 4.30924
-0.946091 2.47194
-2.63685 -0.385549
-0.665698 4.16542
-1.93429 4.45144
-1.45221 5.05797
-1.63708 4.78872
-1.57038 4.99839
-1.56672 4.79459
-1.6254 5.0478
-1.521 4.68864
-1.72263 5.20903
-1.44158 4.3834
-2.14871 5.39015
-1.1629 3.15805
-2.37002 -0.709149
-1.46374 5.83481
-1.25671 2.67016
-2.52494 -0.284141
-1.10217 5.26311
-1.6094 4.15295
-2.40273 5.12513
-1.05214 2.57844
-2.60042 -0.416743
-0.748788 4.45907
-1.99262 4.71491
-1.28512 4.51077
-2.04088 5.32332
-1.23554 3.62039
-1.74595 0.350483
-1.77533 2.82724
-2.07214 0.117611
-2.41496 4.28276
-1.0123 3.63014
-1.68292 0.461214
-1.76755 2.46577
-2.18148 0.208207
-2.66908 4.24213
-0.936113 2.37768
-2.64413 -0.17487
-0.715187 4.28461
-2.01642 4.65531
-1.27435 4.53157
-2.02242 5.31144
-1.24793 3.68869
-1.61966 0.796937
-1.84433 1.77228
-2.03579 0.685738
-1.69982 2.78344
-2.19701 0.00938545
-2.84379 4.20665
-0.961005 1.02708
-2.19783 2.03265
-1.6435 2.93298
-2.2028 -0.087795
-2.85404 4.37527
-1.00482 0.632823
-2.04326 2.39333
-1.6951 1.06199
-1.90485 1.37802
-1.86889 1.0538
-1.79921 1.41881
-1.97311 0.976958
-1.70291 1.77298
-2.15217 0.740288
-1.8642 3.64466
-2.10565 4.40427
-1.24846 4.64069
-1.93574 5.23543
-1.30651 4.00214
-1.9281 4.21918
-1.73017 5.47498
-1.38752 3.93558
-1.74419 3.74413
-1.87956 4.03258
-2.22133 5.51244
-1.1072 2.56491
-2.58635 -0.298135
-0.844812 4.70534
-1.91735 4.71387
-1.34887 4.68002
-1.85136 5.23511
-1.35849 4.16041
-2.35965 4.8703
-1.07382 3.20958
-2.33747 -0.754067
-1.56247 5.93546
-1.21423 2.30759
-2.53492 0.324117
-1.42259 5.65892
-1.36817 3.41364
-2.04609 -0.182739
-2.78909 4.05022
-0.917048 1.7441
-2.51799 1.22043
-1.82441 5.88789
-1.18661 2.50361
-2.56136 -0.073268
-1.05751 5.1463
-1.69104 4.36919
-1.93328 5.50299
-1.26744 3.53314
-1.90215 0.00250749
-2.21841 4.12471
-1.20369 4.66452
-1.93962 5.19329
-1.30615 4.05137
-2.10624 4.51735
-1.21884 4.47117
-2.10419 5.28189
-1.20206 3.51169
-1.95011 -0.111947
-2.50985 4.21872
-0.971477 3.27475
-2.26445 -0.717135
-1.9633 6.11551
-1.15735 1.21479
-2.17973 1.71957
-1.6114 2.47423
-2.33235 0.156724
-2.66047 5.2046
-1.07875 0.545301
-1.98987 2.4707
-1.79195 0.725872
-1.75435 1.92051
-2.15154 0.594682
-2.01081 3.9717
-1.93077 5.62582
-1.23348 3.2276
-2.30235 -0.573048
-1.98857 6.09439
-1.15118 1.25456
-2.19913 1.69258
-1.6407 2.81198
-2.25455 -0.0637298
-2.78248 4.80466
-1.05623 0.439402
-1.98656 2.64067
-1.73053 0.853304
-1.8155 1.66028
-2.03469 0.772217
-1.67705 2.54004
-2.27241 0.118797
-2.81402 4.56579
-1.01769 0.650364
-2.04133 2.36503
-1.7074 1.02334
-1.88462 1.42035
-1.90129 0.993304
-1.75837 1.5592
-2.0489 0.872951
-1.66394 2.37873
-2.28843 0.245644
-2.81308 4.49668
-1.00015 0.796061
-2.09293 2.2171
-1.6362 1.42171
-2.07086 1.07463
-1.65185 2.08969
-2.26373 0.509555
-2.68389 4.29638
-0.938983 2.20735
-2.63262 0.257627
-0.886383 4.70325
-1.94575 4.80486
-1.31126 4.50131
-2.04162 5.34006
-1.2331 3.58907
-1.80578 0.194292
-1.87471 3.41421
-1.57078 2.7537
-2.33505 -0.0961247
-2.42245 5.74452
-1.1197 0.681679
-2.00189 2.2643
-1.81778 0.730645
-1.7439 1.936
-2.16348 0.587505
-2.07228 4.07757
-1.55919 5.34826
-1.5125 4.31944
-2.21324 5.3799
-1.12798 2.93349
-2.49484 -0.776478
-0.886736 4.91121
-1.78166 4.47019
-1.65615 5.31252
-1.4685 4.30826
-2.25579 5.31929
-1.11173 2.8879
-2.51481 -0.772714
-0.825131 4.75995
-1.85623 4.58191
-1.4639 5.00349
-1.64015 4.85083
-1.54619 4.9142
-1.60129 4.91297
-1.56024 4.87229
-1.60216 4.95443
-1.55114 4.82129
-1.62667 5.02416
-1.5229 4.71565
-1.70276 5.17404
-1.45733 4.45251
-2.03224 5.41929
-1.22687 3.46393
-2.02595 -0.224163
-2.80438 4.02116
-0.916611 1.65703
-2.48477 1.36154
-2.1101 5.87919
-1.11456 1.79868
-2.43953 1.15747
-2.48455 5.50181
-1.07019 1.05936
-2.15571 1.92315
-1.59575 2.099
-2.30211 0.533806
-2.77654 4.33154
-0.95046 1.42831
-2.37163 1.65963
-2.70074 4.61311
-0.970782 1.56819
-2.41971 1.4888
-2.59438 5.20615
-1.04037 1.08539
-2.18062 1.92487
-1.60484 2.51333
-2.33674 0.119174
-2.61364 5.34081
-1.08974 0.556786
-1.98698 2.44894
-1.80561 0.698442
-1.7435 1.99163
-2.17523 0.544519
-2.18577 4.21872
-1.21345 4.64615
-1.9479 5.21279
-1.30029 4.00818
-1.94722 4.25788
-1.62987 5.37436
-1.46904 4.22761
-2.36401 5.13528
-1.06922 2.75986
-2.56186 -0.705192
-0.726328 4.46568
-1.96195 4.65504
-1.32296 4.66423
-1.87848 5.24425
-1.34108 4.10023
-2.26535 4.71127
-1.11045 3.74591
-1.52174 1.31073
-2.0767 1.27608
-1.6594 1.7813
-2.18192 0.76758
-1.95719 3.89
-2.2872 5.47754
-1.08261 2.34587
-2.59351 0.134829
-1.00689 5.00992
-1.77926 4.56648
-1.56544 5.15951
-1.54774 4.59996
-1.77591 5.30994
-1.39759 4.17091
-2.3798 4.91857
-1.06522 3.05349
-2.44495 -0.885677
-0.975321 5.12763
-1.65112 4.18881
-2.32298 5.31215
-1.07895 2.58807
-2.59226 -0.389789
-0.784502 4.55942
-1.9685 4.73027
-1.30246 4.5465
-1.99494 5.32068
-1.26347 3.74144
-1.53981 1.25736
-2.04814 1.30265
-1.69109 1.56255
-2.09279 0.914972
-1.66637 2.61523
-2.27402 0.0617025
-2.79432 4.70666
-1.03836 0.543588
-2.00812 2.49181
-1.74251 0.86098
-1.81227 1.64894
-2.03433 0.781679
-1.67531 2.51298
-2.27618 0.138064
-2.8126 4.56594
-1.01654 0.663536
-2.04531 2.35011
-1.70267 1.04642
-1.89541 1.39354
-1.88281 1.02858
-1.78158 1.47376
-2.00437 0.933596
-1.67773 1.98846
-2.22469 0.582371
-2.41273 4.35759
-1.01873 3.56466
-1.81718 0.0873326
-1.99826 3.76268
-2.39543 5.33898
-1.05087 2.12191
-2.57011 0.585187
-1.30621 5.47801
-1.49464 3.90131
-1.7587 3.76611
-2.02204 4.3038
-1.42979 5.08687
-1.64523 4.75882
-1.57656 5.03113
-1.5574 4.75066
-1.65428 5.11078
-1.4948 4.58432
-1.83578 5.33843
-1.3575 4.0345
-2.08664 4.47863
-1.24686 4.58724
-1.97996 5.2704
-1.2773 3.856
-1.51255 2.55991
-2.40103 0.0465153
-2.15806 5.97653
-1.12553 1.20964
-2.19174 1.75166
-1.62396 2.67295
-2.30492 -0.00264545
-2.65945 5.23538
-1.08844 0.471147
-1.97527 2.57916
-1.78465 0.710777
-1.75452 1.94586
-2.15679 0.575197
-2.05713 4.05113
-1.63937 5.44262
-1.44354 4.08959
-2.3213 4.74657
-1.08614 3.51141
-1.94182 -0.144483
-2.5527 4.1975
-0.957034 3.08869
-2.42141 -0.99138
-0.966659 5.1327
-1.63794 4.14309
-2.3996 5.15291
-1.05274 2.53789
-2.60436 -0.331043
-0.77232 4.50949
-1.98834 4.74002
-1.28541 4.48849
-2.06627 5.32645
-1.21998 3.545
-1.8892 0.00818091
-2.19004 4.0925
-1.2694 4.84655
-1.81063 5.04626
-1.39252 4.45986
-2.0588 5.38748
-1.21623 3.45247
-2.04543 -0.258306
-2.85579 3.99748
-0.931792 1.23931
-2.30115 1.86047
-2.34324 4.45547
-1.05673 3.73883
-1.5186 1.30392
-2.07519 1.28486
-1.66153 1.75743
-2.17344 0.785056
-1.90397 3.76515
-2.5061 4.83405
-1.01162 2.53484
-2.61535 -0.398757
-0.714621 4.34423
-2.0025 4.6651
-1.2846 4.55305
-1.99605 5.30851
-1.26411 3.75874
-1.52033 1.42676
-2.12352 1.18458
-1.63676 2.33845
-2.3082 0.284257
-2.79222 4.6355
-1.01761 0.713759
-2.05869 2.29219
-1.68809 1.1252
-1.93211 1.30994
-1.82166 1.16618
-1.86979 1.23843
-1.85751 1.17704
-1.84724 1.2423
-1.8769 1.15926
-1.82626 1.28088
-1.906 1.1106
-1.78777 1.3843
-1.96959 1.01085
-1.71168 1.69761
-2.12403 0.793103
-1.75099 3.22108
-1.80934 0.434933
-1.74452 2.66955
-2.17475 0.0943074
-2.763 4.16933
-0.926951 1.79108
-2.52997 1.14351
-1.72112 5.84484
-1.22827 2.78589
-2.51532 -0.482666
-1.01096 5.12218
-1.6848 4.31359
-2.04327 5.5173
-1.20081 3.21312
-2.32184 -0.62268
-1.81706 6.07228
-1.16371 1.65234
-2.35985 1.31694
-2.70487 4.47155
-0.954783 1.78725
-2.51419 1.1632
-1.85654 5.90322
-1.17395 2.39009
-2.56152 0.13696
-1.16593 5.3138
-1.59357 4.15138
-2.40974 5.09038
-1.04995 2.61023
-2.59673 -0.484466
-0.731062 4.42105
-1.99171 4.68939
-1.28964 4.54654
-2.00053 5.31408
-1.26082 3.73879
-1.54323 1.23011
-2.03585 1.32286
-1.70811 1.47059
-2.05079 0.976304
-1.65871 2.15495
-2.27034 0.447181
-2.74747 4.2741
-0.936929 1.7626
-2.5144 1.19776
-1.85558 5.90004
-1.175 2.40529
-2.56229 0.107707
-1.14711 5.28532
-1.61096 4.19437
-2.34876 5.25054
-1.07095 2.59706
-2.59332 -0.421262
-0.767639 4.51747
-1.97858 4.72358
-1.29526 4.53225
-2.01324 5.32279
-1.25221 3.6929
-1.61225 0.832187
-1.85839 1.72128
-2.00948 0.726164
-1.68216 2.51272
-2.26967 0.140536
-2.82117 4.49819
-1.0068 0.716239
-2.06477 2.2963
-1.6744 1.18449
-1.96144 1.25627
-1.77676 1.29307
-1.9449 1.10035
-1.75214 1.47615
-2.02545 0.944431
-1.66806 2.07239
-2.24902 0.515895
-2.61593 4.32202
-0.952273 2.61306
-2.61461 -0.684881
-0.61189 4.05241
-1.78531 4.08966
-2.31587 5.37764
-1.07772 2.46471
-2.60011 -0.132956
-0.868414 4.73283
-1.91418 4.73153
-1.34769 4.66236
-1.86519 5.25185
-1.34873 4.11339
-2.29654 4.74993
-1.09783 3.59698
-1.77929 0.209327
-1.85486 3.31701
-1.54602 1.71798
-2.22085 0.924404
-2.01272 4.02336
-1.82589 5.58271
-1.30202 3.55043
-1.86142 0.0975739
-2.01896 3.82951
-2.19367 5.58136
-1.11102 2.48979
-2.58868 -0.138772
-0.908832 4.83482
-1.86349 4.67172
-1.412 4.8487
-1.71893 5.04932
-1.45541 4.58449
-1.86519 5.33897
-1.33968 3.98285
-1.87723 4.10509
-2.07513 5.58313
-1.16853 2.9404
-2.48427 -0.716078
-0.966418 5.07461
-1.6964 4.31237
-2.02836 5.52216
-1.20821 3.24507
-2.29334 -0.584757
-2.01824 6.09415
-1.15086 1.17866
-2.16754 1.75486
-1.60339 2.27382
-2.32619 0.355019
-2.77303 4.72288
-1.02498 0.707477
-2.05326 2.29452
-1.69917 1.07886
-1.9092 1.35649
-1.85823 1.08149
-1.81558 1.36874
-1.94395 1.02164
-1.73364 1.60296
-2.07986 0.852395
-1.67445 2.66012
-2.2583 0.0391495
-2.81601 4.59079
-1.02594 0.580658
-2.02115 2.44775
-1.72781 0.923304
-1.83946 1.55213
-1.98254 0.85822
-1.68265 2.05619
-2.23535 0.5219
-2.54246 4.34512
-0.973067 2.99041
-2.47935 -1.02884
-0.766017 4.66904
-1.86603 4.54968
-1.47279 5.03781
-1.62748 4.80556
-1.57166 4.98497
-1.56802 4.80964
-1.61803 5.02759
-1.52861 4.71963
-1.69566 5.16639
-1.46258 4.47044
-2.00253 5.41754
-1.2449 3.54666
-1.88278 0.0309269
-2.14339 4.03726
-1.41586 5.15416
-1.6379 4.67065
-1.63417 5.16158
-1.50317 4.5408
-1.87861 5.38076
-1.3253 3.88815
-1.57374 3.03789
-2.22234 -0.183523
-2.79234 4.79695
-1.06342 0.364482
-1.98119 2.76483
-1.67861 1.00899
-1.89285 1.44955
-1.90178 0.971249
-1.75224 1.59755
-2.06548 0.845549
-1.67014 2.56438
-2.2767 0.0984777
-2.80157 4.65321
-1.02999 0.5887
-2.0209 2.4352
-1.73246 0.911686
-1.83334 1.56916
-1.993 0.843812
-1.6776 2.13498
-2.25311 0.456425
-2.68582 4.28548
-0.937858 2.20856
-2.63321 0.252813
-0.882724 4.69453
-1.94974 4.80749
-1.30801 4.4896
-2.05683 5.33982
-1.22401 3.54768
-1.88388 0.0203275
-2.16238 4.06039
-1.3496 5.02828
-1.70649 4.8429
-1.49507 4.8515
-1.65811 5.01825
-1.50119 4.69125
-1.73646 5.21288
-1.43244 4.36095
-2.18872 5.36283
-1.14371 3.06861
-2.42869 -0.774593
-1.13367 5.39946
-1.49607 3.76787
-1.50712 2.21476
-2.3765 0.455459
-2.63417 5.23421
-1.06917 0.685439
-2.02596 2.29202
-1.75968 0.872726
-1.8076 1.63297
-2.03377 0.795242
-1.6731 2.47433
-2.28026 0.167216
-2.81249 4.55146
-1.01281 0.693698
-2.05534 2.31763
-1.6892 1.11179
-1.92647 1.32402
-1.83141 1.1408
-1.85428 1.27302
-1.88153 1.12827
-1.81282 1.327
-1.93181 1.06227
-1.75329 1.50625
-2.0349 0.918801
-1.66401 2.18299
-2.27067 0.419703
-2.76334 4.27188
-0.939131 1.63642
-2.46443 1.39655
-2.28391 5.76148
-1.08993 1.44381
-2.30745 1.57545
-2.35236 4.43671
-1.0512 3.72364
-1.53629 1.16361
-2.01184 1.38913
-1.74944 1.28249
-1.95818 1.11952
-1.74527 1.48015
-2.03131 0.944776
-1.66558 2.10444
-2.25678 0.489007
-2.67323 4.2961
-0.940124 2.28102
-2.63981 0.075998
-0.806096 4.51609
-2.01511 4.80813
-1.26096 4.34287
-2.24823 5.21597
-1.12466 3.12631
-2.39645 -0.775624
-1.26826 5.60666
-1.37326 3.29995
-2.17853 -0.336768
-2.79308 4.84327
-1.07923 0.25347
-1.98628 2.97123
-1.56465 1.70702
-2.2083 0.915273
-1.95102 3.89842
-2.28967 5.47251
-1.08199 2.34727
-2.59387 0.131013
-1.00371 5.00373
-1.78266 4.57224
-1.5568 5.14509
-1.55531 4.62463
-1.74591 5.27641
-1.42013 4.26125
-2.33433 5.173
-1.08194 2.83104
-2.53891 -0.771008
-0.755389 4.57007
-1.92975 4.64577
-1.35625 4.75089
-1.80171 5.16297
-1.39387 4.33368
-2.24391 5.29613
-1.12037 2.98774
-2.47285 -0.809107
-0.938218 5.03367
-1.71205 4.33401
-1.9642 5.52075
-1.24525 3.4196
-2.08791 -0.304303
-2.89591 4.11813
-0.982428 0.668896
-2.06374 2.36381
-1.65978 1.23132
-1.98651 1.22084
-1.74206 1.41313
-2.00994 1.00345
-1.68162 1.87185
-2.19354 0.676596
-2.11503 4.15269
-1.37646 5.04824
-1.68586 4.8169
-1.51953 4.90996
-1.62209 4.93482
-1.53999 4.82705
-1.63311 5.02395
-1.51835 4.70974
-1.71023 5.18347
-1.45171 4.43164
-2.0673 5.4167
-1.20648 3.36838
-2.16362 -0.426348
-2.75743 5.01089
-1.09997 0.189001
-1.99589 3.10483
-1.56696 2.59034
-2.36165 0.0354914
-2.40363 5.75451
-1.11467 0.766752
-2.02886 2.1671
-1.77531 0.87038
-1.79908 1.64164
-2.04335 0.790581
-1.67523 2.5484
-2.27339 0.112058
-2.81101 4.58941
-1.02122 0.631138
-2.03482 2.38628
-1.71589 0.98494
-1.86662 1.46766
-1.93255 0.938567
-1.72343 1.72348
-2.12395 0.764732
-1.76816 3.2945
-1.69497 0.760965
-1.80398 1.81643
-2.0849 0.655901
-1.76493 3.23661
-1.76551 0.549262
-1.74298 2.29974
-2.21298 0.309049
-2.67188 4.26193
-0.937417 2.33433
-2.6434 -0.063244
-0.752036 4.38011
-2.03404 4.74495
-1.25061 4.373
-2.21337 5.24691
-1.14177 3.20504
-2.33754 -0.694022
-1.64082 5.98786
-1.19392 2.10834
-2.50274 0.674496
-1.83677 5.93929
-1.17059 2.2612
-2.54635 0.388013
-1.37983 5.5997
-1.40872 3.5833
-1.7506 0.406885
-1.75915 2.66729
-2.15591 0.110911
-2.69832 4.20369
-0.929521 2.22826
-2.6387 0.189874
-0.844083 4.60169
-1.98892 4.8225
-1.27861 4.38593
-2.19498 5.27893
-1.14941 3.21406
-2.32934 -0.677261
-1.70402 6.02647
-1.18039 1.93123
-2.45598 0.955555
-2.32702 5.75537
-1.09264 1.22593
-2.2137 1.76559
-1.6767 3.08128
-2.06756 0.00452187
-2.58625 4.2346
-0.951876 2.87803
-2.53095 -1.04323
-0.635376 4.26936
-1.90161 4.43983
-1.5101 5.15385
-1.58328 4.6408
-1.70712 5.24162
-1.44814 4.35816
-2.18577 5.37204
-1.14421 3.06004
-2.43331 -0.775608
-1.11404 5.36629
-1.51626 3.83259
-1.59528 3.098
-2.16036 -0.136591
-2.86823 4.20118
-0.977139 0.802442
-2.10681 2.22628
-1.61219 1.59817
-2.1473 0.956631
-1.71326 3.07182
-2.01874 0.0814881
-2.31831 4.23742
-1.06775 4.07695
-2.10173 4.57102
-1.21449 4.41178
-2.17096 5.2558
-1.16529 3.3419
-2.20105 -0.500317
-2.55957 5.57028
-1.13709 0.296698
-1.9577 2.88395
-1.65961 1.0538
-1.91817 1.40559
-1.86315 1.04066
-1.79923 1.43226
-1.9776 0.964902
-1.69784 1.81254
-2.16672 0.712612
-1.94532 3.85402
-2.38847 5.32862
-1.05293 2.19008
-2.58359 0.443196
-1.17668 5.29142
-1.61627 4.2376
-2.27294 5.3642
-1.09856 2.70841
-2.56807 -0.5748
-0.772137 4.56843
-1.94975 4.69181
-1.3253 4.64042
-1.89568 5.266
-1.32889 4.03771
-2.07503 4.46764
-1.2626 4.63962
-1.92966 5.24293
-1.30976 4.004
-1.93719 4.23657
-1.68236 5.43118
-1.42564 4.07549
-2.2748 4.69579
-1.10487 3.73073
-1.53976 1.16828
-2.01238 1.38159
-1.74727 1.29354
-1.96353 1.10974
-1.73815 1.51042
-2.04625 0.923905
-1.66088 2.2418
-2.28065 0.367852
-2.80044 4.31307
-0.956673 1.24797
-2.29129 1.83949
-2.24136 4.39177
-1.11835 4.1846
-2.28061 4.86134
-1.1112 3.52551
-1.92075 -0.0956301
-2.42756 4.22108
-1.00254 3.63857
-1.66224 0.529627
-1.77416 2.28954
-2.17995 0.320183
-2.52371 4.31854
-0.976311 3.11087
-2.40825 -0.951151
-1.04758 5.28161
-1.55357 3.92277
-1.95477 4.22488
-1.65855 5.41326
-1.44322 4.13203
-2.37864 4.85082
-1.06458 3.1547
-2.38054 -0.821522
-1.28719 5.64065
-1.35232 3.19606
-2.28248 -0.447404
-2.27039 5.96233
-1.14241 0.752009
-2.01199 2.16383
-1.81113 0.780827
-1.75738 1.8269
-2.12717 0.6649
-1.85189 3.58848
-1.84746 3.93284
-2.45785 5.11719
-1.03172 2.27705
-2.60581 0.226033
-0.986776 4.95124
-1.81534 4.63752
-1.477 4.98806
-1.63438 4.86371
-1.54708 4.90341
-1.60338 4.92545
-1.55593 4.85527
-1.6108 4.97848
-1.54071 4.78481
-1.65046 5.07675
-1.50057 4.6294
-1.78697 5.28751
-1.39363 4.18844
-2.38031 4.96172
-1.06513 2.9853
-2.48 -0.893116
-0.854443 4.86122
-1.79622 4.47842
-1.62655 5.27899
-1.49188 4.38621
-2.11385 5.42616
-1.17757 3.20033
-2.33634 -0.659729
-1.69237 6.01694
-1.18293 1.97863
-2.47022 0.884159
-2.18963 5.8797
-1.10732 1.46461
-2.30806 1.54409
-2.35919 4.43684
-1.04799 3.69733
-1.57444 0.92932
-1.90659 1.60968
-1.92995 0.840155
-1.70722 1.91386
-2.18648 0.625222
-2.1397 4.17752
-1.30958 4.90414
-1.76624 4.98976
-1.42658 4.59185
-1.87762 5.32977
-1.33337 3.97499
-1.84276 4.02594
-2.32298 5.39035
-1.07403 2.39503
-2.60003 0.0152521
-0.930053 4.8572
-1.85874 4.68193
-1.41274 4.84247
-1.72079 5.05639
-1.4536 4.5738
-1.87792 5.34877
-1.33064 3.94369
-1.72867 3.70698
-1.70538 3.53352
-1.54051 1.59035
-2.17771 1.03437
-1.74806 3.28048
-1.74825 0.584472
-1.75036 2.1993
-2.1992 0.383308
-2.52876 4.32761
-0.975593 3.07698
-2.43038 -0.982377
-0.944803 5.08532
-1.66621 4.21129
-2.26633 5.39176
-1.09914 2.67286
-2.57475 -0.514108
-0.781334 4.58002
-1.95134 4.70373
-1.32142 4.62051
-1.91453 5.28125
-1.3161 3.97893
-1.84602 4.03716
-2.29432 5.42832
-1.08323 2.44361
-2.59823 -0.0789777
-0.898089 4.79723
-1.88544 4.70627
-1.37953 4.75561
-1.78376 5.15843
-1.40569 4.36593
-2.19204 5.34788
-1.14367 3.08763
-2.41788 -0.769347
-1.18325 5.47909
-1.44818 3.60265
-1.69053 0.608247
-1.77301 2.11791
-2.16851 0.440947
-2.29681 4.29462
-1.08137 4.09413
-2.14447 4.63139
-1.17757 4.21064
-2.3129 4.92857
-1.09746 3.32077
-2.22777 -0.579529
-2.34107 5.91608
-1.15073 0.554122
-1.95996 2.42287
-1.87269 0.56231
-1.71508 2.43966
-2.24117 0.20329
-2.81301 4.24505
-0.951167 1.24803
-2.29428 1.84237
-2.27134 4.4138
-1.09603 4.04925
-2.03174 4.45188
-1.31973 4.79494
-1.8026 5.11221
-1.39542 4.39428
-2.1531 5.36625
-1.16366 3.19292
-2.3443 -0.681554
-1.6237 5.97358
-1.19876 2.17068
-2.5158 0.567342
-1.68396 5.87374
-1.22354 2.67263
-2.53701 -0.328528
-1.01969 5.11291
-1.69915 4.3614
-1.93501 5.50702
-1.26543 3.52013
-1.92529 -0.0411886
-2.33474 4.20615
-1.05667 4.0464
-2.01909 4.44038
-1.34162 4.85113
-1.7651 5.05235
-1.42329 4.51985
-1.96161 5.38294
-1.27521 3.7118
-1.58003 1.00451
-1.93247 1.51524
-1.87652 0.952554
-1.76436 1.58877
-2.0541 0.846193
-1.66758 2.48009
-2.28507 0.161399
-2.80404 4.61235
-1.02128 0.650296
-2.03956 2.36304
-1.71186 1.00729
-1.87661 1.43939
-1.91466 0.969872
-1.74288 1.62501
-2.08062 0.829257
-1.68109 2.72559
-2.23635 0.0110827
-2.83773 4.44592
-1.00786 0.658195
-2.04818 2.36144
-1.69333 1.07982
-1.91239 1.35803
-1.85549 1.08363
-1.81824 1.36343
-1.94014 1.02672
-1.73779 1.58457
-2.07115 0.864364
-1.66819 2.56061
-2.27895 0.100329
-2.79782 4.67385
-1.03234 0.580608
-2.01809 2.44461
-1.73584 0.897497
-1.82705 1.5907
-2.00483 0.826322
-1.67368 2.23334
-2.26968 0.371629
-2.78424 4.27385
-0.944601 1.45606
-2.38661 1.62981
-2.69505 4.7645
-0.991501 1.31206
-2.30017 1.76019
-2.30386 4.42774
-1.07612 3.9147
-1.61401 3.32892
-1.91301 0.150686
-2.00138 3.82178
-2.27508 5.50667
-1.08523 2.32478
-2.59045 0.184062
-1.0412 5.07387
-1.74374 4.50383
-1.66948 5.30648
-1.46183 4.30469
-2.26419 5.30643
-1.1085 2.87887
-2.51857 -0.770817
-0.814776 4.73276
-1.86852 4.59686
-1.44136 4.95532
-1.66626 4.91661
-1.51007 4.80482
-1.66518 5.06807
-1.49121 4.62444
-1.79884 5.29497
-1.3855 4.15987
-2.37072 4.88313
-1.06895 3.1447
-2.38762 -0.826014
-1.25235 5.59272
-1.37871 3.31622
-2.15826 -0.311793
-2.84523 4.58022
-1.05156 0.320798
-1.98807 2.84444
-1.62053 1.27624
-2.022 1.21132
-1.70374 1.56537
-2.08629 0.903018
-1.66595 2.58817
-2.27804 0.0797862
-2.79252 4.7099
-1.03767 0.553506
-2.01024 2.47845
-1.74237 0.86565
-1.81378 1.64135
-2.03089 0.787377
-1.67405 2.47667
-2.27929 0.165593
-2.81349 4.54488
-1.01199 0.697387
-2.05678 2.31398
-1.68701 1.12233
-1.93154 1.31364
-1.82328 1.16091
-1.86684 1.24527
-1.86217 1.16698
-1.84034 1.25824
-1.88761 1.13871
-1.81121 1.31975
-1.93049 1.06947
-1.75624 1.49188
-2.02807 0.929189
-1.66647 2.12025
-2.25892 0.474562
-2.69288 4.28675
-0.937376 2.15715
-2.62571 0.377705
-0.949037 4.83866
-1.88093 4.7486
-1.37249 4.70533
-1.81882 5.21236
-1.38031 4.24412
-2.35242 5.0975
-1.07618 2.88719
-2.52027 -0.832209
-0.773614 4.63753
-1.90063 4.61755
-1.39641 4.85683
-1.72667 5.04265
-1.45051 4.58263
-1.87065 5.34044
-1.33619 3.97063
-1.8284 3.98998
-2.41071 5.23078
-1.04687 2.30098
-2.60272 0.190904
-0.987545 4.95872
-1.81005 4.62538
-1.48951 5.01607
-1.62029 4.82422
-1.57068 4.96712
-1.5719 4.83174
-1.60651 4.99672
-1.54103 4.76684
-1.65897 5.0995
-1.49265 4.5932
-1.8282 5.32926
-1.36334 4.06155
-2.18074 4.6018
-1.15382 4.1356
-2.24469 4.75573
-1.12334 3.76591
-1.50324 1.50476
-2.161 1.14107
-1.67168 2.85239
-2.20538 -0.0405268
-2.85373 4.30902
-0.989083 0.756041
-2.08573 2.26526
-1.64001 1.37817
-2.05251 1.10714
-1.66364 1.90445
-2.21379 0.662864
-2.24834 4.29086
-1.12237 4.28906
-2.27356 5.05621
-1.11776 3.29205
-2.25923 -0.610115
-2.15038 6.06219
-1.15157 0.880421
-2.05058 2.01817
-1.74486 1.01281
-1.86194 1.42568
-1.92405 0.975771
-1.73765 1.63494
-2.08732 0.824656
-1.68729 2.7939
-2.20858 -0.00779967
-2.85053 4.28056
-0.980377 0.837125
-2.11686 2.19043
-1.60392 1.69879
-2.18618 0.884103
-1.87302 3.69838
-2.32009 4.61681
-1.07825 3.65621
-1.65711 0.577255
-1.78031 2.18006
-2.16747 0.396126
-2.35699 4.31719
-1.04274 3.83075
-1.48548 2.36225
-2.40998 0.280531
-2.30989 5.8387
-1.11085 1.01711
-2.12003 1.92552
-1.62707 1.62478
-2.14913 0.921483
-1.73339 3.17445
-1.89129 0.264627
-1.85305 3.4066
-1.53812 2.35106
-2.37739 0.287422
-2.52605 5.51798
-1.09379 0.707933
-2.02082 2.24931
-1.77957 0.830831
-1.78551 1.7114
-2.07416 0.740889
-1.70664 2.90895
-2.1346 0.00498826
-2.75662 4.1421
-0.92327 1.87925
-2.56201 0.975906
-1.45508 5.62823
-1.39231 3.5738
-1.77739 0.328405
-1.78186 2.93765
-1.99837 0.169424
-2.11901 4.05841
-1.45661 5.21316
-1.60143 4.57706
-1.75002 5.31645
-1.41229 4.19625
-2.3832 4.99601
-1.06356 2.91631
-2.51037 -0.872511
-0.777881 4.65969
-1.88802 4.5998
-1.4182 4.91118
-1.69395 4.97526
-1.48032 4.70257
-1.74462 5.20529
-1.42787 4.36035
-2.19167 5.35864
-1.14257 3.06624
-2.43017 -0.776686
-1.12572 5.38644
-1.50387 3.793
-1.52525 2.55009
-2.39301 0.0615076
-2.22789 5.93257
-1.12179 1.07748
-2.13907 1.86439
-1.60901 1.85827
-2.23363 0.746151
-2.27504 4.31976
-1.0967 4.14813
-2.24002 4.77851
-1.12698 3.75624
-1.51311 1.40077
-2.11613 1.21263
-1.63526 2.21513
-2.29626 0.401363
-2.80367 4.37453
-0.968939 1.11162
-2.22773 1.95401
-1.75524 3.47093
-1.54345 1.61267
-2.18462 1.01347
-1.7804 3.41383
-1.55886 1.47955
-2.12798 1.10319
-1.64818 2.53952
-2.29922 0.108649
-2.75154 4.89309
-1.05503 0.522716
-1.99691 2.514
-1.7603 0.799573
-1.7861 1.75881
-2.08635 0.704435
-1.73817 3.11138
-1.94276 0.190756
-1.98688 3.80788
-2.35085 5.40699
-1.06337 2.19891
-2.58083 0.434098
-1.18892 5.31345
-1.60177 4.19919
-2.34812 5.24718
-1.07141 2.6078
-2.59181 -0.441557
-0.763333 4.50961
-1.97892 4.71892
-1.29565 4.53755
-2.00738 5.32098
-1.25594 3.71054
-1.58351 0.976317
-1.92046 1.54569
-1.89814 0.909358
-1.73942 1.70161
-2.10639 0.771483
-1.73186 3.10634
-1.95842 0.16507
-2.04701 3.93081
-1.87761 5.62167
-1.26207 3.35273
-2.16946 -0.400197
-2.76546 4.97347
-1.09499 0.205896
-1.99228 3.06886
-1.5509 2.30336
-2.36414 0.338736
-2.63061 5.26187
-1.07546 0.6392
-2.0111 2.3452
-1.78037 0.796944
-1.77602 1.77318
-2.09844 0.697415
-1.76132 3.23615
-1.77299 0.527748
-1.74076 2.36228
-2.21638 0.263881
-2.72502 4.22941
-0.930888 2.0014
-2.59446 0.729027
-1.19751 5.29052
-1.62238 4.27726
-2.19362 5.43945
-1.13073 2.87383
-2.5163 -0.729458
-0.847072 4.80527
-1.83902 4.56555
-1.49473 5.06261
-1.60849 4.76499
-1.6048 5.05538
-1.53449 4.69823
-1.70499 5.19108
-1.45445 4.42805
-2.07113 5.41767
-1.20405 3.35482
-2.18062 -0.449814
-2.68774 5.24439
-1.11724 0.207661
-1.98437 3.06783
-1.54747 2.15782
-2.34282 0.500762
-2.76862 4.69859
-1.0156 0.800396
-2.08661 2.20211
-1.65033 1.34227
-2.03383 1.12869
-1.67999 1.75867
-2.16264 0.769026
-1.87626 3.6862
-2.30088 4.60088
-1.08626 3.74135
-1.52232 1.29081
-2.06846 1.29192
-1.66859 1.70113
-2.15174 0.824036
-1.79776 3.43707
-1.5332 1.84167
-2.26782 0.828332
-2.42007 4.38722
-1.0181 3.50482
-1.93388 -0.156592
-2.56047 4.19019
-0.954285 3.0568
-2.44125 -1.02118
-0.879691 4.95115
-1.73622 4.35381
-1.89113 5.50449
-1.2911 3.61925
-1.73866 0.392803
-1.76432 2.69477
-2.14079 0.109513
-2.65481 4.22732
-0.937021 2.48726
-2.63732 -0.44121
-0.646554 4.10863
-1.87648 4.31435
-1.69897 5.41869
-1.42041 4.08273
-2.28684 4.71166
-1.10006 3.67257
-1.63286 0.679923
-1.80745 1.97096
-2.11282 0.542882
-1.92901 3.78041
-2.50569 4.99314
-1.01554 2.24069
-2.60737 0.288696
-1.00182 4.97423
-1.80434 4.6252
-1.49577 5.0258
-1.61423 4.80933
-1.58104 4.99183
-1.56013 4.79409
-1.63087 5.05286
-1.51661 4.6774
-1.73442 5.22478
-1.43269 4.34772
-2.20939 5.34739
-1.13399 3.02083
-2.45513 -0.792869
-1.01463 5.18728
-1.62381 4.1336
-2.41597 5.09322
-1.04727 2.57059
-2.60257 -0.409265
-0.745697 4.44755
-1.99537 4.71317
-1.28314 4.50651
-2.04639 5.32299
-1.23227 3.60612
-1.77344 0.274751
-1.80909 3.09921
-1.81606 0.462459
-1.73789 2.60168
-2.1982 0.116754
-2.79366 4.17745
-0.934074 1.52506
-2.42144 1.54789
-2.57475 5.25335
-1.04344 1.11221
-2.19003 1.89983
-1.61803 2.67328
-2.31019 -0.00666531
-2.63398 5.30743
-1.09342 0.485072
-1.97462 2.55523
-1.79601 0.688593
-1.74585 2.00327
-2.17548 0.534541
-2.20054 4.23225
-1.18848 4.56458
-2.02151 5.24503
-1.25414 3.79552
-1.49367 1.81158
-2.27668 0.892268
-2.4243 4.39463
-1.01704 3.47987
-1.97949 -0.239052
-2.7591 4.04024
-0.912578 1.99257
-2.60067 0.727799
-1.16175 5.22816
-1.66229 4.37483
-1.96309 5.50002
-1.25098 3.47026
-2.01111 -0.19031
-2.74359 4.07499
-0.915639 2.06538
-2.61699 0.565367
-1.03881 5.01084
-1.79026 4.62634
-1.51025 5.04655
-1.60081 4.77646
-1.60581 5.04628
-1.53489 4.70826
-1.69792 5.17801
-1.46014 4.45308
-2.02954 5.42044
-1.22828 3.46902
-2.01771 -0.210945
-2.7787 4.04196
-0.914523 1.83854
-2.55295 1.04818
-1.53073 5.70211
-1.33835 3.35577
-2.13572 -0.312673
-2.8728 4.40529
-1.03075 0.392733
-1.99536 2.72327
-1.66924 1.06355
-1.91753 1.38898
-1.85913 1.05711
-1.8072 1.40423
-1.96224 0.988978
-1.71286 1.714
-2.12822 0.779433
-1.7681 3.29917
-1.68987 0.778538
-1.81096 1.78574
-2.07125 0.677348
-1.73316 3.06434
-1.99161 0.127285
-2.17201 4.11806
-1.28772 4.87884
-1.78789 5.01486
-1.40963 4.53103
-1.95628 5.37236
-1.28003 3.74292
-1.53716 1.28801
-2.06149 1.27938
-1.67405 1.6748
-2.14011 0.840298
-1.75754 3.26951
-1.74296 0.605322
-1.75422 2.14708
-2.19008 0.422009
-2.43266 4.33878
-1.00921 3.50036
-1.93892 -0.169421
-2.59108 4.17428
-0.94523 2.91362
-2.51533 -1.06889
-0.655914 4.34894
-1.9159 4.50358
-1.44045 5.01015
-1.65444 4.85134
-1.53465 4.89919
-1.61378 4.93865
-1.54547 4.83003
-1.62774 5.01681
-1.52305 4.72339
-1.69775 5.16414
-1.4614 4.47087
-2.00271 5.41698
-1.24489 3.5473
-1.88161 0.0332417
-2.13814 4.03015
-1.43656 5.18983
-1.6179 4.61589
-1.6966 5.25428
-1.45319 4.35262
-2.19218 5.36991
-1.14087 3.03991
-2.44447 -0.782675
-1.06374 5.27826
-1.56956 3.99032
-2.23777 4.6175
-1.11979 3.93706
-1.668 3.54298
-1.56402 1.33832
-2.07068 1.21109
-1.65898 1.84192
-2.19979 0.718424
-2.10064 4.13849
-1.42033 5.1307
-1.64109 4.70266
-1.6103 5.11328
-1.52415 4.62305
-1.77373 5.2892
-1.40154 4.20494
-2.37841 5.01114
-1.06564 2.914
-2.5111 -0.867733
-0.778697 4.66069
-1.88817 4.6008
-1.41754 4.90928
-1.69495 4.97764
-1.47929 4.69854
-1.74818 5.21041
-1.42519 4.34896
-2.21054 5.34293
-1.13387 3.02577
-2.4527 -0.793178
-1.02347 5.20451
-1.61345 4.10718
-2.43467 4.98987
-1.04064 2.66502
-2.58921 -0.605188
-0.700199 4.35393
-1.98018 4.62952
-1.31247 4.65746
-1.88959 5.24729
-1.33403 4.07563
-2.19935 4.63204
-1.14237 4.04346
-2.02028 4.42167
-1.35009 4.87968
-1.74933 5.0202
-1.43627 4.57935
-1.88406 5.3421
-1.32786 3.94316
-1.72523 3.69637
-1.66797 3.38674
-1.75616 0.515364
-1.74562 2.37703
-2.21116 0.254684
-2.71749 4.22993
-0.930985 2.05657
-2.60818 0.605753
-1.09291 5.11542
-1.72962 4.51327
-1.67703 5.30762
-1.45719 4.29527
-2.28024 5.28398
-1.10207 2.85541
-2.52768 -0.760762
-0.793302 4.67335
-1.89433 4.62497
-1.39984 4.85852
-1.7237 5.04017
-1.45276 4.58932
-1.86204 5.33425
-1.34222 3.99604
-1.9299 4.21595
-1.73095 5.47654
-1.38662 3.93139
-1.72916 3.69638
-1.67898 3.43125
-1.68066 0.757051
-1.80872 1.82395
-2.08226 0.649378
-1.76488 3.23338
-1.76915 0.539845
-1.74177 2.32717
-2.21499 0.289044
-2.69821 4.24587
-0.933336 2.17429
-2.6301 0.329881
-0.917298 4.76923
-1.91557 4.78434
-1.33711 4.5896
-1.9342 5.31011
-1.30134 3.89484
-1.57946 3.08044
-2.18983 -0.167212
-2.85314 4.44859
-1.0226 0.503556
-2.00902 2.55506
-1.71608 0.930091
-1.84735 1.54359
-1.9729 0.866297
-1.68792 1.99939
-2.21989 0.566921
-2.40389 4.35399
-1.0222 3.60447
-1.73829 0.293043
-1.79925 2.9926
-1.92668 0.265937
-1.88007 3.52381
-1.79655 3.79003
-2.26721 4.59236
-1.10275 3.86638
-1.51704 2.71382
-2.38326 -0.105857
-2.11493 6.0118
-1.13179 1.23048
-2.19765 1.72916
-1.63558 2.77995
-2.26959 -0.055308
-2.7467 4.95296
-1.06942 0.42548
-1.97988 2.65946
-1.73708 0.825914
-1.80422 1.70647
-2.0571 0.738813
-1.69425 2.78349
-2.20378 0.00304098
-2.84822 4.24201
-0.970756 0.925737
-2.15368 2.11515
-1.58644 2.18903
-2.32498 0.448273
-2.79062 4.56663
-1.00003 0.86905
-2.11795 2.14642
-1.60836 1.67716
-2.17663 0.897362
-1.82618 3.55619
-1.65517 3.29734
-1.88963 0.215455
-1.89979 3.55747
-2.0138 4.26149
-1.485 5.19136
-1.59095 4.60031
-1.73661 5.29136
-1.42393 4.25137
-2.34475 5.15207
-1.0778 2.82181
-2.54249 -0.768238
-0.746983 4.54487
-1.93731 4.64784
-1.34826 4.73099
-1.81828 5.18334
-1.38227 4.28249
-2.31388 5.19003
-1.09133 2.89348
-2.51591 -0.811174
-0.798563 4.69992
-1.87853 4.60134
-1.42787 4.92812
-1.68252 4.95284
-1.49175 4.74268
-1.71057 5.15275
-1.45387 4.47002
-2.00895 5.4144
-1.24162 3.53626
-1.90201 -0.00788137
-2.23648 4.13975
-1.17106 4.56029
-2.03055 5.23434
-1.24941 3.78894
-1.49658 1.73471
-2.24913 0.958619
-2.1664 4.24773
-1.22914 4.67528
-1.92069 5.19848
-1.31755 4.08241
-2.20689 4.64575
-1.13827 4.00473
-1.88967 4.17259
-1.90681 5.57296
-1.26271 3.42315
-2.07832 -0.282078
-2.88868 4.05921
-0.963902 0.834406
-2.12451 2.20418
-1.59364 1.82081
-2.23075 0.791948
-2.2058 4.2696
-1.17104 4.48603
-2.09823 5.24842
-1.20836 3.58468
-1.81592 0.160781
-1.91135 3.5406
-2.0284 4.28263
-1.43652 5.1067
-1.63699 4.73129
-1.59753 5.07683
-1.53695 4.67859
-1.71701 5.21518
-1.4446 4.38214
-2.14914 5.39133
-1.16248 3.15397
-2.37293 -0.712377
-1.44607 5.81661
-1.26519 2.72777
-2.5135 -0.357467
-1.1052 5.28012
-1.59509 4.10788
-2.43277 4.95944
-1.04152 2.72885
-2.57458 -0.710653
-0.6911 4.35428
-1.96737 4.60576
-1.33188 4.72348
-1.83308 5.18881
-1.37262 4.25187
-2.34558 5.11104
-1.07907 2.89489
-2.51701 -0.832888
-0.782488 4.66208
-1.89138 4.60989
-1.4097 4.88821
-1.70682 5.00397
-1.46783 4.65303
-1.79156 5.26606
-1.39307 4.21255
-2.37391 5.02512
-1.06757 2.91189
-2.51174 -0.86328
-0.779524 4.66179
-1.88823 4.60167
-1.41705 4.90777
-1.69574 4.97952
-1.47849 4.69536
-1.75102 5.21442
-1.42307 4.3399
-2.22531 5.32901
-1.12723 2.99575
-2.46816 -0.800229
-0.961411 5.08114
-1.68572 4.27882
-2.10898 5.50568
-1.16614 3.02963
-2.44531 -0.746197
-1.09213 5.32269
-1.54507 3.9241
-1.9409 4.19986
-1.72966 5.48042
-1.38606 3.92464
-1.70647 3.62006
-1.52749 2.37559
-2.38628 0.260402
-2.45179 5.65597
-1.10212 0.789015
-2.04162 2.15183
-1.75035 0.948131
-1.83668 1.5154
-1.97401 0.88923
-1.68972 1.95399
-2.20844 0.603576
-2.29071 4.3129
-1.08511 4.09589
-2.14928 4.63732
-1.17417 4.18944
-2.30501 4.88228
-1.10013 3.41102
-2.11023 -0.409604
-2.86744 4.50333
-1.05292 0.257205
-1.99538 2.96316
-1.55882 1.81033
-2.24531 0.832862
-2.26014 4.31891
-1.10882 4.20652
-2.28582 4.90374
-1.11019 3.455
-2.04339 -0.304337
-2.8834 3.99455
-0.947626 0.984559
-2.18832 2.07879
-1.62391 2.79465
-2.27692 -0.0730794
-2.71104 5.08668
-1.08136 0.415609
-1.97428 2.67266
-1.74366 0.800769
-1.79403 1.75141
-2.07771 0.707394
-1.72552 3.03107
-2.03005 0.0828143
-2.34701 4.25276
-1.04733 3.94155
-1.69285 3.65168
-1.53752 2.5489
-2.3848 0.0665942
-2.28786 5.88295
-1.11901 0.969212
-2.09781 1.96108
-1.65915 1.39076
-2.04793 1.08035
-1.66449 1.92637
-2.21884 0.64382
-2.30229 4.32465
-1.07647 4.03697
-1.99298 4.38975
-1.41033 5.01482
-1.67295 4.85373
-1.51919 4.8764
-1.63191 4.97552
-1.52574 4.76867
-1.6701 5.1054
-1.48458 4.57424
-1.85456 5.34923
-1.34464 3.98499
-1.88928 4.13079
-1.98993 5.59195
-1.21209 3.17297
-2.34996 -0.639771
-1.64936 5.98598
-1.19323 2.12285
-2.50677 0.6496
-1.79311 5.92515
-1.18372 2.37718
-2.55637 0.170724
-1.21118 5.38426
-1.54863 4.02936
-2.3098 4.69745
-1.08838 3.60726
-1.75622 0.266992
-1.81279 3.09759
-1.80985 0.478592
-1.73619 2.54528
-2.20933 0.14492
-2.79567 4.19011
-0.936382 1.4886
-2.40486 1.59294
-2.64831 5.01088
-1.01999 1.14486
-2.2151 1.88987
-1.68621 3.15871
-1.98726 0.0927744
-2.22044 4.16224
-1.18571 4.59374
-1.99841 5.22909
-1.26894 3.87412
-1.53412 2.77953
-2.35806 -0.144523
-2.23137 5.9533
-1.12882 0.978349
-2.0969 1.9445
-1.6618 1.38314
-2.04373 1.08456
-1.6676 1.89346
-2.20837 0.669101
-2.20839 4.25757
-1.17118 4.49399
-2.0905 5.2486
-1.2129 3.60673
-1.77351 0.267186
-1.81359 3.12324
-1.78395 0.53794
-1.73758 2.3485
-2.21959 0.27316
-2.72658 4.2312
-0.931079 1.98719
-2.59054 0.760135
-1.22747 5.33665
-1.59265 4.20241
-2.34951 5.24003
-1.07116 2.61644
-2.59068 -0.458757
-0.759159 4.50135
-1.97949 4.7146
-1.29582 4.5419
-2.00271 5.3193
-1.25894 3.72485
-1.56207 1.10167
-1.97721 1.42553
-1.80063 1.1309
-1.87151 1.27648
-1.86834 1.13467
-1.82512 1.30517
-1.91516 1.08513
-1.77299 1.43738
-1.99812 0.968105
-1.68493 1.88876
-2.19575 0.660417
-2.14664 4.19071
-1.28892 4.8524
-1.79706 5.04459
-1.40181 4.48255
-2.02281 5.38949
-1.23744 3.5483
-1.881 0.0314609
-2.14029 4.03259
-1.42848 5.17619
-1.62563 4.6372
-1.67104 5.21893
-1.47331 4.42903
-2.05739 5.42747
-1.2105 3.37524
-2.15431 -0.411869
-2.79114 4.87629
-1.08837 0.196436
-1.99732 3.08757
-1.56123 2.50895
-2.36924 0.114353
-2.43256 5.70331
-1.10951 0.757477
-2.02832 2.18123
-1.77451 0.867716
-1.79869 1.64578
-2.04487 0.787435
-1.67618 2.56681
-2.27057 0.0995102
-2.81238 4.5863
-1.02158 0.624485
-2.03304 2.39427
-1.71755 0.976378
-1.86278 1.47879
-1.93947 0.926932
-1.7165 1.7641
-2.14048 0.737701
-1.82943 3.53139
-1.6185 3.11007
-2.12392 -0.0918169
-2.82114 4.09016
-0.930791 1.41616
-2.37717 1.6788
-2.69974 4.67594
-0.979114 1.45459
-2.36753 1.62111
-2.69872 4.56653
-0.964795 1.67078
-2.46454 1.34919
-2.2884 5.76116
-1.09003 1.42066
-2.29756 1.59724
-2.26138 4.38805
-1.10355 4.11606
-2.19471 4.69881
-1.14701 3.98412
-1.81816 4.00229
-2.40825 5.23115
-1.04771 2.31447
-2.60381 0.161406
-0.971675 4.92815
-1.82602 4.64836
-1.46017 4.95281
-1.65389 4.91279
-1.52026 4.82263
-1.64999 5.04079
-1.5045 4.67287
-1.7475 5.23441
-1.42356 4.31782
-2.25837 5.29474
-1.11268 2.92919
-2.49902 -0.798794
-0.858208 4.84841
-1.81171 4.51609
-1.56828 5.19252
-1.54109 4.55409
-1.83109 5.36442
-1.35636 3.99968
-1.95575 4.26339
-1.60413 5.34501
-1.49032 4.29807
-2.26149 5.32289
-1.10837 2.85494
-2.52676 -0.749569
-0.802518 4.69534
-1.88648 4.61939
-1.41057 4.8834
-1.70778 5.00938
-1.46662 4.64546
-1.79885 5.27478
-1.3877 4.18927
-2.37869 4.95999
-1.06589 2.99552
-2.47505 -0.892802
-0.870121 4.89854
-1.77733 4.44699
-1.69003 5.35438
-1.44075 4.20665
-2.3822 5.04869
-1.06321 2.83069
-2.54176 -0.803866
-0.730329 4.505
-1.94307 4.63726
-1.34596 4.73358
-1.81822 5.18038
-1.38246 4.28635
-2.3093 5.19859
-1.09317 2.89777
-2.51404 -0.811163
-0.804088 4.71456
-1.87241 4.59486
-1.43808 4.95081
-1.66961 4.92301
-1.50633 4.79332
-1.67319 5.08409
-1.48428 4.59661
-1.83118 5.32638
-1.36192 4.06119
-2.17847 4.59935
-1.15533 4.14545
-2.25901 4.77995
-1.11762 3.69244
-1.60185 0.822643
-1.85928 1.74056
-2.01306 0.711877
-1.68522 2.57135
-2.26106 0.100783
-2.8251 4.49157
-1.0084 0.691628
-2.05694 2.32267
-1.68454 1.12996
-1.93564 1.30674
-1.81713 1.17601
-1.87632 1.22559
-1.84793 1.19746
-1.86135 1.2117
-1.85564 1.20272
-1.85717 1.2098
-1.85832 1.20228
-1.85494 1.21201
-1.8608 1.19831
-1.85168 1.21846
-1.86548 1.18888
-1.84489 1.2334
-1.87574 1.16832
-1.83008 1.26805
-1.89875 1.12506
-1.79799 1.35298
-1.95152 1.03812
-1.73151 1.59484
-2.07864 0.860191
-1.67197 2.63048
-2.26608 0.0552452
-2.80759 4.63528
-1.03043 0.56914
-2.01666 2.46077
-1.73371 0.899368
-1.82868 1.5878
-2.00255 0.828596
-1.67427 2.21648
-2.26723 0.386289
-2.77284 4.26707
-0.940568 1.56436
-2.43426 1.49647
-2.50297 5.42958
-1.05892 1.14786
-2.19716 1.85776
-1.63149 2.7889
-2.2711 -0.0632484
-2.73695 4.99206
-1.07321 0.419351
-1.97793 2.66858
-1.73713 0.822882
-1.8033 1.71164
-2.05927 0.735079
-1.69694 2.80985
-2.19113 -0.000591779
-2.84345 4.19256
-0.958185 1.05351
-2.20986 2.01158
-1.68191 3.15877
-1.99402 0.0813924
-2.25591 4.19229
-1.13188 4.39646
-2.18819 5.18606
-1.16021 3.40033
-2.1268 -0.402465
-2.84804 4.60865
-1.06327 0.23563
-1.99578 3.00564
-1.55024 2.01959
-2.31 0.643454
-2.75264 4.33496
-0.944934 1.62555
-2.45695 1.41268
-2.34429 5.69423
-1.08242 1.34118
-2.26735 1.67482
-1.99 4.0586
-1.83471 5.57865
-1.29895 3.54621
-1.86994 0.0788003
-2.05405 3.89891
-1.91204 5.63665
-1.23955 3.23886
-2.29119 -0.556137
-2.07083 6.08131
-1.14885 1.08033
-2.12816 1.83818
-1.62148 1.72701
-2.18635 0.844814
-1.90603 3.78079
-2.5104 4.88461
-1.01144 2.42057
-2.62153 -0.138978
-0.793056 4.52602
-1.99794 4.77498
-1.27494 4.42265
-2.14935 5.30396
-1.1733 3.32835
-2.21583 -0.51469
-2.48326 5.71377
-1.14281 0.382638
-1.94869 2.71616
-1.78106 0.677659
-1.7501 2.0135
-2.17374 0.525025
-2.20461 4.23485
-1.18243 4.54411
-2.04125 5.24828
-1.24214 3.74094
-1.54089 1.23665
-2.03939 1.31942
-1.70347 1.49295
-2.0614 0.961366
-1.6563 2.25958
-2.28615 0.353054
-2.80788 4.3517
-0.967019 1.11339
-2.22947 1.95373
-1.76502 3.5066
-1.52557 2.00451
-2.31918 0.676923
-2.76002 4.35762
-0.949463 1.52659
-2.41374 1.5442
-2.61672 5.1302
-1.03248 1.10554
-2.1927 1.91388
-1.62309 2.73112
-2.29419 -0.0404001
-2.67268 5.20303
-1.08813 0.445873
-1.97316 2.62019
-1.77152 0.734023
-1.76495 1.88902
-2.13573 0.614159
-1.92825 3.79423
-2.49702 5.03529
-1.01899 2.20844
-2.60101 0.366483
-1.05844 5.08133
-1.74458 4.52228
-1.64864 5.27679
-1.47917 4.36972
-2.14959 5.40662
-1.15999 3.11899
-2.39641 -0.735285
-1.31155 5.65902
-1.3457 3.17848
-2.2989 -0.465526
-2.15948 6.03707
-1.14392 0.950596
-2.07965 1.95697
-1.69199 1.23114
-1.97065 1.19913
-1.75301 1.39581
-1.99689 1.0131
-1.69191 1.79542
-2.16581 0.730586
-1.92381 3.80577
-2.49245 5.05068
-1.0206 2.20483
-2.59975 0.376496
-1.06808 5.09924
-1.7342 4.50234
-1.68342 5.31932
-1.45138 4.27042
-2.31706 5.2248
-1.0876 2.80907
-2.54479 -0.736277
-0.757407 4.56682
-1.93442 4.65466
-1.34897 4.72745
-1.81995 5.18711
-1.38102 4.27506
-2.32244 5.17242
-1.08794 2.88804
-2.5184 -0.812844
-0.790277 4.67814
-1.8872 4.60959
-1.41435 4.89733
-1.70075 4.99233
-1.4734 4.67415
-1.77049 5.24071
-1.40856 4.27805
-2.31607 5.20201
-1.0895 2.85979
-2.52822 -0.78643
-0.777127 4.63552
-1.90618 4.63015
-1.38544 4.82559
-1.7463 5.07971
-1.4346 4.5132
-1.96284 5.38999
-1.27334 3.69607
-1.60503 0.875302
-1.87565 1.66262
-1.97713 0.777117
-1.68196 2.22362
-2.26195 0.377725
-2.76595 4.2597
-0.938128 1.63351
-2.4638 1.40064
-2.28868 5.75646
-1.08929 1.43617
-2.30451 1.58313
-2.32559 4.42532
-1.06404 3.83668
-1.48881 2.3996
-2.41154 0.23347
-2.25943 5.89006
-1.11506 1.0892
-2.14684 1.86033
-1.60327 1.96236
-2.26559 0.658294
-2.56549 4.35831
-0.967655 2.85603
-2.53985 -1.00088
-0.636921 4.26016
-1.90503 4.44243
-1.50265 5.14171
-1.58999 4.66056
-1.68524 5.21093
-1.46519 4.4245
-2.06984 5.42285
-1.20394 3.34784
-2.18894 -0.460569
-2.64978 5.35224
-1.1241 0.23024
-1.97573 3.02088
-1.55805 1.77366
-2.23383 0.865439
-2.1496 4.21889
-1.2681 4.79057
-1.83543 5.10549
-1.37415 4.35065
-2.22465 5.30551
-1.13005 3.0474
-2.44213 -0.7974
-1.06001 5.2742
-1.57091 3.99227
-2.2463 4.62601
-1.1155 3.89997
-1.57442 3.11462
-2.17148 -0.163769
-2.86785 4.30732
-1.00077 0.621549
-2.04253 2.4092
-1.69199 1.06936
-1.9091 1.37077
-1.86251 1.06612
-1.80763 1.39443
-1.95862 0.997971
-1.71732 1.68623
-2.11684 0.798008
-1.73498 3.13656
-1.92532 0.212689
-1.93716 3.68281
-2.49727 4.76425
-1.01281 2.69728
-2.58689 -0.715189
-0.659789 4.24745
-1.9415 4.50537
-1.40625 4.94693
-1.6921 4.936
-1.48714 4.75202
-1.70878 5.14295
-1.45577 4.48432
-1.98752 5.41028
-1.25514 3.59877
-1.78448 0.255205
-1.82231 3.17967
-1.7106 0.746903
-1.79384 1.8428
-2.10016 0.638817
-1.80591 3.415
-1.5372 1.77668
-2.24485 0.882659
-2.20713 4.2807
-1.16671 4.46421
-2.12039 5.24269
-1.19576 3.52791
-1.92187 -0.0638679
-2.37062 4.21543
-1.03225 3.88538
-1.55726 3.04321
-2.23545 -0.206294
-2.74309 5.00393
-1.08299 0.335253
-1.97439 2.81453
-1.66549 1.05016
-1.91416 1.40652
-1.86762 1.0348
-1.79429 1.44576
-1.98577 0.954059
-1.69091 1.86547
-2.18567 0.675125
-2.07509 4.09501
-1.52971 5.30645
-1.53919 4.4052
-2.04526 5.45763
-1.21209 3.34581
-2.18984 -0.456644
-2.65124 5.34753
-1.12355 0.231447
-1.97561 3.01831
-1.55898 1.75965
-2.22876 0.876544
-2.10578 4.16494
-1.38551 5.06065
-1.67755 4.80024
-1.53208 4.94149
-1.60524 4.88937
-1.56291 4.89792
-1.59293 4.92106
-1.56473 4.86949
-1.59956 4.95468
-1.55301 4.82323
-1.62446 5.0205
-1.52492 4.7221
-1.69706 5.16493
-1.46179 4.47067
-2.00274 5.41718
-1.24484 3.54682
-1.88249 0.0314701
-2.14214 4.03558
-1.42071 5.16268
-1.63317 4.65785
-1.64784 5.18376
-1.49195 4.49911
-1.94109 5.41204
-1.28256 3.70399
-1.59124 0.948078
-1.90697 1.57485
-1.92087 0.86985
-1.71725 1.82823
-2.15763 0.686876
-1.93446 3.82377
-2.45785 5.17121
-1.03236 2.15454
-2.58534 0.49999
-1.18635 5.30059
-1.61158 4.23039
-2.28997 5.34143
-1.09227 2.68173
-2.5748 -0.541201
-0.768357 4.54915
-1.95881 4.69999
-1.31572 4.60882
-1.92786 5.28826
-1.30735 3.9416
-1.70906 3.64678
-1.55013 2.67798
-2.3648 -0.0524604
-2.29283 5.89185
-1.12325 0.908823
-2.07336 2.01369
-1.70021 1.17477
-1.94499 1.25085
-1.79217 1.26285
-1.92391 1.12828
-1.77777 1.38929
-1.97825 1.00913
-1.70488 1.73063
-2.13845 0.772169
-1.79773 3.42318
-1.53863 1.73815
-2.23121 0.914552
-2.08529 4.14052
-1.45349 5.1839
-1.61025 4.6209
-1.69943 5.25239
-1.45167 4.35206
-2.19384 5.36804
-1.14018 3.03754
-2.44579 -0.783797
-1.05765 5.26727
-1.57618 4.00866
-2.30156 4.68075
-1.09113 3.65443
-1.66434 0.555767
-1.77555 2.22939
-2.17599 0.361427
-2.44824 4.33091
-1.00259 3.44182
-2.04096 -0.348006
-2.90187 4.01504
-0.965618 0.773781
-2.10344 2.26232
-1.61105 1.59035
-2.14508 0.963909
-1.70614 3.02957
-2.06176 0.0380216
-2.51609 4.26389
-0.973705 3.20178
-2.33714 -0.837923
-1.45648 5.8477
-1.25 2.58908
-2.53448 -0.160788
-1.13612 5.30462
-1.58869 4.1104
-2.43134 4.95627
-1.04213 2.74186
-2.57111 -0.729237
-0.691325 4.36052
-1.96545 4.60532
-1.33396 4.72877
-1.8286 5.18374
-1.37569 4.26557
-2.33271 5.14633
-1.08404 2.88984
-2.51827 -0.820809
-0.78598 4.66852
-1.89016 4.61094
-1.41052 4.88909
-1.70597 5.00278
-1.46856 4.65548
-1.78899 5.26317
-1.39495 4.22041
-2.37012 5.0473
-1.06896 2.89191
-2.51936 -0.847965
-0.76707 4.62342
-1.90394 4.6169
-1.3932 4.8508
-1.73109 5.05003
-1.44691 4.56825
-1.88874 5.35305
-1.32352 3.91627
-1.64066 3.37985
-1.80797 0.371357
-1.76396 2.85751
-2.0754 0.0999634
-2.45528 4.28308
-0.995927 3.45823
-2.01043 -0.300527
-2.85784 3.96287
-0.927377 1.26994
-2.31659 1.83302
-2.46982 4.48813
-1.00792 3.18626
-2.35418 -0.836728
-1.38332 5.76572
-1.28737 2.84321
-2.48009 -0.464301
-1.17993 5.42379
-1.49896 3.81433
-1.54727 2.77641
-2.34871 -0.131042
-2.30397 5.89062
-1.12612 0.853839
-2.05249 2.06558
-1.73743 1.01962
-1.86824 1.41768
-1.91586 0.986195
-1.74606 1.59902
-2.07022 0.847901
-1.67124 2.59464
-2.27207 0.0780655
-2.80383 4.6481
-1.03059 0.578008
-2.01838 2.44892
-1.73375 0.903015
-1.82986 1.58224
-1.9999 0.833095
-1.67505 2.19272
-2.26358 0.406917
-2.75337 4.26408
-0.936541 1.73013
-2.50245 1.25163
-1.96029 5.91293
-1.14511 2.13524
-2.53139 0.614202
-1.58567 5.79478
-1.27645 3.00466
-2.4272 -0.581731
-1.32727 5.65573
-1.35281 3.23594
-2.24983 -0.420552
-2.46329 5.72991
-1.13668 0.463522
-1.95407 2.57433
-1.83538 0.588674
-1.7229 2.29275
-2.23217 0.314068
-2.73035 4.24032
-0.932073 1.94584
-2.57831 0.848736
-1.32206 5.4708
-1.50294 3.94976
-1.95656 4.2376
-1.63662 5.38787
-1.46182 4.19782
-2.38857 5.04468
-1.06032 2.80623
-2.54996 -0.781682
-0.720103 4.46764
-1.95276 4.63693
-1.33664 4.7118
-1.8374 5.20143
-1.36924 4.22851
-2.36231 5.04994
-1.07267 2.92443
-2.50613 -0.861731
-0.796539 4.70717
-1.87031 4.58429
-1.44631 4.97212
-1.65889 4.89498
-1.52017 4.83943
-1.64363 5.02012
-1.51131 4.70391
-1.7197 5.19359
-1.44477 4.40714
-2.10941 5.40615
-1.18337 3.25839
-2.28598 -0.596224
-2.03903 6.09319
-1.15099 1.12446
-2.14514 1.79934
-1.60738 1.94597
-2.25892 0.669997
-2.51675 4.36947
-0.982809 3.09204
-2.42126 -0.962265
-0.992296 5.17802
-1.61427 4.08769
-2.43811 4.93297
-1.03922 2.74587
-2.57049 -0.740664
-0.687686 4.3518
-1.96336 4.59693
-1.33892 4.7465
-1.81526 5.16602
-1.38502 4.30905
-2.28018 5.24661
-1.1051 2.93311
-2.49857 -0.813174
-0.850223 4.83226
-1.81833 4.5241
-1.55257 5.16817
-1.55459 4.59727
-1.7726 5.31091
-1.39946 4.1741
-2.38114 4.92805
-1.06467 3.03325
-2.45598 -0.891765
-0.932796 5.03968
-1.70111 4.30044
-2.0439 5.52351
-1.19907 3.19596
-2.33572 -0.63884
-1.72353 6.03203
-1.17718 1.90259
-2.44777 0.997613
-2.40113 5.65676
-1.08431 1.11974
-2.1735 1.86076
-1.60069 2.36776
-2.33698 0.260575
-2.70359 5.04513
-1.06158 0.585518
-2.00539 2.42316
-1.77171 0.79557
-1.77973 1.77111
-2.09484 0.697487
-1.75515 3.20421
-1.81953 0.415582
-1.74875 2.74542
-2.14603 0.0783057
-2.70719 4.19021
-0.927667 2.18327
-2.63366 0.298831
-0.894347 4.71625
-1.94096 4.80537
-1.31482 4.51076
-2.0291 5.33995
-1.24063 3.62263
-1.7412 0.3659
-1.77103 2.77594
-2.10185 0.107691
-2.53022 4.27721
-0.970702 3.12093
-2.40077 -0.945781
-1.0795 5.33842
-1.51995 3.82178
-1.57783 2.99107
-2.24403 -0.179219
-2.738 5.01592
-1.08218 0.351882
-1.97383 2.78421
-1.68424 0.979188
-1.8794 1.48513
-1.92545 0.928915
-1.72612 1.72401
-2.12227 0.762525
-1.76598 3.28356
-1.71124 0.705864
-1.78363 1.9208
-2.12621 0.583799
-1.92794 3.78696
-2.50246 5.0092
-1.01685 2.22826
-2.60503 0.318828
-1.02296 5.01501
-1.78199 4.58885
-1.54487 5.11919
-1.56671 4.66563
-1.70173 5.21761
-1.45405 4.39698
-2.12019 5.4072
-1.1769 3.22026
-2.32038 -0.6424
-1.79718 6.06755
-1.16616 1.69242
-2.37471 1.27083
-2.73038 4.5686
-0.9714 1.40424
-2.35014 1.67822
-2.65222 4.49716
-0.958835 2.13871
-2.61353 0.451622
-1.02481 4.99837
-1.79491 4.62417
-1.50657 5.04264
-1.60396 4.78324
-1.60018 5.03478
-1.5403 4.72691
-1.68175 5.15128
-1.47296 4.50511
-1.94718 5.40453
-1.28027 3.70463
-1.59052 0.950728
-1.90822 1.57202
-1.91874 0.873439
-1.71917 1.81575
-2.15294 0.695435
-1.90806 3.75903
-2.50728 4.83404
-1.01122 2.52797
-2.61614 -0.38444
-0.717883 4.35122
-2.0044 4.67254
-1.28171 4.53832
-2.0124 5.31317
-1.25377 3.71108
-1.5828 0.979133
-1.92179 1.54284
-1.89588 0.913474
-1.74182 1.68973
-2.10117 0.779265
-1.72034 3.03705
-2.03401 0.0742934
-2.37318 4.26124
-1.03186 3.8251
-1.48244 2.313
-2.40581 0.343047
-2.3878 5.74098
-1.10393 0.913261
-2.08375 2.02527
-1.67939 1.26127
-1.98853 1.17876
-1.7306 1.48181
-2.0412 0.952048
-1.66194 2.14714
-2.26673 0.452741
-2.734 4.27426
-0.935742 1.86885
-2.55234 1.0054
-1.53063 5.70612
-1.33573 3.33994
-2.15533 -0.337011
-2.83757 4.63367
-1.05953 0.28528
-1.98854 2.9097
-1.58706 1.49431
-2.12114 1.06318
-1.65149 2.54997
-2.29544 0.10163
-2.75895 4.86323
-1.05252 0.524039
-1.99827 2.51318
-1.75746 0.808254
-1.78979 1.74221
-2.07891 0.715773
-1.72282 3.01737
-2.04431 0.0683517
-2.41328 4.27082
-1.01225 3.64915
-1.64624 0.592699
-1.78609 2.14568
-2.15831 0.420351
-2.27705 4.27891
-1.09815 4.19177
-2.27613 4.87205
-1.11383 3.52851
-1.91563 -0.0849373
-2.39911 4.21767
-1.01619 3.76308
-1.48725 1.62448
-2.21325 1.06152
-1.86748 3.71158
-2.33184 4.62739
-1.07364 3.60231
-1.76167 0.246831
-1.82541 3.16924
-1.71453 0.736786
-1.78966 1.86217
-2.10827 0.625588
-1.83551 3.52237
-1.62003 3.11598
-2.11749 -0.0860181
-2.80742 4.09106
-0.926414 1.53418
-2.42943 1.53664
-2.52768 5.37137
-1.05355 1.13812
-2.19573 1.87015
-1.62857 2.76694
-2.28012 -0.0554141
-2.71287 5.07665
-1.07959 0.424765
-1.97547 2.65776
-1.74827 0.790986
-1.78927 1.77017
-2.0866 0.694716
-1.74396 3.14082
-1.90493 0.250433
-1.87636 3.49622
-1.70866 3.50304
-1.56115 1.39367
-2.09369 1.16904
-1.643 2.08935
-2.26972 0.514873
-2.70207 4.29245
-0.93734 2.08322
-2.61139 0.55254
-1.06301 5.06315
-1.75962 4.56839
-1.58703 5.18421
-1.53062 4.55159
-1.84304 5.36866
-1.34853 3.9725
-1.84475 4.02781
-2.31516 5.40166
-1.07649 2.4066
-2.59965 -0.0070366
-0.922454 4.84312
-1.86518 4.68833
-1.40423 4.82085
-1.73541 5.08279
-1.44182 4.52386
-1.94459 5.3857
-1.28499 3.7451
-1.53426 1.31458
-2.07329 1.26025
-1.66101 1.78159
-2.18105 0.766013
-1.95474 3.88431
-2.30603 5.45476
-1.07691 2.31173
-2.59228 0.203152
-1.04026 5.06901
-1.7472 4.51243
-1.65569 5.28909
-1.47295 4.3447
-2.19471 5.37696
-1.13857 3.01457
-2.45749 -0.785731
-1.01168 5.1801
-1.62869 4.14671
-2.40049 5.14458
-1.05259 2.55048
-2.60328 -0.357941
-0.764582 4.49274
-1.99048 4.73292
-1.28456 4.49258
-2.0618 5.32567
-1.22274 3.55899
-1.86322 0.0619176
-2.07217 3.92617
-1.79205 5.58593
-1.31766 3.59406
-1.77704 0.29881
-1.79602 3.02923
-1.90409 0.294571
-1.83548 3.35223
-1.54489 1.7031
-2.21623 0.937987
-1.97454 3.9514
-2.10104 5.61028
-1.14952 2.77292
-2.54134 -0.585338
-0.850613 4.78196
-1.86201 4.6156
-1.43865 4.93807
-1.67246 4.93789
-1.5016 4.77204
-1.6871 5.11256
-1.47251 4.54679
-1.89498 5.37401
-1.31661 3.86867
-1.53655 2.77671
-2.35688 -0.140438
-2.24341 5.94392
-1.12831 0.957792
-2.0893 1.96361
-1.67394 1.31196
-2.01063 1.13653
-1.70129 1.63422
-2.11062 0.850499
-1.70138 2.93998
-2.12532 -0.000244176
-2.7415 4.14797
-0.923016 1.98749
-2.59442 0.750826
-1.20251 5.29628
-1.61898 4.27041
-2.21018 5.42585
-1.12378 2.83841
-2.52915 -0.70688
-0.819974 4.73113
-1.87514 4.61404
-1.42523 4.91474
-1.68808 4.96927
-1.48538 4.71655
-1.73145 5.18689
-1.43774 4.40113
-2.12271 5.39883
-1.17671 3.22965
-2.31253 -0.63343
-1.8499 6.08444
-1.16061 1.55744
-2.3225 1.41761
-2.49499 4.45135
-0.996432 3.10904
-2.41086 -0.933162
-1.05486 5.29135
-1.54932 3.91272
-1.90564 4.12753
-1.95212 5.59211
-1.23247 3.26965
-2.26532 -0.533555
-2.23384 6.00286
-1.14752 0.767979
-2.01467 2.14167
-1.808 0.796014
-1.76247 1.79463
-2.11492 0.687112
-1.80193 3.4148
-1.53973 1.72742
-2.22703 0.922606
-2.05156 4.0898
-1.60042 5.39255
-1.47876 4.21502
-2.37496 5.11147
-1.06492 2.75092
-2.56497 -0.700221
-0.720474 4.4461
-1.96543 4.6511
-1.32073 4.66172
-1.88165 5.24592
-1.33901 4.09216
-2.24556 4.6872
-1.11901 3.83683
-1.48838 2.32897
-2.40452 0.32196
-2.38058 5.75275
-1.10514 0.916467
-2.08437 2.02126
-1.67858 1.26663
-1.99099 1.17434
-1.72724 1.49708
-2.04857 0.941608
-1.6598 2.21685
-2.27845 0.390763
-2.79041 4.29425
-0.949652 1.36889
-2.34668 1.72385
-2.64037 4.49821
-0.960513 2.21952
-2.62597 0.261613
-0.913551 4.77226
-1.91177 4.77318
-1.34189 4.61175
-1.91084 5.29483
-1.31708 3.96584
-1.79816 3.91511
-2.48191 4.87378
-1.02114 2.60686
-2.60366 -0.531685
-0.693638 4.31055
-1.98348 4.61256
-1.3139 4.67404
-1.87655 5.2328
-1.34302 4.11947
-2.30381 4.76283
-1.09518 3.55673
-1.85806 0.0238023
-2.12608 4.00382
-1.49879 5.2891
-1.55951 4.44554
-1.96173 5.454
-1.26211 3.57342
-1.83057 0.148105
-1.93271 3.61137
-2.36478 4.6327
-1.05959 3.47233
-2.00538 -0.265422
-2.82147 3.98947
-0.917039 1.55526
-2.44333 1.50866
-2.43511 5.55515
-1.06901 1.23207
-2.22748 1.77909
-1.73213 3.35473
-1.68963 0.756578
-1.80497 1.82433
-2.08581 0.649828
-1.77045 3.26159
-1.7273 0.659205
-1.76788 2.02031
-2.15915 0.514151
-2.14764 4.17111
-1.29923 4.88386
-1.77934 5.01136
-1.41581 4.54766
-1.93278 5.36343
-1.2955 3.81002
-1.49225 2.02281
-2.34106 0.681744
-2.77846 4.48761
-0.976725 1.13415
-2.23291 1.92927
-1.77944 3.55391
-1.54953 2.61735
-2.37221 0.00232554
-2.30421 5.87466
-1.12069 0.913066
-2.07607 2.01175
-1.69514 1.19649
-1.95583 1.23148
-1.77607 1.31236
-1.95225 1.08166
-1.7412 1.52439
-2.049 0.910688
-1.66098 2.29008
-2.28546 0.324342
-2.81222 4.3729
-0.973438 1.03555
-2.19462 2.01678
-1.63296 2.85063
-2.24931 -0.0853089
-2.78376 4.80536
-1.05766 0.425935
-1.98502 2.66204
-1.72378 0.869455
-1.82368 1.63427
-2.02023 0.791605
-1.67337 2.40241
-2.28087 0.225705
-2.81819 4.45904
-0.995365 0.820046
-2.10335 2.19664
-1.62222 1.52927
-2.11759 1.00149
-1.66163 2.64723
-2.27363 0.0382702
-2.78571 4.75808
-1.04533 0.51259
-1.9998 2.53279
-1.74637 0.835916
-1.80288 1.69118
-2.05411 0.750927
-1.68873 2.72866
-2.22694 0.01681
-2.84463 4.36216
-0.993763 0.748116
-2.0809 2.27048
-1.64796 1.32921
-2.02995 1.14189
-1.68508 1.71585
-2.14647 0.798924
-1.80046 3.44104
-1.53105 1.90545
-2.28845 0.770647
-2.59648 4.36527
-0.960133 2.67552
-2.59909 -0.785564
-0.606214 4.0661
-1.78985 4.1079
-2.27258 5.43214
-1.09234 2.54113
-2.59261 -0.272906
-0.834665 4.67299
-1.9332 4.73053
-1.33168 4.6238
-1.90598 5.28191
-1.32126 3.99473
-1.9094 4.17815
-1.84604 5.55268
-1.30174 3.59171
-1.78663 0.268058
-1.8143 3.14249
-1.76381 0.588377
-1.74548 2.20242
-2.20416 0.381476
-2.55415 4.32121
-0.967746 2.95606
-2.49626 -1.03954
-0.716296 4.53042
-1.90724 4.57204
-1.41067 4.91499
-1.69797 4.97254
-1.47771 4.70106
-1.74763 5.20779
-1.42575 4.35312
-2.20385 5.34857
-1.13694 3.04026
-2.44488 -0.788286
-1.05732 5.2675
-1.57569 4.00676
-2.29582 4.67505
-1.09346 3.68065
-1.61651 0.74622
-1.83056 1.85652
-2.06801 0.623672
-1.75984 3.19423
-1.82105 0.415594
-1.74867 2.74831
-2.14514 0.0776423
-2.70551 4.19097
-0.927841 2.19413
-2.63512 0.272226
-0.881153 4.68662
-1.95426 4.81308
-1.30418 4.47314
-2.07827 5.33787
-1.21144 3.4898
-1.98645 -0.169141
-2.67226 4.13239
-0.926015 2.48609
-2.63971 -0.462372
-0.634633 4.06746
-1.82759 4.19214
-2.01852 5.57106
-1.20196 3.14906
-2.36889 -0.666617
-1.52045 5.88454
-1.23444 2.51312
-2.54256 -0.0429702
-1.16727 5.34099
-1.56995 4.07029
-2.40455 4.82101
-1.05217 3.08008
-2.43007 -0.891032
-1.02347 5.22394
-1.59353 4.04253
-2.39301 4.78422
-1.05599 3.18007
-2.36139 -0.803895
-1.39074 5.76901
-1.28652 2.84497
-2.47995 -0.467136
-1.17829 5.42159
-1.50021 3.81805
-1.5537 2.82835
-2.33006 -0.157203
-2.38257 5.80638
-1.12456 0.713349
-2.00847 2.22215
-1.81071 0.761536
-1.7533 1.86483
-2.1397 0.637831
-1.91762 3.77219
-2.51272 4.91087
-1.01138 2.35775
-2.62015 0.00878261
-0.851038 4.65818
-1.95565 4.78301
-1.30595 4.50739
-2.03664 5.33589
-1.2366 3.6098
-1.76602 0.295949
-1.79726 3.02116
-1.90819 0.289689
-1.84243 3.38194
-1.53265 2.00489
-2.31558 0.671271
-2.75474 4.34686
-0.946853 1.58876
-2.44094 1.46367
-2.46128 5.51404
-1.06621 1.18429
-2.20878 1.82149
-1.66115 2.99943
-2.14505 -0.0568718
-2.82513 4.11161
-0.935494 1.34884
-2.34582 1.75013
-2.63873 4.50179
-0.961026 2.22534
-2.62654 0.248287
-0.907186 4.75867
-1.91816 4.77846
-1.33591 4.59194
-1.93261 5.30801
-1.30253 3.90146
-1.59458 3.16453
-2.10944 -0.102987
-2.80923 4.08277
-0.925834 1.53051
-2.42822 1.54144
-2.53457 5.35496
-1.05212 1.13416
-2.1948 1.8746
-1.6267 2.75115
-2.28601 -0.0487704
-2.69701 5.12836
-1.08317 0.432025
-1.97434 2.64462
-1.75728 0.767708
-1.77916 1.81632
-2.1067 0.663475
-1.80121 3.40425
-1.54557 1.64463
-2.19526 0.985469
-1.83706 3.60844
-1.83701 3.90994
-2.48498 4.99513
-1.02179 2.366
-2.61697 0.00567956
-0.861333 4.68644
-1.94277 4.77343
-1.31708 4.54717
-1.98751 5.32747
-1.26717 3.7479
-1.53197 1.32247
-2.07737 1.2561
-1.65719 1.8168
-2.1937 0.7405
-2.04318 4.05268
-1.67923 5.47896
-1.41177 3.9799
-1.93633 4.21561
-1.71606 5.46544
-1.3978 3.97155
-1.88761 4.11708
-2.02236 5.59257
-1.19443 3.07982
-2.41309 -0.702255
-1.27106 5.59846
-1.38123 3.34596
-2.12357 -0.271828
-2.88648 4.23164
-0.999907 0.571159
-2.03178 2.47289
-1.69523 1.03527
-1.89484 1.41006
-1.88826 1.01145
-1.77271 1.50848
-2.02222 0.907747
-1.66825 2.13551
-2.26019 0.460194
-2.70816 4.27955
-0.935914 2.05674
-2.60602 0.611441
-1.10561 5.13935
-1.71526 4.48371
-1.72986 5.36526
-1.41572 4.14312
-2.37337 4.85953
-1.06721 3.16569
-2.3724 -0.808268
-1.33713 5.70424
-1.31894 3.02978
-2.39932 -0.527325
-1.52791 5.87168
-1.23986 2.58938
-2.53849 -0.171936
-1.1096 5.25926
-1.61695 4.18346
-2.36041 5.23122
-1.06671 2.57921
-2.59655 -0.392821
-0.770167 4.51805
-1.98085 4.72913
-1.29267 4.51981
-2.0279 5.32539
-1.2431 3.65102
-1.68751 0.533509
-1.76641 2.2878
-2.1883 0.319987
-2.56055 4.30931
-0.964978 2.93551
-2.50588 -1.04177
-0.691905 4.45671
-1.91971 4.56189
-1.40155 4.90384
-1.70748 4.98741
-1.46907 4.6719
-1.77548 5.24416
-1.40513 4.2663
-2.33029 5.17187
-1.08401 2.8524
-2.53156 -0.78901
-0.766173 4.60555
-1.91645 4.63626
-1.37269 4.79423
-1.76873 5.1158
-1.41764 4.43942
-2.07515 5.39946
-1.20463 3.38024
-2.14893 -0.408148
-2.80527 4.81543
-1.08298 0.201901
-1.99748 3.07555
-1.55708 2.43845
-2.37111 0.188593
-2.486 5.60642
-1.10212 0.716083
-2.01934 2.2341
-1.78547 0.820238
-1.77971 1.73347
-2.0849 0.726207
-1.72492 3.03828
-2.02566 0.0860711
-2.32908 4.24468
-1.05954 4.02415
-1.95281 4.31922
-1.54354 5.25179
-1.54503 4.48508
-1.91644 5.42785
-1.29421 3.72671
-1.55655 1.15576
-2.00084 1.37781
-1.76079 1.25608
-1.94162 1.14165
-1.76582 1.40595
-1.99211 0.998522
-1.69309 1.8036
-2.16736 0.723197
-1.9374 3.83732
-2.4336 5.23333
-1.03977 2.15731
-2.58272 0.501105
-1.20172 5.32634
-1.59481 4.18651
-2.37022 5.19896
-1.06379 2.59785
-2.59506 -0.435263
-0.756524 4.48749
-1.98495 4.71727
-1.29099 4.5257
-2.0221 5.32269
-1.24689 3.6706
-1.65141 0.665388
-1.79743 1.9966
-2.1271 0.525579
-1.99755 3.93268
-2.05834 5.62804
-1.167 2.86697
-2.51072 -0.664349
-0.907289 4.93468
-1.77853 4.4791
-1.65046 5.30247
-1.47367 4.32922
-2.2197 5.35743
-1.12713 2.95721
-2.48526 -0.789109
-0.910184 4.96763
-1.75041 4.41238
-1.77663 5.432
-1.37429 3.96207
-1.82756 3.98043
-2.42546 5.19577
-1.04223 2.29559
-2.60391 0.197225
-0.984644 4.95124
-1.81442 4.63322
-1.48035 4.99636
-1.63038 4.85225
-1.55353 4.92178
-1.594 4.89879
-1.56914 4.89584
-1.58878 4.91904
-1.56831 4.87538
-1.59507 4.9448
-1.5582 4.83895
-1.61461 4.99728
-1.5351 4.7589
-1.66779 5.11292
-1.4855 4.56759
-1.86121 5.35571
-1.33969 3.96257
-1.8011 3.91848
-2.48388 4.89239
-1.02072 2.56362
-2.6099 -0.443476
-0.712011 4.34782
-1.99798 4.65893
-1.28965 4.57258
-1.9745 5.30099
-1.27788 3.82119
-1.49183 2.13254
-2.36819 0.558936
-2.7118 4.95533
-1.04161 0.733002
-2.05265 2.25535
-1.70906 1.05377
-1.89501 1.38225
-1.87984 1.03976
-1.78703 1.45267
-1.99339 0.95
-1.68566 1.90512
-2.19942 0.646514
-2.18433 4.23102
-1.21067 4.63176
-1.95952 5.22146
-1.29281 3.97174
-1.80637 3.94188
-2.48006 4.98231
-1.02326 2.42081
-2.61783 -0.119658
-0.812139 4.57721
-1.98154 4.77744
-1.2869 4.45712
-2.10352 5.32496
-1.19796 3.43752
-2.07041 -0.303583
-2.89377 4.05609
-0.967349 0.789467
-2.10762 2.24555
-1.60789 1.62791
-2.1599 0.93718
-1.75043 3.26515
-1.76132 0.550699
-1.74427 2.29218
-2.21138 0.314646
-2.66033 4.26836
-0.939596 2.40228
-2.64265 -0.22922
-0.701926 4.2528
-2.00115 4.61191
-1.29711 4.63074
-1.91902 5.26434
-1.31475 3.99479
-1.9053 4.17081
-1.87003 5.56347
-1.28548 3.5212
-1.91787 -0.0191852
-2.28191 4.17774
-1.10639 4.30662
-2.25832 5.07406
-1.12553 3.32308
-2.22515 -0.557947
-2.38378 5.86376
-1.14882 0.499682
-1.95275 2.50962
-1.86223 0.553353
-1.71788 2.4397
-2.23833 0.204014
-2.80939 4.23609
-0.948132 1.29532
-2.31606 1.79869
-2.45596 4.48315
-1.01248 3.25388
-2.29306 -0.735239
-1.80031 6.08251
-1.16673 1.61515
-2.34344 1.35484
-2.63816 4.43969
-0.956608 2.32021
-2.63669 0.00756848
-0.794747 4.49748
-2.0166 4.79553
-1.26041 4.35428
-2.23504 5.23114
-1.13086 3.15072
-2.37936 -0.752089
-1.3701 5.73599
-1.30421 2.95934
-2.43568 -0.52542
-1.34144 5.6657
-1.34878 3.22526
-2.2609 -0.433516
-2.39542 5.82904
-1.13986 0.554117
-1.96459 2.42827
-1.86131 0.582471
-1.71612 2.35934
-2.24097 0.262777
-2.78539 4.23086
-0.938983 1.51414
-2.41419 1.56113
-2.61156 5.1442
-1.03347 1.11112
-2.19449 1.90841
-1.62658 2.76217
-2.28331 -0.0547213
-2.70225 5.11234
-1.0823 0.42743
-1.97445 2.65253
-1.7532 0.777517
-1.78348 1.79642
-2.09813 0.676895
-1.77417 3.29066
-1.68814 0.788614
-1.81456 1.76857
-2.06378 0.689569
-1.71904 2.97139
-2.08093 0.0398446
-2.56971 4.24992
-0.95738 2.94977
-2.49896 -1.05512
-0.70077 4.48824
-1.91334 4.56392
-1.40788 4.91479
-1.69992 4.97338
-1.47618 4.69774
-1.7511 5.21215
-1.4232 4.34278
-2.22084 5.33313
-1.12925 3.00519
-2.46341 -0.798618
-0.97965 5.11854
-1.6641 4.23018
-2.23342 5.42372
-1.11202 2.74359
-2.55727 -0.606183
-0.788715 4.62306
-1.92805 4.67665
-1.34865 4.70963
-1.83128 5.20545
-1.37287 4.23326
-2.35982 5.06457
-1.07353 2.91079
-2.51152 -0.852647
-0.786495 4.67799
-1.88309 4.59884
-1.42411 4.92285
-1.68655 4.96006
-1.48774 4.72938
-1.72156 5.17047
-1.44537 4.43439
-2.06695 5.41369
-1.20719 3.37567
-2.15434 -0.41381
-2.78958 4.8833
-1.08911 0.194831
-1.99757 3.09101
-1.56302 2.53503
-2.36742 0.088159
-2.41935 5.72599
-1.11148 0.765631
-2.02995 2.17066
-1.77252 0.876855
-1.80245 1.62991
-2.03718 0.798912
-1.67284 2.48648
-2.27998 0.157627
-2.81108 4.56675
-1.01548 0.676391
-2.04926 2.33577
-1.69777 1.07049
-1.90674 1.36687
-1.86373 1.0676
-1.80722 1.39347
-1.95861 0.998904
-1.71752 1.68448
-2.11617 0.799234
-1.73319 3.12674
-1.93767 0.193719
-1.97599 3.78158
-2.42654 5.26792
-1.04204 2.1154
-2.57251 0.591562
-1.29315 5.45834
-1.50817 3.94455
-1.94583 4.21623
-1.69237 5.4461
-1.41599 4.036
-2.15038 4.55202
-1.1773 4.28954
-2.28759 5.08316
-1.10979 3.19522
-2.34811 -0.736332
-1.53479 5.90827
-1.22477 2.41174
-2.5423 0.135988
-1.27276 5.48332
-1.48211 3.82044
-1.54401 2.75711
-2.35551 -0.120112
-2.27519 5.91569
-1.12655 0.909389
-2.07209 2.01043
-1.70292 1.16501
-1.9399 1.25961
-1.79969 1.24149
-1.91125 1.15033
-1.79501 1.33623
-1.94781 1.05462
-1.73837 1.55712
-2.06177 0.885943
-1.66283 2.43724
-2.2902 0.195671
-2.80347 4.60072
-1.01782 0.679541
-2.04896 2.33072
-1.69971 1.06449
-1.90356 1.37309
-1.86872 1.05759
-1.8005 1.41306
-1.97021 0.981921
-1.70581 1.75348
-2.14459 0.753535
-1.82903 3.53392
-1.62173 3.12819
-2.10576 -0.076007
-2.77895 4.10235
-0.921493 1.75588
-2.52001 1.20232
-1.80701 5.88273
-1.19277 2.54814
-2.55829 -0.150594
-1.02986 5.10378
-1.71328 4.40956
-1.83548 5.46111
-1.33387 3.81394
-1.49533 2.1366
-2.36724 0.552357
-2.71312 4.95137
-1.04146 0.730768
-2.05206 2.25791
-1.7098 1.05008
-1.89327 1.38646
-1.88278 1.03391
-1.78316 1.46547
-2.00047 0.940161
-1.68046 1.95659
-2.21549 0.607413
-2.32741 4.33329
-1.06021 3.92962
-1.65625 3.51293
-1.60922 1.05032
-1.93834 1.44226
-1.851 1.03217
-1.80499 1.4334
-1.97366 0.962857
-1.70016 1.80219
-2.16228 0.719164
-1.92078 3.79614
-2.50222 5.00225
-1.01674 2.24416
-2.60738 0.282235
-0.999524 4.97024
-1.8064 4.62806
-1.49187 5.01789
-1.61834 4.82086
-1.57344 4.97321
-1.56878 4.82232
-1.61245 5.0109
-1.53475 4.74461
-1.67586 5.13138
-1.47853 4.53626
-1.90321 5.38327
-1.31018 3.83624
-1.50123 2.36059
-2.40068 0.281053
-2.37442 5.76507
-1.10695 0.910465
-2.08135 2.02547
-1.68391 1.24037
-1.97826 1.19543
-1.74455 1.42365
-2.0121 0.993025
-1.67904 1.90277
-2.20328 0.653088
-2.1983 4.24592
-1.18697 4.55208
-2.03285 5.24883
-1.24711 3.76153
-1.51763 1.44167
-2.13048 1.17564
-1.63899 2.42788
-2.31022 0.201809
-2.76251 4.82074
-1.04314 0.588264
-2.01458 2.42902
-1.74889 0.860937
-1.80922 1.65
-2.03724 0.781469
-1.67578 2.5321
-2.2743 0.124062
-2.81238 4.5745
-1.01853 0.648404
-2.04042 2.36689
-1.7089 1.01706
-1.88159 1.42779
-1.90642 0.984032
-1.75228 1.58418
-2.06119 0.856171
-1.66715 2.50596
-2.28422 0.140921
-2.80016 4.6448
-1.02652 0.619655
-2.02951 2.39756
-1.72453 0.950708
-1.8504 1.51302
-1.96108 0.893096
-1.69746 1.89888
-2.18974 0.6436
-2.13436 4.17337
-1.32231 4.93314
-1.74934 4.95743
-1.44179 4.65369
-1.81003 5.26792
-1.38147 4.18199
-2.3766 4.93713
-1.06684 3.04023
-2.45212 -0.887221
-0.949387 5.07412
-1.68196 4.25947
-2.15238 5.48665
-1.14571 2.91944
-2.49705 -0.739699
-0.904324 4.94378
-1.76755 4.45018
-1.70029 5.36117
-1.4335 4.18422
-2.39029 4.98045
-1.06038 2.90789
-2.51407 -0.873006
-0.767261 4.63053
-1.89865 4.60828
-1.40262 4.87551
-1.71586 5.02008
-1.4599 4.62287
-1.82394 5.30013
-1.36956 4.11312
-2.30915 4.7594
-1.09249 3.54135
-1.88711 -0.0374761
-2.26753 4.15628
-1.1265 4.39927
-2.18527 5.18402
-1.16197 3.41356
-2.10816 -0.375394
-2.88208 4.38511
-1.03509 0.338658
-1.99384 2.81442
-1.62509 1.25984
-2.01355 1.22203
-1.71432 1.51209
-2.06167 0.938063
-1.65763 2.31402
-2.29008 0.303445
-2.81337 4.43011
-0.98568 0.920104
-2.14382 2.1097
-1.58873 2.0222
-2.28902 0.613072
-2.70647 4.31201
-0.939006 2.02317
-2.59637 0.690162
-1.17758 5.26105
-1.64073 4.31981
-2.09119 5.49347
-1.1785 3.12019
-2.39243 -0.710874
-1.35633 5.71253
-1.31755 3.03988
-2.39501 -0.530647
-1.54707 5.88957
-1.23154 2.52429
-2.54374 -0.0658532
-1.14768 5.31084
-1.58849 4.11899
-2.42955 4.98157
-1.04284 2.70726
-2.57963 -0.673761
-0.694854 4.35596
-1.97207 4.61545
-1.32421 4.69768
-1.85416 5.21302
-1.3581 4.18525
-2.36965 4.93219
-1.07009 3.07892
-2.43009 -0.869107
-1.04262 5.25582
-1.57624 3.99814
-2.27339 4.65225
-1.10291 3.78185
-1.48876 1.69881
-2.23983 0.997456
-2.06891 4.12549
-1.50936 5.27051
-1.55921 4.47212
-1.92202 5.43787
-1.28889 3.69532
-1.60414 0.886565
-1.87989 1.64751
-1.96885 0.791058
-1.68482 2.1557
-2.25076 0.435441
-2.69419 4.27844
-0.936542 2.15914
-2.62638 0.37166
-0.944489 4.82877
-1.88599 4.75441
-1.36687 4.68768
-1.83456 5.23006
-1.36929 4.19527
-2.37343 4.9641
-1.06837 3.01335
-2.46605 -0.889049
-0.90163 4.97032
-1.73973 4.37895
-1.84399 5.4792
-1.32442 3.76199
-1.51421 1.54171
-2.17069 1.10034
-1.70231 3.05651
-2.04794 0.0449591
-2.46421 4.27014
-0.991531 3.43183
-2.05391 -0.373735
-2.90912 4.0901
-0.988382 0.583061
-2.03994 2.46329
-1.68044 1.10013
-1.92622 1.34158
-1.83666 1.12054
-1.84375 1.3013
-1.89938 1.09349
-1.78809 1.39916
-1.97447 0.997211
-1.7055 1.73945
-2.14067 0.764785
-1.8091 3.46495
-1.52995 2.21154
-2.36297 0.449609
-2.69163 5.05214
-1.05458 0.672768
-2.02942 2.31627
-1.74647 0.904912
-1.82429 1.57985
-2.00405 0.835357
-1.67378 2.20785
-2.26654 0.394041
-2.76745 4.26591
-0.939211 1.61143
-2.4543 1.43223
-2.36297 5.66896
-1.07982 1.31624
-2.25797 1.69865
-1.91644 3.91013
-2.36437 5.35768
-1.06016 2.25367
-2.59136 0.312186
-1.08713 5.14604
-1.70427 4.43382
-1.81174 5.43878
-1.3528 3.89684
-1.60533 3.20521
-2.05971 -0.0492748
-2.64678 4.18981
-0.935149 2.58011
-2.62365 -0.654376
-0.60458 4.01015
-1.73403 3.93807
-2.4323 4.77452
-1.03881 3.01474
-2.46686 -0.931467
-0.868072 4.90276
-1.77122 4.43097
-1.71961 5.38563
-1.41724 4.12021
-2.35075 4.80397
-1.07567 3.33126
-2.21434 -0.573777
-2.40696 5.8371
-1.14971 0.45471
-1.94801 2.58479
-1.84481 0.564718
-1.72089 2.37256
-2.23647 0.253344
-2.78203 4.22502
-0.937307 1.55184
-2.43084 1.51309
-2.52298 5.38459
-1.05501 1.13445
-2.19352 1.87209
-1.62419 2.72601
-2.2943 -0.0365174
-2.67527 5.19446
-1.08732 0.446594
-1.97356 2.61927
-1.771 0.735769
-1.76555 1.88522
-2.13436 0.61679
-1.92076 3.77583
-2.51157 4.93684
-1.01239 2.31543
-2.617 0.110174
-0.898808 4.76323
-1.91066 4.75576
-1.34583 4.63695
-1.88665 5.27466
-1.33371 4.0421
-2.09391 4.494
-1.23552 4.54219
-2.02606 5.2846
-1.24836 3.72318
-1.56491 1.07884
-1.96711 1.44637
-1.81795 1.08401
-1.84405 1.34053
-1.91214 1.05306
-1.76648 1.48151
-2.0176 0.933017
-1.6711 2.05512
-2.24347 0.529246
-2.57596 4.33737
-0.96318 2.82293
-2.5526 -0.981399
-0.619427 4.18936
-1.87228 4.34575
-1.66362 5.37571
-1.45062 4.1963
-2.38863 5.02931
-1.06057 2.83314
-2.5413 -0.811134
-0.727757 4.49925
-1.94343 4.63478
-1.34639 4.73642
-1.81627 5.17745
-1.38384 4.29311
-2.3009 5.21401
-1.09654 2.90563
-2.51059 -0.810942
-0.814553 4.74186
-1.86064 4.58147
-1.45908 4.99572
-1.64503 4.86209
-1.53912 4.89502
-1.61158 4.94085
-1.54669 4.82935
-1.62705 5.01689
-1.52353 4.72395
-1.69701 5.16321
-1.46196 4.47289
-1.99944 5.41654
-1.24692 3.55655
-1.86445 0.068962
-2.06291 3.91137
-1.85397 5.61734
-1.27548 3.40928
-2.09363 -0.296034
-2.89435 4.1293
-0.983513 0.666013
-2.06242 2.36647
-1.66178 1.22031
-1.9813 1.22984
-1.74954 1.38386
-1.99484 1.02534
-1.69531 1.76388
-2.15449 0.753062
-1.86114 3.63808
-2.06571 4.34999
-1.3257 4.86322
-1.77065 5.03789
-1.42028 4.52902
-1.95214 5.37674
-1.28186 3.74442
-1.53526 1.30443
-2.06883 1.26762
-1.66573 1.73989
-2.16557 0.795605
-1.86439 3.6567
-2.14806 4.45663
-1.19077 4.42287
-2.16072 5.24562
-1.17204 3.3943
-2.13429 -0.406489
-2.83369 4.68373
-1.071 0.217868
-1.99722 3.04168
-1.54997 2.23661
-2.35534 0.413308
-2.70601 5.00667
-1.05191 0.659511
-2.02721 2.33389
-1.7471 0.897165
-1.82148 1.59189
-2.01002 0.82581
-1.67241 2.26136
-2.27366 0.347315
-2.79919 4.29432
-0.953092 1.29078
-2.31143 1.80072
-2.4172 4.47585
-1.0264 3.42718
-2.07216 -0.387051
-2.90473 4.19902
-1.01008 0.445418
-2.0079 2.64536
-1.67929 1.04508
-1.90596 1.40537
-1.87574 1.0268
-1.78612 1.4674
-1.99897 0.937536
-1.68105 1.95531
-2.21479 0.608097
-2.32238 4.33094
-1.06328 3.95181
-1.72048 3.74067
-1.779 3.77763
-2.15324 4.48061
-1.18243 4.37319
-2.2135 5.20171
-1.14498 3.28466
-2.26532 -0.599012
-2.13752 6.06604
-1.15086 0.913439
-2.06281 1.98628
-1.72255 1.09969
-1.90523 1.32311
-1.85223 1.11344
-1.83027 1.32034
-1.91636 1.07041
-1.76793 1.46213
-2.01004 0.948816
-1.67597 1.98343
-2.22478 0.587756
-2.40669 4.35716
-1.02124 3.58986
-1.76738 0.212565
-1.85021 3.28695
-1.56736 1.47757
-2.12353 1.09612
-1.64721 2.50708
-2.302 0.134617
-2.75609 4.86713
-1.05119 0.54129
-2.00175 2.48917
-1.75819 0.813646
-1.79095 1.7329
-2.07547 0.722484
-1.71587 2.97057
-2.08624 0.0333277
-2.59521 4.2383
-0.950062 2.82547
-2.55191 -1.00868
-0.608742 4.15882
-1.84688 4.27948
-1.81359 5.50631
-1.33363 3.75379
-1.52059 1.47631
-2.14283 1.14528
-1.65025 2.62255
-2.2885 0.0477547
-2.75123 4.90948
-1.05977 0.487191
-1.98976 2.5648
-1.75687 0.793813
-1.78613 1.76795
-2.08869 0.697492
-1.74545 3.15082
-1.89249 0.271517
-1.84772 3.38829
-1.53242 2.12726
-2.34507 0.542252
-2.77073 4.66982
-1.01018 0.841839
-2.10331 2.16508
-1.62717 1.50636
-2.10678 1.01498
-1.65343 2.51239
-2.29626 0.131947
-2.77046 4.80313
-1.04487 0.554486
-2.00705 2.47371
-1.75139 0.839042
-1.80144 1.687
-2.05418 0.754541
-1.6877 2.71936
-2.23058 0.0198254
-2.84278 4.38386
-0.997261 0.726082
-2.07246 2.29165
-1.65983 1.25718
-1.9965 1.19668
-1.72657 1.48304
-2.04412 0.953583
-1.66095 2.1619
-2.26979 0.439927
-2.75019 4.27271
-0.93711 1.74275
-2.50691 1.23109
-1.92123 5.91129
-1.15528 2.23336
-2.54797 0.432961
-1.39005 5.60752
-1.40393 3.56914
-1.77821 0.331201
-1.78063 2.93028
-2.00535 0.162102
-2.14687 4.09613
-1.35491 5.02677
-1.70384 4.84488
-1.49671 4.85216
-1.65667 5.01667
-1.5024 4.69465
-1.7331 5.20829
-1.43497 4.37127
-2.17125 5.37518
-1.15204 3.10815
-2.40438 -0.750464
-1.26009 5.59089
-1.38341 3.34828
-2.11954 -0.265835
-2.88753 4.19912
-0.993197 0.616728
-2.04514 2.41912
-1.68327 1.1027
-1.92586 1.33721
-1.83579 1.12491
-1.84583 1.29523
-1.8957 1.10064
-1.79314 1.38347
-1.96549 1.01039
-1.71468 1.68511
-2.11823 0.80074
-1.73593 3.14315
-1.91736 0.225212
-1.91419 3.61721
-2.28984 4.58232
-1.09056 3.79943
-1.48056 1.91442
-2.31565 0.804258
-2.70055 4.35096
-0.942797 2.0103
-2.59127 0.722415
-1.21472 5.32027
-1.60286 4.22633
-2.30446 5.31819
-1.08717 2.66591
-2.57889 -0.522471
-0.765067 4.53485
-1.96472 4.70394
-1.30991 4.59004
-1.94806 5.29933
-1.29404 3.88232
-1.55288 2.91285
-2.30216 -0.195379
-2.48771 5.65473
-1.12105 0.546629
-1.9714 2.44868
-1.84056 0.618376
-1.72195 2.22672
-2.22819 0.365958
-2.67222 4.27311
-0.938319 2.31779
-2.64254 -0.0198275
-0.768013 4.42101
-2.03267 4.77085
-1.25022 4.34515
-2.24559 5.21232
-1.12636 3.14351
-2.3848 -0.762439
-1.33392 5.69256
-1.32658 3.07828
-2.37125 -0.51922
-1.68958 5.99575
-1.18621 2.0861
-2.50032 0.711185
-1.87219 5.94617
-1.16131 2.17615
-2.53366 0.544836
-1.53946 5.75982
-1.30082 3.12536
-2.35428 -0.546359
-1.74769 6.03192
-1.17363 1.89776
-2.44773 1.00532
-2.40303 5.65327
-1.08392 1.1194
-2.17353 1.86137
-1.60069 2.36853
-2.33703 0.259802
-2.70299 5.04742
-1.06181 0.585087
-2.00519 2.42362
-1.77202 0.794569
-1.77933 1.77311
-2.09569 0.696131
-1.7574 3.21547
-1.80311 0.453197
-1.74149 2.60627
-2.19294 0.1175
-2.78325 4.17524
-0.931162 1.61665
-2.46075 1.42414
-2.31098 5.73141
-1.08626 1.40273
-2.29173 1.61647
-2.20693 4.34578
-1.15355 4.37129
-2.21362 5.18038
-1.14617 3.32011
-2.22756 -0.547842
-2.38785 5.85704
-1.14801 0.499559
-1.95307 2.51016
-1.86134 0.554953
-1.71791 2.43333
-2.23854 0.208534
-2.80775 4.23512
-0.947296 1.31151
-2.32342 1.78316
-2.51033 4.48722
-0.994017 2.99467
-2.47764 -0.998376
-0.790402 4.72617
-1.84705 4.53434
-1.50744 5.10009
-1.59395 4.71177
-1.64627 5.13848
-1.49757 4.55824
-1.86244 5.36453
-1.3376 3.94563
-1.73963 3.74048
-1.84859 3.96039
-2.4217 5.21586
-1.04334 2.27116
-2.60053 0.253932
-1.02096 5.02092
-1.77673 4.57321
-1.56299 5.15229
-1.55032 4.61106
-1.76286 5.2954
-1.40742 4.21087
-2.3767 5.03153
-1.06613 2.88754
-2.52134 -0.849654
-0.76061 4.60571
-1.90979 4.62025
-1.38568 4.83308
-1.74308 5.07118
-1.43729 4.52759
-1.94294 5.3822
-1.28653 3.75502
-1.52332 1.41342
-2.11704 1.192
-1.63621 2.26009
-2.3013 0.358384
-2.80718 4.45582
-0.986998 0.929834
-2.14676 2.1
-1.58824 2.06027
-2.29823 0.576557
-2.75261 4.31388
-0.942337 1.65934
-2.47187 1.36334
-2.2239 5.81563
-1.09782 1.55078
-2.34875 1.46346
-2.65015 4.45894
-0.956167 2.21116
-2.62652 0.275246
-0.915529 4.77473
-1.91098 4.77376
-1.34243 4.61259
-1.90978 5.29433
-1.31778 3.96871
-1.80907 3.94399
-2.47813 4.9991
-1.02411 2.39962
-2.61733 -0.0690858
-0.832599 4.62387
-1.96618 4.77898
-1.29833 4.48945
-2.06061 5.33416
-1.22245 3.54725
-1.88483 0.0178166
-2.16783 4.06697
-1.33227 4.99199
-1.7263 4.88745
-1.46936 4.76981
-1.71257 5.12734
-1.45435 4.4989
-1.96855 5.40325
-1.26771 3.658
-1.67186 0.597775
-1.77801 2.13702
-2.16571 0.4267
-2.30365 4.29654
-1.07625 4.06485
-2.07263 4.52326
-1.24968 4.56354
-2.00032 5.28439
-1.26385 3.78694
-1.49806 1.72398
-2.2447 0.966525
-2.12839 4.20427
-1.31258 4.89989
-1.76586 4.99502
-1.42644 4.58618
-1.88354 5.33484
-1.32914 3.95589
-1.76986 3.83355
-2.29855 4.62624
-1.089 3.72282
-1.54716 1.10974
-1.98618 1.43053
-1.79057 1.15008
-1.88472 1.25263
-1.84936 1.17282
-1.85203 1.24238
-1.87317 1.16147
-1.82994 1.27448
-1.90105 1.11813
-1.79404 1.36604
-1.95885 1.02643
-1.72313 1.636
-2.09734 0.833323
-1.69322 2.85977
-2.17578 -0.0138253
-2.83628 4.15503
-0.947566 1.18059
-2.26778 1.90634
-2.04106 4.16491
-1.53137 5.28837
-1.54314 4.43423
-1.99451 5.45483
-1.24258 3.49077
-1.97993 -0.144757
-2.62222 4.1706
-0.938098 2.74554
-2.58034 -0.941695
-0.582455 4.02717
-1.7253 3.92585
-2.39834 4.73204
-1.05139 3.2224
-2.32592 -0.756149
-1.61434 5.97776
-1.19888 2.14148
-2.50886 0.618451
-1.76234 5.91393
-1.19361 2.45532
-2.55767 0.026979
-1.12898 5.26471
-1.62134 4.21352
-2.30985 5.31859
-1.08458 2.63856
-2.58405 -0.477364
-0.770462 4.53957
-1.96738 4.71331
-1.30604 4.57145
-1.96786 5.30935
-1.28104 3.82296
-1.49244 2.15738
-2.37325 0.529636
-2.68187 5.07203
-1.05341 0.707328
-2.0395 2.27649
-1.73319 0.960965
-1.84971 1.49758
-1.95707 0.906463
-1.70179 1.85785
-2.17625 0.67369
-2.02994 4.01996
-1.77509 5.55665
-1.3369 3.69231
-1.59874 0.935277
-1.89935 1.58616
-1.93223 0.853716
-1.70803 1.89157
-2.18046 0.642589
-2.08709 4.10849
-1.48324 5.23851
-1.58102 4.53125
-1.82173 5.38029
-1.35918 3.98791
-1.91274 4.17788
-1.83796 5.54945
-1.30708 3.61358
-1.7447 0.381877
-1.76607 2.73301
-2.12566 0.104233
-2.61392 4.24678
-0.946552 2.71115
-2.5905 -0.87349
-0.589744 4.031
-1.73785 3.96098
-2.45907 4.83679
-1.0294 2.79116
-2.55866 -0.820576
-0.679566 4.34881
-1.95254 4.57492
-1.35868 4.80655
-1.77237 5.10229
-1.41586 4.45048
-2.05996 5.39947
-1.21366 3.42529
-2.08616 -0.318115
-2.89812 4.13209
-0.987582 0.624003
-2.04968 2.41332
-1.67522 1.14015
-1.94399 1.3013
-1.80696 1.19798
-1.89096 1.19852
-1.82701 1.2452
-1.89322 1.14919
-1.80986 1.31239
-1.92893 1.07685
-1.75946 1.47694
-2.02084 0.940106
-1.66996 2.05683
-2.24462 0.528404
-2.58253 4.33524
-0.961306 2.7893
-2.56471 -0.949813
-0.608875 4.13754
-1.83881 4.2525
-1.87779 5.54066
-1.28832 3.56201
-1.84497 0.126836
-1.96715 3.70797
-2.51865 4.96641
-1.01132 2.21167
-2.60468 0.349893
-1.03514 5.03588
-1.77078 4.57116
-1.57163 5.1642
-1.54315 4.58943
-1.79056 5.32397
-1.3868 4.1282
-2.34257 4.8057
-1.07948 3.3615
-2.17683 -0.517183
-2.62346 5.43132
-1.13258 0.218562
-1.9761 3.04627
-1.55106 1.90443
-2.27802 0.754548
-2.5507 4.37418
-0.973057 2.91654
-2.51455 -1.02389
-0.681413 4.41793
-1.92541 4.55489
-1.39851 4.90229
-1.71 4.98976
-1.46699 4.66602
-1.78165 5.25133
-1.40063 4.24763
-2.34973 5.12233
-1.0766 2.85435
-2.53197 -0.80376
-0.756897 4.58303
-1.9222 4.636
-1.36701 4.78209
-1.77834 5.12934
-1.41064 4.40941
-2.12357 5.3857
-1.17815 3.25433
-2.29052 -0.605892
-2.00186 6.09848
-1.15204 1.20222
-2.17682 1.73456
-1.60839 2.42361
-2.33405 0.204835
-2.68388 5.12286
-1.07041 0.560055
-1.99631 2.45371
-1.78282 0.755343
-1.76473 1.85414
-2.12786 0.640726
-1.87595 3.65739
-2.21203 4.5227
-1.13413 4.12776
-2.22529 4.73338
-1.13203 3.85209
-1.49981 2.50531
-2.40977 0.105495
-2.15524 5.97175
-1.12418 1.24111
-2.20556 1.72689
-1.65374 2.92467
-2.19481 -0.0733081
-2.85817 4.29501
-0.98955 0.737922
-2.07992 2.28392
-1.64698 1.32964
-2.03059 1.14232
-1.6846 1.71835
-2.14754 0.797332
-1.80462 3.45652
-1.52842 2.08191
-2.33707 0.593736
-2.78399 4.52435
-0.986806 1.01364
-2.17899 2.02633
-1.60357 2.55536
-2.33579 0.0807313
-2.58775 5.41069
-1.09574 0.561304
-1.98513 2.43952
-1.81271 0.684342
-1.7384 2.03064
-2.18681 0.51619
-2.28533 4.29815
-1.08997 4.13488
-2.22024 4.74622
-1.13534 3.85405
-1.50163 2.52682
-2.40865 0.0807053
-2.13904 5.98191
-1.12572 1.26428
-2.21462 1.70643
-1.6815 3.09583
-2.04904 0.0244832
-2.50209 4.2626
-0.977953 3.26852
-2.27251 -0.726105
-1.91167 6.11191
-1.15913 1.33311
-2.22879 1.62083
-1.74337 3.37649
-1.64562 0.933553
-1.87977 1.56214
-1.94673 0.86127
-1.70113 1.91875
-2.19202 0.625121
-2.16979 4.21267
-1.23956 4.72083
-1.88733 5.16351
-1.33946 4.19046
-2.36446 4.9358
-1.07258 3.09662
-2.41926 -0.856706
-1.09454 5.34753
-1.5217 3.83919
-1.61634 3.2094
-2.0413 -0.0218287
-2.55795 4.23764
-0.959354 3.02273
-2.4614 -1.0361
-0.810078 4.78693
-1.81592 4.48661
-1.59057 5.23518
-1.52073 4.47886
-1.94637 5.4294
-1.27616 3.65866
-1.66934 0.610227
-1.78073 2.10982
-2.15987 0.446041
-2.24699 4.2606
-1.12826 4.33584
-2.24187 5.12507
-1.13302 3.30588
-2.24394 -0.57871
-2.26934 5.98293
-1.15054 0.676395
-1.98695 2.25104
-1.85145 0.663156
-1.72092 2.13664
-2.2186 0.438333
-2.55391 4.3301
-0.96856 2.94784
-2.50019 -1.03778
-0.70773 4.50416
-1.913 4.57124
-1.4045 4.90362
-1.70555 4.98709
-1.4705 4.67462
-1.77232 5.24073
-1.40741 4.27546
-2.31938 5.19515
-1.08823 2.85799
-2.52903 -0.786958
-0.774511 4.6284
-1.90871 4.63183
-1.38219 4.81763
-1.75185 5.08902
-1.43032 4.4947
-1.98982 5.39732
-1.25596 3.61793
-1.74818 0.352094
-1.77455 2.82511
-2.07443 0.115844
-2.42548 4.28406
-1.00785 3.58474
-1.77195 0.195689
-1.86446 3.34802
-1.53413 2.06377
-2.32966 0.609261
-2.78483 4.44724
-0.972513 1.15161
-2.24235 1.9168
-1.83732 3.73178
-2.25916 4.57552
-1.1063 3.91162
-1.60195 3.26257
-2.00625 0.00827665
-2.41608 4.25517
-1.00996 3.65315
-1.63775 0.62476
-1.79429 2.07871
-2.14226 0.467352
-2.13522 4.14805
-1.3388 4.9768
-1.72672 4.90636
-1.46567 4.74574
-1.72845 5.15738
-1.44181 4.44222
-2.0573 5.41242
-1.21313 3.40679
-2.11225 -0.354376
-2.88386 4.35466
-1.02865 0.377352
-1.99598 2.74923
-1.65453 1.12384
-1.94728 1.33155
-1.81165 1.16852
-1.87745 1.23326
-1.84944 1.18926
-1.85746 1.22236
-1.86224 1.18761
-1.84704 1.23255
-1.87379 1.17026
-1.83225 1.26376
-1.89565 1.13022
-1.80208 1.34153
-1.94463 1.04859
-1.73949 1.55898
-2.06164 0.883762
-1.66311 2.44158
-2.28993 0.192066
-2.80312 4.60469
-1.01855 0.674732
-2.0473 2.33585
-1.70202 1.05371
-1.89843 1.385
-1.87731 1.04009
-1.78896 1.449


