-0.782958 -1.74864
-3.03278 1.40581
-0.857119 -1.24264
-3.13581 0.784331
-0.975853 -0.474851
-3.23511 -0.532041
-2.16065 0.465293
-2.22324 -3.06792
-2.36141 -0.353267
-2.09278 -1.19114
-2.24281 -0.753774
-2.13356 -0.933074
-2.2372 -0.870935
-2.10926 -0.878133
-2.28394 -0.972102
-2.02083 -0.895583
-2.38799 -1.42918
-1.77125 -0.977491
-1.53425 -4.50373
-2.88823 -2.58214
-2.1405 0.263085
-2.27844 -2.80831
-2.03432 -0.0942803
-2.25884 -3.08168
-2.31126 -0.210292
-2.1876 -1.25423
-2.08038 -0.69406
-2.35278 -1.32158
-1.8415 -0.93805
-2.04901 -3.91023
-1.66368 -5.60367
-2.80668 -1.33324
-1.22158 -1.14494
-2.95681 -4.03722
-2.04654 -4.69079
-2.52757 -4.62976
-2.09564 -5.18726
-2.54291 -4.1428
-1.64726 -5.36512
-2.81054 -2.00546
-1.32571 -0.606778
-2.61985 -5.40508
-2.54065 -3.31183
-2.41115 -0.331353
-2.03708 -1.25467
-2.32212 -0.88391
-1.99698 -0.97475
-2.40214 -1.52003
-1.73267 -0.977799
-1.24634 -4.62304
-2.9022 -0.694767
-1.12953 -1.27996
-3.12415 -2.60292
-2.11529 -4.2913
-2.13661 -5.47804
-2.55802 -3.77079
-1.67621 -4.73762
-2.81368 -3.09324
-2.54815 -1.53033
-1.54584 -1.1667
-1.33821 -5.71074
-2.57485 1.22718
-2.02958 -2.05983
-2.2999 -0.51916
-2.1247 -1.07274
-2.21805 -0.784122
-2.15789 -0.911399
-2.20762 -0.856887
-2.15261 -0.872094
-2.22468 -0.889954
-2.12083 -0.862326
-2.27135 -0.956031
-2.04143 -0.883055
-2.36914 -1.2896
-1.82918 -0.975025
-1.99089 -4.02813
-2.03307 -5.621
-2.65975 -3.11918
-2.25193 0.0878706
-2.29884 -1.68533
-1.83325 -0.745533
-1.84252 -4.22708
-2.58405 -4.72241
-2.10986 -5.05275
-2.52535 -4.33077
-1.86444 -5.41135
-2.71201 -3.03656
-2.23147 0.132091
-2.31524 -1.84671
-1.78722 -0.720559
-1.46431 -4.51375
-2.90778 -2.17824
-1.66773 -0.044401
-1.00387 -5.35623
-2.36356 1.97953
-2.06521 -3.18747
-2.2708 -3.54123
-2.25589 -3.65193
-1.81717 -4.51954
-2.71515 -4.02418
-1.68693 -5.26408
-2.79285 -2.46879
-1.64201 -0.152997
-1.06808 -5.46219
-2.38322 1.89564
-2.09963 -3.02288
-2.49918 -1.5582
-1.60277 -1.10611
-1.08131 -5.2986
-2.52898 1.60773
-2.07968 -2.28195
-2.22476 -0.33085
-2.26031 -1.2505
-1.97864 -0.789215
-2.40141 -2.07952
-1.65482 -0.749778
-0.967013 -5.02097
-2.53718 1.71968
-2.0602 -2.32489
-2.28143 -0.397814
-2.17842 -1.13642
-2.12214 -0.733487
-2.29721 -1.08256
-1.97391 -0.888796
-2.40942 -1.93569
-1.65363 -0.833764
-0.973479 -4.99835
-2.55967 1.65971
-2.03517 -2.2716
-2.32552 -0.512049
-2.09513 -1.0945
-2.25881 -0.81982
-2.0949 -0.915196
-2.29619 -0.980196
-2.00297 -0.911482
-2.40066 -1.56659
-1.72437 -0.961696
-1.18766 -4.64602
-2.88055 -0.256933
-1.22079 -1.58578
-2.97714 -3.77865
-1.93168 -4.84131
-2.65183 -4.05005
-1.64075 -5.28731
-2.81153 -2.15507
-1.40982 -0.461958
-2.23368 -6.00919
-2.73411 -1.29767
-1.3283 -1.28834
-2.59342 -5.353
-2.45571 -3.77275
-1.73608 -4.64982
-2.78383 -3.46823
-1.87073 -4.5678
-2.67334 -4.18888
-1.79144 -5.31556
-2.74412 -2.90121
-2.09252 0.205711
-2.22246 -3.16709
-2.45119 -0.737277
-1.87818 -1.22787
-2.35144 -2.86002
-1.95671 -0.0939916
-1.96683 -3.96573
-2.00294 -5.64729
-2.68371 -2.93111
-1.99537 0.148145
-1.91247 -4.02421
-2.24623 -5.46221
-2.493 -3.97999
-1.46521 -5.13089
-2.8561 -1.36522
-1.17154 -0.986717
-3.06696 -3.33146
-1.99123 -4.65328
-2.57322 -4.51522
-2.0176 -5.25561
-2.60137 -3.84782
-1.52078 -4.96681
-2.85751 -2.01624
-1.38433 -0.449501
-2.36979 -5.87155
-2.70664 -1.94265
-1.32589 -0.87708
-2.59649 -5.41387
-2.51774 -3.46041
-2.53101 -1.61918
-1.54992 -1.11358
-1.31564 -5.69032
-2.56236 1.28801
-2.04825 -2.09024
-2.26192 -0.439595
-2.19165 -1.11457
-2.10825 -0.749491
-2.3115 -1.11347
-1.94746 -0.906047
-2.39982 -2.26367
-1.66262 -0.636743
-0.954185 -5.01637
-2.5208 1.77071
-2.07467 -2.37657
-2.26264 -0.35026
-2.21232 -1.17995
-2.06242 -0.743542
-2.36442 -1.35791
-1.81792 -0.951595
-1.89269 -4.18169
-2.46003 -5.06641
-2.27014 -4.72709
-2.32092 -5.02437
-2.35605 -4.71713
-2.24424 -5.10605
-2.42546 -4.52876
-2.07756 -5.33142
-2.56759 -3.90326
-1.49084 -5.03308
-2.85993 -1.7255
-1.24079 -0.696378
-2.91605 -4.37229
-2.20036 -4.40186
-2.14275 -5.42115
-2.54017 -3.90052
-1.48608 -5.00338
-2.86277 -1.74525
-1.24963 -0.670969
-2.89164 -4.49294
-2.23584 -4.32894
-2.00356 -5.5197
-2.6482 -3.31614
-2.51789 -0.988583
-1.72239 -1.29743
-1.30451 -4.63418
-2.90926 -1.07439
-1.11555 -1.00614
-3.14682 -2.47852
-2.1909 -4.11871
-1.72978 -5.57241
-2.79266 -1.87576
-1.27464 -0.765254
-2.80436 -4.82788
-2.31797 -4.1495
-1.63928 -5.47631
-2.81369 -1.62797
-1.22156 -0.910337
-2.95914 -4.09072
-2.09725 -4.59444
-2.43346 -4.92726
-2.25468 -4.89178
-2.38647 -4.79235
-2.2514 -5.02971
-2.4113 -4.62684
-2.15593 -5.22709
-2.5024 -4.22762
-1.735 -5.42665
-2.77996 -2.35997
-1.51805 -0.332653
-1.64586 -6.07496
-2.59351 0.902434
-1.98872 -1.9245
-2.37285 -0.791569
-1.96016 -1.0781
-2.41933 -1.76616
-1.66327 -0.921364
-0.982328 -4.91098
-2.61851 1.4936
-1.95078 -2.18763
-2.46007 -1.36791
-1.69641 -1.1141
-1.10268 -4.72056
-2.81615 0.447847
-1.47224 -1.95652
-2.00268 -5.94306
-2.75755 -1.48071
-1.27283 -1.13946
-2.8036 -4.75176
-2.24023 -4.38254
-2.06948 -5.47007
-2.59666 -3.62843
-2.07402 -4.19031
-2.07687 -5.55263
-2.61421 -3.44798
-2.51335 -2.22835
-1.5278 -0.750488
-1.47597 -5.90477
-2.57634 1.10375
-2.02551 -2.00248
-2.30281 -0.544645
-2.11433 -1.06288
-2.23609 -0.805757
-2.12832 -0.905783
-2.25103 -0.901713
-2.0827 -0.877742
-2.31999 -1.06719
-1.94921 -0.930471
-2.40497 -2.18826
-1.65106 -0.690993
-0.969506 -5.07165
-2.51029 1.77402
-2.08559 -2.40006
-2.24438 -0.317098
-2.24103 -1.22947
-2.01007 -0.765243
-2.39951 -1.76288
-1.68875 -0.893149
-1.01416 -4.78129
-2.71479 1.12088
-1.76134 -2.12453
-1.50286 -4.61841
-2.8887 -2.30371
-1.74062 0.0280838
-0.867132 -4.91409
-2.44714 2.0075
-2.09847 -2.71371
-2.35609 -0.460635
-2.07137 -1.14436
-2.28606 -0.844509
-2.05321 -0.935119
-2.34831 -1.14394
-1.89318 -0.965638
-2.31255 -3.03024
-2.16737 -0.0297038
-2.34189 -1.93873
-1.7413 -0.729505
-1.16027 -4.62855
-2.87198 -0.0889466
-1.26328 -1.68308
-2.87864 -4.30458
-2.04031 -4.77947
-2.55441 -4.48055
-1.99822 -5.30031
-2.61752 -3.72624
-1.70216 -4.72655
-2.80107 -3.22749
-2.44816 -2.91205
-1.89457 -0.0791027
-1.56411 -4.39965
-2.88273 -2.85178
-2.51883 -0.798903
-1.77318 -1.33796
-1.73726 -4.39181
-2.76885 -3.82621
-1.61263 -5.14341
-2.82209 -2.27595
-1.51857 -0.295473
-1.65567 -6.08473
-2.59294 0.897312
-1.98933 -1.92192
-2.3715 -0.786748
-1.96317 -1.07682
-2.41853 -1.73019
-1.67026 -0.934201
-0.989974 -4.8671
-2.6496 1.38898
-1.8967 -2.16269
-2.43513 -2.42975
-1.64701 -0.550108
-0.980932 -5.17014
-2.46387 1.85004
-2.11325 -2.57723
-2.24978 -0.269643
-2.24507 -1.26567
-1.99561 -0.76157
-2.40178 -1.92983
-1.66389 -0.825956
-0.96987 -4.93457
-2.58945 1.5904
-1.99482 -2.22605
-2.40141 -0.815341
-1.91844 -1.12338
-2.40746 -2.3039
-1.6574 -0.618131
-0.959748 -5.06093
-2.50209 1.80198
-2.09064 -2.433
-2.2437 -0.306024
-2.2442 -1.24088
-2.00289 -0.766817
-2.40137 -1.8367
-1.67541 -0.866448
-0.983587 -4.85511
-2.64706 1.40692
-1.90105 -2.16785
-2.44316 -2.33812
-1.61929 -0.627804
-1.05241 -5.33685
-2.45737 1.78877
-2.12404 -2.57298
-2.22238 -0.237607
-2.28099 -1.35882
-1.9247 -0.79843
-2.33494 -2.8506
-1.9731 -0.0927488
-2.04702 -3.80209
-1.48523 -5.46588
-2.81323 -0.570102
-1.32097 -1.57859
-2.66325 -5.12466
-2.33222 -4.2078
-1.72395 -5.50912
-2.79049 -2.05525
-1.33753 -0.615529
-2.56703 -5.52117
-2.58266 -3.0815
-2.08367 0.130042
-2.24498 -3.07938
-2.33342 -0.266057
-2.14831 -1.21725
-2.14867 -0.690376
-2.27261 -1.05274
-2.01363 -0.857983
-2.3959 -1.55629
-1.73253 -0.956801
-1.23479 -4.62524
-2.89917 -0.612609
-1.14129 -1.33957
-3.10911 -2.7514
-2.04076 -4.45324
-2.41971 -5.03559
-2.28708 -4.76417
-2.3213 -4.99313
-2.35082 -4.75318
-2.26407 -5.05883
-2.40483 -4.61137
-2.15026 -5.24474
-2.5081 -4.19319
-1.69231 -5.40901
-2.79621 -2.16163
-1.39724 -0.499811
-2.29297 -5.95057
-2.7249 -1.62103
-1.30246 -1.09065
-2.6923 -5.13022
-2.38213 -4.00489
-1.44118 -5.19514
-2.84994 -1.04709
-1.18354 -1.22757
-3.04204 -3.43949
-1.94997 -4.73617
-2.62812 -4.24835
-1.81686 -5.34828
-2.7326 -2.95566
-2.14993 0.192689
-2.30995 -2.55554
-1.85116 -0.308106
-1.52822 -4.44302
-2.8947 -2.60528
-2.21255 0.226682
-2.32058 -2.1267
-1.76298 -0.604506
-1.2039 -4.59535
-2.89509 -0.436781
-1.16689 -1.45123
-3.07334 -3.0728
-1.93272 -4.67857
-2.63498 -4.26763
-1.83783 -5.33755
-2.71998 -3.07018
-2.31132 0.0240191
-2.23471 -1.44781
-1.9684 -0.697101
-2.37839 -2.42322
-1.7153 -0.498209
-0.956403 -4.77189
-2.65016 1.44141
-1.89361 -2.18324
-2.4246 -2.54225
-1.6926 -0.446184
-0.924815 -4.91719
-2.53414 1.78008
-2.05805 -2.35783
-2.29602 -0.415806
-2.15627 -1.12514
-2.15786 -0.73451
-2.25052 -0.992355
-2.05885 -0.846579
-2.35463 -1.22882
-1.8629 -0.960605
-2.18612 -3.55452
-1.86799 -4.44361
-2.64518 -4.39405
-1.9377 -5.26588
-2.65457 -3.57779
-2.07209 -4.2059
-2.10352 -5.53214
-2.59285 -3.56846
-2.29308 -3.59768
-2.1387 -3.98822
-1.59422 -5.5242
-2.81671 -1.15455
-1.2226 -1.24243
-2.95588 -4.01452
-2.0266 -4.72606
-2.55632 -4.51633
-2.02192 -5.26965
-2.59938 -3.84126
-1.5262 -4.95164
-2.85703 -2.07007
-1.42135 -0.397416
-2.18607 -6.05303
-2.73564 -1.01222
-1.38066 -1.44261
-2.35838 -5.74684
-2.63763 -2.84261
-1.8175 -0.0349657
-1.05162 -4.57633
-2.81594 0.588251
-1.48512 -1.99826
-1.94587 -5.94805
-2.76443 -1.23791
-1.29137 -1.287
-2.7439 -4.93326
-2.28555 -4.29607
-1.90005 -5.53744
-2.7117 -2.8756
-1.97016 0.14704
-1.7739 -4.20662
-2.67963 -4.3895
-1.93986 -5.22273
-2.65124 -3.64481
-1.85446 -4.55594
-2.68659 -4.13672
-1.75614 -5.30553
-2.76192 -2.74935
-1.90998 0.128046
-1.41667 -4.44436
-2.92403 -1.95854
-1.50313 -0.232439
-1.76853 -6.13863
-2.6288 0.641327
-1.90536 -1.86839
-2.45427 -1.93476
-1.59789 -0.889266
-1.10315 -5.39124
-2.49505 1.66339
-2.11126 -2.38125
-2.17863 -0.261767
-2.31959 -1.4792
-1.8464 -0.840494
-2.01192 -3.97436
-1.8833 -5.66139
-2.74527 -2.38576
-1.49752 -0.396169
-1.7465 -6.11126
-2.63876 0.606274
-1.88352 -1.87081
-2.42924 -2.3902
-1.64504 -0.576384
-0.983679 -5.17055
-2.46791 1.83983
-2.11233 -2.55713
-2.2426 -0.266273
-2.25377 -1.28149
-1.97986 -0.771036
-2.39973 -2.10268
-1.65653 -0.734779
-0.964648 -5.01534
-2.537 1.72304
-2.06012 -2.32676
-2.28214 -0.398518
-2.1774 -1.13583
-2.12378 -0.733302
-2.29515 -1.07744
-1.97791 -0.886618
-2.40937 -1.89004
-1.65854 -0.854792
-0.973373 -4.95929
-2.58114 1.60694
-2.00696 -2.2354
-2.37903 -0.704736
-1.97676 -1.10718
-2.41159 -1.5228
-1.72026 -0.992744
-1.17811 -4.65454
-2.87501 -0.178118
-1.2442 -1.63679
-2.92514 -4.07577
-1.98646 -4.82379
-2.60724 -4.25617
-1.81361 -5.36474
-2.73575 -2.90725
-2.07859 0.200891
-2.19139 -3.30549
-2.48855 -2.23101
-1.55469 -0.737202
-1.32634 -5.75416
-2.52247 1.39615
-2.09959 -2.17868
-2.15942 -0.318095
-2.32912 -1.48129
-1.83361 -0.857623
-1.93764 -4.10581
-2.2824 -5.39548
-2.45252 -4.15514
-1.62314 -5.39973
-2.81774 -1.757
-1.24256 -0.797379
-2.90534 -4.39832
-2.18877 -4.43823
-2.19794 -5.35829
-2.49216 -4.11491
-1.58451 -5.34551
-2.82724 -1.65445
-1.21971 -0.852715
-2.96575 -4.06974
-2.10338 -4.57668
-2.41652 -4.97306
-2.27639 -4.83617
-2.35431 -4.88897
-2.30423 -4.90003
-2.34694 -4.84309
-2.29801 -4.94814
-2.36161 -4.78032
-2.2661 -5.03206
-2.39993 -4.64471
-2.17411 -5.20606
-2.48735 -4.28999
-1.81151 -5.44343
-2.74489 -2.7177
-1.82578 0.0386159
-1.03168 -4.57371
-2.80038 0.717001
-1.53535 -2.04182
-1.65651 -5.87871
-2.74131 -0.0417124
-1.57946 -1.80838
-1.28789 -5.55563
-2.62839 1.08196
-1.93694 -2.02662
-2.45671 -1.44614
-1.68162 -1.08664
-1.04356 -4.78363
-2.74486 0.940868
-1.68678 -2.09258
-1.12116 -4.93148
-2.76548 0.684434
-1.62216 -2.02969
-1.19053 -5.34931
-2.64342 1.13433
-1.91033 -2.06047
-2.46008 -1.97435
-1.58742 -0.874605
-1.14671 -5.47587
-2.49598 1.61974
-2.11429 -2.35528
-2.16422 -0.262455
-2.33175 -1.54482
-1.81644 -0.846212
-1.80072 -4.2852
-2.67354 -4.37267
-1.92866 -5.24228
-2.65919 -3.57954
-2.04879 -4.25251
-2.2133 -5.42697
-2.49935 -4.01324
-1.48583 -5.19385
-2.84944 -1.36619
-1.17665 -1.00665
-3.05705 -3.40496
-1.98875 -4.67061
-2.58013 -4.47935
-1.99376 -5.27787
-2.61879 -3.7451
-1.65552 -4.7786
-2.82107 -2.95319
-2.44722 -0.347686
-1.98743 -1.3025
-2.38992 -1.16661
-1.8357 -1.03796
-2.07407 -3.86662
-1.52546 -5.49464
-2.81598 -0.765888
-1.28011 -1.47508
-2.8009 -4.69037
-2.18001 -4.54441
-2.30382 -5.1792
-2.39115 -4.51468
-2.08452 -5.35238
-2.56564 -3.88776
-1.49609 -5.00176
-2.86096 -1.81118
-1.27537 -0.622216
-2.81239 -4.82851
-2.34077 -4.06871
-1.50881 -5.34692
-2.83488 -1.12492
-1.19892 -1.21729
-3.01072 -3.67486
-1.97277 -4.74911
-2.60999 -4.30957
-1.86486 -5.34843
-2.70522 -3.16524
-2.42875 -0.322204
-2.01733 -1.2817
-2.34948 -0.966312
-1.9402 -1.00228
-2.40888 -2.18045
-1.64581 -0.700441
-0.977862 -5.10471
-2.50221 1.78071
-2.09285 -2.42246
-2.23479 -0.298244
-2.25586 -1.26401
-1.98131 -0.778755
-2.40111 -2.06773
-1.65554 -0.755797
-0.966713 -5.01373
-2.54098 1.71159
-2.05611 -2.31585
-2.28851 -0.413922
-2.16584 -1.12568
-2.14338 -0.734569
-2.26955 -1.02217
-2.02583 -0.861876
-2.38634 -1.44162
-1.77037 -0.971456
-1.52302 -4.50906
-2.89164 -2.51489
-2.04924 0.266398
-2.04297 -3.75082
-1.41985 -5.38545
-2.81169 -0.349302
-1.3652 -1.67942
-2.48877 -5.50917
-2.50476 -3.61704
-2.27781 -3.63163
-1.96722 -4.3208
-2.4357 -5.06407
-2.28325 -4.73162
-2.31127 -5.03232
-2.36466 -4.69834
-2.22856 -5.13307
-2.44015 -4.47317
-2.02204 -5.37865
-2.61036 -3.67224
-1.87988 -4.51322
-2.65209 -4.32041
-1.88763 -5.29896
-2.68779 -3.34307
-2.53473 -1.90133
-1.50408 -0.97266
-1.58883 -5.96347
-2.64047 0.734425
-1.89358 -1.91459
-2.44467 -2.19805
-1.6027 -0.72697
-1.10037 -5.41645
-2.47161 1.71524
-2.12456 -2.48077
-2.18196 -0.232225
-2.32053 -1.50848
-1.83876 -0.834923
-1.95618 -4.0735
-2.19416 -5.50259
-2.53353 -3.81832
-1.58676 -4.82671
-2.8459 -2.55694
-1.90957 0.170521
-1.3637 -4.45718
-2.92929 -1.62703
-1.27637 -0.520617
-2.81869 -4.82683
-2.35716 -4.00797
-1.44112 -5.21921
-2.84697 -0.986123
-1.1936 -1.27528
-3.02262 -3.56961
-1.95122 -4.76135
-2.6301 -4.21866
-1.78978 -5.35011
-2.74737 -2.82468
-1.98103 0.171155
-1.80868 -4.16429
-2.60463 -4.68404
-2.0885 -5.07028
-2.5426 -4.25957
-1.78854 -5.41025
-2.75318 -2.68487
-1.80242 0.0179523
-0.956768 -4.62782
-2.70863 1.25404
-1.77486 -2.16234
-1.59543 -4.56636
-2.86028 -2.85377
-2.44846 -0.33303
-1.98956 -1.30826
-2.38671 -1.14204
-1.84625 -1.03675
-2.13782 -3.7079
-1.35218 -4.97882
-2.86978 -0.880677
-1.16733 -1.27551
-3.07112 -3.17364
-1.94594 -4.68657
-2.62425 -4.30462
-1.86552 -5.3362
-2.7038 -3.19046
-2.4615 -0.483936
-1.93375 -1.29478
-2.43123 -1.80296
-1.64267 -0.9228
-0.988883 -5.04518
-2.55496 1.65143
-2.04247 -2.27178
-2.30882 -0.470697
-2.12652 -1.10078
-2.2089 -0.76402
-2.1753 -0.923241
-2.18002 -0.838967
-2.19488 -0.888192
-2.16178 -0.854973
-2.21607 -0.891965
-2.13188 -0.857309
-2.25713 -0.935499
-2.06552 -0.872422
-2.3428 -1.15627
-1.89674 -0.953157
-2.31875 -2.99258
-2.11988 -0.0211415
-2.34032 -2.33805
-1.75135 -0.508976
-1.07874 -4.63809
-2.82045 0.489459
-1.46482 -1.96607
-2.05277 -5.92644
-2.74729 -1.73445
-1.27804 -0.973736
-2.78451 -4.85642
-2.2972 -4.22939
-1.78501 -5.5386
-2.76909 -2.31006
-1.46679 -0.419484
-1.92142 -6.1374
-2.69742 0.0374932
-1.68486 -1.79424
-1.1309 -4.81908
-2.80937 0.413763
-1.48639 -1.95009
-1.91175 -5.95593
-2.76577 -1.04383
-1.322 -1.39852
-2.63228 -5.23939
-2.39653 -3.99439
-1.4375 -5.16608
-2.85316 -1.09087
-1.17589 -1.18919
-3.05627 -3.33925
-1.95407 -4.70996
-2.62072 -4.29982
-1.86007 -5.34149
-2.70743 -3.15811
-2.42309 -0.297406
-2.03069 -1.28131
-2.32858 -0.891682
-1.98679 -0.983092
-2.40833 -1.6119
-1.70533 -0.960079
-1.09102 -4.70385
-2.81199 0.502191
-1.48833 -1.97526
-1.91324 -5.95295
-2.76608 -1.06844
-1.31693 -1.38444
-2.65193 -5.1902
-2.3768 -4.05549
-1.48763 -5.29524
-2.84012 -1.12005
-1.1919 -1.20655
-3.02538 -3.57387
-1.9633 -4.74339
-2.61749 -4.28508
-1.84566 -5.34936
-2.71646 -3.08186
-2.32171 0.00240431
-2.21966 -1.41353
-1.99742 -0.683166
-2.39526 -2.07621
-1.66277 -0.743496
-0.961289 -4.97057
-2.55773 1.68013
-2.03625 -2.28276
-2.32581 -0.509262
-2.09551 -1.09588
-2.25794 -0.817868
-2.09657 -0.915208
-2.29387 -0.974656
-2.00744 -0.909373
-2.39772 -1.5268
-1.73669 -0.968412
-1.26787 -4.61367
-2.90757 -0.852835
-1.11394 -1.16087
-3.14378 -2.41457
-2.22476 -4.01359
-1.50747 -5.40588
-2.8277 -0.934044
-1.23195 -1.35566
-2.93599 -4.09483
-2.02759 -4.74419
-2.5593 -4.49274
-2.00582 -5.28644
-2.61139 -3.7698
-1.61502 -4.82282
-2.83544 -2.7076
-2.10001 0.246138
-2.21623 -3.18346
-2.47106 -0.889455
-1.81076 -1.23699
-2.00514 -4.02868
-1.99424 -5.63402
-2.68419 -2.94661
-2.0195 0.160285
-2.01607 -3.83009
-1.61414 -5.58913
-2.80995 -1.04997
-1.24593 -1.32347
-2.896 -4.31139
-2.08541 -4.67421
-2.48193 -4.76367
-2.17619 -5.06942
-2.47482 -4.45433
-1.99299 -5.37693
-2.62891 -3.58542
-2.1341 -4.06628
-1.74135 -5.59929
-2.79082 -1.84765
-1.26795 -0.79297
-2.82566 -4.74156
-2.28653 -4.23245
-1.79978 -5.54497
-2.76341 -2.36944
-1.50414 -0.368318
-1.7161 -6.10339
-2.62451 0.705482
-1.91961 -1.88423
-2.45679 -1.67442
-1.63255 -1.00893
-1.00673 -5.09417
-2.55175 1.63719
-2.04802 -2.26805
-2.29508 -0.441991
-2.15073 -1.11026
-2.16975 -0.743101
-2.2327 -0.966538
-2.08956 -0.837346
-2.31853 -1.08507
-1.94621 -0.924187
-2.40178 -2.24489
-1.65851 -0.651358
-0.95902 -5.03765
-2.51528 1.77625
-2.08013 -2.3903
-2.25411 -0.333372
-2.22619 -1.20218
-2.03738 -0.752853
-2.38513 -1.52961
-1.75183 -0.94604
-1.36194 -4.57647
-2.91651 -1.50691
-1.2027 -0.665141
-3.01599 -3.82108
-2.09752 -4.54387
-2.40407 -5.01706
-2.29383 -4.78143
-2.32191 -4.97773
-2.34776 -4.77131
-2.27363 -5.03477
-2.39434 -4.65157
-2.1819 -5.19739
-2.48089 -4.31546
-1.84254 -5.44428
-2.72842 -2.8632
-1.99041 0.167268
-1.86524 -4.09195
-2.43889 -5.14201
-2.30075 -4.62797
-2.24018 -5.18864
-2.43757 -4.42356
-1.97343 -5.41895
-2.64722 -3.44168
-2.4816 -2.59461
-1.65588 -0.428574
-0.970351 -5.17515
-2.44364 1.89599
-2.11492 -2.68361
-2.3013 -0.325858
-2.17223 -1.17944
-2.12094 -0.712659
-2.30294 -1.11003
-1.95923 -0.892193
-2.40567 -2.12341
-1.64884 -0.730517
-0.973314 -5.0702
-2.51694 1.75574
-2.08046 -2.37704
-2.24912 -0.330527
-2.23262 -1.21073
-2.02632 -0.758753
-2.39212 -1.61598
-1.72485 -0.932326
-1.17653 -4.6475
-2.87566 -0.176857
-1.24279 -1.63566
-2.92864 -4.05662
-1.98207 -4.82686
-2.61113 -4.23809
-1.79772 -5.36366
-2.74423 -2.83449
-1.98745 0.173273
-1.84229 -4.12213
-2.5136 -4.96189
-2.21536 -4.83869
-2.40822 -4.79906
-2.23767 -5.0293
-2.4222 -4.60681
-2.13653 -5.24896
-2.51823 -4.15875
-1.65273 -5.38302
-2.80914 -1.9918
-1.31872 -0.62285
-2.64754 -5.33465
-2.51312 -3.44765
-2.52963 -1.44662
-1.58855 -1.18208
-1.13431 -5.3981
-2.53617 1.53498
-2.07566 -2.23478
-2.22351 -0.34446
-2.25888 -1.23911
-1.9834 -0.789764
-2.40275 -2.01809
-1.65568 -0.784123
-0.968436 -5.00208
-2.55024 1.68832
-2.04592 -2.29384
-2.30641 -0.458232
-2.13272 -1.10568
-2.19826 -0.755304
-2.19169 -0.932201
-2.15477 -0.831856
-2.23141 -0.91738
-2.10445 -0.855203
-2.29532 -1.01
-1.99595 -0.902821
-2.40486 -1.65355
-1.70143 -0.940789
-1.06848 -4.72039
-2.78899 0.679791
-1.56266 -2.03291
-1.48505 -5.75553
-2.69798 0.520127
-1.75845 -1.92512
-1.58676 -4.55288
-2.86476 -2.82088
-2.41906 -0.205302
-2.05837 -1.3073
-2.27879 -0.757398
-2.08646 -0.956783
-2.29975 -0.96728
-2.002 -0.920074
-2.40096 -1.56145
-1.7251 -0.963734
-1.19283 -4.6439
-2.88294 -0.29609
-1.21026 -1.56032
-2.99835 -3.64352
-1.91493 -4.83337
-2.66407 -3.99967
-1.60789 -5.24842
-2.82245 -2.04227
-1.35395 -0.538689
-2.50234 -5.65846
-2.63749 -2.69369
-1.66811 -0.234476
-0.963826 -5.21334
-2.40604 1.96064
-2.10314 -2.90714
-2.45666 -0.910594
-1.82318 -1.20716
-2.07957 -3.87294
-1.5234 -5.49021
-2.81643 -0.766508
-1.27912 -1.47392
-2.80413 -4.67806
-2.17607 -4.55153
-2.31372 -5.16132
-2.38151 -4.5472
-2.11829 -5.3176
-2.53835 -4.02232
-1.5154 -5.2216
-2.84439 -1.50391
-1.19104 -0.91903
-3.03052 -3.63769
-2.02251 -4.65638
-2.5419 -4.61201
-2.08085 -5.19483
-2.55394 -4.09718
-1.60123 -5.32294
-2.82379 -1.8238
-1.26099 -0.725866
-2.85252 -4.64907
-2.26964 -4.26316
-1.86597 -5.55131
-2.73243 -2.68139
-1.75654 -0.0479387
-0.884982 -4.78053
-2.54831 1.80529
-2.03723 -2.34993
-2.34185 -0.533065
-2.06947 -1.10287
-2.29671 -0.887409
-2.02787 -0.936449
-2.37746 -1.30991
-1.81368 -0.986002
-1.88461 -4.19609
-2.48765 -4.99799
-2.23809 -4.80606
-2.37891 -4.87681
-2.28223 -4.92915
-2.37097 -4.7839
-2.26016 -5.03268
-2.40471 -4.63589
-2.1657 -5.21661
-2.49441 -4.26043
-1.77521 -5.43824
-2.76252 -2.54701
-1.66317 -0.146524
-0.994431 -5.31252
-2.38221 1.96393
-2.08775 -3.05621
-2.49161 -2.01872
-1.54693 -0.877201
-1.34723 -5.75969
-2.54557 1.31224
-2.07191 -2.11006
-2.21131 -0.372915
-2.26669 -1.2351
-1.97395 -0.803263
-2.4013 -2.1105
-1.65445 -0.732396
-0.966517 -5.03048
-2.53082 1.73426
-2.06665 -2.34149
-2.27098 -0.374473
-2.19667 -1.15609
-2.0907 -0.737125
-2.3349 -1.20524
-1.89369 -0.929
-2.29934 -3.09227
-2.25469 -0.0983159
-2.27221 -1.43615
-1.91875 -0.76425
-2.30517 -3.02236
-2.17103 -0.0360171
-2.34068 -1.90216
-1.74645 -0.742929
-1.1981 -4.61441
-2.88998 -0.372139
-1.18517 -1.50135
-3.04419 -3.31348
-1.90327 -4.77157
-2.66981 -4.03129
-1.64242 -5.27454
-2.81079 -2.19331
-1.43481 -0.424816
-2.10437 -6.09502
-2.73258 -0.680088
-1.46076 -1.59113
-1.92507 -5.99733
-2.75879 -0.847668
-1.37389 -1.50659
-2.40568 -5.6725
-2.59731 -3.1201
-2.15707 0.130343
-2.32725 -2.35182
-1.77229 -0.480682
-1.16718 -4.5933
-2.88177 -0.184172
-1.22722 -1.61596
-2.96478 -3.8482
-1.94013 -4.84563
-2.64562 -4.0744
-1.65814 -5.3038
-2.80544 -2.22083
-1.44704 -0.412102
-2.03812 -6.12095
-2.72299 -0.395313
-1.54432 -1.69093
-1.43676 -5.75171
-2.65607 0.804113
-1.8702 -1.95762
-2.39135 -2.758
-1.83513 -0.214822
-1.31612 -4.51527
-2.92413 -1.27578
-1.13914 -0.804461
-3.12522 -2.86104
-2.07484 -4.43377
-2.35484 -5.16386
-2.35431 -4.57638
-2.1603 -5.28032
-2.50494 -4.16526
-1.6546 -5.3917
-2.80874 -1.97985
-1.31333 -0.63454
-2.66855 -5.27823
-2.49121 -3.54703
-2.46161 -2.69425
-1.7244 -0.320114
-0.919968 -4.80241
-2.58732 1.66724
-1.99255 -2.26046
-2.41275 -0.866902
-1.89007 -1.13452
-2.35909 -2.78224
-1.89149 -0.167139
-1.64818 -4.35466
-2.83589 -3.38553
-1.853 -4.6082
-2.69567 -4.0502
-1.68784 -5.28093
-2.79289 -2.43967
-1.61246 -0.191868
-1.18351 -5.64479
-2.4099 1.7574
-2.13482 -2.78979
-2.32071 -0.336301
-2.1464 -1.17493
-2.16127 -0.710945
-2.25159 -1.00692
-2.05353 -0.843233
-2.36105 -1.26657
-1.84514 -0.964853
-2.08916 -3.82312
-1.42963 -5.37448
-2.81777 -0.456983
-1.33197 -1.62447
-2.62628 -5.21587
-2.36779 -4.10994
-1.55854 -5.38872
-2.82919 -1.35292
-1.19511 -1.07459
-3.01884 -3.6667
-1.99664 -4.70709
-2.58075 -4.44974
-1.97347 -5.2994
-2.63368 -3.64901
-1.89347 -4.4997
-2.63354 -4.40366
-1.94274 -5.27384
-2.6518 -3.58372
-2.06114 -4.22708
-2.15557 -5.48818
-2.54995 -3.78587
-1.64665 -4.76654
-2.82577 -2.92145
-2.41742 -0.218075
-2.05734 -1.3008
-2.28158 -0.765488
-2.08069 -0.95655
-2.30792 -0.988764
-1.98579 -0.92766
-2.40909 -1.71997
-1.68388 -0.923913
-1.01057 -4.79811
-2.70413 1.16777
-1.78564 -2.13039
-1.72006 -4.47003
-2.79032 -3.61597
-1.61921 -4.92258
-2.82781 -2.62226
-1.93593 0.181261
-1.51917 -4.39475
-2.90122 -2.60006
-2.23843 0.205398
-2.3132 -1.93101
-1.78128 -0.683639
-1.38879 -4.54049
-2.91816 -1.70704
-1.30036 -0.500151
-2.73482 -5.11438
-2.45182 -3.68855
-2.04458 -4.21994
-2.18067 -5.46957
-2.53018 -3.87277
-1.50617 -4.93999
-2.86278 -1.9666
-1.36062 -0.478442
-2.48067 -5.70532
-2.65653 -2.52208
-1.54411 -0.413917
-1.46748 -5.93989
-2.53372 1.25194
-2.08871 -2.08659
-2.17157 -0.354012
-2.31258 -1.37705
-1.879 -0.851535
-2.2021 -3.48491
-2.17917 -3.86524
-1.37538 -5.20657
-2.83731 -0.534295
-1.27607 -1.55418
-2.8234 -4.58293
-2.13672 -4.62954
-2.40688 -4.9583
-2.28008 -4.84982
-2.35489 -4.87644
-2.30068 -4.91488
-2.35301 -4.82188
-2.28688 -4.97736
-2.37555 -4.73377
-2.23683 -5.09444
-2.42993 -4.53102
-2.07714 -5.32793
-2.56746 -3.90755
-1.48986 -5.04099
-2.85958 -1.70542
-1.23381 -0.71374
-2.93473 -4.2749
-2.17383 -4.45102
-2.23045 -5.32027
-2.46395 -4.22652
-1.7244 -5.4447
-2.78575 -2.25081
-1.44365 -0.437776
-2.05082 -6.11386
-2.72655 -0.468843
-1.5208 -1.66785
-1.57071 -5.869
-2.69435 0.444287
-1.75641 -1.8994
-1.57865 -4.55588
-2.86791 -2.77475
-2.36114 -0.0216447
-2.17022 -1.36774
-2.08159 -0.638877
-2.35871 -1.39959
-1.81494 -0.93166
-1.85543 -4.22908
-2.56362 -4.78346
-2.13914 -5.00726
-2.49916 -4.44842
-1.98204 -5.36643
-2.63465 -3.56842
-2.17534 -3.96617
-1.4974 -5.41848
-2.82465 -0.819408
-1.25459 -1.42892
-2.87751 -4.37383
-2.08885 -4.68445
-2.48205 -4.75622
-2.17346 -5.07733
-2.47758 -4.44006
-1.97891 -5.38602
-2.63909 -3.52308
-2.31029 -3.54488
-2.34353 -3.32484
-2.46404 -0.722632
-1.8659 -1.25394
-2.31861 -3.05971
-2.18919 -0.0336834
-2.33232 -1.79502
-1.77091 -0.769814
-1.38138 -4.55181
-2.91772 -1.65121
-1.26872 -0.547874
-2.84152 -4.73332
-2.32472 -4.10219
-1.56196 -5.41371
-2.8272 -1.30009
-1.19837 -1.11752
-3.01153 -3.70286
-1.99355 -4.71965
-2.5862 -4.421
-1.95237 -5.31391
-2.64845 -3.55604
-2.17113 -3.97989
-1.52472 -5.44994
-2.82305 -0.915162
-1.24282 -1.37714
-2.90778 -4.23868
-2.05942 -4.71403
-2.52131 -4.63073
-2.09889 -5.19007
-2.54073 -4.14724
-1.65129 -5.36895
-2.8093 -2.02032
-1.33188 -0.596843
-2.59434 -5.4653
-2.56372 -3.18778
-2.23332 0.0656823
-2.31059 -1.73217
-1.8096 -0.752287
-1.66719 -4.39879
-2.8246 -3.43119
-1.79969 -4.67578
-2.74218 -3.72696
-1.57333 -4.99238
-2.84079 -2.28641
-1.56973 -0.212516
-1.39454 -5.89825
-2.4804 1.45168
-2.14102 -2.29854
-2.0916 -0.268831
-2.36651 -2.03083
-1.70199 -0.726017
-0.998638 -4.7605
-2.70562 1.18415
-1.78229 -2.13704
-1.68354 -4.50093
-2.81631 -3.3853
-1.94077 -4.4744
-2.56801 -4.64775
-2.08715 -5.14064
-2.54672 -4.17682
-1.69111 -5.38612
-2.79558 -2.21499
-1.43053 -0.447487
-2.12281 -6.08333
-2.73499 -0.780696
-1.43318 -1.54947
-2.08319 -5.9645
-2.74743 -1.56056
-1.27973 -1.10032
-2.7786 -4.85154
-2.27881 -4.29
-1.89768 -5.54128
-2.71374 -2.85432
-1.94369 0.129821
-1.63212 -4.33322
-2.84595 -3.32275
-1.95523 -4.45994
-2.54261 -4.73262
-2.1317 -5.07523
-2.50983 -4.35542
-1.88967 -5.41344
-2.69758 -3.1384
-2.36856 -0.117125
-2.1409 -1.30967
-2.14024 -0.647962
-2.29232 -1.1203
-1.97009 -0.872171
-2.40747 -2.01784
-1.6497 -0.790491
-0.974225 -5.04044
-2.53632 1.71269
-2.06192 -2.32279
-2.27681 -0.390222
-2.18586 -1.14265
-2.10971 -0.734743
-2.31253 -1.12535
-1.94297 -0.90532
-2.3955 -2.33209
-1.67632 -0.58496
-0.942127 -4.9506
-2.541 1.74287
-2.05316 -2.33057
-2.2995 -0.4316
-2.14801 -1.11704
-2.17228 -0.740325
-2.23002 -0.965419
-2.09346 -0.835481
-2.31382 -1.07132
-1.95585 -0.919036
-2.40733 -2.11636
-1.64676 -0.736622
-0.976473 -5.08239
-2.51416 1.75783
-2.08324 -2.38381
-2.2447 -0.322553
-2.23947 -1.22397
-2.01358 -0.76451
-2.39826 -1.72818
-1.69611 -0.904161
-1.03805 -4.74698
-2.75234 0.919702
-1.66784 -2.09084
-1.11161 -5.05134
-2.70799 0.978739
-1.77335 -2.07345
-1.64454 -4.52557
-2.83864 -3.15345
-2.43644 -3.00074
-1.99053 0.00475681
-2.03486 -3.81415
-1.53482 -5.52066
-2.8128 -0.740498
-1.2908 -1.49411
-2.76593 -4.8162
-2.22116 -4.46589
-2.18634 -5.35163
-2.4983 -4.10618
-1.57688 -5.33431
-2.82907 -1.63394
-1.21564 -0.863611
-2.97567 -4.00933
-2.08949 -4.59491
-2.44275 -4.90706
-2.24359 -4.91558
-2.4006 -4.74775
-2.22427 -5.08607
-2.4388 -4.52085
-2.06453 -5.33526
-2.57679 -3.86343
-1.51145 -4.96674
-2.8598 -1.96005
-1.35201 -0.494914
-2.51824 -5.6365
-2.63269 -2.72307
-1.69206 -0.203345
-0.91687 -5.06603
-2.43144 1.97305
-2.10576 -2.77422
-2.37528 -0.507374
-2.03537 -1.15252
-2.33972 -0.991503
-1.94531 -0.980209
-2.40927 -2.14702
-1.64448 -0.721082
-0.980098 -5.10528
-2.50526 1.77197
-2.09085 -2.41074
-2.23554 -0.30276
-2.25409 -1.25808
-1.98516 -0.777459
-2.40196 -2.02217
-1.65646 -0.78097
-0.967677 -4.99806
-2.55144 1.68652
-2.04444 -2.29174
-2.30928 -0.465448
-2.12733 -1.10356
-2.20702 -0.761463
-2.17846 -0.925178
-2.17509 -0.836894
-2.20217 -0.892754
-2.15058 -0.85305
-2.23211 -0.906899
-2.10633 -0.859914
-2.29179 -0.999098
-2.00342 -0.900107
-2.40079 -1.58177
-1.72101 -0.957296
-1.16662 -4.65563
-2.86962 -0.0958148
-1.26822 -1.68583
-2.86471 -4.37029
-2.05861 -4.75833
-2.53319 -4.56275
-2.05712 -5.24695
-2.57376 -3.96999
-1.50465 -5.15668
-2.84988 -1.57772
-1.20023 -0.845508
-3.0129 -3.78316
-2.05513 -4.62227
-2.49453 -4.7669
-2.16977 -5.06258
-2.47931 -4.4495
-1.98737 -5.37801
-2.63266 -3.56535
-2.19256 -3.92023
-1.41697 -5.29229
-2.83159 -0.609328
-1.27554 -1.52767
-2.82198 -4.59478
-2.14331 -4.61536
-2.39203 -4.99548
-2.29812 -4.80137
-2.32516 -4.95672
-2.34147 -4.79839
-2.2884 -4.99763
-2.37746 -4.71241
-2.22575 -5.1208
-2.44106 -4.4831
-2.03084 -5.36959
-2.6034 -3.71383
-1.76355 -4.65457
-2.76634 -3.59012
-1.67341 -4.81555
-2.81072 -3.00336
-2.48134 -0.544091
-1.89204 -1.31814
-2.40182 -2.47507
-1.69843 -0.483015
-0.931759 -4.86521
-2.57219 1.68621
-2.0146 -2.27515
-2.37193 -0.661761
-1.99738 -1.10587
-2.39366 -1.31952
-1.79117 -1.01333
-1.72309 -4.37665
-2.77937 -3.77364
-1.60145 -5.10276
-2.82699 -2.28042
-1.53252 -0.272549
-1.58253 -6.045
-2.56126 1.07486
-2.04778 -1.98571
-2.25271 -0.460527
-2.19765 -1.10436
-2.10221 -0.757459
-2.31749 -1.12789
-1.93602 -0.913455
-2.3892 -2.42175
-1.70094 -0.511813
-0.939312 -4.83865
-2.59624 1.61661
-1.98183 -2.23681
-2.42693 -0.972047
-1.84327 -1.14189
-2.1735 -3.61878
-1.60392 -4.70654
-2.84766 -2.76423
-2.25021 0.169249
-2.30574 -1.81331
-1.80448 -0.715754
-1.59428 -4.4455
-2.86679 -2.97119
-2.55126 -1.60184
-1.52735 -1.13755
-1.44302 -5.82673
-2.60574 1.02042
-1.97455 -1.98281
-2.40375 -0.925402
-1.88486 -1.10759
-2.33691 -2.92252
-2.02815 -0.0438057
-2.21282 -3.28246
-2.51053 -1.67159
-1.56593 -1.07165
-1.23376 -5.58507
-2.53616 1.43922
-2.08064 -2.18497
-2.20275 -0.34138
-2.28245 -1.29088
-1.93917 -0.816719
-2.36985 -2.58105
-1.77435 -0.360011
-1.09045 -4.60874
-2.83619 0.368722
-1.41116 -1.91384
-2.33411 -5.71279
-2.61117 -3.08898
-2.12403 0.144301
-2.30111 -2.69012
-1.92444 -0.192059
-1.8896 -4.10361
-2.39456 -5.22357
-2.34517 -4.50718
-2.10846 -5.36058
-2.55094 -3.93234
-1.4819 -5.07289
-2.8587 -1.59525
-1.20302 -0.803902
-3.00821 -3.82722
-2.06982 -4.60139
-2.46875 -4.84397
-2.20985 -4.98507
-2.43939 -4.61207
-2.12983 -5.24071
-2.52223 -4.155
-1.65011 -5.37911
-2.8099 -1.98604
-1.3166 -0.62587
-2.656 -5.31254
-2.5047 -3.48645
-2.5246 -1.90748
-1.51555 -0.96358
-1.51985 -5.91487
-2.615 0.91417
-1.95306 -1.94904
-2.43394 -1.17342
-1.77948 -1.11638
-1.68957 -4.41383
-2.80946 -3.53318
-1.67583 -4.83604
-2.80845 -2.99456
-2.46344 -0.437772
-1.94337 -1.30801
-2.42936 -1.64994
-1.67146 -0.979644
-0.999739 -4.85079
-2.66913 1.31
-1.85949 -2.14845
-2.30146 -3.28759
-2.46399 -0.755516
-1.8569 -1.24801
-2.28139 -3.23966
-2.44051 -0.624435
-1.92267 -1.22947
-2.42422 -2.06486
-1.62654 -0.786015
-1.0173 -5.21034
-2.4931 1.75537
-2.10385 -2.43409
-2.213 -0.271468
-2.28462 -1.34469
-1.92325 -0.808159
-2.33512 -2.8524
-1.9742 -0.0914636
-2.05089 -3.79298
-1.46255 -5.43789
-2.81322 -0.49688
-1.33455 -1.61277
-2.61294 -5.25168
-2.38464 -4.05654
-1.48885 -5.29206
-2.84046 -1.13758
-1.19014 -1.19386
-3.0289 -3.55252
-1.96353 -4.73864
-2.61661 -4.29247
-1.85198 -5.34793
-2.71269 -3.1118
-2.36221 -0.0931792
-2.15378 -1.32245
-2.117 -0.645852
-2.32041 -1.20632
-1.91166 -0.902456
-2.34104 -2.84068
-1.95688 -0.103948
-1.97799 -3.94661
-1.9371 -5.66591
-2.7216 -2.61076
-1.66336 -0.175526
-0.987688 -5.2899
-2.38842 1.9619
-2.09304 -3.01539
-2.49921 -1.63086
-1.58787 -1.07738
-1.13527 -5.41923
-2.52211 1.56925
-2.09061 -2.27309
-2.19749 -0.308994
-2.29398 -1.34517
-1.91081 -0.824802
-2.30853 -3.01884
-2.16206 -0.0312393
-2.34347 -1.97248
-1.73642 -0.717218
-1.12723 -4.64277
-2.85157 0.161786
-1.34724 -1.82231
-2.60882 -5.22615
-2.3583 -4.16014
-1.63591 -5.45547
-2.81455 -1.67247
-1.22718 -0.873341
-2.94546 -4.17604
-2.1222 -4.55576
-2.38113 -5.05244
-2.31635 -4.72978
-2.28207 -5.06473
-2.3916 -4.62793
-2.16958 -5.22486
-2.4924 -4.25751
-1.77103 -5.43893
-2.76459 -2.52325
-1.64246 -0.172478
-1.06085 -5.44501
-2.38566 1.8985
-2.10108 -3.00816
-2.49663 -1.44112
-1.63237 -1.14458
-1.01583 -5.06976
-2.5791 1.55661
-2.01342 -2.21317
-2.36067 -0.640279
-2.01713 -1.09436
-2.37217 -1.17443
-1.85551 -1.0037
-2.17126 -3.60711
-1.6281 -4.68556
-2.83891 -2.9072
-2.44442 -0.325208
-1.9967 -1.30409
-2.37739 -1.08793
-1.87239 -1.02967
-2.2637 -3.27876
-2.48962 -1.01908
-1.75111 -1.24447
-1.51089 -4.5394
-2.89304 -2.41987
-1.91307 0.197195
-1.35431 -4.45693
-2.92997 -1.56923
-1.24736 -0.563645
-2.90668 -4.45008
-2.2448 -4.29412
-1.94208 -5.54442
-2.68967 -3.02879
-2.16273 0.169395
-2.32227 -2.38962
-1.78648 -0.447593
-1.22487 -4.56944
-2.90511 -0.612608
-1.13074 -1.31794
-3.1222 -2.60406
-2.11354 -4.29287
-2.14177 -5.47368
-2.55379 -3.79106
-1.63091 -4.78458
-2.83142 -2.82583
-2.28361 0.117889
-2.27574 -1.61381
-1.87767 -0.723939
-2.11167 -3.73664
-1.33244 -5.11779
-2.842 -0.43681
-1.28198 -1.5923
-2.80895 -4.63311
-2.14887 -4.6141
-2.38512 -5.00877
-2.30557 -4.78275
-2.31243 -4.98753
-2.35685 -4.75069
-2.25832 -5.06526
-2.41008 -4.59607
-2.13677 -5.2619
-2.51932 -4.14202
-1.63222 -5.36901
-2.81521 -1.90096
-1.28488 -0.685069
-2.77361 -4.95297
-2.37089 -3.98931
-1.4296 -5.17061
-2.85223 -1.02334
-1.1821 -1.23655
-3.04483 -3.41393
-1.94735 -4.73473
-2.6302 -4.24103
-1.81115 -5.34767
-2.73569 -2.93058
-2.11672 0.201148
-2.27013 -2.90087
-2.11952 -0.0605617
-2.34672 -2.25049
-1.73198 -0.574666
-1.03344 -4.6824
-2.76946 0.854108
-1.62258 -2.0794
-1.20953 -5.37874
-2.64855 1.09114
-1.8996 -2.04936
-2.44964 -2.19091
-1.59641 -0.736149
-1.1245 -5.46011
-2.47467 1.68643
-2.12553 -2.45471
-2.17011 -0.233512
-2.33021 -1.56169
-1.81492 -0.838859
-1.78293 -4.30346
-2.70225 -4.23765
-1.84849 -5.27167
-2.7096 -3.22979
-2.51572 -0.90756
-1.74751 -1.3111
-1.50492 -4.54821
-2.89408 -2.37864
-1.86006 0.153544
-1.09607 -4.53063
-2.85768 0.228389
-1.33883 -1.83519
-2.64731 -5.1228
-2.31163 -4.29195
-1.87031 -5.53071
-2.72652 -2.76255
-1.84503 0.0484179
-1.11524 -4.53966
-2.86686 0.107867
-1.30086 -1.77334
-2.77525 -4.72397
-2.16235 -4.6127
-2.36935 -5.037
-2.32197 -4.74117
-2.28237 -5.05443
-2.39005 -4.64014
-2.17812 -5.21029
-2.48484 -4.29231
-1.81414 -5.44478
-2.74368 -2.72717
-1.83533 0.048009
-1.06752 -4.55648
-2.83289 0.455507
-1.42841 -1.94462
-2.2538 -5.79693
-2.66311 -2.72387
-1.71247 -0.15137
-0.893458 -4.96664
-2.45711 1.96037
-2.10176 -2.65275
-2.31504 -0.366244
-2.14575 -1.15694
-2.16641 -0.720159
-2.24266 -0.990236
-2.06987 -0.838619
-2.3429 -1.17706
-1.8911 -0.949258
-2.29915 -3.09765
-2.26092 -0.105747
-2.26464 -1.41259
-1.93432 -0.756721
-2.34141 -2.79222
-1.92266 -0.144615
-1.82608 -4.18225
-2.58529 -4.7379
-2.11486 -5.03568
-2.52045 -4.36159
-1.89668 -5.40326
-2.69214 -3.18815
-2.43425 -0.352799
-2.00261 -1.28115
-2.37126 -1.06652
-1.88577 -1.02238
-2.31041 -3.05464
-2.19635 -0.0428674
-2.32768 -1.7398
-1.78543 -0.780703
-1.50069 -4.50271
-2.89911 -2.39545
-1.90648 0.195251
-1.31567 -4.46819
-2.92963 -1.3167
-1.15143 -0.752597
-3.10937 -3.04985
-2.05329 -4.50444
-2.43645 -4.9738
-2.26305 -4.83947
-2.36667 -4.86816
-2.28939 -4.93207
-2.36565 -4.78906
-2.2661 -5.02383
-2.39887 -4.6541
-2.18025 -5.19499
-2.48187 -4.31534
-1.84244 -5.44371
-2.72841 -2.86411
-1.99174 0.167986
-1.87163 -4.08287
-2.41566 -5.19086
-2.32562 -4.5583
-2.16841 -5.29417
-2.50111 -4.16141
-1.64788 -5.38978
-2.8108 -1.94314
-1.29922 -0.660971
-2.722 -5.12248
-2.4322 -3.78311
-1.69814 -4.68317
-2.80492 -3.25278
-2.37686 -3.30805
-2.42191 -0.466983
-1.98841 -1.23233
-2.39392 -1.23766
-1.81194 -1.03122
-1.90147 -4.17702
-2.43814 -5.11469
-2.29395 -4.66586
-2.26905 -5.13162
-2.40965 -4.53317
-2.08968 -5.33034
-2.5593 -3.93535
-1.4856 -5.08516
-2.85733 -1.59621
-1.20324 -0.807584
-3.00755 -3.83031
-2.06955 -4.60248
-2.46956 -4.84136
-2.20858 -4.98784
-2.44077 -4.60669
-2.12569 -5.24623
-2.52565 -4.13863
-1.6316 -5.36485
-2.81536 -1.90817
-1.28757 -0.678505
-2.76431 -4.98549
-2.38271 -3.95197
-1.42072 -5.08472
-2.86175 -1.1536
-1.16241 -1.12019
-3.08024 -3.15872
-1.97323 -4.6469
-2.58975 -4.46346
-1.98227 -5.28043
-2.62655 -3.7053
-1.73934 -4.68781
-2.7814 -3.44109
-1.95611 -4.44108
-2.53186 -4.77354
-2.15122 -5.03939
-2.49211 -4.43789
-1.97381 -5.37864
-2.6414 -3.51948
-2.31425 -3.5303
-2.38584 -3.11958
-2.17209 0.0161188
-2.33938 -1.996
-1.74035 -0.699778
-1.13779 -4.63501
-2.85924 0.0772269
-1.31687 -1.77732
-2.71881 -4.91975
-2.23346 -4.47274
-2.17907 -5.35286
-2.50324 -4.09124
-1.56193 -5.31518
-2.8325 -1.58461
-1.20683 -0.892192
-2.99608 -3.87684
-2.06052 -4.62913
-2.49133 -4.77057
-2.17292 -5.05966
-2.4766 -4.45901
-1.99681 -5.37228
-2.62586 -3.60577
-2.07061 -4.20302
-2.10254 -5.53374
-2.59389 -3.56204
-2.31061 -3.53282
-2.37354 -3.18236
-2.26404 -0.0642663
-2.26846 -1.4516
-1.92046 -0.753734
-2.30537 -3.01856
-2.16684 -0.0346878
-2.34213 -1.93267
-1.74151 -0.732529
-1.16323 -4.62763
-2.87354 -0.110972
-1.25657 -1.66988
-2.89582 -4.22255
-2.01952 -4.79964
-2.57624 -4.39115
-1.92831 -5.34201
-2.66612 -3.42461
-2.4756 -2.65481
-1.69061 -0.36588
-0.918796 -4.97319
-2.49272 1.86891
-2.0912 -2.48944
-2.26367 -0.317062
-2.21877 -1.20564
-2.04694 -0.742671
-2.37848 -1.47028
-1.77352 -0.950244
-1.53413 -4.50134
-2.88845 -2.58372
-2.1442 0.262063
-2.28329 -2.76986
-2.00037 -0.119617
-2.17915 -3.43019
-2.24014 -3.68014
-1.66776 -4.66745
-2.82134 -3.12192
-2.53226 -2.10736
-1.4998 -0.842186
-1.62907 -6.00369
-2.64206 0.690205
-1.88643 -1.90215
-2.43403 -2.34466
-1.63102 -0.615148
-1.01682 -5.25462
-2.46148 1.81677
-2.11862 -2.57054
-2.23395 -0.251393
-2.26619 -1.31466
-1.95504 -0.783247
-2.38327 -2.41704
-1.70755 -0.508635
-0.946443 -4.8055
-2.62191 1.53818
-1.94224 -2.20731
-2.46756 -1.54299
-1.6459 -1.07137
-0.998739 -4.98813
-2.60074 1.52043
-1.98035 -2.19497
-2.42195 -0.95408
-1.85443 -1.13594
-2.22907 -3.43295
-2.40169 -2.99993
-2.02059 0.00126325
-2.15751 -3.47902
-1.98026 -4.27507
-2.37221 -5.20342
-2.35204 -4.53105
-2.12499 -5.33402
-2.53602 -4.01232
-1.50614 -5.20467
-2.84664 -1.48065
-1.18727 -0.929863
-3.03804 -3.57947
-2.01463 -4.65963
-2.55105 -4.58182
-2.06181 -5.21624
-2.5686 -4.0218
-1.53672 -5.23339
-2.84048 -1.61993
-1.21005 -0.8413
-2.99018 -3.92905
-2.07905 -4.60143
-2.45811 -4.8687
-2.22358 -4.95864
-2.42449 -4.66576
-2.16974 -5.18287
-2.48853 -4.31005
-1.83639 -5.44059
-2.73131 -2.84359
-1.96817 0.15548
-1.75207 -4.22829
-2.71679 -4.2149
-1.84064 -5.26074
-2.71366 -3.21449
-2.5075 -0.8163
-1.78356 -1.31506
-1.81904 -4.30689
-2.65751 -4.42543
-1.9582 -5.22875
-2.63956 -3.69851
-1.72931 -4.70264
-2.78696 -3.37877
-2.11515 -4.14378
-1.91572 -5.61183
-2.71913 -2.71231
-1.7695 -0.0406169
-0.901252 -4.72461
-2.59859 1.66871
-1.97386 -2.25916
-2.4433 -1.10137
-1.78731 -1.14749
-1.77317 -4.34129
-2.72389 -4.11055
-1.76735 -5.2731
-2.75466 -2.86504
-2.06484 0.207332
-2.14726 -3.4674
-1.96286 -4.30083
-2.42707 -5.09018
-2.29425 -4.69791
-2.28583 -5.08832
-2.39172 -4.60521
-2.15473 -5.25143
-2.50561 -4.19348
-1.69166 -5.41013
-2.79651 -2.15477
-1.39342 -0.505753
-2.31189 -5.93033
-2.72054 -1.71957
-1.30351 -1.0265
-2.68753 -5.15557
-2.39917 -3.94252
-1.42701 -5.05686
-2.86463 -1.25474
-1.15966 -1.03966
-3.08623 -3.13919
-1.98919 -4.62041
-2.5659 -4.56229
-2.04656 -5.22167
-2.57955 -3.97406
-1.51082 -5.16742
-2.84829 -1.59584
-1.20396 -0.836349
-3.00472 -3.83938
-2.06527 -4.61267
-2.47906 -4.81194
-2.19384 -5.01832
-2.45617 -4.54553
-2.07584 -5.30491
-2.5658 -3.93867
-1.48907 -5.09653
-2.85605 -1.59714
-1.20347 -0.810945
-3.00687 -3.8336
-2.06938 -4.60341
-2.47018 -4.83928
-2.20759 -4.99003
-2.44185 -4.60244
-2.12239 -5.25056
-2.52836 -4.12559
-1.61724 -5.35247
-2.81937 -1.84968
-1.26836 -0.716774
-2.82888 -4.74566
-2.29992 -4.18939
-1.71749 -5.52154
-2.79352 -1.97606
-1.3063 -0.677985
-2.69268 -5.20449
-2.45919 -3.68412
-2.06118 -4.18932
-2.10317 -5.53802
-2.59484 -3.55252
-2.33689 -3.42807
-2.51946 -1.68638
-1.55208 -1.07323
-1.30471 -5.68208
-2.5547 1.3215
-2.05891 -2.10969
-2.24044 -0.403709
-2.22608 -1.15833
-2.04854 -0.76601
-2.37498 -1.41946
-1.7898 -0.956605
-1.67229 -4.41343
-2.82166 -3.4392
-1.79374 -4.68249
-2.74648 -3.69262
-1.58847 -4.94772
-2.83792 -2.42895
-1.71455 -0.0329278
-0.891603 -5.03542
-2.41058 2.03091
-2.09427 -2.90607
-2.46863 -1.0267
-1.7759 -1.20685
-1.70669 -4.40751
-2.79608 -3.63567
-1.60776 -4.96321
-2.83008 -2.51377
-1.7943 0.0531833
-0.914842 -4.66739
-2.64209 1.53471
-1.90455 -2.21478
-2.44377 -2.34883
-1.62037 -0.620268
-1.04971 -5.33247
-2.45641 1.79318
-2.12393 -2.57915
-2.22554 -0.239095
-2.27743 -1.34869
-1.93184 -0.794539
-2.34946 -2.74554
-1.88204 -0.192332
-1.61287 -4.38183
-2.85845 -3.1486
-2.34719 -3.45612
-2.51487 -1.92394
-1.52568 -0.9482
-1.46088 -5.86683
-2.59233 1.05705
-1.99841 -1.98886
-2.35893 -0.712153
-1.99938 -1.07336
-2.39411 -1.34694
-1.78371 -1.00797
-1.65764 -4.42899
-2.83174 -3.33833
-1.98789 -4.40202
-2.46237 -4.96921
-2.24548 -4.84548
-2.3835 -4.83662
-2.26777 -4.97734
-2.39099 -4.70955
-2.2145 -5.12828
-2.45031 -4.45597
-2.00196 -5.38843
-2.62468 -3.59324
-2.11968 -4.09846
-1.82854 -5.61863
-2.76135 -2.27046
-1.43372 -0.48112
-2.09669 -6.09115
-2.73424 -0.699325
-1.45318 -1.58326
-1.97004 -5.99372
-2.75896 -1.04651
-1.33324 -1.40482
-2.58418 -5.35518
-2.44742 -3.81755
-1.60616 -4.7779
-2.8419 -2.70702
-2.12705 0.245959
-2.26674 -2.90217
-2.12683 -0.0624644
-2.34841 -2.18197
-1.72538 -0.617988
-1.02933 -4.69493
-2.76147 0.898658
-1.6445 -2.0892
-1.14493 -5.21914
-2.66293 1.11681
-1.87206 -2.07312
-2.38006 -2.8607
-1.92004 -0.108414
-1.76786 -4.24345
-2.70159 -4.27561
-1.87469 -5.25666
-2.69331 -3.3585
-2.51838 -2.21565
-1.52126 -0.761476
-1.51254 -5.93378
-2.59106 1.01849
-1.99898 -1.97147
-2.3562 -0.708407
-2.00377 -1.07009
-2.38991 -1.31286
-1.79751 -1.00801
-1.77154 -4.33061
-2.72303 -4.1219
-1.77555 -5.27336
-2.75037 -2.90367
-2.11523 0.20775
-2.26492 -2.93215
-2.15574 -0.0639044
-2.34606 -1.95221
-1.73451 -0.730528
-1.12485 -4.64593
-2.84945 0.182866
-1.35534 -1.83329
-2.57699 -5.30114
-2.39255 -4.05564
-1.48824 -5.28583
-2.8411 -1.15023
-1.18843 -1.18356
-3.03232 -3.53067
-1.96349 -4.73428
-2.61602 -4.29839
-1.85706 -5.34655
-2.70963 -3.13597
-2.39388 -0.188671
-2.09359 -1.28879
-2.2224 -0.689176
-2.1772 -0.965275
-2.16667 -0.814978
-2.21921 -0.915541
-2.12137 -0.848237
-2.27371 -0.967782
-2.03518 -0.882736
-2.37568 -1.3351
-1.80955 -0.977264
-1.84654 -4.24442
-2.58743 -4.70404
-2.10192 -5.06806
-2.53229 -4.29476
-1.82579 -5.41478
-2.73403 -2.85488
-1.99184 0.170756
-1.86906 -4.08612
-2.42471 -5.17229
-2.31603 -4.58557
-2.19759 -5.25474
-2.47584 -4.26958
-1.78399 -5.44947
-2.75942 -2.56346
-1.67476 -0.133496
-0.9627 -5.23788
-2.38622 1.98919
-2.0871 -3.03906
-2.49544 -1.90733
-1.55052 -0.943051
-1.32064 -5.71956
-2.5447 1.33757
-2.0726 -2.12386
-2.21157 -0.368639
-2.26728 -1.23904
-1.97216 -0.803278
-2.40051 -2.13399
-1.65544 -0.717952
-0.964851 -5.02965
-2.52883 1.74061
-2.06842 -2.34778
-2.26865 -0.368698
-2.20083 -1.1616
-2.08336 -0.738616
-2.34304 -1.24063
-1.8743 -0.936822
-2.22762 -3.40704
-2.44127 -2.73402
-1.76662 -0.269711
-1.00082 -4.65016
-2.74818 1.01659
-1.68083 -2.11681
-1.11543 -4.98237
-2.74099 0.819752
-1.69026 -2.05447
-1.12914 -4.89119
-2.78602 0.554798
-1.56008 -1.99711
-1.48 -5.75533
-2.69385 0.551367
-1.77063 -1.92893
-1.69776 -4.47323
-2.80637 -3.49512
-1.73635 -4.75086
-2.78154 -3.36052
-2.20133 -3.92951
-1.41986 -5.29193
-2.83236 -0.631953
-1.27015 -1.51452
-2.83778 -4.53157
-2.12502 -4.64316
-2.42643 -4.91036
-2.25562 -4.90933
-2.38927 -4.77253
-2.24219 -5.05382
-2.42141 -4.58574
-2.12288 -5.27221
-2.53007 -4.09758
-1.58516 -5.32289
-2.82765 -1.7192
-1.23277 -0.800113
-2.93311 -4.26044
-2.15455 -4.49613
-2.29658 -5.21762
-2.40231 -4.45663
-2.02276 -5.4062
-2.61394 -3.62444
-2.03957 -4.26074
-2.24154 -5.39376
-2.47411 -4.11554
-1.57755 -5.34936
-2.82846 -1.59725
-1.21034 -0.893911
-2.98767 -3.92844
-2.069 -4.62196
-2.4789 -4.80632
-2.1922 -5.0244
-2.4581 -4.5356
-2.06749 -5.31385
-2.57239 -3.90388
-1.49201 -5.03892
-2.85934 -1.72287
-1.23959 -0.700434
-2.91926 -4.35564
-2.19553 -4.41129
-2.15989 -5.40395
-2.52568 -3.96688
-1.47606 -5.12024
-2.85601 -1.46203
-1.18051 -0.914804
-3.05203 -3.4795
-2.01009 -4.64944
-2.55273 -4.5838
-2.0623 -5.2131
-2.56808 -4.027
-1.54081 -5.24048
-2.83942 -1.63042
-1.21227 -0.836222
-2.98498 -3.96213
-2.08588 -4.59345
-2.44622 -4.90037
-2.23961 -4.92331
-2.40536 -4.73259
-2.21456 -5.10469
-2.44808 -4.48344
-2.02834 -5.36636
-2.60461 -3.71205
-1.76634 -4.6517
-2.76446 -3.60628
-1.65418 -4.84156
-2.81792 -2.88439
-2.32698 0.0351261
-2.21986 -1.43566
-1.99242 -0.677201
-2.39276 -2.15077
-1.66557 -0.698279
-0.956176 -4.97028
-2.55047 1.70354
-2.04428 -2.30074
-2.312 -0.468967
-2.12307 -1.10339
-2.21361 -0.766112
-2.16851 -0.921368
-2.19008 -0.843065
-2.18006 -0.881207
-2.18407 -0.862005
-2.18344 -0.871969
-2.18175 -0.866249
-2.18554 -0.870331
-2.17927 -0.866519
-2.18891 -0.871284
-2.17438 -0.865071
-2.19605 -0.874873
-2.16365 -0.862107
-2.2117 -0.885142
-2.1396 -0.858956
-2.246 -0.919446
-2.08451 -0.866594
-2.31967 -1.07233
-1.94822 -0.928828
-2.40404 -2.20592
-1.65306 -0.678915
-0.96651 -5.06296
-2.51112 1.77585
-2.08454 -2.39908
-2.24654 -0.320239
-2.23787 -1.22343
-2.01591 -0.762398
-2.39732 -1.70877
-1.70069 -0.909687
-1.05524 -4.7278
-2.77501 0.778911
-1.6047 -2.05956
-1.27563 -5.4988
-2.6515 1.00085
-1.89085 -2.01976
-2.4374 -2.35082
-1.6281 -0.613475
-1.02566 -5.27747
-2.45897 1.81237
-2.12039 -2.57833
-2.23348 -0.248412
-2.26727 -1.31895
-1.95256 -0.784046
-2.38048 -2.45173
-1.71935 -0.478684
-0.958222 -4.76048
-2.65744 1.41641
-1.88014 -2.17872
-2.38389 -2.85671
-1.91233 -0.114097
-1.72475 -4.28609
-2.7631 -3.94043
-1.67893 -5.21533
-2.79549 -2.51793
-1.70151 -0.0755236
-0.909617 -5.09207
-2.40226 2.02238
-2.09219 -2.95129
-2.48795 -1.27183
-1.68551 -1.18272
-1.07761 -4.75866
-2.78501 0.678303
-1.57278 -2.03244
-1.42645 -5.69764
-2.68228 0.679784
-1.80776 -1.95199
-2.02519 -4.05708
-1.98624 -5.6285
-2.68677 -2.93666
-2.0095 0.156925
-1.97346 -3.91684
-1.90039 -5.67538
-2.74066 -2.41192
-1.51249 -0.377602
-1.66368 -6.0786
-2.60565 0.836157
-1.96374 -1.90957
-2.4157 -1.03701
-1.83919 -1.10958
-2.13451 -3.72591
-1.34044 -5.02523
-2.86088 -0.702821
-1.20277 -1.40832
-3.00693 -3.63583
-1.93693 -4.79805
-2.64519 -4.12099
-1.70436 -5.32655
-2.78737 -2.43321
-1.59537 -0.218903
-1.2573 -5.74171
-2.4343 1.65507
-2.1483 -2.60114
-2.17975 -0.192482
-2.32698 -1.57969
-1.81546 -0.828006
-1.77813 -4.3074
-2.70916 -4.20334
-1.82747 -5.2742
-2.72187 -3.13689
-2.42546 -0.300183
-2.02702 -1.28367
-2.33411 -0.908756
-1.97518 -0.988204
-2.41334 -1.73486
-1.67598 -0.924739
-0.99583 -4.838
-2.67003 1.31344
-1.85756 -2.15046
-2.29013 -3.3359
-2.50557 -1.21002
-1.67891 -1.22533
-1.06476 -4.78527
-2.76482 0.806134
-1.6318 -2.06412
-1.17141 -5.2983
-2.65035 1.13131
-1.89702 -2.06593
-2.44508 -2.26906
-1.60784 -0.679323
-1.08687 -5.39889
-2.46421 1.74265
-2.12601 -2.52226
-2.19522 -0.228567
-2.30917 -1.45919
-1.86443 -0.826069
-2.1113 -3.75116
-1.33779 -5.15065
-2.83693 -0.396701
-1.29995 -1.62077
-2.75108 -4.84258
-2.21825 -4.48685
-2.21019 -5.31847
-2.47677 -4.19867
-1.68889 -5.42473
-2.79822 -2.09796
-1.36301 -0.555707
-2.45655 -5.73299
-2.66199 -2.48826
-1.52363 -0.443452
-1.57703 -6.02001
-2.5797 1.01086
-2.01696 -1.96164
-2.31789 -0.594601
-2.08226 -1.05532
-2.28642 -0.887562
-2.04088 -0.922587
-2.36485 -1.23699
-1.84807 -0.97788
-2.11478 -3.76148
-1.34146 -5.16211
-2.83575 -0.39544
-1.30282 -1.62349
-2.74107 -4.8763
-2.23037 -4.46164
-2.17133 -5.36567
-2.51063 -4.05581
-1.52815 -5.26588
-2.84007 -1.48257
-1.19123 -0.948112
-3.02932 -3.63616
-2.01672 -4.66635
-2.55085 -4.57767
-2.05964 -5.22019
-2.57034 -4.01111
-1.52929 -5.21877
-2.84247 -1.60436
-1.20671 -0.847474
-2.99789 -3.87933
-2.06946 -4.61166
-2.47385 -4.82523
-2.20114 -5.00481
-2.44882 -4.57413
-2.09988 -5.27853
-2.54667 -4.03567
-1.53251 -5.24478
-2.84061 -1.56441
-1.20067 -0.884048
-3.01054 -3.78626
-2.04806 -4.63645
-2.50787 -4.72242
-2.14594 -5.10421
-2.50073 -4.35353
-1.88735 -5.42041
-2.69984 -3.11388
-2.33308 -0.0285178
-2.2011 -1.37668
-2.03267 -0.668465
-2.3911 -1.72837
-1.70514 -0.892777
-1.0659 -4.71373
-2.7888 0.686949
-1.56365 -2.03495
-1.48044 -5.75102
-2.69689 0.532288
-1.76214 -1.92725
-1.61952 -4.53159
-2.85114 -3.01569
-2.54983 -1.65599
-1.51914 -1.11111
-1.49175 -5.87391
-2.61987 0.917982
-1.94476 -1.95546
-2.44432 -1.29049
-1.73574 -1.10836
-1.33068 -4.60447
-2.91402 -1.27915
-1.13849 -0.842757
-3.12452 -2.84853
-2.07114 -4.43731
-2.36324 -5.1481
-2.34588 -4.60196
-2.18538 -5.24627
-2.4834 -4.25928
-1.77161 -5.44406
-2.76482 -2.51285
-1.63241 -0.185781
-1.09723 -5.50849
-2.3917 1.85801
-2.11177 -2.95139
-2.46657 -0.980141
-1.79137 -1.21217
-1.84042 -4.27313
-2.61223 -4.60911
-2.05605 -5.13365
-2.56907 -4.10486
-1.6214 -5.33038
-2.81818 -1.93336
-1.29858 -0.64893
-2.72559 -5.11394
-2.43085 -3.7864
-1.68749 -4.69343
-2.81013 -3.19134
-2.47885 -2.69238
-1.70878 -0.327087
-0.910575 -4.88374
-2.53149 1.80438
-2.05872 -2.3733
-2.29921 -0.417648
-2.15192 -1.12466
-2.16454 -0.735342
-2.2415 -0.980446
-2.07405 -0.840733
-2.33749 -1.15256
-1.90436 -0.944215
-2.33702 -2.87922
-1.9921 -0.0724594
-2.11124 -3.6357
-1.37189 -4.91313
-2.87968 -1.13739
-1.14322 -1.07217
-3.11049 -2.88119
-2.0273 -4.51135
-2.47469 -4.88358
-2.2168 -4.94096
-2.42747 -4.67535
-2.17281 -5.17203
-2.48537 -4.32908
-1.85907 -5.43844
-2.71848 -2.95194
-2.1053 0.194333
-2.25421 -3.00363
-2.24153 -0.116516
-2.28225 -1.45038
-1.90205 -0.778796
-2.25732 -3.25929
-2.48199 -0.945571
-1.78121 -1.24594
-1.77051 -4.35243
-2.72938 -4.0753
-1.74449 -5.26748
-2.76609 -2.76336
-1.94167 0.154721
-1.58864 -4.35914
-2.87202 -3.03761
-2.49532 -2.58233
-1.63865 -0.444077
-1.01555 -5.29301
-2.43146 1.87007
-2.12035 -2.73029
-2.31604 -0.344144
-2.15007 -1.16941
-2.15689 -0.713193
-2.25679 -1.01317
-2.04498 -0.847663
-2.3696 -1.31728
-1.82158 -0.970005
-1.93296 -4.12446
-2.31541 -5.34495
-2.42013 -4.27477
-1.79211 -5.47998
-2.75889 -2.52306
-1.63241 -0.19014
-1.09594 -5.50547
-2.39218 1.85839
-2.112 -2.94855
-2.46484 -0.964628
-1.79784 -1.21203
-1.89331 -4.20519
-2.47812 -5.01689
-2.24798 -4.78569
-2.36353 -4.91769
-2.30365 -4.87351
-2.34123 -4.87393
-2.31085 -4.9077
-2.34322 -4.84095
-2.30036 -4.94795
-2.35968 -4.78316
-2.26864 -5.02758
-2.39734 -4.65323
-2.18079 -5.19584
-2.48156 -4.3153
-1.84237 -5.44391
-2.72847 -2.86334
-1.99073 0.167465
-1.86676 -4.0898
-2.43344 -5.15376
-2.30664 -4.61181
-2.22432 -5.21449
-2.45204 -4.3667
-1.90609 -5.44473
-2.6922 -3.13673
-2.35302 -0.0784539
-2.16782 -1.33195
-2.09295 -0.650105
-2.34607 -1.31585
-1.85135 -0.926846
-2.10262 -3.78581
-1.36801 -5.25444
-2.82451 -0.350078
-1.33603 -1.66211
-2.61688 -5.23337
-2.37275 -4.099
-1.54249 -5.36941
-2.83182 -1.29823
-1.19313 -1.10649
-3.02281 -3.62771
-1.98642 -4.71669
-2.59228 -4.40169
-1.93793 -5.3202
-2.65815 -3.49562
-2.33268 -3.4614
-2.5056 -2.10706
-1.52929 -0.831098
-1.45378 -5.87497
-2.57717 1.11908
-2.02459 -2.0098
-2.3055 -0.548268
-2.11004 -1.06318
-2.24256 -0.812959
-2.1179 -0.906083
-2.26576 -0.923619
-2.05751 -0.886073
-2.35043 -1.18305
-1.88015 -0.961893
-2.26455 -3.26284
-2.47798 -0.900527
-1.79883 -1.24734
-1.91764 -4.17386
-2.40142 -5.18779
-2.33204 -4.56175
-2.16601 -5.2921
-2.50248 -4.15975
-1.64634 -5.38805
-2.81124 -1.93823
-1.29748 -0.664007
-2.72843 -5.10246
-2.42479 -3.80997
-1.61773 -4.75998
-2.83848 -2.78341
-2.24172 0.174844
-2.31096 -1.86358
-1.79114 -0.706538
-1.48235 -4.50434
-2.90411 -2.28993
-1.78681 0.0873046
-0.884565 -4.71196
-2.5813 1.73493
-1.99618 -2.29227
-2.41294 -0.855534
-1.89301 -1.13691
-2.36689 -2.72487
-1.84634 -0.226813
-1.40415 -4.48788
-2.92163 -1.84663
-1.40222 -0.360158
-2.29739 -5.9656
-2.72682 -1.49158
-1.3114 -1.17555
-2.65852 -5.20921
-2.40469 -3.9419
-1.42917 -5.05349
-2.86491 -1.27638
-1.16014 -1.02319
-3.0858 -3.15043
-1.99121 -4.61966
-2.56352 -4.57042
-2.05167 -5.21643
-2.57571 -3.99452
-1.52098 -5.19688
-2.845 -1.59875
-1.20513 -0.844183
-3.00172 -3.85609
-2.06636 -4.61358
-2.47823 -4.81338
-2.19481 -5.01691
-2.45525 -4.54889
-2.07875 -5.30194
-2.56351 -3.95042
-1.49059 -5.11558
-2.85456 -1.56931
-1.19782 -0.837334
-3.01858 -3.74795
-2.0519 -4.62211
-2.49807 -4.75786
-2.16455 -5.07097
-2.48405 -4.42961
-1.96751 -5.38952
-2.64678 -3.47822
-2.41052 -3.08763
-2.10986 0.0396503
-2.31961 -2.57925
-1.84518 -0.301844
-1.47864 -4.46599
-2.90843 -2.30241
-1.82207 0.125519
-0.956541 -4.60439
-2.71683 1.22644
-1.75641 -2.15975
-1.43849 -4.65558
-2.89981 -1.89697
-1.38488 -0.404262
-2.3763 -5.86989
-2.70686 -1.92425
-1.32378 -0.891246
-2.6051 -5.39166
-2.50742 -3.50956
-2.5077 -2.22914
-1.53384 -0.747769
-1.44131 -5.87392
-2.56337 1.17731
-2.04673 -2.03572
-2.25919 -0.453294
-2.19157 -1.1063
-2.11045 -0.75276
-2.30811 -1.10141
-1.95497 -0.902834
-2.40475 -2.1615
-1.65047 -0.706984
-0.970584 -5.06877
-2.5137 1.76572
-2.08291 -2.38858
-2.247 -0.324099
-2.23649 -1.21929
-2.01884 -0.76162
-2.39602 -1.68137
-1.7073 -0.917188
-1.08355 -4.70255
-2.80659 0.551057
-1.50686 -1.99219
-1.80639 -5.94093
-2.76286 -0.604209
-1.4183 -1.6129
-2.1882 -5.89524
-2.71557 -2.13582
-1.36163 -0.702492
-2.44329 -5.73186
-2.65523 -2.57789
-1.5823 -0.351418
-1.27925 -5.75042
-2.45895 1.58797
-2.14552 -2.45412
-2.12494 -0.217803
-2.35791 -1.86722
-1.72749 -0.785961
-1.11863 -4.65745
-2.84298 0.242687
-1.37939 -1.86373
-2.47603 -5.50456
-2.49385 -3.68513
-2.04145 -4.23384
-2.20499 -5.44197
-2.50834 -3.97046
-1.46901 -5.11847
-2.85682 -1.41774
-1.17526 -0.945483
-3.06118 -3.39541
-2.00031 -4.65052
-2.56317 -4.55003
-2.04051 -5.23485
-2.58448 -3.94056
-1.49946 -5.11589
-2.8532 -1.62755
-1.21045 -0.796164
-2.99107 -3.93731
-2.08921 -4.58177
-2.43621 -4.9293
-2.25328 -4.88991
-2.38726 -4.79264
-2.25091 -5.02968
-2.41169 -4.62617
-2.15527 -5.22786
-2.50294 -4.2253
-1.73216 -5.42561
-2.78111 -2.34687
-1.50906 -0.344594
-1.69478 -6.09734
-2.61378 0.774437
-1.94476 -1.89543
-2.44026 -1.27731
-1.74421 -1.1046
-1.39232 -4.58002
-2.9137 -1.69173
-1.28356 -0.530676
-2.79274 -4.91852
-2.38373 -3.92895
-1.42394 -5.0353
-2.86684 -1.27583
-1.15853 -1.01727
-3.08858 -3.12728
-1.99434 -4.61063
-2.55726 -4.59635
-2.06723 -5.19793
-2.56379 -4.05861
-1.56736 -5.28057
-2.83267 -1.70947
-1.23015 -0.793463
-2.94062 -4.22325
-2.1472 -4.50637
-2.31435 -5.18748
-2.3853 -4.51411
-2.08757 -5.35358
-2.56378 -3.89343
-1.49327 -5.01077
-2.86093 -1.77868
-1.26154 -0.649472
-2.8561 -4.65163
-2.28338 -4.22047
-1.7834 -5.54461
-2.77049 -2.28185
-1.44887 -0.446093
-2.0186 -6.12175
-2.72162 -0.346922
-1.55776 -1.70568
-1.36549 -5.67179
-2.63702 0.96509
-1.91643 -1.99113
-2.46126 -1.78712
-1.60774 -0.967628
-1.06533 -5.29161
-2.51004 1.66843
-2.09611 -2.34796
-2.20386 -0.290336
-2.29071 -1.3486
-1.91428 -0.818142
-2.31569 -2.97636
-2.10902 -0.0249702
-2.33555 -2.43196
-1.77627 -0.436392
-1.15607 -4.59168
-2.87716 -0.108895
-1.24794 -1.66159
-2.91802 -4.10789
-1.99125 -4.82389
-2.60328 -4.27141
-1.82667 -5.36537
-2.7286 -2.96597
-2.15604 0.188849
-2.31492 -2.49142
-1.8225 -0.363699
-1.38472 -4.50924
-2.92184 -1.71035
-1.3097 -0.48236
-2.70102 -5.2171
-2.4888 -3.53631
-2.47929 -2.54014
-1.63509 -0.480205
-1.0212 -5.29807
-2.43676 1.8557
-2.12175 -2.69748
-2.29334 -0.305174
-2.18666 -1.19498
-2.0958 -0.714945
-2.33274 -1.21023
-1.89511 -0.924039
-2.30191 -3.07783
-2.23478 -0.0762432
-2.29453 -1.52296
-1.86997 -0.7831
-2.1122 -3.74318
-1.3344 -5.13031
-2.84007 -0.421276
-1.28884 -1.60345
-2.78748 -4.71421
-2.17476 -4.56973
-2.32817 -5.12934
-2.36641 -4.60025
-2.16886 -5.25394
-2.49591 -4.21807
-1.72047 -5.42617
-2.78608 -2.27919
-1.46398 -0.406369
-1.94159 -6.13824
-2.70167 -0.0243501
-1.66463 -1.78242
-1.08468 -4.92405
-2.73342 0.912108
-1.7128 -2.07589
-1.20051 -4.79142
-2.85772 -0.127435
-1.29315 -1.69891
-2.78791 -4.69211
-2.15811 -4.61121
-2.37318 -5.0315
-2.31826 -4.74989
-2.28911 -5.0404
-2.38296 -4.6644
-2.19715 -5.18008
-2.4681 -4.36439
-1.90107 -5.43655
-2.69397 -3.13473
-2.35388 -0.0798399
-2.16651 -1.33094
-2.0952 -0.649574
-2.34381 -1.30448
-1.85704 -0.925069
-2.13425 -3.70328
-1.3507 -4.97942
-2.86949 -0.868974
-1.16883 -1.28373
-3.06863 -3.19265
-1.94306 -4.69443
-2.62817 -4.28261
-1.84795 -5.33985
-2.71435 -3.10973
-2.36308 -0.0947843
-2.15239 -1.32156
-2.11939 -0.645656
-2.31769 -1.19675
-1.91761 -0.899531
-2.35392 -2.74765
-1.87709 -0.194364
-1.58087 -4.40212
-2.87483 -2.94394
-2.55192 -1.53256
-1.54046 -1.16885
-1.36812 -5.74511
-2.58431 1.16781
-2.01418 -2.03425
-2.33058 -0.604141
-2.06402 -1.06563
-2.31168 -0.943735
-1.99345 -0.944187
-2.40542 -1.60731
-1.70991 -0.956875
-1.11016 -4.68891
-2.82975 0.347865
-1.42606 -1.91423
-2.25325 -5.80145
-2.66564 -2.69835
-1.68958 -0.181089
-0.922485 -5.09842
-2.41895 1.98526
-2.10313 -2.84378
-2.42188 -0.696608
-1.92613 -1.18241
-2.42147 -2.08196
-1.62949 -0.773205
-1.01039 -5.1934
-2.49394 1.76113
-2.1025 -2.43462
-2.21635 -0.27452
-2.28056 -1.33189
-1.9317 -0.80395
-2.35234 -2.72667
-1.86709 -0.211936
-1.5315 -4.43141
-2.89428 -2.63497
-2.25997 0.177606
-2.29985 -1.7818
-1.81688 -0.716094
-1.69161 -4.37621
-2.80533 -3.59974
-1.62295 -4.93158
-2.82585 -2.6313
-1.94203 0.184581
-1.55416 -4.37596
-2.88822 -2.82021
-2.50408 -0.659945
-1.83086 -1.33788
-2.1779 -3.63039
-1.58894 -4.72023
-2.85253 -2.67383
-2.11942 0.251938
-2.25176 -2.99429
-2.23721 -0.114389
-2.28675 -1.46586
-1.89261 -0.783181
-2.22238 -3.40077
-2.43975 -2.74295
-1.77359 -0.259559
-1.02107 -4.63241
-2.77367 0.864117
-1.61234 -2.08336
-1.25304 -5.45801
-2.65111 1.02877
-1.89271 -2.02933
-2.44013 -2.32014
-1.62006 -0.638533
-1.04847 -5.32571
-2.45948 1.78871
-2.12305 -2.56445
-2.22073 -0.238533
-2.28253 -1.36226
-1.92185 -0.800355
-2.32867 -2.89229
-2.01496 -0.060701
-2.18459 -3.3974
-2.34243 -3.29114
-2.42999 -0.526609
-1.96239 -1.23153
-2.41873 -1.50877
-1.7145 -1.00853
-1.15326 -4.66966
-2.86013 0.0182027
-1.30704 -1.75289
-2.74956 -4.82102
-2.1986 -4.5421
-2.28056 -5.21013
-2.41196 -4.44913
-2.01039 -5.40961
-2.62239 -3.58023
-2.17324 -3.96905
-1.50476 -5.4278
-2.82416 -0.842893
-1.25181 -1.41665
-2.88475 -4.34244
-2.08171 -4.69221
-2.49211 -4.72533
-2.15591 -5.10711
-2.49331 -4.37105
-1.90653 -5.41777
-2.68812 -3.19733
-2.43936 -0.378254
-1.98962 -1.28227
-2.38867 -1.16966
-1.83643 -1.03507
-2.07704 -3.85953
-1.50736 -5.47543
-2.8163 -0.700507
-1.29094 -1.50891
-2.76726 -4.8084
-2.21689 -4.47647
-2.20181 -5.33228
-2.4847 -4.16357
-1.64406 -5.39649
-2.81206 -1.90047
-1.28377 -0.694131
-2.77688 -4.93998
-2.36524 -4.00754
-1.4412 -5.21198
-2.84789 -1.00513
-1.1903 -1.26059
-3.02908 -3.5269
-1.94992 -4.75433
-2.63041 -4.22347
-1.7946 -5.34954
-2.74477 -2.84897
-2.01108 0.185428
-1.95193 -3.95218
-2.0267 -5.64234
-2.66997 -3.0275
-2.11877 0.171748
-2.28501 -2.80906
-2.02334 -0.0963201
-2.23284 -3.20911
-2.47067 -0.869038
-1.81692 -1.23999
-2.05098 -3.93877
-1.70966 -5.6228
-2.79942 -1.55943
-1.22627 -0.998374
-2.94491 -4.14477
-2.09367 -4.61388
-2.44735 -4.88493
-2.23498 -4.9405
-2.41218 -4.70515
-2.19754 -5.13739
-2.46397 -4.41603
-1.95815 -5.41049
-2.65552 -3.40551
-2.51643 -2.21526
-1.52326 -0.761116
-1.50073 -5.9243
-2.58665 1.04522
-2.00723 -1.98048
-2.33997 -0.650604
-2.03973 -1.06257
-2.3468 -1.06606
-1.9161 -0.977963
-2.37374 -2.61275
-1.78205 -0.336268
-1.11155 -4.59569
-2.85276 0.205751
-1.34932 -1.83587
-2.6038 -5.23635
-2.36208 -4.1504
-1.61968 -5.44285
-2.81808 -1.60453
-1.21644 -0.916838
-2.972 -4.0153
-2.08089 -4.61441
-2.46213 -4.85116
-2.21617 -4.97773
-2.43326 -4.6313
-2.14504 -5.22067
-2.50964 -4.21333
-1.71902 -5.41802
-2.78614 -2.29277
-1.47401 -0.39129
-1.88715 -6.14022
-2.68522 0.176085
-1.73377 -1.81574
-1.41104 -4.63775
-2.90567 -1.74944
-1.30183 -0.513778
-2.72758 -5.13372
-2.45635 -3.67299
-2.10376 -4.10061
-1.86707 -5.6243
-2.74537 -2.4451
-1.54323 -0.3269
-1.50149 -5.97936
-2.53605 1.21919
-2.08577 -2.06701
-2.17608 -0.36281
-2.3066 -1.34833
-1.89362 -0.846999
-2.26109 -3.25624
-2.47635 -0.889331
-1.80403 -1.24648
-1.95829 -4.11095
-2.23789 -5.44718
-2.49208 -4.00375
-1.47616 -5.17504
-2.85166 -1.34269
-1.17382 -1.01706
-3.06211 -3.35966
-1.98569 -4.66702
-2.58229 -4.4746
-1.99037 -5.27943
-2.62114 -3.7323
-1.68091 -4.75105
-2.81068 -3.10253
-2.54799 -1.56323
-1.53922 -1.15238
-1.37478 -5.75467
-2.58469 1.1605
-2.01347 -2.03107
-2.33176 -0.608586
-2.06136 -1.06551
-2.31561 -0.955002
-1.98541 -0.947768
-2.40931 -1.68823
-1.6893 -0.93575
-1.02708 -4.77074
-2.73267 1.02522
-1.71834 -2.10924
-1.21642 -4.78214
-2.86649 -0.256629
-1.25367 -1.62262
-2.89838 -4.22198
-2.02475 -4.78757
-2.56979 -4.42326
-1.95407 -5.32806
-2.64858 -3.53918
-2.22825 -3.82247
-1.3775 -5.00173
-2.86943 -1.01634
-1.15807 -1.1889
-3.08641 -3.06939
-1.9719 -4.62994
-2.58672 -4.48621
-1.99734 -5.26607
-2.61563 -3.77273
-1.60502 -4.83677
-2.83844 -2.64191
-2.00711 0.227626
-1.88717 -4.052
-2.34592 -5.32098
-2.39767 -4.33335
-1.87877 -5.48478
-2.71418 -2.92546
-2.05189 0.185893
-2.12103 -3.55634
-1.54948 -4.73685
-2.86513 -2.44841
-1.83376 0.113206
-1.00905 -4.57239
-2.78075 0.862284
-1.59407 -2.08403
-1.3403 -5.58839
-2.66578 0.862377
-1.85551 -1.98883
-2.32942 -3.13406
-2.25775 -0.0826205
-2.27173 -1.44642
-1.91713 -0.760855
-2.29886 -3.0559
-2.21611 -0.0631243
-2.31197 -1.61321
-1.82863 -0.791005
-1.84745 -4.22548
-2.57491 -4.75126
-2.12359 -5.03148
-2.51333 -4.3864
-1.92181 -5.3963
-2.67608 -3.30047
-2.53107 -1.17404
-1.65477 -1.27124
-1.02479 -4.91074
-2.6725 1.25774
-1.85329 -2.13257
-2.27357 -3.40025
-2.50586 -2.02875
-1.52987 -0.880796
-1.44366 -5.85937
-2.57898 1.12107
-2.02179 -2.01126
-2.31173 -0.562412
-2.09857 -1.06215
-2.26029 -0.837415
-2.08818 -0.909861
-2.30654 -1.0096
-1.98182 -0.920639
-2.41017 -1.77851
-1.67281 -0.903125
-0.987325 -4.86023
-2.64943 1.39367
-1.89687 -2.16437
-2.43527 -2.42881
-1.64662 -0.550976
-0.981758 -5.1725
-2.46356 1.8497
-2.11345 -2.57824
-2.24978 -0.26934
-2.24513 -1.26595
-1.99547 -0.761582
-2.40178 -1.93149
-1.66372 -0.825181
-0.969762 -4.93585
-2.58863 1.59268
-1.996 -2.22719
-2.39936 -0.803992
-1.92413 -1.12185
-2.41283 -2.21355
-1.64243 -0.684267
-0.984437 -5.13647
-2.4918 1.79395
-2.10074 -2.45677
-2.22847 -0.280335
-2.26645 -1.29569
-1.95927 -0.788265
-2.38883 -2.34468
-1.68679 -0.568264
-0.940249 -4.89415
-2.56911 1.68163
-2.01961 -2.27492
-2.36107 -0.620898
-2.02197 -1.10019
-2.36534 -1.13301
-1.87503 -0.999011
-2.26091 -3.28519
-2.4955 -1.095
-1.72277 -1.23779
-1.28925 -4.63422
-2.90777 -0.972457
-1.11307 -1.08138
-3.147 -2.42422
-2.21868 -4.03598
-1.54888 -5.4516
-2.82417 -1.08448
-1.21881 -1.27039
-2.96602 -3.94652
-2.00858 -4.74534
-2.57716 -4.43224
-1.96084 -5.31513
-2.64311 -3.58293
-2.09498 -4.15623
-1.9792 -5.60004
-2.6826 -3.00398
-2.10624 0.178244
-2.26342 -2.95473
-2.17861 -0.0700926
-2.33661 -1.79199
-1.76562 -0.778451
-1.3493 -4.56433
-2.91838 -1.43935
-1.1807 -0.708463
-3.06014 -3.49387
-2.05395 -4.57523
-2.47486 -4.84567
-2.20642 -4.98248
-2.44188 -4.60911
-2.12659 -5.2434
-2.52477 -4.14434
-1.63817 -5.36993
-2.81346 -1.93604
-1.29751 -0.659804
-2.72867 -5.10251
-2.42538 -3.80732
-1.62505 -4.75301
-2.83592 -2.8271
-2.3052 0.0844734
-2.2508 -1.51984
-1.93066 -0.704894
-2.31183 -2.96869
-2.10789 -0.0281787
-2.33558 -2.43526
-1.777 -0.434013
-1.15835 -4.59052
-2.87842 -0.126269
-1.24266 -1.65077
-2.93049 -4.04185
-1.97677 -4.83302
-2.61598 -4.21314
-1.77542 -5.36074
-2.75563 -2.7318
-1.86939 0.0885859
-1.21006 -4.50817
-2.91049 -0.581052
-1.12373 -1.31601
-3.13007 -2.50065
-2.17406 -4.14407
-1.80236 -5.59418
-2.76873 -2.21791
-1.40778 -0.516146
-2.2332 -6.00228
-2.73408 -1.35119
-1.3199 -1.25608
-2.62741 -5.27616
-2.425 -3.8817
-1.4789 -4.92223
-2.86984 -1.82495
-1.29069 -0.580601
-2.76187 -5.01301
-2.40639 -3.86219
-1.49736 -4.88478
-2.86865 -1.98837
-1.38497 -0.436582
-2.36917 -5.87418
-2.70749 -1.92526
-1.32341 -0.889568
-2.6068 -5.38797
-2.50608 -3.51535
-2.50204 -2.30392
-1.54954 -0.6895
-1.36389 -5.8031
-2.52927 1.34632
-2.09278 -2.14262
-2.16924 -0.334214
-2.31791 -1.41399
-1.86341 -0.852936
-2.1237 -3.72224
-1.33417 -5.04935
-2.85541 -0.605617
-1.22703 -1.47654
-2.9552 -3.94966
-1.9792 -4.80213
-2.61107 -4.26019
-1.81942 -5.36092
-2.73223 -2.94196
-2.12588 0.19839
-2.28415 -2.80089
-2.01925 -0.100774
-2.22448 -3.2475
-2.50033 -1.22292
-1.68232 -1.21418
-1.07341 -4.77062
-2.77754 0.725429
-1.59502 -2.04492
-1.31466 -5.55906
-2.65684 0.932834
-1.87723 -2.00196
-2.40758 -2.64265
-1.75348 -0.339926
-0.992976 -4.6723
-2.73238 1.09509
-1.72014 -2.13022
-1.21825 -4.78376
-2.86691 -0.267041
-1.25122 -1.61683
-2.90448 -4.19211
-2.01767 -4.79375
-2.577 -4.3934
-1.93023 -5.33999
-2.66473 -3.43507
-2.46 -2.77682
-1.7777 -0.230212
-1.01913 -4.62833
-2.77312 0.871065
-1.61403 -2.0852
-1.24668 -5.44676
-2.6507 1.03797
-1.89383 -2.03221
-2.44187 -2.29831
-1.61503 -0.655832
-1.06361 -5.35541
-2.46102 1.77106
-2.12441 -2.54939
-2.21072 -0.233324
-2.29356 -1.39848
-1.89877 -0.811773
-2.26239 -3.24367
-2.46529 -0.798613
-1.84331 -1.24277
-2.21501 -3.49837
-2.19131 -3.83506
-1.35809 -5.10994
-2.85069 -0.645037
-1.23079 -1.46692
-2.94525 -4.01085
-1.99349 -4.79096
-2.59764 -4.32129
-1.87148 -5.35572
-2.70198 -3.17903
-2.44183 -0.382875
-1.98529 -1.28498
-2.39386 -1.20492
-1.82065 -1.0377
-1.97066 -4.07004
-2.15122 -5.54047
-2.56927 -3.64918
-2.06417 -4.2046
-2.11843 -5.52308
-2.58161 -3.62568
-2.12268 -4.08303
-1.79501 -5.61481
-2.77416 -2.10265
-1.35194 -0.612842
-2.50117 -5.64903
-2.62971 -2.76687
-1.7318 -0.149651
-0.889264 -4.85271
-2.51658 1.86211
-2.06917 -2.42745
-2.29259 -0.387278
-2.16758 -1.14179
-2.13689 -0.727496
-2.27956 -1.04532
-2.0066 -0.870106
-2.39985 -1.60275
-1.71783 -0.949244
-1.14603 -4.66544
-2.85718 0.0628676
-1.32035 -1.77585
-2.70539 -4.96293
-2.25034 -4.43519
-2.12047 -5.41413
-2.55267 -3.86592
-1.51132 -4.94616
-2.86114 -1.98896
-1.37233 -0.463001
-2.42698 -5.79201
-2.6842 -2.24037
-1.40391 -0.657686
-2.22854 -5.98712
-2.73363 -1.47207
-1.30456 -1.17999
-2.68665 -5.13021
-2.37242 -4.04548
-1.47669 -5.28012
-2.84154 -1.08276
-1.19285 -1.22743
-3.02358 -3.57966
-1.96028 -4.74934
-2.62091 -4.26645
-1.83007 -5.35106
-2.72546 -3.00995
-2.22251 0.146167
-2.32 -1.91897
-1.77293 -0.700503
-1.34221 -4.55887
-2.91917 -1.39982
-1.169 -0.734538
-3.08079 -3.31712
-2.04266 -4.56669
-2.48423 -4.82799
-2.19545 -4.99999
-2.45291 -4.56942
-2.09457 -5.28209
-2.55069 -4.01791
-1.52026 -5.21977
-2.84383 -1.54122
-1.19608 -0.892231
-3.02049 -3.71681
-2.03703 -4.64445
-2.52266 -4.67628
-2.11939 -5.14406
-2.52311 -4.24952
-1.76953 -5.42092
-2.76362 -2.56137
-1.68045 -0.123239
-0.949418 -5.20457
-2.38872 1.99908
-2.08748 -3.02649
-2.49762 -1.81176
-1.55929 -0.994156
-1.2704 -5.64812
-2.53611 1.40628
-2.08202 -2.1676
-2.19679 -0.342435
-2.28864 -1.30643
-1.92722 -0.824044
-2.34976 -2.75353
-1.88639 -0.185438
-1.63482 -4.36618
-2.84509 -3.29344
-2.03662 -4.31861
-2.31073 -5.28319
-2.4064 -4.37473
-1.92853 -5.46332
-2.68183 -3.18297
-2.40474 -0.239019
-2.06805 -1.27891
-2.26718 -0.749384
-2.10342 -0.949844
-2.27693 -0.921038
-2.04379 -0.90053
-2.36438 -1.24845
-1.84568 -0.974701
-2.09854 -3.80169
-1.38897 -5.30142
-2.82109 -0.373612
-1.33961 -1.6568
-2.60032 -5.27525
-2.39212 -4.03757
-1.46967 -5.25309
-2.84436 -1.10451
-1.18711 -1.20526
-3.035 -3.5024
-1.95756 -4.73767
-2.62172 -4.27301
-1.8365 -5.34872
-2.72164 -3.04304
-2.26905 0.0924489
-2.28545 -1.62841
-1.8616 -0.737659
-2.02913 -3.92843
-1.75192 -5.64479
-2.79046 -1.73528
-1.24749 -0.884246
-2.88718 -4.4617
-2.19076 -4.44732
-2.20474 -5.34708
-2.4856 -4.14454
-1.6193 -5.37887
-2.81877 -1.79118
-1.25102 -0.766782
-2.8815 -4.51545
-2.22503 -4.36486
-2.06551 -5.48211
-2.60189 -3.59123
-2.19424 -3.90923
-1.40408 -5.26535
-2.83355 -0.589374
-1.2748 -1.53397
-2.82508 -4.58054
-2.13813 -4.6247
-2.40281 -4.96928
-2.28525 -4.83585
-2.34668 -4.89972
-2.31275 -4.88206
-2.33584 -4.87298
-2.31491 -4.90449
-2.33921 -4.84877
-2.30578 -4.93566
-2.35301 -4.80321
-2.28086 -4.99957
-2.38377 -4.70097
-2.21563 -5.13651
-2.45024 -4.44819
-1.99443 -5.39461
-2.63036 -3.55797
-2.22515 -3.8277
-1.37269 -5.01904
-2.86678 -0.948026
-1.16638 -1.24196
-3.07269 -3.17411
-1.95136 -4.67964
-2.61801 -4.33462
-1.88873 -5.33004
-2.68942 -3.29511
-2.5373 -1.31446
-1.61031 -1.23676
-1.06532 -5.22425
-2.55527 1.55968
-2.04854 -2.2276
-2.28468 -0.434338
-2.16533 -1.11339
-2.1471 -0.740295
-2.26337 -1.00839
-2.03762 -0.857472
-2.37592 -1.35552
-1.80417 -0.973174
-1.80103 -4.29664
-2.67732 -4.35055
-1.91561 -5.25059
-2.66781 -3.52137
-2.21806 -3.85653
-1.36587 -5.09647
-2.85458 -0.733193
-1.21071 -1.40786
-2.98974 -3.75385
-1.95348 -4.79893
-2.63196 -4.17768
-1.75053 -5.34731
-2.76712 -2.63457
-1.77173 -0.00866783
-0.893654 -4.73016
-2.58544 1.71148
-1.99177 -2.28042
-2.4184 -0.89442
-1.87542 -1.13997
-2.31718 -3.04371
-2.17428 -0.0285976
-2.33943 -1.89504
-1.74888 -0.743741
-1.21329 -4.60864
-2.89585 -0.485061
-1.16011 -1.42277
-3.08326 -2.98841
-1.95379 -4.63202
-2.60561 -4.41747
-1.95033 -5.29632
-2.64841 -3.57631
-2.0998 -4.14701
-1.95382 -5.60764
-2.69825 -2.88348
-1.95384 0.129273
-1.69647 -4.28317
-2.79042 -3.77934
-1.61631 -5.11702
-2.82129 -2.34156
-1.57701 -0.217709
-1.35323 -5.85475
-2.46608 1.51582
-2.14753 -2.38344
-2.09855 -0.239433
-2.36408 -2.03445
-1.70503 -0.720552
-1.00484 -4.74876
-2.71708 1.1298
-1.75616 -2.12927
-1.45625 -4.64364
-2.89759 -2.01352
-1.47076 -0.294723
-1.93593 -6.15257
-2.6907 0.0811195
-1.70617 -1.79787
-1.22571 -4.73127
-2.8793 -0.402447
-1.20469 -1.51828
-3.00763 -3.59214
-1.915 -4.82077
-2.66349 -4.01478
-1.62053 -5.26136
-2.81832 -2.09104
-1.37767 -0.504773
-2.39281 -5.83373
-2.69531 -2.11743
-1.36342 -0.749978
-2.42928 -5.74622
-2.65861 -2.55747
-1.56865 -0.370307
-1.3451 -5.82513
-2.48327 1.4819
-2.13647 -2.30932
-2.10368 -0.264501
-2.36477 -1.93691
-1.71101 -0.767447
-1.0405 -4.71428
-2.76575 0.854892
-1.63194 -2.07838
-1.17636 -5.30691
-2.65132 1.12128
-1.89496 -2.06318
-2.44186 -2.31182
-1.61684 -0.646079
-1.0585 -5.34638
-2.4598 1.77831
-2.12415 -2.55791
-2.21516 -0.234921
-2.28885 -1.38275
-1.90866 -0.806905
-2.29394 -3.09259
-2.26365 -0.112543
-2.26063 -1.39907
-1.94285 -0.753135
-2.35713 -2.66826
-1.82963 -0.269348
-1.3363 -4.51512
-2.9242 -1.40444
-1.17382 -0.711033
-3.07314 -3.38998
-2.04881 -4.56771
-2.47733 -4.84428
-2.20447 -4.98361
-2.44362 -4.60438
-2.12264 -5.2481
-2.52797 -4.12938
-1.62161 -5.35611
-2.81817 -1.86798
-1.27415 -0.704779
-2.81002 -4.81977
-2.3248 -4.12343
-1.59418 -5.44154
-2.82229 -1.43586
-1.20242 -1.03273
-3.00318 -3.78679
-2.02044 -4.68846
-2.55315 -4.55449
-2.04593 -5.23927
-2.581 -3.94976
-1.50042 -5.12854
-2.85226 -1.60836
-1.20611 -0.814176
-3.00063 -3.87243
-2.07483 -4.59953
-2.46208 -4.86075
-2.21883 -4.96723
-2.42964 -4.64794
-2.15679 -5.2026
-2.49964 -4.26016
-1.77603 -5.43532
-2.76184 -2.5588
-1.67432 -0.132401
-0.964108 -5.24186
-2.3856 1.98863
-2.08669 -3.04288
-2.49431 -1.943
-1.54861 -0.922661
-1.33296 -5.73705
-2.5462 1.32251
-2.07085 -2.11499
-2.2143 -0.373996
-2.26308 -1.22757
-1.98066 -0.799295
-2.40305 -2.03247
-1.65452 -0.77708
-0.968863 -5.01252
-2.54484 1.70017
-2.05211 -2.30556
-2.29509 -0.430224
-2.15373 -1.11681
-2.16367 -0.739032
-2.24176 -0.978722
-2.07416 -0.841591
-2.33721 -1.15089
-1.90515 -0.944036
-2.33904 -2.866
-1.97883 -0.0830811
-2.06418 -3.7602
-1.39266 -5.33011
-2.8154 -0.316517
-1.36271 -1.68868
-2.50302 -5.48086
-2.48973 -3.68252
-2.05452 -4.20813
-2.14385 -5.50386
-2.56133 -3.72638
-1.80272 -4.59956
-2.73612 -3.83912
-1.58176 -5.13018
-2.83277 -2.11835
-1.41431 -0.432205
-2.2161 -6.02698
-2.73529 -1.18493
-1.34642 -1.35199
-2.517 -5.50568
-2.52141 -3.50307
-2.51045 -2.20008
-1.52825 -0.769822
-1.46981 -5.89699
-2.57623 1.10919
-2.02582 -2.00496
-2.30236 -0.542801
-2.11538 -1.06339
-2.23437 -0.803676
-2.13114 -0.90595
-2.24698 -0.896323
-2.08948 -0.875965
-2.31133 -1.04144
-1.96709 -0.921326
-2.41108 -1.95952
-1.64936 -0.824533
-0.976327 -5.03047
-2.5453 1.68978
-2.05242 -2.30009
-2.29292 -0.427549
-2.15704 -1.11798
-2.1584 -0.738011
-2.24898 -0.988344
-2.06198 -0.846114
-2.35109 -1.211
-1.87196 -0.957614
-2.22783 -3.40965
-2.43787 -2.75983
-1.78611 -0.240752
-1.06178 -4.6045
-2.81642 0.557657
-1.48141 -1.98904
-1.96371 -5.94687
-2.76269 -1.31627
-1.28306 -1.24042
-2.7715 -4.84816
-2.2604 -4.35005
-2.00378 -5.50657
-2.64504 -3.34955
-2.53492 -1.32579
-1.61064 -1.23022
-1.06398 -5.22214
-2.55469 1.56269
-2.04915 -2.22952
-2.28367 -0.431844
-2.16719 -1.11489
-2.14398 -0.739805
-2.26759 -1.01579
-2.03011 -0.860968
-2.38266 -1.40809
-1.78294 -0.973137
-1.62744 -4.44731
-2.8496 -3.15102
-2.38925 -3.26259
-2.35538 -0.229538
-2.13069 -1.24443
-2.17048 -0.680217
-2.24687 -1.01786
-2.05687 -0.834274
-2.35857 -1.25828
-1.85036 -0.961961
-2.1186 -3.74965
-1.33562 -5.12411
-2.84175 -0.44524
-1.28115 -1.58877
-2.81122 -4.62481
-2.14653 -4.61762
-2.38967 -4.99828
-2.30034 -4.79705
-2.32183 -4.96439
-2.34549 -4.78647
-2.28103 -5.01485
-2.38581 -4.68373
-2.20548 -5.15764
-2.45983 -4.40599
-1.94854 -5.41921
-2.66274 -3.3537
-2.53925 -1.6253
-1.53826 -1.1177
-1.38007 -5.76496
-2.58272 1.16273
-2.01665 -2.03145
-2.32496 -0.589467
-2.07495 -1.06449
-2.29563 -0.903407
-2.02482 -0.930567
-2.38118 -1.34221
-1.80095 -0.985702
-1.784 -4.31588
-2.7047 -4.21881
-1.83615 -5.27503
-2.71693 -3.17265
-2.46494 -0.496468
-1.926 -1.29823
-2.4309 -1.91571
-1.6287 -0.871349
-1.01039 -5.16243
-2.51442 1.71832
-2.08687 -2.36389
-2.23004 -0.310939
-2.25854 -1.26035
-1.97858 -0.78394
-2.40078 -2.09148
-1.65536 -0.742383
-0.966122 -5.02026
-2.53628 1.72278
-2.06104 -2.32767
-2.28023 -0.39478
-2.18061 -1.13865
-2.11836 -0.733557
-2.30196 -1.09513
-1.96447 -0.893838
-2.40801 -2.04867
-1.64748 -0.77497
-0.976307 -5.06183
-2.52655 1.73165
-2.07198 -2.34736
-2.26014 -0.355516
-2.21403 -1.17793
-2.0605 -0.746045
-2.36599 -1.36681
-1.81377 -0.952484
-1.86165 -4.22316
-2.54916 -4.8277
-2.15967 -4.97067
-2.47896 -4.53395
-2.05762 -5.30606
-2.57828 -3.88923
-1.49748 -5.01757
-2.85967 -1.79407
-1.26695 -0.640814
-2.83918 -4.72195
-2.30536 -4.16536
-1.67376 -5.50096
-2.80573 -1.77148
-1.2479 -0.817611
-2.88852 -4.47166
-2.20453 -4.41218
-2.14918 -5.41102
-2.53392 -3.93273
-1.47549 -5.06102
-2.86044 -1.57525
-1.19854 -0.813856
-3.01794 -3.76001
-2.05821 -4.61214
-2.48683 -4.79305
-2.1831 -5.03692
-2.46658 -4.50438
-2.03931 -5.33929
-2.59407 -3.78807
-1.59927 -4.83507
-2.84073 -2.61381
-1.97321 0.211586
-1.71513 -4.25684
-2.7671 -3.93826
-1.68243 -5.21322
-2.79394 -2.54057
-1.72378 -0.0491967
-0.881322 -4.96428
-2.43925 2.00214
-2.10086 -2.74757
-2.37019 -0.497608
-2.04425 -1.14877
-2.32712 -0.949421
-1.97259 -0.967727
-2.41347 -1.80278
-1.66495 -0.898135
-0.97985 -4.9069
-2.61725 1.50082
-1.95268 -2.19021
-2.45865 -1.33987
-1.7052 -1.11938
-1.14517 -4.69016
-2.85127 0.105309
-1.34101 -1.80237
-2.62964 -5.17617
-2.33721 -4.21871
-1.73829 -5.51106
-2.78535 -2.13361
-1.37272 -0.556097
-2.40874 -5.8044
-2.68517 -2.25237
-1.408 -0.64535
-2.20799 -6.00468
-2.73648 -1.36142
-1.31489 -1.24706
-2.648 -5.22469
-2.40408 -3.95223
-1.42804 -5.07541
-2.86275 -1.22429
-1.16086 -1.06745
-3.08368 -3.15041
-1.98323 -4.63117
-2.57535 -4.52387
-2.02235 -5.24642
-2.59759 -3.87395
-1.50637 -5.01097
-2.85823 -1.86068
-1.29575 -0.589031
-2.74222 -5.07429
-2.42562 -3.79708
-1.65355 -4.72538
-2.8251 -2.99524
-2.50984 -0.755987
-1.797 -1.33048
-1.9365 -4.15317
-2.33905 -5.30068
-2.39508 -4.36533
-1.9214 -5.4729
-2.68768 -3.13254
-2.33537 -0.0388144
-2.19645 -1.36704
-2.0417 -0.665762
-2.38679 -1.65133
-1.72461 -0.912159
-1.16562 -4.65015
-2.87024 -0.0965324
-1.2666 -1.68406
-2.86921 -4.34955
-2.05286 -4.76506
-2.54003 -4.53691
-2.03916 -5.26507
-2.58736 -3.89668
-1.49772 -5.04106
-2.85814 -1.75572
-1.25074 -0.677524
-2.88783 -4.50851
-2.23879 -4.32379
-1.99263 -5.52435
-2.65577 -3.26768
-2.47766 -0.611468
-1.87874 -1.29885
-2.36943 -2.75336
-1.8597 -0.202263
-1.46889 -4.45987
-2.9115 -2.25159
-1.77042 0.0742262
-0.866927 -4.7801
-2.52183 1.88278
-2.06096 -2.42607
-2.31144 -0.428349
-2.13432 -1.12298
-2.19183 -0.743929
-2.20314 -0.94355
-2.13593 -0.828633
-2.25812 -0.952133
-2.05972 -0.868134
-2.35047 -1.19427
-1.87712 -0.959781
-2.25127 -3.31841
-2.5122 -1.48047
-1.60332 -1.15014
-1.08088 -5.28746
-2.53597 1.59118
-2.07222 -2.26359
-2.23775 -0.351331
-2.24113 -1.20783
-2.01531 -0.771296
-2.39749 -1.6977
-1.70245 -0.913873
-1.06314 -4.72046
-2.78435 0.715543
-1.57701 -2.04297
-1.40862 -5.67689
-2.67852 0.720423
-1.8191 -1.95957
-2.11323 -3.87067
-1.45391 -5.3956
-2.82017 -0.571198
-1.30611 -1.56719
-2.71973 -4.95758
-2.2662 -4.37487
-2.03041 -5.48583
-2.62422 -3.48237
-2.44925 -2.83869
-1.83199 -0.158939
-1.23947 -4.53075
-2.91397 -0.755451
-1.10831 -1.19745
-3.14832 -2.31903
-2.2869 -3.81662
-1.45104 -4.8916
-2.87696 -1.69434
-1.24 -0.664352
-2.92041 -4.35927
-2.20315 -4.39174
-2.12718 -5.43668
-2.55334 -3.8373
-1.54512 -4.88836
-2.85565 -2.26123
-1.58376 -0.183395
-1.3301 -5.83404
-2.45333 1.56109
-2.15131 -2.45917
-2.11395 -0.214578
-2.36083 -1.9588
-1.71428 -0.751399
-1.04595 -4.7055
-2.77366 0.806443
-1.60962 -2.06704
-1.25707 -5.46751
-2.64984 1.02934
-1.89516 -2.02819
-2.44419 -2.26408
-1.60836 -0.682023
-1.08451 -5.39364
-2.46458 1.74417
-2.12563 -2.52167
-2.19586 -0.229252
-2.30848 -1.45578
-1.8661 -0.825609
-2.12028 -3.72772
-1.33231 -5.07145
-2.85096 -0.543106
-1.24564 -1.52022
-2.91041 -4.1872
-2.02807 -4.7692
-2.56369 -4.45859
-1.9812 -5.30888
-2.6294 -3.65968
-1.87036 -4.53011
-2.66602 -4.24945
-1.838 -5.31076
-2.71794 -3.11981
-2.3889 -0.168688
-2.10441 -1.29379
-2.20332 -0.672359
-2.20626 -0.985134
-2.12075 -0.811361
-2.28259 -1.00509
-2.01356 -0.884942
-2.39457 -1.51077
-1.7442 -0.967538
-1.31919 -4.59449
-2.9149 -1.21528
-1.12762 -0.884943
-3.13717 -2.67935
-2.11432 -4.32563
-2.18157 -5.42805
-2.51813 -3.96068
-1.471 -5.10462
-2.85772 -1.45994
-1.17949 -0.910922
-3.05414 -3.46458
-2.01003 -4.64691
-2.55203 -4.58773
-2.06461 -5.21003
-2.56629 -4.03689
-1.54829 -5.25333
-2.83749 -1.64958
-1.21643 -0.826911
-2.97507 -4.02355
-2.09909 -4.57701
-2.42183 -4.96216
-2.27042 -4.84999
-2.36317 -4.86443
-2.29113 -4.93421
-2.36464 -4.7886
-2.26673 -5.02383
-2.39837 -4.65496
-2.18108 -5.19394
-2.48117 -4.31819
-1.84587 -5.44357
-2.7265 -2.88022
-2.01159 0.176998
-1.96303 -3.93328
-1.96118 -5.66534
-2.70986 -2.71109
-1.7533 -0.0662585
-0.886406 -4.7866
-2.54729 1.80534
-2.03858 -2.35118
-2.33915 -0.524633
-2.07505 -1.10296
-2.28815 -0.86833
-2.04398 -0.93049
-2.36021 -1.20585
-1.86198 -0.975482
-2.18958 -3.54549
-1.91647 -4.37917
-2.55481 -4.73953
-2.12835 -5.05979
-2.51146 -4.36531
-1.90022 -5.40804
-2.69062 -3.19252
-2.43749 -0.368285
-1.99455 -1.28195
-2.38226 -1.12849
-1.85539 -1.03109
-2.18505 -3.56797
-1.81627 -4.5058
-2.71383 -4.04191
-1.70047 -5.27091
-2.78707 -2.52881
-1.69397 -0.09038
-0.922716 -5.13322
-2.39547 2.01752
-2.08922 -2.99051
-2.49774 -1.54483
-1.60747 -1.10945
-1.06689 -5.26173
-2.53287 1.61382
-2.07445 -2.27926
-2.23625 -0.344599
-2.24434 -1.21639
-2.00878 -0.773574
-2.4 -1.76007
-1.68858 -0.894982
-1.01423 -4.78171
-2.7147 1.1211
-1.76155 -2.12453
-1.50461 -4.61745
-2.8883 -2.31442
-1.75219 0.0407671
-0.8641 -4.85564
-2.4764 1.96578
-2.09083 -2.58279
-2.30545 -0.366198
-2.15733 -1.15499
-2.14918 -0.719973
-2.26528 -1.02291
-2.0312 -0.855857
-2.38212 -1.40749
-1.78375 -0.972322
-1.63357 -4.44303
-2.84623 -3.18956
-2.31538 -3.57917
-2.25778 -3.65639
-1.80789 -4.53052
-2.72494 -3.9633
-1.64873 -5.23191
-2.80805 -2.31868
-1.52899 -0.292979
-1.59568 -6.05081
-2.56899 1.03698
-2.03475 -1.96924
-2.28004 -0.50976
-2.15162 -1.06967
-2.17811 -0.764695
-2.21621 -0.940392
-2.11884 -0.835884
-2.27986 -0.986246
-2.0222 -0.886032
-2.38755 -1.4329
-1.77092 -0.975781
-1.5304 -4.50561
-2.88942 -2.55907
-2.10881 0.269632
-2.22232 -3.14637
-2.43432 -0.638667
-1.92656 -1.21571
-2.42484 -2.02387
-1.62755 -0.809096
-1.01398 -5.19368
-2.49926 1.74636
-2.09926 -2.41307
-2.21656 -0.28144
-2.27905 -1.32332
-1.93576 -0.803301
-2.35999 -2.66411
-1.82371 -0.276007
-1.30391 -4.52575
-2.92245 -1.18686
-1.12213 -0.874448
-3.14426 -2.59744
-2.14632 -4.24635
-2.01821 -5.55625
-2.64885 -3.26695
-2.46663 -0.544492
-1.91104 -1.29163
-2.4226 -2.16919
-1.62834 -0.722968
-1.01575 -5.22344
-2.48172 1.77966
-2.11036 -2.48021
-2.21475 -0.258759
-2.28509 -1.35493
-1.92018 -0.806628
-2.32689 -2.90538
-2.02842 -0.0522201
-2.21903 -3.2583
-2.50674 -1.37736
-1.63473 -1.17848
-1.01606 -5.04877
-2.59133 1.52329
-1.99582 -2.19599
-2.39363 -0.786306
-1.93611 -1.1151
-2.41965 -2.03857
-1.63329 -0.79494
-1.00111 -5.15644
-2.50427 1.7502
-2.09409 -2.40246
-2.22517 -0.29358
-2.26744 -1.28883
-1.95963 -0.791556
-2.38983 -2.33228
-1.68362 -0.578202
-0.940865 -4.90863
-2.56227 1.69676
-2.02835 -2.28667
-2.34466 -0.562174
-2.05815 -1.09619
-2.315 -0.938084
-1.99084 -0.950748
-2.40672 -1.62361
-1.70499 -0.953697
-1.08726 -4.70584
-2.80855 0.530864
-1.49995 -1.98543
-1.84607 -5.94846
-2.76557 -0.771624
-1.37711 -1.5372
-2.39541 -5.68314
-2.60195 -3.09581
-2.12397 0.140005
-2.30246 -2.6804
-1.91724 -0.201031
-1.85576 -4.15136
-2.50919 -4.96227
-2.21762 -4.8405
-2.40668 -4.80041
-2.23923 -5.02735
-2.42072 -4.61143
-2.1404 -5.24398
-2.51503 -4.17356
-1.67004 -5.39457
-2.80368 -2.06692
-1.35093 -0.569763
-2.51183 -5.6365
-2.6279 -2.77282
-1.73664 -0.14439
-0.890654 -4.82939
-2.53124 1.83182
-2.056 -2.38624
-2.30968 -0.436702
-2.1343 -1.11798
-2.193 -0.746841
-2.20085 -0.940775
-2.13983 -0.829231
-2.25262 -0.943876
-2.06917 -0.864742
-2.33955 -1.14691
-1.90329 -0.949078
-2.33589 -2.88785
-2.00066 -0.0659477
-2.13903 -3.55241
-1.64302 -4.66483
-2.8334 -3.0021
-2.53251 -1.01364
-1.6959 -1.3144
-1.14949 -4.71595
-2.84788 0.114074
-1.35087 -1.8112
-2.59013 -5.27383
-2.38104 -4.08976
-1.52928 -5.34978
-2.83415 -1.26261
-1.19153 -1.12524
-3.02606 -3.59775
-1.97991 -4.72151
-2.59917 -4.37279
-1.91589 -5.3301
-2.67279 -3.39909
-2.50162 -2.41081
-1.57241 -0.602874
-1.26092 -5.69113
-2.48593 1.54258
-2.12968 -2.33834
-2.12538 -0.256227
-2.35738 -1.78816
-1.73885 -0.815596
-1.19652 -4.62396
-2.88779 -0.34866
-1.1928 -1.51999
-3.03099 -3.41418
-1.90142 -4.79751
-2.67264 -3.99265
-1.61137 -5.24473
-2.82137 -2.0716
-1.36951 -0.514269
-2.43166 -5.77748
-2.67806 -2.32024
-1.43633 -0.591936
-2.05712 -6.09227
-2.73506 -0.630273
-1.46742 -1.61036
-1.88902 -5.99535
-2.75731 -0.702218
-1.40804 -1.57406
-2.23646 -5.86115
-2.69684 -2.34668
-1.44898 -0.536745
-1.99552 -6.11529
-2.72301 -0.331423
-1.55841 -1.71121
-1.36377 -5.66901
-2.63708 0.966618
-1.91641 -1.99175
-2.46127 -1.78807
-1.60757 -0.967225
-1.06587 -5.293
-2.50988 1.66825
-2.0963 -2.34823
-2.20349 -0.289941
-2.29116 -1.35021
-1.9133 -0.818585
-2.31311 -2.99143
-2.12757 -0.0248217
-2.34351 -2.2601
-1.73731 -0.563991
-1.04886 -4.66755
-2.78802 0.731964
-1.5686 -2.04771
-1.459 -5.72894
-2.69214 0.586118
-1.77804 -1.93681
-1.76374 -4.41496
-2.74811 -3.929
-1.65162 -5.21178
-2.80681 -2.37395
-1.57693 -0.228851
-1.34952 -5.84922
-2.46625 1.51819
-2.14721 -2.38436
-2.0995 -0.239103
-2.36401 -2.02693
-1.70549 -0.724154
-1.00734 -4.74589
-2.7209 1.11044
-1.74721 -2.12629
-1.38769 -4.6784
-2.90406 -1.56237
-1.21195 -0.670559
-2.99399 -3.95753
-2.11799 -4.52357
-2.36464 -5.09983
-2.33616 -4.66349
-2.23216 -5.16356
-2.44061 -4.44237
-1.99189 -5.40364
-2.63328 -3.53289
-2.29761 -3.59069
-2.17563 -3.89619
-1.40582 -5.28215
-2.83069 -0.555064
-1.28667 -1.55665
-2.7884 -4.72071
-2.18165 -4.55131
-2.30706 -5.17053
-2.38756 -4.52903
-2.09924 -5.33744
-2.55378 -3.94761
-1.4849 -5.10313
-2.85619 -1.55637
-1.19509 -0.842162
-3.02441 -3.70667
-2.04564 -4.62657
-2.50676 -4.73199
-2.1502 -5.09476
-2.49685 -4.37323
-1.90873 -5.41439
-2.68635 -3.2131
-2.45801 -0.473941
-1.94087 -1.29084
-2.42984 -1.70628
-1.66031 -0.959708
-0.9863 -4.91959
-2.61949 1.48502
-1.94945 -2.1844
-2.46086 -1.3861
-1.69092 -1.11028
-1.07974 -4.74169
-2.79205 0.637156
-1.55166 -2.02059
-1.54352 -5.80671
-2.71269 0.351487
-1.70565 -1.89524
-1.20744 -4.75774
-2.86756 -0.231738
-1.25465 -1.63135
-2.89665 -4.22852
-2.02547 -4.7881
-2.56924 -4.4247
-1.95521 -5.32761
-2.64781 -3.54383
-2.21529 -3.86016
-1.36608 -5.11043
-2.85236 -0.702664
-1.21917 -1.43092
-2.97143 -3.86445
-1.96899 -4.799
-2.61925 -4.2303
-1.79459 -5.35792
-2.74543 -2.83158
-1.98624 0.173176
-1.83568 -4.1307
-2.53322 -4.90796
-2.19085 -4.89108
-2.44109 -4.69009
-2.17141 -5.15501
-2.48506 -4.34661
-1.87954 -5.43319
-2.7061 -3.05286
-2.24408 0.1165
-2.30672 -1.76092
-1.81044 -0.735727
-1.65905 -4.40336
-2.83025 -3.37987
-1.88958 -4.55493
-2.65218 -4.2906
-1.86466 -5.31186
-2.70246 -3.22986
-2.50556 -0.805696
-1.78905 -1.31368
-1.86495 -4.25175
-2.56158 -4.77962
-2.13879 -5.01296
-2.4999 -4.44118
-1.9754 -5.3712
-2.63947 -3.53813
-2.26196 -3.71531
-1.62777 -4.70842
-2.83763 -2.88361
-2.40473 -0.166249
-2.08549 -1.30779
-2.23254 -0.690828
-2.16367 -0.96336
-2.18648 -0.820256
-2.19083 -0.896599
-2.16519 -0.850652
-2.2124 -0.891641
-2.13693 -0.856092
-2.25039 -0.926647
-2.07677 -0.868305
-2.32938 -1.10492
-1.92725 -0.939139
-2.38282 -2.50769
-1.73195 -0.436305
-0.972402 -4.7214
-2.6909 1.28419
-1.81383 -2.15787
-1.96183 -4.18416
-2.31653 -5.32418
-2.41354 -4.31207
-1.84512 -5.4821
-2.7322 -2.77969
-1.87968 0.0856583
-1.2745 -4.49215
-2.92434 -1.02822
-1.10258 -0.976376
-3.16104 -2.28999
-2.2961 -3.79788
-1.4974 -4.83971
-2.87197 -2.04477
-1.43276 -0.367369
-2.13082 -6.08972
-2.73251 -0.739032
-1.44734 -1.56743
-2.00168 -5.98951
-2.75744 -1.18217
-1.31123 -1.32995
-2.66982 -5.15083
-2.36554 -4.08364
-1.52303 -5.35089
-2.83432 -1.21497
-1.19347 -1.15788
-3.02196 -3.61586
-1.97604 -4.73149
-2.60439 -4.34537
-1.89427 -5.33888
-2.68681 -3.30137
-2.53805 -1.34759
-1.60111 -1.22653
-1.09165 -5.29619
-2.54569 1.55519
-2.06196 -2.23417
-2.25502 -0.383373
-2.21355 -1.16039
-2.06556 -0.751297
-2.36033 -1.32572
-1.83102 -0.951112
-1.98759 -4.03157
-2.04771 -5.61394
-2.64969 -3.18639
-2.3462 -0.0803913
-2.17538 -1.33208
-2.08124 -0.655908
-2.35695 -1.37486
-1.82312 -0.934067
-1.9189 -4.14224
-2.36715 -5.25896
-2.3689 -4.44531
-2.02953 -5.4236
-2.61249 -3.61135
-2.09167 -4.15702
-1.98764 -5.59784
-2.67739 -3.04129
-2.15659 0.166394
-2.32015 -2.43613
-1.79985 -0.41168
-1.27816 -4.54872
-2.91752 -0.994697
-1.10503 -1.02734
-3.15684 -2.31675
-2.28135 -3.84504
-1.41047 -4.9586
-2.87483 -1.3236
-1.1562 -0.955664
-3.09402 -3.10384
-2.00797 -4.58599
-2.53328 -4.68464
-2.11778 -5.12954
-2.52351 -4.26254
-1.78552 -5.4219
-2.75584 -2.64138
-1.75514 -0.0350605
-0.880329 -4.79456
-2.53425 1.84021
-2.0514 -2.38515
-2.32005 -0.461952
-2.11508 -1.11169
-2.22415 -0.770821
-2.15336 -0.919144
-2.21215 -0.855868
-2.14675 -0.873395
-2.23258 -0.896734
-2.10844 -0.864369
-2.28797 -0.988085
-2.01129 -0.897214
-2.39556 -1.51109
-1.74288 -0.969158
-1.31079 -4.59775
-2.91413 -1.1569
-1.12007 -0.92928
-3.14453 -2.55961
-2.157 -4.21427
-1.94971 -5.58318
-2.69438 -2.94476
-2.0373 0.17215
-2.07908 -3.6779
-1.31957 -5.10083
-2.8411 -0.381417
-1.29309 -1.62005
-2.77529 -4.75622
-2.1876 -4.54772
-2.2975 -5.1854
-2.39648 -4.50017
-2.06828 -5.36649
-2.57837 -3.82282
-1.55451 -4.88743
-2.85281 -2.31498
-1.63126 -0.125277
-1.12097 -5.55895
-2.38655 1.84573
-2.11034 -2.97874
-2.48065 -1.12941
-1.73257 -1.20585
-1.34822 -4.60732
-2.91364 -1.38884
-1.16312 -0.764426
-3.08971 -3.22751
-2.03775 -4.56034
-2.48708 -4.82476
-2.19275 -5.00283
-2.45542 -4.56121
-2.08758 -5.28956
-2.55623 -3.99028
-1.50441 -5.17867
-2.84854 -1.52808
-1.1924 -0.887928
-3.02859 -3.66207
-2.03129 -4.64504
-2.52899 -4.65784
-2.10823 -5.1588
-2.53217 -4.20656
-1.72006 -5.40536
-2.78487 -2.33187
-1.50238 -0.350829
-1.73219 -6.11175
-2.62857 0.671899
-1.90901 -1.87819
-2.45603 -1.86766
-1.60306 -0.924424
-1.0823 -5.34029
-2.50098 1.67109
-2.10498 -2.37022
-2.18978 -0.272498
-2.30771 -1.41924
-1.87541 -0.832876
-2.17372 -3.57518
-1.73817 -4.58617
-2.78214 -3.55341
-1.69802 -4.79018
-2.8002 -3.14469
-2.54381 -1.81109
-1.5029 -1.02802
-1.59268 -5.95938
-2.64709 0.697102
-1.87779 -1.91109
-2.41592 -2.54335
-1.70299 -0.438079
-0.926413 -4.86052
-2.567 1.70578
-2.02065 -2.28727
-2.36184 -0.619525
-2.0214 -1.10167
-2.36589 -1.13511
-1.87378 -0.99963
-2.25603 -3.30574
-2.50758 -1.31301
-1.64968 -1.19939
-1.0129 -4.94656
-2.64079 1.38164
-1.91396 -2.15378
-2.46146 -2.02504
-1.58258 -0.847988
-1.17059 -5.52105
-2.49592 1.59784
-2.11618 -2.34338
-2.15672 -0.263072
-2.33757 -1.58244
-1.80114 -0.846621
-1.68005 -4.39752
-2.81546 -3.50419
-1.70206 -4.80132
-2.79762 -3.15248
-2.54277 -1.84189
-1.50049 -1.01049
-1.60839 -5.97138
-2.6509 0.662542
-1.86721 -1.90519
-2.3866 -2.78033
-1.85501 -0.189466
-1.42208 -4.47731
-2.91986 -1.96274
-1.49318 -0.24806
-1.82112 -6.1497
-2.64953 0.481813
-1.84844 -1.84851
-2.31792 -3.16845
-2.31432 -0.177159
-2.19145 -1.27652
-2.0695 -0.68988
-2.36396 -1.39582
-1.80926 -0.94215
-1.81896 -4.27381
-2.64393 -4.49525
-1.99659 -5.19375
-2.61268 -3.86466
-1.51206 -5.0127
-2.85686 -1.89317
-1.31057 -0.565246
-2.68733 -5.24
-2.48602 -3.55973
-2.43955 -2.85497
-1.8531 -0.138699
-1.35288 -4.49556
-2.92581 -1.52639
-1.22127 -0.613474
-2.97452 -4.0884
-2.15384 -4.46478
-2.27005 -5.26865
-2.42875 -4.3559
-1.89811 -5.4617
-2.69948 -3.06483
-2.24787 0.109461
-2.30361 -1.73356
-1.81887 -0.739088
-1.72782 -4.34742
-2.77102 -3.84869
-1.62782 -5.16258
-2.81623 -2.32911
-1.55435 -0.25182
-1.46521 -5.95882
-2.51239 1.31615
-2.11428 -2.14759
-2.12335 -0.32033
-2.3559 -1.68084
-1.75852 -0.849959
-1.3487 -4.57177
-2.91757 -1.42814
-1.17657 -0.719957
-3.06753 -3.43169
-2.04828 -4.57539
-2.48169 -4.82896
-2.19732 -4.99945
-2.45133 -4.57341
-2.09812 -5.2785
-2.54789 -4.03147
-1.52965 -5.23907
-2.84136 -1.55891
-1.19958 -0.886063
-3.01293 -3.7698
-2.04533 -4.63862
-2.51164 -4.71077
-2.13934 -5.11456
-2.50641 -4.32763
-1.85866 -5.42531
-2.71703 -2.98033
-2.1487 0.186335
-2.31072 -2.55226
-1.8488 -0.311646
-1.51525 -4.44989
-2.89871 -2.52555
-2.10235 0.274306
-2.20524 -3.22492
-2.50238 -1.29983
-1.65975 -1.19602
-1.01979 -4.88585
-2.67771 1.24757
-1.84254 -2.13362
-2.20562 -3.6366
-1.67891 -4.6493
-2.8164 -3.19501
-2.44986 -2.90675
-1.88848 -0.084879
-1.52972 -4.41887
-2.89577 -2.63695
-2.27103 0.163764
-2.29084 -1.71683
-1.83906 -0.720978
-1.86327 -4.19843
-2.52952 -4.89172
-2.18798 -4.91211
-2.44723 -4.65899
-2.15209 -5.18843
-2.50193 -4.26793
-1.78636 -5.43475
-2.75672 -2.6136
-1.72468 -0.0716614
-0.881588 -4.94336
-2.45247 1.98187
-2.1005 -2.68071
-2.3331 -0.403143
-2.11446 -1.14727
-2.21735 -0.748439
-2.16823 -0.93114
-2.18802 -0.837277
-2.18436 -0.885395
-2.17703 -0.858087
-2.19415 -0.877743
-2.1655 -0.860665
-2.20948 -0.884447
-2.1428 -0.858664
-2.24161 -0.914278
-2.09171 -0.864548
-2.31056 -1.04544
-1.96699 -0.919157
-2.41089 -1.96517
-1.64911 -0.821526
-0.976407 -5.03323
-2.5438 1.69312
-2.0541 -2.30349
-2.28989 -0.420473
-2.16251 -1.12181
-2.14928 -0.736062
-2.26147 -1.00767


