-2.76373 -1.62487
-0.553317 2.59876
-2.61816 -1.93287
-0.52594 3.06979
-2.3715 -2.23931
-0.555243 3.79045
-1.69706 0.303476
-2.01471 3.20204
-1.67881 1.26557
-2.03711 1.27801
-1.84873 1.26137
-1.97012 1.15579
-1.8692 1.33482
-1.98359 1.0591
-1.83725 1.5114
-2.05834 0.876304
-1.77729 2.07068
-2.24893 0.371102
-2.61222 3.91435
-1.21087 3.88524
-1.75752 0.359374
-1.956 3.03922
-1.91048 0.312925
-1.97773 3.2625
-1.70378 1.0576
-1.95948 1.52771
-1.981 0.851268
-1.80473 1.91796
-2.19639 0.502083
-2.17421 3.824
-2.42224 5.349
-1.2704 2.91205
-2.53632 -0.918193
-1.08682 5.03269
-2.13576 4.62212
-1.61611 4.9448
-2.04724 5.15592
-1.62752 4.54234
-2.45868 5.06317
-1.30324 3.3393
-2.37445 -1.12847
-1.43943 5.68768
-1.65957 3.84024
-1.62612 1.37118
-2.09162 1.21458
-1.78958 1.53018
-2.08825 0.888596
-1.76947 2.16786
-2.27309 0.278544
-2.83328 3.63887
-1.08256 2.81708
-2.59213 -1.04958
-0.858358 4.44491
-2.09115 4.274
-1.97792 5.46454
-1.62595 4.2455
-2.47913 4.35809
-1.31462 4.09711
-1.60721 2.46822
-2.41083 -0.00661263
-2.69401 5.20921
-1.15198 1.14407
-2.17038 1.93746
-1.76259 1.22796
-1.99541 1.24822
-1.87548 1.2284
-1.94607 1.19203
-1.89455 1.25943
-1.94553 1.15003
-1.88318 1.32162
-1.97162 1.0723
-1.84746 1.47231
-2.04015 0.912235
-1.78489 1.92727
-2.21054 0.505896
-2.22615 3.88589
-2.06908 5.5595
-1.51597 3.85979
-1.70337 0.736531
-1.88941 2.0993
-2.1699 0.316642
-2.3568 3.94656
-1.54125 5.07741
-2.04426 5.03034
-1.63809 4.68477
-2.25446 5.25804
-1.4499 3.88045
-1.7121 0.660572
-1.88336 2.26258
-2.19462 0.184164
-2.66874 3.83308
-1.17454 3.66523
-2.11042 -0.645983
-2.98025 4.2487
-1.12539 0.4108
-2.17186 3.1077
-1.95902 3.70514
-1.97193 3.79209
-2.36548 4.24638
-1.41852 4.65269
-2.43171 4.97725
-1.34036 3.61477
-2.14895 -0.635643
-2.92681 4.51449
-1.13729 0.473431
-2.1382 2.99042
-1.66539 2.38906
-2.37007 0.078683
-2.92655 4.30311
-1.09753 0.932308
-2.13741 2.23815
-1.8018 0.927497
-1.89032 1.67419
-2.07505 0.693811
-1.80417 2.60775
-2.27599 -0.119819
-3.02017 3.6774
-1.05842 0.940428
-2.1574 2.24642
-1.76155 1.10491
-1.95504 1.41354
-1.95237 0.975997
-1.83679 1.6221
-2.09369 0.764908
-1.7884 2.50619
-2.29288 -0.0479348
-3.01642 3.65703
-1.05392 1.01563
-2.17759 2.15196
-1.73714 1.28257
-2.02357 1.20267
-1.8425 1.34479
-2.00071 1.05675
-1.82631 1.54379
-2.07463 0.84931
-1.77456 2.20056
-2.27541 0.243681
-2.87564 3.56639
-1.0605 2.55592
-2.63021 -0.443641
-1.06782 4.88475
-2.23743 4.69337
-1.49818 4.59197
-2.47104 4.9677
-1.3073 3.43987
-2.31272 -1.01697
-1.81849 6.01342
-1.36277 2.71929
-2.53164 -0.464412
-1.47687 5.62205
-1.74678 4.12582
-2.43132 4.3156
-1.34829 4.32338
-2.31321 4.34896
-1.46386 4.73148
-2.33177 5.10929
-1.40862 3.83396
-1.80556 0.271454
-2.01524 3.29434
-1.63977 1.71856
-2.2126 0.846287
-1.87845 3.19043
-1.96381 0.121544
-2.25143 3.79488
-2.09647 5.57303
-1.48676 3.75359
-1.88557 0.0622206
-2.30042 3.799
-1.86385 5.50269
-1.69478 4.34782
-2.63426 4.61246
-1.20575 3.0511
-2.51008 -1.22279
-0.945273 4.76306
-2.19281 4.54084
-1.56887 4.89089
-2.11974 5.18095
-1.57005 4.36327
-2.59858 4.47029
-1.23945 3.44954
-2.31683 -1.09739
-1.68509 5.94037
-1.43714 3.07883
-2.44223 -0.883235
-1.46732 5.67634
-1.68371 3.93376
-1.63313 2.49705
-2.39921 -0.0486082
-2.71448 5.15928
-1.14949 1.09303
-2.15562 2.0002
-1.78591 1.08674
-1.94048 1.42402
-1.96632 0.956918
-1.82602 1.67545
-2.11613 0.719215
-1.8133 2.75604
-2.24918 -0.198153
-3.02906 3.64319
-1.05893 0.885487
-2.14634 2.32059
-1.77121 1.02969
-1.92861 1.51922
-2.00295 0.848653
-1.79593 1.96916
-2.21437 0.458639
-2.31256 3.94894
-1.66165 5.27095
-1.90133 4.82201
-1.8226 5.13582
-1.80777 4.87761
-1.89899 5.16383
-1.74244 4.76419
-2.05255 5.29004
-1.60906 4.36813
-2.61943 4.5191
-1.2228 3.27393
-2.41857 -1.29116
-1.12773 5.2112
-1.99718 4.45592
-1.97712 5.41188
-1.64226 4.33339
-2.62535 4.47685
-1.21991 3.29263
-2.40978 -1.28822
-1.15481 5.26447
-1.964 4.4159
-2.10877 5.44338
-1.52762 3.99686
-1.59506 2.03316
-2.32944 0.556155
-2.78918 3.75107
-1.10899 3.02741
-2.52611 -1.36999
-0.820353 4.43187
-2.02227 4.17258
-2.36506 5.35536
-1.32168 3.21611
-2.42893 -1.13245
-1.2513 5.40428
-1.88514 4.32128
-2.456 5.18585
-1.28048 3.10659
-2.47918 -1.15006
-1.08094 5.07548
-2.09133 4.56313
-1.70392 5.12715
-1.90549 4.96702
-1.76803 4.96972
-1.8978 5.09577
-1.75193 4.84006
-1.98158 5.22913
-1.67124 4.57221
-2.37391 5.19569
-1.35538 3.51392
-2.24339 -0.827381
-2.38915 5.87247
-1.2083 1.28827
-2.19651 1.73168
-1.7277 1.57785
-2.131 0.894873
-1.7679 2.39077
-2.30386 0.0560156
-3.01278 3.54463
-1.03989 1.2189
-2.24698 1.91963
-1.69448 2.17147
-2.31763 0.317698
-2.93435 3.51105
-1.03748 2.09323
-2.56979 0.657997
-2.06467 5.87233
-1.34567 2.88643
-2.51961 -0.775868
-1.25794 5.34325
-1.95621 4.47091
-2.0475 5.42465
-1.58378 4.17662
-2.13776 4.13474
-2.03179 5.51046
-1.56718 4.05344
-1.68388 2.92248
-2.33765 -0.44862
-2.55845 5.57104
-1.1802 1.18005
-2.17017 1.87515
-1.76352 1.25172
-2.0032 1.21797
-1.86183 1.28428
-1.97105 1.12283
-1.86013 1.3879
-2.00577 0.999918
-1.81262 1.65895
-2.11845 0.743817
-1.80485 2.70268
-2.26623 -0.180901
-3.01683 3.75878
-1.06753 0.85402
-2.13715 2.36129
-1.78221 0.964972
-1.90672 1.61795
-2.04743 0.746491
-1.78919 2.35092
-2.28435 0.0937137
-2.99413 3.41867
-1.02542 1.58923
-2.3946 1.49145
-2.6329 4.0167
-1.20503 3.70304
-2.05889 -0.506805
-3.08883 3.28846
-1.05117 0.647915
-2.13488 2.68538
-1.70002 1.32052
-2.04981 1.19332
-1.81979 1.42274
-2.03789 0.980722
-1.79219 1.77557
-2.16464 0.646056
-1.92089 3.28785
-1.79642 0.597535
-1.86094 2.38685
-2.22388 0.0790951
-2.8958 3.49068
-1.04921 2.4606
-2.63186 -0.210897
-1.18419 5.10236
-2.13572 4.70826
-1.59394 4.84248
-2.13493 5.216
-1.55472 4.28405
-2.45692 4.37088
-1.33002 4.17299
-1.77094 3.37492
-2.00008 -0.0431529
-2.59181 3.82458
-1.22034 4.05676
-1.57343 1.91296
-2.30148 0.713158
-2.44391 4.02042
-1.35664 4.5731
-2.50724 4.77488
-1.29654 3.54261
-2.23369 -0.85496
-2.37911 5.88816
-1.21004 1.28821
-2.19579 1.73036
-1.72848 1.57153
-2.12851 0.900434
-1.76651 2.36128
-2.30225 0.0852619
-3.00865 3.49516
-1.03391 1.33239
-2.29077 1.79466
-1.77918 2.9517
-2.2389 -0.311412
-3.00524 3.92938
-1.0858 0.709561
-2.11718 2.57605
-1.76955 0.947247
-1.90653 1.65491
-2.05793 0.710437
-1.79641 2.48763
-2.28583 -0.029089
-3.02064 3.55341
-1.04372 1.11524
-2.21108 2.03679
-1.70136 1.65783
-2.16877 0.841805
-1.80627 2.80211
-2.24803 -0.227372
-3.0239 3.72226
-1.06672 0.826624
-2.13372 2.40125
-1.78099 0.956171
-1.90486 1.6335
-2.05319 0.731327
-1.79166 2.41269
-2.28703 0.0362903
-3.01325 3.46344
-1.03212 1.32126
-2.28752 1.80806
-1.76762 2.88985
-2.26908 -0.317116
-2.94583 4.30793
-1.10973 0.697541
-2.1067 2.58884
-1.78818 0.8613
-1.88054 1.8016
-2.11614 0.576838
-1.89626 3.15843
-1.95264 0.161247
-2.17971 3.71095
-2.59152 5.04666
-1.18956 2.51283
-2.58936 -0.168758
-1.4108 5.49076
-1.86645 4.3886
-2.37642 5.28095
-1.3321 3.32914
-2.37358 -1.08773
-1.49264 5.74585
-1.61189 3.71232
-1.82832 0.29384
-1.99221 3.24185
-1.69209 1.14499
-1.99126 1.4161
-1.92358 1.00352
-1.85742 1.54747
-2.05856 0.829421
-1.77888 2.18335
-2.26963 0.259062
-2.84176 3.62182
-1.07787 2.76947
-2.6031 -0.95065
-0.883421 4.49568
-2.15666 4.37397
-1.71075 5.21406
-1.88025 4.86939
-1.82478 5.1071
-1.81095 4.90668
-1.88169 5.13136
-1.76037 4.82072
-1.98587 5.24325
-1.66637 4.54834
-2.41437 5.1467
-1.32815 3.41208
-2.32637 -1.02025
-1.76115 5.98046
-1.39689 2.90276
-2.49904 -0.74097
-1.37349 5.52352
-1.82101 4.25218
-2.64979 4.66634
-1.18884 2.85759
-2.56604 -0.944145
-0.981084 4.78079
-2.22725 4.59576
-1.51753 4.72645
-2.30515 5.16144
-1.42358 3.85439
-1.76538 0.422636
-1.91855 2.86038
-2.07538 0.0122783
-2.61968 3.83108
-1.20202 3.91419
-1.70861 0.560617
-1.89276 2.50669
-2.18738 0.027074
-2.86521 3.52515
-1.06319 2.67687
-2.62069 -0.752445
-0.938795 4.61005
-2.24768 4.52097
-1.50788 4.7503
-2.28641 5.16274
-1.43932 3.91904
-1.66285 0.920106
-1.9338 1.7808
-2.06806 0.595887
-1.84176 2.85418
-2.19268 -0.179817
-3.0329 3.27757
-1.0201 1.32439
-2.29468 1.80989
-1.79357 3.02812
-2.1935 -0.279661
-3.05121 3.42763
-1.04393 0.923987
-2.16088 2.2747
-1.75079 1.15085
-1.97374 1.35776
-1.92203 1.05716
-1.87155 1.45467
-2.02092 0.921894
-1.79415 1.85186
-2.18521 0.571775
-2.04719 3.62
-2.32281 4.2106
-1.48765 4.86629
-2.19733 5.14595
-1.51324 4.21419
-2.13893 4.14878
-2.00664 5.50228
-1.59028 4.12237
-1.93374 3.78332
-2.08176 3.99407
-2.49168 5.20802
-1.24295 2.83317
-2.55825 -0.814189
-1.08921 5.01463
-2.15311 4.64337
-1.5893 4.87493
-2.11418 5.19768
-1.57277 4.35536
-2.59497 4.4576
-1.24212 3.48283
-2.29225 -1.03779
-1.86395 6.03908
-1.33647 2.55251
-2.53915 -0.155387
-1.71154 5.8216
-1.54489 3.60991
-2.03472 -0.267458
-2.97213 3.19523
-1.01235 2.04687
-2.56737 0.737594
-2.12031 5.85783
-1.31885 2.75444
-2.54511 -0.569717
-1.3232 5.41706
-1.91257 4.42831
-2.2083 5.41124
-1.45088 3.75886
-1.90217 -0.000380471
-2.41946 3.84891
-1.44436 4.90225
-2.19904 5.10192
-1.51535 4.26326
-2.32905 4.32135
-1.44971 4.70575
-2.36527 5.07446
-1.38484 3.75484
-1.94373 -0.140218
-2.70907 3.67496
-1.14351 3.56679
-2.22252 -0.944533
-2.2685 5.99486
-1.22502 1.47645
-2.26127 1.51556
-1.7388 2.58726
-2.33276 -0.139125
-2.90482 4.47117
-1.11316 0.824114
-2.11222 2.38557
-1.82965 0.772431
-1.85239 1.97357
-2.17731 0.428845
-2.20795 3.85148
-2.21197 5.53391
-1.4018 3.46388
-2.26689 -0.83204
-2.2923 5.95685
-1.22087 1.51741
-2.27895 1.47454
-1.78473 2.90945
-2.24549 -0.294431
-3.00329 3.93547
-1.08542 0.722401
-2.11746 2.55529
-1.77535 0.92796
-1.89973 1.68524
-2.07131 0.68189
-1.80704 2.62366
-2.27213 -0.128683
-3.02196 3.66392
-1.05764 0.939442
-2.15756 2.24808
-1.76101 1.10702
-1.95591 1.41092
-1.95096 0.979573
-1.83825 1.6139
-2.09033 0.772179
-1.78599 2.46976
-2.29418 -0.0165464
-3.0176 3.59812
-1.04749 1.08771
-2.2009 2.0674
-1.71056 1.53304
-2.12202 0.956711
-1.75954 2.18863
-2.28316 0.262132
-2.88231 3.56081
-1.05749 2.50635
-2.63106 -0.318235
-1.13053 5.00641
-2.18563 4.71512
-1.543 4.70917
-2.30671 5.17739
-1.41958 3.82386
-1.81666 0.239329
-2.04601 3.38636
-1.71261 2.88125
-2.32277 -0.389617
-2.69996 5.25243
-1.16077 0.95248
-2.11371 2.17439
-1.8554 0.764239
-1.84283 1.994
-2.18868 0.413335
-2.27369 3.91336
-1.83126 5.45867
-1.73344 4.45791
-2.47714 5.08473
-1.28214 3.19619
-2.44507 -1.19502
-1.14134 5.21396
-2.00712 4.48162
-1.92536 5.3789
-1.68928 4.4638
-2.51578 4.98954
-1.26369 3.15424
-2.46476 -1.20976
-1.07234 5.0719
-2.08628 4.55006
-1.7196 5.15556
-1.8864 4.92945
-1.79662 5.03398
-1.85109 5.00881
-1.80843 4.98647
-1.85402 5.04949
-1.79686 4.93979
-1.88177 5.10736
-1.7636 4.84674
-1.96448 5.21882
-1.68544 4.61116
-2.30146 5.26198
-1.40711 3.70091
-2.01282 -0.295873
-2.9855 3.14793
-1.00753 1.95995
-2.542 0.907469
-2.40094 5.65691
-1.21177 2.06759
-2.48762 0.749742
-2.74842 4.95303
-1.13047 1.33864
-2.24787 1.73347
-1.7045 2.22162
-2.32199 0.25567
-2.97397 3.48382
-1.02977 1.72666
-2.44631 1.30226
-2.91446 3.849
-1.05704 1.86327
-2.4848 1.09223
-2.84064 4.54763
-1.10208 1.3699
-2.2724 1.71683
-1.73427 2.6288
-2.33519 -0.179592
-2.86609 4.65721
-1.12467 0.833569
-2.10828 2.36593
-1.84177 0.738496
-1.84524 2.04926
-2.19807 0.362622
-2.39216 3.96722
-1.45313 4.88137
-2.20817 5.11579
-1.50736 4.22205
-2.15969 4.17495
-1.90249 5.45262
-1.68577 4.38354
-2.61247 4.71281
-1.21495 3.03525
-2.51405 -1.18828
-0.959014 4.78987
-2.19408 4.557
-1.5628 4.86752
-2.14137 5.19044
-1.55247 4.3011
-2.49476 4.38538
-1.30552 4.00979
-1.59164 1.46782
-2.13785 1.15139
-1.75155 1.87962
-2.2158 0.577332
-2.15109 3.80589
-2.55444 5.11735
-1.20747 2.61972
-2.58684 -0.398194
-1.26596 5.29144
-2.00958 4.57808
-1.82798 5.26891
-1.7824 4.72178
-2.04352 5.31459
-1.61208 4.3528
-2.61708 4.4861
-1.22572 3.32889
-2.39086 -1.25732
-1.24045 5.41485
-1.86406 4.26876
-2.58118 4.9235
-1.216 2.862
-2.55944 -0.909657
-1.02175 4.87684
-2.20429 4.62687
-1.53654 4.75679
-2.25984 5.19078
-1.4574 3.96726
-1.60687 1.40816
-2.11109 1.19639
-1.77192 1.64874
-2.1356 0.784751
-1.80025 2.70301
-2.27085 -0.186053
-3.00988 3.82552
-1.07285 0.829438
-2.13123 2.39474
-1.78758 0.92999
-1.89598 1.67569
-2.07142 0.691453
-1.80397 2.59764
-2.27679 -0.112677
-3.02059 3.66588
-1.05715 0.952778
-2.16073 2.23074
-1.75749 1.13203
-1.96521 1.37841
-1.9345 1.02466
-1.85689 1.51791
-2.04954 0.860073
-1.78007 2.07682
-2.24851 0.363533
-2.62123 3.90639
-1.20514 3.84768
-1.82256 0.127786
-2.18514 3.65386
-2.65333 4.88239
-1.16463 2.40237
-2.5865 0.0653448
-1.58702 5.68179
-1.69477 4.04997
-1.94918 3.79762
-2.23561 4.171
-1.68998 5.25109
-1.88681 4.83597
-1.83254 5.13684
-1.79952 4.86712
-1.91341 5.18011
-1.72919 4.72768
-2.104 5.30882
-1.56547 4.23052
-2.30785 4.29763
-1.48337 4.81356
-2.24259 5.15138
-1.47689 4.07735
-1.64521 2.71166
-2.39448 -0.304947
-2.45286 5.71499
-1.1931 1.47792
-2.27465 1.53818
-1.7612 2.77893
-2.29793 -0.273557
-2.90537 4.50227
-1.11907 0.748353
-2.10327 2.50172
-1.82169 0.761067
-1.85383 1.99858
-2.18149 0.405961
-2.25747 3.89801
-1.9153 5.51571
-1.65357 4.25589
-2.55129 4.37123
-1.26955 3.78125
-1.93392 -0.16767
-2.74977 3.60978
-1.11977 3.38347
-2.36256 -1.34056
-1.23208 5.4215
-1.84874 4.22956
-2.64812 4.6965
-1.1874 2.81702
-2.57416 -0.864341
-1.00709 4.82844
-2.2243 4.62336
-1.5167 4.70421
-2.33025 5.14629
-1.40432 3.78342
-1.88968 0.012226
-2.39004 3.8399
-1.51878 5.06508
-2.06456 5.03478
-1.62156 4.6416
-2.32597 5.21171
-1.39595 3.69226
-2.03028 -0.341612
-3.03411 3.05931
-1.00166 1.54058
-2.38736 1.55901
-2.55821 4.06652
-1.25171 4.01403
-1.5882 1.4622
-2.1368 1.16105
-1.75246 1.85503
-2.20834 0.600667
-2.09242 3.71559
-2.73612 4.2793
-1.1463 2.82147
-2.58149 -0.941601
-0.941228 4.6697
-2.23448 4.54006
-1.51914 4.76866
-2.26033 5.17804
-1.45891 3.9843
-1.59607 1.58357
-2.17929 1.02935
-1.75708 2.4418
-2.31548 0.00566732
-3.0043 3.75915
-1.06074 1.00275
-2.17099 2.16473
-1.74702 1.21662
-1.9972 1.27489
-1.88105 1.19323
-1.93217 1.23922
-1.91698 1.18514
-1.91012 1.25515
-1.93522 1.15708
-1.89134 1.30433
-1.96148 1.09286
-1.85852 1.42628
-2.01915 0.957462
-1.79905 1.77315
-2.16021 0.643426
-1.91425 3.2624
-1.83224 0.475792
-1.88021 2.71986
-2.17507 -0.0802581
-2.95276 3.34304
-1.02458 2.09239
-2.57523 0.650716
-2.01623 5.87268
-1.37444 3.02539
-2.47974 -0.926245
-1.27566 5.40259
-1.90361 4.37632
-2.3172 5.35057
-1.36861 3.45779
-2.28351 -0.89621
-2.1223 6.04412
-1.25332 1.91129
-2.41767 0.976416
-2.91141 3.70654
-1.05212 2.08446
-2.56081 0.685301
-2.15275 5.85383
-1.30057 2.64428
-2.55575 -0.364307
-1.43943 5.55846
-1.80527 4.25756
-2.65489 4.62565
-1.18825 2.88971
-2.55906 -1.00665
-0.961492 4.74475
-2.22508 4.57124
-1.52381 4.76069
-2.26502 5.18047
-1.45464 3.96536
-1.60889 1.37983
-2.1 1.22426
-1.78414 1.54987
-2.09736 0.872883
-1.7696 2.2503
-2.28652 0.195686
-2.94291 3.4637
-1.03309 2.0625
-2.56274 0.718901
-2.15164 5.85127
-1.30237 2.65918
-2.55504 -0.393663
-1.4193 5.53485
-1.82462 4.29253
-2.60331 4.83969
-1.20849 2.87255
-2.5589 -0.941474
-1.00282 4.83697
-2.21387 4.61364
-1.52867 4.74479
-2.27795 5.18029
-1.44378 3.92207
-1.65728 0.958074
-1.94511 1.72279
-2.04419 0.652214
-1.81073 2.59426
-2.27053 -0.105196
-3.02551 3.58925
-1.0501 1.00696
-2.17718 2.16468
-1.73645 1.28143
-2.02342 1.20463
-1.84307 1.34143
-1.99931 1.06043
-1.82793 1.53469
-2.07083 0.857615
-1.77471 2.16432
-2.26905 0.279709
-2.81753 3.66282
-1.09112 2.9094
-2.56649 -1.22044
-0.824033 4.38718
-1.99166 4.10353
-2.5775 4.99401
-1.20858 2.73921
-2.57991 -0.666499
-1.11412 5.03866
-2.15087 4.66276
-1.58724 4.85777
-2.12866 5.20596
-1.56073 4.31176
-2.52723 4.39637
-1.28548 3.86408
-1.79125 0.267094
-2.02157 3.30171
-1.63613 1.86317
-2.26185 0.702789
-2.21241 3.90109
-2.10648 5.55572
-1.4861 3.76619
-1.86675 0.115358
-2.20885 3.70595
-2.46802 5.29845
-1.24298 2.75747
-2.56847 -0.66073
-1.15952 5.13421
-2.09793 4.63444
-1.66039 5.02103
-1.97421 5.08722
-1.69016 4.74289
-2.13302 5.29192
-1.54519 4.18484
-2.0831 4.06702
-2.35179 5.39219
-1.32282 3.1939
-2.43776 -1.1262
-1.22892 5.36359
-1.91501 4.36945
-2.30279 5.36594
-1.37757 3.48776
-2.25748 -0.836519
-2.32146 5.93588
-1.21674 1.4418
-2.25106 1.55927
-1.72083 2.39187
-2.33664 0.0606071
-2.99006 3.86792
-1.06777 0.995269
-2.16577 2.17066
-1.75565 1.16575
-1.97695 1.33403
-1.9129 1.09026
-1.88521 1.39677
-1.99443 0.983244
-1.816 1.66911
-2.11975 0.731698
-1.81049 2.74382
-2.25431 -0.196121
-3.02513 3.68562
-1.06235 0.868504
-2.14185 2.34288
-1.77617 0.998569
-1.91796 1.56569
-2.02427 0.798996
-1.78832 2.14172
-2.25594 0.296028
-2.74715 3.76452
-1.1308 3.28273
-2.41733 -1.42821
-1.00883 4.98862
-2.09432 4.51248
-1.73013 5.1862
-1.87161 4.8905
-1.82538 5.09323
-1.81299 4.92104
-1.87339 5.11474
-1.76946 4.84836
-1.95709 5.21483
-1.69155 4.627
-2.27216 5.28095
-1.42917 3.77849
-1.88448 0.0381575
-2.34151 3.82163
-1.67955 5.32297
-1.87515 4.75208
-1.89607 5.23994
-1.7353 4.6812
-2.14834 5.32502
-1.52616 4.09512
-1.7298 3.16194
-2.2079 -0.38816
-3.01246 3.91559
-1.08881 0.646375
-2.1184 2.68114
-1.73182 1.10559
-1.96549 1.43519
-1.95034 0.9575
-1.83411 1.65485
-2.10527 0.734408
-1.80143 2.65092
-2.27532 -0.151987
-3.01425 3.76451
-1.06679 0.875866
-2.14098 2.33066
-1.78018 0.98491
-1.91278 1.58577
-2.03384 0.778439
-1.78728 2.22207
-2.27009 0.218102
-2.88364 3.54797
-1.05643 2.50773
-2.6314 -0.323546
-1.12645 4.99826
-2.18969 4.71515
-1.5392 4.69852
-2.32165 5.16625
-1.40847 3.78504
-1.88504 0.0270853
-2.3613 3.82989
-1.60751 5.2208
-1.95158 4.88937
-1.74286 4.99264
-1.91256 5.08668
-1.74088 4.83125
-1.99972 5.23985
-1.65618 4.52935
-2.45225 5.08804
-1.30458 3.32736
-2.38051 -1.13419
-1.41167 5.65183
-1.68949 3.91699
-1.62252 2.37097
-2.39091 0.117213
-2.88074 4.53022
-1.11067 0.965685
-2.13879 2.18622
-1.80514 0.933502
-1.89056 1.6623
-2.07155 0.70519
-1.79984 2.56035
-2.28224 -0.0872019
-3.01976 3.65199
-1.05495 0.983493
-2.16897 2.19204
-1.74745 1.20284
-1.99235 1.29206
-1.88941 1.16307
-1.9186 1.28178
-1.93823 1.12391
-1.88039 1.35689
-1.9845 1.03041
-1.83057 1.56394
-2.07884 0.826355
-1.77624 2.27574
-2.28547 0.168425
-2.9582 3.44219
-1.02894 1.93616
-2.52388 0.960857
-2.5654 5.39835
-1.16943 1.71852
-2.37928 1.27408
-2.56619 4.0399
-1.24544 3.99999
-1.59868 1.31636
-2.0797 1.30488
-1.81555 1.34421
-2.01335 1.07155
-1.82135 1.54194
-2.07661 0.854253
-1.77386 2.1972
-2.27532 0.247308
-2.87195 3.57287
-1.06233 2.57975
-2.629 -0.503028
-1.0411 4.83083
-2.25404 4.67234
-1.48511 4.56643
-2.50322 4.8947
-1.28852 3.3891
-2.34893 -1.1076
-1.55581 5.82139
-1.54424 3.49526
-2.15722 -0.507408
-3.01549 3.95956
-1.09897 0.532793
-2.13374 2.88145
-1.65403 1.84511
-2.24907 0.703227
-2.14544 3.8181
-2.55661 5.11025
-1.20693 2.62123
-2.587 -0.402282
-1.26249 5.28589
-2.01323 4.58193
-1.8187 5.25835
-1.79112 4.74306
-2.01223 5.29767
-1.63897 4.43472
-2.58533 4.77701
-1.23119 3.10372
-2.48837 -1.23071
-0.993249 4.89097
-2.16191 4.56844
-1.60019 4.94295
-2.06161 5.15507
-1.61656 4.51579
-2.50299 4.97695
-1.27729 3.25192
-2.42196 -1.20704
-1.19878 5.32774
-1.93156 4.38312
-2.23962 5.40849
-1.42314 3.65191
-2.06978 -0.414035
-3.07892 3.12331
-1.02344 0.963468
-2.17954 2.23189
-1.72434 1.3342
-2.04633 1.15453
-1.81482 1.4771
-2.05851 0.925555
-1.77807 1.95952
-2.22265 0.479326
-2.31943 3.9563
-1.63516 5.23161
-1.92989 4.87392
-1.77001 5.04082
-1.87275 5.021
-1.78611 4.95017
-1.88812 5.10416
-1.7588 4.84272
-1.97234 5.22436
-1.67883 4.59252
-2.33578 5.23428
-1.38204 3.611
-2.13809 -0.585194
-2.98928 4.16675
-1.11637 0.464692
-2.14988 3.007
-1.70063 2.72073
-2.35539 -0.282334
-2.68208 5.28059
-1.16004 1.03832
-2.13539 2.06118
-1.82046 0.923651
-1.88259 1.67524
-2.08075 0.694497
-1.80566 2.63277
-2.27275 -0.136069
-3.02022 3.69066
-1.06018 0.919674
-2.15222 2.27333
-1.76748 1.06511
-1.94053 1.46757
-1.97903 0.907786
-1.81196 1.79329
-2.15871 0.615534
-1.93488 3.32627
-1.73557 0.852526
-1.89618 1.84567
-2.11487 0.534671
-1.9288 3.27067
-1.79467 0.610362
-1.86016 2.35456
-2.22334 0.1034
-2.86893 3.54119
-1.06231 2.63338
-2.62555 -0.6427
-0.980354 4.70151
-2.26949 4.59707
-1.47634 4.59934
-2.47062 4.95418
-1.3095 3.46376
-2.29533 -0.97887
-1.94406 6.05468
-1.30627 2.35887
-2.52524 0.218189
-2.13507 5.90127
-1.29075 2.51661
-2.55349 -0.103981
-1.66618 5.77821
-1.59363 3.76518
-1.7728 0.476356
-1.89456 2.71033
-2.1574 -0.0506342
-2.8917 3.45386
-1.04911 2.52864
-2.63361 -0.390708
-1.08327 4.91122
-2.229 4.70421
-1.5048 4.60419
-2.45419 5.00065
-1.31755 3.47101
-2.28813 -0.95582
-2.00845 6.06118
-1.28392 2.18552
-2.49361 0.536952
-2.60727 5.35363
-1.16118 1.50065
-2.2969 1.53527
-1.83383 3.15998
-2.06522 -0.0963141
-2.78428 3.61013
-1.10405 3.17401
-2.46701 -1.48969
-0.858387 4.60228
-2.12388 4.38275
-1.77291 5.28653
-1.81962 4.7471
-1.97218 5.28346
-1.6716 4.52089
-2.44982 5.09947
-1.30464 3.3187
-2.38498 -1.13921
-1.39048 5.62353
-1.71273 3.9734
-1.75413 3.21258
-2.14939 -0.297511
-3.05628 3.2404
-1.02489 1.09763
-2.21499 2.06677
-1.69565 1.71806
-2.19125 0.788226
-1.86949 3.13332
-2.02102 0.0102505
-2.52293 3.87517
-1.27966 4.34892
-2.3273 4.37746
-1.4424 4.6478
-2.42948 4.99724
-1.33976 3.59468
-2.17115 -0.684475
-2.82493 4.94046
-1.15873 0.565031
-2.10123 2.81333
-1.71527 1.15825
-1.98825 1.37741
-1.91571 1.04726
-1.87225 1.46797
-2.02474 0.907294
-1.79113 1.89338
-2.19811 0.534188
-2.1376 3.77789
-2.64601 4.8789
-1.17011 2.47
-2.59255 -0.0868999
-1.449 5.5334
-1.83204 4.333
-2.53482 5.01878
-1.24156 2.97804
-2.52661 -1.06675
-1.00987 4.88736
-2.18391 4.60112
-1.56393 4.84311
-2.15941 5.20134
-1.53724 4.24274
-2.2959 4.29521
-1.50163 4.8612
-2.19172 5.15724
-1.51655 4.21506
-2.14875 4.16026
-1.95722 5.48344
-1.63512 4.24827
-2.50324 4.36214
-1.29921 3.99588
-1.60235 1.31972
-2.07985 1.2971
-1.81396 1.35619
-2.01814 1.05871
-1.81583 1.57532
-2.09027 0.82413
-1.7761 2.33542
-2.29266 0.109666
-2.99622 3.43605
-1.02689 1.54563
-2.37665 1.54652
-2.4553 4.09219
-1.33541 4.44521
-2.5172 4.51938
-1.29519 3.78995
-1.91559 -0.107607
-2.6289 3.75874
-1.19273 3.92439
-1.69158 0.637306
-1.89045 2.32897
-2.19148 0.138401
-2.72756 3.75812
-1.14009 3.40241
-2.35169 -1.28984
-1.32011 5.55404
-1.75421 4.04785
-2.16548 4.13761
-1.93279 5.47744
-1.65539 4.29815
-2.61256 4.42091
-1.23017 3.42995
-2.33105 -1.1393
-1.57631 5.84941
-1.51825 3.39856
-2.25369 -0.693071
-2.5622 5.60697
-1.1869 1.01809
-2.11862 2.06887
-1.85135 0.817264
-1.85068 1.87942
-2.15688 0.514974
-2.03224 3.57155
-2.04512 3.9142
-2.70319 4.60465
-1.15337 2.56066
-2.60337 -0.321525
-1.24299 5.23677
-2.04873 4.6284
-1.73181 5.1352
-1.88134 4.9449
-1.79696 5.0229
-1.85378 5.02023
-1.80331 4.97145
-1.86378 5.06941
-1.78471 4.90799
-1.90793 5.14825
-1.73716 4.77013
-2.05331 5.28633
-1.60903 4.37156
-2.61973 4.52782
-1.22221 3.2609
-2.42475 -1.2958
-1.10664 5.16891
-2.0219 4.48183
-1.89442 5.35975
-1.71636 4.53224
-2.38196 5.20895
-1.34486 3.45073
-2.29587 -0.944218
-1.99646 6.05776
-1.28883 2.23217
-2.50395 0.453903
-2.47897 5.59444
-1.18778 1.73587
-2.37832 1.24279
-2.57288 4.03381
-1.24092 3.97439
-1.62472 1.06935
-1.98706 1.58566
-1.97154 0.812051
-1.80548 1.98943
-2.21315 0.433928
-2.3449 3.96228
-1.56156 5.11022
-2.01793 5.00345
-1.66196 4.76075
-2.1448 5.27533
-1.53853 4.17899
-2.04515 4.00883
-2.58509 5.00005
-1.20141 2.67043
-2.58722 -0.521597
-1.18178 5.15305
-2.09376 4.64733
-1.66081 5.01458
-1.9764 5.09326
-1.68784 4.73296
-2.14606 5.29388
-1.53426 4.14871
-1.91655 3.75439
-1.88485 3.59419
-1.62427 1.73853
-2.22501 0.842929
-1.91433 3.32265
-1.77939 0.653383
-1.86242 2.25151
-2.21354 0.186592
-2.73294 3.76174
-1.13767 3.36871
-2.37178 -1.33946
-1.20794 5.37813
-1.88011 4.28395
-2.52972 5.05151
-1.24035 2.94247
-2.53616 -1.01392
-1.01962 4.89782
-2.18607 4.61185
-1.55908 4.82453
-2.17873 5.20462
-1.52159 4.18821
-2.04892 4.01806
-2.55895 5.06285
-1.213 2.71708
-2.58077 -0.61186
-1.14692 5.09841
-2.12129 4.65544
-1.62351 4.93985
-2.04367 5.16058
-1.62991 4.54375
-2.45476 5.07069
-1.30549 3.34632
-2.3702 -1.11971
-1.46495 5.7185
-1.63373 3.77065
-1.72351 0.703087
-1.88071 2.15972
-2.18629 0.265466
-2.50474 3.94998
-1.29407 4.36317
-2.37228 4.40467
-1.39561 4.45704
-2.55216 4.55694
-1.27123 3.58881
-2.19341 -0.781832
-2.62903 5.49793
-1.18524 0.819032
-2.08037 2.35701
-1.90116 0.569094
-1.83961 2.50652
-2.24572 -0.0216988
-3.00501 3.3542
-1.02141 1.54651
-2.37973 1.5469
-2.48577 4.08864
-1.30641 4.31528
-2.25257 4.31015
-1.56616 4.99848
-2.05995 5.10444
-1.62114 4.57546
-2.41748 5.11979
-1.33066 3.44664
-2.30257 -0.972081
-1.92643 6.04875
-1.31421 2.41984
-2.53264 0.100914
-1.98098 5.92043
-1.36406 2.91379
-2.50861 -0.795886
-1.28389 5.39161
-1.92019 4.41662
-2.21021 5.41409
-1.44824 3.74647
-1.9228 -0.056311
-2.53745 3.82998
-1.26711 4.32073
-2.23955 4.30751
-1.5907 5.04735
-2.01994 5.06593
-1.65508 4.69043
-2.23017 5.27445
-1.46757 3.93447
-1.63402 1.14183
-2.00783 1.47746
-1.92448 0.952921
-1.84565 1.64025
-2.09411 0.742436
-1.79467 2.56856
-2.28667 -0.0966835
-3.0146 3.72177
-1.06121 0.93879
-2.15572 2.24729
-1.76462 1.08909
-1.94896 1.43416
-1.96296 0.948914
-1.82624 1.68654
-2.11935 0.708384
-1.82034 2.80563
-2.23137 -0.207112
-3.03895 3.51728
-1.04824 0.948837
-2.16412 2.24
-1.74993 1.16931
-1.98017 1.33373
-1.91031 1.09384
-1.88756 1.39015
-1.99093 0.990477
-1.81919 1.64892
-2.11179 0.749242
-1.79931 2.64806
-2.27762 -0.151923
-3.01164 3.78927
-1.06872 0.867398
-2.13868 2.34177
-1.78282 0.96928
-1.90764 1.61038
-2.04461 0.75393
-1.78833 2.32131
-2.28209 0.12195
-2.97856 3.41828
-1.02532 1.75523
-2.45948 1.2599
-2.91648 4.00285
-1.06481 1.60429
-2.38139 1.46139
-2.5183 4.07429
-1.27984 4.18541
-1.78424 3.4335
-1.92031 0.14017
-2.19117 3.71004
-2.54404 5.1565
-1.20902 2.59817
-2.58631 -0.347009
-1.30333 5.34829
-1.97137 4.53496
-1.93824 5.36643
-1.68249 4.46275
-2.52337 4.96973
-1.26002 3.14592
-2.46852 -1.21139
-1.06065 5.04614
-2.09914 4.55758
-1.69484 5.11623
-1.91551 4.98216
-1.75538 4.94036
-1.92204 5.13258
-1.72764 4.76889
-2.06539 5.28707
-1.59954 4.34592
-2.60643 4.4599
-1.23402 3.41911
-2.33776 -1.14962
-1.53931 5.81226
-1.55047 3.50968
-2.13856 -0.46863
-3.05289 3.63768
-1.0748 0.604813
-2.12915 2.75528
-1.68776 1.39527
-2.0808 1.12307
-1.78457 1.64579
-2.1286 0.777322
-1.79848 2.67639
-2.2757 -0.171404
-3.00831 3.83092
-1.07267 0.839455
-2.13265 2.3802
-1.78768 0.934682
-1.89709 1.6674
-2.06832 0.699253
-1.8009 2.56224
-2.28122 -0.088045
-3.02039 3.64433
-1.05432 0.987309
-2.17021 2.18748
-1.74581 1.21426
-1.99682 1.27887
-1.88239 1.18717
-1.9296 1.24759
-1.92107 1.17269
-1.90411 1.27456
-1.94475 1.13089
-1.87844 1.35054
-1.98356 1.03829
-1.83277 1.54829
-2.07265 0.840926
-1.77554 2.21246
-2.27669 0.23146
-2.89056 3.54098
-1.05337 2.45647
-2.63033 -0.193835
-1.19976 5.13128
-2.11897 4.69992
-1.61401 4.89227
-2.08096 5.19415
-1.59862 4.43138
-2.59925 4.68658
-1.22827 3.16087
-2.46712 -1.2731
-1.01482 4.95622
-2.13181 4.55868
-1.64534 5.03459
-1.98151 5.07664
-1.68522 4.74286
-2.13847 5.29008
-1.54111 4.17378
-2.02918 3.9814
-2.66285 4.76194
-1.16965 2.58177
-2.59861 -0.352711
-1.24414 5.24408
-2.04291 4.61938
-1.7456 5.1581
-1.86543 4.91229
-1.82352 5.07597
-1.81793 4.94127
-1.86045 5.08942
-1.78413 4.89003
-1.91747 5.1667
-1.7275 4.73733
-2.09607 5.30417
-1.57262 4.25552
-2.40638 4.34738
-1.36822 4.38812
-2.47676 4.4464
-1.31934 4.02686
-1.58304 1.66723
-2.21394 0.960026
-1.8174 2.93556
-2.1984 -0.235018
-3.04762 3.36385
-1.03445 1.04948
-2.19623 2.1198
-1.71214 1.48825
-2.1056 1.00078
-1.76191 1.99983
-2.24183 0.450864
-2.4571 3.98741
-1.34466 4.54838
-2.52004 4.71644
-1.28998 3.55582
-2.22275 -0.835329
-2.44962 5.80519
-1.20247 1.14426
-2.1493 1.90012
-1.79751 1.07928
-1.93381 1.4286
-1.97252 0.949412
-1.82157 1.69887
-2.1257 0.6994
-1.8299 2.87042
-2.20318 -0.205142
-3.04311 3.34044
-1.02986 1.13178
-2.22308 2.0244
-1.69251 1.82127
-2.22581 0.688892
-2.05858 3.66795
-2.54363 4.24523
-1.26898 3.92726
-1.6889 0.686707
-1.89104 2.21753
-2.18302 0.222082
-2.56475 3.91869
-1.24241 4.10848
-1.60847 2.52533
-2.41493 -0.0832408
-2.59468 5.45074
-1.16882 1.28881
-2.21294 1.76137
-1.71171 1.73828
-2.19129 0.752327
-1.89453 3.22506
-1.90459 0.264705
-2.02427 3.39123
-1.66007 2.49462
-2.38339 -0.0483929
-2.78967 4.92549
-1.1363 0.983629
-2.13159 2.14745
-1.82268 0.882417
-1.87268 1.75114
-2.10856 0.62554
-1.85479 2.97524
-2.13116 -0.140252
-2.94522 3.32438
-1.02534 2.18098
-2.5981 0.455248
-1.7422 5.77888
-1.57688 3.76124
-1.79535 0.385937
-1.93053 2.96622
-2.00536 0.109436
-2.31863 3.86065
-1.72289 5.36642
-1.83438 4.67595
-2.01829 5.33505
-1.62794 4.37291
-2.62426 4.55865
-1.21718 3.1924
-2.45545 -1.30337
-1.02019 4.97785
-2.1185 4.54883
-1.66967 5.08085
-1.94581 5.0266
-1.72077 4.85063
-2.00739 5.22804
-1.65162 4.5304
-2.45493 5.08154
-1.30332 3.32526
-2.38185 -1.13753
-1.40311 5.6408
-1.69848 3.93893
-1.6573 2.69711
-2.38739 -0.283347
-2.51911 5.61443
-1.18273 1.34687
-2.22858 1.68767
-1.70555 1.97738
-2.26547 0.517841
-2.48469 3.99329
-1.31204 4.41369
-2.47331 4.47265
-1.32248 4.0164
-1.58761 1.56039
-2.17344 1.0621
-1.74942 2.32018
-2.30964 0.130248
-3.0024 3.49161
-1.03226 1.40763
-2.32008 1.70965
-1.93097 3.50743
-1.6283 1.75958
-2.23075 0.81732
-1.95295 3.43793
-1.63689 1.62156
-2.1796 0.946102
-1.77846 2.63611
-2.2979 -0.15968
-2.9777 4.05969
-1.0884 0.805767
-2.12131 2.4238
-1.80208 0.860757
-1.87564 1.79776
-2.11873 0.58155
-1.89609 3.16027
-1.95164 0.16309
-2.17621 3.70585
-2.61317 4.99085
-1.18094 2.47686
-2.58941 -0.0930221
-1.46227 5.55212
-1.81577 4.30137
-2.60252 4.837
-1.20949 2.88316
-2.55641 -0.959809
-0.998132 4.82962
-2.21397 4.60883
-1.52933 4.74995
-2.2721 5.18256
-1.44837 3.93859
-1.63606 1.11249
-1.99752 1.51449
-1.94365 0.898354
-1.82666 1.76406
-2.14178 0.634184
-1.8896 3.15842
-1.96579 0.128719
-2.2415 3.7866
-2.15941 5.56327
-1.4365 3.58079
-2.14513 -0.563505
-2.9952 4.12047
-1.11227 0.482467
-2.14453 2.97386
-1.67033 2.44232
-2.37298 0.0131689
-2.87865 4.56119
-1.1146 0.918413
-2.12683 2.24827
-1.82177 0.848475
-1.8664 1.81703
-2.13026 0.56656
-1.92521 3.27206
-1.80099 0.585474
-1.8611 2.41754
-2.22443 0.056443
-2.91891 3.4473
-1.03907 2.30188
-2.61741 0.181336
-1.46966 5.527
-1.84008 4.36953
-2.46088 5.15925
-1.28188 3.13611
-2.46837 -1.16879
-1.09649 5.1141
-2.06848 4.54388
-1.75311 5.2022
-1.85079 4.85897
-1.8617 5.1483
-1.77421 4.82471
-1.96754 5.23455
-1.68136 4.58795
-2.33959 5.23245
-1.37895 3.59811
-2.15361 -0.620207
-2.93329 4.47787
-1.1345 0.480068
-2.13669 2.97792
-1.65963 2.2992
-2.36021 0.190001
-2.98457 3.84984
-1.06309 1.08957
-2.19393 2.05701
-1.72055 1.44827
-2.0883 1.03405
-1.77078 1.84808
-2.19693 0.592634
-2.06117 3.65404
-2.52403 4.24654
-1.28122 4.01046
-1.59122 1.44782
-2.13053 1.17248
-1.75662 1.79612
-2.18898 0.654536
-1.97125 3.45173
-1.62964 1.99081
-2.30311 0.57222
-2.62988 3.92835
-1.2015 3.7881
-1.92549 -0.175175
-2.75697 3.59443
-1.11543 3.35208
-2.38047 -1.38695
-1.13633 5.25493
-1.95643 4.39047
-2.16686 5.43937
-1.47871 3.83783
-1.7603 0.467933
-1.90104 2.73492
-2.14247 -0.0415208
-2.85062 3.52703
-1.0696 2.78616
-2.60078 -1.0055
-0.86146 4.44058
-2.09284 4.27403
-1.973 5.46274
-1.63029 4.25731
-2.51582 4.36731
-1.2915 3.93895
-1.67005 0.798626
-1.90736 1.99675
-2.13667 0.404573
-2.11786 3.71542
-2.74366 4.43495
-1.13542 2.52723
-2.60802 -0.261906
-1.25913 5.25683
-2.03727 4.62237
-1.7523 5.16528
-1.85869 4.90031
-1.83501 5.09594
-1.8044 4.90901
-1.88736 5.13383
-1.75546 4.81135
-1.9983 5.25269
-1.65576 4.51613
-2.47173 5.05603
-1.29251 3.28191
-2.40545 -1.17531
-1.28259 5.46677
-1.83429 4.22657
-2.66113 4.62241
-1.1836 2.85067
-2.56852 -0.938994
-0.977423 4.76962
-2.22987 4.59221
-1.51535 4.7228
-2.31055 5.15719
-1.41961 3.84105
-1.78876 0.334687
-1.96551 3.11164
-1.84026 0.499677
-1.87027 2.65593
-2.19923 -0.0750041
-2.98289 3.31299
-1.0183 1.82567
-2.48944 1.14855
-2.8239 4.61519
-1.10649 1.39615
-2.28039 1.68517
-1.75535 2.78181
-2.30289 -0.281705
-2.88421 4.60166
-1.12474 0.76133
-2.10143 2.47852
-1.83179 0.733521
-1.84814 2.05964
-2.19781 0.35262
-2.40732 3.96881
-1.42423 4.80672
-2.2822 5.09801
-1.45085 4.02367
-1.58896 1.97542
-2.31499 0.628063
-2.63438 3.93155
-1.19918 3.76341
-1.96631 -0.282752
-2.94255 3.22245
-1.02038 2.29568
-2.6234 0.173796
-1.43098 5.47426
-1.88443 4.44773
-2.23749 5.3888
-1.43138 3.7008
-1.9999 -0.253424
-2.92923 3.275
-1.02709 2.36797
-2.63119 -0.00158603
-1.29778 5.28596
-2.02343 4.63127
-1.76767 5.18005
-1.84377 4.87378
-1.86225 5.13883
-1.77511 4.83449
-1.9599 5.22519
-1.68826 4.61069
-2.29887 5.26501
-1.40876 3.70561
-2.00536 -0.277793
-2.96164 3.20009
-1.01458 2.14156
-2.59288 0.534897
-1.82083 5.82157
-1.51239 3.5617
-2.11636 -0.454031
-3.07086 3.43206
-1.05769 0.680102
-2.13026 2.63115
-1.72529 1.16377
-1.98679 1.36137
-1.91257 1.06567
-1.87871 1.43619
-2.01082 0.940238
-1.80104 1.78884
-2.16364 0.627064
-1.93506 3.33092
-1.7314 0.872197
-1.90153 1.8117
-2.10253 0.564797
-1.88878 3.1162
-1.9966 0.071881
-2.37363 3.8791
-1.53859 5.09175
-2.04056 5.01645
-1.6421 4.70637
-2.2244 5.26754
-1.47393 3.96406
-1.60578 1.43958
-2.12306 1.16471
-1.76069 1.76761
-2.17837 0.678733
-1.92315 3.307
-1.7752 0.676509
-1.86362 2.19792
-2.20652 0.231323
-2.63976 3.8689
-1.19242 3.78529
-1.92982 -0.190684
-2.78598 3.54612
-1.09921 3.21058
-2.45048 -1.50028
-0.882887 4.68009
-2.14115 4.43687
-1.69669 5.17099
-1.90056 4.92321
-1.78444 5.02392
-1.86473 5.0286
-1.79169 4.95084
-1.88245 5.09959
-1.76415 4.85435
-1.95904 5.21156
-1.6904 4.62787
-2.27231 5.28027
-1.4292 3.77913
-1.88345 0.0410673
-2.33599 3.8186
-1.70185 5.3508
-1.85262 4.70702
-1.96242 5.3013
-1.67633 4.51353
-2.456 5.09219
-1.30031 3.29939
-2.39554 -1.1559
-1.33603 5.54723
-1.77343 4.10817
-2.46307 4.31659
-1.32441 4.19822
-1.84837 3.62131
-1.63491 1.47937
-2.12868 1.09134
-1.75417 1.9399
-2.23087 0.515895
-2.3046 3.95289
-1.6828 5.29805
-1.87991 4.78229
-1.87004 5.20315
-1.7602 4.75439
-2.04033 5.2953
-1.61771 4.38525
-2.62033 4.57795
-1.21914 3.18969
-2.45639 -1.29936
-1.02105 4.97874
-2.1187 4.54973
-1.66893 5.0792
-1.94693 5.02846
-1.71955 4.84703
-2.01116 5.23121
-1.64839 4.52004
-2.47264 5.0507
-1.29263 3.28687
-2.40306 -1.17345
-1.29225 5.48217
-1.82271 4.20502
-2.67422 4.50322
-1.18174 2.94612
-2.54571 -1.1172
-0.927327 4.68087
-2.21074 4.51992
-1.55204 4.86406
-2.15247 5.18665
-1.54424 4.27886
-2.42614 4.36223
-1.35221 4.29904
-2.23978 4.28828
-1.60054 5.07296
-2.00276 5.04258
-1.67094 4.74483
-2.15177 5.28356
-1.53147 4.14904
-1.91262 3.74562
-1.84052 3.46657
-1.78374 0.58121
-1.86665 2.42977
-2.21884 0.0512502
-2.91163 3.45676
-1.04194 2.35696
-2.62463 0.0469185
-1.35686 5.37848
-1.9579 4.55157
-1.94576 5.36385
-1.67742 4.45512
-2.53796 4.93383
-1.25244 3.12388
-2.47792 -1.21009
-1.03625 4.98957
-2.12598 4.56984
-1.64883 5.03507
-1.97846 5.07571
-1.68778 4.74867
-2.12968 5.28916
-1.54837 4.19716
-2.14054 4.14449
-2.00748 5.50341
-1.58919 4.11851
-1.91651 3.74366
-1.85363 3.50553
-1.72121 0.854925
-1.90124 1.85066
-2.11195 0.52999
-1.92858 3.26751
-1.79781 0.599293
-1.86034 2.3823
-2.22432 0.0822257
-2.89371 3.49499
-1.0502 2.47419
-2.63221 -0.245071
-1.16465 5.06736
-2.15488 4.71398
-1.57309 4.78885
-2.19955 5.22054
-1.50271 4.10899
-1.73759 3.20178
-2.1768 -0.34849
-3.05399 3.49984
-1.05514 0.792074
-2.13529 2.45652
-1.76492 1.01067
-1.92532 1.55305
-2.01517 0.812759
-1.79068 2.08304
-2.24302 0.351939
-2.61242 3.91124
-1.21058 3.88674
-1.75494 0.36925
-1.95046 3.01147
-1.93956 0.246479
-2.05678 3.49149
-1.98774 3.8013
-2.49065 4.26721
-1.30391 4.13155
-1.65738 2.86276
-2.36948 -0.439226
-2.41231 5.78347
-1.20037 1.49743
-2.27933 1.51162
-1.77805 2.87995
-2.26066 -0.297656
-2.97598 4.12375
-1.09785 0.706202
-2.11183 2.57803
-1.78045 0.897789
-1.89091 1.73676
-2.09168 0.63461
-1.83626 2.85685
-2.19901 -0.190973
-3.03895 3.3061
-1.02473 1.22173
-2.25547 1.92386
-1.69979 2.31473
-2.34012 0.153159
-2.99933 3.69436
-1.05104 1.16061
-2.22195 1.9803
-1.69581 1.79799
-2.2171 0.708889
-2.00526 3.55403
-1.82337 3.3839
-1.90049 0.216975
-2.07791 3.51311
-2.22539 4.13492
-1.74993 5.33377
-1.82518 4.70362
-2.0038 5.31736
-1.64224 4.42357
-2.59447 4.74702
-1.22661 3.09534
-2.492 -1.2314
-0.983599 4.86674
-2.16946 4.5657
-1.59126 4.92579
-2.07898 5.16581
-1.60249 4.46885
-2.56618 4.81211
-1.24366 3.16406
-2.46391 -1.24844
-1.04283 5.01545
-2.10923 4.55605
-1.68011 5.09418
-1.9334 5.01008
-1.73411 4.88599
-1.97113 5.19379
-1.6829 4.62983
-2.27832 5.27343
-1.42539 3.76901
-1.90151 -0.0105777
-2.43792 3.84896
-1.40669 4.80688
-2.29054 5.08117
-1.44582 4.01842
-1.58799 1.89803
-2.29129 0.714825
-2.37461 4.01084
-1.47019 4.9061
-2.18066 5.11912
-1.52823 4.29068
-2.43422 4.36961
-1.34619 4.26141
-2.09873 4.12626
-2.18574 5.49708
-1.44067 3.65071
-2.06145 -0.385912
-3.06899 3.0759
-1.01331 1.13153
-2.23128 2.0325
-1.68845 1.94651
-2.26493 0.565055
-2.41434 4.00128
-1.40295 4.73293
-2.35774 5.04603
-1.39477 3.82592
-1.825 0.201124
-2.08846 3.48953
-2.24081 4.14581
-1.69765 5.26829
-1.87729 4.81255
-1.85559 5.17282
-1.77566 4.80422
-1.98062 5.25224
-1.6693 4.54599
-2.41485 5.14753
-1.32753 3.40811
-2.32906 -1.02582
-1.74273 5.96926
-1.40821 2.95785
-2.48422 -0.80197
-1.37737 5.53976
-1.80459 4.2138
-2.67085 4.47535
-1.18582 3.00963
-2.52618 -1.20596
-0.918267 4.68213
-2.19694 4.5049
-1.57463 4.9236
-2.09384 5.16269
-1.59138 4.44163
-2.59324 4.7061
-1.23154 3.16796
-2.46391 -1.27073
-1.0249 4.97967
-2.12232 4.55676
-1.66009 5.06108
-1.95997 5.04854
-1.70592 4.80625
-2.05676 5.26259
-1.6097 4.39571
-2.61664 4.59583
-1.22095 3.1872
-2.45724 -1.29559
-1.02193 4.97975
-2.1188 4.55055
-1.66836 5.07788
-1.9478 5.02993
-1.7186 4.84419
-2.01417 5.23367
-1.64583 4.5118
-2.48642 5.02481
-1.28453 3.2584
-2.41781 -1.19412
-1.22426 5.37101
-1.90278 4.34145
-2.38116 5.29078
-1.32492 3.28336
-2.39818 -1.12087
-1.3665 5.58518
-1.74586 4.05265
-2.15056 4.12173
-2.00641 5.50792
-1.58829 4.11199
-1.89027 3.67932
-1.65077 2.52303
-2.39073 -0.0824815
-2.72417 5.13677
-1.14867 1.06295
-2.14718 2.03777
-1.7997 1.01262
-1.91337 1.53084
-2.01742 0.834735
-1.79019 2.03724
-2.23362 0.396515
-2.49969 3.97316
-1.29789 4.36413
-2.37729 4.4068
-1.39116 4.43678
-2.54214 4.51859
-1.27842 3.67821
-2.08646 -0.532492
-3.07056 3.53407
-1.07297 0.541103
-2.14229 2.86766
-1.65344 1.94991
-2.28126 0.594159
-2.47005 4.00506
-1.32704 4.46921
-2.52442 4.55642
-1.29065 3.71989
-2.02597 -0.385771
-3.06067 3.02029
-1.00464 1.28386
-2.28766 1.86243
-1.76725 2.89961
-2.26696 -0.32079
-2.94805 4.29687
-1.10924 0.69422
-2.10698 2.59457
-1.78569 0.869808
-1.88311 1.78642
-2.11038 0.590181
-1.87956 3.08702
-2.03222 0.00458783
-2.55177 3.86464
-1.25254 4.21807
-1.87839 3.71721
-1.6694 2.69121
-2.37961 -0.271341
-2.57534 5.5138
-1.17453 1.23943
-2.19288 1.8119
-1.73171 1.49255
-2.09975 0.977332
-1.76385 2.02118
-2.24584 0.428358
-2.51161 3.97465
-1.28633 4.30723
-2.21133 4.27521
-1.66707 5.18658
-1.91898 4.91668
-1.76799 5.00768
-1.88451 5.05676
-1.76908 4.89817
-1.92878 5.16714
-1.71855 4.72165
-2.12305 5.30841
-1.55023 4.1854
-2.09626 4.08524
-2.26849 5.46129
-1.3778 3.41498
-2.3102 -0.93565
-1.95242 6.04866
-1.30632 2.37349
-2.52793 0.190005
-2.09131 5.91267
-1.30963 2.62915
-2.55242 -0.326251
-1.48794 5.61658
-1.75466 4.1556
-2.53759 4.33331
-1.2766 3.87633
-1.77135 0.335133
-1.96907 3.10806
-1.83494 0.518754
-1.86576 2.60094
-2.21155 -0.0554066
-2.98547 3.32276
-1.01877 1.78892
-2.47548 1.20758
-2.88335 4.2968
-1.08478 1.43273
-2.30449 1.65636
-1.84711 3.23224
-1.99058 0.0403969
-2.42333 3.88409
-1.42294 4.83647
-2.25868 5.09824
-1.4695 4.09776
-1.6776 2.92143
-2.34289 -0.456047
-2.52355 5.6318
-1.18475 1.24658
-2.19115 1.79621
-1.73395 1.48386
-2.09583 0.984183
-1.76528 1.98719
-2.23683 0.461025
-2.41628 3.98738
-1.40349 4.74082
-2.35016 5.05195
-1.4004 3.84671
-1.78844 0.327162
-1.97115 3.13298
-1.81233 0.590273
-1.85728 2.40545
-2.22804 0.0631952
-2.92051 3.44717
-1.03855 2.28766
-2.61515 0.215708
-1.50174 5.56468
-1.80691 4.30854
-2.60352 4.82872
-1.20967 2.89183
-2.55445 -0.975504
-0.993554 4.82186
-2.21432 4.6042
-1.52972 4.75422
-2.26742 5.18412
-1.45207 3.95201
-1.62112 1.24519
-2.04742 1.36223
-1.85852 1.16902
-1.93578 1.2759
-1.92554 1.13742
-1.89143 1.32895
-1.96923 1.06252
-1.84659 1.48614
-2.04511 0.897979
-1.78218 1.97478
-2.22401 0.461788
-2.35237 3.96998
-1.53845 5.06509
-2.05109 5.04074
-1.63191 4.66094
-2.2907 5.23928
-1.42185 3.78212
-1.88276 0.0396315
-2.33822 3.81938
-1.69316 5.34024
-1.86134 4.72461
-1.93539 5.27903
-1.7001 4.58186
-2.32658 5.25207
-1.38638 3.61682
-2.12967 -0.56449
-3.01525 3.99403
-1.10521 0.474231
-2.15042 2.98907
-1.69087 2.64227
-2.36676 -0.211305
-2.70777 5.20219
-1.15443 1.03007
-2.13557 2.07546
-1.81953 0.921402
-1.88241 1.67954
-2.08209 0.690422
-1.80753 2.65058
-2.26936 -0.146217
-3.02138 3.6859
-1.06021 0.912973
-2.15088 2.28237
-1.76869 1.05587
-1.93729 1.48066
-1.98527 0.892302
-1.80714 1.83677
-2.1736 0.577444
-2.00722 3.52773
-1.77771 3.21461
-2.11582 -0.228395
-3.00517 3.19369
-1.00956 1.71736
-2.45269 1.31621
-2.91662 3.91125
-1.05963 1.74855
-2.44038 1.26806
-2.91017 3.80612
-1.05624 1.96663
-2.52162 0.91441
-2.56979 5.39406
-1.16838 1.6954
-2.37069 1.30359
-2.47472 4.07182
-1.31725 4.38023
-2.42493 4.4315
-1.35385 4.23883
-2.0197 3.99927
-2.66047 4.76467
-1.17116 2.59508
-2.5982 -0.382631
-1.2268 5.21652
-2.05981 4.63308
-1.71336 5.10668
-1.90309 4.98431
-1.76636 4.95391
-1.90565 5.11288
-1.74324 4.8117
-2.01169 5.2553
-1.64521 4.4897
-2.51708 4.96327
-1.2667 3.19521
-2.44804 -1.2207
-1.10975 5.15557
-2.03908 4.51048
-1.83244 5.30039
-1.77352 4.67905
-2.10067 5.33721
-1.56258 4.19628
-2.16837 4.17495
-1.87556 5.43548
-1.71039 4.44538
-2.52155 4.98819
-1.25869 3.12209
-2.47758 -1.19826
-1.04655 5.01037
-2.11797 4.56908
-1.66071 5.056
-1.96119 5.0534
-1.70434 4.7992
-2.06439 5.26712
-1.6032 4.3744
-2.61806 4.52765
-1.22348 3.27095
-2.41992 -1.29103
-1.12415 5.20385
-2.00168 4.46103
-1.96095 5.40363
-1.65668 4.37314
-2.62592 4.61111
-1.21253 3.10708
-2.48951 -1.26557
-0.964982 4.82875
-2.1746 4.55162
-1.5891 4.92911
-2.07876 5.16292
-1.60287 4.47262
-2.56213 4.82458
-1.24571 3.16796
-2.46209 -1.24669
-1.04908 5.02936
-2.10288 4.5533
-1.69137 5.11297
-1.91915 4.98687
-1.75109 4.93046
-1.93076 5.14454
-1.71938 4.74397
-2.09886 5.2996
-1.5712 4.25563
-2.40403 4.34676
-1.37022 4.39757
-2.49199 4.4581
-1.30996 3.95492
-1.64651 0.952756
-1.94696 1.74136
-2.04699 0.635907
-1.81669 2.65093
-2.2601 -0.137638
-3.02899 3.5778
-1.05046 0.982133
-2.1708 2.19593
-1.74375 1.22291
-2.00052 1.26968
-1.87707 1.20528
-1.93797 1.22296
-1.90855 1.21044
-1.9225 1.21735
-1.91642 1.21153
-1.91829 1.21772
-1.91904 1.20967
-1.91619 1.2211
-1.92129 1.20441
-1.9133 1.22922
-1.92544 1.19256
-1.90735 1.2476
-1.93453 1.16667
-1.89447 1.28964
-1.95506 1.1112
-1.86704 1.39014
-2.00272 0.995096
-1.8135 1.66207
-2.11894 0.740193
-1.80656 2.71558
-2.26275 -0.186268
-3.01918 3.73949
-1.06624 0.856265
-2.13809 2.35862
-1.7808 0.972125
-1.90911 1.60666
-2.04249 0.757575
-1.78807 2.30433
-2.28042 0.138263
-2.96717 3.42582
-1.02675 1.86398
-2.4994 1.08653
-2.76278 4.86351
-1.1237 1.42899
-2.28528 1.63844
-1.77446 2.89061
-2.26174 -0.306625
-2.96848 4.17363
-1.10131 0.699415
-2.11037 2.58826
-1.78035 0.894758
-1.89027 1.74234
-2.09363 0.629519
-1.84024 2.88169
-2.18641 -0.185398
-3.03187 3.26436
-1.01862 1.3512
-2.30543 1.78
-1.84286 3.2343
-1.99667 0.0251279
-2.45959 3.88441
-1.35951 4.65319
-2.44289 4.91499
-1.33764 3.6541
-2.1031 -0.536502
-3.05702 3.66156
-1.08218 0.517792
-2.14481 2.90929
-1.65545 2.16093
-2.3352 0.357001
-2.95096 3.51651
-1.03417 1.92445
-2.51738 0.983612
-2.6211 5.27793
-1.1568 1.61756
-2.34496 1.40417
-2.19183 3.95089
-2.11498 5.54656
-1.48284 3.76289
-1.87422 0.0923136
-2.24683 3.75031
-2.19407 5.55657
-1.4084 3.4735
-2.25679 -0.806709
-2.3725 5.88511
-1.2098 1.34417
-2.21655 1.66964
-1.7113 1.842
-2.224 0.650111
-2.09524 3.72978
-2.74283 4.32419
-1.14038 2.70746
-2.60048 -0.694105
-1.0286 4.84241
-2.23549 4.65136
-1.50299 4.64179
-2.41069 5.06156
-1.34704 3.57929
-2.18494 -0.709299
-2.75774 5.16115
-1.16874 0.64961
-2.08395 2.65332
-1.81648 0.730027
-1.85285 2.0677
-2.19563 0.3445
-2.41144 3.96812
-1.41718 4.78789
-2.30176 5.08735
-1.43619 3.97262
-1.60691 1.38719
-2.10332 1.21859
-1.78067 1.57416
-2.10705 0.851261
-1.77246 2.35506
-2.29731 0.090796
-3.00535 3.46413
-1.03044 1.40969
-2.32178 1.70802
-1.94242 3.53768
-1.63025 2.15535
-2.34587 0.382393
-2.95925 3.52949
-1.03371 1.82496
-2.48173 1.15187
-2.85859 4.44876
-1.09524 1.39137
-2.28371 1.69698
-1.76325 2.83697
-2.28552 -0.302159
-2.91661 4.4554
-1.1175 0.72319
-2.10325 2.54352
-1.80988 0.790461
-1.86128 1.93719
-2.16275 0.459074
-2.1178 3.72952
-2.7373 4.48501
-1.13724 2.49445
-2.60571 -0.179456
-1.32086 5.3521
-1.97313 4.55276
-1.91616 5.34713
-1.70293 4.52076
-2.41606 5.16218
-1.3233 3.37383
-2.35089 -1.06798
-1.60141 5.86001
-1.51079 3.38312
-2.26889 -0.723662
-2.45728 5.77328
-1.19838 1.21583
-2.17483 1.82031
-1.75619 1.31989
-2.02963 1.1427
-1.82477 1.45471
-2.04615 0.943139
-1.78441 1.87912
-2.19812 0.552531
-2.11401 3.74363
-2.73362 4.50471
-1.13866 2.49057
-2.60498 -0.168391
-1.33135 5.36787
-1.96188 4.53841
-1.95265 5.37226
-1.67041 4.43259
-2.57103 4.84331
-1.23572 3.08066
-2.49584 -1.20231
-0.995099 4.88749
-2.16695 4.57427
-1.59179 4.92204
-2.08081 5.16857
-1.60088 4.46188
-2.57368 4.78719
-1.24002 3.15933
-2.46626 -1.25239
-1.03348 4.99474
-2.11818 4.55899
-1.66516 5.06848
-1.95339 5.04009
-1.7125 4.82509
-2.0347 5.24915
-1.62834 4.45546
-2.56893 4.82188
-1.24016 3.13084
-2.47717 -1.23572
-1.01822 4.95379
-2.13792 4.5677
-1.63289 5.00736
-2.00276 5.10301
-1.66596 4.67976
-2.23174 5.28058
-1.46493 3.91934
-1.6523 1.00375
-1.9592 1.65534
-2.01488 0.722177
-1.79604 2.30793
-2.27482 0.133932
-2.96013 3.42715
-1.02779 1.93341
-2.52348 0.965442
-2.56982 5.38921
-1.16842 1.71102
-2.37679 1.28404
-2.53944 4.05279
-1.2639 4.11012
-1.61364 2.56123
-2.4141 -0.130743
-2.54787 5.54573
-1.17663 1.35989
-2.23601 1.67809
-1.70508 2.08299
-2.29242 0.40687
-2.77025 3.75301
-1.11866 3.14949
-2.47781 -1.4566
-0.859467 4.59295
-2.12738 4.38323
-1.76492 5.2775
-1.82725 4.76374
-1.94903 5.26411
-1.69183 4.58042
-2.33858 5.23848
-1.37848 3.59119
-2.16125 -0.636688
-2.9018 4.6271
-1.14247 0.501277
-2.12584 2.9371
-1.65084 1.91381
-2.27163 0.634972
-2.35668 3.99543
-1.51467 5.00977
-2.09199 5.07907
-1.59786 4.53929
-2.4846 5.00231
-1.28992 3.30927
-2.39252 -1.16829
-1.33211 5.54399
-1.77485 4.10954
-2.47185 4.31784
-1.31827 4.16222
-1.73432 3.23777
-2.15895 -0.332072
-3.06119 3.34371
-1.03934 0.913365
-2.16095 2.29082
-1.74808 1.15954
-1.97757 1.34819
-1.91636 1.07277
-1.87864 1.42626
-2.0077 0.951262
-1.80405 1.75925
-2.15339 0.653194
-1.8942 3.18678
-1.93555 0.194614
-2.12099 3.61411
-2.72403 4.22025
-1.15565 2.98336
-2.53796 -1.22247
-0.881649 4.57824
-2.16645 4.42259
-1.65962 5.12061
-1.94203 4.98868
-1.73001 4.89705
-1.96887 5.18501
-1.68549 4.64332
-2.25703 5.28404
-1.44197 3.82757
-1.79869 0.310031
-1.98258 3.18404
-1.75032 0.831612
-1.88749 1.87695
-2.12902 0.507653
-1.97819 3.42554
-1.63034 1.92478
-2.2833 0.643465
-2.4162 4.0111
-1.39755 4.71228
-2.37921 5.0237
-1.3794 3.77257
-1.91829 -0.0768279
-2.57299 3.80664
-1.23471 4.16502
-1.71374 3.17392
-2.21962 -0.420272
-2.97503 4.17765
-1.10682 0.613735
-2.11419 2.73444
-1.72091 1.15212
-1.98435 1.38062
-1.91983 1.03905
-1.86804 1.48383
-2.03225 0.891651
-1.78692 1.949
-2.21486 0.48362
-2.27732 3.92853
-1.79998 5.42977
-1.76416 4.5322
-2.31617 5.29046
-1.38649 3.5871
-2.16233 -0.633466
-2.90298 4.62083
-1.14197 0.502588
-2.12559 2.93465
-1.65106 1.89955
-2.26721 0.649745
-2.31096 3.97515
-1.64475 5.24083
-1.92084 4.86151
-1.78403 5.06693
-1.85381 4.98365
-1.81236 5.01074
-1.84322 5.02056
-1.81273 4.98178
-1.85147 5.0509
-1.79881 4.94092
-1.8794 5.10476
-1.76593 4.85231
-1.9584 5.21269
-1.69078 4.62753
-2.27235 5.28045
-1.42912 3.77867
-1.88423 0.0388471
-2.34019 3.82092
-1.68478 5.32966
-1.86982 4.7416
-1.9107 5.25543
-1.72209 4.64424
-2.21143 5.31656
-1.47449 3.9246
-1.6423 1.08144
-1.98568 1.55103
-1.96408 0.846563
-1.8111 1.89994
-2.18791 0.515321
-2.1254 3.75482
-2.70589 4.6574
-1.14784 2.4383
-2.5971 -0.033172
-1.45907 5.54
-1.82704 4.32794
-2.55036 4.98159
-1.23396 2.95272
-2.53486 -1.04046
-1.00513 4.86854
-2.19324 4.60333
-1.55283 4.81469
-2.19222 5.20307
-1.51103 4.15372
-1.89416 3.70451
-1.68836 2.81439
-2.35409 -0.371294
-2.58065 5.5181
-1.17572 1.17835
-2.17148 1.88044
-1.76149 1.26034
-2.00693 1.20902
-1.85678 1.30387
-1.98002 1.10017
-1.8489 1.43618
-2.02759 0.950564
-1.79397 1.809
-2.17333 0.612804
-1.97053 3.438
-1.62982 1.88599
-2.27151 0.685258
-2.28961 3.966
-1.71833 5.33856
-1.84531 4.71544
-1.96512 5.29801
-1.6748 4.51353
-2.45752 5.08901
-1.29951 3.29719
-2.39677 -1.15816
-1.32942 5.5376
-1.78089 4.12357
-2.52869 4.3242
-1.2817 3.92278
-1.69497 0.662341
-1.8888 2.26875
-2.18965 0.181843
-2.65457 3.84608
-1.18289 3.72808
-2.02139 -0.427357
-3.07956 3.01554
-1.01197 1.07073
-2.21349 2.10462
-1.69412 1.71078
-2.18944 0.796957
-1.86034 3.09491
-2.06118 -0.0595556
-2.71741 3.71264
-1.14206 3.49359
-2.28774 -1.11991
-1.7546 5.99608
-1.38616 2.8238
-2.51452 -0.629337
-1.40934 5.55678
-1.79837 4.21907
-2.66929 4.47365
-1.18708 3.0225
-2.52188 -1.22077
-0.918804 4.68834
-2.19503 4.50573
-1.57696 4.9282
-2.08918 5.16027
-1.59512 4.45423
-2.58242 4.75237
-1.23623 3.16192
-2.46573 -1.26007
-1.02871 4.98567
-2.12117 4.55853
-1.66095 5.06166
-1.95907 5.04779
-1.70676 4.8084
-2.05408 5.26116
-1.61195 4.40288
-2.61404 4.62106
-1.22133 3.16701
-2.46545 -1.28768
-1.00758 4.94291
-2.13504 4.55601
-1.64185 5.02972
-1.98625 5.08165
-1.68093 4.72992
-2.15693 5.29148
-1.52581 4.12364
-1.81316 3.4722
-1.82771 0.413537
-1.90884 2.89612
-2.07771 -0.00723781
-2.65906 3.79245
-1.17708 3.74565
-1.99371 -0.361834
-3.03436 3.02312
-0.998803 1.57179
-2.40111 1.51925
-2.68348 3.97838
-1.17535 3.47214
-2.30449 -1.13251
-1.67796 5.94185
-1.43604 3.06667
-2.44625 -0.875741
-1.45888 5.66432
-1.69468 3.96199
-1.69047 2.91319
-2.33441 -0.435086
-2.59148 5.50691
-1.1758 1.12294
-2.15355 1.94557
-1.79051 1.08952
-1.93962 1.41728
-1.96497 0.964361
-1.82809 1.65928
-2.11004 0.733624
-1.80403 2.6804
-2.26976 -0.168459
-3.01618 3.7567
-1.06685 0.865093
-2.13918 2.34582
-1.78102 0.97572
-1.90999 1.60054
-2.0401 0.763645
-1.78765 2.28043
-2.27788 0.161363
-2.94814 3.44679
-1.03107 2.03014
-2.55376 0.783095
-2.2554 5.79738
-1.25908 2.39673
-2.55018 0.131759
-1.87985 5.88934
-1.4333 3.23039
-2.38869 -0.943757
-1.61684 5.85165
-1.52073 3.43807
-2.22302 -0.641802
-2.73907 5.19732
-1.16671 0.731514
-2.08215 2.51007
-1.86566 0.614757
-1.83997 2.35732
-2.24243 0.0940321
-2.92463 3.45151
-1.03746 2.24622
-2.60764 0.314644
-1.60239 5.66956
-1.70542 4.09485
-2.16787 4.149
-1.90984 5.46282
-1.67712 4.35666
-2.63194 4.60117
-1.20843 3.08324
-2.49862 -1.25167
-0.952902 4.7925
-2.18412 4.54509
-1.57876 4.91047
-2.09873 5.17264
-1.58686 4.41953
-2.60654 4.63091
-1.22666 3.1987
-2.45184 -1.28889
-1.04118 5.02295
-2.10027 4.54412
-1.7006 5.13106
-1.90715 4.96429
-1.76711 4.97061
-1.89833 5.09543
-1.75154 4.83977
-1.9822 5.22951
-1.67073 4.57076
-2.37661 5.19265
-1.35354 3.50716
-2.24968 -0.842082
-2.34184 5.92007
-1.21415 1.38773
-2.23129 1.61929
-1.70833 2.06504
-2.28647 0.423557
-2.72332 3.81501
-1.14561 3.38252
-2.36386 -1.31186
-1.25989 5.4619
-1.82255 4.18534
-2.67474 4.44426
-1.18438 3.02704
-2.5207 -1.23134
-0.914736 4.67998
-2.19255 4.49881
-1.58276 4.94423
-2.07513 5.15043
-1.60656 4.49431
-2.53603 4.89727
-1.25936 3.20071
-2.44688 -1.23437
-1.10098 5.1406
-2.04601 4.51469
-1.81568 5.28303
-1.78904 4.71624
-2.0403 5.31736
-1.6141 4.35532
-2.61886 4.49411
-1.22416 3.30882
-2.40134 -1.27301
-1.19368 5.33467
-1.91907 4.35533
-2.31813 5.35624
-1.36602 3.44113
-2.2963 -0.923195
-2.02799 6.05644
-1.27929 2.15771
-2.48768 0.585668
-2.67477 5.1875
-1.14756 1.39628
-2.2622 1.65906
-1.72287 2.48616
-2.34249 -0.0409584
-2.93875 4.26541
-1.09809 0.867307
-2.12511 2.3288
-1.81316 0.851315
-1.86997 1.81313
-2.12673 0.569039
-1.91751 3.24361
-1.84134 0.451531
-1.8882 2.79284
-2.14606 -0.0758835
-2.89965 3.43034
-1.045 2.48398
-2.63413 -0.279091
-1.13912 5.01816
-2.18093 4.71869
-1.54702 4.71746
-2.2944 5.18612
-1.42875 3.85526
-1.76146 0.440107
-1.91173 2.81182
-2.1041 -0.0169705
-2.73184 3.71105
-1.13501 3.41339
-2.34465 -1.27823
-1.35473 5.6037
-1.71585 3.96121
-1.73149 3.11382
-2.22939 -0.400058
-2.97068 4.19552
-1.10685 0.630475
-2.11212 2.70488
-1.73589 1.07359
-1.95401 1.47783
-1.97155 0.902315
-1.81464 1.79255
-2.15694 0.614518
-1.93219 3.31658
-1.74889 0.790651
-1.88132 1.95931
-2.15188 0.435744
-2.11713 3.72254
-2.74131 4.45395
-1.1361 2.51461
-2.60724 -0.230089
-1.28222 5.29333
-2.01339 4.59871
-1.80559 5.23776
-1.80447 4.77886
-1.96565 5.26244
-1.67941 4.55726
-2.38724 5.18549
-1.3452 3.47075
-2.2811 -0.914424
-2.10245 6.05095
-1.25777 1.9507
-2.42991 0.918401
-2.94101 3.77039
-1.04942 1.69947
-2.42622 1.33903
-2.86154 3.79255
-1.07382 2.43478
-2.62215 -0.109088
-1.28323 5.27637
-2.02791 4.62657
-1.76384 5.17766
-1.84722 4.87909
-1.8561 5.12998
-1.7814 4.85075
-1.94259 5.20682
-1.70358 4.65749
-2.21705 5.3052
-1.47224 3.92589
-1.64172 1.08435
-1.98678 1.54753
-1.96216 0.851314
-1.81237 1.88668
-2.18373 0.527068
-2.09615 3.70709
-2.73726 4.27808
-1.14555 2.81468
-2.58298 -0.928413
-0.944833 4.67635
-2.23672 4.54611
-1.51552 4.75487
-2.27664 5.17141
-1.44624 3.93973
-1.6355 1.11556
-1.9987 1.51091
-1.94163 0.903671
-1.82844 1.75114
-2.13704 0.64538
-1.87475 3.09547
-2.03569 -0.00628316
-2.57778 3.84913
-1.23129 4.10497
-1.60298 2.47751
-2.41397 -0.0183037
-2.66595 5.28264
-1.15671 1.18656
-2.18227 1.88479
-1.74524 1.35536
-2.04621 1.11176
-1.80693 1.55055
-2.08671 0.855129
-1.7724 2.24112
-2.28325 0.203965
-2.92986 3.48011
-1.03725 2.16879
-2.59015 0.493698
-1.82093 5.82559
-1.50899 3.54675
-2.13441 -0.491442
-3.04814 3.69942
-1.08096 0.567996
-2.13288 2.81933
-1.66556 1.62518
-2.17088 0.911443
-1.78227 2.645
-2.29384 -0.163582
-2.9834 4.02157
-1.08597 0.80752
-2.12261 2.42212
-1.79971 0.870709
-1.87846 1.77947
-2.11198 0.597653
-1.87621 3.07478
-2.04554 -0.0185861
-2.61744 3.82101
-1.20292 3.93316
-1.67892 0.706572
-1.89502 2.18058
-2.17524 0.252413
-2.48461 3.95154
-1.31568 4.45687
-2.51336 4.53374
-1.29796 3.79236
-1.91108 -0.0942143
-2.60095 3.7824
-1.21257 4.04609
-1.5732 1.79184
-2.26125 0.843349
-2.05378 3.6842
-2.55564 4.2451
-1.26168 3.87447
-1.77573 0.312605
-1.98511 3.17205
-1.75369 0.819816
-1.88434 1.89824
-2.13633 0.489151
-2.01277 3.51544
-1.77952 3.21981
-2.10979 -0.218351
-2.99192 3.21192
-1.01113 1.83587
-2.49669 1.13028
-2.78395 4.78083
-1.11786 1.42022
-2.2845 1.6517
-1.77047 2.87011
-2.27098 -0.305914
-2.94933 4.28492
-1.10794 0.703675
-2.1074 2.57913
-1.78976 0.85795
-1.87934 1.80741
-2.11849 0.571804
-1.90328 3.18652
-1.91733 0.243234
-2.05175 3.46639
-1.88656 3.56243
-1.63485 1.53542
-2.1492 1.0345
-1.75077 2.19214
-2.28929 0.262701
-2.89977 3.53575
-1.04961 2.38264
-2.6251 -0.00834268
-1.32449 5.333
-1.99029 4.59047
-1.85058 5.28389
-1.76302 4.68088
-2.11268 5.3344
-1.55345 4.17176
-2.0472 4.00955
-2.57801 5.01817
-1.20444 2.68149
-2.58574 -0.542993
-1.1735 5.14027
-2.10042 4.64985
-1.65128 4.99612
-1.99216 5.11179
-1.67366 4.68771
-2.21356 5.28832
-1.47896 3.96481
-1.60425 1.46704
-2.13371 1.13806
-1.75315 1.87921
-2.21486 0.576424
-2.1484 3.80184
-2.57173 5.07834
-1.20009 2.58679
-2.58904 -0.330189
-1.30215 5.34365
-1.97522 4.54166
-1.92373 5.35592
-1.69552 4.49829
-2.45882 5.09705
-1.29674 3.27465
-2.40811 -1.1704
-1.27928 5.4602
-1.83978 4.23735
-2.64857 4.68751
-1.18788 2.82961
-2.57177 -0.889546
-0.99853 4.81262
-2.22605 4.61493
-1.51606 4.70853
-2.32582 5.14875
-1.40777 3.79664
-1.86674 0.0791388
-2.266 3.76444
-2.07327 5.57826
-1.50382 3.80496
-1.79351 0.356798
-1.9491 3.0494
-1.91872 0.28733
-2.00422 3.34734
-1.63427 1.84881
-2.25799 0.719629
-2.17125 3.85532
-2.3786 5.39957
-1.2955 3.03136
-2.50002 -1.05132
-1.09884 5.09032
-2.09366 4.57992
-1.69129 5.10011
-1.92271 5.00021
-1.74534 4.91124
-1.94593 5.16586
-1.70522 4.69903
-2.16412 5.3083
-1.51656 4.07839
-1.67986 2.91768
-2.34193 -0.451057
-2.53487 5.61233
-1.18321 1.22618
-2.18464 1.82026
-1.74239 1.40799
-2.06586 1.05643
-1.7856 1.71512
-2.1499 0.709157
-1.85115 3.00847
-2.12177 -0.139094
-2.93085 3.3484
-1.03053 2.28912
-2.61846 0.202672
-1.47492 5.53139
-1.83637 4.36429
-2.47643 5.13234
-1.27318 3.10232
-2.48205 -1.15872
-1.06575 5.04381
-2.10653 4.57061
-1.67682 5.08186
-1.93972 5.0236
-1.72648 4.86255
-1.99346 5.21678
-1.66345 4.56734
-2.3893 5.17534
-1.34548 3.48014
-2.27385 -0.899388
-2.15528 6.03661
-1.24547 1.81735
-2.38614 1.1067
-2.70619 3.91716
-1.16003 3.39713
-2.35515 -1.27441
-1.32785 5.5622
-1.74949 4.03963
-2.11221 4.07218
-2.2313 5.48678
-1.40291 3.50602
-2.23256 -0.764646
-2.52845 5.67827
-1.19278 1.03297
-2.12015 2.04529
-1.84902 0.833872
-1.8541 1.84497
-2.14595 0.545254
-1.97425 3.42747
-1.63037 1.87492
-2.26781 0.696353
-2.25393 3.93997
-1.87428 5.48426
-1.69477 4.36738
-2.62198 4.67931
-1.21022 3.02717
-2.51733 -1.18642
-0.952189 4.77093
-2.19731 4.55085
-1.56046 4.86572
-2.14458 5.19015
-1.55001 4.29373
-2.47418 4.37846
-1.3186 4.0985
-1.60967 2.49122
-2.41165 -0.0378545
-2.65949 5.30105
-1.15808 1.18952
-2.18268 1.88042
-1.74471 1.36102
-2.04841 1.10589
-1.80437 1.56725
-2.09344 0.840095
-1.77378 2.31116
-2.29165 0.133908
-2.98556 3.43038
-1.02597 1.66743
-2.42511 1.38674
-2.85008 3.80701
-1.07955 2.5152
-2.62479 -0.307452
-1.16107 5.071
-2.15058 4.70533
-1.57895 4.80934
-2.17578 5.22033
-1.52191 4.17489
-1.9956 3.92406
-2.71452 4.34279
-1.1594 2.89165
-2.56347 -1.05973
-0.9186 4.63816
-2.21313 4.50102
-1.5543 4.8801
-2.1389 5.18031
-1.55537 4.31961
-2.53499 4.40263
-1.28082 3.82453
-1.85974 0.0441176
-2.32284 3.80174
-1.76849 5.42524
-1.78631 4.56373
-2.23385 5.34437
-1.44761 3.80043
-1.83883 0.181222
-2.11303 3.54638
-2.58812 4.22037
-1.24117 3.74771
-1.9905 -0.324138
-3.00047 3.09563
-1.00284 1.85824
-2.50887 1.09016
-2.70286 5.05498
-1.13797 1.51119
-2.31109 1.53794
-1.90232 3.4041
-1.73006 0.850535
-1.89756 1.85297
-2.11547 0.528078
-1.9355 3.29254
-1.76242 0.737125
-1.87075 2.06569
-2.18076 0.344183
-2.35237 3.94997
-1.55027 5.09324
-2.03195 5.01769
-1.64906 4.72071
-2.20082 5.27402
-1.49266 4.02634
-1.59815 2.18575
-2.36754 0.36909
-2.98361 3.63288
-1.04115 1.42895
-2.32392 1.68132
-1.95902 3.57696
-1.68473 2.75446
-2.36408 -0.323742
-2.59092 5.49107
-1.17338 1.18309
-2.17404 1.8767
-1.75757 1.28414
-2.01664 1.1835
-1.84336 1.36086
-2.00561 1.03766
-1.81954 1.5877
-2.09231 0.809331
-1.77862 2.38322
-2.2952 0.0631279
-3.01061 3.47918
-1.03292 1.33099
-2.29074 1.79671
-1.779 2.95116
-2.23927 -0.31168
-3.00456 3.93454
-1.08616 0.708712
-2.11702 2.57734
-1.76949 0.947069
-1.90651 1.65525
-2.05804 0.710114
-1.7965 2.48897
-2.28577 -0.0301998
-3.02068 3.5551
-1.04393 1.11241
-2.21011 2.04001
-1.70212 1.64557
-2.1643 0.853132
-1.79717 2.73685
-2.2693 -0.208787
-3.0041 3.88622
-1.07824 0.79732
-2.1251 2.44049
-1.79014 0.903351
-1.88882 1.72232
-2.08935 0.648485
-1.82804 2.80513
-2.22243 -0.19446
-3.04145 3.42718
-1.03872 1.04084
-2.19174 2.12827
-1.71756 1.43632
-2.08515 1.04954
-1.77366 1.80336
-2.18255 0.633528
-1.97412 3.45421
-1.63071 2.05495
-2.32045 0.499233
-2.80076 3.72633
-1.10209 2.97052
-2.54634 -1.30334
-0.819056 4.40132
-1.99705 4.11911
-2.53786 5.08567
-1.22697 2.8125
-2.56561 -0.795761
-1.07747 4.98374
-2.16955 4.64984
-1.56942 4.82458
-2.17034 5.21064
-1.5275 4.20235
-2.11846 4.11983
-2.12484 5.51425
-1.48789 3.80734
-1.80145 0.321721
-1.97282 3.15163
-1.79496 0.64991
-1.85775 2.25699
-2.21832 0.181153
-2.75735 3.72889
-1.12378 3.24932
-2.43332 -1.45401
-0.952261 4.85565
-2.13605 4.50973
-1.6624 5.08733
-1.94965 5.02191
-1.71811 4.85015
-2.01049 5.22891
-1.64916 4.52397
-2.46637 5.06173
-1.29642 3.30063
-2.39566 -1.16176
-1.3291 5.5379
-1.78031 4.12189
-2.52279 4.32363
-1.28534 3.94842
-1.65719 0.871055
-1.92443 1.87144
-2.09665 0.513994
-1.92164 3.23135
-1.84284 0.450779
-1.88826 2.79575
-2.14515 -0.0759196
-2.89806 3.43305
-1.04572 2.4948
-2.63423 -0.30658
-1.12449 4.9906
-2.19441 4.71774
-1.53457 4.68331
-2.34262 5.14874
-1.39307 3.73065
-1.97667 -0.217792
-2.86283 3.41474
-1.05858 2.78663
-2.60205 -1.02862
-0.847492 4.40041
-2.03851 4.18157
-2.29557 5.42097
-1.36653 3.3937
-2.32739 -0.977555
-1.81981 6.00674
-1.36688 2.75218
-2.52828 -0.521832
-1.44213 5.58519
-1.77782 4.1873
-2.63638 4.36729
-1.21407 3.35796
-2.37605 -1.2496
-1.29322 5.50155
-1.79976 4.14971
-2.62328 4.34226
-1.2229 3.45695
-2.31319 -1.10616
-1.68548 5.94248
-1.43528 3.06866
-2.44597 -0.878387
-1.45714 5.66256
-1.6961 3.9652
-1.69944 2.96218
-2.31483 -0.445549
-2.66411 5.35157
-1.1672 0.983115
-2.11808 2.12863
-1.84996 0.798387
-1.84856 1.91896
-2.16783 0.479633
-2.10622 3.71428
-2.7464 4.3474
-1.13716 2.64478
-2.6065 -0.548366
-1.09305 4.96665
-2.19428 4.68721
-1.53804 4.71684
-2.30161 5.17681
-1.4241 3.84356
-1.78249 0.359209
-1.94992 3.04076
-1.92251 0.28025
-2.01257 3.37283
-1.63728 2.15306
-2.34206 0.379779
-2.95359 3.5255
-1.03424 1.88743
-2.50429 1.04831
-2.72635 4.98865
-1.13279 1.46403
-2.29487 1.59397
-1.81435 3.08603
-2.13834 -0.208373
-3.0101 3.20941
-1.01086 1.64946
-2.42558 1.41325
-2.84866 3.81236
-1.08036 2.52093
-2.62467 -0.321049
-1.15405 5.05846
-2.15714 4.70656
-1.57202 4.79155
-2.19788 5.21949
-1.50423 4.11523
-1.75678 3.27885
-2.10103 -0.229697
-2.99327 3.2016
-1.01036 1.83228
-2.49574 1.13608
-2.78984 4.75753
-1.11624 1.41652
-2.2838 1.65677
-1.76782 2.85527
-2.27708 -0.303971
-2.93651 4.35412
-1.11187 0.710274
-2.10564 2.56687
-1.7975 0.830634
-1.87167 1.85816
-2.13669 0.527546
-1.97302 3.41743
-1.632 1.79051
-2.23978 0.781958
-2.01861 3.59962
-2.03366 3.8975
-2.72356 4.45812
-1.14794 2.65119
-2.60325 -0.548151
-1.10473 4.99339
-2.18112 4.68605
-1.55108 4.75297
-2.25288 5.2025
-1.4614 3.97265
-1.60237 1.47572
-2.1375 1.13125
-1.75114 1.91579
-2.22601 0.542087
-2.24384 3.90923
-1.95652 5.53227
-1.61656 4.15817
-2.14685 4.14013
-1.99223 5.5002
-1.60229 4.15465
-2.09393 4.07271
-2.30042 5.43945
-1.35557 3.32659
-2.36887 -1.04978
-1.55818 5.81239
-1.55445 3.53843
-2.10646 -0.405568
-3.07545 3.24576
-1.03594 0.863184
-2.15356 2.36069
-1.74958 1.1243
-1.96547 1.39505
-1.93902 1.00473
-1.84987 1.55666
-2.06581 0.823459
-1.77806 2.2268
-2.27722 0.216358
-2.90505 3.51603
-1.04686 2.35641
-2.6228 0.0546927
-1.3707 5.39942
-1.94224 4.52962
-2.00083 5.39397
-1.62867 4.31894
-2.60785 4.43434
-1.23334 3.44039
-2.32375 -1.11953
-1.62907 5.8966
-1.47676 3.24327
-2.36413 -0.866389
-1.82654 5.99085
-1.37609 2.82673
-2.51787 -0.644085
-1.38069 5.51795
-1.83 4.27905
-2.61374 4.81002
-1.20337 2.85556
-2.56346 -0.916891
-1.00537 4.83724
-2.21638 4.61761
-1.52548 4.73319
-2.29249 5.17264
-1.43262 3.88286
-1.71678 0.630306
-1.88271 2.33115
-2.19966 0.132201
-2.763 3.71049
-1.11999 3.22926
-2.4426 -1.465
-0.92422 4.78446
-2.14782 4.49201
-1.6528 5.07948
-1.95979 5.03183
-1.70809 4.82451
-2.0398 5.24984
-1.62435 4.44497
-2.58132 4.77957
-1.23432 3.1246
-2.4803 -1.24139
-1.00579 4.92516
-2.14834 4.56738
-1.61867 4.98054
-2.02671 5.12667
-1.64544 4.61256
-2.34263 5.21159
-1.3808 3.62328
-2.12456 -0.557121
-3.0259 3.91711
-1.10011 0.480656
-2.14998 2.97711
-1.68323 2.57396
-2.37231 -0.140037
-2.75506 5.05359
-1.14501 0.99019
-2.12938 2.13341
-1.82798 0.86904
-1.86806 1.77589
-2.11839 0.603975
-1.87933 3.09446
-2.02807 0.0105135
-2.53383 3.87276
-1.26884 4.29796
-2.16827 4.23187
-1.81093 5.36976
-1.77395 4.60899
-2.18796 5.34793
-1.48719 3.94384
-1.61836 1.30099
-2.0683 1.3006
-1.82545 1.3126
-1.99814 1.10314
-1.83793 1.45855
-2.04072 0.931678
-1.78598 1.88669
-2.19927 0.54415
-2.12897 3.76637
-2.68533 4.74212
-1.15536 2.43972
-2.5946 -0.0294435
-1.47564 5.56152
-1.80825 4.29184
-2.62171 4.76932
-1.20141 2.87472
-2.55989 -0.956889
-0.990229 4.80831
-2.21982 4.60321
-1.52411 4.73956
-2.28665 5.17404
-1.43738 3.90132
-1.68768 0.776517
-1.89875 2.02728
-2.14984 0.37778
-2.19295 3.82184
-2.33755 5.44864
-1.31761 3.12109
-2.46617 -1.09984
-1.163 5.23413
-2.00448 4.49211
-1.91924 5.37169
-1.69546 4.48265
-2.48234 5.05735
-1.28249 3.22002
-2.43508 -1.19865
-1.16754 5.26654
-1.97338 4.44106
-2.05034 5.43479
-1.5785 4.15307
-2.02787 3.97244
-2.6755 4.71341
-1.16476 2.57725
-2.60008 -0.34774
-1.24087 5.23717
-2.04762 4.62467
-1.73554 5.14214
-1.87682 4.93541
-1.80427 5.03839
-1.84317 4.99801
-1.81842 5.00599
-1.83901 5.0204
-1.81657 4.98608
-1.84654 5.04312
-1.80474 4.9543
-1.86849 5.08629
-1.77786 4.88462
-1.92686 5.17571
-1.71914 4.71469
-2.12993 5.31084
-1.54418 4.16467
-1.99866 3.92581
-2.71737 4.35896
-1.15681 2.84858
-2.57395 -0.979793
-0.938805 4.67356
-2.22972 4.53703
-1.52514 4.78658
-2.23875 5.18517
-1.47572 4.04255
-1.60324 2.29488
-2.38795 0.225794
-2.94224 4.16837
-1.08561 1.01796
-2.16321 2.13247
-1.76417 1.13643
-1.96424 1.36748
-1.93213 1.03733
-1.86122 1.49432
-2.03955 0.883007
-1.78373 1.99066
-2.22692 0.445415
-2.39136 3.98044
-1.44965 4.86778
-2.22003 5.11674
-1.49811 4.18801
-2.00504 3.94606
-2.71813 4.4506
-1.15217 2.70562
-2.59784 -0.671455
-1.0502 4.8911
-2.21948 4.66475
-1.5166 4.67256
-2.36676 5.1173
-1.37705 3.682
-2.0526 -0.402058
-3.07377 3.06609
-1.01448 1.08614
-2.21675 2.08517
-1.69288 1.74932
-2.20265 0.760125
-1.91591 3.30629
-1.79062 0.613772
-1.86106 2.34644
-2.22205 0.110087
-2.85802 3.56068
-1.0679 2.70091
-2.61654 -0.803973
-0.923965 4.5796
-2.23049 4.48858
-1.53545 4.84218
-2.18232 5.18511
-1.52105 4.20439
-2.11405 4.11508
-2.14903 5.51048
-1.4682 3.7419
-1.91659 -0.0304444
-2.48433 3.84821
-1.32965 4.5695
-2.50601 4.74701
-1.29928 3.58503
-2.19193 -0.758677
-2.66816 5.4065
-1.1806 0.765131
-2.07761 2.44702
-1.89038 0.565803
-1.84238 2.50523
-2.24297 -0.0188445
-3.00105 3.35011
-1.02076 1.59418
-2.39887 1.48601
-2.6697 3.98725
-1.18329 3.53878
-2.24968 -0.984232
-2.10629 6.06392
-1.25445 1.87354
-2.4035 1.02755
-2.84501 3.75255
-1.08072 2.61635
-2.62255 -0.5666
-1.02885 4.81369
-2.25487 4.65892
-1.48514 4.57794
-2.49106 4.9207
-1.29592 3.41207
-2.33337 -1.07016
-1.66337 5.91695
-1.4586 3.17747
-2.3998 -0.895951
-1.6314 5.85688
-1.51619 3.4287
-2.23322 -0.6629
-2.67778 5.36137
-1.17442 0.821239
-2.0852 2.35949
-1.89094 0.595088
-1.83661 2.42649
-2.2485 0.036951
-2.97754 3.37513
-1.02264 1.81406
-2.48302 1.16805
-2.85426 4.46819
-1.09651 1.39678
-2.2852 1.69025
-1.76826 2.86625
-2.27414 -0.307716
-2.9408 4.33231
-1.11076 0.705847
-2.10614 2.57461
-1.79396 0.842284
-1.87494 1.83629
-2.12893 0.546544
-1.94063 3.31937
-1.73019 0.882947
-1.90423 1.79285
-2.09579 0.58172
-1.87017 3.0311
-2.08014 -0.0701143
-2.76895 3.64284
-1.11313 3.24474
-2.43518 -1.47174
-0.934651 4.8151
-2.14165 4.49796
-1.65962 5.08813
-1.95163 5.02175
-1.71642 4.84744
-2.01413 5.23138
-1.6461 4.51462
-2.48224 5.03257
-1.28701 3.26737
-2.41326 -1.18831
-1.24431 5.40497
-1.87897 4.30365
-2.49909 5.11089
-1.25672 3.01031
-2.51452 -1.08699
-1.02915 4.93991
-2.16179 4.59996
-1.59058 4.90444
-2.0929 5.18016
-1.5907 4.42305
-2.60484 4.64753
-1.22683 3.18493
-2.45756 -1.28498
-1.0297 4.99507
-2.1136 4.55085
-1.67612 5.09031
-1.93775 5.01524
-1.72947 4.87436
-1.98288 5.20568
-1.67269 4.59759
-2.33529 5.23157
-1.38311 3.61808
-2.1296 -0.56642
-3.01409 4.0028
-1.10586 0.472496
-2.15084 2.99229
-1.69395 2.66743
-2.36367 -0.23548
-2.69601 5.23738
-1.15681 1.03783
-2.13664 2.06398
-1.81802 0.931417
-1.88533 1.66191
-2.07509 0.706649
-1.8002 2.57251
-2.2815 -0.0964126
-3.01915 3.6686
-1.05674 0.965784
-2.16389 2.21398
-1.75386 1.15808
-1.97504 1.34567
-1.91763 1.07358
-1.87819 1.42552
-2.00773 0.952193
-1.80416 1.75742
-2.15279 0.654862
-1.89194 3.17795
-1.94677 0.168909
-2.16418 3.68698
-2.68016 4.78285
-1.15551 2.3975
-2.58916 0.0691793
-1.57307 5.66631
-1.71034 4.08765
-2.15624 4.13476
-1.96786 5.49319
-1.62356 4.21244
-2.37411 4.32215
-1.3993 4.53569
-2.53512 4.73067
-1.2772 3.46102
-2.30356 -1.02897
-1.83519 6.02419
-1.35217 2.65365
-2.53696 -0.346529
-1.55408 5.69739
-1.67829 3.97445
-1.68628 2.89531
-2.34161 -0.429969
-2.56457 5.55707
-1.17903 1.17826
-2.17006 1.87809
-1.76369 1.24944
-2.00235 1.22065
-1.86314 1.27895
-1.96865 1.12916
-1.86326 1.37507
-1.99989 1.01356
-1.81838 1.62146
-2.10364 0.776654
-1.78783 2.52823
-2.29342 -0.0670453
-3.01347 3.71121
-1.05924 0.968549
-2.16335 2.20921
-1.75547 1.15127
-1.97222 1.35362
-1.92206 1.061
-1.87254 1.44832
-2.01832 0.928525
-1.79605 1.83121
-2.17843 0.590154
-2.00696 3.53045
-1.78182 3.23117
-2.09876 -0.200655
-2.96489 3.2584
-1.01737 2.05801
-2.56844 0.71792
-2.10289 5.86283
-1.32722 2.79734
-2.53825 -0.64234
-1.29355 5.38045
-1.93657 4.45725
-2.10985 5.43009
-1.53094 4.01869
-1.60691 2.29766
-2.38669 0.220145
-2.94333 4.16293
-1.08535 1.01576
-2.16275 2.13539
-1.76473 1.13243
-1.96275 1.37261
-1.93474 1.02994
-1.85804 1.50891
-2.04602 0.868959
-1.78117 2.044
-2.24073 0.395047
-2.53662 3.96103
-1.26476 4.20357
-1.83525 3.59697
-1.66523 1.17574
-2.00997 1.40194
-1.90329 1.04534
-1.87798 1.46617
-2.02075 0.907642
-1.7929 1.88206
-2.19409 0.543804
-2.11053 3.73598
-2.74072 4.44742
-1.13679 2.53049
-2.60771 -0.268233
-1.25664 5.25329
-2.03944 4.62406
-1.74803 5.15897
-1.86333 4.90985
-1.82656 5.08081
-1.81438 4.93328
-1.86704 5.10077
-1.7768 4.8706
-1.93577 5.19003
-1.71066 4.68629
-2.17269 5.31231
-1.50855 4.04807
-1.62399 2.51795
-2.40586 -0.0746342
-2.65409 5.31896
-1.15957 1.18319
-2.17992 1.88662
-1.74866 1.33263
-2.03694 1.13446
-1.8178 1.48634
-2.06012 0.913924
-1.77706 1.99131
-2.23103 0.449039
-2.40581 3.98402
-1.4221 4.79466
-2.29353 5.09382
-1.44216 3.99176
-1.59414 1.59936
-2.18569 1.0157
-1.76377 2.52949
-2.31334 -0.0769385
-2.98474 3.97593
-1.07986 0.873229
-2.13444 2.32867
-1.79388 0.926952
-1.89302 1.67831
-2.07428 0.689401
-1.80539 2.61638
-2.27425 -0.12498
-3.0208 3.67446
-1.05838 0.937348
-2.15676 2.25052
-1.76218 1.10012
-1.9533 1.41995
-1.95555 0.967541
-1.83348 1.64159
-2.10158 0.747678
-1.79555 2.59438
-2.28482 -0.116145
-3.01246 3.75815
-1.06489 0.907341
-2.14756 2.28794
-1.77431 1.02723
-1.9268 1.52118
-2.00487 0.846247
-1.79508 1.9791
-2.21727 0.449638
-2.33945 3.96223
-1.57565 5.13506
-1.99963 4.98052
-1.68014 4.81663
-2.07508 5.25403
-1.59665 4.36925
-2.61488 4.50724
-1.22667 3.31535
-2.3978 -1.26514
-1.21194 5.36616
-1.8981 4.32412
-2.4228 5.23858
-1.29907 3.17825
-2.44906 -1.16101
-1.1605 5.24369
-1.99219 4.4694
-1.97142 5.40517
-1.64836 4.35347
-2.63041 4.53673
-1.21359 3.18463
-2.45903 -1.30728
-1.00813 4.94999
-2.12941 4.55074
-1.65243 5.05097
-1.96971 5.05988
-1.69654 4.77931
-2.09041 5.27788
-1.58138 4.30475
-2.54005 4.39457
-1.27737 3.80976
-1.88534 -0.031813
-2.46917 3.83935
-1.3543 4.65724
-2.43993 4.91533
-1.34006 3.66686
-2.08613 -0.497392
-3.07883 3.4002
-1.0593 0.625402
-2.13333 2.722
-1.69144 1.37712
-2.07301 1.13895
-1.79235 1.58814
-2.10615 0.828111
-1.77651 2.40843
-2.29868 0.0389496
-3.01456 3.53321
-1.03931 1.21383
-2.24552 1.92566
-1.69369 2.14829
-2.31313 0.343988
-2.90502 3.54958
-1.04825 2.32243
-2.61734 0.141428
-1.44836 5.50294
-1.86036 4.40331
-2.36308 5.29215
-1.34176 3.37067
-2.34822 -1.04066
-1.64852 5.89839
-1.47589 3.25372
-2.35975 -0.865989
-1.84641 6.00036
-1.36455 2.76403
-2.52829 -0.545349
-1.42114 5.56013
-1.79861 4.22766
-2.66881 4.50011
-1.18605 2.98785
-2.53295 -1.17482
-0.922096 4.68343
-2.20205 4.51139
-1.56571 4.90038
-2.11584 5.17422
-1.57363 4.38018
-2.60784 4.50889
-1.23185 3.35328
-2.37716 -1.22811
-1.31388 5.52938
-1.78043 4.11311
-2.49969 4.32066
-1.29982 4.04726
-1.57843 1.86515
-2.28412 0.760168
-2.27277 3.9629
-1.77802 5.40252
-1.78735 4.59021
-2.19395 5.35427
-1.48033 3.91416
-1.65199 1.01528
-1.96263 1.63805
-2.00742 0.740878
-1.79546 2.23933
-2.26673 0.199278
-2.89142 3.53137
-1.05263 2.45857
-2.63068 -0.200432
-1.19473 5.1222
-2.12424 4.70261
-1.60754 4.87662
-2.09737 5.20255
-1.58524 4.38648
-2.61312 4.53659
-1.22685 3.28824
-2.41132 -1.27929
-1.15915 5.27061
-1.96115 4.41353
-2.11915 5.44294
-1.51896 3.96993
-1.59577 1.69997
-2.22141 0.91295
-1.85791 3.12341
-2.04794 -0.043951
-2.66712 3.77101
-1.17137 3.72008
-2.03284 -0.460822
-3.09029 3.07845
-1.02506 0.876846
-2.16111 2.34584
-1.7382 1.19515
-1.99298 1.30955
-1.89357 1.1403
-1.90963 1.31535
-1.95409 1.07965
-1.85959 1.44082
-2.02328 0.941069
-1.79504 1.81745
-2.17514 0.603983
-1.98384 3.47319
-1.64498 2.35924
-2.37738 0.12294
-2.92748 4.28644
-1.0955 0.955612
-2.1434 2.20787
-1.79369 0.971651
-1.90438 1.60109
-2.0443 0.763323
-1.78716 2.296
-2.28014 0.146416
-2.96189 3.43134
-1.02776 1.9112
-2.51577 1.0052
-2.6381 5.23579
-1.15296 1.59317
-2.33696 1.43505
-2.11197 3.85109
-2.62393 4.93002
-1.1805 2.53208
-2.59359 -0.22273
-1.35265 5.4103
-1.92888 4.48575
-2.08532 5.42178
-1.5539 4.09519
-1.76945 3.31461
-2.0548 -0.144368
-2.84093 3.49963
-1.07241 2.87915
-2.57682 -1.19976
-0.81461 4.34547
-1.93343 3.98034
-2.66116 4.29511
-1.19749 3.29533
-2.40999 -1.32159
-1.12232 5.20837
-1.99485 4.44845
-1.99174 5.41945
-1.62903 4.29565
-2.58295 4.40085
-1.25008 3.6038
-2.18052 -0.766374
-2.68946 5.35804
-1.17922 0.720097
-2.07671 2.52409
-1.87376 0.586181
-1.84199 2.43731
-2.24361 0.0310724
-2.97399 3.37364
-1.02287 1.85195
-2.49689 1.10592
-2.78003 4.79869
-1.11913 1.4163
-2.28242 1.65527
-1.76408 2.83144
-2.28583 -0.298436
-2.91869 4.44403
-1.11673 0.724057
-2.1036 2.54236
-1.80945 0.792439
-1.86169 1.93313
-2.16154 0.462614
-2.1095 3.71596
-2.74658 4.37393
-1.13605 2.60237
-2.60849 -0.44611
-1.14593 5.06435
-2.14862 4.68884
-1.58413 4.83311
-2.15094 5.21545
-1.54224 4.24561
-2.31577 4.30745
-1.46985 4.77189
-2.28864 5.13378
-1.44148 3.95325
-1.62278 1.22144
-2.03852 1.38891
-1.87327 1.11383
-1.91189 1.35399
-1.96465 1.03254
-1.84237 1.53302
-2.06253 0.851287
-1.77684 2.14585
-2.26428 0.297077
-2.77939 3.72138
-1.11254 3.11718
-2.49123 -1.44964
-0.838444 4.52358
-2.09026 4.30751
-1.93591 5.4378
-1.66594 4.35928
-2.63123 4.58609
-1.21003 3.11003
-2.4887 -1.27225
-0.962127 4.82327
-2.17483 4.54895
-1.58967 4.9318
-2.0767 5.16113
-1.60458 4.47887
-2.55469 4.84714
-1.24946 3.1751
-2.45873 -1.24327
-1.06088 5.05525
-2.0906 4.54704
-1.71443 5.14968
-1.89179 4.9383
-1.78866 5.01793
-1.86266 5.03178
-1.79286 4.94965
-1.88178 5.09999
-1.76465 4.85471
-1.95827 5.21101
-1.69105 4.62967
-2.26907 5.28209
-1.43168 3.78779
-1.86831 0.0854647
-2.25616 3.7564
-2.1359 5.57332
-1.45265 3.63335
-2.07582 -0.409604
-3.07797 3.1362
-1.02438 0.960425
-2.17837 2.23539
-1.72576 1.32243
-2.04165 1.16658
-1.82074 1.44455
-2.04474 0.956485
-1.78619 1.84633
-2.18814 0.582708
-2.04384 3.61526
-2.28086 4.18609
-1.57551 5.06448
-2.0247 5.04863
-1.65255 4.70061
-2.22055 5.27457
-1.47582 3.96503
-1.60472 1.45659
-2.12969 1.14828
-1.75573 1.8358
-2.20115 0.616701
-2.04798 3.63178
-2.36706 4.23021
-1.41938 4.66503
-2.41893 4.99534
-1.3491 3.64528
-2.11026 -0.545515
-3.04687 3.75295
-1.08899 0.498716
-2.14803 2.94388
-1.66607 2.37644
-2.3681 0.0937323
-2.93918 4.22516
-1.09218 0.942843
-2.14211 2.22668
-1.79393 0.963678
-1.90221 1.61448
-2.0497 0.750218
-1.78848 2.34964
-2.28478 0.0949541
-2.99407 3.41943
-1.02547 1.58891
-2.39445 1.49186
-2.63151 4.01775
-1.20586 3.7091
-2.05014 -0.48551
-3.09147 3.18977
-1.03976 0.736031
-2.1387 2.54627
-1.7343 1.14108
-1.97621 1.38415
-1.92743 1.02675
-1.86106 1.50935
-2.04441 0.867291
-1.78168 2.04247
-2.24008 0.396245
-2.53159 3.96319
-1.26892 4.22507
-1.91016 3.79181
-1.9698 3.7984
-2.37334 4.24979
-1.4086 4.61769
-2.46849 4.90973
-1.31669 3.54237
-2.22928 -0.829016
-2.43719 5.81914
-1.20342 1.17733
-2.15973 1.86054
-1.77982 1.17576
-1.97136 1.30328
-1.90858 1.12506
-1.89728 1.34127
-1.96968 1.0473
-1.84283 1.51313
-2.05588 0.871582
-1.77807 2.07262
-2.24887 0.368762
-2.61531 3.9117
-1.20889 3.87235
-1.77965 0.275969
-2.01548 3.27462
-1.64521 1.61631
-2.17488 0.942232
-1.77588 2.60439
-2.30192 -0.136375
-2.98082 4.02889
-1.08552 0.824967
-2.12483 2.39622
-1.8007 0.875702
-1.87913 1.76967
-2.10893 0.606533
-1.867 3.03181
-2.08503 -0.0799993
-2.79319 3.60401
-1.0996 3.12182
-2.48919 -1.47568
-0.826242 4.49387
-2.06191 4.25687
-2.09053 5.4874
-1.52769 3.95896
-1.59882 1.63269
-2.1963 0.977127
-1.78467 2.71748
-2.28435 -0.211057
-2.97821 4.07599
-1.09134 0.769486
-2.11681 2.47844
-1.7984 0.856685
-1.87613 1.80679
-2.12068 0.573151
-1.90526 3.19568
-1.90612 0.270865
-2.0181 3.37614
-1.64319 2.27464
-2.36449 0.22885
-2.98519 3.8193
-1.05978 1.13182
-2.20849 2.00897
-1.70587 1.62079
-2.15436 0.87382
-1.7823 2.6069
-2.29617 -0.134444
-2.99157 3.94899
-1.07989 0.839217
-2.12928 2.37758
-1.79525 0.904083
-1.88719 1.71891
-2.0896 0.652003
-1.82656 2.7964
-2.22616 -0.194205
-3.04074 3.45061
-1.04109 1.01829
-2.1845 2.15488
-1.72569 1.35982
-2.05496 1.12455
-1.803 1.55366
-2.08966 0.854768
-1.77216 2.25619
-2.28562 0.188984
-2.94549 3.45904
-1.03227 2.04265
-2.55709 0.758724
-2.21687 5.82139
-1.27412 2.4923
-2.55732 -0.0616159
-1.6767 5.78237
-1.58817 3.75273
-1.79629 0.388315
-1.92895 2.95958
-2.01187 0.0979922
-2.34786 3.87686
-1.6127 5.21754
-1.94905 4.89266
-1.74451 4.99265
-1.91105 5.08581
-1.74225 4.83414
-1.99617 5.23708
-1.65921 4.53869
-2.43573 5.1142
-1.31484 3.36487
-2.35794 -1.08963
-1.5469 5.80815
-1.55673 3.54002
-2.1028 -0.396959
-3.07484 3.21289
-1.03155 0.909727
-2.16401 2.29886
-1.74112 1.19645
-1.99241 1.30544
-1.89293 1.14507
-1.91137 1.30824
-1.95082 1.08877
-1.86379 1.42276
-2.01509 0.959447
-1.80139 1.75938
-2.15489 0.654933
-1.89547 3.19283
-1.92833 0.211434
-2.09508 3.56343
-2.5123 4.23796
-1.28842 4.06745
-1.58112 2.08224
-2.34877 0.510303
-2.90121 3.59442
-1.05138 2.30901
-2.61398 0.178122
-1.48825 5.55193
-1.81821 4.32778
-2.56337 4.94601
-1.22809 2.93798
-2.53978 -1.02616
-1.00113 4.85464
-2.19925 4.60339
-1.54613 4.79781
-2.21265 5.20096
-1.49484 4.09869
-1.70287 3.04634
-2.28559 -0.46074
-2.75914 5.09895
-1.15533 0.817497
-2.09293 2.37542
-1.87226 0.64147
-1.83573 2.29239
-2.24112 0.148055
-2.86981 3.55168
-1.06238 2.61673
-2.62688 -0.599422
-0.998345 4.74053
-2.26944 4.62351
-1.47456 4.57173
-2.50045 4.89335
-1.29109 3.40588
-2.33818 -1.08486
-1.62529 5.88607
-1.48678 3.28925
-2.33707 -0.834811
-1.99264 6.03824
-1.29748 2.33851
-2.52471 0.256382
-2.17032 5.88665
-1.27725 2.43393
-2.54894 0.0617132
-1.83237 5.87505
-1.46356 3.34364
-2.3191 -0.847449
-2.05183 6.04337
-1.27552 2.1537
-2.48803 0.593251
-2.67645 5.18225
-1.14716 1.39601
-2.26227 1.65963
-1.7229 2.48692
-2.3425 -0.0417599
-2.93828 4.26835
-1.09829 0.866837
-2.12494 2.32938
-1.81341 0.850176
-1.86967 1.81531
-2.1275 0.567132
-1.92031 3.2536
-1.82701 0.496966
-1.87406 2.6587
-2.19409 -0.0704577
-2.97269 3.32382
-1.02 1.91757
-2.52167 0.991297
-2.59039 5.34474
-1.16372 1.67823
-2.36594 1.32723
-2.41926 4.07514
-1.3798 4.62296
-2.46753 4.88872
-1.31965 3.57743
-2.19479 -0.750494
-2.6718 5.39603
-1.17979 0.765173
-2.07796 2.44736
-1.88959 0.567857
-1.84208 2.49891
-2.2434 -0.0145577
-2.99942 3.35123
-1.02074 1.61047
-2.40531 1.46462
-2.72293 3.93651
-1.15188 3.28341
-2.41718 -1.39683
-1.03601 5.04271
-2.07484 4.50843
-1.76757 5.23429
-1.83374 4.81274
-1.90688 5.21136
-1.73062 4.70071
-2.13158 5.31879
-1.54126 4.14848
-1.92906 3.78203
-2.04761 3.94076
-2.67284 4.7367
-1.16464 2.55267
-2.59962 -0.288908
-1.28053 5.29963
-2.00742 4.5861
-1.82519 5.26282
-1.78551 4.7317
-2.02991 5.30735
-1.62384 4.38912
-2.61969 4.59949
-1.21829 3.1632
-2.4673 -1.29118
-1.00025 4.92598
-2.14098 4.55571
-1.6335 5.01471
-1.99915 5.09627
-1.66935 4.69308
-2.21176 5.28595
-1.48099 3.97423
-1.59836 1.56923
-2.1733 1.04116
-1.75262 2.36435
-2.31243 0.0840082
-3.00985 3.56599
-1.04111 1.22334
-2.24792 1.91398
-1.69511 2.18626
-2.32032 0.300775
-2.94989 3.49607
-1.03329 1.95859
-2.52949 0.921391
-2.50935 5.50315
-1.18266 1.8237
-2.41412 1.1296
-2.85763 3.75771
-1.0748 2.50753
-2.626 -0.294708
-1.16317 5.07314
-2.14983 4.70639
-1.57953 4.81
-2.17471 5.2205
-1.52275 4.17753
-2.00781 3.94667
-2.71709 4.46895
-1.15194 2.68432
-2.59987 -0.621539
-1.07294 4.93497
-2.20445 4.67638
-1.52957 4.7013
-2.32508 5.15796
-1.40689 3.78503
-1.88585 0.0240959
-2.36697 3.83216
-1.58849 5.19037
-1.97338 4.92334
-1.71328 4.92157
-1.97184 5.16765
-1.68482 4.65833
-2.23802 5.28986
-1.45742 3.88304
-1.70452 0.700795
-1.88661 2.17611
-2.18283 0.25343
-2.51154 3.94591
-1.28751 4.33507
-2.29633 4.35164
-1.48499 4.78919
-2.26333 5.15137
-1.46006 4.01243
-1.58892 1.88683
-2.28735 0.726016
-2.33514 3.99707
-1.56432 5.10506
-2.01782 5.00886
-1.66154 4.75517
-2.1509 5.27671
-1.53337 4.16131
-1.96358 3.85851
-2.52302 4.27342
-1.28301 3.99141
-1.60675 1.25883
-2.0565 1.36167
-1.84955 1.19305
-1.94761 1.24509
-1.90873 1.18531
-1.91485 1.25268
-1.93165 1.1613
-1.89465 1.29608
-1.95698 1.10308
-1.8638 1.40506
-2.00935 0.979234
-1.80728 1.70678
-2.13599 0.701228
-1.83905 2.93288
-2.17067 -0.187457
-3.02306 3.23722
-1.01443 1.47967
-2.35696 1.63121
-2.24737 4.02119
-1.80071 5.41115
-1.76953 4.55935
-2.26614 5.32315
-1.42406 3.72347
-1.97146 -0.189868
-2.8161 3.50839
-1.08366 3.04388
-2.52027 -1.43756
-0.793379 4.36413
-1.9242 3.97265
-2.62587 4.2862
-1.22044 3.50006
-2.28083 -1.03059
-1.91738 6.05732
-1.31287 2.39072
-2.52841 0.157541
-2.06038 5.91878
-1.32339 2.70467
-2.54651 -0.468079
-1.40024 5.51877
-1.83585 4.30686
-2.56867 4.94159
-1.22414 2.91123
-2.54706 -0.987129
-1.00675 4.85872
-2.20233 4.61088
-1.54135 4.7805
-2.23264 5.19782
-1.47895 4.04341
-1.60509 2.31934
-2.39144 0.192744
-2.91901 4.31728
-1.09607 0.990309
-2.15133 2.16203
-1.78338 1.03339
-1.92534 1.50628
-2.00159 0.861808
-1.79731 1.93646
-2.20553 0.489028
-2.22918 3.8861
-2.05507 5.55879
-1.52785 3.89681
-1.64908 1.06577
-1.97875 1.56653
-1.97446 0.824145
-1.80517 1.96698
-2.20811 0.455383
-2.28978 3.9332
-1.75055 5.38125
-1.8119 4.63951
-2.09225 5.35829
-1.5648 4.18367
-2.12173 4.11753
-2.11672 5.51582
-1.49429 3.82752
-1.76573 0.454318
-1.90468 2.77187
-2.12734 -0.0363741
-2.81182 3.59176
-1.09035 3.00824
-2.53358 -1.38082
-0.800848 4.36744
-1.93835 4.00107
-2.69039 4.32961
-1.17689 3.07403
-2.50517 -1.29807
-0.906483 4.67777
-2.1808 4.4841
-1.60539 4.99746
-2.02963 5.11134
-1.64424 4.62417
-2.32771 5.22267
-1.39204 3.66585
-2.06736 -0.426518
-3.08176 3.13386
-1.02632 0.917854
-2.16819 2.29012
-1.73505 1.23711
-2.00847 1.25943
-1.86813 1.23221
-1.95105 1.18815
-1.89029 1.26864
-1.9508 1.13814
-1.87673 1.34395
-1.9824 1.04647
-1.83521 1.53193
-2.06607 0.85625
-1.77581 2.14806
-2.26536 0.295372
-2.78568 3.71223
-1.10898 3.08391
-2.50461 -1.43034
-0.825305 4.47258
-2.0526 4.23484
-2.15553 5.48325
-1.47307 3.78169
-1.85198 0.152833
-2.15178 3.62008
-2.75495 4.39542
-1.12976 2.49901
-2.60845 -0.199387
-1.29539 5.31167
-2.00145 4.58727
-1.83433 5.27087
-1.77732 4.71325
-2.05867 5.32035
-1.59924 4.31401
-2.57505 4.40999
-1.25539 3.63316
-2.14652 -0.68389
-2.88015 4.73418
-1.15032 0.487976
-2.12747 2.96191
-1.65048 2.04632
-2.30942 0.491695
-2.75663 3.78418
-1.12708 3.209
-2.45196 -1.45549
-0.911802 4.74671
-2.15309 4.48155
-1.64971 5.07901
-1.96241 5.03287
-1.70573 4.81947
-2.04624 5.25353
-1.61895 4.42798
-2.59786 4.71334
-1.22705 3.12803
-2.47996 -1.25621
-0.995405 4.90374
-2.15399 4.56355
-1.61243 4.97038
-2.03687 5.13482
-1.637 4.58522
-2.38949 5.16178
-1.34815 3.50439
-2.25365 -0.855102
-2.30557 5.95166
-1.2191 1.46505
-2.25915 1.53246
-1.73329 2.53833
-2.33683 -0.09328
-2.92348 4.36432
-1.1056 0.840335
-2.11771 2.36473
-1.82211 0.806087
-1.85931 1.90278
-2.15634 0.490689
-2.05942 3.62578
-2.43311 4.24468
-1.34825 4.38495
-2.45662 4.44059
-1.33231 4.11076
-1.62985 2.66218
-2.40598 -0.254684
-2.44986 5.71255
-1.19333 1.50959
-2.28697 1.50342
-1.80327 3.01531
-2.18639 -0.259626
-3.05122 3.34449
-1.03401 1.03131
-2.19145 2.14218
-1.71661 1.43718
-2.08579 1.04956
-1.77331 1.80606
-2.18352 0.631206
-1.979 3.46728
-1.63695 2.23113
-2.35923 0.286025
-2.99079 3.66164
-1.04513 1.30705
-2.27587 1.81783
-1.73512 2.67101
-2.33233 -0.216556
-2.84439 4.75413
-1.13087 0.836964
-2.10598 2.3578
-1.84807 0.720978
-1.84215 2.09035
-2.20802 0.326379
-2.49369 3.96332
-1.30468 4.40195
-2.45233 4.45733
-1.33571 4.11195
-1.63274 2.68286
-2.40365 -0.27802
-2.43448 5.73534
-1.19603 1.53238
-2.29484 1.47641
-1.83931 3.17216
-2.04799 -0.0648459
-2.70369 3.7257
-1.14965 3.55947
-2.22998 -0.959471
-2.2175 6.02525
-1.23273 1.59403
-2.30446 1.3814
-1.91451 3.42002
-1.6954 1.04493
-1.95823 1.55374
-1.98914 0.823226
-1.7997 1.99709
-2.21858 0.429789
-2.37618 3.97378
-1.48283 4.94854
-2.14604 5.10539
-1.55539 4.39131
-2.60294 4.51725
-1.23521 3.37044
-2.36718 -1.20659
-1.37014 5.60938
-1.71845 3.9778
-1.78056 3.31402
-2.03805 -0.10568
-2.75689 3.64337
-1.11877 3.31725
-2.39942 -1.4193
-1.05869 5.10087
-2.04175 4.47901
-1.85664 5.33281
-1.74958 4.61276
-2.2175 5.33023
-1.46585 3.88132
-1.70266 0.714219
-1.88793 2.14782
-2.17805 0.276612
-2.45426 3.95885
-1.35286 4.59364
-2.49245 4.81095
-1.30586 3.56622
-2.20933 -0.792986
-2.56221 5.62807
-1.19119 0.941013
-2.09834 2.17075
-1.88525 0.680094
-1.83019 2.20367
-2.23533 0.22641
-2.75756 3.73781
-1.12417 3.24099
-2.43725 -1.45588
-0.942395 4.8303
-2.14168 4.50539
-1.65571 5.07823
-1.95787 5.03249
-1.70964 4.82666
-2.03651 5.24818
-1.62708 4.45328
-2.57181 4.8122
-1.2388 3.12931
-2.47793 -1.23699
-1.01525 4.94699
-2.14049 4.56781
-1.62927 5.00056
-2.0087 5.10927
-1.66079 4.66293
-2.25865 5.26972
-1.44374 3.84642
-1.76767 0.423199
-1.91767 2.85867
-2.07755 0.00905028
-2.63001 3.82232
-1.1953 3.86972
-1.78332 0.257087
-2.03259 3.32688
-1.6417 2.21096
-2.35275 0.307376
-2.98777 3.58578
-1.03783 1.44703
-2.33256 1.66167
-2.02505 3.72132
-2.48192 4.25752
-1.30971 4.17587
-1.76899 3.37291
-2.00506 -0.054421
-2.61939 3.80305
-1.20084 3.93758
-1.67213 0.741889
-1.89976 2.11013
-2.16183 0.30994
-2.33903 3.93669
-1.5942 5.17316
-1.97474 4.94183
-1.70842 4.89909
-1.98903 5.18916
-1.66954 4.60666
-2.32575 5.23732
-1.39058 3.64756
-2.0912 -0.479381
-3.07904 3.36835
-1.05484 0.665088
-2.13217 2.65635
-1.71376 1.22987
-2.01323 1.28737
-1.87129 1.20067
-1.93947 1.22993
-1.90962 1.20153
-1.9192 1.22999
-1.92217 1.19306
-1.90943 1.24562
-1.9327 1.16964
-1.8964 1.28427
-1.95226 1.11803
-1.87051 1.37675
-1.99645 1.00947
-1.81959 1.62277
-2.10341 0.774587
-1.78832 2.53241
-2.29297 -0.0703753
-3.01333 3.71551
-1.05972 0.963631
-2.16198 2.21536
-1.75721 1.13955
-1.96775 1.36828
-1.92965 1.03904
-1.86294 1.48971


