-0.552328 -0.0172305
-2.67466 -3.75031
-0.75456 0.44284
-2.57369 -4.43571
-1.06238 1.08807
-2.33712 -5.3228
-2.16509 -0.471713
-1.38842 -2.92714
-2.08695 -1.57944
-1.74791 -1.28717
-1.93557 -1.42982
-1.83228 -1.22665
-1.90591 -1.48399
-1.83047 -1.12495
-1.90857 -1.68588
-1.77208 -0.904941
-1.86053 -2.28172
-1.58504 -0.398058
-0.519869 -3.07206
-1.82797 -4.67229
-2.10871 -0.521413
-1.48309 -2.87495
-1.96607 -0.422012
-1.40713 -3.02218
-2.09352 -1.3337
-1.79007 -1.58252
-1.85562 -0.927987
-1.86639 -2.10759
-1.64373 -0.515133
-1.07073 -3.21803
-0.347793 -4.21575
-2.0645 -3.71989
-1.10835 0.275044
-1.53828 -5.75059
-0.877682 -3.86289
-1.20138 -4.82346
-0.790625 -4.36559
-1.3231 -4.51304
-0.395073 -3.97675
-1.92288 -4.07162
-1.33219 0.622484
-1.07116 -5.63606
-1.51292 -3.9363
-2.11584 -1.73812
-1.6983 -1.18968
-1.94877 -1.75145
-1.73841 -0.899223
-1.8474 -2.3806
-1.55726 -0.322388
-0.234108 -3.00343
-2.22862 -3.83107
-0.993369 0.236316
-1.89849 -5.63733
-1.02399 -3.65021
-0.748196 -4.68141
-1.41691 -4.29625
-0.579308 -3.41936
-1.68838 -4.68338
-1.91633 -2.86477
-1.37024 -0.147853
-0.0341978 -4.11222
-2.51608 -1.66154
-1.50326 -1.74422
-2.01889 -1.46973
-1.79475 -1.2931
-1.91498 -1.37422
-1.85156 -1.28023
-1.89257 -1.38825
-1.8575 -1.24051
-1.89462 -1.4586
-1.84102 -1.14627
-1.90538 -1.63803
-1.7879 -0.949065
-1.88215 -2.13916
-1.62637 -0.515674
-1.00052 -3.21386
-0.637315 -4.64766
-1.61518 -4.17859
-2.1293 -0.97472
-1.75457 -2.17335
-1.68397 -0.358617
-0.840561 -3.15788
-1.21091 -5.03911
-0.833897 -4.27443
-1.26988 -4.60011
-0.560518 -4.24047
-1.65746 -4.29954
-2.12846 -0.883651
-1.72677 -2.32404
-1.658 -0.241743
-0.457021 -3.02678
-1.921 -4.53841
-1.73531 0.497069
0.185541 -3.65421
-2.59039 -0.494469
-1.25709 -2.67263
-1.30599 -3.3886
-1.27044 -3.43729
-0.747702 -3.38189
-1.43767 -4.93396
-0.454092 -3.91762
-1.81614 -4.25403
-1.69055 0.469624
0.152233 -3.77454
-2.58096 -0.607156
-1.3197 -2.61687
-1.88713 -2.71573
-1.42924 -0.189592
0.0966154 -3.61431
-2.57786 -1.32384
-1.48326 -2.01949
-2.0212 -1.12445
-1.83239 -1.78662
-1.77016 -0.727737
-1.72053 -2.72439
-1.55549 -0.00251031
0.132418 -3.31074
-2.60385 -1.31833
-1.46034 -2.00731
-2.03638 -1.34147
-1.81182 -1.48117
-1.87146 -1.06761
-1.89076 -1.79296
-1.74376 -0.784012
-1.75739 -2.65792
-1.53418 -0.0646811
0.120251 -3.28933
-2.59956 -1.43703
-1.45652 -1.91273
-2.0337 -1.5484
-1.77182 -1.22894
-1.92938 -1.51794
-1.81325 -1.11038
-1.91335 -1.72816
-1.75706 -0.870935
-1.83616 -2.40409
-1.55514 -0.294259
-0.174149 -3.00097
-2.31172 -3.55894
-0.995425 -0.118126
-1.60223 -5.67234
-0.755457 -3.81849
-1.40101 -4.75899
-0.409515 -3.89793
-1.89114 -4.15388
-1.43687 0.627509
-0.685637 -5.29891
-2.04527 -3.41798
-1.16306 0.0373223
-1.06877 -5.52944
-1.36088 -4.01672
-0.650406 -3.40241
-1.59321 -4.80384
-0.777181 -3.49462
-1.38004 -4.91681
-0.526546 -4.07047
-1.70144 -4.32778
-2.06873 -0.408526
-1.36448 -2.99835
-2.04566 -2.09391
-1.59973 -0.804658
-1.51372 -3.10074
-1.91842 -0.212165
-0.998415 -3.12181
-0.608154 -4.62891
-1.66817 -4.14121
-1.99826 -0.163505
-0.943955 -3.08465
-0.828179 -4.8583
-1.33353 -4.26303
-0.298597 -3.61669
-2.07489 -3.93427
-1.10517 0.463328
-1.72891 -5.76846
-0.846648 -3.74303
-1.25317 -4.86056
-0.716756 -4.30427
-1.42171 -4.4737
-0.389373 -3.49855
-1.9378 -4.25852
-1.41942 0.674216
-0.810471 -5.43389
-1.89542 -3.65149
-1.26456 0.393715
-1.05619 -5.58306
-1.46691 -3.96996
-1.88873 -2.85707
-1.38655 -0.111079
-0.0189224 -4.08226
-2.52411 -1.58542
-1.5083 -1.80833
-2.01672 -1.30351
-1.82452 -1.5042
-1.85954 -1.03948
-1.89145 -1.85518
-1.72251 -0.732326
-1.67776 -2.83755
-1.58869 0.0688857
0.143517 -3.30367
-2.6084 -1.22951
-1.45752 -2.07768
-2.03713 -1.25446
-1.82141 -1.60414
-1.83326 -0.911964
-1.86431 -2.16549
-1.62414 -0.4748
-0.89009 -3.18967
-1.05954 -4.98628
-1.02228 -4.30383
-0.983505 -4.64631
-1.07934 -4.47894
-0.913515 -4.5597
-1.16624 -4.49448
-0.741968 -4.46088
-1.3915 -4.41442
-0.346298 -3.54017
-2.00033 -4.12275
-1.23842 0.647148
-1.44842 -5.81292
-1.05483 -3.90279
-0.766567 -4.6428
-1.3776 -4.33553
-0.349808 -3.50846
-1.99713 -4.14376
-1.25233 0.659154
-1.4115 -5.80662
-1.09577 -3.91672
-0.640489 -4.51652
-1.5655 -4.26603
-2.02146 -2.46157
-1.47225 -0.547488
-0.284094 -3.0427
-2.1526 -4.02357
-1.05106 0.495737
-1.93016 -5.67665
-1.11687 -3.65824
-0.410931 -4.24572
-1.94393 -3.93609
-1.24971 0.549701
-1.29762 -5.74647
-1.19091 -3.95583
-0.359846 -4.07489
-2.00458 -3.89175
-1.16786 0.481658
-1.52746 -5.791
-0.937433 -3.86772
-1.07666 -4.81721
-0.972387 -4.40526
-1.0802 -4.60543
-0.93681 -4.51098
-1.13458 -4.53529
-0.823541 -4.50016
-1.28115 -4.46529
-0.452382 -4.11492
-1.83461 -4.1469
-1.55389 0.560395
-0.211617 -4.64962
-2.45568 -1.86652
-1.50835 -1.55468
-1.99546 -1.86089
-1.69025 -0.882149
-1.80084 -2.58349
-1.52003 -0.149571
0.0887421 -3.20361
-2.5859 -1.75277
-1.4196 -1.67143
-1.91048 -2.47674
-1.49769 -0.35839
-0.075442 -3.0447
-2.4359 -3.00476
-1.11446 -0.709248
-0.533923 -4.89309
-2.01512 -3.59993
-1.15371 0.227549
-1.31451 -5.69274
-1.08574 -3.96819
-0.701729 -4.56879
-1.46939 -4.3123
-1.01992 -3.49231
-0.686658 -4.65196
-1.51919 -4.24587
-1.7444 -3.16061
-1.45882 0.2152
-0.107604 -4.37228
-2.49111 -1.7153
-1.51421 -1.69317
-2.01471 -1.49363
-1.7908 -1.25887
-1.92009 -1.44103
-1.83546 -1.19472
-1.90657 -1.544
-1.81453 -1.05341
-1.90642 -1.85347
-1.7179 -0.75342
-1.69769 -2.80421
-1.56698 0.049288
0.143396 -3.36204
-2.60524 -1.18325
-1.45906 -2.11949
-2.03485 -1.17778
-1.82639 -1.71754
-1.79573 -0.790336
-1.79129 -2.52052
-1.54572 -0.174797
0.0242011 -3.08099
-2.54139 -2.3104
-1.29915 -1.2687
-0.463494 -3.15482
-1.88767 -4.52767
-1.80415 0.392834
0.200518 -3.18649
-2.62966 -0.829933
-1.39281 -2.3808
-2.06056 -1.6204
-1.74561 -1.20069
-1.93853 -1.61598
-1.78309 -1.01406
-1.90405 -1.98721
-1.67237 -0.648699
-1.45147 -3.1186
-2.05762 -0.772536
-1.72045 -2.45993
-1.62336 -0.153765
-0.153336 -2.97326
-2.34339 -3.45552
-1.00753 -0.244366
-1.44795 -5.6434
-0.851324 -3.92816
-1.251 -4.7852
-0.691185 -4.31541
-1.45763 -4.43958
-0.603413 -3.43576
-1.65369 -4.71803
-1.5555 -3.40267
-1.88224 -0.0433054
-0.571872 -3.00066
-1.76792 -4.79779
-2.06332 -2.36389
-1.4994 -0.67361
-0.716501 -3.17076
-1.50694 -4.97696
-0.422617 -3.73853
-1.86916 -4.25794
-1.5634 0.588426
-0.217472 -4.66649
-2.45441 -1.86615
-1.50937 -1.55411
-1.99586 -1.85373
-1.69252 -0.888343
-1.80853 -2.55904
-1.5221 -0.172153
0.0698641 -3.1613
-2.57492 -1.9266
-1.38795 -1.54466
-1.65876 -3.0483
-1.59818 0.163739
0.158424 -3.46305
-2.60351 -0.958396
-1.4349 -2.31237
-2.04837 -1.16765
-1.82039 -1.75201
-1.78746 -0.751365
-1.7547 -2.63116
-1.5437 -0.0774266
0.10689 -3.22469
-2.59576 -1.59125
-1.4404 -1.79197
-2.0044 -1.96846
-1.6519 -0.81797
-1.67268 -2.88584
-1.58935 0.0927923
0.149935 -3.34942
-2.60797 -1.13808
-1.45452 -2.15509
-2.03697 -1.16926
-1.82557 -1.73388
-1.79084 -0.773211
-1.77557 -2.57186
-1.54238 -0.129623
0.0728088 -3.14793
-2.57774 -1.9091
-1.38976 -1.55711
-1.68383 -3.01337
-1.55869 0.155571
0.134118 -3.64544
-2.58831 -0.954037
-1.44286 -2.33375
-2.04088 -1.06306
-1.81919 -1.91482
-1.73295 -0.603863
-1.50642 -3.05051
-1.92896 -0.254635
-1.09568 -3.12647
-0.229553 -3.95228
-2.22649 -3.39831
-1.0835 -0.208586
-1.15978 -5.54449
-1.18587 -4.03278
-0.422259 -4.1811
-1.90456 -4.02175
-1.33977 0.600003
-1.01434 -5.59143
-1.58652 -3.91196
-2.04646 -0.426938
-1.39917 -2.98712
-2.09233 -1.43797
-1.77544 -1.45119
-1.89688 -1.11505
-1.88415 -1.70065
-1.77632 -0.861499
-1.83602 -2.38306
-1.56224 -0.306283
-0.222967 -3.00036
-2.24456 -3.78391
-0.988522 0.172565
-1.86349 -5.64514
-0.931963 -3.65296
-1.04258 -4.8696
-1.02433 -4.36828
-0.991267 -4.62212
-1.06747 -4.49554
-0.938157 -4.55946
-1.13436 -4.50836
-0.81524 -4.50538
-1.29234 -4.45553
-0.421568 -4.05801
-1.88386 -4.09971
-1.41734 0.614768
-0.740534 -5.35358
-1.97237 -3.54763
-1.19115 0.23766
-1.17358 -5.62859
-1.26406 -3.99828
-0.260781 -3.66342
-2.13938 -3.76232
-1.05428 0.23726
-1.69785 -5.72834
-0.795417 -3.7528
-1.34367 -4.82527
-0.538667 -4.12837
-1.68444 -4.32052
-2.09808 -0.590794
-1.56046 -2.78088
-1.79985 -0.0924638
-0.530271 -3.01018
-1.82535 -4.70935
-2.13957 -0.770195
-1.66554 -2.52168
-1.66877 -0.106515
-0.202386 -2.95776
-2.2793 -3.69453
-0.982548 0.0500278
-1.78562 -5.65865
-0.796771 -3.67779
-1.34276 -4.85833
-0.558083 -4.14236
-1.65354 -4.34659
-2.14541 -1.20697
-1.77279 -1.83869
-1.78518 -0.640072
-1.6296 -2.87995
-1.6604 0.0692382
0.0768958 -3.05898
-2.58575 -1.91089
-1.3808 -1.55457
-1.62747 -3.09058
-1.65659 0.153156
0.145593 -3.19881
-2.61514 -1.28365
-1.45109 -2.02692
-2.03996 -1.39849
-1.80143 -1.41281
-1.8921 -1.16877
-1.88571 -1.59786
-1.80716 -0.970084
-1.88826 -2.05755
-1.65303 -0.577895
-1.24916 -3.20859
-0.806091 -3.38197
-1.31896 -4.97517
-0.653973 -4.20164
-1.50955 -4.45435
-1.01476 -3.50166
-0.711106 -4.67515
-1.48113 -4.26103
-1.30637 -3.48284
-1.1135 -3.4502
-0.309174 -4.08434
-2.10567 -3.67548
-1.08446 0.187587
-1.54289 -5.73366
-0.854549 -3.86071
-1.24373 -4.81609
-0.71647 -4.32288
-1.42219 -4.46344
-0.397961 -3.48821
-1.92616 -4.28412
-1.46209 0.662768
-0.641437 -5.25791
-2.10657 -3.28426
-1.168 -0.156261
-0.833281 -5.3086
-1.66668 -3.93579
-1.84174 0.173442
-0.0652296 -2.88633
-2.46419 -2.95307
-1.11453 -0.761013
-0.488986 -4.82567
-2.06938 -3.50656
-1.13215 0.0787749
-1.24478 -5.63684
-1.13563 -3.99652
-0.556687 -4.39743
-1.69299 -4.2017
-1.98258 -0.0950036
-0.792223 -3.04982
-1.33738 -5.0721
-0.66642 -4.16617
-1.49278 -4.48778
-0.767601 -3.46244
-1.39843 -4.92138
-0.500486 -4.02396
-1.74236 -4.3013
-1.94046 0.052737
-0.433252 -2.92712
-1.97288 -4.49438
-1.56694 0.663544
-0.298382 -4.81302
-2.4143 -2.11879
-1.46497 -1.3371
-1.78076 -2.79527
-1.47869 -0.0100288
0.100332 -3.71252
-2.57674 -1.15931
-1.4801 -2.16422
-2.01145 -0.942592
-1.81297 -2.10383
-1.67036 -0.455466
-1.02881 -3.20503
-0.512298 -4.49004
-1.81493 -4.03549
-1.52242 0.544758
-0.287121 -4.76725
-2.41061 -2.17469
-1.44915 -1.295
-1.66463 -3.00544
-1.59035 0.147541
0.155899 -3.464
-2.60294 -0.979217
-1.43908 -2.29546
-2.0453 -1.143
-1.82167 -1.78708
-1.77521 -0.718465
-1.71437 -2.73411
-1.5604 0.005788
0.133201 -3.30463
-2.60447 -1.31633
-1.45985 -2.00851
-2.03659 -1.34412
-1.81136 -1.47796
-1.87248 -1.07208
-1.89081 -1.78361
-1.74685 -0.792279
-1.7677 -2.62934
-1.53272 -0.0897723
0.110053 -3.25017
-2.59627 -1.54912
-1.44633 -1.82478
-2.01785 -1.83228
-1.69422 -0.9417
-1.85162 -2.41192
-1.54463 -0.30993
-0.163089 -3.00563
-2.32615 -3.50355
-1.00279 -0.185156
-1.51751 -5.66142
-0.800881 -3.88263
-1.33108 -4.77119
-0.531898 -4.1398
-1.6965 -4.30256
-2.05963 -0.369946
-1.31197 -3.03084
-1.73141 -3.08448
-1.48289 0.182025
-0.0120312 -4.14979
-2.53172 -1.37596
-1.52055 -1.9904
-1.98792 -0.918488
-1.81765 -2.13354
-1.65748 -0.439973
-0.942467 -3.19292
-0.868658 -4.87092
-1.26987 -4.28393
-0.365813 -3.98914
-1.97861 -3.97213
-1.21441 0.557858
-1.43825 -5.79277
-1.03829 -3.90917
-0.820579 -4.6841
-1.30168 -4.35726
-0.346802 -3.90687
-2.00384 -3.95815
-1.18088 0.533982
-1.53457 -5.80215
-0.946084 -3.86371
-1.05553 -4.81374
-1.00005 -4.40395
-1.03718 -4.60973
-1.0027 -4.51225
-1.04354 -4.55764
-0.987102 -4.53796
-1.06771 -4.54055
-0.945975 -4.54164
-1.12349 -4.52245
-0.841362 -4.51408
-1.25816 -4.47137
-0.510292 -4.20958
-1.74214 -4.2232
-1.86462 0.203618
-0.047052 -2.87829
-2.48562 -2.83711
-1.14438 -0.861974
-0.27116 -4.47065
-2.31202 -2.87146
-1.2377 -0.725556
-0.0286946 -3.93779
-2.50511 -1.94525
-1.44876 -1.52114
-1.89141 -2.5111
-1.49343 -0.310363
-0.00310559 -3.09063
-2.51425 -2.50823
-1.25072 -1.12137
-0.0374301 -3.25986
-2.46863 -2.69221
-1.2163 -0.971714
0.00733515 -3.69719
-2.52098 -1.99079
-1.42218 -1.49299
-1.7748 -2.83764
-1.47429 0.0191678
0.081546 -3.80916
-2.56806 -1.17961
-1.48819 -2.15235
-2.00324 -0.899606
-1.80465 -2.18088
-1.64833 -0.394902
-0.793581 -3.15339
-1.33819 -5.04267
-0.652958 -4.16867
-1.51138 -4.46977
-0.986933 -3.49915
-0.814337 -4.76912
-1.32932 -4.30362
-0.300419 -3.69077
-2.07243 -3.90763
-1.10456 0.440813
-1.71011 -5.76851
-0.840532 -3.7541
-1.26521 -4.85355
-0.693439 -4.28933
-1.45397 -4.45594
-0.551771 -3.43683
-1.722 -4.62882
-2.12914 -1.87342
-1.6551 -1.10367
-1.92041 -2.13215
-1.61584 -0.575438
-1.0988 -3.22875
-0.257354 -4.00641
-2.18672 -3.49548
-1.07488 -0.0752745
-1.32715 -5.64309
-1.00667 -3.97813
-0.935119 -4.73615
-1.14902 -4.40272
-0.741832 -4.48987
-1.39404 -4.39821
-0.358947 -3.51393
-1.98256 -4.16911
-1.28633 0.671169
-1.30119 -5.77174
-1.22409 -3.94717
-0.280975 -3.85321
-2.1181 -3.73576
-1.07031 0.232355
-1.6367 -5.73845
-0.809237 -3.79757
-1.32022 -4.81624
-0.57671 -4.18393
-1.6258 -4.35545
-2.12613 -1.79492
-1.67935 -1.16025
-1.94453 -1.88615
-1.69504 -0.782323
-1.70156 -2.81079
-1.5608 0.0517281
0.144106 -3.39684
-2.60363 -1.14634
-1.45845 -2.15233
-2.03395 -1.13684
-1.82683 -1.78214
-1.77432 -0.727258
-1.72305 -2.71602
-1.55456 -0.00843324
0.130796 -3.30342
-2.60355 -1.33761
-1.45981 -1.99156
-2.03648 -1.3733
-1.80694 -1.43945
-1.88368 -1.12776
-1.88941 -1.67283
-1.78309 -0.895014
-1.85688 -2.28405
-1.58586 -0.391791
-0.508901 -3.06781
-1.84361 -4.64957
-2.05747 -0.244901
-1.10533 -3.07749
-0.19249 -3.83518
-2.27167 -3.29793
-1.09536 -0.344551
-0.971494 -5.39681
-1.42394 -4.04065
-1.28892 -3.47241
-0.911175 -3.42179
-1.0455 -4.92817
-1.02969 -4.33441
-0.975387 -4.63276
-1.08916 -4.48349
-0.896416 -4.55224
-1.18801 -4.48823
-0.689456 -4.41848
-1.46633 -4.38222
-0.797831 -3.45921
-1.33936 -4.94418
-0.607001 -4.16697
-1.5781 -4.40915
-1.82788 -3.03321
-1.3854 0.0730817
-0.191333 -4.50095
-2.43774 -2.13069
-1.44564 -1.34837
-1.71638 -2.92916
-1.52203 0.108466
0.109598 -3.73695
-2.57855 -1.04133
-1.46504 -2.26744
-2.01998 -0.935312
-1.80682 -2.12488
-1.66645 -0.434786
-0.964096 -3.19495
-0.782605 -4.79924
-1.393 -4.25996
-0.481814 -3.41906
-1.81766 -4.49865
-1.95008 0.0811104
-0.383097 -2.90515
-2.04406 -4.35767
-1.31271 0.756298
-1.30446 -5.79018
-1.2484 -3.94037
-0.254491 -3.68662
-2.15111 -3.72254
-1.0509 0.185403
-1.66346 -5.72479
-0.790099 -3.77651
-1.35149 -4.81048
-0.516449 -4.10038
-1.71968 -4.29409
-1.99481 -0.109679
-0.830063 -3.05739
-1.23089 -5.06678
-0.814349 -4.25404
-1.29587 -4.5951
-0.500201 -4.15436
-1.75283 -4.23336
-1.84407 0.244921
0.0385587 -2.91475
-2.56637 -2.23674
-1.29993 -1.32205
-0.555694 -3.18378
-1.75899 -4.71546
-2.13291 -1.87023
-1.65513 -1.11272
-1.92428 -2.10752
-1.62343 -0.59698
-1.18056 -3.22651
-0.237494 -3.40278
-2.18036 -3.77147
-1.02785 0.208555
-1.76365 -5.70199
-0.804724 -3.70385
-1.32876 -4.85321
-0.580306 -4.17365
-1.61954 -4.36627
-2.10598 -1.99498
-1.62145 -0.975063
-1.79867 -2.64292
-1.50431 -0.113796
0.117851 -3.3394
-2.5962 -1.41958
-1.46131 -1.92888
-2.03434 -1.47088
-1.78936 -1.31633
-1.91443 -1.33491
-1.85895 -1.33678
-1.88096 -1.29733
-1.8782 -1.37075
-1.86677 -1.25547
-1.88933 -1.43459
-1.84873 -1.17346
-1.90226 -1.58282
-1.80527 -1.00459
-1.89839 -1.97739
-1.67774 -0.647871
-1.46392 -3.10778
-2.03289 -0.623881
-1.62801 -2.71664
-1.68346 -0.012804
-0.0745885 -2.95554
-2.44557 -3.00891
-1.10597 -0.708539
-0.575833 -4.94619
-1.95679 -3.69077
-1.20001 0.366105
-1.28184 -5.70511
-1.15892 -3.97048
-0.464765 -4.26906
-1.84109 -4.07974
-1.49264 0.575516
-0.422089 -4.96972
-2.31327 -2.65477
-1.32273 -0.875515
-0.0760455 -3.15144
-2.427 -2.98704
-1.12765 -0.721084
-0.460333 -4.7922
-2.11095 -3.41865
-1.12992 -0.0516767
-1.11663 -5.54532
-1.27504 -4.02587
-0.265049 -3.6331
-2.13131 -3.79549
-1.05738 0.278556
-1.72384 -5.7302
-0.805004 -3.73602
-1.32804 -4.83981
-0.574688 -4.17194
-1.62839 -4.35839
-2.1289 -1.76206
-1.68799 -1.19239
-1.9504 -1.77634
-1.72991 -0.880033
-1.82991 -2.45541
-1.54165 -0.256867
-0.0688694 -3.02454
-2.44567 -2.96632
-1.12292 -0.745142
-0.462251 -4.7912
-2.10587 -3.43158
-1.12919 -0.0338737
-1.13859 -5.56154
-1.24896 -4.0229
-0.2758 -3.7894
-2.12088 -3.75502
-1.06693 0.248446
-1.66349 -5.73776
-0.803604 -3.77858
-1.32975 -4.82037
-0.561318 -4.16216
-1.64938 -4.34188
-2.14582 -1.25369
-1.77202 -1.77446
-1.80691 -0.703455
-1.71801 -2.70403
-1.5629 -0.0124037
0.124614 -3.25909
-2.60305 -1.42133
-1.45458 -1.92338
-2.03447 -1.54779
-1.77173 -1.23086
-1.92934 -1.51411
-1.81426 -1.11484
-1.91335 -1.71772
-1.76039 -0.880648
-1.8436 -2.37089
-1.56243 -0.323081
-0.256191 -3.00439
-2.19776 -3.92074
-1.01004 0.357129
-1.94253 -5.6339
-1.16429 -3.64609
-0.264577 -3.90896
-2.15558 -3.61924
-1.06375 0.0778951
-1.51759 -5.71118
-0.850788 -3.87775
-1.25084 -4.80703
-0.700324 -4.31414
-1.44462 -4.45052
-0.506663 -3.44021
-1.78108 -4.54261
-2.08217 -0.407375
-1.3567 -2.99602
-2.02156 -2.24507
-1.5506 -0.671124
-1.01064 -3.23839
-0.604902 -4.60526
-1.66494 -4.15223
-2.0156 -0.223557
-1.06705 -3.09357
-0.309512 -4.16156
-2.12529 -3.59941
-1.084 0.0929974
-1.45367 -5.70638
-0.909534 -3.91391
-1.14395 -4.80826
-0.876224 -4.40338
-1.21256 -4.56004
-0.668165 -4.37552
-1.49529 -4.38062
-1.09149 -3.50369
-0.413624 -4.28187
-1.94925 -3.91452
-1.23708 0.533495
-1.32691 -5.75483
-1.15146 -3.94933
-0.475107 -4.29039
-1.8259 -4.0918
-1.53439 0.555765
-0.263764 -4.73331
-2.42607 -2.07502
-1.47102 -1.37818
-1.84046 -2.64595
-1.47567 -0.163214
0.113703 -3.39225
-2.59214 -1.41082
-1.46586 -1.93835
-2.03363 -1.41032
-1.80159 -1.38803
-1.89698 -1.20815
-1.88167 -1.52935
-1.82804 -1.04541
-1.90161 -1.85966
-1.71742 -0.741964
-1.68309 -2.83116
-1.58212 0.0655422
0.14449 -3.32593
-2.60753 -1.20383
-1.45782 -2.10002
-2.03639 -1.21779
-1.82423 -1.65775
-1.81568 -0.852307
-1.83643 -2.3335
-1.57874 -0.335928
-0.350633 -3.01885
-2.06506 -4.24884
-1.21377 0.715346
-1.607 -5.84146
-0.95 -3.82613
-1.03744 -4.81993
-1.02454 -4.39605
-0.99536 -4.6111
-1.06122 -4.50305
-0.95028 -4.55873
-1.11848 -4.51478
-0.848875 -4.52058
-1.24854 -4.47335
-0.534866 -4.245
-1.70305 -4.25135
-1.99964 -0.137954
-0.891599 -3.0725
-1.02889 -4.99605
-1.06583 -4.28901
-0.890725 -4.61998
-1.19819 -4.44486
-0.642901 -4.38571
-1.53674 -4.34343
-1.64562 -3.29255
-1.63414 0.23819
0.169895 -3.46602
-2.60522 -0.856374
-1.41069 -2.39483
-2.06275 -1.36503
-1.79831 -1.49178
-1.87554 -1.05107
-1.88764 -1.82703
-1.73346 -0.750882
-1.71282 -2.76495
-1.55574 0.0231877
0.139363 -3.36134
-2.60391 -1.21833
-1.46119 -2.091
-2.03437 -1.2004
-1.82592 -1.68156
-1.80743 -0.827581
-1.8206 -2.40768
-1.56259 -0.272973
-0.163469 -2.99808
-2.3266 -3.50595
-1.00185 -0.182852
-1.5231 -5.66209
-0.79686 -3.87873
-1.33726 -4.76966
-0.519411 -4.12139
-1.71618 -4.28893
-1.99922 -0.126056
-0.866554 -3.06619
-1.11555 -5.03533
-0.959072 -4.28551
-1.09186 -4.66015
-0.927753 -4.48416
-1.14585 -4.54575
-0.804537 -4.4857
-1.30594 -4.45778
-0.395096 -3.99832
-1.92528 -4.05917
-1.32238 0.617799
-1.10263 -5.65599
-1.46739 -3.94815
-1.92621 -2.75441
-1.39964 -0.227135
0.0727615 -3.72804
-2.5655 -1.38137
-1.49185 -1.97589
-2.01746 -1.12848
-1.83419 -1.77531
-1.77308 -0.739902
-1.73519 -2.68954
-1.54778 -0.030354
0.126069 -3.29207
-2.60208 -1.38598
-1.45833 -1.95278
-2.03588 -1.45603
-1.79193 -1.33619
-1.91043 -1.29833
-1.86632 -1.38907
-1.868 -1.22114
-1.89214 -1.49531
-1.83288 -1.09709
-1.90615 -1.74339
-1.75461 -0.847643
-1.81874 -2.46995
-1.54347 -0.234834
-0.0432998 -3.03438
-2.47477 -2.79901
-1.1685 -0.890704
-0.154369 -4.23254
-2.41338 -2.45979
-1.34581 -1.1043
-0.551836 -3.1634
-1.76782 -4.71378
-2.14714 -1.69993
-1.69942 -1.27846
-1.95426 -1.54187
-1.79849 -1.11521
-1.91816 -1.73133
-1.75443 -0.87437
-1.83747 -2.40191
-1.55517 -0.297192
-0.179483 -3.00094
-2.30444 -3.58496
-0.992729 -0.0858457
-1.63911 -5.67404
-0.744702 -3.78829
-1.41855 -4.76167
-0.391676 -3.83358
-1.91945 -4.13631
-1.37247 0.642486
-0.944061 -5.54505
-1.69984 -3.84449
-1.68988 0.357861
0.18624 -3.5031
-2.60381 -0.675667
-1.34971 -2.53648
-2.0101 -2.20733
-1.56652 -0.67408
-1.10106 -3.24415
-0.256702 -4.00075
-2.18674 -3.49765
-1.07432 -0.0732541
-1.33142 -5.64491
-1.00228 -3.97638
-0.945864 -4.74168
-1.13546 -4.40519
-0.774691 -4.51399
-1.34851 -4.41566
-0.319056 -3.73764
-2.04172 -3.9529
-1.13933 0.504658
-1.65154 -5.79299
-0.86877 -3.79482
-1.21351 -4.84761
-0.778117 -4.34833
-1.33959 -4.51113
-0.366892 -3.89866
-1.96659 -4.02941
-1.24811 0.599113
-1.35974 -5.77923
-1.13338 -3.93649
-0.526405 -4.36953
-1.74481 -4.15864
-1.79711 0.304294
0.147942 -3.05492
-2.62533 -1.33625
-1.4392 -1.97548
-2.03733 -1.61358
-1.7541 -1.16797
-1.93455 -1.67434
-1.76696 -0.950212
-1.8819 -2.17733
-1.61294 -0.491129
-0.880407 -3.1903
-1.09202 -4.99942
-0.982145 -4.30308
-1.05541 -4.65425
-0.981427 -4.49055
-1.07266 -4.56411
-0.941904 -4.5305
-1.12847 -4.52679
-0.83293 -4.50823
-1.26903 -4.46816
-0.482297 -4.16617
-1.78686 -4.18797
-1.70748 0.432146
0.183048 -3.60849
-2.59483 -0.576474
-1.30382 -2.61737
-1.78066 -2.96393
-1.44249 0.0835323
-0.0296313 -4.16445
-2.52296 -1.50524
-1.51898 -1.87665
-2.00438 -1.10756
-1.83945 -1.79563
-1.76386 -0.725726
-1.71343 -2.74375
-1.55944 0.0114481
0.135402 -3.32017
-2.60455 -1.28571
-1.46062 -2.03391
-2.03611 -1.2948
-1.81789 -1.54478
-1.85189 -0.983668
-1.88319 -1.98232
-1.68142 -0.62384
-1.4291 -3.12947
-2.08927 -1.08666
-1.79667 -1.93801
-1.73709 -0.566128
-1.44894 -3.09428
-2.05822 -0.787427
-1.72814 -2.43296
-1.62381 -0.174088
-0.192055 -2.97408
-2.291 -3.64619
-0.985815 -0.0108239
-1.72542 -5.66868
-0.751229 -3.71796
-1.41418 -4.80011
-0.414187 -3.88736
-1.88264 -4.17137
-1.46604 0.620487
-0.572018 -5.1695
-2.17562 -3.1159
-1.19669 -0.381673
-0.460335 -4.84565
-2.1498 -3.2987
-1.14625 -0.203732
-0.881425 -5.34457
-1.58503 -3.98193
-2.08799 -0.648574
-1.61747 -2.6897
-1.70494 -0.0367167
-0.168977 -2.9411
-2.32688 -3.53586
-0.993329 -0.151062
-1.58254 -5.66747
-0.760767 -3.83415
-1.39235 -4.7571
-0.419912 -3.92861
-1.87467 -4.16594
-1.47889 0.612067
-0.516209 -5.09995
-2.23197 -2.94814
-1.23907 -0.577722
-0.112449 -4.20116
-2.45754 -2.16982
-1.41881 -1.33521
-1.55981 -3.13964
-1.81113 0.00913878
-0.325453 -2.93359
-2.11549 -4.17567
-1.12329 0.655492
-1.84517 -5.76654
-0.960986 -3.69494
-0.971602 -4.82889
-1.11183 -4.36579
-0.813537 -4.55266
-1.29708 -4.42711
-0.394448 -4.00811
-1.92769 -4.05141
-1.31497 0.614686
-1.12693 -5.67073
-1.43275 -3.95473
-1.61249 -3.29776
-1.70964 0.180297
0.119959 -3.08274
-2.6107 -1.55502
-1.43062 -1.81303
-1.99855 -2.03509
-1.63011 -0.762789
-1.5361 -3.06782
-1.85963 -0.0941401
-0.65349 -3.03974
-1.63333 -4.93344
-0.753387 -3.50664
-1.42247 -4.89117
-0.450552 -3.93418
-1.82247 -4.23813
-1.65945 0.498143
0.0914222 -3.98854
-2.56293 -0.770002
-1.39832 -2.51831
-2.07034 -1.43442
-1.78409 -1.41835
-1.89946 -1.16383
-1.88299 -1.60996
-1.80466 -0.953981
-1.88312 -2.10014
-1.63983 -0.542379
-1.11976 -3.22222
-0.204047 -3.83014
-2.2514 -3.36913
-1.08121 -0.260552
-1.11887 -5.51215
-1.23071 -4.04194
-0.313356 -3.92838
-2.06827 -3.81948
-1.10332 0.362989
-1.64129 -5.76468
-0.837313 -3.79755
-1.27241 -4.83412
-0.672798 -4.27985
-1.48322 -4.43696
-0.811574 -3.46627
-1.31078 -4.94861
-0.655837 -4.21544
-1.50687 -4.44964
-1.00189 -3.49969
-0.759131 -4.72138
-1.4092 -4.28367
-0.547469 -3.41715
-1.7308 -4.62759
-2.14359 -1.70077
-1.7003 -1.27145
-1.95394 -1.5553
-1.79503 -1.09986
-1.91768 -1.76932
-1.74228 -0.839596
-1.80596 -2.52358
-1.53467 -0.189251
0.03205 -3.09694
-2.54755 -2.24636
-1.31572 -1.31507
-0.682919 -3.22169
-1.56324 -4.91645
-0.484689 -3.53709
-1.7966 -4.46722
-1.96921 0.0186217
-0.534908 -2.95746
-1.82882 -4.73157
-2.14841 -0.866268
-1.70633 -2.37281
-1.66268 -0.202414
-0.383819 -3.00074
-2.02376 -4.34939
-1.33787 0.744065
-1.19876 -5.73764
-1.37828 -3.94675
-0.991917 -3.46483
-0.781321 -4.74798
-1.37865 -4.2885
-0.383626 -3.46229
-1.95023 -4.25399
-1.39295 0.683335
-0.919862 -5.5331
-1.74665 -3.80515
-1.55399 0.452879
-0.0909398 -4.40169
-2.50604 -1.47891
-1.53536 -1.89869
-1.98661 -0.97618
-1.83236 -2.01954
-1.68991 -0.535752
-1.27608 -3.19035
-1.17013 -3.43464
-0.199158 -3.63675
-2.24168 -3.48489
-1.05133 -0.14147
-1.36164 -5.6424
-0.956372 -3.96713
-1.05317 -4.78043
-0.999166 -4.42243
-1.04055 -4.60114
-0.99684 -4.5168
-1.05242 -4.55418
-0.972823 -4.53882
-1.08744 -4.53541
-0.91137 -4.53603
-1.16835 -4.50691
-0.742524 -4.45721
-1.39045 -4.417
-0.343405 -3.54705
-2.00445 -4.11154
-1.22809 0.639822
-1.47746 -5.81689
-1.02515 -3.89052
-0.852099 -4.71096
-1.2597 -4.36513
-0.43906 -4.12146
-1.86054 -4.10868
-1.46985 0.596672
-0.527535 -5.11075
-2.21783 -2.99547
-1.22605 -0.525855
-0.200026 -4.39745
-2.39652 -2.47435
-1.35058 -1.0803
-0.54423 -3.15894
-1.77898 -4.70001
-2.15984 -1.40167
-1.75367 -1.60905
-1.86909 -0.895824
-1.85192 -2.1731
-1.62684 -0.453952
-0.849973 -3.17745
-1.18552 -5.02974
-0.865694 -4.28595
-1.2278 -4.61744
-0.662537 -4.35099
-1.50197 -4.38697
-1.14332 -3.50607
-0.252502 -3.91441
-2.17846 -3.55531
-1.06468 -0.00910602
-1.43206 -5.6835
-0.909454 -3.92837
-1.14577 -4.80295
-0.872405 -4.4051
-1.21749 -4.55645
-0.655279 -4.36401
-1.51441 -4.37101
-1.32932 -3.48484
-1.40085 -3.40715
-2.05491 -2.13047
-1.58505 -0.79756
-1.44816 -3.15491
-2.06871 -0.8423
-1.74801 -2.34021
-1.63472 -0.243772
-0.37432 -3.00695
-2.0353 -4.3212
-1.29944 0.742313
-1.33591 -5.79956
-1.20632 -3.93526
-0.309878 -3.95475
-2.0787 -3.7864
-1.09523 0.321747
-1.63095 -5.75738
-0.831933 -3.80359
-1.28197 -4.82858
-0.653159 -4.26394
-1.5115 -4.42128
-1.13722 -3.50833
-0.268244 -3.96296
-2.15796 -3.59154
-1.06769 0.048346
-1.47462 -5.70122
-0.881225 -3.90374
-1.19764 -4.80809
-0.792262 -4.37327
-1.32089 -4.51024
-0.397486 -3.98384
-1.91923 -4.07464
-1.33978 0.622926
-1.04292 -5.61654
-1.55297 -3.92312
-2.11463 -0.926374
-1.75039 -2.23712
-1.66603 -0.312273
-0.657916 -3.09973
-1.61864 -4.92123
-0.694682 -3.49961
-1.5171 -4.82734
-0.427937 -3.56365
-1.87395 -4.33429
-1.62257 0.562172
-0.0363807 -4.32281
-2.52716 -1.17939
-1.51854 -2.17438
-1.96008 -0.69123
-1.71286 -2.59054
-1.59587 -0.0735626
0.0335121 -3.0566
-2.55133 -2.24735
-1.31162 -1.31458
-0.645407 -3.21005
-1.6253 -4.865
-0.853538 -3.51276
-1.21955 -4.94229
-0.796029 -4.31197
-1.31729 -4.54749
-0.426417 -4.03549
-1.87211 -4.12591
-1.45702 0.608656
-0.588428 -5.18637
-2.1553 -3.17214
-1.18457 -0.311426
-0.588921 -5.02324
-1.99417 -3.6016
-1.16947 0.254304
-1.28015 -5.68385
-1.1328 -3.97719
-0.553868 -4.39802
-1.6986 -4.19595
-1.96216 -0.0346548
-0.645675 -3.00382
-1.65119 -4.93188
-0.867898 -3.5221
-1.18574 -4.93787
-0.843805 -4.33038
-1.25551 -4.57719
-0.579793 -4.27267
-1.62832 -4.31374
-2.14246 -1.47747
-1.74962 -1.49225
-1.9017 -1.0646
-1.87958 -1.80111
-1.7452 -0.763356
-1.73775 -2.70354
-1.54179 -0.0243183
0.130638 -3.33168
-2.6021 -1.31714
-1.46197 -2.00958
-2.03565 -1.32237
-1.81472 -1.50589
-1.86381 -1.03406
-1.88932 -1.86552
-1.71975 -0.7212
-1.6598 -2.8693
-1.61127 0.081792
0.137751 -3.23545
-2.60997 -1.32652
-1.45436 -1.99592
-2.03825 -1.41867
-1.79841 -1.38501
-1.89907 -1.21368
-1.88043 -1.52081
-1.83083 -1.05467
-1.90221 -1.83695
-1.72493 -0.761303
-1.7153 -2.76539
-1.55271 0.0223293
0.139548 -3.37418
-2.60333 -1.20567
-1.46139 -2.10222
-2.0338 -1.18193
-1.82676 -1.70958
-1.79811 -0.798777
-1.79847 -2.4953
-1.54846 -0.196973
-0.00752417 -3.05265
-2.51225 -2.54923
-1.23661 -1.09067
0.00301004 -3.37613
-2.51044 -2.33058
-1.32057 -1.24831
-0.607064 -3.19274
-1.6853 -4.80713
-1.52877 -3.42914
-1.96227 -0.23964
-1.08421 -3.11413
-0.258779 -4.0378
-2.19094 -3.47102
-1.0792 -0.102903
-1.28216 -5.62139
-1.05315 -3.99562
-0.814186 -4.65805
-1.30714 -4.3672
-0.343147 -3.89033
-2.00884 -3.95525
-1.17462 0.52867
-1.5515 -5.80205
-0.931858 -3.8546
-1.08702 -4.82331
-0.959276 -4.40277
-1.09944 -4.60313
-0.904958 -4.50541
-1.17598 -4.52067
-0.731533 -4.44406
-1.40546 -4.41328
-0.381315 -3.4916
-1.95057 -4.23902
-1.3818 0.681374
-0.95872 -5.56444
-1.69105 -3.84656
-1.7146 0.331925
0.192561 -3.34695
-2.61644 -0.776633
-1.38315 -2.4421
-2.05973 -1.71033
-1.72116 -1.11544
-1.93382 -1.87006
-1.70361 -0.778844
-1.70936 -2.79064
-1.55479 0.0383923
0.142112 -3.39785
-2.60296 -1.16253
-1.45994 -2.13919
-2.03333 -1.14177
-1.82719 -1.7733
-1.77709 -0.735947
-1.73385 -2.68974
-1.54912 -0.0293611
0.125737 -3.2879
-2.60214 -1.3918
-1.45786 -1.94798
-2.03575 -1.4694
-1.7892 -1.32031
-1.91396 -1.32783
-1.86033 -1.34694
-1.8786 -1.28194
-1.88131 -1.39465
-1.86069 -1.22276
-1.89491 -1.49093
-1.83292 -1.10523
-1.90671 -1.72606
-1.76 -0.864337
-1.83281 -2.41368
-1.55376 -0.284481
-0.152148 -3.00233
-2.34131 -3.4477
-1.01109 -0.251457
-1.42741 -5.6386
-0.869739 -3.93991
-1.22016 -4.78894
-0.747997 -4.35614
-1.3794 -4.47793
-0.326451 -3.668
-2.02805 -4.01055
-1.16594 0.560251
-1.6141 -5.80819
-0.900719 -3.81915
-1.15047 -4.84174
-0.873457 -4.38618
-1.21626 -4.56777
-0.663663 -4.36863
-1.50168 -4.37888
-1.16572 -3.5055
-0.214097 -3.7431
-2.22434 -3.49259
-1.05761 -0.117381
-1.35833 -5.64569
-0.96438 -3.96745
-1.03518 -4.77619
-1.0225 -4.42085
-1.00249 -4.60114
-1.0508 -4.51062
-0.968925 -4.55824
-1.0937 -4.52316
-0.897507 -4.53684
-1.18621 -4.49787
-0.698235 -4.42338
-1.45334 -4.38937
-0.671285 -3.43782
-1.5585 -4.82041
-0.557182 -3.48841
-1.70685 -4.62072
-2.10193 -2.09684
-1.58766 -0.900368
-1.63053 -2.98089
-1.65193 0.114331
0.125186 -3.14787
-2.60935 -1.48213
-1.44196 -1.87087
-2.02386 -1.78474
-1.70787 -0.990262
-1.88807 -2.23411
-1.59055 -0.464908
-0.708947 -3.14081
-1.52335 -4.97825
-0.423555 -3.69086
-1.87005 -4.2788
-1.5797 0.582262
-0.164828 -4.57511
-2.47958 -1.6634
-1.53279 -1.7313
-2.0071 -1.28677
-1.83032 -1.51462
-1.8541 -1.02803
-1.8914 -1.88224
-1.71326 -0.710477
-1.63586 -2.90977
-1.64681 0.0880435
0.110914 -3.12261
-2.60342 -1.61184
-1.42902 -1.77274
-1.98218 -2.14137
-1.59621 -0.667537
-1.22556 -3.23106
-0.52703 -3.32185
-1.77353 -4.61908
-2.1465 -0.924703
-1.72913 -2.27536
-1.6712 -0.274909
-0.585562 -3.07063
-1.73604 -4.80514
-1.902 -2.91574
-1.36294 -0.0961233
-0.0985437 -4.27777
-2.48449 -1.87186
-1.4849 -1.56719
-1.98113 -2.03822
-1.63298 -0.731913
-1.49083 -3.1057
-1.97395 -0.373473
-1.33107 -3.06187
-1.86739 -2.81903
-1.40934 -0.102421
0.0289544 -3.9461
-2.54573 -1.41719
-1.50688 -1.95103
-2.0068 -1.06285
-1.83547 -1.87671
-1.73814 -0.650824
-1.5886 -2.961
-1.73516 0.0450799
-0.0933021 -2.92996
-2.42574 -3.12365
-1.07468 -0.600764
-0.825729 -5.23275
-1.59881 -4.00524
-2.07272 -0.539231
-1.52405 -2.8504
-1.8751 -0.192977
-0.907145 -3.11803
-0.982223 -4.96144
-1.12265 -4.2918
-0.757057 -4.53492
-1.37601 -4.38768
-0.328219 -3.57213
-2.0274 -4.05443
-1.1789 0.59389
-1.60292 -5.81579
-0.916333 -3.82627
-1.11733 -4.83688
-0.919785 -4.39512
-1.15481 -4.59078
-0.801828 -4.46745
-1.30901 -4.4658
-0.393891 -3.99239
-1.9268 -4.05906
-1.31986 0.617911
-1.1123 -5.6622
-1.45398 -3.9508
-1.82166 -3.00361
-1.39668 0.0631058
-0.143752 -4.40835
-2.46585 -1.95232
-1.47841 -1.49641
-1.94091 -2.27895
-1.55744 -0.518276
-0.672397 -3.13723
-1.58979 -4.93057
-0.553961 -3.50971
-1.70785 -4.60754
-2.11694 -1.97781
-1.62473 -1.00617
-1.83213 -2.54424
-1.51193 -0.209336
0.0562468 -3.14714
-2.56524 -2.04079
-1.36498 -1.46265
-1.38454 -3.27545
-2.04767 -2.148
-1.58025 -0.774202
-1.38368 -3.19166
-2.06541 -1.99613
-1.62954 -0.903376
-1.73589 -2.78355
-1.52557 0.0207583
0.134231 -3.51087
-2.59501 -1.11689
-1.46281 -2.18581
-2.02818 -1.0535
-1.82441 -1.91662
-1.7297 -0.607194
-1.5061 -3.05221
-1.92994 -0.256724
-1.1006 -3.12619
-0.216802 -3.91112
-2.24167 -3.36684
-1.08635 -0.252988
-1.10325 -5.50377
-1.25339 -4.04268
-0.277691 -3.78715
-2.11733 -3.7645
-1.06864 0.261406
-1.66927 -5.73941
-0.804956 -3.77482
-1.3276 -4.82304
-0.56668 -4.16825
-1.64105 -4.34751
-2.14465 -1.44294
-1.75437 -1.53503
-1.88857 -0.997851
-1.87524 -1.93859
-1.69973 -0.646095
-1.51224 -3.05975
-1.91622 -0.219048
-1.01121 -3.12435
-0.553178 -4.5593
-1.75571 -4.07999
-1.70064 0.41056
0.183543 -3.58447
-2.59694 -0.602659
-1.31712 -2.59723
-1.87099 -2.75795
-1.42487 -0.142304
0.0774173 -3.74938
-2.5674 -1.3089
-1.49244 -2.03799
-2.01122 -1.02775
-1.82945 -1.94451
-1.71754 -0.589713
-1.45176 -3.10029
-2.05433 -0.757147
-1.7136 -2.48621
-1.62283 -0.134864
-0.118841 -2.97559
-2.38833 -3.26921
-1.04406 -0.451179
-1.10697 -5.47412
-1.21311 -4.05718
-0.362332 -4.05239
-1.99544 -3.91727
-1.18206 0.508178
-1.50345 -5.79394
-0.964316 -3.87995
-1.01482 -4.79694
-1.05135 -4.40255
-0.948575 -4.59981
-1.12243 -4.49034
-0.833608 -4.52194
-1.26858 -4.46082
-0.478724 -4.16249
-1.79289 -4.182
-1.68618 0.454385
0.154581 -3.75563
-2.58256 -0.615961
-1.32418 -2.60874
-1.91188 -2.63996
-1.44235 -0.269549
0.098586 -3.36982
-2.58528 -1.55816
-1.45598 -1.82208
-2.02299 -1.73556
-1.72322 -1.03057
-1.90958 -2.08025
-1.63769 -0.592893
-1.22689 -3.21728
-0.552654 -3.32459
-1.7391 -4.66711
-2.13275 -1.85183
-1.66076 -1.12662
-1.93163 -2.04609
-1.64305 -0.648402
-1.36366 -3.1777
-2.00174 -2.37988
-1.50608 -0.560208
-0.490706 -3.08658
-1.86443 -4.60497
-1.9585 0.089089
-0.374794 -2.89922
-2.05633 -4.33362
-1.27746 0.753821
-1.42731 -5.83
-1.10997 -3.90795
-0.587524 -4.45628
-1.64914 -4.22044
-2.09989 -0.64389
-1.60592 -2.70143
-1.72271 -0.0436961
-0.228428 -2.94133
-2.24631 -3.80978
-0.984712 0.200807
-1.89772 -5.62955
-1.0224 -3.64826
-0.752939 -4.68614
-1.41003 -4.29811
-0.529744 -3.4191
-1.75385 -4.59396
-2.15221 -1.06344
-1.75801 -2.06143
-1.71927 -0.442681
-1.15604 -3.1969
-0.183542 -3.52801
-2.26325 -3.46403
-1.04673 -0.181191
-1.34379 -5.62998
-0.96851 -3.97661
-1.02774 -4.77133
-1.03176 -4.42163
-0.986919 -4.59922
-1.07183 -4.5069
-0.932787 -4.55346
-1.14114 -4.50899
-0.801523 -4.49708
-1.31042 -4.44875
-0.381381 -3.96765
-1.94698 -4.03553
-1.27851 0.606355
-1.25467 -5.73857
-1.26103 -3.95946
-0.256878 -3.63267
-2.14509 -3.76115
-1.05073 0.23051
-1.70422 -5.72535
-0.793811 -3.74776
-1.34641 -4.82619
-0.534247 -4.12146
-1.69133 -4.31618
-2.08145 -0.484043
-1.45645 -2.91982
-2.02373 -0.64623
-1.65172 -2.67661
-1.65395 -0.0207663
-0.0201387 -2.98707
-2.50415 -2.64928
-1.20429 -1.01378
-0.00263244 -3.73295
-2.51387 -2.02898
-1.41736 -1.4632
-1.72058 -2.93979
-1.51503 0.112266
0.0982984 -3.78707
-2.57375 -1.06503
-1.47183 -2.25068
-2.0131 -0.900156
-1.79999 -2.18682
-1.64903 -0.386334
-0.775029 -3.14697
-1.3831 -5.03644
-0.58315 -4.09497
-1.6134 -4.40963
-2.0382 -2.4105
-1.48731 -0.604473
-0.483312 -3.09018
-1.8736 -4.58746
-1.91422 0.196315
-0.11907 -2.85428
-2.40356 -3.27182
-1.03366 -0.453925
-1.1518 -5.49991
-1.15305 -4.05076
-0.535032 -4.35583
-1.72442 -4.18552
-1.87971 0.163692
-0.134653 -2.86953
-2.38181 -3.35784
-1.01693 -0.360987
-1.30756 -5.58672
-0.978081 -4.00044
-1.01117 -4.75911
-1.05219 -4.42355
-0.951262 -4.59207
-1.11859 -4.49613
-0.843107 -4.5247
-1.2562 -4.46659
-0.512059 -4.2137
-1.73954 -4.22445
-1.87319 0.186962
-0.0854507 -2.87115
-2.44231 -3.07726
-1.08128 -0.6472
-0.751545 -5.15322
-1.70488 -3.94749
-1.7416 0.326809
0.18892 -3.2433
-2.62374 -0.889286
-1.40948 -2.34258
-2.06081 -1.43247
-1.78786 -1.40486
-1.90031 -1.18429
-1.88183 -1.5733
-1.81577 -0.993826
-1.89376 -1.99013
-1.67486 -0.632375
-1.42773 -3.13286
-2.09087 -1.11097
-1.79781 -1.90125
-1.7491 -0.597858
-1.5237 -3.02726
-1.88504 -0.157258
-0.839063 -3.09637
-1.20798 -5.05366
-0.841635 -4.26837
-1.25999 -4.60944
-0.58782 -4.2721
-1.61474 -4.3266
-2.12201 -1.83026
-1.67 -1.12458
-1.93329 -2.01402
-1.65389 -0.67267
-1.4445 -3.1305
-2.07055 -0.869914
-1.75806 -2.29156
-1.64235 -0.281849
-0.49135 -3.04398
-1.8718 -4.61578
-1.95386 0.105036
-0.33727 -2.8878
-2.1087 -4.21721
-1.14722 0.689979
-1.80121 -5.79447
-0.928354 -3.717
-1.0674 -4.86002
-0.990535 -4.37967
-1.04988 -4.62042
-0.985383 -4.50744
-1.06814 -4.55631
-0.947969 -4.53496
-1.12062 -4.52718
-0.848323 -4.51564
-1.24913 -4.47579
-0.53493 -4.24436
-1.70284 -4.25183
-2.00062 -0.141195
-0.898706 -3.0739
-1.00308 -4.982
-1.09826 -4.28812
-0.815807 -4.57836
-1.29585 -4.41423
-0.389277 -4.00051
-1.93632 -4.0403
-1.29658 0.609653
-1.19048 -5.70671
-1.34517 -3.9626
-0.611132 -3.39186
-1.64973 -4.74645
-1.42418 -3.48071
-2.09119 -1.84748
-1.6723 -1.05672
-1.90655 -2.18661
-1.60088 -0.520758
-0.897859 -3.1986
-1.03494 -4.97308
-1.05239 -4.30453
-0.923814 -4.62857
-1.15577 -4.46018
-0.751013 -4.47896
-1.37975 -4.41319
-0.32828 -3.58639
-2.02672 -4.04936
-1.17815 0.590442
-1.60201 -5.8151
-0.915877 -3.82673
-1.11842 -4.83685
-0.918253 -4.39503
-1.15689 -4.59004
-0.79753 -4.46524
-1.31468 -4.46334
-0.381921 -3.9632
-1.94549 -4.0398
-1.28243 0.608747
-1.24277 -5.73339
-1.27685 -3.9606
-0.271254 -3.54433
-2.12105 -3.85959
-1.06318 0.352483
-1.76961 -5.73105
-0.834933 -3.71006
-1.27404 -4.86849
-0.684168 -4.27537
-1.46691 -4.45266
-0.643429 -3.44049
-1.59818 -4.77905
-0.873221 -3.50725
-1.17015 -4.94048
-0.86626 -4.33401
-1.22627 -4.59169
-0.653262 -4.35047
-1.51634 -4.37575
-1.33516 -3.48368
-1.47313 -3.37224
-2.07055 -0.760606
-1.70598 -2.48962
-1.62984 -0.129892
-0.130725 -2.97155
-2.37342 -3.33533
-1.02962 -0.380327
-1.23547 -5.55428
-1.0596 -4.02597
-0.808839 -4.64642
-1.31335 -4.36959
-0.335212 -3.86077
-2.02051 -3.94458
-1.15979 0.512586
-1.58782 -5.79925
-0.902889 -3.83393
-1.14777 -4.83658
-0.876351 -4.38937
-1.21248 -4.56797
-0.672192 -4.37678
-1.48917 -4.38476
-1.01443 -3.49665
-0.710001 -4.675
-1.48312 -4.25987
-1.33236 -3.47674
-1.45153 -3.38352
-2.10174 -1.09808
-1.79104 -1.93699
-1.7407 -0.562865
-1.44995 -3.0921
-2.0562 -0.773788
-1.72197 -2.45676
-1.62279 -0.15643
-0.156333 -2.97345
-2.33937 -3.47095
-1.00508 -0.226272
-1.47329 -5.65015
-0.831209 -3.91246
-1.28355 -4.78009
-0.6277 -4.2572
-1.54962 -4.39174
-1.62882 -3.31343
-1.6745 0.216255
0.166183 -3.25401
-2.61828 -1.07385
-1.44146 -2.19796
-2.04511 -1.2388
-1.81921 -1.63879
-1.82396 -0.870561
-1.84634 -2.27695
-1.59321 -0.382334
-0.520383 -3.06973
-1.82771 -4.67395
-2.11053 -0.533483
-1.49496 -2.86017
-1.9396 -0.344814
-1.27435 -3.09839
-1.2538 -3.42314
-0.590175 -3.34634
-1.68522 -4.7272
-1.78076 -3.14763
-1.41429 0.185326
-0.21561 -4.56873
-2.42916 -2.15492
-1.44363 -1.32465
-1.67754 -2.99034
-1.57053 0.143953
0.146367 -3.55511
-2.5957 -0.960734
-1.43995 -2.31962
-2.04401 -1.10724
-1.82104 -1.84394
-1.75636 -0.665943
-1.6337 -2.88976
-1.65233 0.0771877
0.095318 -3.09072
-2.5961 -1.75219
-1.40897 -1.66908
-1.87516 -2.60303
-1.47047 -0.235238
0.09339 -3.28436
-2.58535 -1.66535
-1.43804 -1.73812
-1.98373 -2.11468
-1.60536 -0.68676
-1.30559 -3.21155
-1.50976 -3.33249
-1.97976 -0.324504
-1.24858 -3.08931
-0.932025 -3.40371
-0.973067 -4.89729
-1.12122 -4.32566
-0.775417 -4.53901
-1.34956 -4.40222
-0.315369 -3.71498
-2.0474 -3.95075
-1.13331 0.498758
-1.66657 -5.7896
-0.862225 -3.78504
-1.2256 -4.84959
-0.75902 -4.33683
-1.36477 -4.49929
-0.334521 -3.76416
-2.01585 -3.99357
-1.17547 0.553945
-1.57434 -5.80786
-0.922878 -3.84204
-1.10522 -4.83021
-0.935467 -4.39934
-1.13327 -4.59597
-0.844002 -4.48691
-1.25414 -4.48902
-0.530904 -4.23464
-1.70863 -4.24969
-1.98329 -0.0842916
-0.769508 -3.04207
-1.39528 -5.06542
-0.579704 -4.07584
-1.61864 -4.41362
-2.05441 -2.33286
-1.51241 -0.676192
-0.802442 -3.19633
-1.31804 -5.03242
-0.678879 -4.19637
-1.47489 -4.48742
-0.631562 -3.44293
-1.61436 -4.7601
-1.05977 -3.52999
-0.550183 -4.4839
-1.73229 -4.13059
-1.80778 0.280319
0.11746 -3.0014
-2.61482 -1.60409
-1.41823 -1.77308
-1.96149 -2.26887
-1.55553 -0.557168
-0.757822 -3.16847
-1.42229 -5.018
-0.517837 -4.00575
-1.7139 -4.34304
-2.05313 -0.325673
-1.24463 -3.0587
-0.9129 -3.39797
-1.03406 -4.92882
-1.04489 -4.33056
-0.945338 -4.62645
-1.12789 -4.47318
-0.816728 -4.51868
-1.29089 -4.44916
-0.420744 -4.05846
-1.88546 -4.09717
-1.41278 0.615329
-0.758158 -5.37143
-1.94939 -3.58297
-1.20821 0.291909
-1.16527 -5.6336
-1.28877 -3.9943
-0.284049 -3.52126
-2.10088 -3.91782
-1.0813 0.427044
-1.77555 -5.74522
-0.853284 -3.71172
-1.23827 -4.87481
-0.746534 -4.31805
-1.3815 -4.49716
-0.32905 -3.6826
-2.02368 -4.01297
-1.17148 0.564501
-1.59905 -5.80976
-0.910323 -3.82805
-1.13091 -4.83762
-0.900807 -4.3929
-1.18034 -4.58153
-0.747275 -4.43527
-1.38242 -4.43378
-0.328383 -3.59965
-2.02609 -4.04469
-1.1775 0.58726
-1.60106 -5.81447
-0.915529 -3.82723
-1.11928 -4.83678
-0.917048 -4.39498
-1.15853 -4.58944
-0.794127 -4.46346
-1.31919 -4.46138
-0.372924 -3.9396
-1.95946 -4.02538
-1.25663 0.598507
-1.32744 -5.7677
-1.17016 -3.94572
-0.413743 -4.18661
-1.92274 -3.99155
-1.29822 0.58661
-1.15661 -5.68317
-1.38342 -3.96323
-1.01115 -3.46859
-0.7094 -4.6797
-1.48577 -4.25639
-1.37274 -3.46476
-1.86837 -2.85718
-1.39819 -0.0818603
-0.0110752 -4.06953
-2.52823 -1.54026
-1.51064 -1.84667
-2.01328 -1.21551
-1.8342 -1.62973
-1.81952 -0.890069
-1.85597 -2.23537
-1.60322 -0.420132
-0.658383 -3.11843
-1.61566 -4.91584
-0.688284 -3.49846
-1.52674 -4.8195
-0.452271 -3.53409
-1.84222 -4.39949
-1.77137 0.406844
0.208889 -3.31214
-2.62024 -0.668005
-1.34411 -2.51661
-1.99018 -2.31226
-1.53305 -0.579323
-0.687905 -3.15024
-1.56136 -4.94799
-0.464644 -3.56509
-1.82094 -4.41614
-1.84691 0.287921
0.0892576 -2.94633
-2.60203 -1.84293
-1.38088 -1.60014
-1.68171 -3.02203
-1.56133 0.159402
0.135526 -3.64043
-2.58885 -0.948346
-1.44133 -2.33804
-2.04225 -1.07379
-1.81953 -1.89808
-1.73856 -0.618049
-1.53912 -3.01672
-1.84755 -0.0877869
-0.617324 -3.02948
-1.69422 -4.87551
-1.37227 -3.51077
-1.81329 -2.98165
-1.40843 0.0599956
-0.104047 -4.32677
-2.48725 -1.80091
-1.49948 -1.62327
-2.00612 -1.77037
-1.7168 -0.972709
-1.88215 -2.25181
-1.58656 -0.445811
-0.642407 -3.1174
-1.642 -4.89093
-0.906291 -3.52343
-1.08396 -4.91712
-0.977503 -4.34957
-1.06782 -4.63314
-0.960316 -4.50052
-1.10266 -4.55169
-0.888075 -4.52209
-1.198 -4.50029
-0.672029 -4.3983
-1.49143 -4.37293
-1.07388 -3.50191
-0.479576 -4.38908
-1.84657 -4.02971
-1.45124 0.576741
-0.567327 -5.15492
-2.17218 -3.13143
-1.19248 -0.365337
-0.496201 -4.89697
-2.10791 -3.39286
-1.13781 -0.0694847
-1.0631 -5.50775
-1.34579 -4.02687
-0.510684 -3.39037
-1.7837 -4.56611
-2.09737 -0.489716
-1.4541 -2.9123
-2.02747 -0.669093
-1.66838 -2.63639
-1.63881 -0.0393104
-0.0129408 -2.99852
-2.51075 -2.59764
-1.21896 -1.05412
0.0157956 -3.5531
-2.52392 -2.0823
-1.3922 -1.4279
-1.5298 -3.17832
-1.8918 -0.126824
-0.778211 -3.07494
-1.37415 -5.06003
-0.607526 -4.11293
-1.5772 -4.43664
-1.74974 -3.16876
-1.45102 0.216841
-0.132419 -4.42217
-2.47882 -1.81054
-1.504 -1.6117
-2.00558 -1.75935
-1.72038 -0.981164
-1.88764 -2.21827
-1.5963 -0.473915
-0.75922 -3.15696
-1.41931 -5.02284
-0.524412 -4.01466
-1.70357 -4.35082
-2.0821 -0.475687
-1.44597 -2.92924
-2.04344 -0.756922
-1.71966 -2.48068
-1.61826 -0.14092
-0.115787 -2.97792
-2.39199 -3.25183
-1.04813 -0.469328
-1.07176 -5.44892
-1.25829 -4.06127
-0.278764 -3.78075
-2.1149 -3.77296
-1.06977 0.272183
-1.6751 -5.74055
-0.806003 -3.77097
-1.32593 -4.82549
-0.571034 -4.17297
-1.6343 -4.35208
-2.13891 -1.60294
-1.72567 -1.35484
-1.93896 -1.32954
-1.85042 -1.3687
-1.87877 -1.2442
-1.88573 -1.45833
-1.84459 -1.13871
-1.904 -1.65227
-1.78407 -0.932808
-1.87531 -2.18681
-1.61215 -0.476113
-0.839323 -3.17852
-1.21701 -5.03483
-0.82448 -4.2742
-1.28207 -4.59262
-0.528983 -4.19914
-1.70731 -4.26571
-2.00131 -0.139747
-0.895952 -3.07299
-1.01306 -4.98763
-1.08569 -4.2885
-0.84566 -4.59659
-1.2564 -4.42692
-0.486568 -4.1857
-1.78199 -4.18618
-1.71897 0.418088
0.1938 -3.52752
-2.60175 -0.583157
-1.30749 -2.60285
-1.8075 -2.90899
-1.42906 0.0251735
-0.0158625 -4.11323
-2.52788 -1.49187
-1.51616 -1.88823
-2.00549 -1.10584
-1.83888 -1.79983
-1.76271 -0.721364
-1.70767 -2.75638
-1.56368 0.0206397
0.136783 -3.31902
-2.60513 -1.27487
-1.46028 -2.04249
-2.03618 -1.2841
-1.81902 -1.56
-1.84712 -0.964757
-1.87951 -2.02872
-1.66645 -0.585963
-1.31083 -3.18883
-1.59257 -3.26474
-1.75132 0.126023
0.00237392 -2.94684
-2.53054 -2.49667
-1.24018 -1.13203
-0.018689 -3.30867
-2.48853 -2.53425
-1.26279 -1.09563
-0.0554862 -3.22238
-2.44859 -2.83103
-1.17537 -0.856913
-0.149956 -4.22932
-2.41841 -2.42985
-1.35388 -1.12861
-0.664027 -3.20005
-1.5969 -4.89692
-0.625057 -3.49451
-1.61607 -4.73055
-1.16923 -3.53109
-0.21677 -3.74441
-2.21991 -3.50556
-1.05632 -0.100403
-1.37961 -5.65475
-0.944934 -3.95731
-1.07643 -4.78791
-0.968759 -4.42134
-1.08663 -4.59642
-0.924825 -4.51292
-1.15036 -4.5279
-0.789141 -4.48273
-1.32661 -4.44615
-0.353178 -3.88589
-1.99024 -3.99196
-1.20537 0.56605
-1.48 -5.80233
-1.00111 -3.89053
-0.921108 -4.75292
-1.16948 -4.38484
-0.683135 -4.44369
-1.479 -4.36118
-0.978361 -3.49008
-0.841696 -4.79259
-1.29141 -4.31058
-0.339844 -3.90515
-2.0164 -3.93477
-1.16238 0.507528
-1.57355 -5.79828
-0.9107 -3.84215
-1.13214 -4.83298
-0.898205 -4.39494
-1.1838 -4.57886
-0.738994 -4.43006
-1.39388 -4.42848
-0.345814 -3.54657
-2.00068 -4.11911
-1.23637 0.644981
-1.45341 -5.81351
-1.04933 -3.90078
-0.782889 -4.65683
-1.35448 -4.342
-0.310876 -3.6136
-2.05453 -3.97967
-1.13127 0.518617
-1.69259 -5.78915
-0.861434 -3.76919
-1.22606 -4.85545
-0.76015 -4.33488
-1.3633 -4.50145
-0.336226 -3.77391
-2.01326 -3.99452
-1.17867 0.556102
-1.56524 -5.80816
-0.929666 -3.84713
-1.09067 -4.82632
-0.954759 -4.40132
-1.10593 -4.60242
-0.89386 -4.50267
-1.19023 -4.51528
-0.697189 -4.41689
-1.45436 -4.39175
-0.674235 -3.43846
-1.55407 -4.82426
-0.534614 -3.49384
-1.73574 -4.57821
-2.15564 -1.25426
-1.76704 -1.78933
-1.80514 -0.686798
-1.6997 -2.74426
-1.57594 0.0167546
0.129445 -3.25782
-2.60528 -1.38155
-1.4556 -1.95428
-2.03637 -1.48021
-1.78668 -1.30881
-1.9166 -1.35011
-1.85545 -1.3164
-1.88577 -1.32881
-1.87132 -1.32387
-1.87801 -1.32332
-1.87537 -1.32774
-1.87571 -1.31935
-1.87695 -1.33275
-1.87423 -1.31241
-1.87866 -1.34301
-1.87175 -1.29756
-1.88191 -1.36581
-1.86622 -1.26526
-1.88843 -1.41763
-1.8529 -1.1959
-1.89977 -1.53978
-1.81821 -1.05095
-1.90509 -1.85554
-1.71764 -0.749948
-1.69318 -2.81278
-1.5714 0.0547752
0.143979 -3.35275
-2.60592 -1.18616
-1.45861 -2.1164
-2.0353 -1.18638
-1.82599 -1.70465
-1.80007 -0.803317
-1.80237 -2.4805
-1.55047 -0.209781
-0.028845 -3.03809
-2.49063 -2.70085
-1.19518 -0.971504
-0.0322971 -3.87671
-2.49638 -2.07533
-1.41836 -1.42327
-1.67791 -3.00431
-1.56876 0.150568
0.143954 -3.57993
-2.59382 -0.951858
-1.43924 -2.32936
-2.04443 -1.10405
-1.82066 -1.84978
-1.75455 -0.66047
-1.62421 -2.90473
-1.66799 0.0753477
0.0721436 -3.04791
-2.58304 -1.95191
-1.37236 -1.52523
-1.53288 -3.18604
-1.88553 -0.111016
-0.733126 -3.06129
-1.47876 -5.03118
-0.45988 -3.86469
-1.80652 -4.29087
-1.75197 0.404294
0.206442 -3.37192
-2.61515 -0.63666
-1.33191 -2.54653
-1.94522 -2.5147
-1.47291 -0.391879
-0.0418511 -3.07506
-2.47329 -2.78166
-1.17668 -0.904096
-0.117288 -4.14281
-2.44091 -2.33021
-1.37542 -1.21328
-1.01801 -3.29637
-0.600214 -4.58954
-1.66832 -4.15475
-2.00882 -0.197469
-1.01524 -3.09199
-0.522202 -4.52295
-1.80731 -4.03367
-1.53858 0.534641
-0.225866 -4.66687
-2.44635 -1.94372
-1.49511 -1.48968
-1.96224 -2.14099
-1.60112 -0.635247
-1.17401 -3.23398
-0.214849 -3.44177
-2.21433 -3.6569
-1.02498 0.0577249
-1.64379 -5.7021
-0.770201 -3.78801
-1.3815 -4.78748
-0.45261 -3.99225
-1.82168 -4.21434
-1.64021 0.510129
0.0481887 -4.10992
-2.55138 -0.909938
-1.45168 -2.41026
-2.02774 -0.905267
-1.79414 -2.18849
-1.652 -0.379598
-0.770261 -3.14448
-1.39424 -5.03442
-0.565852 -4.07282
-1.63957 -4.39342
-2.1294 -1.77183
-1.68509 -1.18509
-1.94946 -1.80381
-1.72122 -0.855452
-1.8048 -2.54581
-1.52864 -0.175327
0.056605 -3.13346
-2.56622 -2.04361
-1.36311 -1.46059
-1.36633 -3.28301
-1.96716 -2.53999
-1.4576 -0.413404
-0.0227307 -3.09792
-2.49307 -2.64543
-1.21529 -1.0145
0.0117847 -3.64019
-2.52269 -2.02205
-1.41155 -1.47082
-1.7005 -2.97525
-1.53753 0.136358
0.117748 -3.71591
-2.58139 -1.00005
-1.45615 -2.3011
-2.02813 -0.973711
-1.81184 -2.06047
-1.68609 -0.485012
-1.15228 -3.20768
-0.179827 -3.56277
-2.26992 -3.42562
-1.05489 -0.22432
-1.269 -5.59513
-1.04617 -4.00656
-0.838732 -4.67257
-1.2735 -4.37768
-0.414703 -4.06959
-1.89834 -4.07344
-1.37563 0.616211
-0.898543 -5.50193
-1.75659 -3.8037
-1.53103 0.464519
-0.166504 -4.54726
-2.4731 -1.76578
-1.51828 -1.64422
-2.01136 -1.57054
-1.77305 -1.16931
-1.92901 -1.64273
-1.77834 -0.974015
-1.89175 -2.09434
-1.63874 -0.55814
-1.15215 -3.22274
-0.180158 -3.5758
-2.26981 -3.42002
-1.05666 -0.229622
-1.25643 -5.58889
-1.06024 -4.01084
-0.800306 -4.64387
-1.32566 -4.36409
-0.318716 -3.78901
-2.04472 -3.92526
-1.13211 0.47878
-1.65146 -5.78755
-0.862092 -3.79408
-1.22645 -4.84604
-0.756461 -4.33688
-1.36815 -4.49676
-0.331848 -3.74481
-2.01984 -3.9939
-1.17103 0.551947
-1.58793 -5.80741
-0.913559 -3.8343
-1.12474 -4.83501
-0.909073 -4.39519
-1.16931 -4.58502
-0.771154 -4.45066
-1.3499 -4.44792
-0.327936 -3.77198
-2.02763 -3.96702
-1.15654 0.525937
-1.6126 -5.8011
-0.892155 -3.8194
-1.16855 -4.84183
-0.84669 -4.37929
-1.25086 -4.55219
-0.576226 -4.27614
-1.63481 -4.30615
-2.14463 -1.30882
-1.76975 -1.69914
-1.83238 -0.784518
-1.79468 -2.47355
-1.55782 -0.20537
-0.0426074 -3.02703
-2.47616 -2.7956
-1.16878 -0.893766
-0.15146 -4.2254
-2.41551 -2.45037
-1.34802 -1.11239
-0.584728 -3.17399
-1.7203 -4.77307
-1.88938 -2.94162
-1.36302 -0.0622575
-0.129595 -4.35149
-2.46837 -1.97148
-1.47121 -1.4838
-1.91998 -2.38035
-1.52789 -0.427243
-0.315392 -3.02795
-2.11166 -4.13454
-1.11296 0.622005
-1.84758 -5.75749
-0.957505 -3.69144
-0.980695 -4.83412
-1.1005 -4.36679
-0.839321 -4.56774
-1.2631 -4.43883
-0.477889 -4.16783
-1.79525 -4.17696
-1.67561 0.464246
0.136785 -3.82806
-2.57656 -0.656398
-1.34481 -2.58857
-1.99947 -2.27945
-1.54282 -0.613769
-0.827443 -3.19524
-1.25228 -5.03394
-0.775259 -4.2566
-1.34587 -4.55846
-0.382119 -3.92215
-1.94115 -4.06359
-1.29906 0.620649
-1.19425 -5.71089
-1.34363 -3.96146
-0.599804 -3.39022
-1.6654 -4.72834
-1.62197 -3.3474
-1.69686 0.207641
0.150489 -3.16279
-2.61917 -1.26355
-1.44784 -2.03984
-2.04121 -1.40984
-1.79897 -1.40063
-1.89576 -1.18836
-1.88341 -1.56383
-1.81783 -1.00626
-1.89643 -1.95867
-1.68497 -0.658815
-1.50097 -3.07586
-1.94541 -0.292613
-1.18013 -3.11622
-0.272229 -3.34985
-2.13025 -3.92681
-1.05859 0.412535
-1.83682 -5.71473
-0.907992 -3.6796
-1.11146 -4.88125
-0.935204 -4.37196
-1.13278 -4.61031
-0.848789 -4.48323
-1.2479 -4.49479
-0.549447 -4.25877
-1.67908 -4.27033
-2.07344 -0.453495
-1.42267 -2.95443
-2.07827 -1.05459
-1.79901 -1.97606
-1.72259 -0.537227
-1.36433 -3.14823
-2.01434 -2.31335
-1.52742 -0.619252
-0.752918 -3.17514
-1.43284 -5.01186
-0.500654 -3.9769
-1.74102 -4.32406
-1.96666 -0.0134858
-0.602858 -2.9855
-1.72364 -4.86177
-1.65547 -3.32605
-1.61771 0.259452
0.157703 -3.5933
-2.59507 -0.815352
-1.40311 -2.44165
-2.06623 -1.42342
-1.78755 -1.4247
-1.89641 -1.15269
-1.88445 -1.62923
-1.79834 -0.934704
-1.87617 -2.15717
-1.62229 -0.495967
-0.934395 -3.20147
-0.902606 -4.89411
-1.22297 -4.29131
-0.485393 -4.22237
-1.79059 -4.16145
-1.67456 0.461019
0.137212 -3.82471
-2.57683 -0.658187
-1.34564 -2.58692
-2.00207 -2.26502
-1.54746 -0.626528
-0.884721 -3.21081
-1.08197 -4.99099
-0.993614 -4.30618
-1.03608 -4.65241
-1.00871 -4.48987
-1.03256 -4.56962
-1.00511 -4.53212
-1.04171 -4.54788
-0.98867 -4.54264
-1.06583 -4.53849
-0.948734 -4.54301
-1.11991 -4.52298
-0.848487 -4.5173
-1.24896 -4.47495
-0.53483 -4.24447
-1.70303 -4.25158
-1.99988 -0.138723
-0.893292 -3.07284
-1.02279 -4.99282
-1.07346 -4.28886
-0.873729 -4.61174
-1.21999 -4.43827
-0.584723 -4.32115
-1.62625 -4.29504
-2.14342 -1.40353
-1.76052 -1.57905
-1.87331 -0.934018
-1.86414 -2.08348
-1.65317 -0.528368
-1.13801 -3.2183
-0.18008 -3.67948
-2.2756 -3.35303
-1.07513 -0.297989
-1.10968 -5.50044
-1.23628 -4.04561
-0.304465 -3.89826
-2.08069 -3.80418
-1.09348 0.336516
-1.65104 -5.75792
-0.827399 -3.79016
-1.28967 -4.83161
-0.64055 -4.25031
-1.52983 -4.41227
-1.36242 -3.47847
-1.76778 -3.062
-1.44013 0.148453
-0.0956099 -4.33075
-2.49459 -1.71285
-1.51187 -1.69646
-2.0153 -1.50431
-1.78814 -1.24766
-1.92202 -1.46477
-1.82919 -1.16646
-1.90967 -1.60156
-1.79716 -0.992667
-1.89636 -2.01711
-1.66446 -0.616886
-1.36794 -3.16806
-2.02237 -2.27498
-1.53965 -0.655011
-0.910765 -3.22012
-0.99504 -4.94814
-1.10146 -4.30491
-0.814637 -4.57247
-1.297 -4.41666
-0.388422 -3.99756
-1.93754 -4.03946
-1.29436 0.60919
-1.19831 -5.71085
-1.33466 -3.96276
-0.52498 -3.38411
-1.76582 -4.59599
-2.14333 -0.893711
-1.72053 -2.32271
-1.6641 -0.239843
-0.475092 -3.03134
-1.89602 -4.5808
-1.84989 0.328682
0.130232 -2.98595
-2.62242 -1.5051
-1.42546 -1.84461
-2.00116 -2.02937
-1.63153 -0.77096
-1.55377 -3.0499
-1.81581 -0.0254312
-0.410997 -2.96028
-1.99562 -4.43036
-1.45601 0.721186
-0.739838 -5.37432
-2.00095 -3.48806
-1.17727 0.154092
-1.13766 -5.5932
-1.29215 -4.00759
-0.286833 -3.51934
-2.09645 -3.92896
-1.08593 0.441323
-1.77305 -5.74931
-0.854951 -3.71419
-1.23508 -4.87436
-0.75157 -4.32133
-1.37479 -4.50041
-0.330284 -3.71795
-2.02191 -4.00125
-1.1705 0.556447
-1.59435 -5.80822
-0.910875 -3.83065
-1.13009 -4.83668
-0.901807 -4.39351
-1.17901 -4.58179
-0.750122 -4.43725
-1.37851 -4.43546
-0.324791 -3.61894
-2.03144 -4.02525
-1.16594 0.569849
-1.62369 -5.80958
-0.898441 -3.81365
-1.15463 -4.84374
-0.867792 -4.38393
-1.22363 -4.5651
-0.645769 -4.35154
-1.52828 -4.36565
-1.49442 -3.4167
-2.04097 -0.558069
-1.56054 -2.82286
-1.79732 -0.074154
-0.481743 -2.99229
-1.89487 -4.60414
-1.8826 0.270946
0.0326016 -2.89125
-2.56333 -2.28312
-1.28684 -1.28874
-0.397904 -3.14348
-1.97777 -4.36654
-1.4311 0.710404
-0.815076 -5.44548
-1.89951 -3.64226
-1.25925 0.384185
-1.06618 -5.58821
-1.45012 -3.97424
-1.74142 -3.14325
-1.46418 0.207672
-0.0847476 -4.32293
-2.50159 -1.63219
-1.52024 -1.76519
-2.01219 -1.30285
-1.82637 -1.49869
-1.8601 -1.04759
-1.89236 -1.83757
-1.72818 -0.748007
-1.70366 -2.78646
-1.56266 0.0381736
0.141603 -3.35936
-2.60478 -1.20086
-1.46004 -2.105
-2.03468 -1.19004
-1.82615 -1.69807
-1.80208 -0.810284
-1.80787 -2.45968
-1.55348 -0.227978
-0.0621918 -3.02101
-2.45396 -2.92434
-1.13376 -0.782896
-0.379844 -4.66423
-2.20233 -3.2043
-1.15639 -0.347751
-0.681884 -5.12484
-1.8571 -3.78973
-1.33787 0.495933
-0.890637 -5.47229
-1.7337 -3.8339
-1.59822 0.433731
0.0302008 -4.12685
-2.54717 -1.03756
-1.48468 -2.29698
-1.99108 -0.756419
-1.74549 -2.46102
-1.59985 -0.168233
-0.106949 -2.98726
-2.40222 -3.20058
-1.06072 -0.521779
-0.964952 -5.36413
-1.40231 -4.05775
-0.986287 -3.47095
-0.804952 -4.76699
-1.34419 -4.29741
-0.305149 -3.60724
-2.06411 -3.96196
-1.11891 0.496451
-1.71347 -5.77968
-0.854004 -3.75475
-1.23963 -4.85869
-0.738828 -4.3203
-1.39176 -4.48816
-0.332454 -3.62536
-2.01869 -4.04803
-1.18725 0.593013
-1.57287 -5.81595
-0.93488 -3.84316
-1.07782 -4.82515
-0.971911 -4.40097
-1.08061 -4.60745
-0.936491 -4.51001
-1.13498 -4.53569
-0.822889 -4.49967
-1.282 -4.46504
-0.450313 -4.11118
-1.83791 -4.14392
-1.54403 0.566159
-0.247385 -4.70971
-2.4365 -2.00243
-1.48559 -1.4389
-1.92091 -2.35942
-1.53494 -0.440578
-0.376728 -3.04088
-2.02552 -4.32385
-1.3162 0.739066
-1.27161 -5.7726
-1.28287 -3.94616
-0.286912 -3.49858
-2.0972 -3.93664
-1.08603 0.448073
-1.77877 -5.74865
-0.859487 -3.71133
-1.22563 -4.87653
-0.767491 -4.32949
-1.35374 -4.51146
-0.348794 -3.83194
-1.99411 -4.00683
-1.20481 0.574636
-1.49117 -5.80574
-0.993592 -3.88517
-0.939962 -4.76411
-1.14561 -4.38867
-0.74374 -4.49568
-1.39176 -4.39685
-0.354169 -3.52054
-1.98943 -4.15292
-1.26782 0.664026
-1.36074 -5.79247
-1.15232 -3.93315
-0.461926 -4.27295
-1.84777 -4.06939
-1.47194 0.582025
-0.501224 -5.07481
-2.24162 -2.92107
-1.24607 -0.608989
-0.0691405 -4.08653
-2.48408 -2.02651
-1.44312 -1.45247
-1.81745 -2.72767
-1.46698 -0.0883344
0.109926 -3.60331
-2.58339 -1.22087
-1.47824 -2.10515
-2.01893 -1.03632
-1.82688 -1.93699
-1.72141 -0.59313
-1.4659 -3.0885
-2.02581 -0.593955
-1.60369 -2.76623
-1.71828 -0.0135298
-0.159088 -2.93534
-2.34084 -3.48623
-0.999714 -0.21088
-1.50761 -5.65607
-0.804404 -3.88992
-1.32551 -4.77068
-0.542178 -4.155
-1.68042 -4.31307
-2.10059 -0.611965
-1.57819 -2.75039
-1.76738 -0.0647292
-0.388291 -2.96819
-2.02426 -4.3661
-1.35009 0.747192
-1.15799 -5.71541
-1.43392 -3.94065
-1.65679 -3.25073
-1.60632 0.238896
0.153638 -3.59958
-2.59417 -0.842832
-1.41182 -2.42043
-2.06326 -1.32755
-1.80316 -1.54173
-1.86007 -0.983288
-1.88092 -1.97867
-1.68355 -0.623519
-1.43402 -3.12559
-2.0837 -1.01033
-1.78927 -2.05761
-1.70005 -0.466918
-1.15482 -3.20314
-0.182054 -3.54121
-2.26585 -3.44928
-1.04977 -0.197855
-1.31552 -5.61761
-0.996972 -3.98871
-0.962888 -4.74552
-1.11361 -4.4115
-0.825979 -4.54519
-1.27975 -4.44143
-0.440534 -4.10042
-1.85453 -4.12529
-1.49367 0.59036
-0.437698 -4.99398
-2.30189 -2.69872
-1.31024 -0.833305
-0.00506293 -3.24167
-2.50491 -2.46732
-1.27465 -1.14908
-0.148014 -3.14919
-2.33139 -3.40741
-1.02922 -0.287066
-1.32073 -5.604
-0.975552 -3.99133
-1.01488 -4.76308
-1.04774 -4.42247
-0.959063 -4.59422
-1.1085 -4.49856
-0.863598 -4.53341
-1.22979 -4.47678
-0.582872 -4.30754
-1.6275 -4.29963
-2.14353 -1.40722
-1.75998 -1.57485
-1.87478 -0.939855
-1.86552 -2.06965
-1.65749 -0.53951
-1.17929 -3.21566
-0.236009 -3.40257
-2.1827 -3.76517
-1.02707 0.199836
-1.75885 -5.70189
-0.800608 -3.7065
-1.33583 -4.84913
-0.56553 -4.1562
-1.64225 -4.35177
-2.14472 -1.4468
-1.75375 -1.53072
-1.89002 -1.00441
-1.87595 -1.92447
-1.70438 -0.657782
-1.54117 -3.03019
-1.84382 -0.077084
-0.58537 -3.0181
-1.74501 -4.81952
-1.91757 -2.87891
-1.3655 -0.141401
-0.0524038 -4.15977
-2.50724 -1.72433
-1.49916 -1.69131
-2.01577 -1.61694
-1.7594 -1.12903
-1.92982 -1.75415
-1.74332 -0.869672
-1.82945 -2.44358
-1.54577 -0.263063
-0.0907625 -3.01567
-2.41966 -3.10243
-1.08699 -0.618013
-0.750061 -5.15606
-1.71169 -3.94063
-1.71817 0.353163
0.1957 -3.38042
-2.61407 -0.719934
-1.36483 -2.48861
-2.04064 -1.97148
-1.64303 -0.87745
-1.73057 -2.78599
-1.53091 0.0254009
0.136369 -3.49241
-2.59652 -1.11834
-1.46181 -2.18313
-2.02931 -1.06564
-1.82509 -1.8967
-1.73625 -0.624229
-1.54512 -3.01158
-1.8331 -0.0647491
-0.536053 -3.00205
-1.81883 -4.72364
-2.15338 -0.952458
-1.73306 -2.23824
-1.67971 -0.301862
-0.683583 -3.10531
-1.5733 -4.95715
-0.485529 -3.54882
-1.79388 -4.465
-1.9738 0.00445029
-0.5695 -2.9698
-1.77678 -4.80103
-2.08697 -2.23838
-1.5405 -0.787161
-1.22565 -3.24936
-0.510905 -3.32132
-1.79495 -4.58723
-2.09445 -0.462921
-1.42337 -2.94171
-2.07646 -1.03959
-1.79798 -1.99892
-1.71525 -0.518492
-1.30901 -3.17221
-1.58971 -3.26627
-1.75857 0.117903
-0.0215478 -2.93406
-2.50742 -2.66473
-1.19528 -1.00235
-0.0221595 -3.82749
-2.50197 -2.06323
-1.41736 -1.43426
-1.68632 -2.99285
-1.55665 0.145961
0.13493 -3.63338
-2.58911 -0.962899
-1.44424 -2.32522
-2.03979 -1.05845
-1.81926 -1.92147
-1.73062 -0.598478
-1.49309 -3.06307
-1.96209 -0.347519
-1.2857 -3.08533
-1.40808 -3.38023
-2.08193 -1.90729
-1.65546 -0.995227
-1.85841 -2.42606
-1.53661 -0.311033
-0.136061 -3.01127
-2.36171 -3.36173
-1.02742 -0.348822
-1.27318 -5.57572
-1.01973 -4.01219
-0.912393 -4.71521
-1.17702 -4.40213
-0.67306 -4.42893
-1.49325 -4.35745
-1.14123 -3.50405
-0.256535 -3.92823
-2.1734 -3.56372
-1.0654 0.00450128
-1.44209 -5.68791
-0.902492 -3.92271
-1.15885 -4.80463
-0.852943 -4.39905
-1.24258 -4.54582
-0.591844 -4.29742
-1.61085 -4.31915
-2.11882 -1.86156
-1.6613 -1.09458
-1.91909 -2.12993
-1.61703 -0.574865
-1.10258 -3.22859
-0.246502 -3.97579
-2.20043 -3.46797
-1.07557 -0.116142
-1.28457 -5.62007
-1.04778 -3.99553
-0.829607 -4.66912
-1.28617 -4.37282
-0.384336 -4.00357
-1.94592 -4.02316
-1.27531 0.599929
-1.2592 -5.73942
-1.25335 -3.95938
-0.256436 -3.67969
-2.14745 -3.73489
-1.05177 0.201549
-1.67482 -5.72596
-0.790865 -3.76852
-1.35055 -4.81466
-0.520477 -4.10506
-1.71323 -4.29931
-2.01632 -0.18445
-0.990875 -3.0861
-0.627238 -4.6575
-1.64041 -4.1549
-2.07596 -0.507328
-1.48683 -2.89217
-1.95897 -0.392878
-1.36101 -3.05361
-2.02587 -2.23261
-1.55423 -0.685794
-1.06515 -3.24487
-0.381393 -4.27421
-2.01395 -3.80178
-1.1496 0.399605
-1.51011 -5.77303
-0.930157 -3.87769
-1.095 -4.81715
-0.947507 -4.40638
-1.11655 -4.59719
-0.874293 -4.49855
-1.2153 -4.50453
-0.633404 -4.3576
-1.54887 -4.34614
-1.74886 -3.16233
-1.45267 0.213951
-0.124463 -4.40581
-2.48275 -1.78153
-1.50735 -1.63647
-2.0102 -1.67373
-1.74495 -1.06521
-1.92076 -1.93628
-1.68481 -0.709474
-1.58347 -2.99306
-1.74616 0.0450563
-0.116513 -2.92376
-2.39757 -3.25812
-1.04238 -0.465331
-1.10183 -5.4687
-1.2177 -4.05876
-0.351809 -4.02713
-2.01114 -3.89737
-1.16182 0.4812
-1.54882 -5.79226
-0.920996 -3.85606
-1.11174 -4.82645
-0.925839 -4.40096
-1.14664 -4.59064
-0.817481 -4.4761
-1.28851 -4.47407
-0.441416 -4.09145
-1.85162 -4.13289
-1.50526 0.586501
-0.394239 -4.93387
-2.3378 -2.54568
-1.35423 -0.97463
-0.378348 -3.10821
-2.01078 -4.31862
-1.33568 0.730764
-1.1907 -5.73061
-1.38442 -3.94782
-1.06243 -3.47362
-0.508839 -4.43739
-1.80202 -4.06915
-1.5746 0.521739
-0.110849 -4.45977
-2.50012 -1.50146
-1.5381 -1.87775
-1.98715 -0.994927
-1.83563 -1.98393
-1.70082 -0.565697
-1.36737 -3.15495
-2.02406 -2.26323
-1.54355 -0.664738
-0.95641 -3.22992
-0.826193 -4.83046
-1.3275 -4.27751
-0.296799 -3.66629
-2.07812 -3.9056
-1.09944 0.434201
-1.72137 -5.76421
-0.839159 -3.74632
-1.26747 -4.85604
-0.690507 -4.28589
-1.45806 -4.45442
-0.579766 -3.43645
-1.68512 -4.67819
-1.909 -2.88277
-1.3686 -0.126129
-0.0559431 -4.17232
-2.50587 -1.72872
-1.49945 -1.68739
-2.01538 -1.62327
-1.75778 -1.12212
-1.92937 -1.77306
-1.73732 -0.852436
-1.81323 -2.50488
-1.53579 -0.208339
0.00914259 -3.07359
-2.52757 -2.42391
-1.27063 -1.18515
-0.165125 -3.14646
-2.30765 -3.49699
-1.01461 -0.181187
-1.47447 -5.65858
-0.83801 -3.91033
-1.27265 -4.78544
-0.650913 -4.2788
-1.51538 -4.41071
-1.21227 -3.5057
-0.254259 -3.43888
-2.15212 -3.82978
-1.04183 0.294605
-1.79031 -5.71009
-0.838144 -3.69344
-1.26715 -4.8764
-0.699058 -4.28408
-1.44609 -4.46503
-0.494677 -3.44434
-1.79646 -4.51736
-2.02361 -0.147476
-0.91812 -3.07018
-0.928106 -4.93647
-1.19585 -4.28085
-0.553278 -4.32409
-1.68305 -4.23992
-2.04067 -0.300712
-1.20584 -3.07359
-0.473118 -3.3035
-1.8482 -4.51288
-1.88747 0.234399
-0.0259183 -2.8712
-2.50914 -2.69739
-1.18071 -0.977059
-0.0680295 -3.99284
-2.47283 -2.18921
-1.40083 -1.33103
-1.43716 -3.23524
-2.09437 -1.08782
-1.79405 -1.94314
-1.73682 -0.559956
-1.43734 -3.10227
-2.07667 -0.943573
-1.7783 -2.16548
-1.66995 -0.38118
-0.844746 -3.16326
-1.19922 -5.03582
-0.848836 -4.27961
-1.25024 -4.60879
-0.609075 -4.29743
-1.58219 -4.34471
-1.98683 -2.60823
-1.42827 -0.407651
0.0481687 -3.21285
-2.55572 -2.07409
-1.36439 -1.43864
-1.34104 -3.29056
-1.78546 -3.01541
-1.42833 0.107716
-0.0906241 -4.30999
-2.49566 -1.71971
-1.50967 -1.6913
-2.01537 -1.53236
-1.78143 -1.21659
-1.9262 -1.533
-1.81042 -1.08899
-1.91225 -1.77755
-1.74138 -0.825095
-1.79332 -2.56283
-1.53154 -0.152929
0.0705854 -3.15385
-2.57582 -1.92422
-1.38766 -1.5463
-1.65904 -3.04811
-1.59769 0.163807
0.158254 -3.46557
-2.60332 -0.957243
-1.43479 -2.31356
-2.04844 -1.1675
-1.82036 -1.75234
-1.78736 -0.751008
-1.75432 -2.6322
-1.54376 -0.0765305
0.107329 -3.22595
-2.59594 -1.58685
-1.44092 -1.79533
-2.00591 -1.95529
-1.65607 -0.829755
-1.69613 -2.84363
-1.56222 0.0702859
0.146182 -3.42998
-2.60249 -1.09722
-1.45542 -2.19539
-2.03457 -1.10673
-1.82551 -1.83282
-1.75792 -0.679645
-1.6533 -2.85825
-1.62294 0.0740153
0.12466 -3.17846
-2.60735 -1.47029
-1.44537 -1.88146
-2.0275 -1.72601
-1.72493 -1.0465
-1.91535 -2.03423
-1.65215 -0.632148
-1.36042 -3.17578
-1.98778 -2.44182
-1.48703 -0.502132
-0.270271 -3.03493
-2.17319 -3.97287
-1.02962 0.42987
-1.94137 -5.65238
-1.15498 -3.6507
-0.288809 -3.98146
-2.12293 -3.67335
-1.07407 0.166337
-1.56158 -5.72984
-0.83662 -3.84885
-1.27453 -4.81185
-0.659301 -4.27648
-1.50282 -4.42238
-1.04283 -3.50253
-0.601991 -4.55471
-1.65145 -4.18192
-2.07033 -0.465723
-1.43976 -2.94174
-2.05472 -0.830494
-1.75105 -2.3508
-1.62891 -0.239259
-0.342497 -2.99972
-2.07973 -4.2255
-1.18384 0.700166
-1.69217 -5.82877
-0.911437 -3.77757
-1.1205 -4.85292
-0.918094 -4.38658
-1.15697 -4.59454
-0.798868 -4.46433
-1.31287 -4.46501
-0.386174 -3.97353
-1.93883 -4.04683
-1.29545 0.612715
-1.19842 -5.71159
-1.33562 -3.96238
-0.532895 -3.38434
-1.75534 -4.61106
-2.1557 -1.15404
-1.76544 -1.93035
-1.75891 -0.553474
-1.46542 -3.07318
-2.02443 -0.592541
-1.60294 -2.76854
-1.71936 -0.0134196
-0.161508 -2.93504
-2.33767 -3.49852
-0.997883 -0.19633
-1.52707 -5.65969
-0.79139 -3.87619
-1.34551 -4.76616
-0.502142 -4.09492
-1.74357 -4.269
-1.90511 0.130265
-0.230816 -2.87487
-2.25433 -3.82041
-0.978984 0.208191
-1.92122 -5.61448
-1.09957 -3.64445
-0.464702 -4.33852
-1.86093 -4.02805
-1.42178 0.586347
-0.687004 -5.29216
-2.03383 -3.44461
-1.16412 0.0747152
-1.10542 -5.55971
-1.31803 -4.01509
-0.364473 -3.42592
-1.98273 -4.21119
-1.30963 0.688127
-1.2353 -5.74531
-1.31183 -3.95373
-0.390204 -3.40333
-1.94768 -4.28805
-1.42314 0.683881
-0.809432 -5.43484
-1.89955 -3.6451
-1.25936 0.386064
-1.06799 -5.58979
-1.44807 -3.97445
-1.72177 -3.17166
-1.49063 0.228177
-0.0334467 -4.21477
-2.52395 -1.42365
-1.52471 -1.94851
-1.98979 -0.957403
-1.82686 -2.05832
-1.67901 -0.501891
-1.16764 -3.20939
-0.202918 -3.46208
-2.23268 -3.59226
-1.02871 -0.0255449
-1.55681 -5.69258
-0.800864 -3.85304
-1.33215 -4.78484
-0.537514 -4.14278
-1.68731 -4.31112
-2.08598 -0.513533
-1.48823 -2.8842
-1.95547 -0.384414
-1.3467 -3.0626
-1.96186 -2.52926
-1.46286 -0.410729
-0.034749 -3.08575
-2.48058 -2.73127
-1.19119 -0.945519
-0.0523162 -3.95251
-2.48425 -2.124
-1.41307 -1.38297
-1.59526 -3.10795
-1.7254 0.104494
0.0156815 -2.96714
-2.54159 -2.39829
-1.26683 -1.20514
-0.166383 -3.1488
-2.30565 -3.50297
-1.01396 -0.173703
-1.48357 -5.66098
-0.831311 -3.90452
-1.28344 -4.78377
-0.629684 -4.25789
-1.54661 -4.39404
-1.59279 -3.34714
-1.76839 0.129457
-0.020778 -2.92951
-2.50866 -2.65983
-1.19615 -1.0063
-0.0192249 -3.81393
-2.50372 -2.05803
-1.41745 -1.43868
-1.69219 -2.98416
-1.54867 0.141688
0.128358 -3.66668
-2.58604 -0.97595
-1.44869 -2.31728
-2.03553 -1.02429
-1.8171 -1.97651
-1.7126 -0.552728
-1.37113 -3.14883
-2.03882 -2.1758
-1.57206 -0.741965
-1.28112 -3.2292
-1.18534 -3.43642
-0.20873 -3.53348
-2.22306 -3.58887
-1.03443 -0.020403
-1.53961 -5.69341
-0.814222 -3.86489
-1.31106 -4.78981
-0.580078 -4.19846
-1.62126 -4.35325
-2.11896 -1.87266
-1.65784 -1.08632
-1.91384 -2.16717
-1.60542 -0.543621
-0.975537 -3.21545
-0.743182 -4.75893
-1.45064 -4.2459
-1.00952 -3.48651
-0.724083 -4.69084
-1.46236 -4.2661
-1.07967 -3.49518
-0.453514 -4.34989
-1.888 -3.98589
-1.3523 0.58348
-0.945607 -5.53495
-1.67989 -3.8636
-1.75564 0.286801
0.162873 -3.12814
-2.62563 -1.17871
-1.44181 -2.10305
-2.04455 -1.37131
-1.80425 -1.45465
-1.88151 -1.10505
-1.88963 -1.71699
-1.76905 -0.852007
-1.8276 -2.4235
-1.55339 -0.272314
-0.130432 -3.00453
-2.36991 -3.3316
-1.03296 -0.382502
-1.21882 -5.54619
-1.07967 -4.03082
-0.752447 -4.60031
-1.39223 -4.34653
-0.386505 -3.47193
-1.9449 -4.25889
-1.40633 0.67995
-0.866048 -5.48599
-1.82094 -3.73703
-1.38349 0.475848
-0.687497 -5.27125
-2.00778 -3.50395
-1.17038 0.157842
-1.17067 -5.61289
-1.2487 -4.00489
-0.270107 -3.76772
-2.12915 -3.7438
-1.06244 0.228906
-1.66163 -5.73405
-0.799869 -3.77931
-1.33581 -4.81717
-0.548508 -4.14579
-1.66931 -4.32875
-2.12688 -0.846855
-1.71288 -2.38433
-1.65278 -0.197226
-0.337566 -2.99036
-2.0882 -4.21075
-1.16709 0.688909
-1.73629 -5.81613
-0.905437 -3.75159
-1.13014 -4.86233
-0.906374 -4.38068
-1.17281 -4.59144
-0.766454 -4.4452
-1.35615 -4.4466
-0.323752 -3.73932
-2.03365 -3.96865
-1.1505 0.523312
-1.63107 -5.79917
-0.882238 -3.80811
-1.18774 -4.84513
-0.818205 -4.36785
-1.28754 -4.53575
-0.482076 -4.14431
-1.78417 -4.2
-1.72551 0.413864
0.197781 -3.49167
-2.60483 -0.589617
-1.31076 -2.59401
-1.82993 -2.85906
-1.42328 -0.0297286
0.0115869 -4.0222
-2.53891 -1.42947
-1.51189 -1.94162
-2.00328 -1.04531
-1.83534 -1.90465
-1.72856 -0.627558
-1.53744 -3.023
-1.85201 -0.0938237
-0.639531 -3.03673
-1.65726 -4.91163
-0.962059 -3.53328
-0.91449 -4.83446
-1.19128 -4.33282
-0.597434 -4.36614
-1.61116 -4.28976
-2.13303 -1.66721
-1.71213 -1.2833
-1.94983 -1.50137
-1.81038 -1.15578
-1.91633 -1.63384
-1.7853 -0.966779
-1.88893 -2.0997
-1.63786 -0.550682
-1.13138 -3.22308
-0.186704 -3.73638
-2.26967 -3.34819
-1.0795 -0.297097
-1.09081 -5.48876
-1.26229 -4.04687
-0.270916 -3.73717
-2.12555 -3.76535
-1.06309 0.253989
-1.68206 -5.73537
-0.80073 -3.76518
-1.33471 -4.82403
-0.55421 -4.15101
-1.6603 -4.33576
-2.13915 -1.02865
-1.76012 -2.0985
-1.70518 -0.415926
-1.05227 -3.1973
-0.410723 -4.3345
-1.97316 -3.85552
-1.19666 0.477115
-1.41658 -5.77178
-1.03743 -3.9204
-0.828 -4.68677
-1.29111 -4.36142
-0.367904 -3.96625
-1.97171 -3.99338
-1.22934 0.575036
-1.40219 -5.7873
-1.08006 -3.92295
-0.695836 -4.57327
-1.48051 -4.30308
-1.16945 -3.5004
-0.209588 -3.70964
-2.2291 -3.49235
-1.05538 -0.122261
-1.36294 -5.64618
-0.958528 -3.96569
-1.04806 -4.77981
-1.00589 -4.42178
-1.02981 -4.6017
-1.0125 -4.51565
-1.02938 -4.5573
-1.00849 -4.53805
-1.03731 -4.54542
-0.995125 -4.54395
-1.05688 -4.53953
-0.963529 -4.54463
-1.10029 -4.5286
-0.886833 -4.531
-1.19979 -4.49431
-0.664834 -4.39315
-1.50223 -4.36705
-1.20904 -3.50298
-0.245457 -3.45299
-2.16545 -3.7884
-1.03559 0.2396
-1.76403 -5.70856
-0.810508 -3.70576
-1.31863 -4.85638
-0.600037 -4.1963
-1.58959 -4.38434
-1.95885 -2.70702
-1.40291 -0.306104
0.0922008 -3.53599
-2.57749 -1.45402
-1.47583 -1.90965
-2.02991 -1.37265
-1.80947 -1.43014
-1.88453 -1.14186
-1.88915 -1.64592
-1.79148 -0.922226
-1.87085 -2.19981
-1.60935 -0.461926
-0.790957 -3.16391
-1.34513 -5.03863
-0.640838 -4.15904
-1.52864 -4.45908
-1.19758 -3.50993
-0.219231 -3.52451
-2.20607 -3.64321
-1.03202 0.0509808
-1.61219 -5.70472
-0.782448 -3.81248
-1.36183 -4.78765
-0.485299 -4.05683
-1.76963 -4.25401
-1.81689 0.297409
0.126261 -3.00572
-2.61906 -1.53141
-1.42531 -1.82642
-1.99522 -2.06935
-1.61882 -0.734758
-1.45105 -3.13993
-2.06168 -0.793156
-1.72908 -2.42477
-1.62535 -0.179599
-0.207561 -2.97474
-2.26967 -3.71734
-0.983851 0.0815024
-1.80639 -5.65588
-0.824152 -3.66813
-1.29306 -4.8797
-0.656003 -4.24558
-1.5069 -4.43434
-1.04841 -3.50394
-0.580694 -4.52816
-1.68528 -4.16103
-1.96836 -0.0620976
-0.711053 -3.02648
-1.52695 -5.01837
-0.43249 -3.71683
-1.85473 -4.29006
-1.62677 0.544962
-0.0102835 -4.26073
-2.53493 -1.09517
-1.50262 -2.25079
-1.97087 -0.693033
-1.71072 -2.58581
-1.5994 -0.075353
0.0245072 -3.04629
-2.5439 -2.31756
-1.29413 -1.26375
-0.416537 -3.14439
-1.9524 -4.41529
-1.52649 0.668088
-0.429654 -5.00046
-2.31998 -2.60844
-1.33795 -0.913607
-0.186961 -3.10037
-2.28167 -3.61151
-0.998598 -0.0430131
-1.65345 -5.68017
-0.747903 -3.77731
-1.41482 -4.77005
-0.399081 -3.85629
-1.90746 -4.14596
-1.40027 0.63819
-0.834403 -5.4491
-1.8526 -3.70708
-1.32747 0.453886
-0.878487 -5.45387
-1.73975 -3.83312
-1.58332 0.443699
-0.0106093 -4.22793
-2.53457 -1.17941
-1.51314 -2.17127
-1.96814 -0.723114
-1.73333 -2.52547
-1.59241 -0.122138
-0.0184465 -3.02068
-2.5032 -2.63232
-1.21186 -1.02658
0.00942464 -3.65036
-2.52097 -2.02995
-1.41077 -1.46466
-1.68912 -2.99274
-1.55241 0.145943
0.130834 -3.65642
-2.58708 -0.968127
-1.4465 -2.32294
-2.03758 -1.039
-1.81808 -1.95283
-1.72034 -0.572192
-1.4258 -3.11625
-2.09078 -1.12361
-1.79865 -1.88115
-1.75551 -0.615853
-1.56134 -2.98484
-1.79455 -0.0155927
-0.34362 -2.94475
-2.08881 -4.23393
-1.17724 0.704802
-1.71844 -5.82423
-0.909603 -3.76266
-1.12228 -4.85785
-0.916492 -4.38387
-1.15912 -4.59518
-0.794907 -4.46178
-1.31809 -4.46301
-0.3757 -3.94663
-1.95512 -4.03006
-1.26453 0.602091
-1.30207 -5.75848
-1.20132 -3.95157
-0.330391 -4.00564
-2.04835 -3.83162
-1.1203 0.393051
-1.60987 -5.77378
-0.859349 -3.81885
-1.23312 -4.83531
-0.741709 -4.33235
-1.38784 -4.48457
-0.330027 -3.63814
-2.02241 -4.03495
-1.17895 0.581738
-1.59042 -5.81358
-0.920349 -3.83324
-1.10944 -4.83364
-0.930189 -4.39737
-1.14055 -4.59464
-0.830148 -4.48097
-1.27203 -4.48157
-0.483701 -4.16433
-1.78401 -4.19219
-1.71892 0.41978
0.193497 -3.53177
-2.60138 -0.580808
-1.3063 -2.60492
-1.79896 -2.9268
-1.4326 0.0445299
-0.0225395 -4.13581
-2.52531 -1.50394
-1.51713 -1.8778
-2.00578 -1.11737
-1.83916 -1.78036
-1.76909 -0.739568
-1.73209 -2.69951
-1.54863 -0.022832
0.128415 -3.30263
-2.60259 -1.35837
-1.45962 -1.97511
-2.03626 -1.40367
-1.80185 -1.40047
-1.89442 -1.18819
-1.88395 -1.56355
-1.8177 -1.00712
-1.89666 -1.95681
-1.68554 -0.660497
-1.50521 -3.072
-1.93475 -0.263709
-1.11781 -3.12442
-0.182557 -3.76632
-2.27962 -3.30013
-1.09094 -0.349943
-0.986695 -5.40762
-1.40066 -4.04465
-1.00185 -3.47239
-0.746973 -4.71541
-1.42884 -4.27538
-0.716246 -3.4351
-1.48917 -4.87957
-0.399772 -3.70061
-1.90699 -4.21539
-1.44785 0.645076
-0.669013 -5.28456
-2.06975 -3.36679
-1.16222 -0.0383395
-0.989044 -5.4596
-1.45906 -4.00938
-1.74931 -3.13411
-1.45441 0.199063
-0.104159 -4.3612
-2.4922 -1.71272
-1.51383 -1.69569
-2.01489 -1.49113
-1.79131 -1.26202
-1.91961 -1.43463
-1.83709 -1.20256
-1.90556 -1.52862
-1.81905 -1.07032
-1.90762 -1.81135
-1.73171 -0.789863
-1.75286 -2.67783
-1.53325 -0.0498453
0.125996 -3.32211
-2.60062 -1.36406
-1.46113 -1.97174
-2.03573 -1.3952
-1.80354 -1.41029
-1.89161 -1.17251
-1.88577 -1.59081
-1.80919 -0.977968
-1.89042 -2.03587
-1.65992 -0.595678
-1.31034 -3.19126
-1.58483 -3.27202
-1.77168 0.103333
-0.0674266 -2.91721
-2.45816 -2.96621
-1.11381 -0.748501
-0.503098 -4.8466
-2.05209 -3.53807
-1.13687 0.12838
-1.27754 -5.66009
-1.10662 -3.98475
-0.643929 -4.5052
-1.55646 -4.27745
-1.95527 -2.70507
-1.40478 -0.301433
0.092921 -3.53356
-2.5779 -1.45046
-1.47578 -1.91244
-2.02994 -1.36801
-1.81022 -1.43623
-1.88282 -1.13273
-1.88979 -1.66306
-1.78598 -0.905315
-1.86251 -2.2524
-1.59439 -0.418395
-0.612781 -3.10392
-1.6902 -4.84502
-1.44186 -3.48113
-2.1113 -1.49215
-1.7586 -1.42199
-1.91177 -1.17128
-1.87789 -1.60273
-1.8088 -0.956799
-1.88369 -2.08745
-1.64411 -0.551556
-1.15759 -3.22091
-0.184767 -3.53577
-2.26144 -3.46647
-1.04691 -0.177233
-1.34669 -5.63159
-0.966047 -3.97521
-1.03306 -4.77317
-1.02497 -4.42204
-0.99852 -4.60029
-1.05617 -4.50997
-0.959948 -4.55732
-1.10564 -4.51996
-0.874776 -4.52987
-1.21527 -4.48676
-0.623878 -4.35261
-1.56397 -4.33586
-1.89124 -2.88832
-1.37642 -0.0964817
-0.0580448 -4.18497
-2.50562 -1.71952
-1.50146 -1.6947
-2.01615 -1.5904
-1.76642 -1.15643
-1.93037 -1.68051
-1.76642 -0.938549
-1.87656 -2.20827
-1.60408 -0.4645
-0.772757 -3.15933
-1.38857 -5.03123
-0.572538 -4.08358
-1.62942 -4.39879
-2.10482 -2.01372
-1.61543 -0.960238
-1.77308 -2.71111
-1.50638 -0.0492035
0.128209 -3.4614
-2.59529 -1.22117
-1.46848 -2.09579
-2.02853 -1.1293
-1.82916 -1.78764
-1.77136 -0.724027
-1.71748 -2.73012
-1.55769 0.00215298
0.133087 -3.30986
-2.60416 -1.31333
-1.46023 -2.01122
-2.03643 -1.33591
-1.81259 -1.48871
-1.86921 -1.05719
-1.89048 -1.81503
-1.73647 -0.764606
-1.73103 -2.72457
-1.54392 -0.00837396
0.134284 -3.35353
-2.60247 -1.26828
-1.46271 -2.05014
-2.03463 -1.24957
-1.82285 -1.60771
-1.83151 -0.908509
-1.86313 -2.17572
-1.62103 -0.466738
-0.856206 -3.18099
-1.16717 -5.02483
-0.888941 -4.29146
-1.19625 -4.62936
-0.733714 -4.40813
-1.40031 -4.43521
-0.356084 -3.53001
-1.98573 -4.15552
-1.27456 0.665173
-1.33742 -5.78458
-1.17929 -3.93946
-0.382568 -4.12762
-1.97111 -3.93284
-1.21384 0.534505
-1.41493 -5.78263
-1.05511 -3.91935
-0.773611 -4.64485
-1.36682 -4.34069
-0.325675 -3.55642
-2.03221 -4.05176
-1.17251 0.589733
-1.62087 -5.81398
-0.905414 -3.81576
-1.13987 -4.84237
-0.888915 -4.38876
-1.19606 -4.57655
-0.71203 -4.40944
-1.43164 -4.41195
-0.490258 -3.43771
-1.80341 -4.51043
-1.99933 -0.0630776
-0.732774 -3.02391
-1.48106 -5.04269
-0.463328 -3.86597
-1.80099 -4.29781
-1.77398 0.375397
0.200037 -3.23906
-2.62551 -0.79865
-1.3863 -2.4114
-2.05937 -1.68787
-1.72764 -1.13502
-1.93668 -1.80568
-1.72435 -0.835073
-1.78955 -2.5879
-1.52694 -0.134748
0.090037 -3.19901
-2.58694 -1.74469
-1.42028 -1.67727
-1.91602 -2.4559
-1.50289 -0.378577
-0.123156 -3.02865
-2.3768 -3.28916
-1.04382 -0.427072
-1.12994 -5.49175
-1.18635 -4.05253
-0.433583 -4.19666
-1.88569 -4.04415
-1.38346 0.602703
-0.851596 -5.4579
-1.81873 -3.74724
-1.38986 0.480264
-0.668824 -5.25187
-2.03256 -3.45896
-1.16217 0.0881222
-1.12848 -5.57628
-1.28937 -4.01363
-0.280153 -3.53979
-2.10662 -3.89606
-1.07527 0.401107
-1.77241 -5.74068
-0.846224 -3.71176
-1.25231 -4.8725
-0.722561 -4.30323
-1.4138 -4.48044
-0.365519 -3.53005
-1.97111 -4.18294
-1.31174 0.674821
-1.21164 -5.73069
-1.33815 -3.95563
-0.563684 -3.38573
-1.71443 -4.6674
-2.06863 -2.30927
-1.5183 -0.714091
-0.929915 -3.23136
-0.928593 -4.90597
-1.18674 -4.29875
-0.589518 -4.36568
-1.62511 -4.27761
-2.14349 -1.32212
-1.76926 -1.68008
-1.83858 -0.806422
-1.80983 -2.41295
-1.56729 -0.25731
-0.152656 -2.99656
-2.34135 -3.45071
-1.01014 -0.248349
-1.43395 -5.64035
-0.863942 -3.9362
-1.22999 -4.788
-0.730337 -4.34454
-1.40332 -4.46636
-0.350239 -3.55261
-1.99331 -4.13051
-1.25162 0.65227
-1.40642 -5.80388
-1.09894 -3.91878
-0.631097 -4.50554
-1.58 -4.25918
-2.08555 -2.11907
-1.58315 -0.857766
-1.54862 -3.07619
-1.83048 -0.0404696
-0.474862 -2.97916
-1.90673 -4.59032
-1.83564 0.357586
0.165301 -3.05172
-2.63176 -1.19409
-1.43674 -2.08394
-2.04513 -1.45548
-1.78889 -1.35182
-1.90938 -1.27255
-1.87026 -1.42908
-1.85772 -1.16639
-1.89903 -1.59589
-1.80269 -0.986559
-1.89386 -2.02396
-1.66291 -0.60866
-1.34661 -3.17752
-1.91056 -2.7146
-1.41884 -0.225541
0.0940931 -3.60307
-2.577 -1.35978
-1.48277 -1.98916
-2.02361 -1.17675
-1.83139 -1.70421
-1.79762 -0.807736
-1.80496 -2.47423
-1.55074 -0.21629
-0.0382333 -3.03295
-2.48061 -2.76538
-1.17742 -0.918808
-0.106707 -4.11308
-2.44799 -2.29836
-1.38179 -1.24001
-1.12469 -3.30662
-0.220116 -3.86496
-2.22854 -3.42801
-1.07374 -0.183132
-1.22725 -5.58355
-1.1044 -4.01653
-0.669004 -4.52473
-1.51634 -4.29888
-1.5729 -3.35695
-1.82222 0.0547647
-0.251885 -2.91006
-2.21967 -3.90744
-0.995673 0.328419
-1.9633 -5.61017
-1.2507 -3.63236
-0.34799 -3.37769
-2.01275 -4.1758
-1.24583 0.675642
-1.45307 -5.81969
-1.05913 -3.90023
-0.751671 -4.63054
-1.39917 -4.32866
-0.430508 -3.44285
-1.88483 -4.37778
-1.64017 0.55844
0.00540247 -4.23018
-2.53934 -1.02495
-1.48714 -2.3143
-1.98549 -0.722395
-1.72621 -2.52787
-1.59866 -0.116491
-0.0259111 -3.01337
-2.49578 -2.68503
-1.1972 -0.984791
-0.023389 -3.83845
-2.50166 -2.05754
-1.41935 -1.43822
-1.70117 -2.96943
-1.53727 0.133339
0.118598 -3.71006
-2.58184 -1.00101
-1.45604 -2.29979
-2.02832 -0.976078
-1.81224 -2.05629
-1.68733 -0.48841
-1.16401 -3.20688
-0.195486 -3.4827
-2.24417 -3.54686
-1.03372 -0.0819706
-1.48706 -5.67837
-0.844963 -3.89987
-1.26115 -4.79425
-0.676269 -4.29897
-1.47868 -4.43103
-0.786313 -3.46102
-1.36259 -4.93626
-0.564984 -4.11819
-1.64162 -4.3699
-2.14092 -1.57512
-1.73116 -1.38607
-1.93214 -1.26253
-1.86253 -1.46403
-1.85272 -1.11338
-1.90039 -1.70174
-1.76998 -0.879478
-1.84557 -2.35138
-1.56806 -0.337047
-0.307645 -3.01198
-2.12518 -4.10968
-1.09266 0.594137
-1.88617 -5.7294
-1.01497 -3.67648
-0.792135 -4.71434
-1.35181 -4.31704
-0.310474 -3.59525
-2.05555 -3.98562
-1.13137 0.523035
-1.69646 -5.7893
-0.862011 -3.76692
-1.22476 -4.85648
-0.762594 -4.33583
-1.36007 -4.50329
-0.339381 -3.79168
-2.00852 -3.99625
-1.18459 0.559946
-1.54817 -5.8083
-0.942995 -3.85643
-1.06134 -4.81739
-0.99282 -4.40297
-1.04859 -4.60978
-0.985997 -4.5127
-1.06761 -4.5537
-0.948384 -4.53619
-1.12012 -4.52667
-0.84915 -4.51622
-1.24807 -4.47608
-0.537694 -4.24817
-1.69845 -4.25485
-2.01469 -0.191039
-1.00363 -3.08842
-0.571862 -4.58946
-1.72853 -4.09798
-1.79051 0.298676
0.148169 -3.06124
-2.62498 -1.33181
-1.4398 -1.97934
-2.03784 -1.60001
-1.75753 -1.18237
-1.93427 -1.63659
-1.77843 -0.987241
-1.89634 -2.06126
-1.64886 -0.586595
-1.25356 -3.20916
-0.858961 -3.39472
-1.1909 -4.97454
-0.845237 -4.31162
-1.25412 -4.58862
-0.589382 -4.2808
-1.61307 -4.32434
-2.12013 -1.84975
-1.66459 -1.106
-1.92504 -2.08537
-1.63107 -0.612475
-1.24525 -3.2166
-0.750443 -3.36856
-1.43303 -4.94155
-0.463585 -3.93673
-1.80079 -4.26626
-1.74306 0.409491
0.204668 -3.41541
-2.61141 -0.610427
-1.32055 -2.57015
-1.88941 -2.70325
-1.432 -0.200004
0.10058 -3.57384
-2.58054 -1.33822
-1.48051 -2.00568
-2.02431 -1.16816
-1.83124 -1.71888
-1.79298 -0.792639
-1.79218 -2.52029
-1.54515 -0.175876
0.0242471 -3.08142
-2.5414 -2.30993
-1.29931 -1.26904
-0.465255 -3.15527
-1.88525 -4.53164
-1.81518 0.375829
0.188008 -3.12727
-2.63214 -0.969279
-1.41901 -2.26631
-2.0559 -1.40112
-1.79517 -1.43507
-1.8904 -1.135
-1.88691 -1.66051
-1.78786 -0.904708
-1.86237 -2.25037
-1.59516 -0.419438
-0.618962 -3.10602
-1.68044 -4.85518
-1.32432 -3.52232
-1.27057 -3.44495
-0.737667 -3.37996
-1.45603 -4.92463
-0.430399 -3.85285
-1.85457 -4.22822
-1.572 0.572554
-0.174712 -4.58981
-2.47458 -1.71066
-1.52818 -1.68973
-2.01058 -1.40116
-1.81147 -1.3642
-1.89684 -1.2456
-1.87838 -1.46497
-1.84594 -1.12385
-1.90317 -1.68207
-1.77517 -0.902001
-1.85947 -2.28258
-1.58522 -0.396118
-0.5161 -3.07063
-1.83335 -4.66454
-2.09246 -0.420358
-1.36929 -2.98272
-2.05935 -1.98246
-1.63541 -0.902219
-1.74549 -2.75977
-1.5207 0.00111214
0.133011 -3.49347
-2.59545 -1.14633
-1.46483 -2.15997
-2.02787 -1.07029
-1.82621 -1.88693
-1.73907 -0.633435
-1.56391 -2.98982
-1.78897 -0.0065183
-0.311725 -2.93715
-2.13338 -4.12904
-1.09051 0.608386
-1.90498 -5.72103
-1.05615 -3.67217
-0.642362 -4.5694
-1.57687 -4.23679
-2.09511 -2.04486
-1.60691 -0.92239
-1.71137 -2.84447
-1.54229 0.0661815
0.139167 -3.52366
-2.59574 -1.05976
-1.45606 -2.23446
-2.03199 -1.05154
-1.82234 -1.92441
-1.72804 -0.598923
-1.48901 -3.06758
-1.97219 -0.379474
-1.34071 -3.05807
-1.93079 -2.63771
-1.43583 -0.300323
0.0928368 -3.34886
-2.5827 -1.62326
-1.44827 -1.77156
-2.007 -1.92637
-1.66564 -0.852296
-1.73945 -2.75323
-1.52846 0.00184046
0.135497 -3.45343
-2.59811 -1.16625
-1.464 -2.14044
-2.02981 -1.10408
-1.82762 -1.83138
-1.75738 -0.682763
-1.65668 -2.85303
-1.61823 0.0727516
0.127888 -3.1931
-2.60805 -1.43515
-1.44839 -1.9091
-2.03228 -1.63913
-1.74862 -1.13454
-1.93285 -1.76114
-1.74011 -0.867755
-1.82645 -2.4575
-1.54294 -0.251356
-0.0648115 -3.02539
-2.45046 -2.94047
-1.12984 -0.768382
-0.410014 -4.71223
-2.1682 -3.29107
-1.14123 -0.233971
-0.87238 -5.33179
-1.59278 -3.98081
-2.07171 -0.541557
-1.5271 -2.84718
-1.86838 -0.180759
-0.869589 -3.11041
-1.11293 -5.02476
-0.960144 -4.29131
-1.09061 -4.65765
-0.929272 -4.48557
-1.14387 -4.54575
-0.808489 -4.48798
-1.30074 -4.45982
-0.406665 -4.02435
-1.9071 -4.07768
-1.36224 0.620678
-0.954928 -5.5496
-1.67771 -3.86135
-1.76028 0.280106
0.155369 -3.10493
-2.6247 -1.25278
-1.44297 -2.04347
-2.04237 -1.45448
-1.79004 -1.3485
-1.90938 -1.27776
-1.86959 -1.42073
-1.85987 -1.17763
-1.89788 -1.57444
-1.80928 -1.00911
-1.89879 -1.96169
-1.6831 -0.65982
-1.49831 -3.07889
-1.95217 -0.311707
-1.21878 -3.10742
-0.570361 -3.3196
-1.71625 -4.70115
-2.0226 -2.52653
-1.44852 -0.513038
-0.120429 -3.05567
-2.37759 -3.27077
-1.04995 -0.445129
-1.08551 -5.46165
-1.24341 -4.05864
-0.298066 -3.87009
-2.08898 -3.79685
-1.08732 0.321331
-1.65859 -5.75364
-0.821385 -3.78445
-1.29998 -4.83031
-0.621107 -4.23052
-1.55851 -4.39657
-1.69746 -3.23697
-1.52937 0.25743
0.0315911 -4.06116
-2.54822 -1.16696
-1.50199 -2.17608
-1.98258 -0.78093
-1.76319 -2.40948
-1.60088 -0.212809
-0.188105 -2.98282
-2.29515 -3.62721
-0.987741 -0.0342292
-1.69959 -5.67149
-0.74334 -3.73829
-1.42435 -4.78282
-0.395582 -3.83297
-1.91276 -4.14741
-1.39126 0.641628
-0.872461 -5.48414
-1.80074 -3.76121
-1.42587 0.48314
-0.537661 -5.10007
-2.187 -3.10303
-1.1973 -0.406563
-0.432414 -4.80239
-2.17985 -3.22591
-1.15766 -0.302011
-0.723915 -5.17719
-1.80307 -3.8418
-1.44961 0.508962
-0.485226 -5.0392
-2.24535 -2.91988
-1.24521 -0.614517
-0.0683091 -4.08299
-2.48441 -2.02617
-1.44296 -1.45289
-1.81724 -2.72829
-1.46696 -0.0877356
0.109785 -3.60484
-2.58329 -1.22022
-1.4783 -2.10579
-2.01882 -1.03495
-1.82676 -1.93933
-1.72066 -0.591157
-1.46086 -3.09252
-2.03643 -0.649021
-1.64772 -2.6739
-1.66031 -0.0238341
-0.0386455 -2.97635
-2.48502 -2.77604
-1.16954 -0.911299
-0.138176 -4.19142
-2.42498 -2.40894
-1.3574 -1.14791
-0.731817 -3.22277
-1.47449 -4.97574
-0.437976 -3.83655
-1.84216 -4.25355
-1.62401 0.536655
-0.00834978 -4.25362
-2.53549 -1.09494
-1.5022 -2.25069
-1.9715 -0.69555
-1.7124 -2.58077
-1.59887 -0.0789558
0.0213742 -3.044
-2.54117 -2.3414
-1.28817 -1.24637
-0.34716 -3.13253
-2.04947 -4.2232
-1.22033 0.700847
-1.56954 -5.83853
-0.969247 -3.84578
-0.993158 -4.79874
-1.07973 -4.39328
-0.891428 -4.58419
-1.19554 -4.46633
-0.660676 -4.39758
-1.50934 -4.35954
-1.3108 -3.48838
-1.16035 -3.4516
-0.20678 -3.72693
-2.23528 -3.46557
-1.05979 -0.154144
-1.31448 -5.62483
-1.00611 -3.98687
-0.939325 -4.73566
-1.14345 -4.4053
-0.75615 -4.50025
-1.37401 -4.40622
-0.323031 -3.60313
-2.03473 -4.02557
-1.16235 0.568358
-1.63461 -5.80835
-0.892849 -3.80707
-1.16568 -4.84615
-0.851983 -4.37871
-1.24407 -4.55652
-0.594396 -4.29712
-1.60651 -4.3232
-2.10655 -1.97744
-1.62714 -0.988231
-1.81972 -2.5798
-1.50849 -0.173827
0.087212 -3.21307
-2.58448 -1.76008
-1.41946 -1.66627
-1.90681 -2.48982
-1.49456 -0.345473
-0.0483232 -3.05879
-2.46706 -2.82802
-1.16278 -0.865455
-0.192468 -4.319
-2.3836 -2.58948
-1.31365 -0.99108
-0.163221 -3.1188
-2.31304 -3.49181
-1.01323 -0.18992
-1.47231 -5.65672
-0.838404 -3.91192
-1.27202 -4.78496
-0.651896 -4.27994
-1.51395 -4.41135
-1.19492 -3.50678
-0.215786 -3.5382
-2.21168 -3.62065
-1.03351 0.0225731
-1.58148 -5.70129
-0.794036 -3.83518
-1.34325 -4.78736
-0.518349 -4.11274
-1.71733 -4.29137
-1.99846 -0.122768
-0.859335 -3.0645
-1.13941 -5.04383
-0.929768 -4.28224
-1.13738 -4.65387
-0.851984 -4.46648
-1.24363 -4.5068
-0.566885 -4.27826
-1.6512 -4.28966
-2.13159 -0.933331
-1.74167 -2.24444
-1.67057 -0.302116
-0.650076 -3.09543
-1.63226 -4.91033
-0.794842 -3.5091
-1.34623 -4.92393
-0.585766 -4.1506
-1.61014 -4.3862
-2.05585 -2.32039
-1.51667 -0.68582
-0.851607 -3.21045
-1.18529 -5.02159
-0.864054 -4.29014
-1.22991 -4.61405
-0.65633 -4.34606
-1.51118 -4.38195
-1.25919 -3.49893
-0.546549 -3.34547
-1.74372 -4.64911
-2.14896 -1.62921
-1.71624 -1.34702
-1.94418 -1.361
-1.843 -1.32944
-1.88893 -1.30426
-1.87397 -1.36433
-1.86974 -1.2624
-1.88735 -1.42369
-1.85199 -1.18666
-1.90056 -1.55727
-1.8131 -1.03152
-1.90289 -1.90504
-1.70141 -0.707923
-1.61266 -2.94838
-1.68715 0.0803566
0.0482639 -3.01171
-2.56694 -2.14684
-1.32969 -1.38656
-0.940952 -3.29741
-0.908358 -4.87943
-1.21031 -4.30308
-0.527359 -4.28245
-1.72309 -4.21517
-1.91111 0.102552
-0.293849 -2.88931
-2.1667 -4.06791
-1.0472 0.533478
-1.97241 -5.65309
-1.26084 -3.63944
-0.401846 -3.36048
-1.93687 -4.32963
-1.47861 0.669753
-0.59267 -5.204
-2.16318 -3.14286
-1.19168 -0.344469
-0.521511 -4.93356
-2.07862 -3.45202
-1.13814 0.0199109
-1.15716 -5.58143
-1.23557 -4.01689
-0.292339 -3.86678
-2.09903 -3.77522
-1.0807 0.290432
-1.6533 -5.74807
-0.816038 -3.78723
-1.30905 -4.82556
-0.602135 -4.21113
-1.58698 -4.37981
-1.95191 -2.72795
-1.39837 -0.282991
0.0862053 -3.6146
-2.57312 -1.41455
-1.48307 -1.94448
-2.02566 -1.24939
-1.8266 -1.59523
-1.83338 -0.925333
-1.86943 -2.13342
-1.63336 -0.502176
-0.997284 -3.2112
-0.649958 -4.66248
-1.59537 -4.18849
-2.13966 -1.38119
-1.76496 -1.59965
-1.86495 -0.905787
-1.85657 -2.15269
-1.63196 -0.472983
-0.919538 -3.19502
-0.956545 -4.93088
-1.15196 -4.2982
-0.683834 -4.46879
-1.48125 -4.34814
-1.04035 -3.4971
-0.608947 -4.56409
-1.64075 -4.18769
-2.09584 -0.626474
-1.59397 -2.72703
-1.74049 -0.0475671
-0.282452 -2.94616
-2.17155 -4.02421
-1.03632 0.485391
-1.9659 -5.64656
-1.24049 -3.64115
-0.294829 -3.41638
-2.08985 -3.9916
-1.09969 0.505183
-1.78534 -5.75883
-0.875553 -3.71173
-1.19174 -4.87851
-0.820628 -4.35282
-1.28473 -4.54615
-0.494801 -4.16189
-1.76347 -4.21782
-1.7992 0.316414
0.15615 -3.06829
-2.62749 -1.26288
-1.44019 -2.03258
-2.04206 -1.50241
-1.77994 -1.29294
-1.9214 -1.38423
-1.84714 -1.27251
-1.89535 -1.40087
-1.85378 -1.22497
-1.89748 -1.48607
-1.83316 -1.11384
-1.90714 -1.7078
-1.76568 -0.882056
-1.84602 -2.35467
-1.56672 -0.335695
-0.299227 -3.01064
-2.13703 -4.08053
-1.07469 0.561025
-1.91286 -5.70446
-1.07115 -3.66699
-0.583666 -4.50089
-1.66995 -4.18502
-2.02892 -0.266963
-1.14804 -3.08672
-0.176297 -3.50512
-2.27436 -3.43722
-1.0492 -0.216827
-1.30026 -5.60877
-1.01098 -3.99539
-0.929502 -4.72855
-1.15568 -4.40412
-0.726532 -4.4769
-1.4156 -4.39007
-0.438789 -3.44944
-1.87228 -4.39519
-1.68938 0.511215
0.12762 -3.88472
-2.57187 -0.640258
-1.33733 -2.6062
-1.97322 -2.41018
-1.50195 -0.495742
-0.330384 -3.04059
-2.08875 -4.18262
-1.15439 0.668301
-1.75798 -5.80511
-0.903467 -3.73813
-1.13255 -4.86685
-0.903833 -4.37806
-1.17621 -4.59143
-0.75957 -4.4405
-1.36547 -4.44273
-0.320564 -3.68888
-2.03806 -3.9812
-1.14841 0.530752
-1.64564 -5.79923
-0.87794 -3.79929
-1.19561 -4.84777
-0.80664 -4.36186
-1.30249 -4.52924
-0.445502 -4.08065
-1.84265 -4.14955
-1.53733 0.572375
-0.275078 -4.75509
-2.42056 -2.10552
-1.46514 -1.35193
-1.79674 -2.75984
-1.47401 -0.0464264
0.106655 -3.6562
-2.58056 -1.18149
-1.47868 -2.14173
-2.01521 -0.982789
-1.82013 -2.03126
-1.69191 -0.514449
-1.23615 -3.19787
-0.668172 -3.34706
-1.57358 -4.8504
-0.58388 -3.48981
-1.67154 -4.66609
-1.85224 -3.01059
-1.37076 0.029743
-0.195717 -4.49973
-2.43236 -2.17345
-1.43541 -1.31437
-1.62255 -3.06625
-1.66603 0.138288
0.129095 -3.14221
-2.61155 -1.45261
-1.44311 -1.89292
-2.02819 -1.72778
-1.72422 -1.04611
-1.91517 -2.03721
-1.65116 -0.629847
-1.35256 -3.17938
-1.94539 -2.60433
-1.44201 -0.342252
0.0689216 -3.2459
-2.57054 -1.89027
-1.40221 -1.57162
-1.76408 -2.87305
-1.47712 0.0482443
0.0710165 -3.86137
-2.5635 -1.18764
-1.49221 -2.14811
-1.99888 -0.877529
-1.79925 -2.22165
-1.63757 -0.362856
-0.668764 -3.11218
-1.59873 -4.93358
-0.584359 -3.5042
-1.66875 -4.66164
-1.84491 -3.02502
-1.37319 0.0476177
-0.206173 -4.52251
-2.42655 -2.20323
-1.42937 -1.28914
-1.55202 -3.14158
-1.83038 -0.0205701
-0.42951 -2.96222
-1.97061 -4.47955
-1.55541 0.668037
-0.338679 -4.87372
-2.38863 -2.2703
-1.42976 -1.20922
-1.42232 -3.23059
-2.10242 -1.32573
-1.78718 -1.60756
-1.85 -0.895984
-1.85553 -2.18698
-1.62036 -0.449726
-0.810659 -3.16713
-1.29507 -5.04215
-0.716498 -4.21956
-1.42362 -4.5182
-0.370002 -3.53581
-1.96373 -4.19381
-1.33004 0.676514
-1.14562 -5.6941
-1.427 -3.94917
-1.56394 -3.34007
-1.84107 0.018404
-0.363518 -2.93554
-2.06394 -4.29651
-1.24272 0.74022
-1.5338 -5.84487
-1.00824 -3.86365
-0.891246 -4.74277
-1.20894 -4.37279
-0.57424 -4.3266
-1.64556 -4.27494
-2.132 -0.949609
-1.7462 -2.21796
-1.6756 -0.322691
-0.720121 -3.11993
-1.50288 -4.99829
-0.43054 -3.76952
-1.85547 -4.26442
-1.60138 0.559875
-0.0840073 -4.41889
-2.51129 -1.36498
-1.53724 -2.00267
-1.9668 -0.813979
-1.78678 -2.33777
-1.60667 -0.27768
-0.340024 -3.00655
-2.08181 -4.217
-1.17735 0.694226
-1.70779 -5.82429
-0.907336 -3.76825
-1.12843 -4.85685
-0.907776 -4.38369
-1.17094 -4.59058
-0.769894 -4.4478
-1.35152 -4.44835
-0.326934 -3.76446
-2.02906 -3.96732
-1.15509 0.525255
-1.617 -5.80068
-0.889657 -3.81674
-1.17343 -4.84267
-0.839523 -4.37665
-1.26008 -4.54812
-0.552435 -4.24636
-1.67216 -4.28245
-2.09598 -0.59063
-1.56166 -2.78066
-1.79743 -0.089352
-0.517416 -3.00594
-1.84387 -4.68241
-2.08987 -0.398061
-1.33993 -3.00163
-1.94586 -2.57927
-1.45041 -0.356973
0.0463739 -3.1868
-2.55533 -2.10076
-1.35641 -1.41953
-1.24214 -3.31377
-0.60397 -3.34096
-1.66718 -4.7525
-1.55763 -3.40398
-1.87694 -0.0319631
-0.537738 -2.98883
-1.81895 -4.73037
-2.15597 -0.996737
-1.74289 -2.1707
-1.6938 -0.353854
-0.863601 -3.1618
-1.14112 -5.0224
-0.922689 -4.29426
-1.14835 -4.64508
-0.830341 -4.46091
-1.27149 -4.49318
-0.49222 -4.17461
-1.76991 -4.20507
-1.76925 0.357531
0.194254 -3.21807
-2.62641 -0.861839
-1.402 -2.36061
-2.06178 -1.51238
-1.77132 -1.31476
-1.9227 -1.3504
-1.85305 -1.3218
-1.88592 -1.31927
-1.87283 -1.33879
-1.87487 -1.30072
-1.88017 -1.36213
-1.86762 -1.26958
-1.88734 -1.41073
-1.85485 -1.2046
-1.89851 -1.52358
-1.82305 -1.06884
-1.90631 -1.81137
-1.73215 -0.788106
-1.75149 -2.6808
-1.5338 -0.0470864
0.126646 -3.32488
-2.60077 -1.35639
-1.46143 -1.97798
-2.03574 -1.38145
-1.80588 -1.42779
-1.88677 -1.14536
-1.88827 -1.63982


