-0.662663 1.11995
-1.78916 -4.93073
-0.948608 1.50972
-1.59605 -5.20746
-1.36347 1.93374
-1.25764 -5.44153
-2.00773 -1.10582
-0.897956 -2.07362
-1.74711 -1.81588
-1.52456 -0.975755
-1.65368 -1.40398
-1.60639 -1.05549
-1.61952 -1.39771
-1.62371 -0.965909
-1.58445 -1.57352
-1.61583 -0.683618
-1.4343 -2.00953
-1.55119 0.0309637
-0.0348207 -1.9309
-0.958929 -4.11158
-1.95596 -1.01405
-0.994035 -2.10078
-1.86277 -0.630233
-0.896933 -2.1776
-1.79699 -1.62945
-1.50517 -1.29516
-1.6808 -0.841726
-1.47153 -1.86721
-1.57975 -0.153365
-0.544399 -2.17954
0.36023 -3.07888
-1.3359 -3.5818
-1.25107 1.14441
-0.494915 -4.88053
-0.232872 -2.76455
-0.358417 -3.80705
-0.04972 -3.2544
-0.53323 -3.55663
0.26631 -2.83913
-1.15295 -3.68224
-1.52064 1.24801
-0.0758592 -4.57467
-0.81888 -3.12461
-1.74079 -2.00428
-1.50061 -0.818714
-1.60519 -1.69827
-1.58863 -0.626125
-1.40491 -2.07624
-1.54131 0.134729
0.236533 -1.85498
-1.44658 -3.96599
-1.13631 1.18917
-0.837877 -5.08211
-0.415915 -2.58913
0.0536604 -3.56714
-0.662118 -3.40045
-0.0259009 -2.28401
-0.83431 -3.97906
-1.37249 -2.60308
-1.40937 0.515049
0.652866 -2.96048
-2.04949 -2.91773
-1.2265 -1.07474
-1.71336 -1.59145
-1.56283 -1.05233
-1.64716 -1.32081
-1.61245 -1.13293
-1.62625 -1.29377
-1.62469 -1.10911
-1.61495 -1.35687
-1.62849 -1.00153
-1.59066 -1.52743
-1.62087 -0.746623
-1.47877 -1.91915
-1.56479 -0.129057
-0.4779 -2.15113
0.15665 -3.52469
-0.86492 -3.43871
-1.8898 -1.41827
-1.36498 -1.7621
-1.64307 -0.0782035
-0.333842 -2.05452
-0.325759 -4.02322
-0.109941 -3.16877
-0.466446 -3.61595
0.153228 -3.11033
-0.879687 -3.59059
-1.90562 -1.34417
-1.31297 -1.85915
-1.64278 0.0615989
0.0187797 -1.88259
-1.06394 -4.10088
-1.8442 0.558561
0.781761 -2.47885
-2.30392 -2.30689
-0.825336 -1.74216
-0.733457 -2.45898
-0.690944 -2.48545
-0.199364 -2.26263
-0.558924 -4.02857
0.195928 -2.78097
-1.02751 -3.71399
-1.80196 0.612957
0.772218 -2.60311
-2.27813 -2.35498
-0.89406 -1.72993
-1.37584 -2.42871
-1.45402 0.411684
0.685816 -2.45168
-2.15099 -2.85197
-1.15657 -1.30698
-1.77831 -1.31211
-1.50274 -1.53662
-1.64705 -0.529317
-1.2325 -2.21034
-1.59956 0.416628
0.662167 -2.14574
-2.16934 -2.927
-1.13832 -1.27366
-1.7507 -1.51991
-1.54222 -1.24094
-1.66807 -0.986705
-1.55002 -1.63517
-1.61451 -0.535442
-1.27672 -2.19709
-1.56949 0.391343
0.645909 -2.12581
-2.14573 -2.99874
-1.15281 -1.18273
-1.71075 -1.68499
-1.55552 -0.961523
-1.63242 -1.46717
-1.61211 -0.925287
-1.58056 -1.61756
-1.60955 -0.630772
-1.39109 -2.08034
-1.54473 0.162226
0.295962 -1.85175
-1.56054 -3.90391
-1.07026 0.852236
-0.568347 -4.84809
-0.121862 -2.70117
-0.558561 -3.83773
0.23649 -2.75998
-1.11065 -3.71457
-1.61417 1.12536
0.236071 -4.18372
-1.3761 -3.28828
-1.25631 0.880105
-0.0942737 -4.46772
-0.663887 -3.09672
-0.0995448 -2.27232
-0.726092 -4.01122
-0.20632 -2.37965
-0.508702 -3.97932
0.153738 -2.93752
-0.913326 -3.65912
-1.94562 -0.83587
-0.862358 -2.12384
-1.62035 -2.16118
-1.48787 -0.345614
-0.978724 -2.33874
-1.86309 -0.365152
-0.493716 -2.05973
0.181892 -3.50416
-0.919238 -3.4528
-1.93519 -0.488967
-0.448424 -2.00667
0.00950039 -3.75363
-0.591091 -3.31927
0.292127 -2.47424
-1.30467 -3.78537
-1.28403 1.3217
-0.664088 -5.03928
-0.225917 -2.63922
-0.400384 -3.86401
0.0110335 -3.18494
-0.632516 -3.57434
0.178435 -2.35671
-1.13058 -3.87021
-1.60761 1.18872
0.139217 -4.33004
-1.20832 -3.26873
-1.41667 1.11456
-0.071681 -4.51838
-0.770536 -3.12188
-1.35088 -2.55511
-1.43087 0.530358
0.662226 -2.92927
-2.06846 -2.88438
-1.21886 -1.13856
-1.74204 -1.45016
-1.54855 -1.2807
-1.66347 -0.94245
-1.53907 -1.68958
-1.60623 -0.458171
-1.17404 -2.26202
-1.64144 0.431583
0.671807 -2.13741
-2.18787 -2.87792
-1.12244 -1.33607
-1.76717 -1.45012
-1.52742 -1.36192
-1.66536 -0.789978
-1.45904 -1.91421
-1.5705 -0.0903497
-0.375853 -2.09691
-0.1909 -3.92422
-0.28746 -3.23613
-0.183395 -3.56763
-0.308444 -3.4258
-0.13218 -3.46724
-0.388609 -3.46986
0.0167481 -3.34479
-0.615932 -3.4988
0.229543 -2.39789
-1.20828 -3.83662
-1.44097 1.37035
-0.399893 -4.88882
-0.396599 -2.84824
0.028026 -3.53014
-0.618184 -3.41438
0.219836 -2.36597
-1.20171 -3.85063
-1.45583 1.36709
-0.366697 -4.8637
-0.433149 -2.8755
0.127878 -3.39278
-0.803611 -3.47887
-1.53333 -2.42734
-1.4247 0.0415836
0.194292 -1.89515
-1.35095 -3.99269
-1.23997 1.39329
-0.857754 -5.1541
-0.503312 -2.629
0.303119 -3.11065
-1.19599 -3.58986
-1.43276 1.27078
-0.271209 -4.754
-0.516169 -2.95072
0.320646 -2.93726
-1.25481 -3.63853
-1.34527 1.28594
-0.477217 -4.91289
-0.290053 -2.78181
-0.240234 -3.76063
-0.219477 -3.3249
-0.284736 -3.55143
-0.164351 -3.42292
-0.350489 -3.49901
-0.0557877 -3.39362
-0.503064 -3.4894
0.236226 -2.97989
-1.0636 -3.63794
-1.70311 0.905425
0.580979 -3.50978
-1.97089 -2.90525
-1.26683 -0.907432
-1.62286 -1.87364
-1.55105 -0.539319
-1.32775 -2.18868
-1.5413 0.335553
0.59786 -2.04349
-2.08119 -3.186
-1.16535 -0.92513
-1.43967 -2.25601
-1.48262 0.17948
0.403126 -1.89364
-1.75336 -3.73555
-1.06864 0.217204
0.307274 -3.767
-1.31771 -3.39832
-1.28392 1.06391
-0.297565 -4.70787
-0.413579 -2.92283
0.0775175 -3.44976
-0.707326 -3.4506
-0.442606 -2.43194
0.108655 -3.53231
-0.765491 -3.42333
-1.17119 -2.63345
-1.55614 0.735141
0.630516 -3.22583
-2.02263 -2.88788
-1.24588 -1.03974
-1.70566 -1.60321
-1.56587 -1.01671
-1.63902 -1.38605
-1.61493 -1.0335
-1.60899 -1.44966
-1.62371 -0.878801
-1.55172 -1.71277
-1.59842 -0.469261
-1.19769 -2.25497
-1.61913 0.44561
0.683069 -2.19543
-2.19385 -2.83536
-1.11589 -1.3762
-1.77937 -1.38291
-1.51054 -1.46759
-1.65676 -0.62427
-1.33139 -2.11976
-1.55891 0.279494
0.509643 -1.92568
-1.95231 -3.47216
-1.13252 -0.445454
0.0373791 -2.01192
-1.03755 -4.04931
-1.88154 0.347552
0.705486 -2.01363
-2.27139 -2.66495
-1.0062 -1.56203
-1.71886 -1.79677
-1.53869 -0.897343
-1.62181 -1.56592
-1.60482 -0.794497
-1.52504 -1.82339
-1.5793 -0.310777
-0.918985 -2.30314
-1.871 -1.10178
-1.28206 -1.9726
-1.62965 0.188893
0.311337 -1.82352
-1.60337 -3.88624
-1.05744 0.725115
-0.43208 -4.72329
-0.194442 -2.825
-0.412887 -3.78911
0.0384483 -3.19393
-0.672156 -3.56463
-0.0465704 -2.30212
-0.796806 -3.98038
-0.958898 -2.65824
-1.86492 -0.157177
-0.100331 -1.86215
-0.882859 -4.16343
-1.58491 -2.42025
-1.42491 -0.103202
-0.209866 -2.04706
-0.614469 -4.11386
0.192248 -2.59952
-1.07237 -3.78111
-1.71647 0.915363
0.578435 -3.52699
-1.97006 -2.90158
-1.26784 -0.908022
-1.62449 -1.86833
-1.55183 -0.548008
-1.33885 -2.17764
-1.53887 0.313003
0.570814 -2.00284
-2.04318 -3.28119
-1.16083 -0.778769
-1.11767 -2.43306
-1.66722 0.49943
0.717664 -2.29372
-2.23189 -2.67147
-1.05745 -1.53353
-1.79187 -1.40188
-1.49912 -1.48819
-1.65708 -0.577572
-1.27943 -2.16967
-1.57536 0.367404
0.62002 -2.06281
-2.11618 -3.09818
-1.16123 -1.05598
-1.61029 -1.98022
-1.53028 -0.428524
-1.16051 -2.30019
-1.64646 0.451256
0.687096 -2.18208
-2.20354 -2.8119
-1.10504 -1.40497
-1.78259 -1.38021
-1.50682 -1.48045
-1.65585 -0.601675
-1.30839 -2.14417
-1.56445 0.32353
0.571134 -1.98925
-2.04817 -3.27648
-1.16011 -0.791931
-1.14622 -2.429
-1.63182 0.549441
0.729108 -2.47788
-2.22259 -2.62096
-1.06058 -1.56045
-1.80504 -1.30163
-1.46786 -1.6277
-1.63885 -0.364278
-0.981695 -2.28533
-1.86376 -0.420437
-0.585895 -2.09964
0.426725 -2.81063
-1.52414 -3.59789
-1.13556 0.710256
-0.178989 -4.50667
-0.496529 -3.02392
0.279185 -3.0458
-1.14679 -3.61297
-1.52317 1.21933
-0.029469 -4.51798
-0.889935 -3.16296
-1.92502 -0.801871
-0.896345 -2.13844
-1.77709 -1.71157
-1.51728 -1.15922
-1.68011 -1.07106
-1.56164 -1.54534
-1.62742 -0.653279
-1.39488 -2.06168
-1.54863 0.142179
0.247064 -1.85176
-1.46768 -3.95665
-1.11953 1.13196
-0.806061 -5.05167
-0.326478 -2.56699
-0.197193 -3.80385
-0.276927 -3.30069
-0.195626 -3.54523
-0.293809 -3.4388
-0.156229 -3.4716
-0.355491 -3.47233
-0.0466263 -3.39777
-0.515464 -3.48525
0.255793 -2.92168
-1.11461 -3.65627
-1.59464 1.13915
0.192479 -4.24281
-1.29211 -3.28686
-1.32024 1.0412
-0.175911 -4.5943
-0.576995 -3.02596
0.339031 -2.52065
-1.38853 -3.7449
-1.19357 1.14926
-0.643963 -4.97503
-0.173888 -2.64073
-0.492352 -3.87122
0.153014 -2.99638
-0.899665 -3.63577
-1.93526 -1.04491
-1.08129 -2.08509
-1.78888 -0.0450106
-0.0572369 -1.86913
-0.94967 -4.14282
-1.93462 -1.27957
-1.22284 -1.96131
-1.67701 0.160976
0.259291 -1.80856
-1.51096 -3.95009
-1.09039 1.01953
-0.735274 -4.9866
-0.18983 -2.56586
-0.485132 -3.90299
0.136464 -3.01132
-0.867261 -3.63104
-1.86013 -1.63861
-1.44292 -1.49293
-1.67577 -0.479437
-1.1238 -2.24734
-1.70255 0.323904
0.557835 -1.90007
-2.0533 -3.30105
-1.15248 -0.781477
-1.08213 -2.43855
-1.71489 0.401287
0.65342 -2.03292
-2.1829 -2.93714
-1.12628 -1.28309
-1.74312 -1.57378
-1.54621 -1.16583
-1.66632 -1.10779
-1.58192 -1.4602
-1.63301 -0.795814
-1.49897 -1.85836
-1.576 -0.221247
-0.714999 -2.25284
-0.256575 -2.2716
-0.440291 -4.00552
0.0530078 -3.07657
-0.716877 -3.61486
-0.435832 -2.43957
0.0890297 -3.55757
-0.727879 -3.40981
-0.715716 -2.54992
-0.540308 -2.42368
0.373064 -2.94561
-1.37746 -3.61195
-1.2122 1.081
-0.502394 -4.86709
-0.210724 -2.75816
-0.400035 -3.81642
0.014948 -3.20362
-0.63493 -3.56476
0.16785 -2.34645
-1.11596 -3.87775
-1.64281 1.12292
0.271844 -4.1397
-1.45031 -3.27787
-1.22398 0.696433
0.0923362 -4.20658
-0.956848 -3.26011
-1.87188 0.0972903
0.382352 -1.73412
-1.78315 -3.7641
-1.05879 0.168221
0.338802 -3.69739
-1.37932 -3.40487
-1.23567 0.943328
-0.242289 -4.62588
-0.455775 -2.96842
0.187721 -3.26838
-0.929749 -3.5334
-1.93533 -0.401211
-0.307676 -1.93768
-0.438893 -4.10907
0.0337717 -3.04179
-0.695158 -3.63485
-0.203196 -2.34605
-0.524939 -3.99379
0.170553 -2.88966
-0.95435 -3.67613
-1.92896 -0.195422
0.0229421 -1.78132
-1.116 -4.12969
-1.73346 0.974248
0.526356 -3.67781
-1.89637 -2.9903
-1.26934 -0.663404
-1.27102 -2.35029
-1.53132 0.511454
0.708661 -2.54881
-2.17903 -2.73089
-1.1263 -1.43741
-1.80378 -1.14423
-1.42747 -1.78336
-1.61354 -0.140867
-0.506783 -2.15174
0.249958 -3.35999
-1.0676 -3.51287
-1.67311 0.937416
0.528641 -3.63139
-1.88371 -3.02412
-1.26318 -0.608626
-1.13092 -2.4003
-1.65751 0.496999
0.715346 -2.29501
-2.22789 -2.6843
-1.06444 -1.52145
-1.79394 -1.37561
-1.49368 -1.52053
-1.65297 -0.529606
-1.22534 -2.21158
-1.60535 0.417039
0.661753 -2.13958
-2.1701 -2.92748
-1.13764 -1.2743
-1.75038 -1.5225
-1.54244 -1.23745
-1.66808 -0.992225
-1.55178 -1.62725
-1.61558 -0.547363
-1.29091 -2.18498
-1.56353 0.371324
0.628135 -2.08788
-2.1239 -3.06933
-1.16034 -1.09188
-1.6461 -1.89075
-1.54334 -0.596819
-1.40262 -2.1099
-1.53268 0.162396
0.307924 -1.85628
-1.58159 -3.88865
-1.06434 0.784189
-0.492937 -4.78123
-0.153944 -2.77152
-0.490981 -3.81217
0.161975 -3.00763
-0.913741 -3.63076
-1.94556 -0.785324
-0.807634 -2.11948
-1.17424 -2.54892
-1.571 0.675148
0.682266 -2.9959
-2.11056 -2.75303
-1.19535 -1.3178
-1.78951 -1.0779
-1.42588 -1.81623
-1.60547 -0.108375
-0.425977 -2.11337
-0.0277227 -3.7717
-0.527413 -3.30705
0.297916 -2.85097
-1.21828 -3.67133
-1.40226 1.31281
-0.394314 -4.86379
-0.379465 -2.84948
-0.0170146 -3.5778
-0.543165 -3.39413
0.300787 -2.76764
-1.24184 -3.69605
-1.36713 1.32226
-0.481616 -4.9281
-0.299224 -2.77982
-0.220541 -3.75155
-0.246532 -3.33004
-0.242451 -3.54396
-0.228053 -3.43844
-0.258701 -3.49385
-0.207948 -3.46043
-0.285313 -3.48351
-0.167302 -3.45535
-0.342369 -3.48263
-0.0705436 -3.41003
-0.480234 -3.4847
0.197102 -3.07717
-0.96892 -3.60364
-1.89589 0.0779416
0.398932 -1.72549
-1.81929 -3.72742
-1.0673 0.0527749
0.486571 -3.33298
-1.68553 -3.34258
-1.17965 0.110739
0.624289 -2.786
-1.9917 -3.09833
-1.22004 -0.815052
-1.41745 -2.25637
-1.4879 0.227344
0.4843 -1.93684
-1.89822 -3.54867
-1.11617 -0.268916
0.483134 -2.1082
-1.83301 -3.57179
-1.11301 -0.102269
0.613193 -2.54295
-1.9947 -3.17617
-1.20151 -0.763157
-1.25798 -2.38044
-1.53295 0.542758
0.708848 -2.64705
-2.16965 -2.71906
-1.1358 -1.43423
-1.80512 -1.0928
-1.4061 -1.83883
-1.60606 -0.0559613
-0.28884 -2.04126
-0.445326 -4.08069
0.0475723 -3.04331
-0.715598 -3.63091
-0.409507 -2.42882
0.00569796 -3.6624
-0.579354 -3.35638
0.304803 -2.54895
-1.30759 -3.75817
-1.27917 1.30132
-0.647286 -5.02342
-0.217789 -2.6492
-0.413117 -3.86222
0.031129 -3.16787
-0.66566 -3.57791
0.00481423 -2.30001
-0.874437 -3.96003
-1.72652 -2.142
-1.47969 -0.683138
-1.51171 -1.97453
-1.5446 -0.166419
-0.569102 -2.20096
0.409553 -2.86585
-1.47518 -3.60331
-1.15302 0.841555
-0.319089 -4.66433
-0.335617 -2.90876
-0.118882 -3.6476
-0.389953 -3.37321
0.022541 -3.37392
-0.621396 -3.48465
0.211788 -2.37164
-1.18484 -3.85218
-1.48874 1.34224
-0.269704 -4.78033
-0.549215 -2.95702
0.355997 -2.71221
-1.37634 -3.68517
-1.20758 1.13319
-0.586968 -4.93669
-0.178706 -2.68761
-0.472121 -3.85079
0.1261 -3.05411
-0.840807 -3.61438
-1.73847 -2.07174
-1.48991 -0.766272
-1.57691 -1.80501
-1.5737 -0.45984
-1.19981 -2.2655
-1.61426 0.456407
0.690556 -2.2299
-2.19922 -2.80428
-1.10911 -1.40605
-1.78612 -1.34768
-1.49891 -1.52417
-1.65061 -0.535645
-1.23625 -2.2059
-1.59765 0.412754
0.65913 -2.13865
-2.16577 -2.93983
-1.14082 -1.25862
-1.74496 -1.54623
-1.54588 -1.19736
-1.66699 -1.05857
-1.57111 -1.53029
-1.62686 -0.692751
-1.43081 -2.00603
-1.55307 0.0353164
-0.024762 -1.92608
-0.976741 -4.10845
-1.96652 -0.681796
-0.604539 -2.05576
0.440831 -2.69179
-1.57739 -3.60526
-1.12062 0.574137
-0.0256852 -4.31519
-0.717588 -3.15956
-0.701457 -2.52974
-0.351226 -2.33239
-0.188633 -3.86288
-0.288677 -3.26847
-0.178153 -3.55236
-0.316999 -3.43324
-0.11695 -3.4568
-0.410546 -3.4719
0.0602848 -3.2975
-0.691131 -3.51546
-0.23345 -2.34741
-0.465408 -3.98506
0.0927438 -3.03863
-0.787708 -3.62461
-1.26668 -2.6253
-1.46455 0.696826
0.572157 -3.35978
-1.91109 -3.05945
-1.24994 -0.653772
-1.19042 -2.3903
-1.59132 0.559028
0.72262 -2.57189
-2.20086 -2.65253
-1.09319 -1.51883
-1.81185 -1.15545
-1.41837 -1.79284
-1.61406 -0.117197
-0.446476 -2.12144
0.0427711 -3.68907
-0.646974 -3.35064
0.0708298 -2.27901
-0.982736 -3.94019
-1.94174 -0.192553
0.0686013 -1.75787
-1.20077 -4.10961
-1.52845 1.3894
-0.269237 -4.79982
-0.573427 -2.9619
0.349853 -2.54389
-1.40523 -3.73146
-1.18049 1.103
-0.613741 -4.94406
-0.164054 -2.66371
-0.502518 -3.86081
0.169625 -2.96729
-0.935791 -3.64605
-1.94227 -0.438764
-0.343153 -1.95236
-0.339395 -4.05799
-0.0947568 -3.14557
-0.49188 -3.62314
0.196339 -3.02113
-0.976359 -3.6244
-1.88685 0.151195
0.491474 -1.75833
-1.98263 -3.48646
-1.12308 -0.495826
-0.0485266 -2.04538
-0.890601 -4.07772
-1.73004 -2.14713
-1.47802 -0.691136
-1.51945 -1.95976
-1.5471 -0.195784
-0.647071 -2.23477
0.311294 -2.25763
-1.41949 -3.82583
-1.16336 1.14051
-0.707611 -5.00708
-0.192544 -2.59314
-0.473 -3.89105
0.120523 -3.04392
-0.83314 -3.61907
-1.68624 -2.19502
-1.47475 -0.524582
-1.3148 -2.23845
-1.53429 0.387365
0.653292 -2.17589
-2.14654 -2.97604
-1.15406 -1.20221
-1.72543 -1.62229
-1.55401 -1.06392
-1.65395 -1.28676
-1.6081 -1.19333
-1.6335 -1.19698
-1.61769 -1.25449
-1.62956 -1.13741
-1.61505 -1.32752
-1.62984 -1.03749
-1.59829 -1.47524
-1.62505 -0.822092
-1.52219 -1.80572
-1.58402 -0.317948
-0.932355 -2.30301
-1.87868 -0.930362
-1.15324 -2.09617
-1.70678 0.217753
0.386542 -1.80398
-1.75965 -3.76226
-1.06084 0.223486
0.276004 -3.82229
-1.25251 -3.39019
-1.35275 1.15115
-0.264267 -4.70705
-0.482977 -2.95185
0.254044 -3.13565
-1.08179 -3.58466
-1.65308 1.0056
0.433621 -3.84006
-1.72567 -3.17065
-1.22878 -0.101481
0.423396 -2.00093
-1.75005 -3.70009
-1.07868 0.197154
0.36079 -3.66269
-1.42907 -3.40046
-1.20871 0.823564
-0.137364 -4.49542
-0.581998 -3.05829
0.328836 -2.49018
-1.37595 -3.75938
-1.20436 1.18573
-0.666852 -4.99863
-0.186551 -2.62537
-0.474905 -3.87762
0.125764 -3.04193
-0.842565 -3.61942
-1.74661 -2.05069
-1.4913 -0.80651
-1.60194 -1.72217
-1.58504 -0.596607
-1.37626 -2.1164
-1.54002 0.212935
0.405747 -1.87318
-1.76737 -3.72895
-1.06966 0.177638
0.358683 -3.66175
-1.42261 -3.40264
-1.21144 0.840722
-0.15534 -4.51753
-0.558052 -3.04256
0.348682 -2.64785
-1.37503 -3.70654
-1.2075 1.15069
-0.611293 -4.95648
-0.176888 -2.66775
-0.48026 -3.85948
0.137123 -3.03143
-0.864451 -3.62281
-1.85198 -1.67678
-1.45423 -1.43562
-1.68208 -0.569327
-1.23414 -2.18891
-1.6041 0.397748
0.644343 -2.09523
-2.15081 -2.9981
-1.14905 -1.1907
-1.71147 -1.68598
-1.55509 -0.963038
-1.63309 -1.46388
-1.61212 -0.930728
-1.58249 -1.60867
-1.61055 -0.64434
-1.40352 -2.06212
-1.54566 0.127198
0.214662 -1.85619
-1.40583 -3.98479
-1.17512 1.29218
-0.876419 -5.12892
-0.550736 -2.63636
0.383277 -2.76797
-1.4278 -3.65118
-1.17193 0.993148
-0.483458 -4.82948
-0.203734 -2.77453
-0.408515 -3.81047
0.0291742 -3.19341
-0.65809 -3.56658
0.0502611 -2.30128
-0.942625 -3.94046
-1.95619 -0.86474
-0.85564 -2.11618
-1.57325 -2.24419
-1.47022 -0.163961
-0.482877 -2.17855
0.180494 -3.48015
-0.914284 -3.45998
-1.93787 -0.573747
-0.564953 -2.05613
0.387834 -3.02336
-1.40726 -3.58045
-1.1937 0.992891
-0.425283 -4.78777
-0.253965 -2.82174
-0.306568 -3.77194
-0.126222 -3.30447
-0.419973 -3.55216
0.0729386 -3.25265
-0.717955 -3.53416
-0.508984 -2.46767
0.307505 -3.14715
-1.20448 -3.5781
-1.41824 1.26866
-0.297275 -4.77417
-0.479971 -2.92815
0.24792 -3.15748
-1.06646 -3.57728
-1.68549 0.929807
0.545311 -3.59629
-1.91265 -2.98667
-1.26697 -0.707156
-1.34964 -2.29933
-1.49994 0.379707
0.65948 -2.22893
-2.14535 -2.95747
-1.15635 -1.21532
-1.73594 -1.57106
-1.55095 -1.14472
-1.66306 -1.14947
-1.59125 -1.3951
-1.6364 -0.894281
-1.54662 -1.7101
-1.60014 -0.458671
-1.1799 -2.26235
-1.63518 0.438167
0.677113 -2.15942
-2.19178 -2.85702
-1.11846 -1.35702
-1.77328 -1.41866
-1.51983 -1.41258
-1.66185 -0.709936
-1.40446 -2.01885
-1.55736 0.0938822
0.123214 -1.87199
-1.23829 -4.04551
-1.43152 1.45656
-0.540316 -5.01406
-0.310322 -2.74338
-0.201877 -3.75314
-0.271737 -3.32832
-0.201735 -3.53518
-0.286341 -3.44447
-0.168162 -3.47328
-0.339049 -3.47341
-0.0766362 -3.41762
-0.470777 -3.48234
0.179597 -3.11381
-0.929224 -3.58958
-1.94092 -0.471547
-0.40008 -1.98098
-0.159378 -3.92653
-0.332296 -3.23365
-0.0982012 -3.52364
-0.428597 -3.43325
0.099928 -3.26117
-0.762805 -3.52949
-1.05997 -2.64343
-1.71166 0.508723
0.729612 -2.29505
-2.25078 -2.60543
-1.0198 -1.58989
-1.7672 -1.59185
-1.52894 -1.22915
-1.67446 -0.979864
-1.54114 -1.65923
-1.612 -0.490996
-1.2182 -2.23754
-1.60457 0.43865
0.678929 -2.19522
-2.18685 -2.85613
-1.12321 -1.35183
-1.77486 -1.40042
-1.51683 -1.43577
-1.65958 -0.675225
-1.3773 -2.06105
-1.55516 0.170875
0.306069 -1.84868
-1.5815 -3.89158
-1.0639 0.786933
-0.497949 -4.78535
-0.150763 -2.76704
-0.497067 -3.81378
0.170787 -2.98858
-0.933688 -3.63771
-1.94275 -0.461177
-0.376976 -1.96887
-0.235319 -3.98818
-0.229838 -3.20264
-0.285338 -3.60909
-0.160754 -3.39439
-0.359231 -3.51318
-0.0399586 -3.37666
-0.527794 -3.49414
0.270507 -2.86088
-1.1573 -3.67431
-1.51099 1.25489
-0.102376 -4.60208
-0.775139 -3.10144
-1.40119 -2.52188
-1.42065 0.411556
0.684301 -2.56745
-2.13258 -2.85636
-1.1725 -1.27535
-1.77461 -1.30799
-1.50633 -1.52963
-1.64723 -0.5444
-1.2517 -2.19717
-1.58769 0.402954
0.652223 -2.1279
-2.15634 -2.96987
-1.14685 -1.22141
-1.72936 -1.61306
-1.55248 -1.08504
-1.65742 -1.24894
-1.60452 -1.25009
-1.63691 -1.11042
-1.60615 -1.38379
-1.63085 -0.946212
-1.57184 -1.61838
-1.61182 -0.606972
-1.36412 -2.11326
-1.54572 0.229872
0.433199 -1.88218
-1.81833 -3.67031
-1.08423 0.00889742
0.556573 -3.08895
-1.8347 -3.25252
-1.20628 -0.333518
-0.0486831 -2.02464
-0.898663 -4.08521
-1.77206 -2.03838
-1.485 -0.897924
-1.64823 -1.53148
-1.59893 -0.905614
-1.58392 -1.62842
-1.60671 -0.6296
-1.3926 -2.08034
-1.54421 0.159611
0.290626 -1.8518
-1.55025 -3.91028
-1.07392 0.884494
-0.601456 -4.87682
-0.117178 -2.66957
-0.574308 -3.85051
0.241686 -2.69469
-1.13795 -3.73577
-1.56022 1.21881
0.0299383 -4.45905
-1.00338 -3.20918
-1.78075 0.520392
0.753025 -2.32933
-2.28126 -2.47519
-0.937063 -1.67525
-1.57095 -2.19182
-1.48352 -0.186973
-0.568286 -2.21694
0.409097 -2.86014
-1.4748 -3.60518
-1.15289 0.84384
-0.322763 -4.66796
-0.331716 -2.90583
-0.128268 -3.65515
-0.37652 -3.37087
-0.00510634 -3.40157
-0.57571 -3.47548
0.295368 -2.59653
-1.27407 -3.74913
-1.32343 1.33179
-0.58996 -5.0001
-0.237429 -2.69494
-0.365278 -3.83542
-0.0407932 -3.23558
-0.549014 -3.56337
0.279138 -2.75979
-1.19756 -3.70501
-1.44065 1.31713
-0.323474 -4.81241
-0.465236 -2.90856
0.21236 -3.23902
-0.983463 -3.54683
-1.85955 0.287982
0.627687 -1.88947
-2.18047 -3.006
-1.12533 -1.22445
-1.70171 -1.74586
-1.55193 -0.88183
-1.60782 -1.60827
-1.60316 -0.714288
-1.47149 -1.95179
-1.55784 -0.0888228
-0.366324 -2.09531
-0.219659 -3.94586
-0.248795 -3.22539
-0.251391 -3.59299
-0.211663 -3.41191
-0.285504 -3.50829
-0.165511 -3.44341
-0.346291 -3.48857
-0.0634208 -3.40299
-0.491102 -3.48653
0.216465 -3.03245
-1.01458 -3.61997
-1.80915 0.552923
0.77039 -2.43407
-2.2926 -2.3778
-0.879289 -1.71954
-1.23933 -2.5012
-1.51707 0.639067
0.66761 -3.01215
-2.08179 -2.82218
-1.21546 -1.21214
-1.76805 -1.26511
-1.50695 -1.55536
-1.64216 -0.517451
-1.22271 -2.21914
-1.60557 0.423301
0.66697 -2.15478
-2.17551 -2.90594
-1.13353 -1.29851
-1.759 -1.48112
-1.53549 -1.30524
-1.66747 -0.882243
-1.50871 -1.78545
-1.59162 -0.302627
-0.896533 -2.29585
-1.83858 -1.4211
-1.4446 -1.61449
-1.64931 -0.33859
-0.92132 -2.2782
-1.86876 -1.11499
-1.29374 -1.95823
-1.62625 0.170691
0.272808 -1.82489
-1.52878 -3.93347
-1.08179 0.959836
-0.679969 -4.94163
-0.137309 -2.59984
-0.562874 -3.88516
0.229766 -2.74943
-1.10013 -3.71951
-1.63835 1.08081
0.323461 -4.04709
-1.53601 -3.26272
-1.20746 0.463847
0.371243 -3.71652
-1.48212 -3.36821
-1.19483 0.669232
0.0521171 -4.24872
-0.875291 -3.22738
-1.91704 -1.06836
-1.14904 -2.06011
-1.72039 0.162979
0.289416 -1.79135
-1.57628 -3.91677
-1.06196 0.822189
-0.551352 -4.82959
-0.124025 -2.71754
-0.55088 -3.83098
0.23213 -2.79117
-1.09435 -3.70451
-1.64796 1.05615
0.365351 -3.97465
-1.61053 -3.23493
-1.20906 0.246945
0.592256 -3.05511
-1.91826 -3.14083
-1.22839 -0.614964
-1.01269 -2.417
-1.81681 0.018992
0.131654 -1.78557
-1.29296 -4.06192
-1.33735 1.48435
-0.767116 -5.14614
-0.346442 -2.6158
-0.136329 -3.74732
-0.361546 -3.32399
-0.0357346 -3.445
-0.525391 -3.45986
0.273068 -2.87074
-1.16079 -3.67061
-1.50377 1.26036
-0.122928 -4.62301
-0.742144 -3.08326
-1.02966 -2.61459
-1.76446 0.338294
0.605311 -1.92005
-2.13253 -3.11712
-1.14843 -1.06622
-1.59332 -2.02578
-1.52189 -0.349955
-1.00509 -2.32814
-1.83735 -0.155686
-0.173369 -1.90843
-0.737545 -4.16671
-0.18063 -2.38833
-0.553067 -3.97818
0.202693 -2.79757
-1.03597 -3.70682
-1.78118 0.688537
0.753625 -2.82378
-2.23779 -2.41262
-0.98501 -1.69559
-1.76051 -1.66383
-1.53065 -1.14389
-1.67324 -1.11656
-1.57744 -1.46599
-1.63391 -0.778015
-1.48681 -1.88695
-1.57134 -0.171428
-0.59031 -2.2032
0.428305 -2.68707
-1.54878 -3.62301
-1.12348 0.662901
-0.145964 -4.463
-0.537183 -3.05256
0.338376 -2.78862
-1.32052 -3.67459
-1.26318 1.23007
-0.586105 -4.96525
-0.206183 -2.69208
-0.423664 -3.84628
0.0496715 -3.15669
-0.696139 -3.57953
-0.245522 -2.35673
-0.437727 -3.97572
0.0538595 -3.0906
-0.71533 -3.60842
-0.423823 -2.43372
0.0506869 -3.60839
-0.657407 -3.38348
0.00523637 -2.27995
-0.882436 -3.96754
-1.76915 -2.03156
-1.48706 -0.893023
-1.64549 -1.54216
-1.59889 -0.886945
-1.57651 -1.6599
-1.60296 -0.580835
-1.34329 -2.14269
-1.54661 0.281505
0.520582 -1.94117
-1.96792 -3.44108
-1.13883 -0.502472
-0.166882 -2.09411
-0.677436 -4.09558
0.0910512 -2.39814
-0.970381 -3.88773
-1.94546 -0.282423
-0.0721372 -1.81632
-0.948487 -4.16717
-1.92401 -1.37529
-1.28621 -1.87672
-1.65406 0.0882575
0.0865802 -1.85432
-1.18552 -4.07218
-1.54859 1.34972
-0.178868 -4.71029
-0.693434 -3.03996
-0.42097 -2.39631
0.0340312 -3.63741
-0.628185 -3.36955
0.17707 -2.32001
-1.1419 -3.88297
-1.58601 1.22997
0.0512516 -4.44335
-1.05178 -3.22357
-1.68318 0.812888
0.652867 -3.25393
-2.07477 -2.75456
-1.22582 -1.24958
-1.77792 -1.12261
-1.45944 -1.73865
-1.61519 -0.239405
-0.743656 -2.25056
-0.597077 -2.43249
0.39536 -2.49244
-1.52012 -3.70016
-1.11833 0.795126
-0.351672 -4.67898
-0.289101 -2.88509
-0.224732 -3.71781
-0.242085 -3.34821
-0.247368 -3.53629
-0.221496 -3.44159
-0.267935 -3.49279
-0.193933 -3.45812
-0.30528 -3.48416
-0.134696 -3.44319
-0.388215 -3.48289
0.0154834 -3.34115
-0.614459 -3.50066
0.233775 -2.40478
-1.2138 -3.83272
-1.43022 1.37398
-0.426089 -4.90857
-0.370427 -2.82714
-0.0426864 -3.60894
-0.502184 -3.38155
0.250775 -2.98611
-1.09302 -3.63491
-1.63722 1.05495
0.356195 -3.98599
-1.59096 -3.24533
-1.20698 0.305913
0.543251 -3.25651
-1.81981 -3.2225
-1.21516 -0.315752
-0.0420119 -2.01971
-0.911043 -4.08403
-1.83593 -1.82573
-1.46951 -1.26448
-1.69777 -0.838171
-1.44728 -1.90188
-1.5767 -0.0760483
-0.339209 -2.07592
-0.303383 -4.00491
-0.138805 -3.18523
-0.42333 -3.61474
0.0737136 -3.22755
-0.722837 -3.54502
-0.557875 -2.49055
0.396403 -2.77317
-1.45769 -3.63858
-1.15616 0.910791
-0.409591 -4.75388
-0.251076 -2.83614
-0.309343 -3.76729
-0.122156 -3.30557
-0.425341 -3.55064
0.0834359 -3.24014
-0.73723 -3.5389
-0.736671 -2.56565
-0.817612 -2.53849
-1.62103 -2.20901
-1.47648 -0.320065
-0.909047 -2.33475
-1.86697 -1.18124
-1.32817 -1.90137
-1.62259 0.0945394
0.0972645 -1.8604
-1.20033 -4.06423
-1.51394 1.3917
-0.297119 -4.822
-0.534719 -2.93734
0.347009 -2.81512
-1.33514 -3.66282
-1.24782 1.19799
-0.578144 -4.95055
-0.199745 -2.69722
-0.433758 -3.84507
0.065984 -3.13923
-0.724979 -3.58471
-0.551649 -2.49022
0.39018 -2.82241
-1.43479 -3.63187
-1.16995 0.962664
-0.445694 -4.79442
-0.228376 -2.80599
-0.357833 -3.79051
-0.04983 -3.26231
-0.5317 -3.55278
0.26529 -2.84633
-1.1493 -3.68005
-1.52749 1.23975
-0.0523137 -4.54893
-0.857629 -3.14462
-1.88727 -1.34753
-1.34949 -1.81295
-1.63648 -0.0111205
-0.16603 -1.96908
-0.726649 -4.1431
-0.124251 -2.37426
-0.652427 -3.97712
0.152738 -2.42325
-1.06213 -3.85643
-1.76194 0.802001
0.6918 -3.17052
-2.14199 -2.59702
-1.15876 -1.48448
-1.80886 -0.837465
-1.251 -2.08039
-1.62106 0.298085
0.514158 -1.90069
-1.97037 -3.45232
-1.13519 -0.498567
-0.132156 -2.07862
-0.743366 -4.09519
-0.27746 -2.41067
-0.352702 -3.93099
-0.0654853 -3.20126
-0.52115 -3.58722
0.246556 -2.8991
-1.09968 -3.66503
-1.62827 1.0825
0.310458 -4.06485
-1.50969 -3.27148
-1.20968 0.538913
0.278072 -3.90054
-1.30013 -3.36736
-1.30351 1.07534
-0.266778 -4.68543
-0.456815 -2.94836
0.190637 -3.26885
-0.935787 -3.53362
-1.93022 -0.310282
-0.172668 -1.8716
-0.753871 -4.1802
-0.289641 -2.42279
-0.321386 -3.91423
-0.108739 -3.22629
-0.457314 -3.5871
0.140389 -3.1437
-0.850987 -3.57738
-1.80883 -1.84887
-1.48783 -1.15665
-1.69332 -1.03733
-1.53927 -1.62389
-1.61956 -0.520004
-1.25128 -2.21295
-1.58363 0.416375
0.664484 -2.16677
-2.16839 -2.92081
-1.13935 -1.27731
-1.75361 -1.50281
-1.54006 -1.26676
-1.66797 -0.945207
-1.5354 -1.69496
-1.60596 -0.444368
-1.15236 -2.27063
-1.66316 0.409586
0.652778 -2.07025
-2.17198 -2.95162
-1.1351 -1.2575
-1.73807 -1.58698
-1.54885 -1.13717
-1.66374 -1.15777
-1.59181 -1.38576
-1.63699 -0.906775
-1.55131 -1.69167
-1.60289 -0.486799
-1.22027 -2.24095
-1.60179 0.442099
0.681616 -2.20795
-2.18867 -2.84534
-1.12126 -1.36239
-1.77778 -1.3842
-1.51233 -1.46129
-1.65717 -0.635358
-1.34221 -2.10729
-1.55713 0.256412
0.472469 -1.89898
-1.88952 -3.57466
-1.10904 -0.229235
0.54618 -2.22241
-1.9271 -3.40334
-1.15596 -0.444539
-0.0976455 -2.05794
-0.808068 -4.0925
-0.929827 -2.65945
-1.89299 -0.475179
-0.577353 -2.08296
0.414272 -2.89747
-1.483 -3.59059
-1.15177 0.812593
-0.280764 -4.62458
-0.376991 -2.93949
-0.0158187 -3.55085
-0.546365 -3.40657
0.301199 -2.7509
-1.24652 -3.70097
-1.36039 1.32305
-0.497175 -4.93873
-0.28719 -2.76749
-0.249022 -3.76956
-0.207238 -3.31955
-0.303666 -3.55486
-0.134404 -3.41144
-0.392821 -3.49927
0.0237509 -3.32688
-0.62908 -3.50608
0.18511 -2.34954
-1.14498 -3.87
-1.57579 1.24192
0.0194123 -4.48088
-0.995259 -3.20198
-1.79659 0.457043
0.728867 -2.17378
-2.27201 -2.58562
-0.985701 -1.61186
-1.70178 -1.86924
-1.53387 -0.78712
-1.57113 -1.773
-1.58161 -0.469602
-1.21038 -2.25658
-1.60658 0.453191
0.688776 -2.23115
-2.19595 -2.81365
-1.11294 -1.39525
-1.78474 -1.35047
-1.50086 -1.51707
-1.6513 -0.547531
-1.2505 -2.19567
-1.58904 0.401988
0.651078 -2.12378
-2.15536 -2.97421
-1.14733 -1.21653
-1.72682 -1.62382
-1.55313 -1.06711
-1.65487 -1.27997
-1.60736 -1.20426
-1.6344 -1.17994
-1.61582 -1.28002
-1.6306 -1.09941
-1.60923 -1.38478
-1.62938 -0.953203
-1.5755 -1.60456
-1.61325 -0.629756
-1.38648 -2.08389
-1.54536 0.172643
0.318212 -1.85278
-1.60322 -3.87535
-1.05944 0.716253
-0.413901 -4.70762
-0.210135 -2.83997
-0.382943 -3.78025
-0.00963421 -3.24012
-0.5925 -3.55314
0.274362 -2.52646
-1.25211 -3.7788
-1.35844 1.35976
-0.55314 -4.9871
-0.263818 -2.72548
-0.306319 -3.8072
-0.126869 -3.2868
-0.421993 -3.56126
0.0760453 -3.24538
-0.724127 -3.5371
-0.579229 -2.49964
0.401244 -2.59981
-1.50522 -3.67266
-1.12882 0.813682
-0.34793 -4.68068
-0.296798 -2.88732
-0.208189 -3.70904
-0.264955 -3.35244
-0.210576 -3.52691
-0.274831 -3.4491
-0.186372 -3.47665
-0.313668 -3.47391
-0.121014 -3.44158
-0.406964 -3.4807
0.0525704 -3.30314
-0.677833 -3.51358
-0.113239 -2.30985
-0.691477 -4.00034
0.00952619 -2.35225
-0.862583 -3.93779
-1.66445 -2.27112
-1.45949 -0.414301
-1.10556 -2.34093
-1.70375 0.375543
0.623215 -1.98443
-2.14438 -3.06079
-1.14766 -1.13029
-1.65962 -1.86228
-1.5459 -0.658942
-1.46609 -2.01061
-1.54346 -0.0350226
-0.208276 -2.0161
-0.629256 -4.12625
0.181987 -2.55146
-1.06922 -3.80117
-1.72925 0.885572
0.613088 -3.43244
-2.02375 -2.81734
-1.25515 -1.09443
-1.73745 -1.41773
-1.55145 -1.29885
-1.66111 -0.923462
-1.53402 -1.71269
-1.60248 -0.425234
-1.12369 -2.28139
-1.69453 0.361085
0.6041 -1.96067
-2.11772 -3.13602
-1.15463 -1.0275
-1.5605 -2.0868
-1.51047 -0.220318
-0.688557 -2.26182
0.0068935 -2.1829
-0.921579 -4.00326
-1.912 -1.41705
-1.32411 -1.81881
-1.6478 0.0131094
-0.100217 -1.93352
-0.853412 -4.13844
-1.35105 -2.62626
-1.4126 0.569546
0.621087 -3.13077
-1.99027 -2.98689
-1.24362 -0.893995
-1.57865 -1.99754
-1.53012 -0.326925
-0.957131 -2.32353
-1.87786 -0.606944
-0.819374 -2.16157
-1.34005 -2.49053
-1.45278 0.512525
0.683292 -2.78904
-2.11288 -2.82393
-1.19062 -1.26769
-1.77814 -1.23322
-1.48858 -1.61936
-1.6345 -0.412603
-1.07221 -2.27941
-1.76076 0.181904
0.362846 -1.77873
-1.72457 -3.80544
-1.05221 0.345685
0.084956 -4.12949
-0.883217 -3.2614
-1.92503 -0.948134
-1.03556 -2.11469
-1.83176 -0.265979
-0.406318 -2.02996
-0.120859 -3.88187
-0.386234 -3.25459
0.0163351 -3.42073
-0.606691 -3.46386
0.253838 -2.42982
-1.24342 -3.81649
-1.37669 1.37888
-0.541516 -4.9865
-0.277618 -2.73587
-0.275512 -3.79189
-0.170323 -3.30393
-0.35907 -3.56073
-0.0408578 -3.35801
-0.529125 -3.5035
0.270547 -2.85487
-1.1586 -3.67627
-1.50876 1.2578
-0.1105 -4.6107
-0.762364 -3.09433
-1.26693 -2.59053
-1.47271 0.675049
0.601522 -3.26432
-1.96285 -2.99733
-1.25121 -0.822655
-1.50141 -2.13425
-1.50481 -0.0377344
-0.172989 -2.00824
-0.698814 -4.12916
0.0168843 -2.37354
-0.865967 -3.92642
-1.69797 -2.20279
-1.47177 -0.556367
-1.36157 -2.19778
-1.52304 0.293388
0.554492 -1.98974
-2.01643 -3.33766
-1.1556 -0.682168
-0.827815 -2.4016
-1.61203 -2.21018
-1.47668 -0.293183
-0.84305 -2.32125
-1.654 -2.1169
-1.49513 -0.47241
-1.23466 -2.28257
-1.57799 0.477616
0.702991 -2.34437
-2.19863 -2.75676
-1.10667 -1.4411
-1.79677 -1.26816
-1.47191 -1.63715
-1.6355 -0.362017
-0.981083 -2.28664
-1.86416 -0.42407
-0.590633 -2.10138
0.431408 -2.76888
-1.54167 -3.60163
-1.12973 0.666511
-0.132551 -4.45057
-0.558407 -3.06396
0.346352 -2.64562
-1.37042 -3.70863
-1.21157 1.16158
-0.616178 -4.96258
-0.178946 -2.66419
-0.477731 -3.86103
0.132989 -3.03781
-0.85595 -3.62053
-1.81678 -1.82581
-1.48389 -1.20088
-1.69491 -0.958081
-1.51022 -1.73509
-1.603 -0.349266
-0.985185 -2.29911
-1.86008 -0.366434
-0.505521 -2.06641
0.222858 -3.43139
-1.00783 -3.48611
-1.79947 0.546508
0.766203 -2.41024
-2.28944 -2.40268
-0.895442 -1.70949
-1.35446 -2.44199
-1.45904 0.459012
0.693089 -2.58814
-2.14656 -2.80982
-1.16128 -1.33303
-1.78805 -1.21326
-1.47095 -1.66902
-1.62851 -0.328085
-0.922735 -2.28612
-1.87123 -1.08248
-1.27122 -1.98755
-1.63271 0.205981
0.346259 -1.82523
-1.67074 -3.83487
-1.05214 0.506638
-0.141891 -4.42201
-0.517617 -3.05952
0.313763 -2.91464
-1.24248 -3.6474
-1.36331 1.29756
-0.454531 -4.90124
-0.313734 -2.80035
-0.184465 -3.72483
-0.296338 -3.34201
-0.158513 -3.51394
-0.347569 -3.45055
-0.0614131 -3.41682
-0.492095 -3.47915
0.219302 -3.02863
-1.02095 -3.6213
-1.79549 0.607536
0.770861 -2.58405
-2.27765 -2.36617
-0.899754 -1.72534
-1.41054 -2.40005
-1.45057 0.324999
0.640082 -2.20821
-2.11493 -3.04296
-1.16951 -1.09864
-1.66795 -1.8197
-1.5514 -0.716579
-1.51239 -1.91227
-1.56009 -0.212302
-0.692455 -2.24918
-0.0179963 -2.187
-0.882267 -4.01264
-1.73327 -2.13179
-1.48026 -0.711047
-1.53684 -1.91939
-1.55433 -0.268221
-0.827287 -2.294
-1.53242 -2.32346
-1.45208 -0.0101292
-0.00301854 -1.94417
-1.00308 -4.09184
-1.94983 -0.203719
0.0757162 -1.75171
-1.21536 -4.10686
-1.49637 1.42596
-0.376955 -4.89451
-0.448419 -2.87187
0.16861 -3.32912
-0.887293 -3.5088
-1.92705 -1.09091
-1.13664 -2.0585
-1.73397 0.127996
0.230057 -1.79229
-1.46431 -3.98182
-1.12136 1.16104
-0.838683 -5.07406
-0.414764 -2.58672
0.0499078 -3.57235
-0.655406 -3.3979
0.0232083 -2.28103
-0.909082 -3.95949
-1.8913 -1.53963
-1.38882 -1.66788
-1.65723 -0.205035
-0.629603 -2.19446
0.389686 -2.38264
-1.54063 -3.7258
-1.10641 0.760626
-0.337285 -4.65871
-0.299018 -2.89743
-0.201937 -3.70239
-0.273743 -3.35563
-0.195862 -3.52144
-0.295799 -3.45131
-0.15217 -3.46458
-0.36185 -3.47527
-0.0347779 -3.38771
-0.533736 -3.48761
0.278183 -2.82965
-1.17999 -3.6829
-1.46947 1.29229
-0.231998 -4.73002
-0.581633 -2.98669
0.336914 -2.4896
-1.39331 -3.7539
-1.18896 1.14543
-0.650239 -4.97746
-0.173297 -2.63545
-0.494743 -3.87351
0.156053 -2.98923
-0.906583 -3.63839
-1.94177 -0.923651
-0.961384 -2.12018
-1.86744 -0.92922
-1.18159 -2.08599
-1.68038 0.257142
0.447066 -1.83375
-1.86599 -3.63005
-1.09388 -0.132751
0.610249 -2.57945
-1.98299 -3.18517
-1.20282 -0.731123
-1.19206 -2.40493
-1.58594 0.571742
0.721177 -2.62307
-2.19351 -2.65466
-1.10248 -1.50959
-1.81282 -1.11298
-1.40105 -1.83734
-1.60826 -0.0495936
-0.271934 -2.03175
-0.488531 -4.09735
0.102321 -2.96478
-0.819386 -3.65461
-1.55622 -2.41379
-1.42726 -0.02708
0.0050334 -1.94749
-1.01425 -4.08676
-1.93427 -0.0265288
0.322298 -1.70309
-1.68155 -3.87187
-1.04183 0.510348
-0.179984 -4.46005
-0.461875 -3.02836
0.201105 -3.22555
-0.960502 -3.55023
-1.90073 0.0160647
0.309711 -1.71872
-1.64988 -3.89161
-1.04391 0.608683
-0.311494 -4.60062
-0.303655 -2.92346
-0.188275 -3.68629
-0.293068 -3.36308
-0.162632 -3.50675
-0.342769 -3.45501
-0.070183 -3.42092
-0.479305 -3.47914
0.196151 -3.08139
-0.966412 -3.60207
-1.89974 0.0477176
0.359187 -1.71937
-1.74501 -3.80833
-1.04948 0.297494
0.14248 -4.04209
-0.988336 -3.30964
-1.81804 0.406216
0.705066 -2.07159
-2.25722 -2.68719
-1.02865 -1.53998
-1.75337 -1.64304
-1.53632 -1.138
-1.67016 -1.13525
-1.58326 -1.43281
-1.63577 -0.830152
-1.51601 -1.80918
-1.58446 -0.300309
-0.894635 -2.29799
-1.83541 -1.44406
-1.45241 -1.58407
-1.65349 -0.384787
-1.00166 -2.27903
-1.84632 -0.255625
-0.344346 -1.99298
-0.320156 -4.03651
-0.118699 -3.16385
-0.455313 -3.62065
0.132313 -3.14353
-0.836387 -3.57753
-1.72882 -2.09215
-1.48856 -0.722
-1.54412 -1.89477
-1.55907 -0.304781
-0.910373 -2.30883
-1.86338 -1.20729
-1.34587 -1.87159
-1.622 0.0504528
-0.0119872 -1.90126
-1.00738 -4.11049
-1.94907 -0.181301
0.110903 -1.73953
-1.27976 -4.08705
-1.36592 1.49533
-0.723239 -5.12921
-0.310533 -2.62981
-0.223007 -3.80067
-0.242038 -3.3036
-0.25263 -3.5579
-0.212214 -3.42964
-0.282662 -3.49926
-0.17054 -3.44908
-0.338701 -3.48637
-0.0770583 -3.41259
-0.47086 -3.48498
0.179409 -3.11317
-0.92895 -3.58982
-1.94109 -0.476203
-0.406706 -1.9841
-0.137106 -3.90675
-0.363595 -3.24282
-0.0329523 -3.47107
-0.526715 -3.4467
0.276738 -2.86295
-1.17014 -3.67244
-1.48634 1.27597
-0.17694 -4.67702
-0.659681 -3.03523
-0.062784 -2.2585
-0.787858 -4.00373
-0.82495 -2.62517
-1.70154 -2.04419
-1.5032 -0.665781
-1.49019 -1.99889
-1.54193 -0.0980025
-0.381662 -2.10761
-0.169693 -3.90506
-0.31635 -3.24511
-0.12881 -3.53797
-0.385267 -3.43227
0.0113662 -3.36387
-0.605264 -3.49071
0.256568 -2.4442
-1.2438 -3.81099
-1.37536 1.3764
-0.540826 -4.9852
-0.277084 -2.73623
-0.276568 -3.79219
-0.168849 -3.30355
-0.361203 -3.56074
-0.0370668 -3.35526
-0.534915 -3.50397
0.276774 -2.82518
-1.17794 -3.68465
-1.47344 1.29031
-0.221681 -4.72068
-0.596265 -2.99579
0.305272 -2.40085
-1.35587 -3.79704
-1.22389 1.25067
-0.70737 -5.03996
-0.220891 -2.60425
-0.418569 -3.8807
0.0375594 -3.15307
-0.678171 -3.5834
-0.0852177 -2.30999
-0.735306 -3.99162
-0.297712 -2.40908
-0.305996 -3.91142
-0.129998 -3.23341
-0.426857 -3.58883
0.0827868 -3.22637
-0.738089 -3.54486
-0.742305 -2.56814
-0.890316 -2.55969
-1.88322 -1.11975
-1.26399 -1.98113
-1.63962 0.199917
0.333595 -1.8214
-1.64769 -3.85456
-1.05216 0.582703
-0.249416 -4.54093
-0.377305 -2.97148
-0.0128375 -3.53852
-0.551721 -3.41207
0.303335 -2.72095
-1.25815 -3.70919
-1.34374 1.32144
-0.530927 -4.96013
-0.263056 -2.74065
-0.304732 -3.80121
-0.129076 -3.29047
-0.418366 -3.55992
0.0692036 -3.25421
-0.711565 -3.53376
-0.436481 -2.43452
0.090091 -3.55732
-0.729922 -3.41012
-0.741046 -2.55974
-0.868505 -2.55341
-1.84619 -1.45682
-1.44004 -1.60539
-1.65294 -0.34154
-0.922656 -2.27695
-1.86966 -1.09978
-1.28396 -1.97167
-1.62866 0.187439
0.308381 -1.82376
-1.59753 -3.89019
-1.05861 0.743761
-0.45428 -4.74401
-0.177833 -2.80598
-0.444606 -3.79829
0.0898684 -3.13076
-0.765276 -3.58539
-1.04117 -2.64545
-1.74167 0.426265
0.684613 -2.08527
-2.22153 -2.7989
-1.08512 -1.43288
-1.77632 -1.45328
-1.51916 -1.38842
-1.66532 -0.73927
-1.4233 -1.98404
-1.56117 0.0334815
-0.0357858 -1.92858
-0.95839 -4.11282
-1.95517 -1.02764
-1.00756 -2.09739
-1.85579 -0.514761
-0.759706 -2.16109
-0.678089 -2.46269
-0.0509309 -2.21122
-0.823176 -4.01729
-1.20498 -2.66644
-1.51131 0.763374
0.561184 -3.42896
-1.90061 -3.05601
-1.25264 -0.630063
-1.14506 -2.40091
-1.63984 0.522562
0.723652 -2.38666
-2.22632 -2.64868
-1.06064 -1.54473
-1.79945 -1.3439
-1.48259 -1.56889
-1.64696 -0.454447
-1.12556 -2.26073
-1.69719 0.343268
0.582365 -1.93026
-2.08819 -3.2157
-1.15621 -0.913082
-1.38679 -2.31215
-1.48184 0.322142
0.618241 -2.12358
-2.09617 -3.12082
-1.16932 -1.00408
-1.56668 -2.06687
-1.51478 -0.249514
-0.767058 -2.28863
-0.931068 -2.55245
-1.89137 -0.579347
-0.737382 -2.13746
-0.374954 -2.31951
-0.124444 -3.81594
-0.378309 -3.28751
-0.000937991 -3.42678
-0.579277 -3.46302
0.294614 -2.57362
-1.27913 -3.75611
-1.31676 1.33142
-0.604174 -5.00841
-0.232947 -2.68397
-0.376377 -3.84206
-0.0242534 -3.22188
-0.574778 -3.56555
0.285121 -2.62355
-1.24519 -3.74534
-1.36597 1.34544
-0.51697 -4.95931
-0.280912 -2.753
-0.265183 -3.78166
-0.184766 -3.3112
-0.337478 -3.55852
-0.0784259 -3.38317
-0.473034 -3.50016
0.181509 -3.10321
-0.934459 -3.59363
-1.93784 -0.394168
-0.286955 -1.92608
-0.494299 -4.13206
0.102001 -2.94533
-0.82333 -3.66289
-1.58349 -2.37777
-1.43585 -0.121117
-0.289148 -2.08565
-0.428383 -4.06111
0.0273567 -3.07315
-0.678837 -3.62214
-0.0730152 -2.31145
-0.753509 -3.98675
-0.473555 -2.48217
0.21109 -3.35526
-0.977797 -3.50763
-1.86386 0.248561
0.586953 -1.83917
-2.1267 -3.16485
-1.14483 -1.0178
-1.52013 -2.15992
-1.49586 -0.0695413
-0.250883 -2.05054
-0.528525 -4.101
0.149738 -2.87192
-0.921432 -3.68571
-1.94854 -0.736035
-0.739573 -2.10573
-0.357526 -2.30915
-0.177449 -3.86075
-0.304076 -3.26879
-0.150181 -3.53991
-0.356122 -3.43541
-0.0454943 -3.4113
-0.51533 -3.47833
0.256704 -2.92213
-1.11644 -3.65601
-1.59073 1.14539
0.178569 -4.26225
-1.26641 -3.28401
-1.34615 1.07571
-0.166968 -4.59681
-0.600951 -3.03468
0.287981 -2.3778
-1.32882 -3.81357
-1.25498 1.30664
-0.709939 -5.05879
-0.238493 -2.60913
-0.383518 -3.87191
-0.0156254 -3.2017
-0.590753 -3.57296
0.274623 -2.54122
-1.24805 -3.77428
-1.36432 1.3587
-0.539144 -4.978
-0.27143 -2.73635
-0.288395 -3.79682
-0.15226 -3.29821
-0.385198 -3.56083
0.00652187 -3.31958
-0.603783 -3.51217
0.25906 -2.45758
-1.24415 -3.80591
-1.37416 1.37409
-0.54008 -4.98393
-0.27665 -2.73665
-0.277402 -3.79239
-0.167685 -3.30326
-0.362882 -3.56073
-0.0340707 -3.35306
-0.539511 -3.50436
0.281129 -2.80118
-1.19235 -3.69132
-1.44824 1.30793
-0.295289 -4.78706
-0.498443 -2.93211
0.288751 -3.05114
-1.16781 -3.61024
-1.48346 1.25352
-0.149047 -4.64356
-0.695036 -3.05902
-0.438761 -2.4058
0.0916021 -3.562
-0.73301 -3.40869
-0.780706 -2.57419
-1.33377 -2.52559
-1.44674 0.543588
0.667553 -2.91587
-2.07925 -2.863
-1.2137 -1.17603
-1.75539 -1.37111
-1.53334 -1.40401
-1.65805 -0.748339
-1.43909 -1.96224
-1.56273 -0.013364
-0.16284 -1.9879
-0.724988 -4.13557
-0.11817 -2.37244
-0.662729 -3.97638
0.122723 -2.39408
-1.02264 -3.8776
-1.85731 0.41943
0.738252 -2.13685
-2.29334 -2.52267
-0.935717 -1.65233
-1.5355 -2.2459
-1.47211 -0.0604712
-0.185731 -2.02301
-0.6697 -4.12433
0.116468 -2.42571
-1.00113 -3.86813
-1.89701 0.180765
0.548146 -1.78655
-2.07626 -3.29923
-1.14389 -0.823773
-1.14274 -2.43451
-1.63481 0.549022
0.729528 -2.47272
-2.22394 -2.61863
-1.05838 -1.5631
-1.80416 -1.31314
-1.47126 -1.61365
-1.64092 -0.385249
-1.0175 -2.28335
-1.82871 -0.127854
-0.139666 -1.8947
-0.803012 -4.16493
-0.771457 -2.61788
-1.2639 -2.55974
-1.48255 0.658703
0.625171 -3.18011
-2.00478 -2.94122
-1.246 -0.960417
-1.64806 -1.81729
-1.55673 -0.656919
-1.45788 -2.01671
-1.54358 -0.0128775
-0.147279 -1.98529
-0.753428 -4.13367
-0.326731 -2.4323
-0.227874 -3.86188
-0.235262 -3.27059
-0.267449 -3.57541
-0.189239 -3.41725
-0.316738 -3.50491
-0.114678 -3.42523
-0.417706 -3.48766
0.0735688 -3.27586
-0.715895 -3.52405
-0.492491 -2.45949
0.262775 -3.25711
-1.09589 -3.54594
-1.61724 1.06223
0.32527 -4.03218
-1.53046 -3.26915
-1.20669 0.48243
0.345564 -3.76946
-1.43139 -3.37305
-1.21263 0.8009
-0.0930077 -4.44477
-0.647911 -3.09763
0.0365225 -2.25122
-0.940475 -3.96501
-1.95299 -0.963597
-0.96068 -2.11118
-1.86622 -0.95539
-1.20373 -2.06855
-1.66409 0.264355
0.456485 -1.84493
-1.87985 -3.60774
-1.09973 -0.181549
0.593483 -2.39842
-1.98055 -3.25281
-1.18683 -0.674812
-0.978449 -2.42553
-1.85734 -0.243774
-0.289077 -1.96033
-0.475641 -4.11564
0.0816625 -2.98422
-0.781654 -3.64992
-1.17427 -2.64726
-1.54961 0.746401
0.615522 -3.2774
-1.99716 -2.92542
-1.2522 -0.95467
-1.64964 -1.80707
-1.55819 -0.669572
-1.46867 -1.99623
-1.54674 -0.0507728
-0.254496 -2.03924
-0.524836 -4.104
0.144945 -2.88116
-0.910846 -3.68269
-1.94378 -0.91849
-0.95007 -2.12042
-1.86275 -1.05938
-1.27749 -1.9902
-1.62768 0.207448
0.349765 -1.82751
-1.67659 -3.82923
-1.05249 0.486909
-0.112821 -4.38811
-0.559433 -3.08444
0.34403 -2.6392
-1.36691 -3.71176
-1.21468 1.17083
-0.621215 -4.96828
-0.180722 -2.66049
-0.475694 -3.86261
0.12959 -3.04278
-0.849049 -3.61876
-1.78331 -1.94252
-1.49311 -1.00209
-1.67486 -1.32596
-1.59515 -1.20639
-1.6415 -1.14829
-1.6077 -1.34154
-1.63284 -1.00108
-1.58691 -1.53721
-1.62069 -0.726595
-1.46425 -1.94972
-1.55996 -0.0746217
-0.32862 -2.07483
-0.332388 -4.02126
-0.100758 -3.16719
-0.479373 -3.61422
0.176476 -3.06734
-0.930267 -3.6072
-1.9419 -0.476531
-0.404211 -1.98252
-0.145682 -3.91455
-0.351467 -3.2392
-0.0586718 -3.49335
-0.487154 -3.44042
0.216034 -3.05228
-1.01069 -3.61286
-1.81611 0.521475
0.765263 -2.35228
-2.29598 -2.40457
-0.885467 -1.70822
-1.27257 -2.48719
-1.49426 0.603417
0.671318 -2.95985
-2.08753 -2.82652
-1.21076 -1.21978
-1.76925 -1.26587
-1.5057 -1.55811
-1.642 -0.511888
-1.21534 -2.22358
-1.61094 0.425375
0.668117 -2.15348
-2.17779 -2.90003
-1.13159 -1.30612
-1.76101 -1.47249
-1.53362 -1.32013
-1.66704 -0.858125
-1.49706 -1.81958
-1.58594 -0.247789
-0.776283 -2.27008
-1.01821 -2.56446
-1.7891 0.222048
0.461663 -1.79238
-1.91172 -3.58346
-1.10444 -0.270712
0.511367 -2.15617
-1.8754 -3.50094
-1.13217 -0.254425
0.457791 -2.0714
-1.79373 -3.62986
-1.09706 0.0357733
0.560347 -3.08549
-1.84372 -3.24167
-1.20897 -0.363321
-0.152482 -2.07039
-0.711667 -4.10265
-0.0565107 -2.36281
-0.760682 -3.96016
-0.577613 -2.52618
0.398831 -2.60121
-1.49938 -3.67496
-1.13087 0.830542
-0.366139 -4.69949
-0.279919 -2.87266
-0.245706 -3.73146
-0.212832 -3.34012
-0.292672 -3.54437
-0.152306 -3.42257
-0.366995 -3.49713
-0.0254131 -3.37181
-0.549391 -3.49338
0.290321 -2.74663
-1.22426 -3.70587
-1.39558 1.32886
-0.431242 -4.89583
-0.347246 -2.82038
-0.101963 -3.66185
-0.412912 -3.36312
0.0714562 -3.32239
-0.706772 -3.50406
-0.402995 -2.41741
-0.0165743 -3.68941
-0.542516 -3.34353
0.307396 -2.76577
-1.25658 -3.69431
-1.34515 1.31453
-0.518089 -4.94955
-0.269054 -2.75048
-0.290473 -3.79262
-0.149326 -3.29978
-0.389011 -3.55949
0.0136629 -3.31351
-0.615433 -3.51379
0.231278 -2.40434
-1.20925 -3.8339
-1.4387 1.37043
-0.404422 -4.89206
-0.391704 -2.84454
0.0147017 -3.54598
-0.595439 -3.40739
0.279264 -2.47134
-1.27961 -3.79264
-1.31866 1.35145
-0.627654 -5.02866
-0.235261 -2.66799
-0.37568 -3.84801
-0.0257465 -3.22005
-0.572993 -3.56683
0.285327 -2.63341
-1.24287 -3.74228
-1.36931 1.34451
-0.508589 -4.95357
-0.286515 -2.75957
-0.251953 -3.77359
-0.203134 -3.31714
-0.310032 -3.55614
-0.124108 -3.40677
-0.407426 -3.49937
0.0523364 -3.29653
-0.678313 -3.51654
-0.116025 -2.31078
-0.686715 -4.00072
0.0329836 -2.35658
-0.896145 -3.92646
-1.8594 -1.69884
-1.44725 -1.44145
-1.68369 -0.552277
-1.2107 -2.20308
-1.62077 0.404751
0.648894 -2.09344
-2.15925 -2.97647
-1.14411 -1.2202
-1.72534 -1.63393
-1.55316 -1.05331
-1.65291 -1.30335
-1.60898 -1.17017
-1.63164 -1.23185
-1.62068 -1.20309
-1.62628 -1.21396
-1.6233 -1.21322
-1.62513 -1.20669
-1.62367 -1.22015
-1.62518 -1.19828
-1.62318 -1.23175
-1.62588 -1.1815
-1.62164 -1.25659
-1.6273 -1.14477
-1.61744 -1.3116
-1.62914 -1.06353
-1.60419 -1.43448
-1.62722 -0.882753
-1.55024 -1.71233
-1.59885 -0.46588
-1.19215 -2.25742
-1.62396 0.444128
0.681836 -2.18613
-2.19379 -2.83953
-1.11607 -1.37292
-1.77815 -1.39083
-1.51259 -1.45582
-1.65796 -0.642445
-1.34828 -2.09959
-1.55648 0.242501
0.44835 -1.88532
-1.84719 -3.6347
-1.09353 -0.0863358
0.608772 -2.72529
-1.96253 -3.17233
-1.21129 -0.695375
-1.14276 -2.41407
-1.63955 0.530813
0.726094 -2.41159
-2.22662 -2.63658
-1.05814 -1.55318
-1.80036 -1.34215
-1.48119 -1.57339
-1.64646 -0.446898
-1.11438 -2.26432
-1.71009 0.31717
0.550943 -1.88937
-2.04425 -3.32328
-1.1504 -0.746733
-0.979745 -2.4355
-1.85518 -0.218769
-0.247538 -1.93973
-0.578197 -4.14775
0.179812 -2.72775
-1.01224 -3.73669
-1.84088 0.452188
0.747472 -2.19638
-2.29546 -2.48462
-0.918772 -1.6718
-1.46133 -2.34417
-1.45455 0.179785
0.442598 -1.92297
-1.82036 -3.65306
-1.08926 -0.00954142
0.576029 -2.99703
-1.87777 -3.2211
-1.21239 -0.461328
-0.478734 -2.23808
0.182072 -3.46407
-0.916805 -3.46557
-1.9373 -0.538494
-0.515657 -2.03592
0.246543 -3.39353
-1.06136 -3.50222
-1.68516 0.905589
0.570135 -3.52782
-1.95054 -2.93909
-1.26734 -0.83413
-1.54435 -2.05207
-1.52074 -0.198591
-0.639444 -2.23891
0.341544 -2.29651
-1.4673 -3.79174
-1.13179 1.0003
-0.600323 -4.90722
-0.142288 -2.6725
-0.53494 -3.85442
0.212003 -2.85619
-1.03976 -3.68414
-1.7672 0.729844
0.734365 -2.94971
-2.20561 -2.47621
-1.05401 -1.63952
-1.82344 -1.14677
-1.39579 -1.83047
-1.61204 -0.0481479
-0.267748 -2.02849
-0.499296 -4.10134
0.115155 -2.94159
-0.845904 -3.66232
-1.74523 -2.05968
-1.49019 -0.796055
-1.59611 -1.74375
-1.58226 -0.562212
-1.33816 -2.16075
-1.54397 0.301674
0.552178 -1.97604
-2.01661 -3.34256
-1.15429 -0.678605
-0.809598 -2.39627
-1.47467 -2.40182
-1.43699 0.178622
0.466148 -1.9451
-1.85881 -3.59825
-1.1039 -0.141617
0.606494 -2.48569
-1.99036 -3.20429
-1.19615 -0.732587
-1.16795 -2.41343
-1.60996 0.562249
0.726606 -2.54996
-2.20996 -2.63201
-1.07879 -1.54195
-1.81127 -1.20313
-1.43459 -1.74379
-1.62139 -0.189982
-0.623965 -2.20325
0.400198 -2.41752
-1.55278 -3.7074
-1.1058 0.714582
-0.273365 -4.5936
-0.36816 -2.94819
-0.0370697 -3.5686
-0.51276 -3.40026
0.264902 -2.9332
-1.13184 -3.65131
-1.55809 1.19175
0.066035 -4.40901
-1.06071 -3.23342
-1.66559 0.85589
0.605973 -3.40469
-2.00107 -2.87626
-1.25873 -0.999547
-1.6889 -1.66061
-1.56762 -0.912022
-1.60913 -1.57191
-1.60827 -0.75267
-1.49504 -1.89566
-1.56747 -0.183569
-0.620932 -2.21785
0.402415 -2.43063
-1.55371 -3.70253
-1.10643 0.708423
-0.262638 -4.58272
-0.380857 -2.95672
-0.00495138 -3.53494
-0.564295 -3.41313
0.305758 -2.6483
-1.28166 -3.72956
-1.31185 1.314
-0.590927 -4.99483
-0.231057 -2.69297
-0.377873 -3.8389
-0.021724 -3.22166
-0.578412 -3.56499
0.284003 -2.604
-1.24843 -3.75166
-1.36153 1.3476
-0.52947 -4.96806
-0.273362 -2.74327
-0.282985 -3.79231
-0.159873 -3.30199
-0.374015 -3.56021
-0.0139835 -3.33756
-0.570801 -3.50754
0.293224 -2.63131
-1.25985 -3.73982
-1.3433 1.33655
-0.553134 -4.97921
-0.255434 -2.72399
-0.323582 -3.81338
-0.102032 -3.27571
-0.457742 -3.56056
0.144608 -3.14702
-0.858229 -3.57606
-1.84108 -1.71824
-1.46634 -1.36651
-1.68814 -0.680936
-1.34306 -2.0828
-1.56367 0.236459
0.432453 -1.87477
-1.81993 -3.67117
-1.0839 0.00581629
0.558081 -3.08165
-1.83794 -3.25046
-1.20674 -0.342998
-0.0792047 -2.03742
-0.845585 -4.09322
-1.33568 -2.63045
-1.41906 0.599999
0.60453 -3.20655
-1.96123 -3.01855
-1.24717 -0.803672
-1.4654 -2.18759
-1.49612 0.0806581
0.160159 -1.88065
-1.29747 -4.0198
-1.32146 1.46213
-0.770936 -5.14012
-0.343751 -2.61145
-0.144144 -3.75441
-0.350498 -3.3213
-0.0580838 -3.46354
-0.491166 -3.45513
0.221176 -3.03399
-1.02394 -3.61936
-1.78847 0.63342
0.767337 -2.6584
-2.26665 -2.37544
-0.922604 -1.72095
-1.54908 -2.23416
-1.47418 -0.103304
-0.31378 -2.08915
-0.366034 -4.03406
-0.0558778 -3.14316
-0.54578 -3.61269
0.268545 -2.78379
-1.16985 -3.69993
-1.49064 1.28315
-0.179738 -4.68234
-0.658471 -3.03322
-0.0518939 -2.25603
-0.805307 -4.00045
-1.02867 -2.66998
-1.75883 0.382511
0.651255 -1.99653
-2.18907 -2.93539
-1.1209 -1.29203
-1.74203 -1.58555
-1.54642 -1.15151
-1.6657 -1.13068
-1.58631 -1.42737
-1.63518 -0.844124
-1.52404 -1.78647
-1.58812 -0.338112
-0.971961 -2.30429
-1.86995 -0.483951
-0.667914 -2.12745
0.266245 -2.20482
-1.35086 -3.87078
-1.23109 1.31011
-0.769622 -5.0892
-0.298027 -2.58804
-0.261276 -3.83412
-0.189836 -3.28382
-0.334229 -3.57253
-0.0838323 -3.38017
-0.466033 -3.50304
0.167801 -3.12829
-0.904433 -3.58376
-1.94112 -0.88181
-0.92406 -2.12554
-1.83585 -1.37209
-1.43949 -1.65119
-1.6425 -0.291028
-0.833543 -2.26638
-1.55486 -2.28907
-1.4597 -0.0888599
-0.244775 -2.05647
-0.539491 -4.10115
0.161182 -2.8422
-0.948877 -3.69582
-1.93762 -0.302725
-0.133951 -1.84928
-0.831715 -4.17946
-1.06232 -2.68458
-1.70166 0.552131
0.742328 -2.4229
-2.25122 -2.54474
-1.00399 -1.62751
-1.75928 -1.64654
-1.53237 -1.15466
-1.6728 -1.10184
-1.57508 -1.48484
-1.63222 -0.751286
-1.47046 -1.92536
-1.56497 -0.106147
-0.416511 -2.11967
-0.0564047 -3.80009
-0.481751 -3.29291
0.224375 -3.08922
-1.02282 -3.59984
-1.78699 0.632456
0.767109 -2.65503
-2.26652 -2.37756
-0.923682 -1.71999
-1.55385 -2.22648
-1.47583 -0.120484
-0.36653 -2.11667
-0.211616 -3.93475
-0.259298 -3.23121
-0.233101 -3.58611
-0.238219 -3.41763
-0.245776 -3.5029
-0.226524 -3.4588
-0.258829 -3.48367
-0.20856 -3.46544
-0.283901 -3.48093
-0.169718 -3.45727
-0.33883 -3.48199
-0.0768944 -3.41428
-0.470862 -3.48409
0.179529 -3.11327
-0.929169 -3.58978
-1.94097 -0.472673
-0.401658 -1.98172
-0.154097 -3.92192
-0.339656 -3.23579
-0.083195 -3.51269
-0.450546 -3.43567
0.144973 -3.1928
-0.852688 -3.55797
-1.82298 -1.79151
-1.4809 -1.24825
-1.69419 -0.877628
-1.47413 -1.84282
-1.58535 -0.178516
-0.60839 -2.20723
0.422774 -2.5349
-1.57038 -3.6589
-1.11063 0.631705
-0.139392 -4.44892
-0.541724 -3.05871
0.341359 -2.75809
-1.33346 -3.68153
-1.24901 1.21308
-0.596214 -4.96615
-0.197927 -2.68305
-0.440425 -3.8515
0.0757993 -3.12466
-0.743382 -3.58973
-0.768548 -2.5805
-1.20988 -2.57303
-1.52719 0.699453
0.634359 -3.18347
-2.02549 -2.89567
-1.24318 -1.04024
-1.70417 -1.61317
-1.56573 -1.00291
-1.63622 -1.40945
-1.61496 -0.999117
-1.60091 -1.50377
-1.62052 -0.798776
-1.51316 -1.83656
-1.57849 -0.271649
-0.833076 -2.28776
-1.5684 -2.2709
-1.46368 -0.135857
-0.390001 -2.1321
-0.13589 -3.87125
-0.363408 -3.26046
-0.0329529 -3.46501
-0.527327 -3.44964
0.277012 -2.85996
-1.17132 -3.67336
-1.48426 1.27795
-0.183629 -4.68358
-0.649873 -3.02929
0.021099 -2.24554
-0.919195 -3.97377
-1.91518 -1.38545
-1.30785 -1.84992
-1.64831 0.0539906
0.0017011 -1.88786
-1.0347 -4.10799
-1.90688 0.208127
0.596636 -1.82257
-2.14907 -3.11713
-1.13777 -1.09063
-1.59648 -2.02565
-1.52158 -0.359064
-1.02432 -2.32789
-1.81429 -0.0180871
0.0515868 -1.81414
-1.14701 -4.10386
-1.64843 1.18193
0.197218 -4.26363
-1.3268 -3.27833
-1.29161 0.97624
-0.148308 -4.54876
-0.601552 -3.04935
0.284824 -2.37591
-1.32317 -3.81591
-1.262 1.31637
-0.70695 -5.06035
-0.239638 -2.61191
-0.380585 -3.87018
-0.0199445 -3.20552
-0.583888 -3.57227
0.280309 -2.57689
-1.24877 -3.76127
-1.36189 1.3522
-0.535166 -4.97325
-0.27146 -2.73907
-0.287787 -3.79564
-0.153117 -3.29899
-0.383885 -3.56059
0.00410433 -3.32186
-0.59983 -3.51153
0.26642 -2.47697
-1.25217 -3.79692
-1.36026 1.36856
-0.561583 -4.99533
-0.262672 -2.71953
-0.309906 -3.81056
-0.121771 -3.28363
-0.42949 -3.56164
0.0904126 -3.22695
-0.750878 -3.54418
-0.901156 -2.61884
-1.89696 -0.894693
-1.0734 -2.12395
-1.79017 -0.0253034
-0.0125439 -1.84877
-1.02933 -4.12783
-1.92262 0.0971458
0.480944 -1.73512
-1.97233 -3.51254
-1.11743 -0.454078
0.100467 -1.99865
-1.14399 -4.02177
-1.62464 1.20538
0.136948 -4.34217
-1.21349 -3.26608
-1.41006 1.11123
-0.0803473 -4.52577
-0.754344 -3.11397
-1.17187 -2.61414
-1.55943 0.721716
0.643656 -3.17484
-2.04463 -2.85524
-1.23763 -1.11177
-1.73856 -1.44083
-1.55111 -1.27889
-1.66243 -0.950239
-1.54308 -1.67598
-1.60809 -0.480363
-1.20622 -2.24599
-1.61334 0.442027
0.680767 -2.19299
-2.19047 -2.84643
-1.11952 -1.3637
-1.77699 -1.39258
-1.51395 -1.4504
-1.65834 -0.651692
-1.35684 -2.08887
-1.55569 0.222522
0.411724 -1.86941
-1.7809 -3.71628
-1.07254 0.134662
0.415988 -3.53127
-1.54076 -3.3884
-1.17673 0.527036
0.20577 -4.00817
-1.14991 -3.3421
-1.50186 1.12862
0.0679966 -4.37817
-1.03506 -3.23565
-1.71744 0.730669
0.719792 -2.96864
-2.18044 -2.55447
-1.10523 -1.5645
-1.82161 -0.95189
-1.30339 -2.00572
-1.60682 0.210393
0.360422 -1.83671
-1.69341 -3.81166
-1.05425 0.429343
-0.0256769 -4.28131
-0.694368 -3.16184
-0.414354 -2.40074
0.014502 -3.65914
-0.594428 -3.35846
0.283737 -2.46484
-1.29073 -3.79228
-1.30304 1.34124
-0.648165 -5.03685
-0.230819 -2.65223
-0.387925 -3.85661
-0.00759575 -3.20317
-0.602011 -3.57021
0.260026 -2.48357
-1.23741 -3.79769
-1.38416 1.37041
-0.514076 -4.96614
-0.292348 -2.75679
-0.239813 -3.76883
-0.219848 -3.32053
-0.284743 -3.55356
-0.164231 -3.42189
-0.350789 -3.49953
-0.055245 -3.39304
-0.503906 -3.48956
0.237556 -2.97606
-1.06699 -3.6392
-1.69571 0.924808
0.557038 -3.57184
-1.93306 -2.95804
-1.26847 -0.77781
-1.47005 -2.171
-1.49978 0.0598729
0.101503 -1.89469
-1.19174 -4.05208
-1.52832 1.37009
-0.241504 -4.76984
-0.604689 -2.98488
0.280685 -2.35499
-1.32236 -3.82382
-1.26338 1.32257
-0.712134 -5.065
-0.244621 -2.60989
-0.371193 -3.86859
-0.0340202 -3.21545
-0.562163 -3.57129
0.28414 -2.69216
-1.22471 -3.72472
-1.3967 1.33722
-0.44092 -4.90554
-0.341033 -2.81303
-0.118156 -3.67645
-0.389419 -3.35814
0.0217952 -3.37995
-0.619545 -3.48198
0.217849 -2.37823
-1.19359 -3.84761
-1.47074 1.35545
-0.321858 -4.82587
-0.48392 -2.9126
0.257632 -3.13949
-1.08946 -3.58344
-1.63629 1.0394
0.375348 -3.94875
-1.62289 -3.23248
-1.20952 0.212073
0.613038 -2.9376
-1.96255 -3.10229
-1.22799 -0.746503
-1.31492 -2.33936
-1.50636 0.456763
0.69689 -2.43918
-2.17272 -2.79505
-1.13583 -1.38108
-1.7926 -1.23561
-1.47019 -1.65859
-1.63113 -0.33703
-0.937832 -2.28651
-1.87858 -0.891502
-1.12242 -2.11557
-1.73585 0.16075
0.298172 -1.7854
-1.59587 -3.90587
-1.0565 0.761568
-0.484848 -4.76998
-0.155976 -2.77934
-0.48586 -3.8089
0.154732 -3.02337
-0.897515 -3.62494
-1.93336 -1.06721
-1.10282 -2.07469
-1.76722 0.0349439
0.075757 -1.82158
-1.18282 -4.08775
-1.56005 1.33819
-0.144116 -4.676
-0.745908 -3.07059
-1.07772 -2.61667
-1.68815 0.551792
0.739526 -2.42971
-2.24585 -2.56114
-1.01595 -1.6148
-1.77443 -1.5623
-1.52374 -1.27977
-1.67426 -0.895981
-1.5075 -1.77868
-1.59348 -0.305512
-0.90176 -2.29598
-1.84812 -1.34794
-1.41607 -1.70853
-1.63655 -0.195781
-0.627247 -2.19998
0.393756 -2.39589
-1.54532 -3.71878
-1.10607 0.742907
-0.313041 -4.63434
-0.324197 -2.91666
-0.144079 -3.66231
-0.354398 -3.36975
-0.0494004 -3.43911
-0.50635 -3.46544
0.245191 -2.96494
-1.08476 -3.64254
-1.65675 1.01707
0.42281 -3.86504
-1.70916 -3.18061
-1.22544 -0.0512592
0.511863 -2.0883
-1.89891 -3.49267
-1.13287 -0.313873
0.351073 -2.00059
-1.60302 -3.82099
-1.06967 0.671454
-0.320582 -4.62315
-0.302977 -2.91378
-0.191097 -3.69111
-0.288991 -3.36078
-0.169797 -3.51048
-0.332629 -3.45416
-0.0885463 -3.43267
-0.452386 -3.47757
0.14415 -3.17899
-0.852936 -3.56339
-1.8224 -1.79472
-1.48122 -1.2438
-1.69432 -0.885105
-1.47784 -1.83297
-1.58696 -0.194464
-0.647963 -2.22361
0.312737 -2.2574
-1.4225 -3.82471
-1.16096 1.13283
-0.703378 -5.00263
-0.187997 -2.59516
-0.480418 -3.89055
0.131775 -3.02562
-0.856211 -3.62561
-1.81613 -1.82907
-1.48416 -1.19621
-1.69488 -0.96616
-1.51342 -1.72406
-1.60476 -0.366368
-1.01678 -2.29778
-1.82764 -0.112119
-0.110287 -1.88067
-0.858602 -4.16068
-1.37089 -2.61733
-1.40634 0.525961
0.644017 -3.00943
-2.03227 -2.93942
-1.23285 -1.02215
-1.68391 -1.70746
-1.56363 -0.856288
-1.58925 -1.66771
-1.59825 -0.608275
-1.37808 -2.10532
-1.54244 0.202045
0.382147 -1.86489
-1.72393 -3.77415
-1.06043 0.321497
0.144499 -4.04482
-0.995622 -3.31042
-1.80348 0.468696
0.738495 -2.20646
-2.2803 -2.53871
-0.960074 -1.64141
-1.63879 -2.04948
-1.51158 -0.468161
-1.22961 -2.27819
-1.58349 0.474511
0.701513 -2.32577
-2.19938 -2.76243
-1.10628 -1.43769
-1.79545 -1.28033
-1.47618 -1.62086
-1.63784 -0.386884
-1.02385 -2.28415
-1.82118 -0.0821474
-0.06456 -1.86127
-0.941319 -4.14877
-1.91224 -1.45449
-1.33444 -1.79089
-1.65001 -0.0230282
-0.190237 -1.97747
-0.678795 -4.14195
0.0925093 -2.40999
-0.968433 -3.88269
-1.9465 -0.303375
-0.104009 -1.83095
-0.890009 -4.17555
-1.62674 -2.35966
-1.43963 -0.254282
-0.685121 -2.27958
0.0228032 -2.18163
-0.946292 -3.99667
-1.95559 -0.935944
-0.927122 -2.11409
-1.83716 -1.35619
-1.43437 -1.66968
-1.63979 -0.263526
-0.777783 -2.25302
-1.01537 -2.56312
-1.79359 0.202703
0.435296 -1.7806
-1.86555 -3.65046
-1.08773 -0.1154
0.609259 -2.67536
-1.9686 -3.17837
-1.20831 -0.704509
-1.15226 -2.41313
-1.62827 0.543989
0.727564 -2.46582
-2.22158 -2.6297
-1.06345 -1.55373
-1.80501 -1.29565
-1.46669 -1.63358
-1.63788 -0.356001
-0.96728 -2.2855
-1.87319 -0.561924
-0.772781 -2.15534
-0.8294 -2.51801
-1.68332 -2.07525
-1.50025 -0.5885
-1.40568 -2.13234
-1.5255 0.171928
0.336035 -1.8615
-1.63414 -3.84988
-1.05613 0.613954
-0.281089 -4.57605
-0.341606 -2.94611
-0.100806 -3.6226
-0.416742 -3.38299
0.0785311 -3.30677
-0.72052 -3.51056
-0.556281 -2.4877
0.395079 -2.78717
-1.45215 -3.63637
-1.15943 0.923081
-0.418078 -4.7635
-0.245402 -2.82907
-0.321517 -3.77331
-0.104301 -3.29646
-0.451152 -3.55072
0.13327 -3.16925
-0.834311 -3.56713
-1.72064 -2.11125
-1.48671 -0.68366
-1.51103 -1.97047
-1.54573 -0.167579
-0.572733 -2.20233
0.414401 -2.83476
-1.49101 -3.60599
-1.14585 0.802664
-0.283303 -4.62422
-0.371842 -2.93776
-0.028794 -3.56393
-0.525609 -3.4016
0.282263 -2.86592
-1.18141 -3.67036
-1.46537 1.28987
-0.236137 -4.7325
-0.574426 -2.98282
0.346554 -2.53695
-1.40004 -3.73556
-1.18439 1.11755
-0.623741 -4.95414
-0.166364 -2.65581
-0.500828 -3.8644
0.166534 -2.97215
-0.92912 -3.64437
-1.94552 -0.54418
-0.49338 -2.02213
0.168559 -3.53401
-0.891965 -3.43937
-1.93332 -0.929954
-0.994137 -2.12013
-1.86245 -0.592371
-0.848598 -2.17397
-1.57901 -2.24142
-1.47063 -0.181556
-0.533875 -2.2038
0.338148 -3.13861
-1.27927 -3.57351
-1.31289 1.22623
-0.46469 -4.88491
-0.281052 -2.79009
-0.257896 -3.76572
-0.195104 -3.32067
-0.321238 -3.5543
-0.105797 -3.39942
-0.433304 -3.49876
0.103838 -3.23225
-0.773295 -3.54151
-1.17472 -2.64038
-1.55051 0.741782
0.620259 -3.26051
-2.00506 -2.91438
-1.2505 -0.980784
-1.66906 -1.74424
-1.56332 -0.779195
-1.54821 -1.8074
-1.57856 -0.381681
-1.06158 -2.30392
-1.76989 0.163224
0.338445 -1.773
-1.6796 -3.84709
-1.04785 0.494226
-0.137993 -4.41528
-0.521654 -3.06309
0.31932 -2.88895
-1.25919 -3.65338
-1.33963 1.29083
-0.496597 -4.92754
-0.276358 -2.76654
-0.272171 -3.77987
-0.175083 -3.31092
-0.351293 -3.55777
-0.054536 -3.36868
-0.50829 -3.50148
0.242557 -2.95592
-1.08083 -3.64585
-1.66607 0.997636
0.454373 -3.80299
-1.76369 -3.13934
-1.23851 -0.221848
0.11306 -1.96265
-1.18048 -4.0259
-1.54414 1.34044
-0.172513 -4.70081
-0.698918 -3.04484
-0.48701 -2.42761
0.243101 -3.30679
-1.05011 -3.52844
-1.71365 0.841559
0.644369 -3.31344
-2.06669 -2.75441
-1.23221 -1.23343
-1.77492 -1.13903
-1.4688 -1.71264
-1.61885 -0.281741
-0.835058 -2.27488
-1.57193 -2.264
-1.46527 -0.149389
-0.432273 -2.15383
0.00602034 -3.72544
-0.582676 -3.33006
0.303628 -2.52421
-1.3126 -3.76559
-1.27317 1.29923
-0.658171 -5.02881
-0.217963 -2.64119
-0.414774 -3.86564
0.0333531 -3.16417
-0.669712 -3.57916
-0.0230163 -2.30124
-0.832396 -3.97118
-1.36304 -2.6078
-1.412 0.536406
0.642943 -3.02225
-2.03054 -2.93885
-1.23385 -1.01888
-1.68244 -1.71198
-1.56355 -0.847853
-1.58539 -1.68298
-1.5964 -0.584198
-1.35294 -2.13631
-1.54401 0.26328
0.493184 -1.91912
-1.92255 -3.52023
-1.12231 -0.344303
0.333444 -1.99817
-1.5687 -3.84427
-1.07624 0.780822
-0.453754 -4.75288
-0.184899 -2.80496
-0.433295 -3.79866
0.0711092 -3.15404
-0.730528 -3.57747
-0.623175 -2.52146
0.301613 -2.29429
-1.38629 -3.82516
-1.19291 1.21176
-0.729644 -5.03945
-0.227266 -2.58819
-0.410542 -3.88547
0.024555 -3.16306
-0.656663 -3.58149
0.0629822 -2.30497
-0.960796 -3.93381
-1.9579 -0.530581
-0.426241 -1.98535
-0.0730439 -3.84675
-0.458078 -3.27127
0.176767 -3.1943
-0.913713 -3.55924
-1.9434 -0.689078
-0.700333 -2.09911
0.0568795 -2.16218
-1.00645 -3.9884
-1.91986 0.0579448
0.418644 -1.71764
-1.86095 -3.68006
-1.07905 -0.0810964
0.595844 -2.84389
-1.92568 -3.19575
-1.213 -0.59373
-0.883696 -2.40205
-1.84234 -1.43287
-1.44144 -1.61516
-1.65023 -0.332896
-0.909233 -2.27655
-1.85477 -1.27941
-1.38666 -1.78788
-1.627 -0.0762769
-0.336876 -2.06073
-0.315263 -4.01574
-0.123554 -3.17621
-0.446233 -3.61575
0.116185 -3.17019
-0.80368 -3.56699
-1.47815 -2.49315
-1.41209 0.217366
0.55928 -2.05602
-2.00402 -3.3354
-1.15963 -0.659403
-0.784783 -2.38673
-1.2338 -2.55355
-1.50913 0.677646
0.635272 -3.16236
-2.02502 -2.90374
-1.2422 -1.0332
-1.69909 -1.63654
-1.56587 -0.965722
-1.62706 -1.47431
-1.61371 -0.902426
-1.57054 -1.65773
-1.60489 -0.566981
-1.32521 -2.16007
-1.55069 0.317514
0.570079 -1.99535
-2.04421 -3.28204
-1.16026 -0.780027
-1.11796 -2.4332
-1.66681 0.50022
0.717987 -2.29625
-2.23197 -2.67007
-1.05712 -1.53455
-1.79195 -1.40191
-1.49903 -1.48843
-1.65707 -0.577113
-1.27891 -2.17012
-1.57558 0.368097
0.620702 -2.06401
-2.11707 -3.09555
-1.16106 -1.05957
-1.61392 -1.97187
-1.53165 -0.444681
-1.18891 -2.28885
-1.61894 0.470529
0.699078 -2.26254
-2.20703 -2.76601
-1.0982 -1.44316
-1.7921 -1.32439
-1.4884 -1.56606
-1.64572 -0.468632
-1.14874 -2.25331
-1.67165 0.385478
0.62866 -2.01496
-2.14511 -3.04621
-1.14872 -1.14328
-1.67329 -1.82027
-1.54988 -0.732916
-1.52565 -1.88224
-1.56514 -0.267077
-0.82467 -2.28996
-1.50965 -2.35226
-1.44625 0.0646113
0.206576 -1.88716
-1.37674 -3.98516
-1.20737 1.34708
-0.871948 -5.14462
-0.541014 -2.63692
0.373268 -2.84154
-1.39174 -3.63981
-1.19846 1.06871
-0.520254 -4.87555
-0.195515 -2.74324
-0.429969 -3.82537
0.0623575 -3.1523
-0.71685 -3.57946
-0.46263 -2.4494
0.1735 -3.42906
-0.89666 -3.47493
-1.9365 -0.884646
-0.942046 -2.12715
-1.8582 -1.1422
-1.32879 -1.91483
-1.61847 0.106966
0.127588 -1.85255
-1.25463 -4.04792
-1.40138 1.47137
-0.619721 -5.06608
-0.282329 -2.68631
-0.275452 -3.80875
-0.17034 -3.29507
-0.360408 -3.5652
-0.0385582 -3.35451
-0.532897 -3.50468
0.274552 -2.83568
-1.17103 -3.68173
-1.4859 1.27995
-0.183591 -4.68435
-0.65084 -3.02947
0.0132853 -2.24615
-0.907151 -3.97691
-1.87758 -1.61927
-1.4196 -1.56284
-1.66991 -0.362863
-0.940309 -2.27171
-1.87776 -0.88749
-1.12132 -2.11691
-1.73677 0.159063
0.295693 -1.78513
-1.59124 -3.90913
-1.05757 0.776479
-0.502062 -4.78551
-0.145893 -2.76373
-0.505454 -3.81456
0.182783 -2.96127
-0.961518 -3.64751
-1.91496 -0.0613355
0.214665 -1.72526
-1.46861 -4.00628
-1.11738 1.17156
-0.861784 -5.08643
-0.489471 -2.60894
0.267695 -3.20568
-1.10848 -3.56231
-1.59321 1.10856
0.2334 -4.17702
-1.36183 -3.29271
-1.26441 0.913876
-0.123771 -4.50684
-0.624304 -3.07054
0.189057 -2.28296
-1.17714 -3.88993
-1.51284 1.33196
-0.212256 -4.7299
-0.630319 -3.00772
0.158977 -2.26066
-1.13338 -3.91008
-1.61269 1.19243
0.140424 -4.33088
-1.21299 -3.26867
-1.41051 1.11282
-0.0817892 -4.52775
-0.752427 -3.11273
-1.14948 -2.61669
-1.58639 0.705508
0.673633 -3.06264
-2.09684 -2.76529
-1.20697 -1.28381
-1.78389 -1.11344
-1.44762 -1.76417
-1.61225 -0.193831
-0.638168 -2.212
0.357436 -2.31673
-1.49348 -3.77249
-1.11933 0.91928
-0.523028 -4.83643
-0.159694 -2.74189
-0.489351 -3.82601
0.156976 -3.01086
-0.90399 -3.62977
-1.93992 -0.956992
-0.996909 -2.11391
-1.86121 -0.578492
-0.833678 -2.17271
-1.47232 -2.38386
-1.44214 0.17485
0.451777 -1.93341
-1.83459 -3.63247
-1.09479 -0.0589965
0.603628 -2.80248
-1.94535 -3.17653
-1.21417 -0.653221
-1.0503 -2.42185
-1.7636 0.248229
0.478903 -1.81208
-1.93688 -3.53893
-1.11501 -0.359944
0.332644 -2.00055
-1.56609 -3.84503
-1.07706 0.788317
-0.461712 -4.76045
-0.179479 -2.79806
-0.44379 -3.80185
0.0880375 -3.13158
-0.762104 -3.58523
-1.00278 -2.64118
-1.80384 0.19512
0.435175 -1.776
-1.8673 -3.64994
-1.08777 -0.119743
0.609535 -2.6616
-1.97074 -3.1792
-1.20756 -0.708665
-1.15902 -2.41193
-1.62058 0.551462
0.727534 -2.49972
-2.21726 -2.62939
-1.06898 -1.5503
-1.80788 -1.25924
-1.45463 -1.67828
-1.63121 -0.288733
-0.839693 -2.27167
-1.59985 -2.21716
-1.47562 -0.254104
-0.740897 -2.2909
-0.611121 -2.44122
0.365599 -2.38874
-1.48659 -3.75106
-1.12568 0.920424
-0.507111 -4.82608
-0.170473 -2.75574
-0.468608 -3.82057
0.1256 -3.06892
-0.837159 -3.60831
-1.71872 -2.12062
-1.48528 -0.671665
-1.49981 -1.99393
-1.54157 -0.12423
-0.453536 -2.14505
0.0737378 -3.64464
-0.70283 -3.37418
-0.433724 -2.423
0.0792828 -3.57444
-0.709721 -3.40153
-0.49933 -2.45496
0.281062 -3.21681
-1.13945 -3.5589
-1.53122 1.1902
0.0264608 -4.44918
-0.982192 -3.20632
-1.82228 0.348313
0.656789 -1.96062
-2.20812 -2.8957
-1.10347 -1.34507
-1.75171 -1.56057
-1.54081 -1.20628
-1.6694 -1.03569
-1.56313 -1.56834
-1.6231 -0.633537
-1.38026 -2.08501
-1.54732 0.183793
0.340339 -1.8546
-1.64574 -3.84369
-1.05488 0.57861
-0.235118 -4.52714
-0.395624 -2.98264
0.0336387 -3.486
-0.629639 -3.43367
0.176086 -2.32979
-1.1365 -3.88012
-1.59717 1.21032
0.0947746 -4.38873
-1.12886 -3.24889
-1.53866 1.05797
0.228826 -4.15599
-1.32948 -3.30291
-1.28599 0.985543
-0.176169 -4.57784
-0.561281 -3.02489
0.350123 -2.62588
-1.38374 -3.71116
-1.19959 1.13563
-0.610323 -4.95149
-0.173087 -2.66792
-0.48655 -3.85937
0.146644 -3.01436
-0.88468 -3.62903
-1.91107 -1.31152
-1.2897 -1.89529
-1.64661 0.107725
0.130675 -1.84303
-1.26428 -4.04841
-1.38393 1.47654
-0.661592 -5.09087
-0.281545 -2.65917
-0.282862 -3.82105
-0.160066 -3.287
-0.376111 -3.56782
-0.0104243 -3.33156
-0.576881 -3.50969
0.291009 -2.59831
-1.26451 -3.75049
-1.33725 1.33939
-0.57026 -4.99072
-0.247972 -2.71077
-0.341241 -3.8234
-0.0763509 -3.2602
-0.495487 -3.56122
0.212409 -3.0104
-1.00998 -3.628
-1.82077 0.506632
0.762223 -2.3162
-2.29688 -2.41893
-0.890179 -1.70204
-1.30096 -2.47315
-1.47882 0.561345
0.680865 -2.86654
-2.10606 -2.81292
-1.19686 -1.2642
-1.77855 -1.21192
-1.48328 -1.64338
-1.63076 -0.377667
-1.0148 -2.28764
-1.83123 -0.141148
-0.160183 -1.90402
-0.763165 -4.16624
-0.378864 -2.45575
-0.0796269 -3.74231
-0.443698 -3.32044
0.141158 -3.23879
-0.840184 -3.53973
-1.76708 -1.9822
-1.49493 -0.9202
-1.65208 -1.48953
-1.60132 -0.9594
-1.60041 -1.54253
-1.61542 -0.757579
-1.49171 -1.89578
-1.5681 -0.175818
-0.601178 -2.209
0.427287 -2.5923
-1.56669 -3.64272
-1.11489 0.629615
-0.12347 -4.43247
-0.56597 -3.07237
0.343339 -2.59513
-1.37688 -3.72348
-1.20498 1.15865
-0.628455 -4.96889
-0.176684 -2.65391
-0.484204 -3.86552
0.142 -3.01986
-0.875332 -3.62714
-1.8876 -1.48293
-1.38369 -1.70352
-1.65033 -0.160066
-0.530765 -2.15238
0.320694 -3.20011
-1.23546 -3.55997
-1.37076 1.2558
-0.378153 -4.83215
-0.376458 -2.86033
-0.0237752 -3.58143
-0.532447 -3.39291
0.291351 -2.82794
-1.20856 -3.68025
-1.41908 1.31397
-0.361724 -4.8402
-0.416896 -2.8763
0.0842151 -3.4538
-0.719268 -3.44955
-0.583753 -2.49633
0.399201 -2.56603
-1.50897 -3.68173
-1.1258 0.810568
-0.352157 -4.68328
-0.29147 -2.88416
-0.219925 -3.71587
-0.248713 -3.3492
-0.236893 -3.5341
-0.236872 -3.44419
-0.245095 -3.48984
-0.228646 -3.46551
-0.255065 -3.48007
-0.214558 -3.46823
-0.275078 -3.47946
-0.18378 -3.46193
-0.318939 -3.48132
-0.111731 -3.43394
-0.420558 -3.48248
0.0796766 -3.27015
-0.726886 -3.52621
-0.620648 -2.51725
0.313166 -2.30837
-1.40454 -3.81338
-1.17655 1.16445
-0.706706 -5.01363
-0.197837 -2.59595
-0.462887 -3.88923
0.10538 -3.06779
-0.802796 -3.61059
-1.43694 -2.53231
-1.40867 0.336895
0.666155 -2.37429
-2.12793 -2.94453
-1.17072 -1.1986
-1.73987 -1.5328
-1.54973 -1.1933
-1.66509 -1.07193
-1.57587 -1.5069
-1.62882 -0.729511
-1.45812 -1.95408
-1.56021 -0.058351
-0.284228 -2.0513
-0.452611 -4.08012
0.057681 -3.03276
-0.733362 -3.63343
-0.608499 -2.51852
0.353355 -2.37993
-1.46332 -3.76454
-1.13709 0.989337
-0.571195 -4.88633
-0.149539 -2.69866
-0.516573 -3.84399
0.192091 -2.92229
-0.987133 -3.66161
-1.87442 0.245571
0.596545 -1.84265
-2.14223 -3.12565
-1.1411 -1.07367
-1.58433 -2.04877
-1.51741 -0.309903
-0.914539 -2.32292
-1.87042 -1.12692
-1.29608 -1.95211
-1.62654 0.163682
0.257444 -1.82575
-1.49936 -3.94992
-1.09766 1.04859
-0.754093 -5.00391
-0.218517 -2.56052
-0.434341 -3.90013
0.0595829 -3.12095
-0.718282 -3.59383
-0.467713 -2.45265
0.189443 -3.40124
-0.930638 -3.48794
-1.93012 -0.345154
-0.232637 -1.90188
-0.624865 -4.16724
0.178166 -2.57787
-1.05397 -3.79265
-1.76231 0.780764
0.705654 -3.10614
-2.16206 -2.55921
-1.13007 -1.53905
-1.81713 -0.860119
-1.25004 -2.07349
-1.62375 0.291468
0.503168 -1.89091
-1.95279 -3.48446
-1.12887 -0.436703
0.0820801 -2.00001
-1.11356 -4.03083
-1.69961 1.03788
0.432092 -3.87125
-1.73907 -3.14862
-1.23535 -0.150526
0.302609 -1.95211
-1.52793 -3.88568
-1.08767 0.921601
-0.613228 -4.89365
-0.122467 -2.65894
-0.569247 -3.85643
0.238746 -2.71775
-1.12599 -3.72861
-1.584 1.18112
0.11865 -4.34791
-1.16157 -3.26182
-1.48464 1.10258
0.07631 -4.35806
-1.04049 -3.24158
-1.70659 0.761705
0.69893 -3.07354
-2.14704 -2.61887
-1.15453 -1.4762
-1.80945 -0.879299
-1.28087 -2.04766
-1.60903 0.260954
0.455325 -1.86741
-1.86834 -3.61453
-1.09844 -0.150383
0.60613 -2.49604
-1.98776 -3.20544
-1.19661 -0.726161
-1.15473 -2.41622
-1.6246 0.549934
0.727992 -2.48922
-2.21931 -2.62707
-1.06593 -1.55362
-1.80682 -1.27535
-1.45987 -1.65912
-1.63411 -0.317422
-0.896045 -2.28081
-1.83305 -1.45404
-1.45686 -1.56777
-1.65552 -0.410416
-1.04342 -2.27471
-1.79867 0.0282941
0.115711 -1.79709
-1.26048 -4.0697
-1.39623 1.48174
-0.644119 -5.08337
-0.283444 -2.67108
-0.276194 -3.81418
-0.169306 -3.29206
-0.362333 -3.56659
-0.0351655 -3.35147
-0.538174 -3.50539
0.279736 -2.80833
-1.18783 -3.68938
-1.45606 1.30304
-0.273102 -4.76761
-0.526851 -2.95107
0.33649 -2.86683
-1.30201 -3.65328
-1.28462 1.24443
-0.555881 -4.95101
-0.223559 -2.7172
-0.38627 -3.831
-0.00808209 -3.21557
-0.599061 -3.56444
0.264949 -2.49641
-1.24292 -3.79175
-1.37443 1.36772
-0.530551 -4.97571
-0.280166 -2.74368
-0.268574 -3.7863
-0.180014 -3.30818
-0.344705 -3.55965
-0.0660089 -3.37526
-0.491335 -3.50102
0.214707 -3.03064
-1.01131 -3.62064
-1.81638 0.522975
0.765792 -2.35654
-2.29614 -2.40176
-0.883971 -1.70937
-1.26195 -2.49177
-1.50102 0.616402
0.669078 -2.98296
-2.08364 -2.828
-1.21359 -1.21125
-1.76737 -1.27589
-1.50954 -1.54172
-1.64397 -0.537671
-1.24715 -2.20225
-1.58983 0.408355
0.656611 -2.13814
-2.16151 -2.9517
-1.14378 -1.24325
-1.73924 -1.57075
-1.54886 -1.15585
-1.66464 -1.12818
-1.58681 -1.42803
-1.63491 -0.84464
-1.52457 -1.78524
-1.5883 -0.340417
-0.976515 -2.30437
-1.86673 -0.439282
-0.607336 -2.10686
0.437282 -2.62226
-1.58309 -3.62351
-1.11546 0.57208
-0.0383758 -4.32879
-0.695359 -3.1482
-0.429077 -2.40673
0.0615025 -3.60122
-0.67712 -3.38801
-0.15807 -2.31195
-0.616829 -4.00838
0.207599 -2.56075
-1.11259 -3.79062
-1.62707 1.1264
0.249727 -4.16819
-1.40544 -3.28489
-1.24112 0.810606
-0.0305424 -4.38124
-0.755817 -3.15384
-1.18041 -2.61538
-1.54925 0.726467
0.631784 -3.21451
-2.02385 -2.88896
-1.24507 -1.04162
-1.70626 -1.60147
-1.56572 -1.02022
-1.63981 -1.37982
-1.61484 -1.04287
-1.611 -1.4349
-1.62434 -0.900618
-1.56049 -1.6788
-1.60329 -0.521764
-1.2691 -2.20907
-1.57145 0.405573
0.658008 -2.15778
-2.1592 -2.94976
-1.14577 -1.24158
-1.74037 -1.56275
-1.54844 -1.16693
-1.66523 -1.11008
-1.58327 -1.45429
-1.63324 -0.805849
-1.50477 -1.84315
-1.57857 -0.246659
-0.775366 -2.2721
-1.00993 -2.56377
-1.80173 0.167618
0.386198 -1.76523
-1.77644 -3.7595
-1.06051 0.180528
0.328849 -3.71899
-1.35944 -3.40359
-1.24949 0.985704
-0.268904 -4.66097
-0.430357 -2.94631
0.122258 -3.38159
-0.793265 -3.48238
-1.43435 -2.52486
-1.41122 0.339043
0.666396 -2.37179
-2.12884 -2.94319
-1.17014 -1.20111
-1.74075 -1.52904
-1.54922 -1.19971
-1.66537 -1.06127
-1.57323 -1.52257
-1.62737 -0.706198
-1.4414 -1.987
-1.55546 0.000366032
-0.120643 -1.96911
-0.80523 -4.13259
-0.841045 -2.6386
-1.78202 -1.79485
-1.5085 -1.1087
-1.68189 -1.14464
-1.57457 -1.45137
-1.63683 -0.787203
-1.48964 -1.8769
-1.57329 -0.185535
-0.626435 -2.21855
0.389981 -2.39048
-1.53879 -3.72418
-1.10734 0.764246
-0.339709 -4.66158
-0.296906 -2.89543
-0.206725 -3.70551
-0.267106 -3.35426
-0.206896 -3.52514
-0.280135 -3.44994
-0.177833 -3.47385
-0.325746 -3.47444
-0.100169 -3.43085
-0.436706 -3.4813
0.112301 -3.22665
-0.788918 -3.54376
-1.34716 -2.58627
-1.42458 0.55463
0.643318 -3.03503
-2.03199 -2.93131
-1.23426 -1.02765
-1.68909 -1.68615
-1.56444 -0.890689
-1.60327 -1.60624
-1.60486 -0.703435
-1.46131 -1.97026
-1.55519 -0.0532711
-0.267302 -2.04372
-0.494633 -4.09519
0.110624 -2.95276
-0.835806 -3.65835
-1.68191 -2.20818
-1.47233 -0.503515
-1.28021 -2.26505
-1.54819 0.441545
0.687369 -2.29599
-2.18061 -2.83163
-1.12885 -1.36313
-1.78322 -1.33069
-1.49984 -1.53251
-1.64874 -0.528101
-1.22878 -2.21178
-1.60232 0.417651
0.662659 -2.14479
-2.17042 -2.9244
-1.13748 -1.27718
-1.75175 -1.51545
-1.54146 -1.24863
-1.66814 -0.974039
-1.5457 -1.6536
-1.61199 -0.507443
-1.24154 -2.22347
-1.58845 0.427402
0.672366 -2.18807
-2.17716 -2.88715
-1.13232 -1.31548
-1.76609 -1.44115
-1.52796 -1.36725
-1.66455 -0.784091
-1.45616 -1.92128
-1.56934 -0.0789401
-0.34459 -2.08075
-0.286809 -3.99383
-0.160433 -3.19469
-0.391082 -3.61393
0.0145876 -3.29096
-0.620106 -3.52413
0.217791 -2.38781
-1.19002 -3.84461
-1.47703 1.34939
-0.301441 -4.80791
-0.508319 -2.92976
0.308296 -2.99093
-1.21935 -3.6256
-1.39731 1.29208
-0.374522 -4.84193
-0.393655 -2.86469
0.0214924 -3.53294
-0.607172 -3.41311
0.253303 -2.41393
-1.24788 -3.82145
-1.37006 1.38088
-0.558176 -4.99751
-0.269046 -2.72308
-0.296054 -3.80437
-0.141464 -3.29197
-0.401117 -3.56189
0.0362294 -3.29029
-0.653524 -3.52113
0.0660797 -2.29813
-0.96815 -3.93509
-1.95427 -0.411329
-0.254477 -1.90229
-0.578105 -4.16032
0.17663 -2.72914
-1.00614 -3.73677
-1.85367 0.388779
0.715252 -2.0658
-2.27412 -2.62995
-0.994431 -1.58551
-1.7056 -1.85001
-1.53571 -0.813675
-1.58535 -1.72322
-1.5887 -0.549402
-1.31732 -2.17721
-1.55008 0.339541
0.598249 -2.03878
-2.08332 -3.18319
-1.16487 -0.931157
-1.44813 -2.24666
-1.48339 0.155136
0.352328 -1.87873
-1.65856 -3.82481
-1.05655 0.529659
-0.16057 -4.44572
-0.49317 -3.04347
0.270944 -3.06179
-1.12658 -3.60845
-1.56248 1.17037
0.103478 -4.35875
-1.12505 -3.25541
-1.54514 1.05428
0.243523 -4.13525
-1.35814 -3.30313
-1.26516 0.927897
-0.142763 -4.52941
-0.597788 -3.05376
0.295496 -2.39642
-1.33749 -3.80425
-1.24443 1.28706
-0.708022 -5.05161
-0.231592 -2.6079
-0.397262 -3.87538
0.00510563 -3.18443
-0.623908 -3.57596
0.208386 -2.38802
-1.17269 -3.84829
-1.51222 1.31772
-0.192519 -4.70752
-0.654489 -3.02441
-0.0169874 -2.2492
-0.860442 -3.98872
-1.59917 -2.38428
-1.4339 -0.162033
-0.406374 -2.1481
-0.0794589 -3.81631
-0.445971 -3.28517
0.148922 -3.23792
-0.854988 -3.54058
-1.83779 -1.72641
-1.46947 -1.34915
-1.68921 -0.710022
-1.36722 -2.0504
-1.56216 0.178197
0.316575 -1.84697
-1.6027 -3.87789
-1.05914 0.719772
-0.419655 -4.71278
-0.205199 -2.83523
-0.392443 -3.78322
0.00550223 -3.2267
-0.61691 -3.55602
0.228045 -2.41051
-1.201 -3.8333
-1.45388 1.36161
-0.362484 -4.85851
-0.435778 -2.87863
0.135034 -3.38114
-0.817993 -3.48434
-1.64745 -2.25769
-1.46355 -0.370795
-1.01472 -2.34751
-1.82351 -0.0573179
-0.00827277 -1.83525
-1.04205 -4.12994
-1.90065 0.259124
0.644297 -1.88434
-2.20948 -2.92578
-1.10252 -1.32273
-1.73679 -1.63077
-1.54703 -1.0938
-1.66132 -1.22541
-1.60037 -1.2907
-1.63855 -1.04662
-1.59323 -1.48087
-1.62625 -0.802536
-1.50983 -1.83842
-1.5787 -0.262264
-0.811596 -2.28231
-1.39559 -2.4631
-1.43803 0.391434
0.68112 -2.4408
-2.14412 -2.87521
-1.16187 -1.27858
-1.77067 -1.35967
-1.51719 -1.46384
-1.65511 -0.642152
-1.35165 -2.09765
-1.5555 0.236431
0.437977 -1.88055
-1.82852 -3.659
-1.08713 -0.0239154
0.580773 -2.96664
-1.88853 -3.21468
-1.21308 -0.491921
-0.578691 -2.28774
0.419068 -2.72255
-1.5203 -3.62674
-1.13132 0.74088
-0.23592 -4.567
-0.422082 -2.97684
0.101259 -3.40294
-0.752771 -3.47162
-0.983165 -2.63152
-1.83425 0.0363922
0.200504 -1.76098
-1.42555 -4.01387
-1.15613 1.2746
-0.898641 -5.13166
-0.634917 -2.66372
0.196063 -2.23402
-1.20872 -3.90193
-1.45307 1.38863
-0.402915 -4.89791
-0.401224 -2.84707
0.0403044 -3.51632
-0.639493 -3.42064
0.126546 -2.30145
-1.06327 -3.90945
-1.77611 0.770688
0.715296 -3.0741
-2.17736 -2.52196
-1.10416 -1.58286
-1.82338 -0.913037
-1.27428 -2.04077
-1.61545 0.256932
0.446447 -1.8604
-1.85368 -3.63581
-1.09285 -0.100296
0.610175 -2.6864
-1.96939 -3.17323
-1.20935 -0.710072
-1.16962 -2.40891
-1.60917 0.559981
0.726309 -2.54404
-2.21009 -2.63411
-1.07894 -1.54064
-1.811 -1.20545
-1.4357 -1.74072
-1.62181 -0.194787
-0.63522 -2.20786
0.368894 -2.33733
-1.51073 -3.75689
-1.11322 0.862753
-0.461596 -4.77938
-0.193735 -2.79564
-0.420737 -3.8023
0.0499739 -3.17619
-0.693116 -3.57071
-0.221817 -2.34741
-0.488667 -3.98907
0.124887 -2.98728
-0.852198 -3.64206
-1.78991 -1.92429
-1.49196 -1.03726
-1.68166 -1.2576
-1.58753 -1.30765
-1.64422 -0.993276
-1.5748 -1.57324
-1.61879 -0.658511
-1.40881 -2.04796
-1.54792 0.107392
0.164766 -1.86444
-1.313 -4.02058
-1.29738 1.45289
-0.809829 -5.15426
-0.402135 -2.61238
0.016829 -3.60479
-0.597753 -3.38172
0.276074 -2.45283
-1.27934 -3.79947
-1.3196 1.35544
-0.631098 -5.03195
-0.236266 -2.66583
-0.374252 -3.84851
-0.027965 -3.22127
-0.569632 -3.56683
0.285655 -2.65138
-1.23863 -3.7367
-1.37546 1.34263
-0.492926 -4.94265
-0.297642 -2.77186
-0.225442 -3.75669
-0.239723 -3.32733
-0.253448 -3.54699
-0.211788 -3.43501
-0.282665 -3.49653
-0.170704 -3.45039
-0.338315 -3.48571
-0.0777562 -3.41328
-0.469802 -3.4848
0.177406 -3.11712
-0.924504 -3.58827
-1.94305 -0.545921
-0.505198 -2.02854
0.210198 -3.46262
-0.980663 -3.47353
-1.85312 0.295464
0.629146 -1.89574
-2.18101 -3.00178
-1.12513 -1.22857
-1.7046 -1.73562
-1.55214 -0.899475
-1.61455 -1.57588
-1.60589 -0.764137
-1.50497 -1.87451
-1.57082 -0.222778
-0.719007 -2.25583
-0.305709 -2.29409
-0.319201 -3.95227
-0.113796 -3.20771
-0.453789 -3.59767
0.132464 -3.15237
-0.835318 -3.57395
-1.72381 -2.10425
-1.48739 -0.698219
-1.52417 -1.94204
-1.55077 -0.220005
-0.709799 -2.25841
-0.204654 -2.24966
-0.553177 -4.03317
0.190214 -2.80052
-1.01192 -3.70759
-1.83448 0.472291
0.754187 -2.23968
-2.29757 -2.45447
-0.90378 -1.68616
-1.38006 -2.42118
-1.45451 0.399173
0.681861 -2.41099
-2.15027 -2.87036
-1.15671 -1.29157
-1.77279 -1.35404
-1.51434 -1.47627
-1.65404 -0.62169
-1.3322 -2.12079
-1.55821 0.279311
0.509773 -1.92611
-1.95241 -3.47185
-1.1326 -0.445897
0.035714 -2.01243
-1.03472 -4.04996
-1.8874 0.312934
0.681549 -1.9566
-2.24882 -2.76968
-1.05181 -1.47679
-1.75522 -1.60758
-1.53684 -1.17534
-1.67115 -1.07641
-1.57133 -1.51561
-1.62905 -0.708711
-1.44166 -1.98502
-1.55593 -0.00160656
-0.126343 -1.97174
-0.794609 -4.13333
-0.724834 -2.59863
-0.689585 -2.49292
-0.189883 -2.25936
-0.577682 -4.03069
0.206858 -2.71501
-1.06546 -3.73616
-1.72088 0.8889
0.606102 -3.44777
-2.01188 -2.83897
-1.25892 -1.05164
-1.71929 -1.51883
-1.56362 -1.13973
-1.65604 -1.18074
-1.60043 -1.33481
-1.63669 -0.990723
-1.58072 -1.56116
-1.61896 -0.686033
-1.43325 -2.00866
-1.55171 0.0324198
-0.0313592 -1.92927
-0.965048 -4.11051
-1.96176 -0.898004
-0.869775 -2.11241
-1.65169 -2.09397
-1.5004 -0.479392
-1.2474 -2.2732
-1.57008 0.466911
0.698388 -2.32725
-2.19379 -2.77899
-1.11339 -1.41906
-1.79346 -1.28122
-1.47893 -1.61407
-1.6385 -0.3992
-1.04477 -2.2818
-1.79575 0.0457435
0.146053 -1.78898
-1.31604 -4.05112
-1.2981 1.46781
-0.827691 -5.16695
-0.442546 -2.62104
0.136356 -3.44616
-0.819445 -3.46059
-1.66857 -2.21477
-1.47204 -0.458874
-1.202 -2.30767
-1.60097 0.494623
0.710379 -2.35642
-2.20909 -2.71863
-1.09136 -1.48
-1.80013 -1.27425
-1.46873 -1.64079
-1.63563 -0.352335
-0.962735 -2.28623
-1.87537 -0.608199
-0.82902 -2.16435
-1.42663 -2.42758
-1.43901 0.30502
0.630278 -2.18792
-2.10177 -3.08244
-1.17216 -1.04468
-1.62012 -1.94957
-1.53563 -0.477905
-1.24342 -2.25974
-1.57696 0.457207
0.693047 -2.28717
-2.19208 -2.8013
-1.11636 -1.40021
-1.78883 -1.31265
-1.49043 -1.56804
-1.64469 -0.470422
-1.15269 -2.25231
-1.66741 0.391449
0.634724 -2.0292
-2.15173 -3.02322
-1.1462 -1.17166
-1.69302 -1.7573
-1.55353 -0.844648
-1.59043 -1.67885
-1.59591 -0.601667
-1.37295 -2.11327
-1.54218 0.216066
0.409964 -1.8739
-1.77547 -3.72033
-1.07166 0.151025
0.395292 -3.58053
-1.49807 -3.39597
-1.1844 0.644819
0.0584884 -4.23468
-0.882461 -3.23313
-1.92384 -0.947785
-1.03891 -2.11453
-1.82856 -0.243267
-0.371334 -2.01348
-0.234848 -3.97693
-0.229751 -3.20866
-0.284618 -3.60625
-0.161961 -3.39608
-0.357343 -3.5125
-0.0433937 -3.37945
-0.522519 -3.49355
0.264064 -2.88739
-1.13847 -3.66664
-1.54705 1.21164
0.0202195 -4.46538
-0.980698 -3.20203
-1.82488 0.334539
0.644815 -1.93841
-2.1946 -2.945
-1.11582 -1.29089
-1.73479 -1.6245
-1.54861 -1.09272
-1.66036 -1.22979
-1.60136 -1.28247
-1.63825 -1.05978
-1.59625 -1.4607
-1.62755 -0.832496
-1.52542 -1.7929
-1.58635 -0.336207
-0.968983 -2.30481
-1.87184 -0.512958
-0.705983 -2.13864
-0.0365268 -2.18302
-0.85565 -4.02204
-1.52228 -2.48455
-1.4102 0.0998154
0.360337 -1.90586
-1.66247 -3.81175
-1.05883 0.508745
-0.123618 -4.40413
-0.545936 -3.07476
0.342237 -2.72958
-1.34154 -3.68885
-1.24039 1.20364
-0.603844 -4.96786
-0.193155 -2.67637
-0.450389 -3.85495
0.0911857 -3.10349
-0.772405 -3.59697
-1.11599 -2.64843
-1.62551 0.678783
0.70836 -2.9032
-2.15848 -2.65043
-1.14366 -1.46957
-1.81039 -0.954975
-1.3282 -1.98319
-1.5994 0.170268
0.278465 -1.83366
-1.53543 -3.92617
-1.07912 0.936471
-0.656356 -4.92239
-0.12559 -2.61925
-0.575618 -3.87442
0.237672 -2.69416
-1.13021 -3.7369
-1.57669 1.19526
0.088123 -4.38768
-1.10694 -3.24619
-1.57745 1.01263
0.344036 -3.97565
-1.54729 -3.27389
-1.20328 0.44021
0.3906 -3.67202
-1.51918 -3.36314
-1.18663 0.568774
0.174438 -4.06393
-1.0938 -3.32229
-1.60312 1.00502
0.38431 -3.91229
-1.62598 -3.23925
-1.20768 0.20767
0.613174 -2.93399
-1.96284 -3.10292
-1.22776 -0.746719
-1.31463 -2.33963
-1.50645 0.457327
0.697047 -2.44071
-2.17276 -2.79428
-1.13577 -1.38173
-1.79276 -1.23427
-1.46966 -1.66044
-1.63087 -0.334166
-0.932489 -2.28617
-1.87688 -0.957976
-1.1786 -2.07902
-1.6852 0.244691
0.426498 -1.82372
-1.82976 -3.67849
-1.08126 -0.0112384
0.564692 -3.04689
-1.85222 -3.24182
-1.2085 -0.38436
-0.214779 -2.10116
-0.584896 -4.09156
0.196121 -2.69877
-1.05003 -3.74422
-1.75843 0.778117
0.706191 -3.09887
-2.16248 -2.56072
-1.12972 -1.53855
-1.81717 -0.863411
-1.25243 -2.07103
-1.62262 0.289119
0.499598 -1.8888
-1.94667 -3.49489
-1.12673 -0.415619
0.148922 -1.98664
-1.23024 -3.99895
-1.43473 1.43697
-0.506706 -4.98574
-0.325143 -2.76763
-0.16312 -3.72176
-0.325432 -3.34107
-0.105858 -3.48794
-0.421928 -3.4533
0.0846557 -3.27432
-0.734809 -3.52423
-0.718774 -2.55786
-0.584545 -2.44467
0.405388 -2.58336
-1.51868 -3.6714
-1.12383 0.777571
-0.31066 -4.64101
-0.333374 -2.91727
-0.123073 -3.6479
-0.384128 -3.37377
0.0104626 -3.38579
-0.601263 -3.48065
0.265083 -2.461
-1.25482 -3.80223
-1.35669 1.37039
-0.571714 -5.00213
-0.258509 -2.71183
-0.319996 -3.81667
-0.107326 -3.27593
-0.450493 -3.56185
0.13068 -3.16907
-0.829649 -3.56721
-1.68989 -2.18171
-1.4772 -0.543788
-1.34445 -2.21159
-1.52669 0.329102
0.598183 -2.05306
-2.07895 -3.18714
-1.16621 -0.920234
-1.4342 -2.26164
-1.4823 0.194796
0.432958 -1.90688
-1.8076 -3.6735
-1.08375 0.0367159
0.535459 -3.17751
-1.78968 -3.28186
-1.19857 -0.20008
0.329935 -1.97028
-1.57376 -3.85131
-1.07327 0.773375
-0.45211 -4.74983
-0.184976 -2.8066
-0.432787 -3.79792
0.0703598 -3.15526
-0.729107 -3.57703
-0.606596 -2.51421
0.359473 -2.39363
-1.47186 -3.7561
-1.13305 0.961572
-0.543906 -4.86142
-0.15648 -2.72302
-0.49926 -3.83406
0.170151 -2.97982
-0.934239 -3.64115
-1.94275 -0.456939
-0.370283 -1.96558
-0.256559 -4.00376
-0.202002 -3.1932
-0.330198 -3.61712
-0.0902245 -3.36385
-0.459675 -3.51294
0.154293 -3.14871
-0.875984 -3.57553
-1.89904 -1.3905
-1.34066 -1.80781
-1.64222 -0.00927507
-0.159135 -1.96397
-0.740988 -4.14391
-0.220806 -2.39681
-0.475746 -3.96872
0.1106 -3.02098
-0.82092 -3.62972
-1.58693 -2.36993
-1.43779 -0.134865
-0.334382 -2.10911
-0.304739 -3.99677
-0.136386 -3.18916
-0.425986 -3.61229
0.0788893 -3.22214
-0.732204 -3.54696
-0.668554 -2.53891
-0.00786002 -2.2077
-0.889745 -4.00051
-1.7863 -1.98506
-1.48655 -0.981739
-1.67331 -1.36173
-1.59627 -1.16072
-1.63876 -1.21651
-1.61539 -1.24189
-1.63072 -1.1483
-1.61542 -1.31489
-1.63009 -1.05415
-1.60162 -1.45066
-1.62658 -0.857835
-1.53928 -1.75105
-1.59293 -0.405082
-1.09592 -2.29231
-1.72714 0.290858
0.520088 -1.85483
-1.99889 -3.42115
-1.13797 -0.580805
-0.404233 -2.21643
-0.0648818 -3.78632
-0.467486 -3.29905
0.194383 -3.15127
-0.953723 -3.57633
-1.9147 -0.0957301
0.154535 -1.74048
-1.35405 -4.05541
-1.24358 1.43135
-0.898338 -5.18207
-0.643069 -2.67586
0.13899 -2.21767
-1.11649 -3.93295
-1.6585 1.10663
0.309693 -4.08282
-1.52128 -3.26166
-1.20993 0.50248
0.327536 -3.80728
-1.39688 -3.37336
-1.22998 0.883885
-0.169309 -4.5426
-0.546594 -3.03037
0.347305 -2.72612
-1.35368 -3.68688
-1.22834 1.17981
-0.600133 -4.95845
-0.187379 -2.67831
-0.459828 -3.85456
0.106199 -3.08286
-0.801308 -3.60415
-1.42735 -2.53931
-1.40898 0.362699
0.675531 -2.45314
-2.13191 -2.90302
-1.1706 -1.23776
-1.75902 -1.42323
-1.5334 -1.36234
-1.66298 -0.801476
-1.46926 -1.8943
-1.5733 -0.127256
-0.475307 -2.14749
0.147023 -3.5404
-0.845278 -3.43069
-1.82413 -1.76546
-1.48082 -1.27271
-1.69255 -0.839274
-1.45496 -1.89121
-1.57754 -0.0998876
-0.403379 -2.10941
-0.101839 -3.8463
-0.412979 -3.27131
0.0756668 -3.3477
-0.711324 -3.49316
-0.461298 -2.44323
0.168434 -3.43888
-0.88604 -3.47039
-1.92709 -1.06815
-1.12123 -2.06942
-1.74808 0.095113
0.17704 -1.79773
-1.36598 -4.02635
-1.22424 1.39431
-0.894013 -5.16822
-0.623639 -2.66705
0.256694 -2.27223
-1.30622 -3.85959
-1.28693 1.36487
-0.716006 -5.08071
-0.260209 -2.61334
-0.338595 -3.85778
-0.0816572 -3.24546
-0.490839 -3.57005
0.203185 -3.02854
-0.988586 -3.62155
-1.86348 0.294084
0.638445 -1.90188
-2.19468 -2.96085
-1.11538 -1.27825
-1.72579 -1.66334
-1.55045 -1.02922
-1.65055 -1.34054
-1.61022 -1.11902
-1.6262 -1.30924
-1.62449 -1.08967
-1.61223 -1.38504
-1.62799 -0.960907
-1.57923 -1.58975
-1.61472 -0.653887
-1.40857 -2.0515
-1.54702 0.110381
0.172908 -1.86298
-1.32794 -4.01525
-1.27441 1.43629
-0.837619 -5.16031
-0.457931 -2.62099
0.181162 -3.3739
-0.912513 -3.49537
-1.94038 -0.636874
-0.643283 -2.08355
0.392446 -2.35943
-1.55408 -3.72608
-1.1019 0.725352
-0.30033 -4.61934
-0.336428 -2.92704
-0.11489 -3.63897
-0.396025 -3.37699
0.0350937 -3.35944
-0.642907 -3.48995
0.119589 -2.30832
-1.04926 -3.90979
-1.80866 0.649726
0.769293 -2.71584
-2.26635 -2.34945
-0.912355 -1.73225
-1.50361 -2.30055
-1.46057 0.0522554
0.14767 -1.89362
-1.26994 -4.02465
-1.36838 1.4691
-0.682983 -5.09945
-0.282249 -2.64534
-0.284296 -3.82628
-0.1581 -3.28392
-0.379352 -3.56905
-0.0045653 -3.3261
-0.586308 -3.51114
0.284322 -2.5474
-1.2658 -3.76832
-1.33674 1.34804
-0.583437 -5.00161
-0.245499 -2.70114
-0.348226 -3.82887
-0.0661722 -3.25267
-0.510785 -3.56208
0.236375 -2.94514
-1.07001 -3.65006
-1.69111 0.939876
0.53828 -3.61866
-1.90325 -2.99601
-1.26669 -0.677094
-1.29129 -2.33984
-1.5204 0.485159
0.703955 -2.49211
-2.17771 -2.75834
-1.12929 -1.41528
-1.79942 -1.18451
-1.447 -1.73053
-1.62085 -0.22413
-0.704873 -2.23537
-0.127881 -2.2184
-0.699439 -4.04032
-0.0166668 -2.35522
-0.82261 -3.94739
-1.29155 -2.63851
-1.44334 0.674321
0.567544 -3.3588
-1.8996 -3.07845
-1.24722 -0.612352
-1.08238 -2.41104
-1.7201 0.373744
0.625995 -1.97839
-2.15101 -3.04637
-1.14452 -1.15173
-1.67352 -1.82305
-1.54936 -0.731526
-1.52495 -1.88449
-1.56472 -0.263648
-0.816727 -2.28807
-1.44488 -2.42187
-1.43659 0.260369
0.586394 -2.0874
-2.04658 -3.24182
-1.16861 -0.816776
-1.24215 -2.39845
-1.54088 0.564841
0.708572 -2.70016
-2.16517 -2.71106
-1.14021 -1.43423
-1.80569 -1.0661
-1.39394 -1.86691
-1.60285 -0.0125143
-0.174296 -1.98272
-0.706326 -4.13898
-0.0143293 -2.36974
-0.820972 -3.94069
-1.28266 -2.6412
-1.44888 0.687676
0.561565 -3.38216
-1.89011 -3.08656
-1.24658 -0.583207
-1.00536 -2.41152
-1.82708 -0.0407274
0.0335323 -1.81661
-1.11687 -4.11328
-1.72444 0.995385
0.498023 -3.74043
-1.85064 -3.04364
-1.26206 -0.510534
-0.871033 -2.38638
-1.80537 -1.64158
-1.49809 -1.31255
-1.68209 -0.80508
-1.44772 -1.91945
-1.57193 -0.0631803
-0.302862 -2.05799
-0.404885 -4.06022
-0.00524814 -3.09974
-0.625746 -3.61843
0.205042 -2.39392
-1.16448 -3.84768
-1.5289 1.29862
-0.13637 -4.65134
-0.737923 -3.07402
-0.978353 -2.60749
-1.84292 -0.0284763
0.0940647 -1.78814
-1.22851 -4.08578
-1.46248 1.45012
-0.472713 -4.96901
-0.359351 -2.79571
-0.0747888 -3.64669
-0.452724 -3.36685
0.156443 -3.19778
-0.873754 -3.55655
-1.89641 -1.40432
-1.34949 -1.79033
-1.64265 -0.0345907
-0.223333 -1.99663
-0.606663 -4.13168
0.190417 -2.63097
-1.05943 -3.7702
-1.74356 0.833259
0.663132 -3.27052
-2.09848 -2.68595
-1.20786 -1.34647
-1.79178 -0.951054
-1.36169 -1.95176
-1.59227 0.105731
0.131392 -1.85941
-1.2579 -4.04374
-1.39433 1.47198
-0.634581 -5.07457
-0.280154 -2.67615
-0.282284 -3.81509
-0.160848 -3.29026
-0.374499 -3.56629
-0.0133006 -3.33455
-0.57223 -3.50884
0.292752 -2.62371
-1.26097 -3.74226
-1.34184 1.33719
-0.557207 -4.98195
-0.25352 -2.72084
-0.328075 -3.8159
-0.0955289 -3.27201
-0.46724 -3.56066
0.162406 -3.11591
-0.895988 -3.58844
-1.93367 -1.0401
-1.0824 -2.08607
-1.78747 -0.0381325
-0.045308 -1.86418
-0.970775 -4.13892
-1.96379 -0.874635
-0.839101 -2.11
-1.4499 -2.40096
-1.44126 0.237456
0.552404 -2.0301
-1.99904 -3.35413
-1.15601 -0.634609
-0.688195 -2.35063
-0.0656391 -2.20677
-0.802295 -4.02478
-0.960564 -2.6614
-1.86272 -0.137709
-0.068815 -1.84806
-0.940147 -4.15511
-1.90622 -1.49531
-1.3555 -1.74397
-1.65225 -0.0892775
-0.35552 -2.06325
-0.262358 -3.98306
-0.192777 -3.20378
-0.342391 -3.61211
-0.0701082 -3.35517
-0.488596 -3.51211
0.208241 -3.04129
-0.996613 -3.61684
-1.8465 0.38258
0.705434 -2.04583
-2.26373 -2.67665
-1.01841 -1.55063
-1.73955 -1.71044
-1.53916 -1.03487
-1.65783 -1.31439
-1.60599 -1.17078
-1.63352 -1.22404
-1.61917 -1.2183
-1.62787 -1.18947
-1.6209 -1.25053
-1.62766 -1.15081
-1.61781 -1.30389
-1.62913 -1.07417
-1.60616 -1.4186
-1.62793 -0.905928
-1.55941 -1.67663
-1.60399 -0.520932
-1.26736 -2.20998
-1.57245 0.407253
0.659195 -2.16047
-2.16064 -2.94473
-1.14486 -1.24762
-1.74288 -1.55146
-1.54715 -1.18566
-1.66627 -1.07878
-1.57627 -1.50024


