-0.559295 0.292818
-2.47148 -4.30214
-0.784333 0.739803
-2.33878 -4.87744
-1.12359 1.34391
-2.0629 -5.55627
-2.13672 -0.655606
-1.2461 -2.73099
-2.00446 -1.6961
-1.68467 -1.22615
-1.86283 -1.45972
-1.77107 -1.20545
-1.83086 -1.49748
-1.77438 -1.10385
-1.82337 -1.69865
-1.72772 -0.858187
-1.74609 -2.2642
-1.56808 -0.277422
-0.373171 -2.76568
-1.59407 -4.61857
-2.07882 -0.666435
-1.3427 -2.70561
-1.94338 -0.480458
-1.2599 -2.83061
-2.02322 -1.45778
-1.71153 -1.53799
-1.80908 -0.921319
-1.7606 -2.09463
-1.62032 -0.416376
-0.915478 -2.95689
-0.143638 -3.90855
-1.87518 -3.79637
-1.1285 0.524191
-1.25309 -5.58446
-0.690628 -3.57845
-0.964872 -4.58147
-0.578483 -4.07435
-1.10154 -4.29595
-0.202928 -3.66955
-1.71793 -4.06777
-1.3685 0.819006
-0.794355 -5.37318
-1.31901 -3.77088
-2.02493 -1.87106
-1.6405 -1.10808
-1.85973 -1.78499
-1.69473 -0.837308
-1.72816 -2.35578
-1.54435 -0.192042
-0.0909893 -2.69257
-2.03104 -4.00987
-1.01205 0.505011
-1.61536 -5.60753
-0.847193 -3.38216
-0.520245 -4.3877
-1.20564 -4.1024
-0.41508 -3.1156
-1.45542 -4.57288
-1.77195 -2.86946
-1.36761 0.0415635
0.164716 -3.80385
-2.42107 -2.10617
-1.41946 -1.58693
-1.94294 -1.54632
-1.73067 -1.25336
-1.84531 -1.39366
-1.78742 -1.26801
-1.82249 -1.39577
-1.79528 -1.23166
-1.82099 -1.46646
-1.78374 -1.13015
-1.82261 -1.64962
-1.74114 -0.909256
-1.77458 -2.13375
-1.6031 -0.410032
-0.845733 -2.943
-0.411223 -4.34822
-1.40824 -4.04494
-2.07638 -1.12699
-1.64682 -2.10785
-1.66799 -0.277639
-0.689053 -2.86979
-0.963519 -4.79846
-0.62625 -3.9864
-1.04425 -4.37153
-0.354995 -3.9375
-1.44406 -4.1801
-2.0801 -1.03665
-1.61177 -2.24546
-1.64816 -0.150876
-0.312648 -2.71867
-1.69268 -4.52923
-1.76167 0.548047
0.361384 -3.34359
-2.55184 -1.03478
-1.12837 -2.44613
-1.14102 -3.17085
-1.10323 -3.21163
-0.58512 -3.08676
-1.19423 -4.74318
-0.264894 -3.61128
-1.60335 -4.1985
-1.71604 0.540893
0.334138 -3.46453
-2.53702 -1.13565
-1.19341 -2.40468
-1.75059 -2.70716
-1.42407 -0.0173166
0.270465 -3.30434
-2.49823 -1.83363
-1.38581 -1.85444
-1.96251 -1.20663
-1.74312 -1.76014
-1.73471 -0.681696
-1.58551 -2.64014
-1.55865 0.126359
0.290986 -2.99984
-2.52384 -1.85361
-1.36368 -1.83533
-1.96659 -1.43005
-1.73811 -1.44773
-1.81772 -1.06758
-1.80043 -1.79539
-1.70579 -0.72547
-1.6253 -2.58971
-1.53441 0.0722536
0.277744 -2.97847
-2.51374 -1.96548
-1.36464 -1.74007
-1.95359 -1.63281
-1.71122 -1.17918
-1.8523 -1.54353
-1.75811 -1.08109
-1.82596 -1.74299
-1.71458 -0.817621
-1.71588 -2.37368
-1.54366 -0.163331
-0.0311591 -2.68992
-2.12622 -3.80085
-0.996284 0.150712
-1.32044 -5.52628
-0.570901 -3.52431
-1.16661 -4.55948
-0.221331 -3.59076
-1.68247 -4.13373
-1.47266 0.793012
-0.426719 -5.00265
-1.87135 -3.48681
-1.17099 0.276301
-0.797332 -5.26629
-1.16402 -3.80984
-0.486946 -3.10168
-1.35509 -4.65935
-0.608874 -3.20165
-1.13785 -4.71167
-0.329606 -3.76616
-1.48619 -4.22454
-2.04515 -0.529229
-1.21874 -2.7958
-1.93805 -2.17876
-1.56223 -0.686736
-1.36175 -2.93966
-1.90691 -0.246264
-0.848268 -2.85073
-0.383039 -4.32828
-1.46261 -4.02668
-1.98803 -0.243952
-0.795851 -2.80698
-0.591177 -4.57025
-1.12446 -4.04899
-0.124603 -3.30766
-1.87468 -4.0143
-1.13479 0.712648
-1.44111 -5.66622
-0.665696 -3.45575
-1.01454 -4.62812
-0.507829 -4.00825
-1.2015 -4.28044
-0.221296 -3.19021
-1.72328 -4.26036
-1.45769 0.844958
-0.544554 -5.14506
-1.71188 -3.63806
-1.28982 0.608737
-0.782104 -5.31826
-1.27167 -3.79094
-1.74509 -2.84792
-1.38565 0.0735096
0.178483 -3.77379
-2.43271 -2.03897
-1.42124 -1.65231
-1.94913 -1.38083
-1.7495 -1.4766
-1.80737 -1.03367
-1.79799 -1.85734
-1.68738 -0.66483
-1.53751 -2.73537
-1.59512 0.184885
0.301727 -2.99267
-2.53271 -1.77127
-1.35736 -1.90452
-1.97168 -1.34459
-1.74141 -1.57411
-1.78781 -0.894303
-1.75565 -2.15094
-1.60295 -0.368585
-0.736858 -2.90624
-0.81544 -4.72218
-0.812623 -4.03522
-0.756757 -4.37293
-0.860671 -4.21791
-0.691326 -4.27889
-0.946426 -4.24691
-0.525122 -4.16653
-1.17447 -4.21371
-0.176142 -3.23139
-1.79176 -4.15865
-1.27657 0.867573
-1.16076 -5.62179
-0.86522 -3.63875
-0.540526 -4.3502
-1.16462 -4.13166
-0.181247 -3.19964
-1.78756 -4.17771
-1.291 0.876187
-1.12441 -5.60628
-0.905303 -3.65861
-0.420991 -4.21701
-1.35461 -4.11537
-1.8958 -2.52781
-1.44877 -0.386782
-0.138989 -2.73221
-1.94667 -4.14983
-1.08255 0.754727
-1.64467 -5.66149
-0.93931 -3.40371
-0.205245 -3.93935
-1.74549 -3.94421
-1.2829 0.767766
-1.01423 -5.52098
-0.998056 -3.71344
-0.162776 -3.76748
-1.80753 -3.93243
-1.19809 0.718422
-1.24032 -5.62154
-0.749975 -3.58925
-0.840996 -4.55555
-0.757795 -4.13063
-0.855169 -4.34442
-0.717007 -4.2325
-0.912861 -4.2825
-0.604562 -4.21148
-1.06223 -4.23933
-0.253257 -3.80897
-1.62698 -4.10048
-1.5853 0.68604
0.0143488 -4.34276
-2.3518 -2.25331
-1.43403 -1.40007
-1.90027 -1.91924
-1.64795 -0.799618
-1.67199 -2.5351
-1.51613 -0.00714419
0.241923 -2.89272
-2.48466 -2.26108
-1.34011 -1.48909
-1.78562 -2.48234
-1.4835 -0.207094
0.0697457 -2.73369
-2.27558 -3.35362
-1.08512 -0.459131
-0.295586 -4.59058
-1.83254 -3.64961
-1.17124 0.467934
-1.03373 -5.47083
-0.892725 -3.70854
-0.479519 -4.27229
-1.25694 -4.13254
-0.851076 -3.22382
-0.460286 -4.35479
-1.30969 -4.08089
-1.58725 -3.08294
-1.47374 0.37597
0.104399 -4.06461
-2.39399 -2.13626
-1.43289 -1.53971
-1.93763 -1.56747
-1.72848 -1.21759
-1.847 -1.46248
-1.77581 -1.17538
-1.8285 -1.55721
-1.76222 -1.02526
-1.81284 -1.86336
-1.68176 -0.683737
-1.55891 -2.71012
-1.57263 0.173583
0.304544 -3.05118
-2.53194 -1.7229
-1.35678 -1.94658
-1.97329 -1.26749
-1.74064 -1.68883
-1.75684 -0.755689
-1.66571 -2.46836
-1.54033 -0.0412625
0.171214 -2.76999
-2.41338 -2.76508
-1.2407 -1.05613
-0.312674 -2.84711
-1.66031 -4.50249
-1.82446 0.411957
0.35282 -2.87467
-2.57337 -1.40204
-1.2779 -2.18797
-1.97643 -1.72016
-1.68673 -1.1394
-1.85641 -1.64544
-1.73314 -0.97142
-1.80381 -1.9945
-1.64197 -0.560571
-1.29909 -2.93888
-2.01599 -0.881411
-1.5987 -2.37767
-1.61828 -0.0496071
-0.0117425 -2.66212
-2.16245 -3.72287
-1.00199 0.0228111
-1.16881 -5.45274
-0.661051 -3.64138
-1.01617 -4.55249
-0.481737 -4.01801
-1.23887 -4.25604
-0.438334 -3.13298
-1.41933 -4.59469
-1.38803 -3.25333
-1.87969 -0.0597121
-0.428718 -2.69592
-1.5284 -4.71759
-1.94192 -2.456
-1.46937 -0.521049
-0.564595 -2.8734
-1.26083 -4.80506
-0.242448 -3.43123
-1.65555 -4.22644
-1.59613 0.710331
0.00934304 -4.35968
-2.35058 -2.25185
-1.43507 -1.39984
-1.90102 -1.91238
-1.64989 -0.806715
-1.68082 -2.51437
-1.51705 -0.0303035
0.220917 -2.85038
-2.46527 -2.42067
-1.31506 -1.35399
-1.50812 -2.9374
-1.60928 0.275413
0.324653 -3.15229
-2.54147 -1.50134
-1.32312 -2.1315
-1.9871 -1.26571
-1.733 -1.72012
-1.75062 -0.713169
-1.62399 -2.562
-1.5432 0.0562008
0.26113 -2.91376
-2.50234 -2.11261
-1.35471 -1.6151
-1.90369 -2.03066
-1.61321 -0.720211
-1.53006 -2.78136
-1.59698 0.208369
0.310446 -3.03848
-2.53686 -1.68145
-1.35048 -1.98067
-1.9758 -1.26037
-1.73902 -1.70462
-1.75286 -0.736406
-1.6476 -2.51227
-1.53928 0.00481575
0.223188 -2.83696
-2.46889 -2.40623
-1.31623 -1.36688
-1.53469 -2.91232
-1.56975 0.282205
0.309529 -3.3353
-2.52688 -1.48208
-1.32994 -2.15508
-1.98497 -1.15788
-1.72365 -1.88087
-1.70414 -0.542062
-1.35703 -2.88741
-1.91518 -0.294074
-0.944932 -2.86925
-0.0386813 -3.64373
-2.0506 -3.58181
-1.07945 0.0460899
-0.887221 -5.29453
-0.989169 -3.78934
-0.219819 -3.87476
-1.70234 -4.00933
-1.3749 0.794536
-0.739972 -5.3215
-1.39322 -3.77009
-2.0223 -0.53339
-1.25376 -2.79358
-2.01683 -1.5599
-1.70366 -1.40112
-1.84043 -1.12769
-1.79853 -1.70064
-1.7341 -0.817098
-1.7168 -2.35278
-1.55009 -0.177851
-0.080004 -2.68945
-2.04905 -3.97434
-1.00402 0.442071
-1.5804 -5.59932
-0.755319 -3.37391
-0.804413 -4.60334
-0.811427 -4.09991
-0.765712 -4.34963
-0.848013 -4.23283
-0.715912 -4.28113
-0.91399 -4.25556
-0.596016 -4.21607
-1.07385 -4.23194
-0.225322 -3.75138
-1.678 -4.07657
-1.45265 0.786471
-0.478784 -5.06024
-1.79301 -3.57458
-1.209 0.470154
-0.89674 -5.38074
-1.06869 -3.7699
-0.0844431 -3.35429
-1.94675 -3.88362
-1.07277 0.496169
-1.41237 -5.6148
-0.614087 -3.46139
-1.1063 -4.61193
-0.338804 -3.82452
-1.46973 -4.21089
-2.06489 -0.727893
-1.42416 -2.63662
-1.79589 -0.0664472
-0.386678 -2.70401
-1.58963 -4.65419
-2.0967 -0.932248
-1.54126 -2.41697
-1.6656 -0.0211808
-0.061569 -2.64667
-2.08763 -3.91075
-0.991908 0.320568
-1.50274 -5.57946
-0.61921 -3.38643
-1.10374 -4.64469
-0.357499 -3.83913
-1.43782 -4.22545
-2.08059 -1.36671
-1.68161 -1.78405
-1.75395 -0.601838
-1.48769 -2.75932
-1.66613 0.156657
0.222799 -2.74779
-2.47661 -2.41566
-1.30746 -1.3619
-1.47501 -2.96783
-1.66657 0.241489
0.298526 -2.88756
-2.53658 -1.83089
-1.35352 -1.85208
-1.96726 -1.48853
-1.73127 -1.3751
-1.83302 -1.17835
-1.80522 -1.5997
-1.75912 -0.939195
-1.7847 -2.05603
-1.62638 -0.482409
-1.09355 -2.97904
-0.64339 -3.09111
-1.07421 -4.75596
-0.4503 -3.90224
-1.28966 -4.28553
-0.845464 -3.23249
-0.483531 -4.3793
-1.27116 -4.08481
-1.13666 -3.26491
-0.946402 -3.1954
-0.111643 -3.77651
-1.91793 -3.77703
-1.10032 0.441314
-1.25851 -5.56896
-0.667661 -3.57418
-1.00738 -4.58192
-0.506608 -4.02687
-1.20249 -4.27035
-0.2304 -3.17996
-1.71052 -4.27988
-1.49945 0.819893
-0.384638 -4.95965
-1.93841 -3.39123
-1.16618 0.0822167
-0.57362 -5.02132
-1.47144 -3.82203
-1.85058 0.175872
0.0719872 -2.57492
-2.30584 -3.32675
-1.08258 -0.510803
-0.254073 -4.52195
-1.89066 -3.58841
-1.14232 0.323823
-0.967187 -5.40133
-0.940987 -3.74457
-0.34327 -4.09463
-1.48416 -4.09608
-1.97602 -0.167006
-0.646257 -2.75764
-1.08765 -4.85667
-0.464515 -3.86731
-1.27134 -4.31392
-0.600931 -3.16876
-1.15589 -4.72068
-0.305907 -3.71887
-1.52801 -4.21431
-1.94191 0.00328091
-0.293908 -2.6183
-1.74607 -4.51186
-1.60341 0.783586
-0.0641813 -4.50687
-2.29872 -2.46569
-1.40192 -1.16989
-1.64152 -2.73611
-1.48214 0.145544
0.279124 -3.40277
-2.50535 -1.67158
-1.37541 -1.99746
-1.96201 -1.02122
-1.70802 -2.06524
-1.64967 -0.368022
-0.874367 -2.93793
-0.294258 -4.18618
-1.61311 -3.9812
-1.55333 0.681937
-0.0552264 -4.46093
-2.29231 -2.5175
-1.38834 -1.12316
-1.51609 -2.89705
-1.60071 0.262344
0.322176 -3.15326
-2.53988 -1.52114
-1.32811 -2.11587
-1.98531 -1.2395
-1.7325 -1.75548
-1.74016 -0.674845
-1.57893 -2.64727
-1.56393 0.132805
0.291461 -2.99372
-2.52455 -1.85227
-1.36313 -1.83637
-1.96667 -1.4328
-1.73781 -1.44432
-1.8185 -1.07251
-1.80094 -1.78617
-1.70843 -0.735051
-1.63693 -2.56582
-1.53171 0.0478395
0.265575 -2.93928
-2.50494 -2.0719
-1.35895 -1.64951
-1.92377 -1.90388
-1.64889 -0.860361
-1.73076 -2.38884
-1.53246 -0.175132
-0.019866 -2.69458
-2.14314 -3.75708
-1.00025 0.0826631
-1.23696 -5.48964
-0.61301 -3.59174
-1.09651 -4.55518
-0.331466 -3.83578
-1.48257 -4.19761
-2.03812 -0.485399
-1.16493 -2.81553
-1.57821 -3.00199
-1.49595 0.335078
0.188773 -3.84148
-2.45061 -1.84088
-1.42426 -1.83737
-1.94004 -0.983612
-1.71116 -2.09687
-1.6377 -0.347353
-0.788923 -2.91507
-0.630931 -4.58615
-1.06012 -4.05607
-0.173057 -3.6816
-1.7779 -3.99797
-1.24821 0.78418
-1.15168 -5.59911
-0.848422 -3.64287
-0.592355 -4.39533
-1.08808 -4.13591
-0.158192 -3.59893
-1.80347 -3.99771
-1.21367 0.767819
-1.24682 -5.6347
-0.758802 -3.58619
-0.82012 -4.54921
-0.785437 -4.13256
-0.812095 -4.34289
-0.782631 -4.24114
-0.821048 -4.29165
-0.765792 -4.26501
-0.845994 -4.27784
-0.724604 -4.26412
-0.902465 -4.26793
-0.621644 -4.22682
-1.03906 -4.24073
-0.306365 -3.90511
-1.53171 -4.13669
-1.87468 0.193855
0.0897602 -2.56685
-2.33258 -3.23145
-1.10722 -0.617107
-0.0541947 -4.16353
-2.16089 -3.12447
-1.2069 -0.500419
0.161441 -3.62898
-2.39618 -2.37422
-1.3766 -1.34806
-1.76507 -2.50667
-1.48168 -0.157927
0.144393 -2.7797
-2.37699 -2.93426
-1.19996 -0.897942
0.118586 -2.94937
-2.32322 -3.07457
-1.17325 -0.741145
0.185361 -3.38773
-2.40941 -2.43323
-1.35163 -1.31221
-1.63351 -2.77551
-1.47924 0.176017
0.265203 -3.49973
-2.49586 -1.68306
-1.38403 -1.98815
-1.95608 -0.973913
-1.69595 -2.13776
-1.6309 -0.298909
-0.642403 -2.8614
-1.08993 -4.8275
-0.450945 -3.86918
-1.2907 -4.30142
-0.817853 -3.22646
-0.58185 -4.47996
-1.11824 -4.08851
-0.122697 -3.38194
-1.87359 -3.98654
-1.13305 0.6903
-1.4225 -5.65923
-0.659039 -3.4663
-1.02687 -4.62349
-0.4853 -3.99201
-1.23442 -4.27133
-0.386691 -3.13212
-1.49144 -4.53149
-2.03123 -2.01313
-1.60205 -1.00506
-1.81268 -2.14645
-1.58968 -0.465264
-0.942894 -2.97189
-0.0637544 -3.69809
-2.00665 -3.65081
-1.07757 0.180659
-1.0488 -5.42397
-0.813445 -3.7077
-0.703997 -4.45754
-0.933903 -4.15242
-0.523527 -4.19554
-1.1778 -4.19819
-0.190108 -3.20522
-1.77192 -4.195
-1.32539 0.879659
-1.01652 -5.54692
-1.03151 -3.71097
-0.095082 -3.54464
-1.92714 -3.84417
-1.08848 0.488504
-1.35129 -5.60341
-0.625627 -3.50725
-1.08345 -4.59771
-0.374017 -3.88139
-1.40989 -4.22445
-2.0322 -1.93374
-1.62322 -1.07103
-1.8488 -1.91591
-1.65769 -0.702604
-1.56241 -2.7182
-1.56663 0.17829
0.307005 -3.08605
-2.53222 -1.68522
-1.35453 -1.97909
-1.97444 -1.22652
-1.73784 -1.75304
-1.73885 -0.683146
-1.58842 -2.63288
-1.55743 0.120814
0.288996 -2.99252
-2.52259 -1.87217
-1.36395 -1.8195
-1.9651 -1.46155
-1.73537 -1.40408
-1.82677 -1.13338
-1.80511 -1.6758
-1.7391 -0.853452
-1.74236 -2.26472
-1.56921 -0.271506
-0.362426 -2.7611
-1.61067 -4.60301
-2.04226 -0.360662
-0.957004 -2.82186
-0.00751524 -3.52625
-2.09998 -3.51466
-1.08443 -0.0917162
-0.707047 -5.12209
-1.22546 -3.84959
-1.11984 -3.25063
-0.746214 -3.14053
-0.804376 -4.66227
-0.818472 -4.06674
-0.749346 -4.35845
-0.870226 -4.22386
-0.674647 -4.2698
-0.968416 -4.24442
-0.474825 -4.12113
-1.25039 -4.20131
-0.631263 -3.16776
-1.09605 -4.72954
-0.405129 -3.86552
-1.35992 -4.26181
-1.67617 -2.99329
-1.39375 0.257124
0.0271485 -4.19368
-2.32106 -2.4971
-1.38217 -1.1752
-1.57114 -2.84168
-1.53106 0.24858
0.289618 -3.42719
-2.513 -1.55793
-1.35529 -2.09561
-1.97078 -1.01912
-1.7009 -2.08325
-1.64683 -0.345885
-0.810384 -2.9196
-0.548666 -4.50787
-1.18372 -4.06015
-0.317685 -3.11231
-1.59259 -4.44181
-1.95282 0.025841
-0.244883 -2.59541
-1.82309 -4.41515
-1.35587 0.957518
-1.01885 -5.56599
-1.05603 -3.70895
-0.0769858 -3.37752
-1.96028 -3.85176
-1.06679 0.444977
-1.37849 -5.599
-0.607588 -3.48473
-1.11482 -4.59896
-0.318012 -3.79586
-1.50594 -4.19815
-1.98734 -0.188746
-0.683633 -2.76833
-0.982009 -4.82972
-0.607769 -3.96446
-1.07035 -4.3719
-0.299061 -3.84952
-1.54178 -4.15112
-1.85647 0.245408
0.177205 -2.60332
-2.44145 -2.7162
-1.2388 -1.10948
-0.403343 -2.87876
-1.5237 -4.63222
-2.0351 -2.01245
-1.60163 -1.01406
-1.81773 -2.12411
-1.59611 -0.489596
-1.02441 -2.98355
-0.0742761 -3.0929
-1.9866 -3.91889
-1.045 0.471898
-1.47882 -5.61366
-0.625836 -3.41312
-1.09008 -4.63646
-0.378126 -3.87122
-1.40314 -4.23304
-2.00237 -2.11819
-1.57519 -0.864208
-1.66687 -2.59303
-1.50234 0.0338095
0.277864 -3.02867
-2.51133 -1.94512
-1.36858 -1.75757
-1.9581 -1.55663
-1.72417 -1.27385
-1.84673 -1.35449
-1.79189 -1.32769
-1.81559 -1.29981
-1.80919 -1.37106
-1.80368 -1.25114
-1.81697 -1.43997
-1.78998 -1.16089
-1.8223 -1.59336
-1.75552 -0.972469
-1.79871 -1.98185
-1.64732 -0.561972
-1.31198 -2.93169
-1.99908 -0.719419
-1.49431 -2.59648
-1.68483 0.0655674
0.066112 -2.64431
-2.28483 -3.36579
-1.0767 -0.456889
-0.334787 -4.64501
-1.77047 -3.70801
-1.22426 0.596271
-1.00062 -5.47656
-0.965477 -3.72245
-0.257876 -3.96367
-1.63675 -4.03682
-1.52537 0.722894
-0.179964 -4.66513
-2.17296 -2.9122
-1.28388 -0.67027
0.074514 -2.84069
-2.26776 -3.32883
-1.09765 -0.473371
-0.227121 -4.48785
-1.93599 -3.52663
-1.13354 0.194113
-0.844208 -5.2888
-1.07823 -3.79969
-0.0902362 -3.32391
-1.93716 -3.91132
-1.07793 0.53686
-1.43801 -5.62629
-0.624498 -3.44533
-1.09003 -4.62294
-0.372599 -3.86932
-1.41231 -4.22827
-2.03658 -1.90314
-1.63015 -1.10648
-1.86009 -1.8105
-1.68729 -0.814533
-1.70714 -2.42159
-1.53217 -0.121351
0.0753036 -2.71348
-2.28706 -3.32406
-1.09173 -0.4965
-0.229089 -4.48688
-1.93034 -3.53628
-1.13371 0.212014
-0.865266 -5.30828
-1.05244 -3.79141
-0.0931188 -3.48065
-1.92892 -3.8649
-1.08592 0.505156
-1.37787 -5.6119
-0.620961 -3.48781
-1.09271 -4.60393
-0.359735 -3.85908
-1.43394 -4.21928
-2.07865 -1.41304
-1.68407 -1.72003
-1.77224 -0.674973
-1.58404 -2.61891
-1.5655 0.113818
0.280583 -2.94813
-2.51793 -1.95355
-1.36218 -1.75008
-1.95438 -1.63267
-1.71104 -1.18104
-1.85246 -1.53972
-1.75888 -1.08599
-1.82648 -1.73265
-1.71739 -0.828763
-1.7249 -2.34433
-1.54944 -0.194609
-0.11302 -2.69363
-1.99623 -4.07757
-1.03473 0.623084
-1.65902 -5.62513
-0.987122 -3.39949
-0.0758815 -3.60044
-1.96985 -3.75266
-1.07419 0.335472
-1.23454 -5.53922
-0.663052 -3.5909
-1.01491 -4.57424
-0.490927 -4.01722
-1.22541 -4.2634
-0.341452 -3.13414
-1.55422 -4.46975
-2.05842 -0.536689
-1.21113 -2.79155
-1.90674 -2.31392
-1.52026 -0.536141
-0.854585 -2.96883
-0.38098 -4.30447
-1.45886 -4.03645
-2.00211 -0.313686
-0.918071 -2.83201
-0.108094 -3.85392
-1.94105 -3.71399
-1.09511 0.346996
-1.17133 -5.51698
-0.71983 -3.63255
-0.908466 -4.55663
-0.661991 -4.11903
-0.989233 -4.32051
-0.455726 -4.07705
-1.27921 -4.20795
-0.921801 -3.24538
-0.206117 -3.97561
-1.75182 -3.92559
-1.26953 0.754635
-1.04294 -5.53539
-0.959114 -3.70007
-0.267138 -3.98526
-1.62114 -4.04192
-1.56576 0.688577
-0.0335806 -4.4268
-2.31242 -2.43258
-1.40586 -1.21263
-1.70801 -2.61537
-1.47146 -0.00577284
0.276375 -3.08167
-2.50781 -1.93258
-1.37263 -1.76838
-1.96043 -1.4964
-1.73267 -1.35062
-1.83587 -1.21987
-1.80466 -1.52982
-1.77597 -1.02389
-1.80779 -1.867
-1.68186 -0.672169
-1.5431 -2.73111
-1.58844 0.18406
0.303821 -3.01498
-2.53314 -1.74529
-1.35653 -1.92684
-1.97279 -1.30793
-1.74151 -1.62857
-1.77344 -0.826636
-1.71969 -2.30388
-1.56495 -0.213368
-0.206711 -2.70892
-1.84924 -4.3195
-1.25549 0.941296
-1.31668 -5.69608
-0.764596 -3.54904
-0.80179 -4.55304
-0.810238 -4.12769
-0.770345 -4.33909
-0.841413 -4.23947
-0.728037 -4.28168
-0.897852 -4.2595
-0.628813 -4.23394
-1.02939 -4.24081
-0.329138 -3.94126
-1.49162 -4.14924
-1.99068 -0.219549
-0.744255 -2.78921
-0.784407 -4.728
-0.856766 -4.02622
-0.665565 -4.33703
-0.980721 -4.20293
-0.429982 -4.0861
-1.3222 -4.18333
-1.48285 -3.17514
-1.64861 0.335068
0.336271 -3.15515
-2.54824 -1.40331
-1.29495 -2.20681
-1.99137 -1.4694
-1.72422 -1.45188
-1.82258 -1.05329
-1.79564 -1.82752
-1.69727 -0.688042
-1.57585 -2.67725
-1.56018 0.151796
0.300476 -3.05051
-2.5289 -1.75589
-1.36033 -1.91887
-1.97168 -1.28954
-1.74199 -1.65296
-1.76653 -0.798166
-1.70033 -2.36993
-1.55211 -0.144889
-0.0206253 -2.68701
-2.14345 -3.75978
-0.999434 0.0851046
-1.24247 -5.49192
-0.609194 -3.58753
-1.10273 -4.55503
-0.319915 -3.81698
-1.50273 -4.19165
-1.99086 -0.207549
-0.719593 -2.78045
-0.868775 -4.77909
-0.750541 -4.00941
-0.864041 -4.40076
-0.709324 -4.20475
-0.923552 -4.29475
-0.586326 -4.19557
-1.08726 -4.23708
-0.201866 -3.69117
-1.72092 -4.05664
-1.35852 0.817016
-0.824702 -5.39739
-1.27323 -3.76936
-1.78723 -2.7653
-1.39281 -0.0457984
0.252337 -3.41846
-2.4833 -1.87804
-1.39652 -1.81374
-1.95862 -1.20839
-1.74546 -1.7498
-1.73699 -0.695102
-1.60177 -2.61164
-1.54962 0.101496
0.283698 -2.98118
-2.51875 -1.91803
-1.36443 -1.78046
-1.96036 -1.54289
-1.72572 -1.29474
-1.84461 -1.31617
-1.79654 -1.38316
-1.80662 -1.21778
-1.8167 -1.50151
-1.77816 -1.07743
-1.81809 -1.75428
-1.71333 -0.793427
-1.69538 -2.43077
-1.53508 -0.100105
0.101368 -2.72333
-2.32388 -3.18466
-1.12977 -0.650466
0.0506022 -3.92455
-2.28077 -2.79976
-1.29532 -0.904132
-0.400513 -2.85822
-1.53251 -4.63415
-2.05762 -1.85387
-1.63715 -1.19663
-1.87564 -1.58075
-1.74328 -1.07885
-1.83055 -1.74866
-1.71181 -0.819837
-1.71729 -2.37215
-1.54355 -0.166256
-0.0364949 -2.68991
-2.11778 -3.8211
-0.995221 0.183355
-1.35691 -5.54016
-0.561684 -3.49337
-1.18389 -4.56656
-0.206738 -3.52601
-1.7113 -4.13015
-1.4095 0.82753
-0.672238 -5.26754
-1.50885 -3.74391
-1.70977 0.430373
0.354479 -3.19214
-2.55588 -1.22526
-1.22727 -2.33188
-1.89734 -2.27001
-1.53588 -0.544782
-0.944379 -2.98763
-0.0633877 -3.69242
-2.00657 -3.65296
-1.07712 0.182773
-1.05295 -5.4267
-0.809154 -3.7054
-0.714434 -4.46418
-0.92027 -4.1527
-0.555115 -4.22179
-1.13169 -4.20462
-0.13897 -3.42906
-1.84107 -4.01359
-1.17086 0.747227
-1.36325 -5.66269
-0.685161 -3.50953
-0.97573 -4.60775
-0.566866 -4.05621
-1.11802 -4.29776
-0.178688 -3.59093
-1.76317 -4.04833
-1.28378 0.817388
-1.07435 -5.56689
-0.941758 -3.68425
-0.314417 -4.0658
-1.5376 -4.07368
-1.81307 0.327764
0.293633 -2.74332
-2.54389 -1.89248
-1.3443 -1.7974
-1.9539 -1.69936
-1.69676 -1.11074
-1.84957 -1.70101
-1.7204 -0.900705
-1.77242 -2.17142
-1.59104 -0.380441
-0.727169 -2.90592
-0.84714 -4.73979
-0.77266 -4.02959
-0.828017 -4.38979
-0.762518 -4.21695
-0.849741 -4.30208
-0.721105 -4.25255
-0.907202 -4.27304
-0.613525 -4.22029
-1.05003 -4.23971
-0.280574 -3.86094
-1.57772 -4.12028
-1.7309 0.496285
0.356591 -3.29779
-2.55208 -1.11936
-1.1776 -2.40145
-1.63297 -2.90334
-1.45093 0.250245
0.171911 -3.8562
-2.43559 -1.95936
-1.42841 -1.72372
-1.94679 -1.18001
-1.74963 -1.77247
-1.72858 -0.676803
-1.57752 -2.65645
-1.56326 0.13878
0.294444 -3.00928
-2.52615 -1.82241
-1.36263 -1.86189
-1.96866 -1.38381
-1.74091 -1.51363
-1.80262 -0.974565
-1.78346 -1.97899
-1.65217 -0.539666
-1.27634 -2.94344
-2.0314 -1.21133
-1.70023 -1.89335
-1.71013 -0.506497
-1.2978 -2.91395
-2.01583 -0.89648
-1.60765 -2.3541
-1.61771 -0.0699578
-0.0504172 -2.663
-2.10152 -3.87158
-0.992103 0.259308
-1.44266 -5.56576
-0.571737 -3.4234
-1.17762 -4.60377
-0.226533 -3.58025
-1.6732 -4.147
-1.50124 0.776556
-0.31974 -4.86862
-2.01475 -3.26909
-1.18339 -0.148576
-0.224434 -4.54141
-1.98021 -3.43264
-1.14215 0.0392366
-0.619846 -5.06119
-1.38823 -3.83917
-2.05208 -0.778348
-1.48523 -2.56587
-1.70487 0.03258
-0.0290005 -2.6299
-2.14224 -3.78943
-0.992541 0.118129
-1.30116 -5.51517
-0.575413 -3.54034
-1.1581 -4.55545
-0.230179 -3.62168
-1.6656 -4.13783
-1.51356 0.763896
-0.267476 -4.79741
-2.07851 -3.14197
-1.21569 -0.353356
0.0909425 -3.89307
-2.33847 -2.55246
-1.35621 -1.15419
-1.4055 -2.99316
-1.81212 0.0286334
-0.18583 -2.62319
-1.90255 -4.27704
-1.16247 0.900866
-1.55621 -5.71166
-0.782144 -3.4191
-0.735712 -4.55415
-0.898718 -4.10965
-0.591938 -4.26326
-1.07999 -4.20459
-0.200726 -3.70098
-1.72369 -4.05017
-1.351 0.815908
-0.848165 -5.41562
-1.23852 -3.76636
-1.44978 -3.16837
-1.72041 0.245664
0.267054 -2.7714
-2.51871 -2.09183
-1.34395 -1.63321
-1.89459 -2.09316
-1.59442 -0.656814
-1.3856 -2.91399
-1.85483 -0.0981282
-0.508271 -2.73867
-1.38835 -4.80172
-0.584521 -3.21202
-1.18128 -4.69661
-0.260522 -3.62781
-1.61041 -4.18552
-1.6867 0.582504
0.284106 -3.67947
-2.51131 -1.27737
-1.27646 -2.3264
-1.99537 -1.5426
-1.71385 -1.37252
-1.84053 -1.1773
-1.80193 -1.61028
-1.75746 -0.922049
-1.77749 -2.0956
-1.6151 -0.441863
-0.964099 -2.96873
-0.0193247 -3.52122
-2.07651 -3.57038
-1.07456 -0.00537594
-0.84811 -5.25598
-1.03333 -3.80682
-0.123673 -3.6202
-1.87389 -3.89699
-1.12791 0.612884
-1.35452 -5.63104
-0.653642 -3.5095
-1.035 -4.60553
-0.465165 -3.98147
-1.26441 -4.26058
-0.644622 -3.17591
-1.06741 -4.72771
-0.451468 -3.91615
-1.28724 -4.28005
-0.832736 -3.22886
-0.529151 -4.4284
-1.19861 -4.08788
-0.383383 -3.11227
-1.50021 -4.5337
-2.05408 -1.85234
-1.63836 -1.19004
-1.87465 -1.59384
-1.74063 -1.06201
-1.82817 -1.78599
-1.70154 -0.779914
-1.68006 -2.47805
-1.52865 -0.0516955
0.179866 -2.78597
-2.42259 -2.70804
-1.25484 -1.10641
-0.528504 -2.92242
-1.31972 -4.76178
-0.314619 -3.23065
-1.57334 -4.40151
-1.96854 -0.0469433
-0.393963 -2.65135
-1.59194 -4.67775
-2.10059 -1.03292
-1.58909 -2.2854
-1.65476 -0.113786
-0.240795 -2.69121
-1.80351 -4.39565
-1.38025 0.938473
-0.916327 -5.49383
-1.18482 -3.74434
-0.824546 -3.19276
-0.549962 -4.45647
-1.16802 -4.08504
-0.217376 -3.15378
-1.73578 -4.26219
-1.43188 0.862121
-0.648705 -5.25325
-1.55715 -3.72354
-1.58001 0.579223
0.122543 -4.09409
-2.42038 -1.91807
-1.44354 -1.75106
-1.93586 -1.03986
-1.7314 -1.99087
-1.66498 -0.455852
-1.12124 -2.96655
-1.00356 -3.18942
-0.024169 -3.32734
-2.06119 -3.67764
-1.05079 0.11859
-1.08312 -5.43086
-0.763858 -3.69074
-0.819443 -4.5156
-0.783625 -4.15092
-0.815881 -4.33474
-0.776562 -4.24499
-0.83007 -4.28938
-0.751514 -4.26423
-0.865905 -4.27549
-0.690377 -4.25501
-0.947904 -4.25969
-0.525862 -4.16289
-1.17329 -4.21602
-0.172904 -3.23825
-1.79639 -4.14979
-1.26593 0.862709
-1.1894 -5.63338
-0.83626 -3.62249
-0.622456 -4.42471
-1.04593 -4.13503
-0.239613 -3.81527
-1.65451 -4.07446
-1.50383 0.751616
-0.278251 -4.80851
-2.06225 -3.1788
-1.20534 -0.298726
0.0132468 -4.08993
-2.26354 -2.80021
-1.30127 -0.881491
-0.393139 -2.8535
-1.54425 -4.62509
-2.08502 -1.56835
-1.67422 -1.54785
-1.82399 -0.896336
-1.74302 -2.15242
-1.60666 -0.348946
-0.697458 -2.8902
-0.93872 -4.78467
-0.657393 -4.00061
-1.00151 -4.38062
-0.451339 -4.05222
-1.28552 -4.21622
-0.973287 -3.25609
-0.0635327 -3.60586
-1.99554 -3.7044
-1.07074 0.24847
-1.15102 -5.48865
-0.719024 -3.64701
-0.910551 -4.55162
-0.658096 -4.12041
-0.994319 -4.31783
-0.443436 -4.06491
-1.29866 -4.20401
-1.15938 -3.27216
-1.23434 -3.21243
-1.94533 -2.22041
-1.54805 -0.674218
-1.29398 -2.9741
-2.02341 -0.957202
-1.63196 -2.27051
-1.62502 -0.143455
-0.230988 -2.6973
-1.8163 -4.37417
-1.34199 0.947109
-1.04964 -5.58194
-1.01442 -3.69573
-0.118868 -3.64662
-1.88583 -3.87042
-1.11778 0.573235
-1.34464 -5.6203
-0.64797 -3.5151
-1.04479 -4.60194
-0.446353 -3.9646
-1.29326 -4.25318
-0.967105 -3.25732
-0.07683 -3.65459
-1.97358 -3.72685
-1.07662 0.305299
-1.19238 -5.51738
-0.692107 -3.61964
-0.961922 -4.56547
-0.57973 -4.08216
-1.09949 -4.29267
-0.204984 -3.67669
-1.71417 -4.06895
-1.37606 0.817352
-0.767194 -5.35004
-1.35939 -3.77021
-2.06437 -1.06964
-1.63948 -2.16928
-1.65256 -0.224163
-0.509673 -2.79896
-1.3744 -4.78457
-0.526268 -3.20134
-1.27843 -4.65906
-0.256565 -3.25607
-1.65645 -4.30436
-1.65341 0.66123
0.173132 -4.01495
-2.45597 -1.64414
-1.41303 -2.01968
-1.92399 -0.743084
-1.58464 -2.50416
-1.59509 0.0407042
0.179297 -2.74552
-2.42623 -2.71252
-1.25079 -1.1049
-0.491631 -2.90882
-1.38383 -4.73091
-0.684152 -3.22597
-0.976979 -4.70336
-0.586573 -4.02107
-1.09403 -4.32902
-0.231302 -3.7289
-1.66508 -4.09696
-1.4917 0.767762
-0.335285 -4.88604
-1.99195 -3.3113
-1.17486 -0.0759634
-0.343986 -4.72263
-1.8118 -3.63973
-1.18826 0.491368
-1.00001 -5.45501
-0.93914 -3.72481
-0.340424 -4.09513
-1.48999 -4.0925
-1.95892 -0.0954834
-0.502274 -2.70231
-1.40612 -4.80639
-0.698007 -3.23662
-0.943561 -4.69297
-0.633321 -4.04319
-1.03111 -4.3458
-0.372631 -3.9704
-1.41448 -4.18385
-2.06415 -1.63142
-1.67607 -1.43025
-1.84771 -1.08032
-1.78898 -1.79777
-1.70825 -0.705641
-1.60359 -2.62661
-1.54398 0.109646
0.29026 -3.02084
-2.5222 -1.85073
-1.36519 -1.83808
-1.96683 -1.41076
-1.73973 -1.47359
-1.81185 -1.03046
-1.79537 -1.86648
-1.6852 -0.652591
-1.51814 -2.76
-1.61813 0.188966
0.292528 -2.92434
-2.5294 -1.86767
-1.35832 -1.82221
-1.96456 -1.50742
-1.72968 -1.34613
-1.83765 -1.22642
-1.80387 -1.52073
-1.77826 -1.03442
-1.80952 -1.84482
-1.68832 -0.694622
-1.57829 -2.6787
-1.55714 0.152048
0.301307 -3.06337
-2.52896 -1.74294
-1.35996 -1.93009
-1.97204 -1.27096
-1.74142 -1.68112
-1.75877 -0.76518
-1.67408 -2.4466
-1.54192 -0.0642748
0.138063 -2.74163
-2.37299 -2.97266
-1.18748 -0.864189
0.164877 -3.06589
-2.38214 -2.7567
-1.26301 -1.04111
-0.454207 -2.88973
-1.44617 -4.69471
-1.36019 -3.2711
-1.94876 -0.298074
-0.934131 -2.85514
-0.0635993 -3.72957
-2.01203 -3.62948
-1.08049 0.152327
-1.00515 -5.39308
-0.85888 -3.73129
-0.587285 -4.36878
-1.093 -4.147
-0.155371 -3.58233
-1.80855 -3.99758
-1.20717 0.763867
-1.26362 -5.63961
-0.745074 -3.57554
-0.851009 -4.5631
-0.744849 -4.12668
-0.874448 -4.3449
-0.685522 -4.22376
-0.954808 -4.27473
-0.515551 -4.14907
-1.18839 -4.21607
-0.213591 -3.18313
-1.73686 -4.24754
-1.42072 0.863489
-0.685881 -5.28842
-1.50005 -3.74258
-1.73292 0.393766
0.35294 -3.03557
-2.56316 -1.33661
-1.26523 -2.24645
-1.97111 -1.80844
-1.66683 -1.04416
-1.83904 -1.89423
-1.66635 -0.702796
-1.57114 -2.70134
-1.56001 0.167246
0.305062 -3.08708
-2.53076 -1.70039
-1.35666 -1.96645
-1.97359 -1.23101
-1.73865 -1.74445
-1.74115 -0.693042
-1.60043 -2.61129
-1.55099 0.101998
0.283156 -2.97699
-2.51851 -1.92378
-1.3642 -1.77554
-1.95956 -1.55602
-1.72382 -1.27773
-1.84662 -1.34723
-1.79274 -1.33844
-1.81403 -1.28336
-1.81105 -1.39631
-1.79932 -1.21569
-1.81966 -1.49861
-1.77779 -1.08552
-1.81951 -1.73743
-1.71782 -0.812419
-1.71209 -2.3816
-1.54278 -0.153119
-0.00909087 -2.69126
-2.1608 -3.71359
-1.00519 0.0151868
-1.14865 -5.44273
-0.678831 -3.65476
-0.9853 -4.5504
-0.536409 -4.06204
-1.15926 -4.27403
-0.149868 -3.35932
-1.82471 -4.0629
-1.20012 0.797197
-1.32539 -5.66529
-0.715804 -3.5369
-0.913276 -4.59111
-0.660097 -4.10157
-0.992532 -4.32891
-0.451576 -4.06993
-1.28565 -4.20808
-0.995611 -3.25938
-0.0337541 -3.43399
-2.04377 -3.67327
-1.05826 0.141587
-1.07966 -5.43339
-0.771825 -3.69197
-0.801734 -4.50902
-0.806963 -4.15222
-0.777953 -4.32999
-0.830649 -4.24563
-0.746651 -4.28322
-0.872758 -4.26416
-0.676509 -4.25449
-0.966135 -4.25373
-0.483345 -4.1265
-1.23714 -4.20486
-0.506014 -3.1382
-1.31984 -4.66473
-0.389502 -3.18397
-1.47685 -4.5176
-1.99329 -2.21615
-1.54547 -0.777299
-1.48355 -2.85995
-1.66001 0.204901
0.275558 -2.83665
-2.52104 -2.01922
-1.35229 -1.69409
-1.93206 -1.86043
-1.65996 -0.914312
-1.77567 -2.23074
-1.57018 -0.345876
-0.558559 -2.84296
-1.27706 -4.81114
-0.245785 -3.38347
-1.65538 -4.24753
-1.61197 0.698028
0.0573853 -4.26799
-2.38531 -2.07509
-1.4494 -1.58376
-1.94049 -1.35864
-1.75471 -1.48972
-1.80257 -1.01959
-1.79658 -1.88409
-1.67932 -0.639141
-1.4924 -2.79125
-1.65362 0.180927
0.260017 -2.81142
-2.50878 -2.14024
-1.34438 -1.59265
-1.87313 -2.18899
-1.56562 -0.549236
-1.06895 -2.99668
-0.367758 -3.01614
-1.54292 -4.54251
-2.09578 -1.08921
-1.61654 -2.19816
-1.65955 -0.189244
-0.438873 -2.76654
-1.49649 -4.71209
-1.75525 -2.91265
-1.36296 0.0951066
0.108703 -3.96986
-2.3797 -2.28383
-1.41015 -1.405
-1.87726 -2.08642
-1.59881 -0.627287
-1.3388 -2.93759
-1.95358 -0.437048
-1.18235 -2.85094
-1.72592 -2.79976
-1.4087 0.0754285
0.219506 -3.6372
-2.46222 -1.89436
-1.41268 -1.79379
-1.95141 -1.13726
-1.74163 -1.85087
-1.70692 -0.590927
-1.443 -2.82528
-1.73887 0.100201
0.0461108 -2.61866
-2.2597 -3.46196
-1.05096 -0.34385
-0.569899 -4.94483
-1.40072 -3.86698
-2.04252 -0.660709
-1.38457 -2.69386
-1.86515 -0.203993
-0.75747 -2.83634
-0.739634 -4.68789
-0.913217 -4.03742
-0.53646 -4.24159
-1.16042 -4.18325
-0.15646 -3.26324
-1.82187 -4.10593
-1.2147 0.827978
-1.31392 -5.66923
-0.731018 -3.54559
-0.880517 -4.58109
-0.705855 -4.11489
-0.930209 -4.34118
-0.58454 -4.17711
-1.0899 -4.24575
-0.20096 -3.68521
-1.72242 -4.0573
-1.35603 0.817806
-0.834029 -5.40497
-1.25979 -3.76824
-1.67151 -2.96107
-1.40445 0.243891
0.0700676 -4.10079
-2.35746 -2.34632
-1.40726 -1.33255
-1.82555 -2.30254
-1.5347 -0.386717
-0.522246 -2.83729
-1.34534 -4.7843
-0.385213 -3.2052
-1.4785 -4.50489
-2.01402 -2.10824
-1.57688 -0.896358
-1.70487 -2.51065
-1.5051 -0.0637514
0.206588 -2.83623
-2.45012 -2.52327
-1.29636 -1.2661
-1.22476 -3.07699
-1.93732 -2.23338
-1.54446 -0.649246
-1.22811 -2.9933
-1.9624 -2.0941
-1.58679 -0.79616
-1.59774 -2.70522
-1.53017 0.160185
0.30287 -3.20042
-2.52528 -1.64792
-1.35717 -2.0137
-1.97294 -1.14075
-1.72872 -1.88512
-1.70076 -0.543922
-1.35663 -2.88901
-1.91604 -0.296683
-0.949846 -2.86975
-0.0280033 -3.60244
-2.06707 -3.56131
-1.08006 0.00126935
-0.832978 -5.24536
-1.05585 -3.81203
-0.0951233 -3.4784
-1.92495 -3.87208
-1.08827 0.517793
-1.3835 -5.61557
-0.622499 -3.48415
-1.09044 -4.60611
-0.364785 -3.86534
-1.4254 -4.2219
-2.06803 -1.59883
-1.67863 -1.47477
-1.8381 -1.00738
-1.77781 -1.9317
-1.66917 -0.569475
-1.36234 -2.89841
-1.9044 -0.251861
-0.860893 -2.85494
-0.33162 -4.25669
-1.55232 -4.00006
-1.72305 0.477914
0.355877 -3.27372
-2.55283 -1.14706
-1.19184 -2.38449
-1.73255 -2.74102
-1.42211 0.0310635
0.258066 -3.43983
-2.48877 -1.80894
-1.39399 -1.8757
-1.95752 -1.1052
-1.7323 -1.91515
-1.68961 -0.521245
-1.30029 -2.92074
-2.01352 -0.864177
-1.59061 -2.40092
-1.6187 -0.0306355
0.0228692 -2.66442
-2.2158 -3.57468
-1.02799 -0.189434
-0.83817 -5.21626
-1.01505 -3.81868
-0.166394 -3.74496
-1.79723 -3.95271
-1.21354 0.741837
-1.21635 -5.61764
-0.776162 -3.60447
-0.780402 -4.52723
-0.836633 -4.13769
-0.724271 -4.32257
-0.903017 -4.23569
-0.613512 -4.23406
-1.04996 -4.2323
-0.277188 -3.85717
-1.58398 -4.11693
-1.71095 0.527685
0.335534 -3.44556
-2.53814 -1.14583
-1.19827 -2.39764
-1.77882 -2.64463
-1.43306 -0.100899
0.260131 -3.05927
-2.49376 -2.07006
-1.36865 -1.64969
-1.93367 -1.81133
-1.67312 -0.960893
-1.8046 -2.08944
-1.61045 -0.49115
-1.07097 -2.98319
-0.39322 -3.01972
-1.50644 -4.57623
-2.03587 -1.99419
-1.60651 -1.03011
-1.82806 -2.06722
-1.61297 -0.548378
-1.20892 -2.97432
-1.88046 -2.4358
-1.48168 -0.410535
-0.343301 -2.7794
-1.63348 -4.56826
-1.96151 0.0288865
-0.236883 -2.58934
-1.83638 -4.39831
-1.32072 0.964247
-1.13895 -5.63347
-0.919882 -3.65203
-0.371117 -4.1546
-1.43979 -4.09848
-2.06402 -0.781435
-1.4732 -2.57338
-1.7221 0.0178126
-0.0884349 -2.63029
-2.04947 -4.00104
-1.00164 0.470845
-1.61499 -5.59946
-0.845707 -3.38
-0.524743 -4.39272
-1.19871 -4.10248
-0.365577 -3.11366
-1.52471 -4.50951
-2.09446 -1.22982
-1.65583 -1.99836
-1.6987 -0.376216
-1.00149 -2.9496
-0.0140274 -3.21829
-2.08341 -3.67225
-1.04421 0.0796954
-1.06599 -5.4145
-0.775482 -3.7016
-0.794562 -4.50323
-0.816151 -4.15418
-0.762528 -4.32623
-0.851784 -4.24479
-0.710859 -4.27457
-0.92071 -4.25727
-0.582745 -4.20675
-1.09217 -4.22905
-0.1897 -3.66025
-1.74352 -4.04423
-1.31437 0.817092
-0.971914 -5.50473
-1.06764 -3.73055
-0.0820874 -3.32345
-1.95242 -3.88605
-1.06889 0.490033
-1.41883 -5.61416
-0.612738 -3.45622
-1.10898 -4.61347
-0.334736 -3.81746
-1.47676 -4.20917
-2.05388 -0.61185
-1.31401 -2.74241
-1.98895 -0.735919
-1.5198 -2.56554
-1.65523 0.0700382
0.122148 -2.67589
-2.36008 -3.06354
-1.1592 -0.780544
0.177193 -3.4236
-2.40056 -2.4642
-1.34834 -1.28117
-1.57475 -2.85394
-1.52431 0.2548
0.280842 -3.4775
-2.50714 -1.57646
-1.36287 -2.08098
-1.96576 -0.980289
-1.69104 -2.14149
-1.63203 -0.290691
-0.624212 -2.85357
-1.13488 -4.83166
-0.384926 -3.79251
-1.39488 -4.27405
-1.91485 -2.48709
-1.46085 -0.448326
-0.335731 -2.78282
-1.64341 -4.55515
-1.92323 0.159884
0.0165343 -2.54281
-2.23057 -3.58944
-1.01749 -0.190512
-0.881517 -5.24874
-0.955599 -3.80161
-0.323726 -4.05231
-1.51607 -4.0922
-1.88757 0.146374
0.00171961 -2.5581
-2.20497 -3.65663
-1.00549 -0.095093
-1.03215 -5.36362
-0.783825 -3.72653
-0.778658 -4.48896
-0.836411 -4.1588
-0.72734 -4.31512
-0.898901 -4.24088
-0.622851 -4.23759
-1.03735 -4.23557
-0.307923 -3.90928
-1.52909 -4.13689
-1.8823 0.172858
0.0510024 -2.55971
-2.27823 -3.43016
-1.0552 -0.391332
-0.499855 -4.86028
-1.50867 -3.84816
-1.75935 0.376447
0.344084 -2.93174
-2.56464 -1.45404
-1.29637 -2.15445
-1.98608 -1.53477
-1.71826 -1.36089
-1.84034 -1.198
-1.80262 -1.5734
-1.76644 -0.966846
-1.79351 -1.9921
-1.64525 -0.545406
-1.27481 -2.94644
-2.03176 -1.23634
-1.7032 -1.85745
-1.7204 -0.543345
-1.37533 -2.86969
-1.87674 -0.173914
-0.690652 -2.80811
-0.959873 -4.81247
-0.634275 -3.98096
-1.03394 -4.37886
-0.380679 -3.97011
-1.40038 -4.19195
-2.02638 -1.96594
-1.61575 -1.03181
-1.83131 -2.03637
-1.62247 -0.576809
-1.29157 -2.94876
-2.02383 -0.985606
-1.64434 -2.22661
-1.63065 -0.184302
-0.346088 -2.73674
-1.64021 -4.58238
-1.95774 0.0473119
-0.199947 -2.57742
-1.89379 -4.31397
-1.18802 0.930456
-1.51134 -5.72069
-0.7485 -3.43756
-0.829624 -4.59706
-0.777172 -4.10715
-0.824211 -4.35524
-0.765612 -4.23429
-0.845624 -4.29365
-0.726928 -4.25766
-0.899365 -4.27221
-0.628511 -4.22895
-1.02985 -4.24335
-0.329233 -3.94063
-1.49139 -4.14964
-1.99148 -0.223334
-0.751273 -2.79132
-0.759393 -4.71083
-0.889108 -4.03001
-0.592912 -4.28915
-1.07941 -4.19148
-0.195939 -3.69329
-1.73276 -4.04352
-1.33248 0.815744
-0.909636 -5.46155
-1.15113 -3.75216
-0.448252 -3.08932
-1.41398 -4.62153
-1.25381 -3.2919
-1.9952 -1.9633
-1.62143 -0.965402
-1.79628 -2.19314
-1.57761 -0.405239
-0.744158 -2.91595
-0.79159 -4.70581
-0.84259 -4.03988
-0.698134 -4.3488
-0.937731 -4.21092
-0.533242 -4.18519
-1.16286 -4.20959
-0.155803 -3.27754
-1.82146 -4.10054
-1.21379 0.8247
-1.31306 -5.66825
-0.73054 -3.54601
-0.881608 -4.58123
-0.704332 -4.11465
-0.932322 -4.34079
-0.580362 -4.17459
-1.09567 -4.24453
-0.190464 -3.6558
-1.74184 -4.04769
-1.31837 0.818482
-0.960336 -5.49735
-1.08331 -3.73497
-0.100907 -3.23496
-1.92385 -3.96827
-1.08742 0.609649
-1.48326 -5.64489
-0.655667 -3.42177
-1.0349 -4.64016
-0.476745 -3.97755
-1.24743 -4.27163
-0.478062 -3.13949
-1.36126 -4.63633
-0.704063 -3.22227
-0.927903 -4.69295
-0.655541 -4.04874
-1.00129 -4.35464
-0.442103 -4.05127
-1.30035 -4.20931
-1.16523 -3.27238
-1.30785 -3.19764
-2.02931 -0.877749
-1.58289 -2.40119
-1.6259 -0.0284846
0.0107824 -2.66038
-2.19788 -3.6279
-1.01717 -0.116383
-0.962075 -5.31721
-0.863779 -3.76251
-0.582535 -4.35674
-1.09905 -4.15074
-0.148925 -3.55262
-1.82058 -3.99346
-1.19161 0.750952
-1.29978 -5.64797
-0.717225 -3.55189
-0.910844 -4.58553
-0.662823 -4.10502
-0.988757 -4.32841
-0.459683 -4.07851
-1.27293 -4.2103
-0.845383 -3.22744
-0.482436 -4.37908
-1.2732 -4.08422
-1.1628 -3.26479
-1.28584 -3.20267
-2.0431 -1.2306
-1.69472 -1.88977
-1.71385 -0.504876
-1.29891 -2.91206
-2.01453 -0.881763
-1.60036 -2.37515
-1.61758 -0.0520245
-0.0147288 -2.66232
-2.15773 -3.73498
-1.00047 0.041252
-1.19363 -5.46615
-0.641772 -3.62398
-1.0488 -4.55389
-0.421265 -3.95673
-1.33256 -4.2354
-1.46517 -3.18977
-1.68745 0.296557
0.32189 -2.94271
-2.55011 -1.62894
-1.33538 -2.01951
-1.98032 -1.33396
-1.73751 -1.60739
-1.7807 -0.848739
-1.73231 -2.25259
-1.57696 -0.264877
-0.373802 -2.76336
-1.59373 -4.62011
-2.08 -0.679533
-1.35522 -2.6945
-1.92115 -0.389151
-1.12414 -2.87446
-1.08739 -3.19403
-0.429609 -3.04288
-1.45009 -4.61525
-1.62386 -3.08558
-1.42806 0.360222
0.00628511 -4.26167
-2.31145 -2.51362
-1.38138 -1.151
-1.52962 -2.88701
-1.5809 0.266278
0.317231 -3.24466
-2.53375 -1.4959
-1.32777 -2.14017
-1.98584 -1.2034
-1.72903 -1.81151
-1.72416 -0.614123
-1.49126 -2.77057
-1.65854 0.167888
0.242817 -2.77953
-2.49463 -2.27038
-1.32968 -1.48372
-1.74442 -2.58962
-1.46269 -0.0756976
0.250634 -2.97363
-2.48849 -2.175
-1.35507 -1.56082
-1.876 -2.16348
-1.57372 -0.571784
-1.14951 -2.99424
-1.34619 -3.16903
-1.96175 -0.392048
-1.09897 -2.85994
-0.767914 -3.12467
-0.733732 -4.62272
-0.91009 -4.07101
-0.554581 -4.24689
-1.13341 -4.19146
-0.136425 -3.40631
-1.84677 -4.0147
-1.16458 0.742543
-1.37832 -5.66452
-0.679124 -3.49915
-0.987661 -4.61194
-0.548384 -4.04342
-1.14364 -4.2918
-0.153096 -3.45578
-1.81354 -4.03934
-1.20929 0.788886
-1.28598 -5.65233
-0.736752 -3.56204
-0.868795 -4.57263
-0.721281 -4.12071
-0.908501 -4.3429
-0.625645 -4.19985
-1.03417 -4.25754
-0.3257 -3.93077
-1.49722 -4.14974
-1.97726 -0.156848
-0.623978 -2.74818
-1.14552 -4.86349
-0.382446 -3.77322
-1.39988 -4.27981
-1.9347 -2.42001
-1.48214 -0.527964
-0.649086 -2.90506
-1.07042 -4.81286
-0.475437 -3.89818
-1.2536 -4.30847
-0.466089 -3.14137
-1.37825 -4.62288
-0.888884 -3.26696
-0.332422 -4.18106
-1.52662 -4.04078
-1.82241 0.29877
0.260461 -2.68988
-2.52028 -2.14389
-1.33365 -1.58988
-1.84635 -2.30366
-1.53085 -0.42467
-0.605956 -2.87385
-1.17473 -4.82295
-0.324161 -3.70107
-1.49776 -4.2445
-2.03394 -0.437624
-1.09658 -2.82858
-0.749132 -3.11689
-0.792943 -4.66145
-0.833808 -4.06488
-0.719704 -4.34887
-0.909321 -4.21941
-0.596833 -4.22949
-1.07273 -4.22527
-0.224476 -3.75183
-1.6797 -4.07481
-1.44815 0.788439
-0.495481 -5.07914
-1.76858 -3.59746
-1.22869 0.520484
-0.888209 -5.38441
-1.09347 -3.77111
-0.11486 -3.21191
-1.90108 -4.0135
-1.10921 0.68085
-1.48843 -5.66134
-0.673892 -3.425
-0.999001 -4.63948
-0.536865 -4.02383
-1.16038 -4.29372
-0.151732 -3.37398
-1.82028 -4.06286
-1.20585 0.800262
-1.31038 -5.66199
-0.724935 -3.54676
-0.89401 -4.58391
-0.68704 -4.11082
-0.956088 -4.33624
-0.531708 -4.14122
-1.16447 -4.23076
-0.155239 -3.29083
-1.82107 -4.09557
-1.21298 0.821668
-1.31215 -5.66731
-0.730168 -3.54647
-0.882464 -4.58129
-0.703132 -4.11447
-0.933984 -4.34046
-0.577054 -4.17256
-1.10024 -4.24357
-0.182658 -3.63203
-1.75634 -4.04062
-1.29222 0.814716
-1.04283 -5.54834
-0.977912 -3.69966
-0.21103 -3.88015
-1.7218 -3.98841
-1.33296 0.792368
-0.877102 -5.43256
-1.1891 -3.76204
-0.843523 -3.19897
-0.481599 -4.38375
-1.276 -4.08151
-1.20353 -3.26264
-1.72498 -2.83803
-1.39867 0.0991932
0.18569 -3.76102
-2.43899 -1.99854
-1.42164 -1.6912
-1.95015 -1.29187
-1.75276 -1.6056
-1.77534 -0.865898
-1.7439 -2.21606
-1.58497 -0.306213
-0.509198 -2.81772
-1.37171 -4.7782
-0.519938 -3.19983
-1.28838 -4.65412
-0.282373 -3.22692
-1.62184 -4.35439
-1.79279 0.441765
0.367512 -3.00049
-2.57227 -1.23428
-1.22271 -2.31069
-1.87246 -2.36243
-1.50747 -0.438752
-0.537077 -2.85116
-1.31627 -4.79258
-0.293179 -3.25823
-1.59997 -4.36141
-1.86142 0.286493
0.229491 -2.63483
-2.49589 -2.36492
-1.30525 -1.40731
-1.53217 -2.9201
-1.57256 0.285037
0.310685 -3.33026
-2.52769 -1.47705
-1.32821 -2.15891
-1.98578 -1.16931
-1.72482 -1.86444
-1.70897 -0.558624
-1.39115 -2.86414
-1.84322 -0.0856134
-0.472668 -2.72666
-1.45157 -4.76596
-1.20075 -3.30837
-1.66433 -2.93548
-1.41595 0.237301
0.105666 -4.01898
-2.38595 -2.21673
-1.42179 -1.46542
-1.91531 -1.8359
-1.66967 -0.900729
-1.76893 -2.24528
-1.56719 -0.325415
-0.493297 -2.81588
-1.39907 -4.76245
-0.736232 -3.24169
-0.843249 -4.65641
-0.765695 -4.07553
-0.841446 -4.37038
-0.740971 -4.22454
-0.88025 -4.29398
-0.667844 -4.23887
-0.977752 -4.25823
-0.458438 -4.10005
-1.27577 -4.19917
-0.904345 -3.24096
-0.266638 -4.08425
-1.64467 -3.98973
-1.48437 0.737912
-0.315787 -4.85387
-2.01058 -3.28214
-1.18002 -0.131391
-0.257696 -4.59355
-1.93429 -3.49929
-1.1405 0.174815
-0.792773 -5.24387
-1.14851 -3.81637
-0.347978 -3.08432
-1.55563 -4.49417
-2.06925 -0.627749
-1.31205 -2.73426
-1.99149 -0.760756
-1.53831 -2.53198
-1.63931 0.057813
0.129922 -2.68736
-2.3691 -3.01878
-1.17176 -0.823895
0.186569 -3.24328
-2.40771 -2.52559
-1.32513 -1.23891
-1.37381 -3.0219
-1.88494 -0.147424
-0.631011 -2.78171
-1.12481 -4.85305
-0.408373 -3.81141
-1.35764 -4.28887
-1.59212 -3.09326
-1.46609 0.380111
0.0820952 -4.11464
-2.37723 -2.21868
-1.42686 -1.45537
-1.91532 -1.82469
-1.67279 -0.910662
-1.77603 -2.21484
-1.57543 -0.356991
-0.607931 -2.86242
-1.17153 -4.82702
-0.330283 -3.71019
-1.48715 -4.24825
-2.05493 -0.604025
-1.30313 -2.74879
-2.00281 -0.857216
-1.59688 -2.39793
-1.61388 -0.0348464
0.0260399 -2.66675
-2.22024 -3.56052
-1.03113 -0.208215
-0.804365 -5.18621
-1.05979 -3.83157
-0.0965175 -3.472
-1.92213 -3.87893
-1.08994 0.528351
-1.38923 -5.61876
-0.623738 -3.48038
-1.08866 -4.60819
-0.368898 -3.87022
-1.41848 -4.22407
-2.05438 -1.75278
-1.65928 -1.28354
-1.87119 -1.36239
-1.78186 -1.35504
-1.81608 -1.24609
-1.81222 -1.4616
-1.78764 -1.12443
-1.82054 -1.663
-1.73818 -0.89136
-1.76544 -2.17751
-1.59101 -0.365226
-0.686779 -2.89033
-0.969804 -4.79529
-0.616864 -3.98542
-1.05675 -4.36655
-0.325567 -3.89515
-1.49512 -4.16515
-1.99223 -0.222321
-0.748573 -2.79013
-0.769053 -4.71765
-0.876571 -4.02854
-0.621783 -4.30973
-1.03954 -4.19602
-0.283859 -3.8806
-1.57299 -4.11643
-1.74155 0.47721
0.363265 -3.21652
-2.55849 -1.13278
-1.18198 -2.38783
-1.66226 -2.86082
-1.43467 0.196383
0.183102 -3.80484
-2.44106 -1.95082
-1.42503 -1.73432
-1.94797 -1.17896
-1.74886 -1.77636
-1.72767 -0.671953
-1.57118 -2.66665
-1.56793 0.14635
0.295767 -3.00812
-2.52727 -1.81238
-1.36186 -1.87032
-1.96926 -1.37328
-1.74127 -1.52925
-1.79885 -0.953453
-1.77751 -2.02307
-1.63926 -0.495886
-1.15586 -2.97277
-1.4317 -3.1286
-1.75889 0.173005
0.142636 -2.63554
-2.39348 -2.93766
-1.18895 -0.906209
0.139783 -2.99829
-2.35056 -2.93693
-1.21325 -0.875035
0.0986438 -2.91181
-2.29668 -3.19371
-1.13831 -0.618133
0.0548531 -3.92132
-2.2872 -2.77453
-1.30211 -0.930475
-0.510729 -2.89974
-1.35407 -4.75315
-0.456996 -3.19274
-1.38143 -4.59408
-0.997818 -3.28555
-0.0363615 -3.43531
-2.03876 -3.68303
-1.05783 0.158753
-1.10035 -5.44728
-0.752948 -3.67965
-0.842246 -4.52623
-0.75337 -4.1463
-0.862034 -4.33633
-0.704958 -4.23322
-0.92894 -4.27765
-0.571109 -4.19149
-1.10839 -4.23003
-0.165622 -3.57797
-1.78837 -4.02381
-1.23964 0.794393
-1.19266 -5.61956
-0.812302 -3.61944
-0.689182 -4.47291
-0.955169 -4.13799
-0.467245 -4.14606
-1.26402 -4.18392
-0.809764 -3.21634
-0.607969 -4.50555
-1.0802 -4.08714
-0.151322 -3.59715
-1.81702 -3.98148
-1.19393 0.745369
-1.28568 -5.64256
-0.724602 -3.5609
-0.895468 -4.57947
-0.684342 -4.11261
-0.959669 -4.33417
-0.523703 -4.13549
-1.17612 -4.22831
-0.175336 -3.23779
-1.79229 -4.15523
-1.27442 0.8659
-1.16569 -5.62366
-0.85984 -3.63598
-0.556112 -4.36534
-1.14132 -4.13257
-0.137035 -3.30466
-1.85234 -4.04737
-1.16354 0.762757
-1.40411 -5.67334
-0.679132 -3.48322
-0.987824 -4.61788
-0.54961 -4.04154
-1.14207 -4.29361
-0.15431 -3.46556
-1.81093 -4.03885
-1.21258 0.790351
-1.27694 -5.64984
-0.743265 -3.56784
-0.854499 -4.56663
-0.740418 -4.12473
-0.880947 -4.34515
-0.67459 -4.21997
-0.969267 -4.27182
-0.482627 -4.11994
-1.23803 -4.20751
-0.508928 -3.139
-1.31525 -4.66718
-0.366682 -3.18869
-1.50758 -4.48662
-2.08827 -1.42022
-1.67841 -1.73255
-1.77133 -0.657622
-1.5639 -2.65141
-1.57987 0.137938
0.28535 -2.94682
-2.52209 -1.91684
-1.36164 -1.78114
-1.95963 -1.56706
-1.72191 -1.26517
-1.84811 -1.37067
-1.78945 -1.30576
-1.81876 -1.33344
-1.80474 -1.32115
-1.81138 -1.32402
-1.80855 -1.32704
-1.80931 -1.31891
-1.80986 -1.33281
-1.80819 -1.31128
-1.81103 -1.34384
-1.80648 -1.29532
-1.81309 -1.36807
-1.80265 -1.26054
-1.81693 -1.42271
-1.79298 -1.18519
-1.822 -1.54947
-1.76598 -1.02461
-1.81142 -1.86472
-1.68168 -0.680182
-1.55401 -2.71683
-1.57729 0.177391
0.30466 -3.04187
-2.53246 -1.72642
-1.35649 -1.94337
-1.9733 -1.27625
-1.74089 -1.67587
-1.76047 -0.77061
-1.67867 -2.43369
-1.54327 -0.0777218
0.116009 -2.72704
-2.34429 -3.10217
-1.15226 -0.736479
0.154764 -3.56775
-2.38116 -2.4939
-1.35134 -1.24171
-1.5293 -2.90103
-1.57948 0.273507
0.316067 -3.26955
-2.53236 -1.48537
-1.32657 -2.14967
-1.98641 -1.20051
-1.72836 -1.81712
-1.72266 -0.60788
-1.48111 -2.78197
-1.67395 0.159545
0.21749 -2.73671
-2.47193 -2.4532
-1.30055 -1.3304
-1.37647 -3.03056
-1.87954 -0.128435
-0.586698 -2.76488
-1.23015 -4.85108
-0.273341 -3.55836
-1.592 -4.23083
-1.77349 0.448403
0.368074 -3.06043
-2.56888 -1.19851
-1.20908 -2.33751
-1.81798 -2.53808
-1.45724 -0.232249
0.104864 -2.76412
-2.3233 -3.16635
-1.13723 -0.665461
0.0831669 -3.83457
-2.31419 -2.69561
-1.31925 -1.02059
-0.859021 -3.02775
-0.377089 -4.28855
-1.46208 -4.04019
-1.99674 -0.283829
-0.866537 -2.82314
-0.302498 -4.21941
-1.60568 -3.97604
-1.56884 0.666078
0.000968778 -4.36009
-2.33882 -2.32099
-1.42416 -1.33115
-1.85349 -2.17759
-1.5721 -0.519021
-1.01751 -2.98982
-0.0496715 -3.13191
-2.02572 -3.82845
-1.03457 0.32176
-1.36014 -5.56965
-0.58715 -3.49481
-1.14579 -4.58309
-0.259657 -3.68604
-1.61082 -4.16158
-1.66826 0.602403
0.246984 -3.80135
-2.49306 -1.4032
-1.33486 -2.2338
-1.97992 -0.994108
-1.68517 -2.14048
-1.6353 -0.285209
-0.619579 -2.85072
-1.14604 -4.83233
-0.368759 -3.76972
-1.42163 -4.26702
-2.03658 -1.9131
-1.62765 -1.09804
-1.85779 -1.83714
-1.67992 -0.786358
-1.6778 -2.49954
-1.52336 -0.0357369
0.206258 -2.82252
-2.45094 -2.52696
-1.29461 -1.26356
-1.20629 -3.07992
-1.83835 -2.57491
-1.44098 -0.248766
0.125135 -2.78702
-2.34944 -3.04996
-1.17009 -0.783594
0.186941 -3.33059
-2.40952 -2.46542
-1.3422 -1.28709
-1.55311 -2.88105
-1.54782 0.270801
0.296708 -3.40605
-2.51783 -1.52031
-1.34478 -2.12646
-1.97688 -1.06193
-1.70908 -2.02174
-1.66375 -0.403911
-0.997206 -2.95971
-0.00856219 -3.25314
-2.09187 -3.63917
-1.05018 0.0352851
-0.993375 -5.36429
-0.851376 -3.74126
-0.611049 -4.38521
-1.05903 -4.15035
-0.217878 -3.76288
-1.69362 -4.05751
-1.41132 0.80046
-0.629008 -5.22013
-1.56705 -3.7262
-1.55785 0.599144
0.0543066 -4.24007
-2.37387 -2.16974
-1.43938 -1.49236
-1.93048 -1.64148
-1.71543 -1.12064
-1.84568 -1.66677
-1.73045 -0.92953
-1.7863 -2.09423
-1.61323 -0.457073
-0.996313 -2.97471
-0.00823819 -3.2662
-2.09204 -3.63357
-1.05167 0.0296978
-0.981181 -5.35566
-0.865182 -3.74748
-0.574147 -4.35358
-1.11156 -4.14798
-0.136045 -3.48054
-1.84541 -3.98797
-1.16237 0.722856
-1.36345 -5.65725
-0.678536 -3.50819
-0.988689 -4.60856
-0.545826 -4.04331
-1.14713 -4.29009
-0.151398 -3.43636
-1.81746 -4.04188
-1.20477 0.78784
-1.29948 -5.65612
-0.727849 -3.55333
-0.887994 -4.58035
-0.695168 -4.1139
-0.944932 -4.33784
-0.55477 -4.15816
-1.13145 -4.23711
-0.146119 -3.46355
-1.82648 -4.01962
-1.18906 0.76494
-1.32426 -5.65774
-0.70725 -3.53632
-0.931277 -4.59417
-0.63374 -4.09237
-1.02773 -4.31993
-0.368893 -3.97376
-1.42129 -4.17859
-2.07472 -1.46659
-1.6856 -1.64434
-1.79333 -0.767673
-1.67142 -2.42332
-1.55078 -0.0759992
0.101691 -2.71596
-2.32541 -3.18251
-1.12989 -0.653576
0.0531516 -3.91739
-2.28334 -2.79228
-1.2971 -0.912774
-0.43284 -2.87003
-1.48252 -4.6741
-1.7415 -2.93198
-1.36473 0.128799
0.0813625 -4.04378
-2.35897 -2.36731
-1.40074 -1.31776
-1.79982 -2.39184
-1.50998 -0.285819
-0.171023 -2.71767
-1.90084 -4.23409
-1.15051 0.86947
-1.55905 -5.70373
-0.77885 -3.41521
-0.744514 -4.5604
-0.887385 -4.10893
-0.616909 -4.28035
-1.0456 -4.20925
-0.276086 -3.8625
-1.58657 -4.11295
-1.70099 0.542021
0.321386 -3.5183
-2.53027 -1.17949
-1.21978 -2.38257
-1.88326 -2.33523
-1.51542 -0.476398
-0.674086 -2.90603
-1.00494 -4.80097
-0.568629 -3.96419
-1.1219 -4.34638
-0.192728 -3.61466
-1.73636 -4.06903
-1.3355 0.826047
-0.91318 -5.46635
-1.14966 -3.75065
-0.43702 -3.08721
-1.43041 -4.60914
-1.45668 -3.22107
-1.70914 0.27839
0.301609 -2.85142
-2.54151 -1.81526
-1.34965 -1.86399
-1.96792 -1.50048
-1.72945 -1.36188
-1.83565 -1.19964
-1.80465 -1.56484
-1.76785 -0.98016
-1.79772 -1.96233
-1.65392 -0.575847
-1.35035 -2.91097
-1.92949 -0.340822
-1.02952 -2.87339
-0.11167 -3.04002
-1.92953 -4.04032
-1.08587 0.670384
-1.55055 -5.65662
-0.730075 -3.39805
-0.872443 -4.62454
-0.722396 -4.0933
-0.90729 -4.35714
-0.630606 -4.19655
-1.02768 -4.26207
-0.343013 -3.95549
-1.46694 -4.15902
-2.04753 -0.57659
-1.27874 -2.76735
-2.02219 -1.17271
-1.70064 -1.93215
-1.69724 -0.471417
-1.21106 -2.94512
-1.89621 -2.37723
-1.49988 -0.476485
-0.600727 -2.88017
-1.18552 -4.81954
-0.308442 -3.67172
-1.52555 -4.23638
-1.96442 -0.0771779
-0.460432 -2.68199
-1.48137 -4.76349
-1.49093 -3.21208
-1.63341 0.362761
0.330486 -3.28283
-2.54039 -1.35313
-1.28507 -2.25135
-1.99187 -1.52919
-1.71695 -1.38041
-1.83809 -1.16469
-1.8024 -1.6301
-1.75218 -0.899947
-1.76777 -2.14858
-1.60005 -0.388873
-0.780446 -2.92271
-0.663629 -4.61238
-1.0131 -4.05421
-0.280841 -3.91732
-1.58274 -4.09556
-1.69979 0.539272
0.321644 -3.51495
-2.53045 -1.18151
-1.22069 -2.38114
-1.88654 -2.32245
-1.51938 -0.490714
-0.73044 -2.92686
-0.83755 -4.72994
-0.783937 -4.03404
-0.808854 -4.38541
-0.789749 -4.21951
-0.809504 -4.30221
-0.784034 -4.2613
-0.819715 -4.28167
-0.76712 -4.26986
-0.844224 -4.27552
-0.727286 -4.26579
-0.898865 -4.26791
-0.628591 -4.23063
-1.02973 -4.24248
-0.329128 -3.94073
-1.49159 -4.14947
-1.99088 -0.220453
-0.745927 -2.78971
-0.778488 -4.72403
-0.864372 -4.02715
-0.649025 -4.32727
-1.00275 -4.20033
-0.375118 -4.01914
-1.41336 -4.16455
-2.06879 -1.55916
-1.6825 -1.52116
-1.82624 -0.936305
-1.75959 -2.06964
-1.629 -0.433315
-0.982463 -2.96786
-0.00294134 -3.37014
-2.10108 -3.57175
-1.06662 -0.0416877
-0.839549 -5.24295
-1.03868 -3.81156
-0.1163 -3.58995
-1.88689 -3.88917
-1.11679 0.588293
-1.36452 -5.62764
-0.644122 -3.50128
-1.0523 -4.60655
-0.434446 -3.95038
-1.31189 -4.24972
-1.19258 -3.27374
-1.61532 -2.99501
-1.45185 0.315555
0.114303 -4.02297
-2.39751 -2.13697
-1.4304 -1.54222
-1.93767 -1.57836
-1.72642 -1.20525
-1.84771 -1.48699
-1.77103 -1.14433
-1.82868 -1.61578
-1.74811 -0.956813
-1.79472 -2.02013
-1.63574 -0.525751
-1.21365 -2.96578
-1.90604 -2.34395
-1.51021 -0.516271
-0.755946 -2.93881
-0.75308 -4.67605
-0.891452 -4.04727
-0.592041 -4.28316
-1.08043 -4.19415
-0.195233 -3.69032
-1.734 -4.0433
-1.33026 0.815859
-0.917224 -5.467
-1.14068 -3.74987
-0.362577 -3.07846
-1.53645 -4.51641
-2.09422 -1.05653
-1.60566 -2.24153
-1.65429 -0.151508
-0.330478 -2.72366
-1.66589 -4.55912
-1.86641 0.325279
0.272455 -2.67433
-2.53263 -2.05465
-1.33723 -1.66315
-1.89745 -2.08901
-1.59541 -0.665481
-1.40402 -2.90191
-1.81501 -0.00790686
-0.269996 -2.65111
-1.77171 -4.46049
-1.49634 0.879972
-0.477045 -5.08097
-1.82417 -3.53113
-1.19099 0.389796
-0.862754 -5.33976
-1.09616 -3.78509
-0.117742 -3.21
-1.89616 -4.02185
-1.11453 0.69426
-1.48575 -5.6644
-0.675431 -3.42762
-0.995854 -4.63843
-0.541727 -4.02743
-1.15354 -4.29532
-0.151186 -3.40943
-1.81913 -4.05028
-1.20447 0.79244
-1.30581 -5.65896
-0.725354 -3.54942
-0.893236 -4.58285
-0.688006 -4.11152
-0.954754 -4.33627
-0.53445 -4.14338
-1.16051 -4.23148
-0.150677 -3.31013
-1.82732 -4.07934
-1.20061 0.806768
-1.33482 -5.66981
-0.713809 -3.53117
-0.917315 -4.59379
-0.654559 -4.09882
-0.999993 -4.3276
-0.434565 -4.052
-1.31269 -4.20286
-1.32674 -3.24818
-2.01034 -0.659415
-1.42212 -2.67838
-1.79431 -0.0470889
-0.339088 -2.6847
-1.66358 -4.5817
-1.89578 0.250907
0.170065 -2.57978
-2.43616 -2.75876
-1.22746 -1.07315
-0.24769 -2.83448
-1.75731 -4.38788
-1.4711 0.877277
-0.548568 -5.15699
-1.71638 -3.63093
-1.28406 0.600541
-0.7918 -5.3247
-1.25478 -3.79052
-1.58517 -3.06446
-1.47868 0.366745
0.124772 -4.01513
-2.40838 -2.06422
-1.43525 -1.6133
-1.9447 -1.37751
-1.7516 -1.47203
-1.80751 -1.04198
-1.79977 -1.84037
-1.69219 -0.682862
-1.56571 -2.69489
-1.5678 0.16414
0.302616 -3.04851
-2.53062 -1.73967
-1.35848 -1.93245
-1.9725 -1.2795
-1.74139 -1.66943
-1.76212 -0.778473
-1.68515 -2.41557
-1.54535 -0.0968863
0.0818035 -2.70994
-2.29727 -3.28985
-1.10062 -0.536192
-0.15311 -4.3584
-2.03657 -3.3741
-1.14501 -0.106436
-0.431728 -4.82814
-1.6671 -3.75671
-1.36778 0.69146
-0.622613 -5.18977
-1.54289 -3.7468
-1.62286 0.543419
0.229849 -3.81838
-2.48258 -1.52409
-1.37329 -2.13096
-1.95127 -0.825335
-1.62342 -2.38928
-1.59428 -0.0548146
0.0353481 -2.67611
-2.23283 -3.51837
-1.04103 -0.262651
-0.702167 -5.08872
-1.20312 -3.86101
-0.818627 -3.19819
-0.572591 -4.47714
-1.13334 -4.08572
-0.131629 -3.29825
-1.86267 -4.03538
-1.15013 0.743067
-1.42526 -5.67158
-0.672446 -3.46812
-1.00117 -4.62365
-0.529058 -4.0256
-1.17102 -4.28726
-0.158015 -3.31663
-1.8136 -4.09477
-1.22297 0.825291
-1.28412 -5.65994
-0.748664 -3.56442
-0.841755 -4.56365
-0.757536 -4.12629
-0.855481 -4.3465
-0.716738 -4.23149
-0.913232 -4.28296
-0.603937 -4.21094
-1.06308 -4.23926
-0.251377 -3.80518
-1.63039 -4.09902
-1.57582 0.695397
-0.0183924 -4.40309
-2.32625 -2.37017
-1.41727 -1.27762
-1.80179 -2.37162
-1.51631 -0.301531
-0.231687 -2.73134
-1.80652 -4.37136
-1.35847 0.939422
-0.987055 -5.54191
-1.09002 -3.72183
-0.118865 -3.1892
-1.89652 -4.02988
-1.11497 0.700978
-1.49144 -5.66604
-0.6801 -3.42517
-0.986335 -4.63884
-0.557208 -4.03662
-1.13207 -4.30135
-0.163954 -3.52386
-1.79144 -4.0406
-1.23951 0.803078
-1.20357 -5.626
-0.805083 -3.61315
-0.707421 -4.486
-0.931214 -4.13783
-0.52514 -4.20148
-1.17561 -4.19626
-0.184998 -3.2118
-1.7795 -4.18264
-1.30664 0.877225
-1.07468 -5.58032
-0.960786 -3.68405
-0.254843 -3.96751
-1.64387 -4.02962
-1.50516 0.736362
-0.253766 -4.77188
-2.08933 -3.12206
-1.22107 -0.386118
0.128481 -3.77813
-2.37158 -2.4351
-1.37445 -1.27804
-1.68117 -2.68561
-1.4666 0.0715075
0.283221 -3.29324
-2.50876 -1.73826
-1.37653 -1.93811
-1.96469 -1.11824
-1.73013 -1.90648
-1.69327 -0.526328
-1.31492 -2.91308
-1.99361 -0.685565
-1.46773 -2.63697
-1.71923 0.0496873
-0.0194017 -2.62411
-2.15841 -3.75114
-0.995895 0.0574325
-1.2274 -5.4815
-0.616159 -3.5993
-1.091 -4.55343
-0.340972 -3.8513
-1.46612 -4.20199
-2.0663 -0.750405
-1.44325 -2.61232
-1.7652 -0.0234698
-0.246903 -2.65866
-1.80316 -4.41245
-1.39254 0.938159
-0.876855 -5.46498
-1.24039 -3.75264
-1.49601 -3.13774
-1.62111 0.34685
0.326739 -3.28917
-2.53814 -1.37911
-1.29478 -2.23261
-1.99375 -1.43271
-1.72651 -1.50364
-1.81071 -0.978312
-1.7814 -1.97424
-1.65429 -0.540237
-1.28142 -2.94094
-2.02974 -1.13248
-1.68692 -2.00853
-1.67847 -0.391904
-0.999963 -2.95562
-0.0118746 -3.23153
-2.08669 -3.65957
-1.04641 0.0625555
-1.03852 -5.3961
-0.803245 -3.71707
-0.731215 -4.46983
-0.898197 -4.15558
-0.604731 -4.25673
-1.06204 -4.21523
-0.242144 -3.79421
-1.64775 -4.08815
-1.52713 0.737295
-0.194345 -4.68968
-2.1596 -2.94689
-1.27359 -0.625055
0.150037 -2.93111
-2.36991 -2.8858
-1.22236 -0.931078
0.00243385 -2.83848
-2.15308 -3.66642
-1.02146 -0.023194
-1.04437 -5.38361
-0.781763 -3.71713
-0.782157 -4.49338
-0.832033 -4.15712
-0.73501 -4.31811
-0.888728 -4.24177
-0.642857 -4.24802
-1.01057 -4.24062
-0.373953 -4.00544
-1.41437 -4.16954
-2.06872 -1.56287
-1.68218 -1.51675
-1.8274 -0.942837
-1.76164 -2.05662
-1.63272 -0.446127
-1.02369 -2.97249
-0.0728023 -3.09269
-1.98921 -3.91419
-1.04379 0.463318
-1.47408 -5.61167
-0.621596 -3.41545
-1.09731 -4.63396
-0.364243 -3.85324
-1.42638 -4.22656
-2.06791 -1.60269
-1.67823 -1.47022
-1.83921 -1.01463
-1.77921 -1.91807
-1.67318 -0.583053
-1.39251 -2.8782
-1.84008 -0.0731167
-0.441324 -2.71392
-1.50465 -4.72992
-1.77246 -2.88409
-1.36322 0.0493183
0.148903 -3.85153
-2.4093 -2.15964
-1.41806 -1.53299
-1.93249 -1.6899
-1.70396 -1.07451
-1.8409 -1.77743
-1.70106 -0.810193
-1.70728 -2.40964
-1.53595 -0.128976
0.052964 -2.70459
-2.25481 -3.43612
-1.06235 -0.363183
-0.49823 -4.86303
-1.51576 -3.84401
-1.73751 0.413218
0.357762 -3.06908
-2.56367 -1.2788
-1.2447 -2.28802
-1.93924 -2.05483
-1.60146 -0.775718
-1.59236 -2.70542
-1.53569 0.162917
0.304079 -3.1819
-2.52668 -1.65082
-1.35631 -2.01074
-1.97345 -1.15342
-1.73038 -1.86571
-1.70638 -0.563719
-1.39737 -2.86097
-1.83011 -0.0554704
-0.392864 -2.69606
-1.58247 -4.66551
-2.10116 -1.12123
-1.62229 -2.16298
-1.66663 -0.219549
-0.535022 -2.80594
-1.32765 -4.80545
-0.314869 -3.24242
-1.57077 -4.39815
-1.97235 -0.0636205
-0.427901 -2.66493
-1.537 -4.72445
-1.97148 -2.34651
-1.50442 -0.647896
-1.06812 -3.01496
-0.351673 -3.01514
-1.5657 -4.51989
-2.06772 -0.59942
-1.28007 -2.75488
-2.02115 -1.15677
-1.69847 -1.95433
-1.69092 -0.449626
-1.15489 -2.95579
-1.42879 -3.12914
-1.76565 0.161591
0.118071 -2.62275
-2.3625 -3.08159
-1.15081 -0.767264
0.162424 -3.5184
-2.38722 -2.48704
-1.34979 -1.25236
-1.53819 -2.89292
-1.56725 0.27341
0.309734 -3.3232
-2.52722 -1.49154
-1.33175 -2.14699
-1.98412 -1.15266
-1.72338 -1.88749
-1.7021 -0.535686
-1.34317 -2.89584
-1.94319 -0.404569
-1.13608 -2.86392
-1.24288 -3.18752
-1.98309 -2.01655
-1.60785 -0.897569
-1.73676 -2.40613
-1.52446 -0.173387
0.00744566 -2.70021
-2.18509 -3.64471
-1.01656 -0.0845765
-0.998514 -5.34574
-0.824746 -3.74339
-0.682387 -4.43434
-0.961803 -4.15654
-0.457927 -4.13077
-1.27835 -4.18429
-0.971308 -3.25372
-0.0668701 -3.61973
-1.99015 -3.70938
-1.07214 0.261929
-1.16076 -5.49559
-0.712365 -3.64065
-0.923484 -4.55542
-0.638984 -4.11268
-1.01982 -4.31196
-0.383425 -3.99562
-1.3969 -4.18321
-2.02168 -1.99476
-1.60865 -0.998517
-1.81149 -2.14356
-1.59089 -0.465157
-0.946668 -2.97233
-0.0544448 -3.66736
-2.02151 -3.6328
-1.0762 0.139748
-1.00761 -5.39224
-0.853529 -3.73045
-0.602118 -4.38104
-1.07187 -4.14813
-0.190847 -3.69629
-1.74309 -4.03143
-1.31086 0.8115
-0.976376 -5.50643
-1.06 -3.72891
-0.0792795 -3.37057
-1.95607 -3.86163
-1.06847 0.460948
-1.38968 -5.60416
-0.608754 -3.47678
-1.11367 -4.60292
-0.321801 -3.80065
-1.49929 -4.20081
-2.00477 -0.27551
-0.842548 -2.81408
-0.400663 -4.35767
-1.43443 -4.03022
-2.04731 -0.631301
-1.34555 -2.72387
-1.93784 -0.447607
-1.21252 -2.85
-1.91161 -2.30411
-1.52311 -0.552005
-0.90857 -2.98288
-0.174284 -3.96751
-1.82127 -3.84859
-1.1758 0.640374
-1.22401 -5.59868
-0.742218 -3.59845
-0.859272 -4.55809
-0.732933 -4.12901
-0.891796 -4.34152
-0.65528 -4.21407
-0.994756 -4.2656
-0.421911 -4.05753
-1.3341 -4.1898
-1.59157 -3.08651
-1.46758 0.376708
0.0892281 -4.09823
-2.38252 -2.19372
-1.42893 -1.48109
-1.92417 -1.74277
-1.69287 -1.00478
-1.82285 -1.95281
-1.65123 -0.626037
-1.43631 -2.85538
-1.74973 0.0951579
0.0225882 -2.61246
-2.2254 -3.57116
-1.02561 -0.203295
-0.833324 -5.21011
-1.01954 -3.82112
-0.157145 -3.71953
-1.81372 -3.94159
-1.19205 0.719231
-1.26145 -5.62906
-0.734171 -3.57586
-0.875475 -4.56984
-0.711599 -4.12134
-0.922082 -4.33971
-0.599726 -4.18693
-1.06911 -4.24962
-0.243478 -3.78524
-1.64449 -4.09433
-1.53843 0.729451
-0.15393 -4.62883
-2.20246 -2.82367
-1.31019 -0.777221
-0.229918 -2.79884
-1.79226 -4.35811
-1.3774 0.92584
-0.90865 -5.48545
-1.19087 -3.74694
-0.894363 -3.21102
-0.293451 -4.13334
-1.59867 -4.00892
-1.60388 0.639885
0.105557 -4.15232
-2.41347 -1.93478
-1.44731 -1.73115
-1.93545 -1.05869
-1.73642 -1.95716
-1.67427 -0.490198
-1.21375 -2.95257
-1.9083 -2.33331
-1.51359 -0.527306
-0.800963 -2.95365
-0.590596 -4.54224
-1.11775 -4.06207
-0.120309 -3.35737
-1.87929 -3.98787
-1.12762 0.684664
-1.43386 -5.65916
-0.658061 -3.45839
-1.02899 -4.62642
-0.482545 -3.98842
-1.23856 -4.27094
-0.414678 -3.13274
-1.45245 -4.56652
-1.76381 -2.88355
-1.36707 0.0636508
0.145996 -3.86412
-2.40774 -2.1627
-1.41854 -1.52919
-1.93179 -1.69593
-1.7027 -1.06694
-1.83951 -1.79589
-1.69599 -0.790437
-1.68818 -2.46284
-1.5288 -0.0710547
0.155783 -2.7626
-2.39421 -2.86366
-1.21655 -0.96609
-0.0148136 -2.83576
-2.12532 -3.73685
-1.01222 0.0848207
-1.19438 -5.47487
-0.648665 -3.62241
-1.03769 -4.557
-0.443362 -3.97938
-1.29763 -4.24382
-1.04193 -3.26814
-0.0892221 -3.12917
-1.9559 -3.95825
-1.06325 0.55551
-1.50479 -5.63244
-0.659707 -3.4054
-1.02765 -4.64667
-0.491174 -3.98705
-1.22614 -4.27826
-0.329267 -3.13796
-1.57069 -4.4512
-2.0138 -0.243456
-0.770819 -2.78965
-0.68693 -4.6572
-0.98664 -4.03877
-0.343555 -4.02105
-1.4724 -4.13029
-2.02292 -0.405218
-1.05724 -2.83569
-0.31481 -2.99631
-1.62206 -4.46953
-1.89876 0.212145
0.110537 -2.55974
-2.36255 -3.11514
-1.13758 -0.739056
0.124876 -3.6842
-2.35245 -2.58476
-1.33857 -1.14489
-1.27902 -3.05099
-2.03636 -1.21574
-1.69739 -1.89724
-1.71017 -0.500257
-1.28588 -2.91864
-2.02617 -1.06215
-1.67068 -2.11052
-1.65298 -0.29415
-0.692958 -2.87554
-0.952047 -4.79311
-0.640893 -3.99281
-1.02428 -4.3763
-0.400637 -3.99627
-1.36721 -4.19905
-1.85433 -2.65321
-1.41216 -0.233959
0.201817 -2.90213
-2.43917 -2.54694
-1.29698 -1.24204
-1.18078 -3.08127
-1.63513 -2.9565
-1.4381 0.278715
0.118244 -4.00215
-2.39821 -2.14465
-1.42848 -1.53637
-1.93634 -1.60611
-1.72134 -1.17135
-1.84841 -1.55672
-1.75638 -1.05853
-1.8224 -1.79127
-1.70138 -0.765135
-1.66559 -2.51122
-1.52737 -0.0145005
0.221264 -2.84291
-2.46627 -2.4192
-1.31469 -1.35555
-1.50841 -2.93731
-1.60879 0.275672
0.32461 -3.15482
-2.54135 -1.50003
-1.32295 -2.13266
-1.98718 -1.2656
-1.73295 -1.72044
-1.75054 -0.712771
-1.62356 -2.56287
-1.54331 0.0570672
0.261633 -2.91502
-2.50273 -2.10848
-1.35506 -1.6186
-1.90584 -2.01851
-1.61675 -0.733583
-1.55539 -2.74863
-1.56897 0.1962
0.310748 -3.11925
-2.53355 -1.63606
-1.34936 -2.02104
-1.97656 -1.19717
-1.734 -1.80262
-1.72502 -0.628416
-1.51226 -2.74656
-1.62929 0.176641
0.276571 -2.86732
-2.51967 -2.00567
-1.35514 -1.70563
-1.93859 -1.80456
-1.67401 -0.977427
-1.8126 -2.0469
-1.62279 -0.535895
-1.2058 -2.9716
-1.8636 -2.48919
-1.46571 -0.346474
-0.125561 -2.72433
-1.96946 -4.11295
-1.05789 0.692568
-1.65695 -5.64288
-0.977625 -3.40249
-0.0964598 -3.67325
-1.93503 -3.78552
-1.08891 0.421954
-1.27724 -5.57078
-0.650371 -3.56077
-1.03823 -4.58374
-0.451856 -3.97744
-1.28459 -4.25172
-0.873387 -3.23713
-0.380616 -4.25372
-1.44401 -4.06104
-2.04386 -0.586673
-1.29634 -2.75948
-2.01023 -0.936805
-1.63444 -2.28233
-1.61948 -0.13666
-0.19954 -2.68965
-1.86485 -4.30495
-1.22496 0.932861
-1.40171 -5.71256
-0.728584 -3.49638
-0.882876 -4.5976
-0.704599 -4.10617
-0.932176 -4.34529
-0.581742 -4.17377
-1.09378 -4.24581
-0.194196 -3.6662
-1.73491 -4.05125
-1.33151 0.819088
-0.917297 -5.46776
-1.14165 -3.74971
-0.370474 -3.07893
-1.52532 -4.52709
-2.09335 -1.32147
-1.66975 -1.87166
-1.73232 -0.503825
-1.31521 -2.89769
-1.99233 -0.683334
-1.46687 -2.639
-1.72031 0.0493169
-0.0218372 -2.62381
-2.15469 -3.76083
-0.994802 0.0722386
-1.24653 -5.49068
-0.603862 -3.58458
-1.1111 -4.5534
-0.303991 -3.79002
-1.53083 -4.18274
-1.91094 0.0995983
-0.0941672 -2.56368
-2.05682 -4.0171
-0.996307 0.479065
-1.63895 -5.59559
-0.922773 -3.38722
-0.254317 -4.03328
-1.65894 -3.99471
-1.45563 0.756825
-0.428423 -4.99595
-1.85875 -3.50658
-1.17392 0.313377
-0.832321 -5.30157
-1.12151 -3.79825
-0.20006 -3.11708
-1.76998 -4.23674
-1.34939 0.890459
-0.952303 -5.50789
-1.11843 -3.73568
-0.226918 -3.09478
-1.73155 -4.29461
-1.46187 0.853407
-0.54347 -5.14594
-1.71627 -3.63376
-1.28427 0.602387
-0.793521 -5.3265
-1.25274 -3.79016
-1.5643 -3.08457
-1.50594 0.378356
0.170628 -3.90665
-2.44063 -1.88037
-1.43049 -1.79707
-1.93994 -1.02315
-1.72403 -2.02668
-1.6559 -0.417681
-1.01241 -2.96412
-0.0367198 -3.15225
-2.04697 -3.77723
-1.03409 0.23802
-1.27438 -5.53223
-0.614481 -3.56212
-1.09688 -4.56902
-0.336927 -3.83892
-1.47304 -4.20263
-2.05686 -0.643854
-1.34733 -2.71637
-1.93481 -0.437247
-1.19785 -2.85543
-1.83367 -2.56142
-1.44633 -0.247775
0.112505 -2.77483
-2.33295 -3.12324
-1.14959 -0.709736
0.13856 -3.64376
-2.36687 -2.53085
-1.34811 -1.20007
-1.44223 -2.97367
-1.73219 0.163497
0.156965 -2.65588
-2.40918 -2.85136
-1.21177 -0.985128
-0.0159543 -2.83811
-2.12306 -3.74127
-1.01195 0.0923947
-1.20329 -5.47971
-0.642273 -3.61604
-1.04851 -4.55754
-0.423212 -3.9575
-1.32945 -4.23675
-1.42778 -3.2106
-1.77594 0.168423
0.118612 -2.61819
-2.36395 -3.07789
-1.15147 -0.771381
0.164677 -3.5048
-2.38919 -2.4835
-1.34967 -1.25679
-1.54444 -2.8866
-1.55913 0.272079
0.304839 -3.35662
-2.52358 -1.50129
-1.33656 -2.14038
-1.98163 -1.11634
-1.71849 -1.94101
-1.68658 -0.482421
-1.21779 -2.94743
-1.92721 -2.25558
-1.53797 -0.614232
-1.1243 -3.00639
-1.01862 -3.19395
-0.0389369 -3.22384
-2.03769 -3.7673
-1.04005 0.242233
-1.25728 -5.52792
-0.627216 -3.57501
-1.07566 -4.56937
-0.37665 -3.89607
-1.4055 -4.22069
-2.02126 -2.0058
-1.60564 -0.988939
-1.80445 -2.17768
-1.58096 -0.429671
-0.820757 -2.94147
-0.51134 -4.46501
-1.24166 -4.06122
-0.841002 -3.21666
-0.495699 -4.39573
-1.25228 -4.08457
-0.910449 -3.23509
-0.242564 -4.04446
-1.68779 -3.96576
-1.38652 0.774584
-0.674288 -5.25759
-1.48814 -3.75525
-1.77122 0.33029
0.312246 -2.81658
-2.55204 -1.73881
-1.34049 -1.92513
-1.97314 -1.46447
-1.73196 -1.41788
-1.82577 -1.1098
-1.80311 -1.71961
-1.72738 -0.804332
-1.70645 -2.38888
-1.54303 -0.140901
0.0127349 -2.69344
-2.19463 -3.62148
-1.02039 -0.119083
-0.945909 -5.30614
-0.883524 -3.77021
-0.528569 -4.30677
-1.1786 -4.14623
-0.219769 -3.16348
-1.73027 -4.26432
-1.44499 0.8547
-0.597392 -5.20142
-1.63402 -3.6879
-1.41207 0.658484
-0.429968 -4.97503
-1.83011 -3.55062
-1.18432 0.394982
-0.894634 -5.3646
-1.05309 -3.77339
-0.0885186 -3.45888
-1.93761 -3.85894
-1.08047 0.486431
-1.37621 -5.60757
-0.617197 -3.48825
-1.09889 -4.60208
-0.347759 -3.84227
-1.45433 -4.21346
-2.08039 -0.999324
-1.595 -2.29951
-1.64522 -0.104564
-0.195082 -2.68021
-1.87393 -4.29535
-1.20774 0.925243
-1.44602 -5.71639
-0.723907 -3.4698
-0.891994 -4.60847
-0.693206 -4.09913
-0.948096 -4.34484
-0.550353 -4.15238
-1.13772 -4.23725
-0.143581 -3.43078
-1.83233 -4.0246
-1.18291 0.763566
-1.34266 -5.66191
-0.697927 -3.52407
-0.950209 -4.60072
-0.605893 -4.07865
-1.06504 -4.31095
-0.281453 -3.83903
-1.57446 -4.13107
-1.74781 0.470066
0.365441 -3.18055
-2.56117 -1.14217
-1.18567 -2.37978
-1.68692 -2.82162
-1.42618 0.143541
0.205969 -3.71353
-2.45495 -1.89998
-1.41812 -1.78604
-1.94882 -1.11786
-1.74011 -1.87848
-1.69861 -0.563609
-1.38917 -2.86984
-1.84733 -0.0938805
-0.494482 -2.73496
-1.41315 -4.7884
-0.791342 -3.2576
-0.678481 -4.55383
-0.979481 -4.08984
-0.385552 -4.06466
-1.39868 -4.1541
-2.04539 -1.81229
-1.64948 -1.20679
-1.8733 -1.53826
-1.753 -1.12468
-1.83363 -1.65123
-1.73769 -0.925593
-1.78325 -2.0981
-1.61272 -0.449317
-0.975622 -2.97151
-0.00670116 -3.4272
-2.0955 -3.56272
-1.07103 -0.0415555
-0.821339 -5.22862
-1.06449 -3.81801
-0.0908647 -3.42826
-1.93299 -3.87799
-1.08238 0.511355
-1.39638 -5.61608
-0.618767 -3.47418
-1.09746 -4.60868
-0.353194 -3.84767
-1.44505 -4.21713
-2.08336 -1.18673
-1.65605 -2.03605
-1.68609 -0.343543
-0.898137 -2.93348
-0.200569 -4.02832
-1.77836 -3.87968
-1.22651 0.70768
-1.1312 -5.57279
-0.846998 -3.65398
-0.599626 -4.39858
-1.07736 -4.1378
-0.176299 -3.65868
-1.77002 -4.01535
-1.26391 0.797854
-1.11613 -5.58477
-0.889338 -3.6625
-0.473408 -4.27647
-1.26844 -4.1265
-0.999588 -3.25495
-0.0309299 -3.40043
-2.04846 -3.6763
-1.05579 0.137091
-1.08421 -5.43492
-0.76608 -3.68954
-0.814386 -4.5143
-0.790356 -4.15109
-0.805154 -4.33392
-0.792225 -4.24573
-0.806953 -4.28949
-0.787108 -4.26764
-0.815459 -4.27863
-0.773488 -4.27193
-0.835252 -4.27534
-0.741956 -4.269
-0.879047 -4.27056
-0.666157 -4.24766
-0.979829 -4.25258
-0.451512 -4.09455
-1.28678 -4.19647
-1.03885 -3.26481
-0.0797109 -3.14328
-1.97109 -3.92592
-1.05427 0.501631
-1.47887 -5.62034
-0.631513 -3.41548
-1.07985 -4.6374
-0.396697 -3.89463
-1.37255 -4.2409
-1.8218 -2.73564
-1.3921 -0.125345
0.262109 -3.22587
-2.49137 -1.96065
-1.38395 -1.74287
-1.95866 -1.45697
-1.73834 -1.39605
-1.8269 -1.14778
-1.8062 -1.64903
-1.74603 -0.884345
-1.76038 -2.18816
-1.58895 -0.350063
-0.639256 -2.87171
-1.09703 -4.82502
-0.439325 -3.85898
-1.30836 -4.29595
-1.02709 -3.26958
-0.0498886 -3.21488
-2.01828 -3.80938
-1.04123 0.313896
-1.32868 -5.56172
-0.598142 -3.52017
-1.12625 -4.5786
-0.289076 -3.75145
-1.55737 -4.17854
-1.83226 0.311151
0.269479 -2.69416
-2.52804 -2.07702
-1.338 -1.64501
-1.88959 -2.12514
-1.58464 -0.624599
-1.2976 -2.96
-2.01895 -0.904298
-1.609 -2.34637
-1.61896 -0.0760358
-0.0658887 -2.66371
-2.07703 -3.92635
-0.994788 0.351813
-1.52342 -5.58528
-0.64702 -3.37891
-1.05325 -4.65523
-0.450117 -3.94634
-1.28804 -4.26483
-0.878879 -3.23932
-0.360676 -4.22638
-1.47856 -4.05276
-1.96366 -0.126189
-0.566413 -2.72863
-1.27861 -4.85215
-0.253408 -3.40965
-1.63968 -4.25159
-1.65671 0.642453
0.196104 -3.95269
-2.46775 -1.56894
-1.39341 -2.0906
-1.93453 -0.751016
-1.58276 -2.49859
-1.59849 0.0375745
0.169774 -2.73521
-2.41547 -2.77441
-1.23596 -1.04999
-0.266269 -2.83571
-1.72983 -4.423
-1.56356 0.803004
-0.185979 -4.69605
-2.18185 -2.87171
-1.29708 -0.712143
-0.0389677 -2.7896
-2.0941 -3.83068
-1.00322 0.225255
-1.3708 -5.55116
-0.565432 -3.48259
-1.17977 -4.57397
-0.212997 -3.54888
-1.69898 -4.1338
-1.43688 0.815
-0.567672 -5.16202
-1.6668 -3.67269
-1.35534 0.652438
-0.611418 -5.1703
-1.54892 -3.74848
-1.6086 0.559075
0.194128 -3.91981
-2.4632 -1.65108
-1.40783 -2.01485
-1.93033 -0.779177
-1.60815 -2.44808
-1.58922 -0.0062035
0.125532 -2.70959
-2.36 -3.04606
-1.16608 -0.794905
0.185093 -3.34079
-2.40744 -2.47159
-1.34173 -1.28073
-1.54097 -2.8939
-1.56304 0.274945
0.306799 -3.34633
-2.52497 -1.49466
-1.33411 -2.14538
-1.98292 -1.13211
-1.72065 -1.91801
-1.69325 -0.505095
-1.27373 -2.92937
-2.03104 -1.24874
-1.70504 -1.83792
-1.72584 -0.564094
-1.41479 -2.83972
-1.7945 0.0122508
-0.203429 -2.63457
-1.87337 -4.31862
-1.21863 0.938917
-1.42795 -5.71769
-0.727505 -3.48129
-0.884392 -4.60279
-0.703137 -4.1033
-0.934281 -4.34628
-0.577918 -4.17093
-1.09908 -4.24496
-0.18508 -3.63911
-1.75182 -4.043
-1.30026 0.816342
-1.01806 -5.53387
-1.00863 -3.71108
-0.136815 -3.69779
-1.85368 -3.89746
-1.14632 0.639645
-1.32292 -5.62968
-0.674555 -3.53272
-0.995861 -4.59909
-0.531329 -4.03784
-1.16731 -4.28271
-0.154946 -3.32942
-1.81793 -4.0839
-1.21414 0.815851
-1.30164 -5.66305
-0.734672 -3.55297
-0.872828 -4.57667
-0.716117 -4.11819
-0.915824 -4.34273
-0.612121 -4.19279
-1.05234 -4.2537
-0.28207 -3.85913
-1.57468 -4.12325
-1.74159 0.47891
0.363177 -3.22079
-2.55824 -1.13011
-1.18069 -2.38961
-1.65292 -2.87463
-1.43916 0.214543
0.177561 -3.82748
-2.43796 -1.96027
-1.42652 -1.72426
-1.94768 -1.19052
-1.75011 -1.75721
-1.73306 -0.692927
-1.5982 -2.62025
-1.55083 0.108662
0.286575 -2.99174
-2.52062 -1.89153
-1.36459 -1.80307
-1.96336 -1.49141
-1.7323 -1.36306
-1.83434 -1.19877
-1.8052 -1.56483
-1.76768 -0.980948
-1.79803 -1.9606
-1.65441 -0.577755
-1.35475 -2.90843
-1.92044 -0.306271
-0.967068 -2.87075
-0.00104821 -3.4572
-2.10767 -3.52256
-1.07975 -0.0963095
-0.721658 -5.13455
-1.20214 -3.84753
-0.834069 -3.20158
-0.517315 -4.42167
-1.21853 -4.08473
-0.551043 -3.13802
-1.24809 -4.70301
-0.221522 -3.39286
-1.69504 -4.20235
-1.48443 0.806957
-0.410839 -4.98751
-1.89802 -3.45053
-1.16635 0.20101
-0.721387 -5.18679
-1.2619 -3.82799
-1.59343 -3.0587
-1.46856 0.361344
0.107286 -4.0535
-2.39518 -2.1347
-1.43239 -1.54208
-1.93793 -1.56509
-1.72883 -1.22095
-1.84684 -1.45589
-1.77703 -1.18395
-1.82827 -1.54145
-1.76585 -1.04419
-1.81614 -1.82231
-1.69358 -0.725917
-1.61983 -2.60751
-1.53423 0.0873243
0.285137 -3.01128
-2.51841 -1.89516
-1.36625 -1.80018
-1.96326 -1.48273
-1.73347 -1.37359
-1.83235 -1.18179
-1.80563 -1.59275
-1.76074 -0.947976
-1.78791 -2.03567
-1.63231 -0.502853
-1.15526 -2.97508
-1.42366 -3.1332
-1.77787 0.140993
0.0713445 -2.60588
-2.29928 -3.3345
-1.08249 -0.498186
-0.267122 -4.54324
-1.87206 -3.60945
-1.1495 0.372385
-0.998612 -5.43078
-0.912691 -3.72823
-0.424997 -4.20582
-1.34507 -4.12384
-1.81836 -2.73179
-1.39418 -0.121246
0.262707 -3.22342
-2.49195 -1.95756
-1.38376 -1.74562
-1.95892 -1.4524
-1.73877 -1.40244
-1.82568 -1.13786
-1.80597 -1.66632
-1.74144 -0.865009
-1.74951 -2.23613
-1.57632 -0.301135
-0.464386 -2.80101
-1.44912 -4.73417
-1.27135 -3.29716
-2.03277 -1.62549
-1.68848 -1.36458
-1.8523 -1.19119
-1.79726 -1.60053
-1.76141 -0.92682
-1.77869 -2.08333
-1.61887 -0.45268
-1.00182 -2.97384
-0.0148615 -3.22608
-2.0815 -3.67337
-1.04459 0.0836164
-1.0688 -5.41674
-0.773098 -3.69991
-0.799772 -4.50573
-0.809361 -4.15372
-0.774039 -4.32867
-0.836036 -4.24571
-0.737747 -4.28131
-0.884811 -4.26273
-0.654186 -4.24545
-0.995615 -4.24786
-0.412646 -4.05214
-1.34959 -4.18435
-1.746 -2.88011
-1.37632 0.0909477
0.144531 -3.8768
-2.40795 -2.15346
-1.42017 -1.53709
-1.9342 -1.66391
-1.70952 -1.10485
-1.84513 -1.70487
-1.72044 -0.888896
-1.76559 -2.19938
-1.5836 -0.350598
-0.621323 -2.86576
-1.14058 -4.82778
-0.374897 -3.78072
-1.4113 -4.2688
-2.0003 -2.13595
-1.56997 -0.847183
-1.63815 -2.64927
-1.50763 0.0973063
0.29436 -3.15088
-2.52035 -1.75018
-1.36732 -1.92583
-1.96949 -1.21582
-1.73987 -1.7596
-1.73609 -0.678575
-1.58221 -2.64458
-1.56106 0.13019
0.29161 -2.99895
-2.5244 -1.84903
-1.36338 -1.83919
-1.96692 -1.42459
-1.73849 -1.45556
-1.81603 -1.05611
-1.79904 -1.8171
-1.69956 -0.702982
-1.5959 -2.64467
-1.54689 0.124724
0.295005 -3.04272
-2.52499 -1.80331
-1.36389 -1.87866
-1.96947 -1.33825
-1.74266 -1.57834
-1.78625 -0.890019
-1.75396 -2.16049
-1.60028 -0.359367
-0.703497 -2.89431
-0.920697 -4.7767
-0.680305 -4.00822
-0.969519 -4.38677
-0.519535 -4.11323
-1.18218 -4.23662
-0.186436 -3.22131
-1.77572 -4.18323
-1.3134 0.876678
-1.0519 -5.56732
-0.987316 -3.69501
-0.182837 -3.8206
-1.77247 -3.95512
-1.24648 0.761033
-1.12902 -5.5832
-0.864663 -3.65534
-0.547455 -4.35272
-1.15365 -4.13419
-0.154708 -3.24747
-1.82674 -4.10598
-1.20814 0.825202
-1.3318 -5.67326
-0.720658 -3.53397
-0.90269 -4.59005
-0.675386 -4.10555
-0.971986 -4.33401
-0.49782 -4.11329
-1.21446 -4.22153
-0.325185 -3.13121
-1.57791 -4.44731
-1.99412 -0.14543
-0.588227 -2.72744
-1.23185 -4.86319
-0.276723 -3.55971
-1.58618 -4.23531
-1.79379 0.409373
0.354985 -2.92736
-2.57089 -1.36727
-1.2699 -2.21671
-1.97188 -1.78604
-1.67225 -1.06639
-1.84509 -1.83208
-1.68404 -0.767516
-1.66061 -2.53438
-1.52372 0.00518194
0.242986 -2.8881
-2.48608 -2.25417
-1.3405 -1.49509
-1.79213 -2.46457
-1.48764 -0.228907
0.0212245 -2.71762
-2.2035 -3.58516
-1.02896 -0.165326
-0.860157 -5.23724
-0.988655 -3.80914
-0.230355 -3.89054
-1.68259 -4.02238
-1.41841 0.78472
-0.584386 -5.17215
-1.63132 -3.69703
-1.41862 0.660997
-0.412296 -4.95475
-1.85678 -3.52005
-1.17265 0.327148
-0.854461 -5.32147
-1.09309 -3.79052
-0.110034 -3.23046
-1.90782 -3.99547
-1.1019 0.656048
-1.48555 -5.65557
-0.666847 -3.42442
-1.01309 -4.63987
-0.513678 -4.00755
-1.1933 -4.28512
-0.195866 -3.22146
-1.75993 -4.20265
-1.35082 0.876648
-0.929492 -5.4891
-1.1445 -3.74357
-0.401164 -3.08134
-1.48202 -4.56687
-1.94988 -2.40527
-1.48608 -0.567631
-0.774476 -2.9521
-0.68895 -4.62674
-0.976675 -4.05502
-0.377667 -4.06392
-1.41311 -4.14682
-2.07294 -1.47894
-1.68607 -1.62522
-1.79835 -0.792434
-1.68943 -2.37016
-1.55756 -0.131054
-0.00988924 -2.68547
-2.16068 -3.71658
-1.0044 0.0184356
-1.15506 -5.44612
-0.673235 -3.65053
-0.995121 -4.55128
-0.519363 -4.04935
-1.1836 -4.26842
-0.179455 -3.2439
-1.78446 -4.16254
-1.28994 0.869501
-1.11951 -5.60232
-0.908352 -3.66115
-0.412164 -4.20561
-1.36933 -4.11326
-1.97605 -2.22785
-1.54314 -0.733321
-1.39759 -2.92637
-1.82875 -0.0301218
-0.332874 -2.67137
-1.67598 -4.57369
-1.85379 0.361224
0.310828 -2.73997
-2.55725 -1.76001
-1.33642 -1.90464
-1.9695 -1.54793
-1.72193 -1.30881
-1.84487 -1.29011
-1.79843 -1.42476
-1.79921 -1.15839
-1.81846 -1.60462
-1.75388 -0.953382
-1.79191 -2.02563
-1.63462 -0.516955
-1.192 -2.96994
-1.77378 -2.71785
-1.41195 -0.0499219
0.267377 -3.29309
-2.4956 -1.86797
-1.38685 -1.82411
-1.96226 -1.25972
-1.74625 -1.67803
-1.75783 -0.773822
-1.68154 -2.42866
-1.54322 -0.0842879
0.106363 -2.7219
-2.33127 -3.15673
-1.13723 -0.680286
0.0922514 -3.80476
-2.32271 -2.67038
-1.32424 -1.04895
-0.96476 -3.05382
-0.0336399 -3.55616
-2.05112 -3.61249
-1.07102 0.0731989
-0.952423 -5.34494
-0.908881 -3.75962
-0.449057 -4.22652
-1.3042 -4.13279
-1.40757 -3.21361
-1.82536 0.0682953
-0.113462 -2.59905
-2.01842 -4.07909
-1.01898 0.596642
-1.68071 -5.61189
-1.07379 -3.40211
-0.18601 -3.06855
-1.80135 -4.21789
-1.28537 0.89419
-1.16504 -5.62974
-0.869632 -3.6368
-0.526274 -4.33698
-1.18639 -4.13016
-0.265214 -3.13506
-1.66502 -4.3526
-1.67064 0.650349
0.210253 -3.92203
-2.47557 -1.50435
-1.37486 -2.14895
-1.94747 -0.788464
-1.60099 -2.44748
-1.59569 -0.00298395
0.1177 -2.70227
-2.35012 -3.09119
-1.1536 -0.750149
0.161746 -3.52939
-2.3872 -2.48117
-1.35158 -1.25687
-1.55406 -2.87553
-1.54741 0.267895
0.297264 -3.40018
-2.51823 -1.5217
-1.34474 -2.12513
-1.97695 -1.06438
-1.70968 -2.01779
-1.66481 -0.407806
-1.00892 -2.96097
-0.0282506 -3.1729
-2.06052 -3.74045
-1.03625 0.180876
-1.20588 -5.49799
-0.656128 -3.61252
-1.02581 -4.56351
-0.46767 -4.00079
-1.2602 -4.25339
-0.619678 -3.1687
-1.11953 -4.72695
-0.365609 -3.81514
-1.42484 -4.24436
-2.05775 -1.72668
-1.66315 -1.31689
-1.86783 -1.29241
-1.78904 -1.45547
-1.79693 -1.1034
-1.81449 -1.71007
-1.72693 -0.831988
-1.72782 -2.32595
-1.55432 -0.210538
-0.164082 -2.70159
-1.91539 -4.21777
-1.12891 0.845507
-1.59858 -5.69314
-0.836877 -3.40724
-0.562448 -4.42353
-1.13992 -4.10707
-0.137556 -3.28626
-1.85305 -4.05383
-1.16387 0.767144
-1.40794 -5.67489
-0.679822 -3.481
-0.986483 -4.61866
-0.552001 -4.04265
-1.13877 -4.29469
-0.15657 -3.48341
-1.80618 -4.03796
-1.21866 0.792902
-1.26 -5.64484
-0.756088 -3.57857
-0.825732 -4.55364
-0.778279 -4.13071
-0.823458 -4.34444
-0.76596 -4.23962
-0.845234 -4.29097
-0.72728 -4.25893
-0.898888 -4.27163
-0.629308 -4.22959
-1.02878 -4.24343
-0.331803 -3.94452
-1.4869 -4.15096
-2.00284 -0.281026
-0.855146 -2.81804
-0.348768 -4.2875
-1.52454 -4.00691
-1.80627 0.325421
0.294179 -2.74966
-2.54377 -1.8878
-1.3447 -1.80141
-1.95508 -1.68626
-1.69943 -1.12655
-1.85119 -1.66353
-1.72988 -0.942679
-1.79248 -2.06382
-1.62181 -0.489359
-1.0979 -2.98052
-0.695497 -3.10838
-0.94685 -4.73048
-0.635693 -4.02454
-1.02914 -4.35692
-0.381802 -3.97888
-1.39884 -4.18913
-2.02356 -1.98395
-1.61133 -1.01118
-1.8196 -2.10259
-1.60291 -0.507973
-1.08926 -2.98623
-0.588527 -3.07361
-1.18925 -4.74953
-0.273419 -3.63063
-1.58757 -4.20393
-1.76494 0.457696
0.368489 -3.10404
-2.56654 -1.16911
-1.1966 -2.35832
-1.75347 -2.69593
-1.42629 -0.0285226
0.272392 -3.26376
-2.50012 -1.85029
-1.38377 -1.83985
-1.96339 -1.25166
-1.74537 -1.69248
-1.754 -0.756665
-1.66661 -2.46854
-1.53971 -0.0421309
0.171282 -2.77043
-2.41342 -2.76463
-1.24084 -1.05651
-0.314412 -2.8476
-1.65772 -4.50528
-1.8345 0.389634
0.337332 -2.81547
-2.56884 -1.54071
-1.30966 -2.08115
-1.98282 -1.50081
-1.72397 -1.39423
-1.83304 -1.14404
-1.80326 -1.66232
-1.74333 -0.865287
-1.74948 -2.23405
-1.57703 -0.302462
-0.470454 -2.80339
-1.43894 -4.74066
-1.15252 -3.30837
-1.10297 -3.21929
-0.575201 -3.08417
-1.21293 -4.73875
-0.244473 -3.54593
-1.64263 -4.19021
-1.60386 0.691323
0.0482407 -4.28274
-2.37807 -2.117
-1.44692 -1.54089
-1.9382 -1.47369
-1.74362 -1.33167
-1.83385 -1.25685
-1.80464 -1.46441
-1.78971 -1.11038
-1.81823 -1.69205
-1.73093 -0.8567
-1.74499 -2.26453
-1.56835 -0.275561
-0.369478 -2.76414
-1.59978 -4.61327
-2.0679 -0.556156
-1.22431 -2.78144
-1.95711 -2.07692
-1.59267 -0.797305
-1.60843 -2.68567
-1.52435 0.142367
0.300774 -3.18299
-2.52424 -1.67715
-1.36047 -1.9886
-1.97179 -1.15715
-1.73198 -1.85656
-1.70871 -0.574103
-1.41709 -2.84553
-1.78945 0.0239315
-0.171925 -2.62663
-1.92249 -4.24195
-1.12748 0.860124
-1.61758 -5.69354
-0.878125 -3.4085
-0.420201 -4.27005
-1.36735 -4.08996
-1.98918 -2.16057
-1.56343 -0.806362
-1.57043 -2.75559
-1.54901 0.199378
0.308449 -3.21319
-2.52885 -1.59278
-1.34804 -2.06012
-1.97679 -1.14111
-1.72628 -1.89186
-1.69953 -0.534987
-1.3389 -2.8991
-1.95154 -0.441954
-1.19213 -2.84946
-1.79759 -2.65219
-1.42505 -0.129496
0.253328 -3.03829
-2.48801 -2.13127
-1.36354 -1.59711
-1.90836 -1.99056
-1.6251 -0.759831
-1.60278 -2.67663
-1.53208 0.140372
0.301245 -3.14283
-2.52584 -1.69924
-1.36064 -1.96892
-1.972 -1.19168
-1.73616 -1.8022
-1.72433 -0.631259
-1.51587 -2.74266
-1.62457 0.177253
0.280536 -2.88197
-2.52211 -1.972
-1.35676 -1.73403
-1.94765 -1.72158
-1.69303 -1.07515
-1.84354 -1.78597
-1.69798 -0.806863
-1.70361 -2.42203
-1.53373 -0.116334
0.079404 -2.71432
-2.29303 -3.30271
-1.09744 -0.520975
-0.180852 -4.40689
-1.99868 -3.43702
-1.13564 0.0100551
-0.611465 -5.04763
-1.39597 -3.84065
-2.04142 -0.662365
-1.38775 -2.69163
-1.85912 -0.188383
-0.720397 -2.82496
-0.866692 -4.76814
-0.751319 -4.01532
-0.862918 -4.39809
-0.710768 -4.20631
-0.921584 -4.29443
-0.590155 -4.19815
-1.08198 -4.238
-0.21212 -3.71742
-1.70205 -4.06598
-1.39825 0.808782
-0.682846 -5.27318
-1.4861 -3.75219
-1.77548 0.321479
0.303576 -2.79338
-2.54744 -1.81026
-1.34463 -1.86617
-1.96683 -1.54526
-1.72323 -1.30606
-1.84461 -1.29526
-1.79818 -1.41615
-1.80077 -1.17059
-1.8184 -1.58279
-1.75926 -0.978865
-1.79989 -1.96653
-1.65202 -0.576061
-1.34756 -2.91317
-1.9352 -0.363518
-1.06842 -2.87198
-0.411161 -3.01534
-1.48213 -4.6011
-1.89367 -2.59267
-1.42697 -0.345023
0.0253113 -2.7447
-2.2052 -3.5677
-1.03415 -0.18435
-0.817416 -5.20079
-1.04512 -3.82596
-0.111319 -3.56167
-1.89542 -3.88686
-1.10989 0.574266
-1.37222 -5.62599
-0.638408 -3.49508
-1.06262 -4.6074
-0.416022 -3.92974
-1.34113 -4.24301
-1.53698 -3.13969
-1.54581 0.393999
0.227933 -3.75253
-2.47714 -1.65175
-1.39653 -2.01608
-1.94167 -0.844612
-1.6435 -2.3458
-1.59306 -0.0994663
-0.0460281 -2.67176
-2.10654 -3.8559
-0.992846 0.235647
-1.41694 -5.55893
-0.56284 -3.44323
-1.18859 -4.58913
-0.210673 -3.52546
-1.70414 -4.13784
-1.42811 0.82113
-0.603884 -5.20009
-1.61284 -3.70291
-1.4545 0.6529
-0.288905 -4.79808
-2.02657 -3.26395
-1.18275 -0.173525
-0.198705 -4.49758
-2.01339 -3.38039
-1.14857 -0.0610649
-0.471065 -4.8827
-1.6111 -3.78387
-1.47935 0.671045
-0.239571 -4.73585
-2.09306 -3.12352
-1.21994 -0.391431
0.129134 -3.77457
-2.37192 -2.43506
-1.37427 -1.27841
-1.68094 -2.68614
-1.4666 0.0721119
0.283156 -3.29477
-2.5087 -1.73753
-1.37656 -1.93877
-1.96465 -1.11682
-1.7299 -1.90874
-1.69262 -0.52404
-1.30972 -2.91562
-2.00131 -0.746402
-1.51598 -2.56135
-1.66137 0.0643637
0.103102 -2.66515
-2.33504 -3.17102
-1.12978 -0.671219
0.0647253 -3.88331
-2.29468 -2.75948
-1.30464 -0.950632
-0.577268 -2.92644
-1.22869 -4.79469
-0.252866 -3.52973
-1.62909 -4.20964
-1.65355 0.635329
0.19768 -3.94556
-2.46831 -1.56925
-1.393 -2.09036
-1.93503 -0.753863
-1.58467 -2.49428
-1.59778 0.0342024
0.166526 -2.73292
-2.41161 -2.79525
-1.23091 -1.03124
-0.197518 -2.82282
-1.83516 -4.28524
-1.26128 0.925333
-1.27968 -5.68139
-0.782795 -3.57087
-0.758716 -4.52644
-0.865368 -4.13238
-0.668065 -4.30129
-0.977003 -4.22389
-0.447137 -4.09879
-1.29422 -4.19109
-1.14079 -3.27142
-0.992978 -3.20463
-0.0272522 -3.41776
-2.05586 -3.65416
-1.05858 0.104519
-1.03711 -5.40308
-0.81244 -3.71636
-0.708216 -4.45748
-0.928218 -4.15409
-0.537299 -4.20683
-1.1575 -4.20125
-0.149713 -3.29427
-1.83054 -4.0815
-1.19696 0.806035
-1.34571 -5.67222
-0.708563 -3.52404
-0.928193 -4.59801
-0.63905 -4.09224
-1.02076 -4.32293
-0.385989 -3.99541
-1.39239 -4.18577
-2.00382 -2.10124
-1.58016 -0.879478
-1.69083 -2.5401
-1.50347 -0.0272818
0.240869 -2.9022
-2.48291 -2.26685
-1.34023 -1.48391
-1.78135 -2.49341
-1.48105 -0.19321
0.0975737 -2.74781
-2.3149 -3.20649
-1.12535 -0.624147
0.0168572 -4.01128
-2.24514 -2.90287
-1.26905 -0.783097
-0.0143017 -2.80803
-2.13087 -3.73575
-1.01042 0.0763116
-1.19233 -5.47243
-0.648978 -3.62403
-1.03709 -4.55641
-0.444286 -3.98057
-1.29619 -4.24403
-1.02461 -3.26595
-0.0457557 -3.22859
-2.02492 -3.79091
-1.04129 0.285292
-1.29841 -5.5485
-0.608565 -3.54374
-1.10779 -4.57403
-0.319289 -3.80829
-1.50375 -4.19453
-1.99027 -0.203847
-0.712477 -2.77807
-0.892104 -4.79122
-0.721486 -4.00301
-0.90969 -4.40139
-0.634636 -4.18006
-1.02282 -4.27323
-0.359455 -3.97556
-1.43835 -4.16802
-2.08069 -1.08771
-1.63049 -2.1728
-1.65757 -0.215971
-0.502061 -2.79426
-1.38845 -4.77837
-0.625771 -3.21746
-1.10389 -4.7109
-0.38474 -3.84833
-1.39283 -4.24965
-1.93674 -2.40854
-1.48588 -0.538976
-0.697428 -2.92337
-0.938898 -4.7765
-0.655546 -4.00466
-1.00379 -4.37764
-0.445389 -4.04699
-1.29492 -4.21394
-1.08894 -3.27075
-0.386071 -3.04043
-1.51192 -4.5602
-2.06294 -1.78535
-1.65035 -1.27174
-1.87476 -1.39635
-1.77651 -1.3125
-1.82311 -1.31077
-1.80533 -1.36255
-1.80626 -1.2595
-1.81556 -1.42816
-1.79254 -1.17558
-1.8219 -1.56719
-1.76191 -1.0029
-1.80677 -1.91257
-1.66772 -0.631512
-1.46747 -2.82119
-1.69315 0.156377
0.191789 -2.70049
-2.44649 -2.62871
-1.26513 -1.18114
-0.782159 -3.01937
-0.670104 -4.59824
-0.999907 -4.0636
-0.319752 -3.97858
-1.51327 -4.12112
-1.91547 0.0689069
-0.156462 -2.57852
-1.95832 -4.20257
-1.0806 0.793059
-1.68755 -5.65898
-1.08352 -3.41126
-0.240711 -3.05202
-1.7188 -4.33031
-1.51618 0.821326
-0.338636 -4.90385
-2.00116 -3.28753
-1.18027 -0.110411
-0.281146 -4.63082
-1.9025 -3.54001
-1.14531 0.263931
-0.882755 -5.33102
-1.03942 -3.78277
-0.105761 -3.55831
-1.9064 -3.87153
-1.10174 0.544625
-1.36725 -5.61862
-0.632932 -3.49744
-1.07187 -4.6046
-0.398046 -3.90957
-1.3702 -4.23553
-1.8139 -2.75264
-1.38875 -0.101013
0.26007 -3.30469
-2.48908 -1.91782
-1.38939 -1.77975
-1.96065 -1.33269
-1.74698 -1.56777
-1.78726 -0.907599
-1.7623 -2.12171
-1.61071 -0.399389
-0.842647 -2.93993
-0.423106 -4.36361
-1.38811 -4.04805
-2.06621 -1.53463
-1.68586 -1.54356
-1.8194 -0.904079
-1.74864 -2.13446
-1.61078 -0.369856
-0.765956 -2.91464
-0.71557 -4.65453
-0.94208 -4.04852
-0.46668 -4.17122
-1.26691 -4.17158
-0.871185 -3.23136
-0.387093 -4.26338
-1.43312 -4.06294
-2.0609 -0.761625
-1.46007 -2.59458
-1.73948 0.00596244
-0.142207 -2.63543
-1.96529 -4.16255
-1.06735 0.746889
-1.68145 -5.64924
-1.0632 -3.40882
-0.130917 -3.10685
-1.88653 -4.07979
-1.13143 0.755441
-1.49743 -5.67881
-0.696106 -3.42703
-0.952516 -4.63474
-0.609066 -4.0638
-1.06173 -4.32074
-0.293285 -3.85694
-1.55309 -4.14007
-1.81574 0.338738
0.302512 -2.75666
-2.54965 -1.82294
-1.34242 -1.85452
-1.96413 -1.59241
-1.71604 -1.24633
-1.85114 -1.40699
-1.78344 -1.25817
-1.8246 -1.40971
-1.79239 -1.21441
-1.82244 -1.49513
-1.7776 -1.09416
-1.82085 -1.71958
-1.72254 -0.832569
-1.7281 -2.32943
-1.55306 -0.208705
-0.155733 -2.70018
-1.92851 -4.19632
-1.10936 0.815745
-1.62619 -5.68081
-0.893333 -3.40548
-0.365018 -4.19916
-1.46218 -4.07087
-2.01305 -0.364661
-0.999066 -2.83821
-0.00793481 -3.19534
-2.09565 -3.65378
-1.04489 0.0437092
-1.02378 -5.38412
-0.816873 -3.72549
-0.698779 -4.44937
-0.940453 -4.15492
-0.508906 -4.18166
-1.19962 -4.19554
-0.273159 -3.14182
-1.65175 -4.36394
-1.71696 0.582641
0.315074 -3.57517
-2.52651 -1.15913
-1.21146 -2.3983
-1.85083 -2.44984
-1.48083 -0.345064
-0.185374 -2.73049
-1.87588 -4.26788
-1.19407 0.907358
-1.46804 -5.71384
-0.72262 -3.45613
-0.894169 -4.61336
-0.690804 -4.09626
-0.951482 -4.34541
-0.543718 -4.14723
-1.14718 -4.23559
-0.142932 -3.3802
-1.83604 -4.03949
-1.1812 0.771414
-1.35709 -5.66688
-0.694084 -3.51485
-0.95791 -4.60472
-0.594653 -4.07179
-1.08023 -4.30762
-0.248105 -3.77449
-1.6348 -4.10676
-1.5695 0.704013
-0.0437969 -4.44869
-2.30551 -2.4579
-1.40135 -1.18469
-1.65909 -2.70809
-1.47567 0.110891
0.282611 -3.34627
-2.50797 -1.69698
-1.37513 -1.97465
-1.9637 -1.06316
-1.71874 -1.99668
-1.66804 -0.435573
-1.08115 -2.96569
-0.507472 -3.04716
-1.33329 -4.69933
-0.416103 -3.18634
-1.43961 -4.5495
-1.70136 -2.98227
-1.37704 0.218194
0.0227033 -4.19246
-2.31366 -2.53451
-1.37373 -1.13832
-1.47136 -2.94187
-1.67517 0.2228
0.279182 -2.83095
-2.52465 -1.99253
-1.35233 -1.71637
-1.93918 -1.80672
-1.67333 -0.976733
-1.81227 -2.04976
-1.62192 -0.53321
-1.19781 -2.97325
-1.81367 -2.62685
-1.42908 -0.173114
0.224232 -2.93519
-2.46281 -2.38094
-1.32786 -1.38479
-1.62114 -2.80599
-1.48351 0.203995
0.257302 -3.55211
-2.49102 -1.68654
-1.38824 -1.98519
-1.95289 -0.94954
-1.68856 -2.17568
-1.62186 -0.262779
-0.519879 -2.81201
-1.35405 -4.79022
-0.415857 -3.20077
-1.43708 -4.54406
-1.6934 -2.99311
-1.38035 0.235293
0.0133953 -4.21532
-2.30649 -2.55885
-1.36901 -1.11142
-1.39768 -2.99252
-1.82965 -0.0103743
-0.288401 -2.6534
-1.74458 -4.49601
-1.59221 0.792373
-0.101415 -4.56799
-2.26602 -2.59335
-1.37341 -1.032
-1.26453 -3.04228
-2.03237 -1.4556
-1.70743 -1.56148
-1.80514 -0.886808
-1.74589 -2.16792
-1.60046 -0.342214
-0.658754 -2.87651
-1.04709 -4.81771
-0.511833 -3.92342
-1.20116 -4.32528
-0.200057 -3.22729
-1.75211 -4.20957
-1.36908 0.873386
-0.865609 -5.44178
-1.23309 -3.75928
-1.39954 -3.19384
-1.84215 0.0227873
-0.223783 -2.62559
-1.84575 -4.36599
-1.28552 0.959282
-1.24391 -5.67702
-0.820768 -3.59345
-0.659908 -4.45993
-0.995043 -4.13293
-0.364371 -4.02424
-1.4335 -4.15138
-2.08028 -1.10403
-1.6363 -2.14847
-1.66151 -0.238482
-0.570765 -2.82275
-1.25573 -4.82513
-0.248807 -3.46243
-1.6417 -4.22651
-1.63232 0.66739
0.130341 -4.11132
-2.4312 -1.81125
-1.44019 -1.85507
-1.92447 -0.868213
-1.67041 -2.28513
-1.59554 -0.166102
-0.196724 -2.69647
-1.86732 -4.29777
-1.21821 0.928348
-1.4174 -5.71381
-0.724963 -3.48664
-0.890566 -4.60274
-0.694454 -4.10227
-0.946283 -4.34367
-0.553656 -4.15522
-1.13304 -4.23791
-0.145497 -3.45601
-1.82786 -4.02071
-1.18758 0.76456
-1.32863 -5.65876
-0.704893 -3.53341
-0.93609 -4.59582
-0.626721 -4.08914
-1.03712 -4.31769
-0.346623 -3.94314
-1.45947 -4.1685
-2.06283 -0.726361
-1.42536 -2.63681
-1.79366 -0.0621917
-0.374047 -2.69937
-1.60928 -4.63569
-2.06646 -0.53248
-1.19419 -2.79302
-1.81538 -2.60231
-1.43668 -0.190377
0.198711 -2.87601
-2.43746 -2.57269
-1.29002 -1.22089
-1.08128 -3.08252
-0.44366 -3.03804
-1.43096 -4.63379
-1.39008 -3.25533
-1.87503 -0.0456807
-0.395213 -2.68286
-1.58224 -4.67223
-2.10149 -1.16663
-1.6354 -2.10018
-1.67795 -0.277093
-0.71184 -2.87581
-0.89489 -4.77008
-0.713823 -4.0143
-0.921055 -4.39436
-0.613322 -4.17273
-1.05123 -4.26517
-0.290066 -3.86963
-1.5601 -4.13009
-1.78822 0.393932
0.348146 -2.9064
-2.56861 -1.42992
-1.28804 -2.17035
-1.98304 -1.61426
-1.70643 -1.26401
-1.85411 -1.37423
-1.78681 -1.30991
-1.81939 -1.32408
-1.80549 -1.33669
-1.8094 -1.30004
-1.81157 -1.36354
-1.80382 -1.26554
-1.8162 -1.41532
-1.79446 -1.19477
-1.82157 -1.53279
-1.76986 -1.04466
-1.81484 -1.82164
-1.6941 -0.724369
-1.61832 -2.60987
-1.53492 0.0898715
0.285926 -3.01406
-2.51894 -1.8878
-1.36624 -1.80647
-1.96395 -1.46915
-1.73491 -1.39203
-1.82894 -1.15241
-1.80564 -1.64254


