3.21954 -3.86582
1.30738 0.506103
3.3729 -1.39095
1.18862 0.0204699
3.26713 1.31169
1.04339 -0.63936
2.9006 -1.87557
1.69578 -4.76308
2.62145 -3.53461
2.25655 -5.16494
2.39897 -4.5696
2.3588 -4.89235
2.33741 -4.71888
2.41029 -4.82865
2.28649 -4.7171
2.5001 -4.78984
2.18861 -4.60803
2.79837 -4.27099
1.84459 -4.06186
1.91089 0.0476593
2.86762 -2.47469
1.77378 -4.77452
2.82743 -3.2554
1.84536 -4.62315
2.66404 -3.45827
2.14329 -5.1294
2.53307 -4.55466
2.17163 -4.72889
2.72076 -4.44518
1.94497 -4.26105
1.87282 -2.55389
2.37251 0.560689
3.24749 -2.13604
1.24534 -1.56487
2.35249 -1.71183
1.90735 -1.03844
2.06962 -1.54115
2.12142 -0.529848
2.04451 -2.37692
2.26642 0.437253
3.2375 -0.873291
1.2201 -2.11202
2.49045 -0.824781
2.66073 -3.1833
2.28792 -5.22638
2.34953 -4.50845
2.49078 -4.86963
2.189 -4.55872
2.84776 -4.11664
1.78255 -3.93472
2.07982 0.921068
3.26888 -2.27521
1.23188 -1.09337
2.4094 -2.42645
1.85185 -1.90841
2.27253 -0.372294
2.219 -3.03873
1.96412 -0.103163
2.56032 -3.04417
2.99623 -3.72708
1.53895 -3.1644
2.46974 1.50339
1.80142 -5.62616
2.52186 -4.08898
2.29034 -5.04309
2.38844 -4.64771
2.35137 -4.85683
2.35311 -4.74857
2.37643 -4.81402
2.32976 -4.76088
2.40789 -4.80952
2.292 -4.73429
2.48133 -4.79579
2.20934 -4.63805
2.72178 -4.47359
1.93719 -4.22894
1.80916 -2.1452
2.33737 -0.122152
2.77794 -2.90051
1.94776 -5.03356
2.80814 -4.03458
1.86754 -4.22983
1.7676 -1.28921
2.14025 -1.40895
2.05928 -0.680485
2.02089 -2.03421
2.24189 0.0330184
2.79674 -2.81618
1.91 -4.98956
2.87255 -3.78855
1.79079 -4.09056
1.94237 0.254213
3.10349 -1.36488
1.41434 -3.48527
2.376 2.16764
1.29391 -4.96439
2.27697 -3.64677
2.31725 -3.45435
2.21137 -3.34293
1.84718 -0.742776
2.11323 -2.25444
2.20767 0.289219
3.11128 -1.51255
1.41914 -3.4217
2.40514 2.07637
1.33823 -5.0293
2.43723 -3.71977
2.95577 -3.83686
1.60906 -3.42583
2.36571 1.8551
1.61403 -5.4973
2.61462 -3.91489
2.13379 -4.98871
2.60455 -4.55534
2.08982 -4.5577
3.00765 -3.20671
1.60525 -3.61916
2.29192 1.95771
1.60022 -5.52657
2.57713 -3.93052
2.214 -5.05574
2.47399 -4.63634
2.23443 -4.77496
2.56363 -4.70596
2.12359 -4.53884
2.9862 -3.41184
1.62479 -3.62536
2.28529 1.91949
1.65478 -5.5942
2.53367 -3.98695
2.30775 -5.07277
2.36308 -4.61808
2.40495 -4.87209
2.28675 -4.68987
2.51473 -4.78841
2.17183 -4.57988
2.86406 -4.0465
1.76511 -3.90493
2.11169 1.08983
3.12059 -3.71374
1.30732 -1.42177
2.31346 -1.89935
1.96191 -0.594378
2.09013 -2.35698
2.23164 0.402065
3.20656 -0.934603
1.25843 -2.49015
2.5672 -0.0428432
3.14941 -3.09186
1.32879 -2.06166
2.43759 -0.873615
2.22224 -3.15494
1.91057 -0.353009
2.29647 -2.91865
1.86005 -0.817434
2.09035 -2.07086
2.20741 0.110039
2.87734 -2.58015
1.75997 -4.68166
2.55521 -3.56395
2.53208 -5.0215
2.09379 -4.32031
2.89147 -3.01178
1.76406 -4.43634
1.80265 -2.19882
2.3503 -0.0560623
2.92348 -2.49444
1.69656 -4.46318
1.76913 -1.90316
2.28817 -0.528317
2.09125 -2.7644
2.21584 0.698697
3.28714 -1.34341
1.19875 -1.36143
2.36477 -2.04587
1.88994 -0.980504
2.07085 -1.68386
2.1517 -0.347502
2.16048 -2.83629
2.12191 0.46232
3.21479 -0.740157
1.23459 -2.37189
2.55138 -0.305072
3.22722 -1.73765
1.26687 -2.1088
2.47223 -0.820498
2.51412 -3.30171
3.00949 -3.60762
1.53579 -3.18613
2.46516 1.5482
1.76097 -5.59346
2.55694 -4.05386
2.21906 -5.02124
2.47821 -4.65532
2.22719 -4.75396
2.59065 -4.67971
2.09332 -4.49148
3.02751 -2.95881
1.58592 -3.63117
2.29085 1.993
1.56032 -5.47632
2.59928 -3.8866
2.17474 -5.04009
2.52738 -4.61388
2.17373 -4.69497
2.74692 -4.39106
1.91192 -4.19851
1.77003 -1.53409
2.1919 -1.03496
1.97056 -1.31419
2.10119 -0.972502
2.00142 -1.3939
2.11119 -0.808846
1.99063 -1.72236
2.19156 -0.386563
2.1341 -2.80128
2.16297 0.576601
3.26615 -0.68584
1.18281 -1.71705
2.40497 -1.49679
1.88719 -1.82528
2.24421 -0.419528
2.13651 -2.8511
2.15125 0.568559
3.2627 -0.650289
1.18326 -1.759
2.41367 -1.43002
1.90087 -2.02105
2.2854 -0.140411
2.58775 -3.1639
2.72656 -4.72563
1.83856 -3.89214
2.06087 0.775958
3.30661 -1.17157
1.18243 -1.10338
2.43339 -2.41046
1.90995 -2.41233
2.34435 0.398944
3.25559 -1.09514
1.21414 -1.87054
2.42755 -1.24204
1.96642 -2.47342
2.32012 0.525858
3.27155 -1.30966
1.20868 -1.60685
2.37415 -1.66194
1.88718 -1.29279
2.11516 -1.15711
2.02244 -1.06288
2.03936 -1.30029
2.07881 -0.895579
2.00329 -1.55577
2.14868 -0.584535
2.0175 -2.2561
2.27381 0.293735
3.16422 -1.23613
1.3326 -2.95348
2.56488 1.10903
1.94446 -5.66247
2.43588 -4.1785
2.48858 -4.958
2.17551 -4.48497
2.94956 -3.67436
1.66034 -3.67246
2.25863 1.82526
1.81283 -5.75425
2.37099 -4.06948
2.84102 -4.26086
1.75672 -3.80752
2.16885 1.36149
2.67737 -5.38717
1.51955 -2.55703
2.49702 0.182859
3.22046 -2.34647
1.27184 -1.81588
2.39132 -1.30553
1.90197 -1.91456
2.26165 -0.277858
2.32023 -3.15562
1.83735 -2.02943
2.30453 -0.235073
2.48126 -3.22761
3.11804 -2.49721
1.43871 -3.06966
2.51948 1.33966
1.84425 -5.62883
2.5102 -4.12119
2.3056 -5.03708
2.37245 -4.64585
2.37804 -4.86189
2.31958 -4.72537
2.4374 -4.81993
2.25637 -4.68886
2.5767 -4.72209
2.1051 -4.49184
3.02575 -3.03551
1.58459 -3.59469
2.30578 1.99338
1.54219 -5.44229
2.61667 -3.85779
2.14315 -5.01909
2.57696 -4.57559
2.12027 -4.61295
2.92996 -3.72942
1.69199 -3.76919
2.21195 1.64312
2.14888 -5.8869
1.97883 -3.77939
1.97213 0.240315
3.06984 -1.60358
1.47162 -3.72898
2.26149 2.17439
1.3933 -5.24352
2.57254 -3.76324
2.30683 -5.1234
2.35378 -4.5794
2.44061 -4.8763
2.24583 -4.63891
2.63744 -4.64716
2.03464 -4.38098
2.76362 -3.27812
1.9368 -4.88766
2.9223 -3.59695
1.72543 -3.9402
2.11462 1.15142
3.04463 -4.16506
1.33805 -1.59397
2.31943 -1.60412
1.93811 -0.89602
2.05175 -1.75056
2.1743 -0.280882
2.23291 -2.99853
1.95186 -0.180423
2.45933 -3.06356
2.94689 -2.71744
1.68851 -4.26352
1.85785 -0.149323
2.63339 -2.9323
2.63361 -4.94659
1.93662 -4.05087
1.81308 -0.691305
2.1544 -2.43327
2.17235 0.370705
3.16459 -1.13172
1.32402 -2.94704
2.56774 1.09818
1.94534 -5.66106
2.43673 -4.17955
2.485 -4.96082
2.1795 -4.48957
2.9376 -3.73856
1.674 -3.70109
2.24403 1.77096
1.90935 -5.82172
2.25974 -4.04992
3.0592 -2.6418
1.54097 -3.55104
2.33158 2.04766
1.4533 -5.29252
2.63739 -3.75169
2.12377 -5.03233
2.59628 -4.54334
2.10041 -4.58941
2.9777 -3.44492
1.63779 -3.66549
2.26682 1.87986
1.72874 -5.67988
2.45788 -4.04251
2.5255 -4.94993
2.12731 -4.41078
3.03641 -2.88114
1.57365 -3.60681
2.30288 2.01418
1.52245 -5.41666
2.62187 -3.83686
2.13704 -5.01942
2.58492 -4.56551
2.11188 -4.60106
2.95329 -3.60134
1.66507 -3.71524
2.241 1.78084
1.89894 -5.81783
2.26862 -4.05198
3.06755 -2.68967
1.52526 -3.45294
2.37547 1.98618
1.45949 -5.27066
2.65748 -3.72697
2.0853 -4.99243
2.66974 -4.4417
2.01978 -4.45415
2.87807 -3.06729
1.7812 -4.47752
1.9082 -2.76563
2.35497 0.872071
3.04901 -3.99835
1.3586 -1.93482
2.39234 -1.05922
1.95789 -2.35389
2.31566 0.368967
3.23349 -0.969595
1.23024 -2.16746
2.50173 -0.720356
2.86214 -2.77635
1.78752 -4.68177
2.64614 -3.49008
2.18933 -5.15123
2.47502 -4.5748
2.24105 -4.81824
2.52774 -4.72528
2.16379 -4.60503
2.85574 -4.07064
1.7768 -3.93317
2.08529 0.952802
3.24998 -2.54681
1.24468 -1.12885
2.38771 -2.37888
1.84402 -1.42954
2.1538 -1.03826
1.98806 -1.2731
2.08781 -1.00657
2.01007 -1.33686
2.09576 -0.878937
1.99661 -1.57998
2.15644 -0.561897
2.02461 -2.31922
2.27547 0.370098
3.21141 -0.971263
1.25536 -2.43676
2.55804 -0.164617
3.21187 -2.32063
1.2834 -1.97074
2.4279 -1.05017
2.05028 -2.7865
2.25205 0.795902
3.25255 -2.27812
1.24149 -1.3621
2.3441 -2.03087
1.91867 -0.769269
2.06842 -2.04969
2.21851 0.0819934
2.84462 -2.68219
1.81495 -4.81244
2.92839 -3.10868
1.7291 -4.2032
1.8879 0.00406578
2.83011 -2.57464
1.84927 -4.93626
2.93583 -3.40622
1.71749 -3.993
2.0851 1.01525
3.20471 -3.05764
1.26942 -1.211
2.3497 -2.25309
1.89734 -0.810446
2.07306 -2.00628
2.20943 0.0346974
2.75219 -2.90016
2.02606 -5.14255
2.65891 -4.37273
2.03837 -4.54371
3.0101 -2.89232
1.61706 -3.80238
2.21784 1.80069
1.89832 -5.8291
2.25212 -4.03806
3.04068 -2.62841
1.57061 -3.70476
2.26376 2.00099
1.58117 -5.5202
2.57041 -3.92151
2.23494 -5.06969
2.44559 -4.6351
2.27095 -4.81596
2.47965 -4.76144
2.21485 -4.66881
2.68169 -4.55336
1.98598 -4.31347
2.20988 -3.41581
1.82084 -1.00109
2.09592 -1.79422
2.16053 -0.200728
2.32753 -3.10798
1.83562 -1.99227
2.29634 -0.288468
2.3768 -3.21021
2.29036 -3.40701
1.91566 -2.59958
2.35284 0.658219
3.22866 -2.4895
1.26025 -1.54619
2.3438 -1.73321
1.91751 -0.945767
2.06007 -1.69368
2.15868 -0.343807
2.16451 -2.85162
2.11298 0.439099
3.20145 -0.813424
1.25496 -2.53371
2.57566 0.0613454
3.05531 -3.7903
1.38912 -2.29028
2.4805 -0.431583
3.01427 -2.21667
1.58243 -4.0139
2.12983 1.41093
2.63186 -5.493
1.5353 -2.60126
2.49835 0.285277
3.17558 -2.93044
1.30372 -1.87531
2.39484 -1.19278
1.92418 -2.1384
2.3004 0.0489402
2.94011 -2.40863
1.67219 -4.39761
1.75806 -1.09533
2.12137 -1.759
2.13893 -0.23744
2.27597 -3.03956
1.85686 -0.79177
2.09635 -2.131
2.21025 0.173767
2.97694 -2.21528
1.61874 -4.23739
1.93271 0.327743
3.17004 -0.849694
1.29308 -2.86462
2.58299 0.898761
2.10755 -5.69836
2.27081 -4.17471
3.02707 -3.26344
1.55846 -3.39694
2.3901 1.88043
1.54626 -5.39162
2.66364 -3.81014
2.0603 -4.92072
2.75461 -4.27546
1.92002 -4.2717
1.83024 -2.31817
2.36356 0.160958
3.17178 -1.29011
1.32667 -2.87649
2.57365 0.907987
2.14057 -5.70488
2.22758 -4.15011
3.05582 -2.70057
1.5456 -3.54869
2.33178 2.03934
1.46159 -5.30559
2.64006 -3.75762
2.11623 -5.02183
2.61141 -4.52751
2.08396 -4.56133
3.00979 -3.17768
1.60376 -3.62377
2.2904 1.96021
1.59912 -5.52615
2.57684 -3.92992
2.21492 -5.05648
2.47267 -4.63638
2.23605 -4.777
2.55943 -4.71003
2.12819 -4.54566
2.97499 -3.48896
1.63716 -3.64743
2.27392 1.88865
1.70826 -5.65637
2.48124 -4.03018
2.45025 -5.01956
2.21038 -4.50094
2.85769 -4.09683
1.76654 -3.89192
2.11857 1.12026
3.08133 -3.95753
1.32365 -1.51754
2.31408 -1.73541
1.95312 -0.73022
2.05815 -2.06852
2.22724 0.0990106
2.88397 -2.56821
1.74994 -4.65072
2.40798 -3.59203
3.09961 -2.61524
1.46856 -3.18997
2.48272 1.59557
1.66389 -5.48016
2.64872 -3.92821
2.07107 -4.88778
2.76444 -4.26365
1.90625 -4.23849
1.77959 -1.82392
2.26549 -0.617097
2.01555 -2.44615
2.28904 0.511157
3.26681 -1.03117
1.20102 -1.71788
2.39737 -1.49051
1.88555 -1.73593
2.22244 -0.539534
2.03814 -2.49492
2.2749 0.561372
3.27416 -1.10182
1.19832 -1.60565
2.3785 -1.66727
1.88409 -1.33497
2.12475 -1.09889
2.00881 -1.15957
2.05948 -1.15505
2.04296 -1.1012
2.03897 -1.20872
2.05989 -1.03665
2.02365 -1.30395
2.0845 -0.909368
2.00211 -1.52466
2.14169 -0.627608
2.00584 -2.14557
2.2664 0.153508
3.01933 -2.0546
1.56344 -4.01384
2.13446 1.4636
2.53757 -5.64375
1.59713 -2.83834
2.49169 0.82104
2.6448 -5.30219
1.65415 -3.17682
2.42652 1.48099
1.9489 -5.74609
2.34352 -4.1324
2.87028 -4.13996
1.72676 -3.7515
2.20683 1.56267
2.28805 -5.84703
1.836 -3.52328
2.24179 1.44627
2.43074 -5.72571
1.72511 -3.27367
2.37233 1.57012
1.96464 -5.78168
2.29026 -4.10374
3.04092 -3.16957
1.54095 -3.3499
2.41196 1.83295
1.55943 -5.39496
2.67074 -3.81332
2.04805 -4.8966
2.79116 -4.17726
1.87608 -4.19037
1.77753 -1.05493
2.11299 -1.78981
2.14964 -0.202066
2.32263 -3.09761
1.82529 -1.84017
2.26112 -0.511076
2.07676 -2.69195
2.23694 0.689923
3.28389 -1.4386
1.20405 -1.38123
2.3613 -2.01407
1.89564 -0.948782
2.06777 -1.73242
2.16319 -0.29008
2.21933 -2.96815
1.98874 -0.0117081
2.68198 -2.92942
2.32936 -5.25432
2.29323 -4.45255
2.68522 -4.60888
1.96712 -4.24442
1.90823 -2.70676
2.35699 0.79642
3.12331 -3.52203
1.32133 -1.7625
2.3602 -1.35697
1.89748 -1.51987
2.1657 -0.8075
1.97277 -1.74603
2.20265 -0.382015
2.14255 -2.8327
2.14687 0.543889
3.25346 -0.634753
1.1897 -1.87882
2.43961 -1.23434
2.00454 -2.65351
2.29753 0.73414
3.24656 -2.30193
1.2461 -1.43835
2.34154 -1.90942
1.92358 -0.80117
2.06208 -1.97255
2.21047 -0.00909894
2.67635 -3.03138
2.29912 -5.24729
2.33087 -4.48391
2.55445 -4.8142
2.11861 -4.46688
3.02844 -3.03119
1.57982 -3.57506
2.31464 1.99676
1.52766 -5.41626
2.62716 -3.83571
2.12582 -5.00707
2.60604 -4.54344
2.08903 -4.56326
3.00538 -3.22583
1.60782 -3.62294
2.2899 1.9526
1.60879 -5.53826
2.57021 -3.94043
2.22789 -5.06088
2.45611 -4.63864
2.25662 -4.79965
2.5108 -4.74765
2.18092 -4.62171
2.80191 -4.25526
1.84146 -4.05889
1.91733 0.0847656
2.91578 -2.31308
1.69362 -4.5602
1.92496 -2.85364
2.3386 0.974853
2.96126 -4.44002
1.40079 -2.12536
2.43278 -0.715036
2.36022 -3.27563
2.24814 -3.37263
1.80567 -1.49371
2.17589 -1.02207
1.97655 -1.31932
2.10083 -0.955122
1.99987 -1.42721
2.11937 -0.764096
1.99003 -1.82001
2.21355 -0.264414
2.27681 -3.08445
1.8418 -0.924104
2.08875 -1.89585
2.18259 -0.0853391
2.51545 -3.16416
3.09168 -2.99266
1.45324 -2.97188
2.53058 1.09939
2.09443 -5.72882
2.25093 -4.14548
3.06156 -2.86103
1.52796 -3.39923
2.39648 1.91671
1.49854 -5.31691
2.675 -3.7463
2.04861 -4.92654
2.76678 -4.23731
1.90651 -4.25127
1.78791 -1.94669
2.29565 -0.434984
2.18871 -3.00178
2.03372 0.200135
2.98406 -2.09173
1.60051 -4.22054
1.9607 0.487547
3.24715 -0.318333
1.17184 -1.88332
2.4482 -1.2296
2.03878 -2.78146
2.26249 0.811338
3.23747 -2.49368
1.25261 -1.39683
2.33797 -1.97148
1.92842 -0.738019
2.06882 -2.09767
2.22472 0.135892
2.93786 -2.3796
1.67232 -4.41821
1.75189 -1.28599
2.14348 -1.44697
2.06513 -0.62889
2.02964 -2.14992
2.25446 0.176893
3.03188 -1.98663
1.54504 -3.94533
2.17047 1.70418
2.09778 -5.90765
2.00397 -3.80225
1.91564 -0.0615656
2.6874 -2.88866
2.32307 -5.26139
2.29834 -4.45228
2.67092 -4.63825
1.98388 -4.27062
2.04876 -3.138
2.18931 0.876341
3.25122 -2.39494
1.24291 -1.27146
2.35221 -2.17071
1.90015 -0.829542
2.06975 -1.96089
2.20429 -0.0185284
2.65217 -3.0617
2.4128 -5.19794
2.20582 -4.39647
2.97162 -3.57708
1.62998 -3.58928
2.29804 1.91146
1.64806 -5.57915
2.5474 -3.97759
2.27314 -5.06902
2.40232 -4.63435
2.33336 -4.85718
2.37611 -4.7567
2.34171 -4.79921
2.37906 -4.78874
2.33116 -4.77617
2.40086 -4.8024
2.3015 -4.74709
2.45892 -4.80237
2.23397 -4.67052
2.6382 -4.6355
2.03575 -4.38929
2.79228 -3.22877
1.89154 -4.79248
2.97342 -3.11315
1.66974 -3.9334
2.14493 1.37522
2.67897 -5.39424
1.51201 -2.51219
2.49207 0.0868058
3.24158 -1.80782
1.25008 -1.8679
2.41275 -1.23325
1.93844 -2.28949
2.31763 0.265722
3.18463 -1.16418
1.30149 -2.74305
2.58225 0.569356
2.50529 -5.4749
1.83118 -3.64749
2.19778 1.34718
2.66553 -5.39877
1.53505 -2.63543
2.50248 0.355692
3.11948 -3.42445
1.33824 -2.00063
2.4173 -0.968697
2.06075 -2.80429
2.24061 0.786346
3.26314 -2.10521
1.23268 -1.33608
2.34995 -2.07476
1.90875 -0.814753
2.06733 -1.97389
2.20775 -0.00477148
2.68061 -3.02404
2.28134 -5.25026
2.34992 -4.49289
2.50012 -4.8668
2.17825 -4.54276
2.88785 -3.95976
1.73461 -3.83628
2.16595 1.38257
2.64506 -5.45273
1.53816 -2.6315
2.50107 0.349778
3.12808 -3.35867
1.33301 -1.97876
2.41292 -1.00784
2.02488 -2.68371
2.28116 0.750022
3.25218 -2.23406
1.24159 -1.40753
2.34309 -1.95978
1.92135 -0.788627
2.06452 -2.00335
2.21397 0.0276411
2.74559 -2.91517
2.04505 -5.15995
2.63015 -4.41334
2.06943 -4.59819
3.00139 -3.23307
1.6149 -3.64997
2.27783 1.93378
1.64642 -5.58932
2.53511 -3.98112
2.30658 -5.07412
2.3641 -4.6177
2.40323 -4.8725
2.28865 -4.69154
2.51006 -4.79175
2.17688 -4.58667
2.84623 -4.11322
1.7865 -3.94809
2.06726 0.85842
3.29492 -1.75597
1.20806 -1.0572
2.44063 -2.46707
1.96461 -2.68398
2.32359 0.776581
3.19497 -2.93161
1.28073 -1.55987
2.33697 -1.69971
1.9241 -0.921365
2.0571 -1.72789
2.1672 -0.304073
2.20536 -2.94519
2.0221 0.127615
2.88335 -2.47644
1.7476 -4.68752
2.53451 -3.57643
2.62815 -4.87869
1.98024 -4.16639
1.81732 -2.18602
2.34361 -0.0506256
2.91037 -2.53643
1.71433 -4.5204
1.86998 -2.62419
2.37686 0.660135
3.19519 -2.87135
1.28305 -1.63856
2.34848 -1.57565
1.9075 -1.13859
2.08235 -1.36572
2.07751 -0.759553
2.00457 -1.84286
2.21304 -0.21746
2.33907 -3.14528
1.88947 -2.42478
2.35473 0.393553
3.25758 -1.15066
1.21477 -1.83731
2.41894 -1.29579
1.93317 -2.27537
2.31811 0.241038
3.16955 -1.251
1.32688 -2.9001
2.57188 0.970721
2.07444 -5.70151
2.30028 -4.1803
2.95543 -3.7387
1.63397 -3.55226
2.31125 1.8986
1.64569 -5.56854
2.5579 -3.97159
2.24741 -5.06156
2.43325 -4.64146
2.28659 -4.82603
2.45123 -4.76956
2.24638 -4.70833
2.58375 -4.70591
2.09843 -4.48731
3.02799 -2.97394
1.58427 -3.61757
2.29662 1.99627
1.54984 -5.45864
2.60783 -3.87167
2.15928 -5.03084
2.55073 -4.59804
2.14843 -4.65709
2.83554 -4.12818
1.80462 -3.99792
2.01216 0.583817
3.27457 -0.380743
1.15789 -1.54601
2.38917 -1.76962
1.87521 -1.38214
2.13702 -1.04601
1.99615 -1.25352
2.08152 -1.02426
2.01454 -1.30855
2.0882 -0.914575
2.00115 -1.51221
2.13903 -0.645678
2.00195 -2.10037
2.26158 0.0950792
2.93091 -2.42348
1.68321 -4.44407
1.75384 -1.6116
2.2141 -0.956947
1.95559 -1.50337
2.14906 -0.727676
1.98455 -1.91277
2.23505 -0.155945
2.45974 -3.19874
3.07304 -2.36609
1.51787 -3.55761
2.3323 2.08619
1.41391 -5.22677
2.61255 -3.73346
2.19371 -5.09687
2.48569 -4.60587
2.22351 -4.77873
2.58143 -4.68245
2.10461 -4.51371
3.01832 -3.12535
1.59184 -3.59215
2.30538 1.98037
1.55738 -5.46313
2.60976 -3.87574
2.15377 -5.02415
2.56072 -4.59141
2.1376 -4.63942
2.8741 -3.98379
1.75812 -3.90476
2.11633 1.12008
3.08287 -3.94974
1.3229 -1.51093
2.31363 -1.74641
1.95436 -0.717368
2.05985 -2.09442
2.22977 0.12914
2.93411 -2.39616
1.67766 -4.43434
1.75113 -1.47678
2.18165 -1.15532
1.99079 -1.08891
2.05259 -1.30089
2.07455 -0.88018
2.00405 -1.58975
2.15645 -0.538801
2.03423 -2.37694
2.27335 0.436905
3.24007 -0.883417
1.21811 -2.07981
2.48236 -0.883621
2.52792 -3.30166
2.94464 -3.95912
1.60155 -3.3601
2.3914 1.78871
1.64531 -5.51852
2.60863 -3.94313
2.13953 -4.9853
2.59829 -4.56597
2.09632 -4.56594
2.99777 -3.29817
1.61529 -3.62746
2.28656 1.93776
1.63079 -5.56633
2.55264 -3.964
2.26486 -5.07014
2.41137 -4.6351
2.31936 -4.85056
2.39638 -4.76402
2.31343 -4.77883
2.42703 -4.7985
2.27095 -4.7196
2.52806 -4.76514
2.159 -4.57118
2.89928 -3.89856
1.72362 -3.8206
2.17823 1.45392
2.50926 -5.66345
1.6342 -2.98286
2.46858 1.12912
2.30294 -5.7181
1.9767 -3.8585
1.91288 -0.0512033
2.70782 -2.85486
2.23096 -5.27307
2.39754 -4.49492
2.39171 -4.92044
2.29499 -4.66704
2.51169 -4.79942
2.17402 -4.57687
2.86241 -4.05407
1.76679 -3.90759
2.10893 1.07489
3.13826 -3.59226
1.29983 -1.37995
2.31618 -1.97114
1.9597 -0.567841
2.10227 -2.42071
2.22307 0.448684
3.22691 -0.828051
1.22819 -2.24
2.52168 -0.579627
3.08969 -1.90479
1.47449 -3.55013
2.34077 2.14528
1.34905 -5.10364
2.50342 -3.73577
2.62439 -4.8624
1.99414 -4.20113
1.91062 -2.70745
2.35562 0.798093
3.12447 -3.51463
1.32062 -1.75785
2.35936 -1.3647
1.89764 -1.50101
2.16102 -0.833306
1.97338 -1.68561
2.18834 -0.458432
2.07871 -2.62237
2.23977 0.639027
3.28283 -1.19212
1.19581 -1.46334
2.36559 -1.88938
1.89353 -1.0429
2.07413 -1.56118
2.12389 -0.500245
2.0577 -2.45103
2.25968 0.510222
3.2605 -0.891761
1.19928 -1.80882
2.41836 -1.34623
1.92102 -2.19547
2.31125 0.119867
3.05347 -1.9128
1.51668 -3.81331
2.22585 2.01509
1.6015 -5.56817
2.53173 -3.9541
2.33187 -5.08073
2.33494 -4.59584
2.47064 -4.85489
2.21449 -4.60809
2.73824 -4.44216
1.91566 -4.18711
1.7699 -1.48134
2.17927 -1.11123
1.98569 -1.16187
2.06631 -1.18619
2.04644 -1.04427
2.02913 -1.30409
2.08286 -0.902194
2.00225 -1.53993
2.14526 -0.607011
2.0109 -2.19817
2.2708 0.220815
3.10025 -1.62684
1.44135 -3.50261
2.36573 2.14999
1.31934 -5.02528
2.3963 -3.71651
3.07706 -2.95801
1.48823 -3.16833
2.48348 1.53708
1.72579 -5.54746
2.59908 -4.01182
2.1434 -4.96401
2.60398 -4.56888
2.08934 -4.54826
3.01243 -3.16042
1.60021 -3.61505
2.29457 1.9672
1.5858 -5.50694
2.58773 -3.91356
2.19372 -5.04698
2.5013 -4.62824
2.20257 -4.73458
2.65336 -4.58611
2.02263 -4.38415
2.70937 -3.36255
2.04204 -5.0482
2.69221 -4.36289
1.9982 -4.44182
2.75957 -3.29395
1.94296 -4.89538
2.91231 -3.65281
1.73717 -3.95989
2.09505 1.04259
3.1768 -3.30188
1.28266 -1.2803
2.33074 -2.13967
1.93484 -0.617932
2.09782 -2.35039
2.22513 0.3904
3.19717 -0.979118
1.27274 -2.59903
2.57919 0.214717
2.91152 -4.49432
1.48335 -2.65995
2.52119 0.376637
3.03523 -3.95772
1.39038 -2.23558
2.46595 -0.531091
2.82292 -2.85822
1.8507 -4.841
2.96001 -3.15083
1.68889 -3.99807
2.09812 1.11129
3.10289 -3.83813
1.31388 -1.44117
2.31149 -1.86372
1.96326 -0.607063
2.08467 -2.32598
2.23452 0.375372
3.19254 -1.01811
1.2812 -2.6525
2.58239 0.345408
2.76145 -4.98187
1.59641 -3.05029
2.47349 1.25972
2.10133 -5.76111
2.20564 -4.10013
2.966 -2.79297
1.67282 -4.12869
2.0057 0.662257
3.2984 -0.541347
1.15553 -1.24649
2.40169 -2.22051
1.84914 -1.5405
2.17984 -0.870707
1.96666 -1.62499
2.17576 -0.547396
2.02896 -2.37894
2.27692 0.43842
3.24203 -0.889346
1.21649 -2.05482
2.47611 -0.92859
2.42943 -3.32171
3.03756 -2.47482
1.57149 -3.7882
2.2307 1.92807
1.70716 -5.67957
2.45151 -4.03
2.56143 -4.90894
2.0855 -4.35747
2.92818 -2.93472
1.72142 -4.28119
1.81684 -0.463614
2.29843 -2.85057
1.87559 -0.713384
2.10379 -2.25707
2.21549 0.29815
3.12446 -1.43589
1.39731 -3.31522
2.45371 1.91874
1.40731 -5.11968
2.61227 -3.68508
2.21465 -5.1199
2.45557 -4.60099
2.26312 -4.82704
2.4874 -4.75186
2.20705 -4.66279
2.70429 -4.50639
1.95938 -4.2701
1.93941 -2.82903
2.33152 0.942701
3.01841 -4.17616
1.37099 -1.97394
2.39928 -0.987088
2.00022 -2.56987
2.30184 0.647313
3.2699 -1.76678
1.22257 -1.45382
2.35286 -1.89528
1.90879 -0.911687
2.06256 -1.77753
2.17478 -0.23917
2.28301 -3.06955
1.83766 -0.981788
2.08942 -1.79367
2.16407 -0.203877
2.32457 -3.10725
1.83022 -1.92228
2.28071 -0.392257
2.20955 -3.02847
1.98613 -0.000717352
2.70289 -2.89569
2.23595 -5.2678
2.39384 -4.49774
2.39808 -4.91835
2.2881 -4.66148
2.52907 -4.78556
2.15519 -4.55167
2.92546 -3.77866
1.69228 -3.7532
2.21829 1.66445
2.10634 -5.88597
2.0281 -3.84948
1.84343 -0.532072
2.21491 -2.6953
2.06666 0.198557
2.96899 -2.17542
1.62294 -4.29188
1.87156 -0.0189787
2.81701 -2.60233
1.87991 -4.99215
2.89156 -3.67843
1.76992 -4.0665
1.98533 0.484232
3.24017 -0.392703
1.18313 -1.99178
2.47211 -1.04358
2.29307 -3.26032
1.82341 -1.89648
2.27574 -0.439108
2.15316 -2.91517
2.11507 0.478669
3.22302 -0.683591
1.22166 -2.26612
2.53075 -0.526752
3.14768 -1.63611
1.3804 -3.08594
2.5303 1.41621
1.72658 -5.51674
2.62556 -3.99907
2.09953 -4.90562
2.70708 -4.40459
1.97305 -4.35275
2.28367 -3.49189
2.00012 -2.92025
2.27756 0.96316
3.09484 -3.774
1.32887 -1.7131
2.34617 -1.42749
1.90499 -1.30171
2.11328 -1.1088
2.01508 -1.14448
2.05494 -1.17113
2.04746 -1.07944
2.03403 -1.24116
2.06799 -0.991743
2.01523 -1.37859
2.10369 -0.811508
1.99314 -1.71814
2.18978 -0.388478
2.13187 -2.79369
2.16689 0.583989
3.26875 -0.705941
1.18206 -1.68388
2.3988 -1.54932
1.88167 -1.68842
2.21127 -0.609277
2.00421 -2.29076
2.28487 0.326686
3.19382 -1.07291
1.2836 -2.64123
2.58057 0.31603
2.80316 -4.86557
1.56275 -2.94091
2.49869 1.02748
2.32428 -5.69041
1.97208 -3.86204
1.91694 -0.0254662
2.7439 -2.79097
2.08897 -5.22236
2.55885 -4.4674
2.1477 -4.73917
2.75913 -4.34193
1.90098 -4.18984
1.76971 -1.3275
2.14659 -1.34384
2.04289 -0.773929
2.01608 -1.84102
2.20811 -0.206205
2.35015 -3.15075
1.95032 -2.71167
2.33174 0.809071
3.1576 -3.27313
1.3017 -1.64922
2.34317 -1.5466
1.91125 -1.12859
2.07987 -1.37529
2.08059 -0.747691
2.00444 -1.86729
2.21814 -0.187432
2.38815 -3.1769
2.35157 -3.44324
2.578 -3.42601
2.53718 -5.03434
2.08021 -4.29177
2.75263 -3.28462
1.95697 -4.92929
2.87518 -3.82618
1.78216 -4.04484
1.99333 0.513061
3.25093 -0.360759
1.17226 -1.84887
2.43938 -1.2866
1.98467 -2.57764
2.31206 0.655956
3.26307 -1.93638
1.23066 -1.45996
2.34944 -1.88247
1.91316 -0.886926
2.06115 -1.81775
2.18335 -0.19183
2.35093 -3.13854
1.94184 -2.67617
2.33799 0.766399
3.18184 -3.0486
1.28888 -1.60708
2.34073 -1.62083
1.91666 -1.02796
2.06584 -1.5416
2.12309 -0.532399
2.043 -2.37113
2.26713 0.431073
3.23528 -0.878129
1.2227 -2.14046
2.49723 -0.771837
2.77442 -2.99097
1.94393 -5.00125
2.83474 -3.95384
1.83465 -4.16262
1.82844 -0.465757
2.28292 -2.8335
1.9086 -0.487356
2.18484 -2.67818
2.11488 0.357076
3.14394 -1.22141
1.35623 -3.14443
2.52013 1.58199
1.58686 -5.35474
2.71678 -3.77517
1.98395 -4.76709
2.96595 -3.39385
1.66664 -3.79829
2.20774 1.67294
2.10634 -5.89081
2.02082 -3.83671
1.86314 -0.385846
2.3177 -2.91422
1.83299 -1.14822
2.10291 -1.50352
2.09818 -0.558546
2.03958 -2.30469
2.26489 0.358108
3.19886 -1.01988
1.27369 -2.58293
2.57682 0.174776
2.96016 -4.29033
1.44993 -2.53051
2.51381 0.0810602
3.22338 -2.24492
1.27027 -1.85704
2.40229 -1.24106
1.9219 -2.14595
2.30257 0.0556613
2.95456 -2.35446
1.65293 -4.33186
1.81298 -0.440336
2.32508 -2.88734
1.83083 -1.21032
2.11235 -1.40382
2.07248 -0.69031
2.01434 -2.00198
2.23953 -0.0119971
2.71448 -2.98306
2.1429 -5.22394
2.50295 -4.51184
2.21262 -4.81828
2.57659 -4.67259
2.11178 -4.53458
3.00209 -3.28282
1.60835 -3.60418
2.29718 1.95207
1.60036 -5.5235
2.58045 -3.92858
2.2064 -5.05143
2.48441 -4.63457
2.22196 -4.75939
2.59703 -4.66873
2.08665 -4.48348
3.02652 -2.9006
1.59011 -3.67458
2.27278 1.97549
1.60164 -5.54004
2.56363 -3.93922
2.24576 -5.06973
2.43315 -4.63627
2.2877 -4.82965
2.44822 -4.76881
2.24993 -4.71334
2.57318 -4.7178
2.1102 -4.5047
3.01882 -3.12977
1.5905 -3.58463
2.30866 1.98127
1.55232 -5.45421
2.61411 -3.86804
2.14615 -5.01887
2.57309 -4.58035
2.12434 -4.61868
2.91791 -3.78985
1.70606 -3.79797
2.19516 1.55422
2.31747 -5.83572
1.80179 -3.44483
2.2859 1.55646
2.16988 -5.8505
2.00549 -3.84063
1.88333 -0.244341
2.45858 -3.02706
2.89151 -2.8717
1.75592 -4.49458
1.8923 -2.70904
2.36578 0.793313
3.10817 -3.62309
1.32986 -1.81039
2.36891 -1.27633
1.89975 -1.72474
2.21656 -0.528965
2.04228 -2.50615
2.27199 0.571192
3.2754 -1.11886
1.1981 -1.58534
2.37571 -1.69902
1.88571 -1.27748
2.11233 -1.18372
2.02838 -1.02021
2.03165 -1.36868
2.09639 -0.804707
1.99581 -1.73507
2.19273 -0.363424
2.15517 -2.85609
2.1253 0.484316
3.22621 -0.68203
1.21833 -2.22791
2.52219 -0.603514
3.07765 -1.96413
1.49334 -3.63204
2.30241 2.15292
1.37914 -5.18861
2.5649 -3.7439
2.34675 -5.12275
2.30969 -4.54872
2.55809 -4.79092
2.11805 -4.47869
3.02479 -3.07732
1.58332 -3.57295
2.3148 1.99032
1.53459 -5.42588
2.62493 -3.84368
2.1287 -5.00772
2.60182 -4.54914
2.09354 -4.57008
2.99783 -3.2943
1.6156 -3.63014
2.28544 1.93677
1.63338 -5.56999
2.55001 -3.96687
2.27085 -5.0712
2.4044 -4.63333
2.33041 -4.85648
2.38014 -4.75809
2.33594 -4.79569
2.38815 -4.79193
2.31895 -4.76664
2.42272 -4.805
2.27513 -4.7201
2.5198 -4.77251
2.16781 -4.58264
2.8698 -4.0223
1.75863 -3.89275
2.1231 1.15128
3.03949 -4.18729
1.34074 -1.61793
2.3226 -1.56465
1.93206 -0.960768
2.05589 -1.63642
2.14817 -0.419199
2.10281 -2.6657
2.21404 0.622985
3.28104 -0.97975
1.18776 -1.51633
2.3727 -1.80938
1.88719 -1.16455
2.09146 -1.36276
2.07312 -0.757852
2.00625 -1.84948
2.21377 -0.207242
2.35431 -3.15642
1.98346 -2.83214
2.30092 0.917367
3.1062 -3.68339
1.32533 -1.72042
2.34907 -1.41897
1.90293 -1.33672
2.1213 -1.05981
2.00445 -1.2284
2.07407 -1.05106
2.02084 -1.26593
2.07716 -0.97036
2.00974 -1.41144
2.11286 -0.772348
1.99163 -1.80183
2.20903 -0.285052
2.24763 -3.04295
1.90662 -0.419702
2.23835 -2.81213
1.99992 -0.0217067
2.65455 -2.9721
2.46356 -5.16936
2.14254 -4.3282
3.02843 -2.75875
1.58966 -3.736
2.24862 1.93992
1.67263 -5.63472
2.49401 -4.0076
2.42242 -5.04134
2.23959 -4.52639
2.75728 -4.41605
1.88712 -4.12304
1.81006 -0.668957
2.16653 -2.48505
2.15687 0.368622
3.15902 -1.15493
1.33265 -3.00193
2.55768 1.2376
1.82924 -5.59222
2.54745 -4.10984
2.22194 -5.00465
2.47982 -4.66426
2.22434 -4.74453
2.60262 -4.66628
2.07972 -4.46993
3.02015 -2.84798
1.60186 -3.75232
2.24025 1.89784
1.73678 -5.70191
2.4315 -4.04474
2.62637 -4.80817
2.01038 -4.25619
2.14776 -3.32431
1.97353 0.0526195
2.80388 -2.68277
1.90667 -5.02062
2.85378 -3.85302
1.81477 -4.14307
1.86631 -0.188527
2.56159 -2.99631
3.0245 -3.56335
1.50989 -3.07867
2.49744 1.33259
1.92484 -5.69391
2.41463 -4.15484
2.58227 -4.85617
2.06858 -4.35065
2.84846 -3.11163
1.81592 -4.59774
2.4569 -3.58211
3.0064 -3.57551
1.55034 -3.26101
2.43933 1.67965
1.67235 -5.51882
2.61699 -3.95879
2.12044 -4.9547
2.64276 -4.51169
2.04719 -4.48275
2.98717 -2.85611
1.6496 -3.97447
2.13031 1.32573
2.7741 -5.17706
1.45761 -2.25522
2.45139 -0.44235
2.84343 -2.79614
1.81614 -4.76779
2.89197 -3.13699
1.77025 -4.37809
1.76217 -1.67198
2.22835 -0.857076
1.95204 -1.7471
2.20897 -0.412254
2.11947 -2.77569
2.18412 0.623016
3.28002 -0.850415
1.18206 -1.53427
2.37693 -1.78299
1.88373 -1.22853
2.10329 -1.26502
2.04781 -0.895978
2.01396 -1.58199
2.15145 -0.535829
2.03617 -2.37964
2.27221 0.440015
3.24082 -0.880742
1.21718 -2.06999
2.48001 -0.901419
2.48939 -3.31626
3.084 -3.02801
1.46549 -3.02616
2.5197 1.22561
1.97914 -5.70619
2.37089 -4.16896
2.7291 -4.57239
1.89582 -4.08704
1.82904 -0.514754
2.24211 -2.75006
2.00853 -0.00888643
2.66814 -2.95784
2.3911 -5.22414
2.22544 -4.40503
2.92109 -3.85123
1.68658 -3.70872
2.23747 1.73134
1.97694 -5.85371
2.18191 -4.00675
2.56705 -3.47288
2.55381 -5.00676
2.06313 -4.27401
2.5818 -3.48672
2.46449 -5.10181
2.16795 -4.3967
3.02599 -3.14794
1.57457 -3.50825
2.34271 1.97101
1.51967 -5.386
2.64527 -3.80852
2.09437 -4.97582
2.66738 -4.45512
2.02147 -4.45091
2.87753 -3.06779
1.7818 -4.47992
1.9155 -2.79357
2.34909 0.90703
3.02181 -4.14817
1.37152 -1.99209
2.4042 -0.95763
2.02738 -2.68058
2.2794 0.745119
3.25532 -2.18028
1.23895 -1.40246
2.34433 -1.96886
1.91954 -0.795663
2.06452 -1.99212
2.21223 0.014748
2.72069 -2.9609
2.12561 -5.21765
2.52281 -4.50316
2.18824 -4.78814
2.64079 -4.58855
2.04001 -4.42322
2.88852 -3.03806
1.76861 -4.43947
1.81264 -2.27292
2.36156 0.0678396
3.09796 -1.70998
1.4506 -3.51288
2.36012 2.1476
1.3272 -5.04561
2.42897 -3.72602
2.98164 -3.69563
1.58215 -3.36011
2.39714 1.80779
1.61323 -5.47597
2.63399 -3.89839
2.09988 -4.94918
2.67643 -4.45042
2.01 -4.42432
2.76559 -3.28117
1.93305 -4.87765
2.93145 -3.54442
1.71451 -3.92136
2.13153 1.24796
2.89617 -4.80108
1.40096 -1.96381
2.38726 -0.976843
1.98057 -2.46237
2.31139 0.519489
3.27085 -1.21012
1.20549 -1.63802
2.38049 -1.61438
1.88374 -1.40594
2.14085 -0.994598
1.98854 -1.34922
2.10446 -0.89228
1.99413 -1.54977
2.15001 -0.605379
2.01043 -2.20574
2.27199 0.229498
3.10988 -1.57068
1.42554 -3.42977
2.4008 2.08007
1.3403 -5.0371
2.44801 -3.72194
2.90798 -4.06121
1.66088 -3.5525
2.30374 1.85045
1.71636 -5.64728
2.49454 -4.03397
2.40198 -5.04551
2.26281 -4.55157
2.6728 -4.60757
1.98835 -4.29439
2.15335 -3.33759
1.95616 -0.030278
2.6868 -2.90781
2.31524 -5.2609
2.30783 -4.45969
2.63718 -4.69948
2.02363 -4.33172
2.52909 -3.52488
2.71091 -4.71825
1.87776 -3.99244
1.93484 0.147602
2.98586 -2.03023
1.59293 -4.22065
1.96465 0.513516
3.2569 -0.291253
1.16283 -1.75197
2.42095 -1.44509
1.90684 -2.10473
2.30032 -0.0207157
2.83218 -2.75238
1.83666 -4.84476
2.95457 -3.14071
1.6966 -4.03714
2.06629 0.943172
3.26026 -2.42713
1.23831 -1.08682
2.40848 -2.43451
1.85115 -1.90163
2.27104 -0.382553
2.20516 -3.01466
1.99938 0.055085
2.78328 -2.74363
1.95792 -5.08914
2.76096 -4.15462
1.92456 -4.34506
2.00411 -3.03986
2.25415 1.01282
3.07377 -3.91927
1.33668 -1.72837
2.34681 -1.39768
1.904 -1.34781
2.12355 -1.04122
2.00102 -1.26152
2.08188 -1.00473
2.01195 -1.34401
2.09682 -0.865895
1.99579 -1.60622
2.16289 -0.528675
2.0382 -2.40925
2.27233 0.471979
3.25215 -0.890088
1.2067 -1.92173
2.44384 -1.15949
2.05385 -2.81895
2.24517 0.80807
3.25156 -2.30575
1.24231 -1.35276
2.34417 -2.04511
1.91816 -0.765432
2.06926 -2.05888
2.21928 0.092642
2.86318 -2.62878
1.783 -4.73771
2.77838 -3.32669
1.91016 -4.79807
2.97588 -3.17576
1.66409 -3.87978
2.1733 1.52595
2.39162 -5.79122
1.72493 -3.24788
2.37936 1.54081
1.98915 -5.78719
2.26812 -4.09903
3.06509 -2.85021
1.52181 -3.3735
2.40781 1.88705
1.51057 -5.32704
2.68022 -3.7514
2.039 -4.90647
2.79594 -4.15647
1.87134 -4.18558
1.7824 -0.968239
2.11229 -1.94189
2.17497 -0.0306142
2.60309 -3.10377
2.68436 -4.82822
1.88539 -3.97487
1.94093 0.172281
3.0125 -1.90397
1.55551 -4.07838
2.09864 1.26297
2.89579 -4.81818
1.39657 -1.91277
2.37438 -1.0606
1.93563 -2.16446
2.30048 0.0986452
3.0079 -2.12758
1.58107 -4.0713
2.09559 1.21693
2.96587 -4.54784
1.36758 -1.74507
2.34006 -1.34527
1.90713 -1.37121
2.12819 -1.00068
1.99423 -1.33591
2.09995 -0.903167
1.9963 -1.52942
2.14453 -0.629426
2.0047 -2.14295
2.2666 0.149325
3.01432 -2.07842
1.57044 -4.04086
2.11767 1.35575
2.73448 -5.28219
1.47496 -2.33014
2.46509 -0.29238
3.07019 -1.94231
1.50066 -3.69111
2.27635 2.13772
1.41799 -5.27439
2.59737 -3.76464
2.22526 -5.10569
2.4474 -4.61172
2.27247 -4.82993
2.47146 -4.75927
2.22437 -4.68449
2.64779 -4.61383
2.02577 -4.37753
2.70562 -3.36691
2.05071 -5.05852
2.67552 -4.39273
2.01691 -4.47472
2.90677 -3.00949
1.74802 -4.36075
1.75732 -1.31366
2.14686 -1.39137
2.05213 -0.706244
2.01952 -1.9817
2.23358 -0.0313786
2.67036 -3.04946
2.31979 -5.24082
2.30908 -4.47309
2.6216 -4.72235
2.0424 -4.36118
2.74638 -3.30378
1.9674 -4.94341
2.85403 -3.91362
1.80756 -4.09225
1.9232 0.141933
2.98963 -2.00614
1.58699 -4.20218
1.9861 0.628952
3.29251 -0.418654
1.15107 -1.30824
2.39332 -2.13159
1.85698 -1.36372
2.1364 -1.10945
2.00549 -1.14166
2.0572 -1.1894
2.05017 -1.04771
2.02841 -1.29396
2.08088 -0.918247
2.00396 -1.5094
2.13753 -0.645553
2.00236 -2.0999
2.26131 0.0949063
2.93019 -2.42599
1.68419 -4.44729
1.75507 -1.65065
2.22397 -0.900126
1.95153 -1.64305
2.18412 -0.547817
2.02866 -2.39085
2.2778 0.451545
3.24708 -0.893138
1.21171 -1.98905
2.45993 -1.04439
2.20965 -3.15714
1.93414 -0.215927
2.43128 -3.04837
2.6201 -3.36612
2.36684 -5.18046
2.27146 -4.47772
2.72129 -4.52126
1.92628 -4.18199
1.77177 -1.57095
2.20076 -0.979262
1.96216 -1.43408
2.13082 -0.812799
1.9839 -1.71452
2.19191 -0.406
2.11804 -2.75628
2.18834 0.622149
3.27999 -0.864137
1.18278 -1.53485
2.37666 -1.78191
1.88398 -1.22617
2.1028 -1.26831
2.04867 -0.891189
2.01343 -1.59063
2.15364 -0.525227
2.0407 -2.40817
2.27056 0.470687
3.25118 -0.883958
1.20726 -1.93445
2.44699 -1.13805
2.07878 -2.89062
2.21082 0.775479
3.2792 -1.79357
1.21684 -1.29022
2.36274 -2.14996
1.88681 -0.95007
2.07095 -1.74837
2.16488 -0.268429
2.24406 -3.0102
1.92574 -0.317888
2.31682 -2.95658
1.82644 -1.24535
2.11918 -1.35591
2.05923 -0.756308
2.01136 -1.86366
2.21465 -0.183773
2.38968 -3.17584
2.368 -3.44998
2.7781 -3.16284
1.91843 -4.89076
2.93236 -3.52233
1.71499 -3.93237
2.12497 1.21509
2.95008 -4.5987
1.3772 -1.82662
2.35727 -1.21149
1.90491 -1.72598
2.21571 -0.518279
2.04808 -2.53093
2.26769 0.592483
3.27787 -1.17434
1.19859 -1.5406
2.37011 -1.76854
1.89 -1.16403
2.09069 -1.35792
2.07241 -0.765245
2.00597 -1.83371
2.21059 -0.227075
2.32335 -3.13117
1.83509 -1.9948
2.29706 -0.285968
2.38228 -3.21297
2.36258 -3.45009
2.72156 -3.26107
2.03252 -5.06368
2.6945 -4.34838
1.99651 -4.44545
2.76202 -3.29044
1.93878 -4.88724
2.92113 -3.60505
1.72666 -3.94138
2.1132 1.14299
3.05629 -4.1032
1.33332 -1.5657
2.31673 -1.6521
1.94445 -0.827991
2.05103 -1.87646
2.19946 -0.129445
2.45817 -3.18261
3.05639 -2.40174
1.54316 -3.6757
2.279 2.06513
1.4923 -5.38888
2.61454 -3.81926
2.15887 -5.04675
2.54484 -4.59467
2.15533 -4.67283
2.80615 -4.224
1.84047 -4.06792
1.90993 0.0456275
2.8657 -2.48029
1.77732 -4.78298
2.84699 -3.22396
1.82215 -4.55036
2.2952 -3.52816
2.17451 -3.29835
1.93596 -0.152838
2.51841 -3.04962
3.12285 -2.59843
1.42425 -2.94738
2.54152 1.04715
2.11439 -5.72385
2.23573 -4.14208
3.06012 -2.72334
1.53744 -3.49924
2.35395 2.016
1.4581 -5.28412
2.64844 -3.7404
2.10171 -5.00976
2.63728 -4.49261
2.05581 -4.51502
3.01487 -2.87643
1.60981 -3.77622
2.22951 1.85302
1.81007 -5.76754
2.35247 -4.05997
2.91886 -3.94959
1.66731 -3.6092
2.28069 1.83582
1.76848 -5.70741
2.43039 -4.06235
2.61295 -4.82734
2.02728 -4.28254
2.35986 -3.52762
2.86777 -2.97363
1.78776 -4.56881
2.22838 -3.47416
1.80347 -1.61696
2.20713 -0.853507
1.95813 -1.70564
2.19744 -0.456008
2.08233 -2.64545
2.23515 0.649668
3.28384 -1.21259
1.19595 -1.44418
2.36487 -1.91902
1.89384 -1.02124
2.07217 -1.6
2.13321 -0.451844
2.08277 -2.57499
2.23829 0.597771
3.27773 -1.01411
1.19169 -1.5622
2.37562 -1.73699
1.88541 -1.24645
2.10629 -1.23307
2.04023 -0.943972
2.01973 -1.49652
2.12962 -0.641912
2.00529 -2.10533
2.26074 0.104315
2.94317 -2.37722
1.6665 -4.38941
1.76331 -0.986241
2.11981 -1.94968
2.17092 -0.0232017
2.61311 -3.09233
2.62974 -4.93589
1.95038 -4.08369
1.78333 -1.07767
2.11172 -1.73563
2.14049 -0.265765
2.24286 -2.99274
1.93446 -0.275466
2.35546 -3.00322
1.86295 -2.2199
2.33609 0.0692359
3.04602 -1.96684
1.52904 -3.85565
2.20854 1.92707
1.73053 -5.71359
2.41399 -4.0385
2.70421 -4.65533
1.91714 -4.10879
1.79354 -0.878058
2.11597 -2.09396
2.19184 0.129789
2.89351 -2.521
1.7347 -4.61643
2.22247 -3.4777
1.80186 -1.51943
2.18281 -0.992929
1.97084 -1.38206
2.1165 -0.872592
1.98908 -1.58754
2.16047 -0.562729
2.02375 -2.32129
2.27616 0.37215
3.21283 -0.965892
1.25333 -2.41976
2.55524 -0.202395
3.22151 -2.112
1.27456 -1.98524
2.4351 -1.03032
2.09011 -2.90442
2.19642 0.74296
3.28828 -1.48391
1.20284 -1.29589
2.36902 -2.1446
1.87912 -1.02697
2.07718 -1.62013
2.13528 -0.422648
2.10144 -2.64744
2.21683 0.615518
3.27983 -0.966661
1.18797 -1.5347
2.37429 -1.78079
1.88606 -1.20064
2.09775 -1.30547
2.05839 -0.837819
2.00869 -1.68994
2.1781 -0.403651
2.11648 -2.73895
2.19225 0.621226
3.27995 -0.876836
1.18346 -1.53552
2.37642 -1.78069
1.8842 -1.22427
2.1024 -1.27091
2.04937 -0.887417
2.01302 -1.59746
2.15536 -0.516856
2.04449 -2.43079
2.26879 0.493944
3.25797 -0.90203
1.20206 -1.84359
2.42566 -1.28927
1.9479 -2.37752
2.32294 0.390352
3.24473 -0.987578
1.21943 -2.02204
2.46595 -0.985744
2.29801 -3.25909
1.83148 -2.00082
2.29933 -0.284101
2.3908 -3.21744
2.48008 -3.46037
3.01991 -3.51209
1.53179 -3.19721
2.46339 1.57214
1.73783 -5.57249
2.57668 -4.03035
2.18328 -5.00039
2.53162 -4.63274
2.16747 -4.67135
2.78234 -4.29924
1.86844 -4.11795
1.83265 -0.462503
2.28095 -2.83345
1.91236 -0.463947
2.19799 -2.71975
2.08887 0.289717
3.0798 -1.62099
1.46324 -3.65722
2.29296 2.20466
1.33825 -5.12114
2.4871 -3.74669
2.69317 -4.72704
1.91225 -4.07173
1.82342 -0.575575
2.20552 -2.64585
2.08944 0.256182
3.04103 -1.84168
1.52266 -3.9051
2.18953 1.84869
1.85804 -5.82033
2.27314 -4.03545
3.06809 -2.67564
1.52474 -3.45603
2.3743 1.99026
1.45703 -5.26753
2.65595 -3.72616
2.08865 -4.99735
2.66218 -4.45394
2.0283 -4.46892
2.93012 -2.95733
1.7206 -4.2615
1.83598 -0.319271
2.42821 -2.99159
2.46284 -3.45071
3.07889 -3.03908
1.47517 -3.07343
2.50871 1.33241
1.88794 -5.66559
2.45984 -4.14492
2.43681 -5.00302
2.23027 -4.53779
2.76954 -4.37872
1.87342 -4.10081
1.84194 -0.398233
2.33102 -2.9162
1.82345 -1.39709
2.15018 -1.12724
2.00205 -1.11463
2.05352 -1.23974
2.06141 -0.972093
2.01532 -1.42114
2.11345 -0.75121
1.99299 -1.84886
2.21866 -0.224552
2.33497 -3.14505
1.87346 -2.32642
2.34933 0.234318
3.19742 -1.14005
1.28364 -2.60231
2.57619 0.21923
2.92342 -4.44883
1.47427 -2.62331
2.5199 0.29217
3.1086 -3.4887
1.347 -2.05645
2.43014 -0.870699
2.18624 -3.09528
2.00473 0.11099
2.86965 -2.5123
1.77065 -4.74904
2.77324 -3.33854
1.91759 -4.81296
2.97123 -3.24882
1.66828 -3.8649
2.17874 1.54515
2.3527 -5.81949
1.76118 -3.34303
2.33644 1.59135
2.01441 -5.8167
2.21085 -4.05734
2.91859 -2.90506
1.72965 -4.34342
1.76692 -1.01497
2.11712 -1.88737
2.1634 -0.0911758
2.4932 -3.16227
3.12107 -2.49055
1.43325 -3.04078
2.52629 1.27289
1.89889 -5.66153
2.45939 -4.15286
2.43261 -5.00355
2.23515 -4.54389
2.75093 -4.42818
1.89594 -4.1415
1.79051 -0.889385
2.11594 -2.07809
2.19013 0.113514
2.8657 -2.60818
1.77862 -4.73265
2.75654 -3.35991
1.94355 -4.86948
2.92952 -3.56662
1.7157 -3.9167
2.13353 1.25625
2.88188 -4.85012
1.40755 -2.00098
2.39576 -0.912031
2.03062 -2.68093
2.27685 0.742551
3.25793 -2.13542
1.23668 -1.39694
2.34543 -1.97845
1.91788 -0.80159
2.0646 -1.98297
2.21074 0.00427716
2.70032 -2.99479
2.2004 -5.24597
2.43726 -4.51695
2.30927 -4.90001
2.39717 -4.7368
2.31743 -4.79674
2.41486 -4.79168
2.28622 -4.73969
2.48899 -4.78867
2.20142 -4.63
2.7475 -4.41121
1.90637 -4.17557
1.7714 -1.27175
2.13645 -1.42911
2.06543 -0.652311
2.02406 -2.09477
2.24976 0.107904
2.93072 -2.41843
1.68305 -4.44661
1.75452 -1.6357
2.22019 -0.92197
1.95263 -1.58822
2.17047 -0.61831
2.00301 -2.19491
2.27453 0.210703
3.09469 -1.66204
1.45062 -3.54304
2.34613 2.17437
1.31778 -5.03866
2.4047 -3.72237
3.05787 -3.15655
1.50579 -3.18833
2.47329 1.56885
1.71654 -5.54461
2.60101 -4.00341
2.1415 -4.96491
2.60624 -4.56515
2.08696 -4.54512
3.01507 -3.12881
1.59781 -3.61675
2.29437 1.9716
1.58091 -5.50085
2.59046 -3.90818
2.18892 -5.04498
2.5079 -4.62528
2.19515 -4.72457
2.67651 -4.54485
1.99568 -4.34073
2.37907 -3.54022
3.01257 -2.57776
1.60777 -3.92223
2.1694 1.59564
2.27765 -5.86849
1.8241 -3.48535
2.26124 1.49665
2.31253 -5.80975
1.84372 -3.5574
2.22511 1.39801
2.53967 -5.60204
1.63034 -2.99016
2.46921 1.14272
2.28097 -5.72878
2.00117 -3.89361
1.84923 -0.462164
2.26262 -2.81277
1.9536 -0.241137
2.37633 -3.03134
1.98564 -2.82605
2.29993 0.910033
3.1154 -3.62109
1.3208 -1.69788
2.3458 -1.45724
1.90601 -1.25927
2.10429 -1.17241
2.02962 -1.0414
2.03407 -1.32902
2.08677 -0.859312
1.99912 -1.62456
2.16617 -0.500209
2.05225 -2.4846
2.26434 0.545591
3.2702 -0.989462
1.19623 -1.67204
2.39046 -1.56407
1.88149 -1.57091
2.18155 -0.767307
1.97129 -1.85471
2.22753 -0.246655
2.31444 -3.13226
1.82203 -1.80077
2.25163 -0.569739
2.03318 -2.51104
2.27866 0.57929
3.27652 -1.19749
1.20053 -1.55667
2.37102 -1.74291
1.8893 -1.19252
2.09558 -1.31222
2.0607 -0.828963
2.00788 -1.70635
2.1821 -0.383887
2.13354 -2.79165
2.16519 0.577616
3.26664 -0.692743
1.18286 -1.71127
2.40378 -1.50593
1.88592 -1.79945
2.23817 -0.455534
2.1013 -2.74845
2.20739 0.666555
3.28677 -1.12724
1.19058 -1.41548
2.36707 -1.96475
1.89012 -1.02742
2.07381 -1.59637
2.1317 -0.455246
2.08093 -2.56576
2.24021 0.592971
3.27701 -1.00781
1.19191 -1.5731
2.37686 -1.71995
1.88462 -1.27313
2.11169 -1.19266
2.03029 -1.006
2.0293 -1.39216
2.10246 -0.774121
1.99501 -1.79968
2.20736 -0.283268
2.24848 -3.04318
1.90489 -0.43046
2.23105 -2.79466
2.01777 0.0483858
2.7568 -2.80957
2.03303 -5.16889
2.63878 -4.39224
2.06063 -4.58942
3.01013 -3.13323
1.60679 -3.65383
2.27794 1.94895
1.62769 -5.56791
2.54914 -3.96352
2.27486 -5.07316
2.39949 -4.63105
2.33867 -4.86068
2.36844 -4.75242
2.35333 -4.80614
2.36143 -4.78039
2.35641 -4.7925
2.36044 -4.78742
2.35614 -4.78864
2.36172 -4.7899
2.35384 -4.78644
2.36542 -4.79219
2.34837 -4.78295
2.37395 -4.79616
2.33633 -4.77488
2.39357 -4.80286
2.31034 -4.75397
2.44129 -4.80616
2.25357 -4.69418
2.57882 -4.71747
2.10307 -4.49031
3.0267 -3.01526
1.58416 -3.60068
2.30344 1.99506
1.54311 -5.44508
2.61488 -3.86018
2.1465 -5.02182
2.5713 -4.58082
2.12635 -4.62265
2.91076 -3.82388
1.71453 -3.8155
2.18428 1.49473
2.43208 -5.74912
1.69673 -3.17449
2.40972 1.45989
2.02421 -5.78203
2.24974 -4.10192
3.06292 -2.70204
1.53314 -3.48685
2.35992 2.01076
1.45569 -5.2759
2.64987 -3.73483
2.09983 -5.00923
2.64011 -4.48802
2.05275 -4.51023
3.01072 -2.8642
1.61636 -3.81248
2.21396 1.78763
1.92204 -5.84284
2.22389 -4.02402
2.92368 -2.88748
1.72333 -4.32396
1.78112 -0.805994
2.13816 -2.26627
2.18654 0.274335
3.08393 -1.66253
1.46262 -3.62422
2.30788 2.2004
1.32955 -5.09284
2.46101 -3.74104
2.8271 -4.36445
1.75331 -3.76497
2.18983 1.45314
2.49626 -5.67499
1.64871 -3.03382
2.45626 1.22906
2.20531 -5.76169
2.07708 -3.98334
1.8252 -2.18381
2.34092 -0.0410151
2.91612 -2.51539
1.7063 -4.49635
1.81475 -2.31923
2.36886 0.139536
3.1655 -1.33107
1.33768 -2.93902
2.56537 1.06709
1.9903 -5.68256
2.38776 -4.18731
2.64753 -4.74326
1.99421 -4.24908
2.03455 -3.10159
2.21305 0.934377
3.19723 -3.01644
1.27566 -1.39966
2.32729 -1.95487
1.9436 -0.65915
2.07917 -2.24263
2.23304 0.292942
3.13177 -1.40399
1.38593 -3.25317
2.47935 1.80362
1.46622 -5.20182
2.69307 -3.66011
2.02713 -4.92233
2.79941 -4.13628
1.86862 -4.18637
1.78362 -0.946628
2.11318 -1.98089
2.17994 0.0117018
2.68129 -3.01152
2.2849 -5.25175
2.34551 -4.48957
2.51321 -4.85621
2.16397 -4.52491
2.93421 -3.74329
1.6804 -3.72273
2.23387 1.73358
1.97838 -5.85594
2.17772 -4.00269
2.51427 -3.50103
2.81772 -4.42947
1.75076 -3.73764
2.20261 1.50525
2.39056 -5.77955
1.74044 -3.29932
2.35843 1.58111
1.98101 -5.79509
2.26284 -4.0899
3.06705 -2.76236
1.52317 -3.41371
2.3918 1.94123
1.48096 -5.29299
2.67081 -3.73231
2.05811 -4.94869
2.73691 -4.3094
1.94222 -4.3171
1.99598 -3.01295
2.26597 1.0206
3.04661 -4.06675
1.3502 -1.80923
2.36166 -1.26194
1.90109 -1.68037
2.20518 -0.58493
2.01343 -2.33795
2.28376 0.387192
3.22408 -0.934575
1.23841 -2.28318
2.52895 -0.492647
3.15677 -1.59233
1.36516 -3.00219
2.55007 1.21425
1.88195 -5.63563
2.49098 -4.14795
2.34323 -5.03189
2.33144 -4.62557
2.4618 -4.8493
2.22526 -4.62771
2.69457 -4.53922
1.96823 -4.27716
1.99416 -3.00115
2.26954 1.01884
3.04302 -4.08413
1.35221 -1.82296
2.36449 -1.23906
1.90266 -1.74414
2.22071 -0.498458
2.0617 -2.59353
2.25567 0.637725
3.28157 -1.29597
1.20066 -1.45948
2.36319 -1.89395
1.89623 -1.01528
2.07096 -1.60604
2.13506 -0.44507
2.08671 -2.59271
2.23403 0.605492
3.27882 -1.01874
1.19112 -1.546
2.37404 -1.76235
1.88649 -1.21057
2.0994 -1.28844
2.05419 -0.862376
2.0105 -1.64328
2.16681 -0.46089
2.07498 -2.58356
2.24478 0.614506
3.28033 -1.11586
1.19438 -1.51317
2.36942 -1.81245
1.89036 -1.12718
2.08503 -1.41947
2.0881 -0.682063
2.01016 -2.01268
2.24331 -0.00324041
2.73642 -2.94505
2.06955 -5.17767
2.59627 -4.45317
2.10575 -4.65963
2.91123 -3.8055
1.71699 -3.83053
2.17647 1.4568
2.5064 -5.66788
1.6356 -2.98665
2.46761 1.13682
2.29562 -5.72244
1.98409 -3.86895
1.89331 -0.166237
2.55542 -3.01307
3.04067 -3.45251
1.49514 -3.04088
2.50858 1.25165
1.98707 -5.71585
2.35524 -4.16427
2.7921 -4.40172
1.82037 -3.94762
2.03734 0.686861
3.30001 -0.674221
1.16197 -1.23747
2.40037 -2.23343
1.84869 -1.52594
2.17629 -0.891853
1.96811 -1.57649
2.16365 -0.609033
2.00689 -2.20972
2.27437 0.231613
3.11446 -1.54504
1.41805 -3.39391
2.41767 2.03472
1.35815 -5.0576
2.49786 -3.71992
2.66844 -4.78273
1.94035 -4.11611
1.77667 -1.20233
2.12497 -1.53247
2.09282 -0.514933
2.05938 -2.41214
2.25735 0.470969
3.24714 -0.85101
1.20915 -1.98611
2.46014 -1.04995
2.20674 -3.15327
1.94151 -0.177275
2.476 -3.059
3.04865 -2.40326
1.55392 -3.73286
2.25461 2.01743
1.57117 -5.51314
2.57012 -3.91488
2.23846 -5.07312
2.44067 -4.63354
2.27786 -4.82301
2.46583 -4.76517
2.23015 -4.68906
2.63176 -4.64024
2.04414 -4.40567
2.86833 -3.07873
1.79222 -4.51916
2.06165 -3.20934
2.15385 0.786519
3.29221 -1.53457
1.20236 -1.21312
2.38509 -2.26645
1.8536 -1.29448
2.12248 -1.22186
2.03108 -0.957107
2.02388 -1.48236
2.12498 -0.655828
2.00344 -2.07069
2.25616 0.0604362
2.8674 -2.6327
1.7764 -4.71386
2.70427 -3.42955
2.04056 -5.02626
2.70757 -4.34034
1.98008 -4.40509
2.53609 -3.52992
2.66706 -4.81199
1.93071 -4.08422
1.79703 -0.852668
2.11823 -2.13718
2.19447 0.172337
2.9606 -2.27539
1.64015 -4.3175
1.8344 -0.271259
2.49252 -3.00197
3.08362 -2.30519
1.50052 -3.4924
2.36314 2.0596
1.40404 -5.18635
2.60752 -3.71814
2.21485 -5.11216
2.45738 -4.60566
2.25992 -4.82139
2.49505 -4.74955
2.19862 -4.65063
2.73426 -4.43876
1.92348 -4.20866
1.77821 -1.77236
2.25212 -0.689596
1.98129 -2.21372
2.28786 0.214249
3.1142 -1.55741
1.41934 -3.39527
2.41691 2.03533
1.3586 -5.05912
2.49972 -3.71993
2.65912 -4.80114
1.95155 -4.13414
1.77304 -1.49216
2.18126 -1.08928
1.9818 -1.20248
2.075 -1.12666
2.03254 -1.13469
2.04796 -1.16456
2.04852 -1.09745
2.03657 -1.20897
2.06069 -1.03909
2.02371 -1.29882
2.08336 -0.916937
2.003 -1.51039
2.13805 -0.645536
2.00223 -2.1002
2.26142 0.0951498
2.93075 -2.42402
1.68344 -4.44484
1.75411 -1.62088
2.21644 -0.943436
1.95429 -1.53567
2.15723 -0.685946
1.98899 -2.01684
2.25331 -0.0213665
2.72324 -2.97343
2.11067 -5.20543
2.54243 -4.49552
2.16508 -4.754
2.71217 -4.45634
1.95673 -4.28596
1.96958 -2.93068
2.29941 1.01342
2.99628 -4.30336
1.37772 -1.97962
2.39877 -0.972452
2.00609 -2.59294
2.29776 0.67119
3.26699 -1.87363
1.22671 -1.43758
2.35042 -1.91902
1.9118 -0.875993
2.06197 -1.8424
2.18765 -0.161814
2.39769 -3.16593
2.44615 -3.46202
3.10182 -2.73267
1.45704 -3.08399
2.51169 1.36456
1.84053 -5.63098
2.5092 -4.11824
2.30963 -5.03851
2.36764 -4.6428
2.38728 -4.86341
2.30842 -4.71558
2.46097 -4.81467
2.23027 -4.65732
2.65725 -4.60543
2.01327 -4.35296
2.54268 -3.52036
2.64067 -4.86385
1.96191 -4.13357
1.77602 -1.62812
2.21462 -0.89115
1.95473 -1.64041
2.18265 -0.546105
2.02943 -2.39275
2.2774 0.45374
3.2477 -0.893006
1.2111 -1.98089
2.45795 -1.05852
2.18703 -3.12187
1.9927 0.0660762
2.80737 -2.68257
1.89729 -5.00335
2.87265 -3.77456
1.79198 -4.10094
1.93111 0.195202
3.04876 -1.70193
1.5016 -3.86679
2.2058 1.96673
1.68059 -5.6672
2.45642 -4.01526
2.55594 -4.9188
2.091 -4.36276
2.95337 -2.87916
1.69125 -4.16647
1.95637 0.399761
3.20581 -0.583144
1.23082 -2.4416
2.56737 -0.148006
3.18957 -2.6455
1.30162 -2.00036
2.42966 -0.991685
2.09228 -2.90364
2.19417 0.735676
3.28929 -1.42552
1.20033 -1.30162
2.36953 -2.13647
1.87904 -1.03267
2.07765 -1.60988
2.13287 -0.435299
2.09329 -2.61525
2.22681 0.61071
3.27939 -0.999489
1.18982 -1.53909
2.3739 -1.77346
1.8865 -1.20126
2.09775 -1.30357
2.058 -0.840634
2.00884 -1.68445
2.1768 -0.410426
2.11098 -2.72081
2.2003 0.629716
3.28187 -0.939573
1.18528 -1.50634
2.37302 -1.82552
1.88666 -1.15829
2.0906 -1.37429
2.07595 -0.741917
2.00659 -1.88295
2.22046 -0.165591
2.42432 -3.18923
2.81891 -3.0606
1.85358 -4.76028
2.93571 -3.06485
1.71912 -4.18377
1.9164 0.170278
3.03202 -1.78667
1.52571 -3.96878
2.16259 1.68992
2.12843 -5.91078
1.96675 -3.74551
2.01439 0.441009
3.21281 -0.607408
1.22585 -2.36906
2.55383 -0.309685
3.22695 -1.77231
1.26763 -2.09769
2.46887 -0.840019
2.46565 -3.31435
3.11394 -2.52447
1.44536 -3.09695
2.51208 1.40068
1.79801 -5.5966
2.55045 -4.08394
2.22369 -5.01455
2.47452 -4.66078
2.23103 -4.75582
2.58207 -4.69051
2.10274 -4.5051
3.0225 -3.07362
1.58799 -3.59499
2.305 1.98754
1.54971 -5.45305
2.61304 -3.86698
2.14881 -5.02198
2.56818 -4.58432
2.12964 -4.62738
2.90045 -3.87141
1.7267 -3.8405
2.16758 1.40192
2.61043 -5.51513
1.56044 -2.71923
2.50151 0.548897
2.94438 -4.41503
1.441 -2.43099
2.49763 -0.127314
3.22205 -1.38202
1.26442 -2.28353
2.5198 -0.490745
3.13089 -1.69843
1.40738 -3.23509
2.48204 1.7429
1.51717 -5.2818
2.71366 -3.69991
1.99094 -4.82574
2.92022 -3.66289
1.72154 -3.89963
2.13999 1.27992
2.83955 -4.98531
1.42786 -2.1128
2.42137 -0.712327
2.29839 -3.22726
1.82216 -1.86016
2.26683 -0.490037
2.09789 -2.76459
2.20902 0.681971
3.28768 -1.21206
1.19348 -1.38615
2.36621 -2.00918
1.88967 -1.00462
2.07228 -1.63931
2.14162 -0.401991
2.11564 -2.70156
2.19739 0.609295
3.27759 -0.861535
1.18429 -1.56923
2.37978 -1.72806
1.88232 -1.29959
2.11758 -1.15623
2.02127 -1.06377
2.03984 -1.30026
2.07865 -0.895056
2.00332 -1.55693
2.14895 -0.582962
2.018 -2.2602
2.27395 0.298822
3.1679 -1.2134
1.32625 -2.9167
2.57055 1.01542
2.02818 -5.69201
2.35018 -4.18917
2.78235 -4.42563
1.83361 -3.97609
2.00081 0.505243
3.24626 -0.390975
1.17812 -1.91614
2.45403 -1.17384
2.09267 -2.93416
2.18804 0.736797
3.29031 -1.39676
1.19876 -1.29546
2.37113 -2.14603
1.87648 -1.05399
2.08025 -1.57659
2.12452 -0.475985
2.07028 -2.51125
2.25026 0.558474
3.27111 -0.953434
1.19374 -1.66049
2.38945 -1.58293
1.88097 -1.53951
2.17378 -0.811287
1.97009 -1.74615
2.20349 -0.38581
2.13956 -2.82571
2.15198 0.556424
3.25848 -0.645628
1.1863 -1.81457
2.42514 -1.34006
1.93391 -2.29878
2.32083 0.272804
3.19167 -1.13027
1.29025 -2.6663
2.58089 0.376799
2.73602 -5.04853
1.61654 -3.11114
2.45519 1.37607
2.00508 -5.75226
2.30103 -4.13591
2.99502 -3.5152
1.58898 -3.44482
2.36411 1.89849
1.56787 -5.4389
2.63998 -3.85572
2.09605 -4.96034
2.67477 -4.44822
2.01248 -4.43184
2.79761 -3.22566
1.88366 -4.77081
2.96735 -3.06059
1.67893 -4.00072
2.10152 1.13982
3.06672 -4.05205
1.32842 -1.5256
2.31313 -1.7189
1.9532 -0.739758
2.05655 -2.04761
2.22517 0.0743195
2.84077 -2.69584
1.82184 -4.82637
2.94124 -3.1107
1.71373 -4.13085
1.97373 0.470765
3.23673 -0.392231
1.18593 -2.03356
2.48232 -0.969649
2.44018 -3.32633
3.08077 -2.3827
1.50615 -3.48678
2.36468 2.04653
1.41464 -5.20364
2.6207 -3.71726
2.17684 -5.08996
2.50749 -4.59832
2.19799 -4.74598
2.65365 -4.58142
2.02302 -4.38742
2.72178 -3.34515
2.01512 -5.01399
2.7472 -4.24491
1.93508 -4.32921
2.00117 -3.02919
2.25868 1.01595
3.06343 -3.97688
1.3418 -1.75904
2.35217 -1.34627
1.9009 -1.46597
2.15181 -0.876233
1.9766 -1.58826
2.16419 -0.580336
2.01658 -2.2815
2.2769 0.322957
3.18592 -1.10786
1.29588 -2.72806
2.58327 0.533
2.54274 -5.42292
1.79406 -3.57014
2.24724 1.54203
2.26186 -5.8415
1.88548 -3.63455
2.16533 1.14591
3.01317 -4.29643
1.35515 -1.74026
2.34313 -1.3638
1.90566 -1.36732
2.12761 -1.0092
1.99543 -1.32005
2.09608 -0.924781
1.99908 -1.48815
2.13394 -0.681173
1.99591 -2.01342
2.24976 -0.0176348
2.72298 -2.97241
2.11207 -5.2066
2.54057 -4.49638
2.16723 -4.75729
2.7052 -4.47118
1.965 -4.30003
2.04761 -3.1397
2.19009 0.880367
3.24869 -2.4315
1.2447 -1.27615
2.3506 -2.1629
1.90304 -0.811793
2.07025 -1.99171
2.20887 0.0169853
2.7204 -2.96002
2.12714 -5.21876
2.52087 -4.50381
2.1906 -4.7914
2.63405 -4.59886
2.0477 -4.43545
2.93401 -2.94011
1.71552 -4.24787
1.8534 -0.197388
2.56798 -2.98608
3.00107 -3.70778
1.53207 -3.13892
2.47796 1.45423
1.83701 -5.64922
2.49223 -4.11411
2.35855 -5.03916
2.31312 -4.60626
2.51079 -4.82151
2.17215 -4.55997
2.88347 -3.97284
1.741 -3.85282
2.15466 1.32188
2.7582 -5.20736
1.471 -2.33458
2.46727 -0.287786
3.08161 -1.88695
1.48321 -3.6154
2.31057 2.16536
1.35969 -5.14726
2.53201 -3.74231
2.48401 -5.04517
2.15869 -4.41217
3.02634 -3.1307
1.57556 -3.51887
2.33823 1.97668
1.51953 -5.38885
2.64282 -3.81132
2.09868 -4.98086
2.6582 -4.47023
2.03176 -4.46836
2.93851 -2.93926
1.7106 -4.22386
1.88195 -0.0175817
2.80448 -2.63946
1.91025 -5.03829
2.8388 -3.90602
1.83319 -4.17997
1.81527 -0.571393
2.21606 -2.66797
2.06959 0.196788
2.96566 -2.19118
1.62768 -4.30775
1.85183 -0.145365
2.64875 -2.91172
2.54684 -5.08394
2.04014 -4.20241
2.1447 -3.31318
1.98485 0.10373
2.87487 -2.48653
1.76143 -4.73026
2.70602 -3.43161
2.03603 -5.01898
2.71795 -4.31932
1.96813 -4.38356
2.37728 -3.54465
3.00878 -2.58897
1.61293 -3.94289
2.15843 1.52874
2.4028 -5.78781
1.70838 -3.19724
2.39937 1.48683
2.01438 -5.78474
2.25371 -4.10012
3.06481 -2.72289
1.52902 -3.45811
2.37261 1.98717
1.46243 -5.2775
2.65754 -3.73092
2.0844 -4.98977
2.67262 -4.43733
2.01649 -4.44815
2.85352 -3.11824
1.81042 -4.57097
2.32801 -3.55148
2.60592 -3.4098
2.40471 -5.15559
2.2316 -4.44973
2.85896 -4.10692
1.76128 -3.872
2.13327 1.19526
2.9724 -4.50059
1.36888 -1.78718
2.3499 -1.27959
1.90285 -1.55023
2.17218 -0.756006
1.97493 -1.8686
2.22929 -0.224087
2.34797 -3.1601
1.94763 -2.70222
2.33376 0.798074
3.16354 -3.22036
1.29867 -1.63931
2.34249 -1.56409
1.91257 -1.10332
2.07588 -1.41603
2.09112 -0.693437
2.00728 -1.98519
2.23973 -0.0396772
2.66605 -3.05799
2.33753 -5.23478
2.28996 -4.4617
2.68549 -4.60595
1.96742 -4.24637
1.91351 -2.72827
2.35338 0.825641
3.10224 -3.6727
1.33175 -1.80588
2.36712 -1.28189
1.89938 -1.69879
2.21016 -0.563712
2.0233 -2.40278
2.28195 0.463983
3.25261 -0.913254
1.20759 -1.91634
2.44206 -1.16826
2.04236 -2.78255
2.25934 0.80654
3.24241 -2.42677
1.24911 -1.38521
2.33975 -1.99137
1.9257 -0.744561
2.06901 -2.08882
2.22346 0.126084
2.92147 -2.4394
1.69499 -4.49116
1.79524 -2.17831
2.34808 -0.0978143
2.85406 -2.71402
1.79863 -4.74969
2.83554 -3.23172
1.83523 -4.59862
2.54036 -3.55588
2.61758 -4.89968
1.99173 -4.1819
1.86618 -2.5003
2.37181 0.475856
3.26356 -1.63909
1.22511 -1.6158
2.36847 -1.64164
1.89155 -1.253
2.10621 -1.21053
2.03593 -0.979422
2.0245 -1.43442
2.11367 -0.720834
1.99605 -1.91765
2.2316 -0.135414
2.488 -3.1937
3.11963 -2.50109
1.43554 -3.04996
2.52405 1.294
1.88194 -5.65224
2.47529 -4.14445
2.38982 -5.02424
2.28074 -4.58491
2.59977 -4.72436
2.07384 -4.42616
2.98556 -2.83559
1.65117 -3.99369
2.11853 1.26111
2.88582 -4.84365
1.40361 -1.96781
2.38759 -0.968086
1.9849 -2.48355
2.30978 0.546557
3.27326 -1.3071
1.20722 -1.58195
2.37125 -1.70128
1.88927 -1.22806
2.10196 -1.25469
2.0463 -0.912376
2.01539 -1.55116
2.14378 -0.574513
2.02196 -2.27726
2.27334 0.32075
3.18199 -1.1269
1.30217 -2.7704
2.58275 0.640657
2.41677 -5.57267
1.9245 -3.81888
2.01797 0.499429
3.24074 -0.443606
1.18664 -1.99898
2.47263 -1.03072
2.30768 -3.27222
1.86378 -2.28754
2.3471 0.165684
3.15279 -1.3803
1.3577 -3.06172
2.54065 1.373
1.74092 -5.52422
2.61911 -4.01515
2.10785 -4.91204
2.68958 -4.44075
1.99313 -4.38632
2.54336 -3.52386
2.63343 -4.87648
1.97082 -4.14768
1.7881 -1.8779
2.27801 -0.528291
2.07982 -2.71894
2.23177 0.700697
3.28429 -1.46363
1.2046 -1.36602
2.36169 -2.03734
1.89425 -0.947454
2.06824 -1.73786
2.16407 -0.283105
2.22722 -2.98242
1.96869 -0.101763
2.55735 -3.04807
3.00781 -3.65881
1.52781 -3.13411
2.48038 1.44586
1.84004 -5.65
2.49071 -4.11615
2.36177 -5.03813
2.30972 -4.60399
2.51962 -4.81433
2.16259 -4.54755
2.91525 -3.83148
1.70354 -3.77475
2.20581 1.60006
2.22726 -5.87287
1.8947 -3.63817
2.15613 1.09874
3.08109 -3.93621
1.32612 -1.57155
2.32041 -1.64887
1.94009 -0.854683
2.05156 -1.8299
2.19033 -0.184754
2.36585 -3.15175
2.06561 -3.06299
2.19007 0.828359
3.27165 -2.03318
1.22622 -1.25245
2.36403 -2.20453
1.88111 -0.972926
2.07357 -1.71673
2.1572 -0.305161
2.20213 -2.93196
2.03191 0.163724
2.93276 -2.30542
1.67231 -4.46694
1.75885 -1.76295
2.25297 -0.738532
1.96733 -2.09791
2.27656 0.0537951
2.89607 -2.55181
1.73284 -4.59184
2.1246 -3.34198
2.00665 0.219192
3.02369 -1.88441
1.5432 -4.0112
2.1399 1.52471
2.42742 -5.77262
1.67995 -3.10867
2.43078 1.36082
2.10236 -5.7836
2.17624 -4.06565
2.71516 -3.31897
2.03666 -5.05326
2.69574 -4.35191
1.99461 -4.43829
2.73188 -3.3373
1.99354 -4.98064
2.79683 -4.11094
1.87627 -4.22082
1.76795 -1.30805
2.14344 -1.37819
2.05139 -0.724085
2.01746 -1.94226
2.22736 -0.0811486
2.5734 -3.15087
2.82922 -4.43632
1.71933 -3.6387
2.25336 1.70202
1.99877 -5.85297
2.16958 -4.00317
2.44097 -3.51679
3.09087 -2.87462
1.46757 -3.09002
2.50755 1.3737
1.84297 -5.63541
2.5043 -4.11971
2.3219 -5.03934
2.35379 -4.63516
2.41476 -4.86342
2.27671 -4.68477
2.53775 -4.76855
2.147 -4.54677
2.94472 -3.67672
1.6703 -3.70857
2.24217 1.7737
1.90781 -5.82186
2.26002 -4.04939
3.05935 -2.64189
1.5407 -3.54967
2.3322 2.0473
1.45295 -5.29151
2.63753 -3.75105
2.12362 -5.03237
2.59645 -4.54308
2.10023 -4.58917
2.97809 -3.44217
1.63736 -3.66475
2.26721 1.88116
1.72655 -5.67762
2.46016 -4.04131
2.51799 -4.95828
2.13574 -4.42062
3.03532 -2.97041
1.57095 -3.55858
2.32306 2.00505
1.50826 -5.38273
2.63678 -3.80838
2.11165 -4.99915
2.6296 -4.51121
2.06356 -4.52272
3.02066 -2.91554
1.59955 -3.71138
2.25666 1.93676
1.66765 -5.62484
2.50374 -4.00288
2.3925 -5.05614
2.27164 -4.5547
2.64755 -4.65488
2.01775 -4.33958
2.52043 -3.52963
2.75351 -4.61248
1.82733 -3.89821
2.06715 0.815896
3.30318 -1.44662
1.19447 -1.07427
2.44001 -2.44588
1.95211 -2.62911
2.33234 0.711332
3.2246 -2.57478
1.26258 -1.52023
2.3399 -1.77253
1.92329 -0.881415
2.05736 -1.80851
2.18339 -0.205812
2.33147 -3.12362
1.85068 -2.14951
2.32667 -0.047984
2.86256 -2.67941
1.78477 -4.72019
2.74319 -3.37665
1.966 -4.91313
2.87851 -3.8219
1.77685 -4.02867
2.01234 0.608662
3.28267 -0.412662
1.15544 -1.44356
2.38397 -1.92786
1.87401 -1.24097
2.10776 -1.26469
2.04584 -0.894656
2.01456 -1.58672
2.15235 -0.52887
2.03917 -2.39786
2.27113 0.459759
3.24764 -0.879747
1.21038 -1.98108
2.45829 -1.05833
2.1892 -3.12556
1.98711 0.0412551
2.77172 -2.76425
1.99135 -5.13017
2.70226 -4.28665
1.99134 -4.4668
2.7972 -3.2323
1.88418 -4.76904
2.96723 -3.05841
1.67909 -4.00258
2.10024 1.13304
3.07578 -4.00099
1.32477 -1.50367
2.31207 -1.75636
1.9569 -0.698744
2.06231 -2.13095
2.23293 0.171032
2.99764 -2.13646
1.59172 -4.13162
2.04718 0.942928
3.26408 -2.39591
1.23614 -1.05503
2.42487 -2.47274
1.89485 -2.33058
2.34149 0.268391
3.20743 -1.08518
1.26766 -2.48723
2.56362 -0.0515623
3.16429 -2.94987
1.31854 -2.02646
2.43114 -0.938689
2.13592 -3.00387
2.11725 0.531901
3.24736 -0.589029
1.19176 -1.94943
2.45722 -1.11561
2.14382 -3.04665
2.0933 0.461564
3.21415 -0.705112
1.2325 -2.37333
2.55244 -0.301576
3.2273 -1.76486
1.26709 -2.09599
2.4686 -0.843205
2.45997 -3.31501
3.11196 -2.4522
1.45166 -3.16055
2.49506 1.54254
1.68963 -5.50116
2.63591 -3.96034
2.08773 -4.90307
2.72715 -4.35726
1.95011 -4.31525
2.02502 -3.08846
2.22527 0.965072
3.1594 -3.3452
1.29513 -1.49513
2.32354 -1.79175
1.94435 -0.743487
2.06012 -2.0557
2.22428 0.0853281
2.85776 -2.64704
1.7921 -4.75875
2.83741 -3.23167
1.83311 -4.59021
2.50005 -3.5714
2.81802 -4.41886
1.75427 -3.7514
2.19523 1.47218
2.45672 -5.71875
1.68188 -3.1361
2.42443 1.40555
2.05844 -5.78182
2.22135 -4.09263
3.00981 -2.69099
1.61549 -3.89745
2.17874 1.63146
2.20781 -5.89066
1.89709 -3.63377
2.15615 1.09499
3.08555 -3.90945
1.32426 -1.56156
2.31965 -1.66595
1.94207 -0.832346
2.05175 -1.87193
2.19827 -0.134272
2.44931 -3.18192
3.011 -2.53324
1.60754 -3.94779
2.15745 1.53154
2.39901 -5.79159
1.71102 -3.20417
2.39654 1.49485
2.01055 -5.7851
2.25607 -4.10016
3.06564 -2.74044
1.52679 -3.44012
2.38041 1.96964
1.4691 -5.28249
2.66297 -3.73049
2.07349 -4.97392
2.69788 -4.39165
1.9877 -4.39799
2.55474 -3.51876
2.57687 -4.96856
2.0383 -4.24494
2.28932 -3.48419
2.02684 -2.99528
2.24271 0.943862
3.16035 -3.3236
1.29548 -1.51731
2.32565 -1.75665
1.94011 -0.78763
2.05618 -1.96914
2.21314 -0.0165708
2.66656 -3.04628
2.34221 -5.23484
2.28429 -4.45684
2.70638 -4.56147
1.94245 -4.20539
1.79496 -1.99836
2.30701 -0.35156
2.31418 -3.17471
1.83214 -1.97619
2.29334 -0.316284
2.32988 -3.18014
1.87851 -2.3657
2.35261 0.296659
3.22823 -1.04566
1.24056 -2.23476
2.51581 -0.589645
3.05764 -2.0524
1.52314 -3.76105
2.2461 2.05722
1.53295 -5.46799
2.5832 -3.87917
2.21773 -5.07239
2.46484 -4.62914
2.24677 -4.79415
2.53057 -4.73296
2.15972 -4.59261
2.87659 -3.99063
1.75151 -3.88093
2.13407 1.21185
2.94795 -4.6028
1.37915 -1.84555
2.36161 -1.18061
1.90799 -1.81866
2.2376 -0.392271
2.15611 -2.893
2.11596 0.470621
3.21894 -0.707663
1.22771 -2.31836
2.54141 -0.418968
3.20471 -1.49172
1.29181 -2.48182
2.55468 -0.0668635
3.193 -2.62891
1.2976 -1.96531
2.42134 -1.05161
2.02753 -2.70475
2.27788 0.765972
3.24778 -2.31463
1.24514 -1.40657
2.34144 -1.9597
1.92364 -0.773923
2.06538 -2.02998
2.21748 0.0584333
2.80354 -2.78939
1.89607 -4.97011
2.89567 -3.67867
1.76315 -4.0421
2.01303 0.623662
3.28712 -0.442688
1.155 -1.38849
2.3847 -2.01174
1.8699 -1.23196
2.10701 -1.28748
2.05074 -0.860466
2.01165 -1.6506
2.1681 -0.450025
2.08196 -2.61212
2.23739 0.626744
3.28178 -1.12215
1.19364 -1.49077
2.36808 -1.84745
1.89137 -1.09186
2.08008 -1.4785
2.10315 -0.604925
2.02271 -2.19143
2.26354 0.221048
3.09224 -1.66821
1.45392 -3.56134
2.33737 2.18321
1.31836 -5.04708
2.41238 -3.72606
3.03593 -3.33905
1.5271 -3.23015
2.45538 1.63862
1.682 -5.51915
2.61889 -3.96535
2.11585 -4.94555
2.65517 -4.49378
2.03318 -4.45857
2.92801 -2.95915
1.72295 -4.27196
1.82428 -0.406898
2.34442 -2.91967
1.82449 -1.67767
2.21923 -0.730391
1.96972 -2.01364
2.26048 -0.0491999
2.68887 -3.03345
2.23532 -5.24735
2.40041 -4.51331
2.37783 -4.91516
2.31154 -4.68557
2.46961 -4.82221
2.21964 -4.63685
2.69927 -4.52603
1.9634 -4.27129
1.95801 -2.89161
2.31266 0.992913
2.99585 -4.29787
1.37966 -2.00059
2.40406 -0.937296
2.0384 -2.71819
2.26825 0.76521
3.25484 -2.20995
1.23948 -1.38506
2.3443 -1.99584
1.91918 -0.783938
2.06613 -2.01756
2.2152 0.0446251
2.77679 -2.85061
1.95897 -5.06467
2.77577 -4.12515
1.90638 -4.30529
1.85251 -2.46209
2.37413 0.403839
3.26239 -1.35011
1.21806 -1.73236
2.39328 -1.4619
1.88711 -1.72083
2.21832 -0.556608
2.0282 -2.44089
2.28044 0.506197
3.26402 -0.973531
1.20055 -1.7598
2.40654 -1.42426
1.89577 -1.93328
2.26758 -0.263768
2.35061 -3.18139
1.99007 -2.85652
2.29344 0.931042
3.10418 -3.70215
1.32571 -1.71433
2.34759 -1.42806
1.90406 -1.31227
2.11574 -1.09451
2.01183 -1.16846
2.06027 -1.13626
2.03931 -1.13151
2.04529 -1.16174
2.04886 -1.10499
2.03771 -1.19575
2.05773 -1.05876
2.02752 -1.26672
2.07533 -0.96053
2.0094 -1.43144
2.1176 -0.744825
1.99221 -1.86316
2.22196 -0.207763
2.36259 -3.16574
2.05984 -3.05037
2.19922 0.850947
3.25844 -2.26507
1.23741 -1.27677
2.35423 -2.16445
1.89765 -0.851877
2.06903 -1.92026
2.19795 -0.0658357
2.56256 -3.14615
2.89856 -4.18306
1.64316 -3.45321
2.34559 1.83433
1.67142 -5.57643
2.56011 -3.98817
2.23507 -5.05099
2.45032 -4.64603
2.26303 -4.80217
2.4988 -4.75552
2.19378 -4.63872
2.75646 -4.38433
1.89646 -4.16029
1.78043 -1.03724
2.1116 -1.81602
2.15511 -0.171937
2.36568 -3.13373
2.03698 -2.98949
2.23449 0.916132
3.19257 -3.04235
1.27876 -1.4386
2.32681 -1.89147
1.94336 -0.693644
2.07036 -2.16653
2.23187 0.212041
3.04825 -1.88959
1.52 -3.85166
2.21072 1.95311
1.69394 -5.6778
2.44854 -4.02254
2.58025 -4.88454
2.06323 -4.32746
2.76085 -3.27546
1.94207 -4.9007
2.9093 -3.66614
1.74104 -3.96829
2.08688 0.99885
3.21741 -2.92814
1.26306 -1.18896
2.35852 -2.2885
1.88109 -0.927871
2.07293 -1.80347
2.1747 -0.200903
2.33334 -3.12055
1.85433 -2.17985
2.33148 1.33537e-05
2.94754 -2.39654
1.66352 -4.35979
1.78363 -0.717266
2.16646 -2.44058
2.15876 0.345036
3.14054 -1.28304
1.36548 -3.17642
2.50884 1.65019
1.54814 -5.30789
2.7235 -3.71995
1.97661 -4.77799
2.9643 -3.39597
1.6695 -3.80871
2.20263 1.64777
2.15319 -5.89064
1.96812 -3.76034
2.00188 0.385008
3.18247 -0.823284
1.27695 -2.73667
2.58903 0.565631
2.4709 -5.51262
1.87094 -3.72749
2.13219 1.04313
3.15842 -3.42376
1.29193 -1.36915
2.31997 -1.99346
1.95436 -0.583185
2.09914 -2.39471
2.22534 0.42931
3.21834 -0.867072
1.24021 -2.34698
2.54372 -0.359564
3.21864 -1.54107
1.27426 -2.29281
2.5187 -0.470939
3.13719 -1.66613
1.39683 -3.1818
2.50129 1.63328
1.5814 -5.36136
2.70933 -3.78106
1.99352 -4.78943
2.94425 -3.53927
1.69164 -3.83775
2.183 1.52663
2.37919 -5.7974
1.74035 -3.29193
2.36055 1.57411
1.9862 -5.79584
2.25857 -4.08895
3.06604 -2.72467
1.52671 -3.44601
2.37803 1.97656
1.46554 -5.27854
2.66082 -3.72945
2.07798 -4.98101
2.68702 -4.41188
2.00016 -4.41987
2.70262 -3.37675
2.05628 -5.06293
2.66621 -4.40901
2.02718 -4.49218
2.95817 -2.90691
1.68702 -4.12757
1.99698 0.607438
3.28448 -0.386694
1.15291 -1.41261
2.3851 -1.97534
1.87118 -1.24316
2.10879 -1.26694
2.04584 -0.890855
2.01438 -1.5943
2.15418 -0.519219
2.04347 -2.42372
2.26926 0.486755
3.25593 -0.894649
1.20349 -1.8711
2.432 -1.24401
1.9775 -2.53232
2.31588 0.60198
3.27096 -1.64933
1.2192 -1.49671
2.35688 -1.8297
1.90394 -0.989273
2.06671 -1.63852
2.14396 -0.407278
2.11159 -2.69079
2.20277 0.615051
3.27912 -0.901145
1.18525 -1.54723
2.37682 -1.76203
1.88413 -1.24148
2.10562 -1.24354
2.04256 -0.92799
2.01771 -1.52474
2.13686 -0.606616
2.0129 -2.19403
2.26922 0.217356
3.09502 -1.65622
1.44977 -3.54099
2.34715 2.17393
1.31717 -5.03659
2.4018 -3.72131
3.06474 -3.09115
1.49937 -3.17865
2.47769 1.55251
1.7236 -5.54902
2.59756 -4.01074
2.14649 -4.96823
2.59731 -4.57615
2.09662 -4.56032
3.00082 -3.27429
1.61183 -3.62183
2.2895 1.94507
1.6183 -5.54991
2.56347 -3.9505
2.24147 -5.06478
2.4393 -4.63898
2.27877 -4.82087
2.46527 -4.76643
2.23066 -4.68897
2.63075 -4.64198
2.04528 -4.40731
2.87612 -3.06213
1.78301 -4.48927
1.94266 -2.89019
2.32333 1.00363
2.95865 -4.45965
1.39975 -2.10833
2.42833 -0.744418
2.30085 -3.23393
1.8278 -1.94546
2.28691 -0.365407
2.25214 -3.09606
1.87808 -0.592819
2.14846 -2.5105
2.17614 0.430778
3.20456 -0.8733
1.25616 -2.50673
2.57085 -0.00333131
3.11621 -3.37298
1.35041 -2.13846
2.45202 -0.729004
2.46989 -3.30308
3.11431 -2.55445
1.44328 -3.07375
2.51746 1.34711
1.84223 -5.62861
2.51098 -4.11969
2.30429 -5.03728
2.37388 -4.64631
2.3755 -4.86152
2.32268 -4.72787
2.43121 -4.82063
2.26337 -4.69689
2.55698 -4.74327
2.1269 -4.52324
2.99319 -3.36676
1.61632 -3.60701
2.29433 1.93731
1.62155 -5.55083
2.56438 -3.95222
2.23836 -5.06285
2.44339 -4.63973
2.27314 -4.81545
2.47637 -4.76346
2.21836 -4.67285
2.6705 -4.57471
1.99912 -4.33467
2.37723 -3.53902
3.0021 -2.60694
1.62183 -3.97924
2.13735 1.40054
2.64305 -5.46888
1.53085 -2.58701
2.49785 0.252671
3.19289 -2.73705
1.29226 -1.84494
2.39106 -1.24791
1.91032 -2.00284
2.27871 -0.149269
2.55599 -3.18489
2.90075 -4.16918
1.6426 -3.45516
2.34506 1.83654
1.66963 -5.5748
2.5612 -3.98648
2.23299 -5.05038
2.45293 -4.64587
2.25967 -4.79879
2.50606 -4.75169
2.18592 -4.62781
2.78475 -4.30665
1.86223 -4.09779
1.85706 -0.285237
2.44138 -3.00855
2.66852 -3.30899
2.18873 -5.18746
2.46562 -4.55317
2.25731 -4.8467
2.48813 -4.74229
2.20716 -4.66914
2.69838 -4.51752
1.9667 -4.28313
2.00441 -3.03018
2.25576 1.00891
3.07598 -3.90505
1.33581 -1.72553
2.34647 -1.40277
1.90429 -1.33801
2.12131 -1.05527
2.00381 -1.23649
2.0759 -1.03935
2.01855 -1.28541
2.082 -0.943843
2.00556 -1.45877
2.12512 -0.712275
1.99357 -1.93826
2.23665 -0.112984
2.5334 -3.1798
3.01994 -3.56262
1.52092 -3.13131
2.48312 1.44267
1.83583 -5.64519
2.49655 -4.11367
2.34648 -5.04069
2.32626 -4.6159
2.47744 -4.84351
2.20815 -4.6056
2.7556 -4.39719
1.89499 -4.15123
1.78577 -0.951991
2.11179 -1.96574
2.17877 -0.00453254
2.65171 -3.05171
2.42261 -5.19254
2.1941 -4.38506
3.00128 -3.37794
1.59782 -3.5269
2.33003 1.94784
1.56228 -5.45375
2.62245 -3.86823
2.12824 -4.99867
2.60706 -4.54644
2.08759 -4.55805
3.00901 -3.19075
1.60409 -3.62021
2.29174 1.95984
1.59793 -5.52385
2.57847 -3.9281
2.21149 -5.05487
2.47725 -4.63559
2.23053 -4.77036
2.57369 -4.6956
2.11254 -4.52246
3.00839 -3.23171
1.60128 -3.5931
2.30306 1.96392
1.57913 -5.49311
2.59699 -3.90215
2.17535 -5.03577
2.52822 -4.61568
2.17263 -4.69183
2.75212 -4.37823
1.90558 -4.18703
1.76962 -1.35812
2.1525 -1.29636
2.03056 -0.845622
2.01848 -1.70367
2.1777 -0.374119
2.14082 -2.80753
2.15354 0.550948
3.2566 -0.647566
1.18795 -1.83969
2.43054 -1.29891
1.95633 -2.43269
2.32316 0.468204
3.26457 -1.127
1.20733 -1.74105
2.3996 -1.45191
1.88931 -1.81011
2.24001 -0.435634
2.11892 -2.80122
2.18105 0.630527
3.28154 -0.862104
1.18165 -1.51253
2.37518 -1.81682
1.88476 -1.18747
2.09579 -1.32966
2.06427 -0.803235
2.00705 -1.75771
2.19385 -0.320332
2.19832 -2.95019
2.03313 0.176358
2.9507 -2.23495
1.64688 -4.38335
1.77343 -0.81795
2.13996 -2.25871
2.18454 0.265518
3.07326 -1.72285
1.47933 -3.69684
2.27498 2.17336
1.38331 -5.21641
2.56544 -3.75517
2.33746 -5.12236
2.3202 -4.55748
2.5269 -4.82239
2.15249 -4.52468
2.95499 -3.62656
1.65727 -3.6772
2.25761 1.82947
1.80835 -5.75147
2.37476 -4.06858
2.82761 -4.30717
1.77231 -3.83995
2.144 1.22929
2.91401 -4.73002
1.39492 -1.941
2.3827 -1.0182
1.95771 -2.33218
2.31355 0.341037
3.2206 -0.993988
1.24618 -2.32837
2.53723 -0.399371
3.20343 -1.47844
1.29311 -2.50023
2.55761 -0.025029
3.17013 -2.89814
1.31383 -2.00317
2.42622 -0.980087
2.08612 -2.8842
2.2042 0.752121
3.28545 -1.59153
1.2078 -1.29532
2.3666 -2.1444
1.88216 -0.996757
2.07426 -1.66965
2.14713 -0.36268
2.14695 -2.79789
2.14732 0.525745
3.24631 -0.644587
1.19655 -1.9728
2.46156 -1.07494
2.19712 -3.14079
1.96559 -0.0573747
2.63165 -2.9841
2.60192 -4.99518
1.9778 -4.11886
1.78066 -1.72704
2.23972 -0.746591
1.96513 -2.0333
2.26594 -0.0304494
2.73325 -2.96046
2.07653 -5.18088
2.58754 -4.46268
2.11511 -4.67452
2.88152 -3.93788
1.75236 -3.90247
2.12128 1.15055
3.04162 -4.17715
1.33975 -1.61045
2.32163 -1.57709
1.93391 -0.940271
2.05427 -1.67209
2.1566 -0.375767
2.13627 -2.77702
2.16411 0.565616
3.26262 -0.677719
1.18503 -1.76379
2.41397 -1.42197
1.90234 -2.03527
2.28793 -0.119379
2.63064 -3.12242
2.49422 -5.12171
2.11446 -4.30866
2.94745 -2.87967
1.6978 -4.19933
1.91773 0.192531
3.05688 -1.64592
1.48831 -3.81589
2.22595 2.06837
1.53772 -5.48714
2.56798 -3.8934
2.25382 -5.08484
2.42043 -4.62642
2.30793 -4.84855
2.41269 -4.7656
2.29265 -4.76137
2.46767 -4.79204
2.22521 -4.6646
2.66239 -4.59328
2.00787 -4.3463
2.48153 -3.54322
2.93959 -3.9468
1.61783 -3.42718
2.36267 1.84562
1.62996 -5.51856
2.602 -3.93598
2.15483 -5.00501
2.56776 -4.5941
2.12941 -4.62061
2.90728 -3.84165
1.71833 -3.82238
2.17964 1.46854
2.48253 -5.69603
1.65488 -3.04882
2.45152 1.25724
2.1817 -5.7688
2.10052 -4.00651
1.94073 -2.78855
2.33377 0.897912
3.0661 -3.9138
1.3478 -1.8623
2.37622 -1.18163
1.91232 -1.95681
2.26821 -0.206008
2.43903 -3.21344
2.98075 -2.62979
1.64734 -4.10175
2.04445 0.878994
3.29245 -1.87758
1.21265 -1.02135
2.45747 -2.50476
2.11443 -3.11815
2.11412 0.578695
3.2651 -0.576444
1.17678 -1.71517
2.4072 -1.50114
1.88779 -1.84969
2.24998 -0.386573
2.17388 -2.94087
2.07703 0.348871
3.13833 -1.22809
1.36335 -3.19459
2.50338 1.69523
1.51798 -5.26635
2.72247 -3.68256
1.97922 -4.80508
2.94547 -3.51705
1.69191 -3.84743
2.17854 1.50615
2.41943 -5.7639
1.70437 -3.19374
2.40193 1.4841
2.0114 -5.78255
2.25874 -4.10311
3.06605 -2.77262
1.52454 -3.4164
2.39044 1.94315
1.48107 -5.29415
2.67026 -3.73339
2.05899 -4.94974
2.73492 -4.3141
1.94455 -4.32122
2.01823 -3.07245
2.23507 0.983636
3.13052 -3.56001
1.3093 -1.57196
2.32709 -1.66122
1.93335 -0.886714
2.0535 -1.77823
2.17917 -0.245591
2.277 -3.06474
1.84742 -0.872674
2.0898 -1.98569
2.19613 0.0163999
2.70479 -2.98143
2.18603 -5.24355
2.45277 -4.51681
2.28397 -4.88591
2.43481 -4.74366
2.2688 -4.75107
2.51448 -4.7649
2.17486 -4.60003
2.83708 -4.14247
1.79829 -3.97354
2.03792 0.710252
3.30408 -0.776348
1.16548 -1.18186
2.41337 -2.30971
1.85195 -1.83571
2.25457 -0.468524
2.1037 -2.77066
2.20216 0.668607
3.28723 -1.10865
1.18951 -1.41142
2.3676 -1.97125
1.8893 -1.03122
2.07437 -1.59112
2.13031 -0.461532
2.07742 -2.54955
2.24371 0.584136
3.27566 -0.996836
1.19239 -1.59341
2.37935 -1.68817
1.88323 -1.32646
2.12308 -1.11344
2.0118 -1.13474
2.05416 -1.19187
2.05167 -1.04679
2.02779 -1.29402
2.08108 -0.918934
2.00393 -1.50791
2.13718 -0.647588
2.00197 -2.09483
2.2607 0.0883673
2.91928 -2.46501
1.69926 -4.49519
1.80493 -2.25258
2.36015 0.0259226
3.05347 -1.94548
1.51944 -3.80854
2.22755 2.01538
1.5996 -5.56486
2.5342 -3.95191
2.32536 -5.08157
2.34196 -4.60003
2.45399 -4.86268
2.23244 -4.6294
2.67637 -4.57699
1.98945 -4.31082
2.221 -3.42819
1.8075 -1.24634
2.12372 -1.39416
2.0649 -0.701236
2.01545 -1.98232
2.23556 -0.0346692
2.66781 -3.05384
2.33069 -5.23739
2.29731 -4.46612
2.6606 -4.65487
1.99686 -4.29279
2.19852 -3.3996
1.84254 -0.760095
2.11154 -2.22804
2.20731 0.265297
3.08706 -1.65849
1.45886 -3.60123
2.3186 2.19816
1.3222 -5.07
2.4351 -3.7348
2.94938 -3.86655
1.6166 -3.44631
2.356 1.86455
1.6189 -5.50943
2.60546 -3.92533
2.15022 -5.00378
2.57456 -4.58683
2.12218 -4.60991
2.92956 -3.73292
1.69219 -3.76871
2.21208 1.6432
2.14857 -5.88688
1.97924 -3.78004
1.97102 0.234779
3.0644 -1.63568
1.48009 -3.76518
2.24633 2.13561
1.44578 -5.34014
2.59512 -3.79829
2.21748 -5.09362
2.45935 -4.61718
2.25554 -4.81057
2.50729 -4.74563
2.18513 -4.63034
2.784 -4.30806
1.8633 -4.10022
1.85367 -0.308663
2.41667 -2.99682
2.32551 -3.4187
2.20964 -3.33825
1.85198 -0.701335
2.12267 -2.33182
2.20313 0.349628
3.16022 -1.19133
1.33413 -2.99175
2.55902 1.20946
1.85498 -5.61097
2.52316 -4.13082
2.26928 -5.02407
2.41682 -4.66492
2.30486 -4.82703
2.42365 -4.77568
2.27791 -4.74117
2.50318 -4.77793
2.18641 -4.61188
2.79948 -4.26622
1.84357 -4.06077
1.9131 0.0604572
2.88443 -2.42129
1.74416 -4.70107
2.56923 -3.55958
2.46596 -5.0898
2.16994 -4.40564
3.01915 -3.21293
1.58153 -3.51535
2.33833 1.96564
1.53136 -5.40571
2.63964 -3.82535
2.1023 -4.98072
2.6532 -4.47966
2.0372 -4.47656
2.96194 -2.89454
1.68212 -4.11104
2.01534 0.702734
3.30547 -0.713677
1.1618 -1.15954
2.42264 -2.33831
1.86684 -2.06242
2.30404 -0.140636
2.6386 -3.11998
2.44886 -5.1641
2.16732 -4.36478
3.03943 -2.99352
1.56154 -3.50682
2.34607 1.98856
1.49654 -5.34956
2.65039 -3.78025
2.0895 -4.97928
2.67206 -4.44398
2.01653 -4.44454
2.84561 -3.13392
1.82007 -4.60036
2.48412 -3.5777
2.89221 -4.1498
1.67084 -3.56135
2.29752 1.83255
1.74863 -5.68086
2.4609 -4.05428
2.50405 -4.96993
2.15209 -4.44124
3.01719 -3.20716
1.58618 -3.53749
2.32846 1.97128
1.53827 -5.42199
2.63163 -3.83983
2.11553 -4.993
2.62765 -4.51766
2.06537 -4.52319
3.02135 -2.92368
1.59813 -3.70136
2.26084 1.94611
1.65116 -5.60457
2.51983 -3.98893
2.34898 -5.07083
2.31791 -4.58946
2.51095 -4.827
2.17119 -4.55495
2.89053 -3.94383
1.73245 -3.83461
2.16776 1.39395
2.62377 -5.49144
1.55199 -2.68688
2.50198 0.475174
3.01909 -4.06055
1.39632 -2.24218
2.46588 -0.515063
2.8422 -2.80791
1.81813 -4.76867
2.89597 -3.13046
1.7657 -4.36123
1.75778 -1.46907
2.17864 -1.15339
1.99207 -1.08915
2.05226 -1.29847
2.07414 -0.884133
2.00436 -1.58206
2.15455 -0.54845
2.03033 -2.35096
2.27425 0.407564
3.22843 -0.906051
1.23177 -2.22792
2.51723 -0.603511
3.05503 -2.06619
1.52711 -3.77665
2.23962 2.03502
1.56487 -5.51431
2.56361 -3.9146
2.25662 -5.08036
2.41832 -4.62918
2.31042 -4.84863
2.4092 -4.76563
2.29697 -4.76511
2.45882 -4.79458
2.23494 -4.6769
2.63101 -4.64564
2.04425 -4.40314
2.86334 -3.08901
1.79817 -4.53824
2.15107 -3.3716
1.94234 -0.0901444
2.60685 -2.99865
2.75529 -4.6716
1.79584 -3.79523
2.15262 1.23366
2.89968 -4.77836
1.40244 -1.98861
2.39378 -0.93637
2.01269 -2.61178
2.29284 0.688683
3.26527 -1.93494
1.22896 -1.42575
2.34913 -1.93658
1.91336 -0.855121
2.06223 -1.88146
2.19474 -0.115369
2.47641 -3.17922
3.10871 -2.34563
1.45949 -3.24785
2.46706 1.72311
1.56691 -5.36634
2.69729 -3.78426
2.00994 -4.82867
2.89756 -3.78438
1.74732 -3.943
2.09951 1.05272
3.16523 -3.39378
1.28792 -1.31021
2.32497 -2.08955
1.9457 -0.58149
2.10534 -2.41301
2.22029 0.438728
3.22126 -0.846594
1.23556 -2.31012
2.53661 -0.43696
3.1926 -1.48773
1.30874 -2.62808
2.57145 0.275891
2.89465 -4.56535
1.49253 -2.6879
2.52092 0.442512
2.97333 -4.27318
1.42757 -2.39113
2.493 -0.214518
3.18919 -1.4003
1.30953 -2.68003
2.57623 0.404728
2.73196 -5.0617
1.61782 -3.11231
2.45448 1.37803
2.00468 -5.75252
2.30101 -4.13565
2.99532 -3.51335
1.58866 -3.44408
2.36447 1.89818
1.56765 -5.43836
2.6403 -3.85522
2.09554 -4.95978
2.67587 -4.44626
2.01124 -4.42975
2.78643 -3.24569
1.90011 -4.80872
2.97331 -3.17707
1.66816 -3.89645
2.16409 1.47448
2.49004 -5.69361
1.64267 -3.00411
2.46273 1.17193
2.26362 -5.73968
2.01625 -3.91181
1.81741 -0.73883
2.13383 -2.3261
2.19273 0.33038
3.14024 -1.3145
1.36843 -3.17929
2.50742 1.65407
1.54764 -5.30825
2.72292 -3.72043
1.97736 -4.77976
2.96279 -3.40713
1.6712 -3.81101
2.20117 1.63891
2.1694 -5.88903
1.95039 -3.73218
2.04537 0.590105
3.27269 -0.44718
1.16334 -1.58725
2.39153 -1.70461
1.87601 -1.45684
2.15439 -0.936328
1.97825 -1.46766
2.13479 -0.740288
1.98726 -1.87664
2.2266 -0.197399
2.38353 -3.179
2.30037 -3.41275
1.9817 -2.85412
2.29993 0.937976
3.0858 -3.81639
1.33503 -1.76633
2.35627 -1.3405
1.89927 -1.50957
2.1628 -0.818414
1.97322 -1.71944
2.19634 -0.415275
2.11205 -2.74242
2.19667 0.635133
3.28277 -0.94277
1.18484 -1.49314
2.37228 -1.8461
1.88707 -1.1383
2.08748 -1.40719
2.08439 -0.697536
2.00898 -1.97865
2.23779 -0.0458257
2.6519 -3.07592
2.40427 -5.20154
2.21621 -4.40675
2.94051 -3.75199
1.66488 -3.66336
2.2609 1.82005
1.81702 -5.7561
2.36841 -4.07064
2.84949 -4.23042
1.74695 -3.78698
2.18306 1.43665
2.53297 -5.62952
1.6188 -2.93433
2.47915 1.02813
2.40591 -5.63953
1.87335 -3.68936
2.14947 1.10705
3.07631 -3.9685
1.32766 -1.5728
2.32 -1.64567
1.94033 -0.855361
2.05144 -1.82805
2.19003 -0.187073
2.36229 -3.14943
2.03268 -2.9794
2.24031 0.924438
3.18002 -3.15518
1.28551 -1.47236
2.32578 -1.83399
1.94312 -0.72633
2.06367 -2.09525
2.22758 0.131526
2.93488 -2.39222
1.67652 -4.43121
1.75086 -1.43845
2.17307 -1.2126
2.00447 -0.987093
2.03527 -1.46229
2.11656 -0.669424
2.00316 -2.03715
2.2507 0.019306
2.78884 -2.83844
1.92756 -5.01569
2.83962 -3.92168
1.83034 -4.16328
1.83202 -0.434877
2.30698 -2.87591
1.8551 -0.885905
2.0852 -1.94237
2.19231 -0.0334663
2.61302 -3.10137
2.6223 -4.94794
1.95988 -4.09928
1.77516 -1.31757
2.14355 -1.34813
2.04536 -0.767068
2.01563 -1.85332
2.21081 -0.191604
2.37395 -3.16653
2.16798 -3.26226
1.96634 -0.00736784
2.71285 -2.87026
2.19851 -5.26461
2.43383 -4.50393
2.31903 -4.90957
2.38256 -4.72842
2.33915 -4.81296
2.37907 -4.7815
2.33257 -4.78104
2.39728 -4.79996
2.30625 -4.75247
2.44866 -4.80426
2.24538 -4.68485
2.60258 -4.68775
2.07644 -4.45112
3.00855 -2.82395
1.61958 -3.84747
2.19912 1.72101
2.04062 -5.88856
2.08505 -3.91015
1.79097 -1.74269
2.24208 -0.7059
1.97509 -2.13886
2.27991 0.114348
2.99028 -2.19477
1.60405 -4.16375
2.01379 0.758486
3.31176 -1.00564
1.17344 -1.05262
2.46311 -2.46318
2.13393 -3.15321
2.07288 0.429319
3.19692 -0.795836
1.25854 -2.5805
2.58129 0.174206
2.93721 -4.38731
1.46651 -2.59828
2.51907 0.234045
3.14954 -3.15656
1.32225 -1.96464
2.41262 -1.03787
2.00903 -2.62531
2.29515 0.703804
3.25957 -2.06227
1.2348 -1.42726
2.34645 -1.93183
1.91697 -0.832681
2.06214 -1.92015
2.20165 -0.0699898
2.55938 -3.14984
2.91344 -4.12059
1.62753 -3.41341
2.36471 1.82051
1.65588 -5.54746
2.58433 -3.96569
2.18514 -5.02387
2.52016 -4.62886
2.18078 -4.69793
2.72943 -4.43492
1.93261 -4.23382
1.80692 -2.12824
2.3343 -0.149912
2.72094 -3.01184
2.10608 -5.19494
2.55092 -4.49478
2.15514 -4.73622
2.74721 -4.37547
1.9147 -4.21245
1.77412 -1.69311
2.23189 -0.805297
1.95611 -1.87279
2.23645 -0.245843
2.32657 -3.14761
1.84889 -2.14039
2.32537 -0.0635014
2.83402 -2.75878
1.83302 -4.83248
2.95077 -3.1185
1.70165 -4.07161
2.03585 0.787715
3.30938 -1.20837
1.18295 -1.05164
2.45819 -2.46707
2.0916 -3.06614
2.15924 0.720891
3.29419 -1.16163
1.1877 -1.29704
2.37648 -2.14546
1.87045 -1.12428
2.08984 -1.46544
2.09604 -0.616113
2.02188 -2.16571
2.26076 0.190214
3.05574 -1.86837
1.51047 -3.80373
2.22993 2.03937
1.5685 -5.52492
2.55504 -3.92195
2.27787 -5.08442
2.39372 -4.62223
2.35049 -4.86818
2.35198 -4.7414
2.38018 -4.81808
2.32434 -4.75504
2.41835 -4.8111
2.27945 -4.72087
2.51123 -4.77956
2.17696 -4.59447
2.83814 -4.1405
1.79662 -3.96918
2.04283 0.734703
3.30667 -0.904925
1.17065 -1.13988
2.425 -2.36438
1.87485 -2.15007
2.31939 -0.00886401
2.9018 -2.5533
1.72568 -4.56064
1.99931 -3.07461
2.25124 1.03434
3.0524 -4.04374
1.34614 -1.77414
2.35431 -1.31942
1.90042 -1.52465
2.16631 -0.795489
1.97324 -1.77319
2.20873 -0.346804
2.17936 -2.92261
2.07316 0.325618
3.118 -1.36557
1.39872 -3.36989
2.43048 2.01801
1.35553 -5.04154
2.48105 -3.71825
2.75438 -4.58388
1.83733 -3.93375
2.03118 0.642579
3.29025 -0.51648
1.1578 -1.3586
2.38494 -2.05656
1.86745 -1.23236
2.10763 -1.29183
2.05136 -0.853703
2.0113 -1.66384
2.17126 -0.433532
2.09333 -2.65688
2.22404 0.637357
3.28319 -1.08924
1.19127 -1.47439
2.36821 -1.8735
1.89088 -1.07907
2.07869 -1.502
2.10892 -0.574509
2.03057 -2.26508
2.26702 0.310614
3.17067 -1.18893
1.32095 -2.88859
2.57429 0.943833
2.09514 -5.70273
2.27889 -4.17426
3.01234 -3.38128
1.57322 -3.42202
2.37685 1.89378
1.55317 -5.41031
2.65373 -3.82827
2.07521 -4.93873
2.71968 -4.35839
1.96103 -4.34405
2.17927 -3.38102
1.88425 -0.435038
2.24812 -2.81346
1.98123 -0.106075
2.53709 -3.0644
3.07893 -3.14194
1.46137 -2.96592
2.52885 1.08336
2.12195 -5.73141
2.21885 -4.12795
3.03346 -2.66638
1.58177 -3.74183
2.24751 1.95223
1.65823 -5.62004
2.50495 -3.99695
2.39245 -5.05745
2.27143 -4.55365
2.64902 -4.65251
2.01599 -4.33677
2.49782 -3.53772
2.86566 -4.25881
1.6983 -3.62246
2.26644 1.76248
1.89039 -5.80032
2.29627 -4.06843
3.05203 -3.07297
1.5287 -3.32625
2.42357 1.80736
1.5654 -5.39517
2.67466 -3.81388
2.04171 -4.88384
2.81053 -4.11873
1.85259 -4.14601
1.82515 -0.507049
2.25221 -2.76941
1.9851 -0.105185
2.53446 -3.06738
3.08551 -3.08031
1.45551 -2.95465
2.53176 1.05741
2.14295 -5.72954
2.19705 -4.11539
2.95459 -2.82404
1.68705 -4.18158
1.94433 0.340763
3.17378 -0.830998
1.28724 -2.82497
2.58637 0.795465
2.21208 -5.68771
2.15531 -4.10515
2.67805 -3.37361
2.12904 -5.13781
2.54624 -4.53754
2.15765 -4.71398
2.7624 -4.34206
1.8952 -4.17414
1.77537 -1.13255
2.11793 -1.65519
2.12143 -0.361577
2.14979 -2.78338
2.14606 0.513574
3.24109 -0.655099
1.202 -2.04069
2.47788 -0.95566
2.41698 -3.32216
2.96764 -2.68115
1.66459 -4.16028
1.98157 0.547452
3.26656 -0.309401
1.15789 -1.63271
2.40061 -1.63453
1.87676 -1.62977
2.19735 -0.696521
1.97923 -2.04656
2.2627 0.00391282
2.78579 -2.85055
1.93399 -5.02368
2.82818 -3.96359
1.84399 -4.18832
1.7998 -0.725614
2.15091 -2.39035
2.17662 0.349893
3.14992 -1.23549
1.35026 -3.09021
2.5357 1.45204
1.67423 -5.455
2.67108 -3.91774
2.03903 -4.82682
2.86232 -3.94904
1.78761 -4.01294
2.01577 0.61572
3.28439 -0.430788
1.15566 -1.4239
2.3837 -1.95788
1.87311 -1.22895
2.10575 -1.28579
2.05095 -0.8635
2.01165 -1.6442
2.16663 -0.458234
2.07664 -2.58992
2.2431 0.61741
3.28067 -1.11758
1.19421 -1.50785
2.36906 -1.82077
1.89064 -1.11815
2.0837 -1.43437
2.09192 -0.662393
2.01247 -2.0571
2.24969 0.052767
2.84338 -2.69938
1.81696 -4.81128
2.92971 -3.10646
1.7275 -4.19711
1.89554 0.0489343
2.88879 -2.39812
1.73649 -4.68479
2.48838 -3.59332
2.85444 -4.29188
1.71386 -3.66353
2.24596 1.69865
2.01471 -5.86086
2.14685 -3.98313
2.17144 -3.33129
1.92497 -0.201725
2.46194 -3.04979
2.95052 -2.70527
1.68397 -4.24787
1.87749 -0.0253164
2.79863 -2.65192
1.92565 -5.0611
2.81006 -4.00584
1.86749 -4.24358
1.76592 -1.40803
2.16354 -1.22782
2.01217 -0.956224
2.02991 -1.50913
2.12919 -0.612376
2.01311 -2.1766
2.26688 0.196729
3.07072 -1.79177
1.48805 -3.70817
2.26978 2.15455
1.40655 -5.25998
2.58681 -3.76343
2.25866 -5.11751
2.40761 -4.60336
2.33354 -4.8716
2.37262 -4.74754
2.34863 -4.80694
2.36758 -4.78189
2.34772 -4.78829
2.37348 -4.79328
2.33752 -4.77713
2.39117 -4.80159
2.31352 -4.75713
2.43487 -4.80664
2.26086 -4.70282
2.55818 -4.73975
2.12591 -4.52336
2.99428 -3.35793
1.61523 -3.60566
2.2951 1.93937
1.6181 -5.54626
2.56729 -3.94836
2.23232 -5.06096
2.45091 -4.6397
2.26321 -4.80591


