1.67677 -6.5486
1.58937 1.51518
2.20102 -6.20952
1.37135 1.2866
2.68997 -4.96647
1.07944 0.867852
1.99066 -4.29318
0.602196 -3.37049
1.51481 -4.2386
0.923128 -4.5194
1.15488 -4.36109
1.05426 -4.51391
1.08172 -4.33587
1.10111 -4.57955
1.04958 -4.22749
1.16346 -4.76271
1.01072 -3.94929
1.43523 -5.24875
0.894474 -2.94054
1.92048 -0.0160041
1.85314 -4.46084
0.662616 -3.4645
1.6702 -4.73775
0.756735 -3.41924
1.55268 -4.32062
0.853957 -4.28715
1.23653 -4.67713
0.970191 -4.01349
1.3598 -5.12244
0.921512 -3.25297
1.28219 -1.76612
2.29056 -1.15342
2.03414 -5.88548
1.02403 -0.115259
1.78295 -2.30987
1.66611 -0.724669
1.65521 -1.44403
1.91839 -0.932943
1.44368 -1.97037
2.21239 -0.843491
2.27876 -5.37832
0.863951 -0.577197
2.04777 -2.25148
1.61204 -4.14173
0.929278 -4.62843
1.13885 -4.20373
1.13953 -4.79815
1.02279 -3.91119
1.49112 -5.31309
0.877724 -2.74935
2.21898 0.0118507
2.01107 -6.03882
1.13066 0.305109
1.65319 -2.91687
1.4218 -1.23649
2.03814 -1.29077
1.40138 -2.83475
1.91972 -0.247092
1.59375 -3.74659
1.63433 -5.60657
0.872583 -1.79857
2.53018 -1.12864
0.472174 -4.25139
1.33715 -4.32327
0.974588 -4.48877
1.13018 -4.39498
1.05797 -4.47086
1.08459 -4.39234
1.08372 -4.49288
1.06696 -4.3515
1.10413 -4.5598
1.04907 -4.25207
1.15118 -4.72141
1.01751 -4.01248
1.35392 -5.14412
0.92356 -3.21455
1.33414 -1.33838
2.12638 -1.36736
1.72635 -4.36566
0.734265 -3.90706
1.49183 -5.13325
0.870785 -3.1139
1.50909 -0.616367
1.72955 -1.53352
1.8468 -0.857265
1.50856 -1.6734
2.11126 -0.973244
1.75238 -4.38456
0.716262 -3.81852
1.57321 -5.20089
0.845706 -2.8927
1.98774 0.0301383
2.15425 -4.93091
0.686394 -1.96633
2.62894 -0.501635
0.202105 -3.26552
1.29563 -3.40518
1.36517 -3.362
1.32543 -3.03618
1.69455 -0.387648
1.51725 -2.03662
2.14945 -0.727207
2.12674 -5.02377
0.706606 -1.91299
2.62205 -0.653729
0.225633 -3.34875
1.37436 -3.84711
1.59578 -5.52074
0.865116 -2.10207
2.56007 -0.576784
0.3487 -3.96396
1.42597 -4.46381
0.881309 -4.15599
1.27546 -4.86641
0.954488 -3.7306
1.74864 -5.37094
0.813813 -2.26593
2.54921 -0.247912
0.32947 -3.98033
1.40297 -4.36729
0.920619 -4.3526
1.18393 -4.5877
1.00159 -4.16851
1.21873 -4.86294
0.982707 -3.77466
1.69778 -5.39786
0.828279 -2.29273
2.53821 -0.237793
0.358775 -4.08611
1.36691 -4.2853
0.978884 -4.54684
1.12151 -4.31592
1.08766 -4.60003
1.0562 -4.20702
1.1722 -4.79774
1.00607 -3.89549
1.51344 -5.32495
0.871407 -2.70138
2.2737 -0.00220222
1.67915 -6.0737
1.11312 -0.052597
1.71919 -2.31354
1.80535 -0.554528
1.47839 -2.05623
2.18683 -0.745879
2.26124 -5.25039
0.802034 -0.94609
2.24804 -2.15243
1.81681 -5.87948
0.971263 -0.626428
2.01203 -2.09779
1.37629 -2.92514
1.82785 -0.271991
1.47659 -2.93793
1.68583 -0.467435
1.54538 -1.85567
2.10983 -0.822331
1.83442 -4.55164
0.674658 -3.36726
1.47437 -4.06353
1.12813 -5.00954
1.01452 -3.54687
1.74798 -4.8318
0.73895 -3.15755
1.31644 -1.36843
2.14716 -1.37689
1.86925 -4.68347
0.677851 -3.10512
1.36295 -1.08222
2.01196 -1.42629
1.38343 -2.35197
2.24338 -0.542514
2.19681 -5.77557
1.03463 0.10434
1.7146 -2.5507
1.66792 -0.646007
1.62291 -1.54361
1.97704 -0.911039
1.4116 -2.55625
2.1409 -0.364859
2.30031 -5.22526
0.810952 -0.821548
2.1861 -2.21329
2.10855 -5.63678
0.905813 -0.612332
2.04017 -2.18668
1.51192 -3.77565
1.6645 -5.59066
0.864531 -1.81414
2.53757 -1.09311
0.447402 -4.18122
1.36424 -4.39407
0.932335 -4.33439
1.18198 -4.61172
1.00178 -4.138
1.23955 -4.91541
0.972942 -3.68325
1.80728 -5.32173
0.794882 -2.25587
2.55612 -0.229721
0.307881 -3.90415
1.42446 -4.4011
0.89746 -4.26902
1.2197 -4.70452
0.979765 -3.99033
1.38455 -5.16574
0.9121 -3.15144
1.45227 -0.803389
1.84531 -1.43708
1.64381 -1.05709
1.80567 -1.1519
1.6455 -1.18271
1.84903 -1.07578
1.56161 -1.38616
1.99085 -1.05098
1.40281 -2.47208
2.18869 -0.432548
2.31945 -5.45824
0.93091 -0.195595
1.85868 -2.34057
1.46661 -1.24333
2.0125 -1.22902
1.39268 -2.51336
2.18056 -0.399507
2.32567 -5.43025
0.920703 -0.233267
1.87794 -2.32912
1.42966 -1.41488
2.09594 -1.20598
1.58082 -3.90394
1.29958 -5.32519
0.93152 -2.78975
2.17612 -0.00735644
2.23307 -5.81192
1.08527 0.34367
1.66971 -2.97605
1.34274 -1.72564
2.24259 -1.13007
2.23922 -5.53931
0.919751 -0.357191
1.92642 -2.26661
1.36777 -1.8804
2.25821 -0.983888
2.20062 -5.68917
0.981499 -0.119509
1.80576 -2.34402
1.59261 -0.858727
1.77196 -1.30613
1.73587 -1.01031
1.69174 -1.20927
1.8096 -1.04443
1.60897 -1.29834
1.92197 -1.04258
1.45408 -1.8253
2.18491 -0.941067
2.19378 -5.15831
0.749831 -1.42101
2.48599 -1.66738
0.576421 -4.44685
1.26782 -4.16535
1.11769 -4.85765
1.0313 -3.82755
1.62831 -5.40685
0.845461 -2.3739
2.50612 -0.175434
0.44933 -4.37832
1.25465 -3.93017
1.45649 -5.37936
0.888863 -2.60769
2.36303 -0.0595981
1.12399 -5.64441
1.00784 -1.25387
2.26605 -1.78508
1.98625 -5.85009
0.983897 -0.358705
1.89399 -2.1878
1.45574 -1.33837
2.05322 -1.20457
1.43608 -3.16047
1.38243 -1.30057
2.08506 -1.31854
1.51108 -3.63474
1.92985 -5.47137
0.812062 -1.61581
2.51599 -1.3936
0.505983 -4.29943
1.32333 -4.31464
0.985971 -4.51462
1.12078 -4.35762
1.07346 -4.53261
1.06888 -4.30279
1.11955 -4.63523
1.03663 -4.14454
1.22222 -4.90836
0.981125 -3.70418
1.79067 -5.3534
0.802905 -2.2225
2.56285 -0.287484
0.300824 -3.85962
1.43988 -4.43242
0.880537 -4.19681
1.25595 -4.80644
0.962542 -3.82821
1.60896 -5.36757
0.846932 -2.49454
2.44516 -0.0821461
0.673818 -4.92644
1.06332 -2.91488
2.00306 -0.0581593
2.09784 -4.87802
0.674142 -2.234
2.58086 -0.0446002
0.22023 -3.5806
1.43842 -4.24359
0.966235 -4.5846
1.12482 -4.2663
1.1083 -4.68448
1.04158 -4.08467
1.27194 -5.01947
0.957906 -3.49404
1.63811 -4.53313
0.761845 -3.76746
1.63449 -5.2654
0.831274 -2.68199
2.28878 0.0194342
1.55823 -6.02883
1.09621 -0.231902
1.78905 -2.14793
1.71988 -0.697561
1.59513 -1.54436
2.00478 -0.93892
1.41941 -2.83884
1.89425 -0.263954
1.53635 -3.46638
1.8306 -4.88606
0.721134 -2.92059
1.8403 -0.0124417
1.65452 -3.90376
1.20158 -5.21667
0.966563 -3.06679
1.68314 -0.278198
1.50178 -2.25746
2.1484 -0.571545
2.21435 -5.12202
0.743959 -1.40847
2.48484 -1.68329
0.577449 -4.44671
1.26807 -4.16819
1.11493 -4.85119
1.0329 -3.83873
1.60995 -5.40001
0.84937 -2.41456
2.48778 -0.143868
0.509496 -4.54461
1.19011 -3.66411
1.88311 -5.29404
0.777558 -2.1395
2.58543 -0.367718
0.261108 -3.66138
1.47416 -4.42473
0.863686 -4.17465
1.27377 -4.83575
0.954296 -3.77451
1.68771 -5.38389
0.828894 -2.34214
2.52143 -0.183633
0.399089 -4.22908
1.31192 -4.12446
1.14095 -4.94129
1.01608 -3.67929
1.82636 -5.31827
0.790817 -2.22172
2.56591 -0.268013
0.290175 -3.82213
1.44723 -4.43394
0.876167 -4.1866
1.26258 -4.82061
0.959544 -3.8039
1.64536 -5.37968
0.838647 -2.41636
2.48844 -0.128451
0.502268 -4.52909
1.1953 -3.6849
1.87576 -5.35089
0.78899 -2.03739
2.59132 -0.566123
0.272162 -3.64465
1.48964 -4.46915
0.84595 -4.07829
1.33519 -4.9712
0.929425 -3.52944
1.73096 -4.81299
0.74236 -3.21377
1.25682 -1.99308
2.34878 -0.946824
1.59533 -5.95208
1.02848 -0.545726
1.94888 -2.05162
1.39028 -1.77447
2.22219 -1.0451
2.25949 -5.39095
0.858867 -0.634724
2.07549 -2.23713
1.78696 -4.59827
0.696654 -3.3991
1.53694 -4.2853
0.880754 -4.38489
1.1988 -4.54571
0.99567 -4.21539
1.1942 -4.7849
0.994543 -3.90049
1.50463 -5.3117
0.873601 -2.74052
2.22905 0.0113806
1.9529 -6.06597
1.1328 0.261936
1.65208 -2.82512
1.53025 -0.867956
1.82226 -1.33402
1.6649 -1.06924
1.78971 -1.13864
1.6644 -1.16404
1.82375 -1.07844
1.59891 -1.29995
1.93156 -1.05114
1.44397 -1.8861
2.20238 -0.907825
2.25507 -5.28594
0.812846 -0.895718
2.21861 -2.173
1.98943 -5.80104
0.95497 -0.504939
1.96871 -2.16147
1.35085 -2.28222
2.28292 -0.617116
2.00703 -5.96582
1.07161 0.0644086
1.70658 -2.48238
1.73654 -0.566982
1.53615 -1.79051
2.10961 -0.872533
1.80027 -4.48404
0.685963 -3.54566
1.74119 -5.01993
0.768928 -2.91379
1.89558 0.0139546
1.81755 -4.37395
0.682281 -3.69511
1.68053 -5.2084
0.811831 -2.71798
2.24272 0.0446174
1.83879 -6.09545
1.13346 0.166575
1.65946 -2.63851
1.7127 -0.545858
1.54929 -1.7708
2.09428 -0.869609
1.71546 -4.27673
0.766178 -4.11154
1.34527 -4.89408
0.921129 -3.63299
1.81546 -5.21991
0.777793 -2.43887
2.4816 -0.0346299
0.49898 -4.53838
1.18802 -3.63885
1.88019 -5.21238
0.763783 -2.30483
2.54552 -0.122537
0.314722 -3.96011
1.40147 -4.34245
0.931436 -4.40271
1.16754 -4.51843
1.01596 -4.27261
1.15818 -4.69231
1.01387 -4.04727
1.31601 -5.0802
0.938983 -3.35993
1.30739 -3.08603
1.61546 -0.512676
1.61324 -1.67857
2.01493 -0.852067
1.4514 -3.14594
1.39009 -1.26926
2.0691 -1.32074
1.45667 -3.34174
1.35981 -3.26411
1.30199 -1.87885
2.30221 -1.03714
1.95951 -5.94687
1.04162 -0.112893
1.77343 -2.29747
1.6946 -0.683917
1.61372 -1.52477
1.98185 -0.929256
1.41059 -2.57633
2.13074 -0.350157
2.28371 -5.18527
0.787939 -0.982688
2.27334 -2.13862
1.64167 -5.86208
0.965427 -0.88421
2.12787 -2.01721
1.95702 -4.91103
0.696147 -2.59039
2.35349 0.0969305
1.07505 -5.60199
1.00978 -1.30983
2.28823 -1.74388
1.85707 -5.91299
0.996494 -0.440188
1.92071 -2.13464
1.41806 -1.54775
2.14506 -1.15552
1.89302 -4.70549
0.674313 -3.02141
1.54846 -0.455466
1.63739 -1.71661
1.99441 -0.809732
1.43632 -2.97086
1.68967 -0.442704
1.53521 -1.91143
2.12541 -0.796977
1.94553 -4.75864
0.67033 -2.82487
1.99846 0.100505
2.27053 -5.0483
0.737688 -1.31031
2.4497 -1.82213
0.689985 -4.70351
1.16778 -3.78154
1.74329 -5.47522
0.830675 -2.02198
2.57556 -0.66456
0.317249 -3.81533
1.47407 -4.54069
0.84536 -3.97883
1.41399 -5.11493
0.900279 -3.22437
1.30793 -1.50878
2.20056 -1.31347
2.18481 -5.21307
0.764127 -1.34698
2.44808 -1.78026
0.71224 -4.76011
1.14566 -3.67174
1.86993 -5.30834
0.782019 -2.14205
2.58379 -0.371703
0.265094 -3.67874
1.47416 -4.43645
0.860886 -4.1534
1.28545 -4.86593
0.949464 -3.72349
1.75549 -5.36414
0.811446 -2.26835
2.54905 -0.241064
0.32863 -3.9791
1.40296 -4.3661
0.921071 -4.3549
1.18315 -4.58451
1.00219 -4.17327
1.21547 -4.85492
0.984266 -3.78837
1.67736 -5.39768
0.832873 -2.32574
2.52655 -0.206948
0.387976 -4.18908
1.32801 -4.17592
1.08057 -4.81343
1.05094 -3.90723
1.49973 -5.33402
0.87574 -2.69214
2.28408 -0.00917068
1.61508 -6.05141
1.10309 -0.151472
1.75655 -2.21318
1.76823 -0.622318
1.52506 -1.78045
2.11802 -0.891117
1.83942 -4.57036
0.674309 -3.32879
1.38694 -3.68371
1.90052 -5.44812
0.807183 -1.75025
2.55422 -1.14733
0.395285 -3.98913
1.44023 -4.57209
0.86114 -3.96886
1.42122 -5.13775
0.898048 -3.17644
1.38972 -1.03995
1.98015 -1.40594
1.4079 -1.95962
2.23978 -0.883472
2.25348 -5.57208
0.946757 -0.211082
1.85613 -2.31341
1.48668 -1.17452
1.97388 -1.23123
1.4116 -2.04251
2.2436 -0.810297
2.24115 -5.63112
0.972705 -0.109663
1.80688 -2.36022
1.58055 -0.882167
1.79108 -1.29423
1.70476 -1.04159
1.73802 -1.1626
1.74004 -1.08613
1.71268 -1.14733
1.76553 -1.08642
1.68082 -1.17397
1.80993 -1.06805
1.61546 -1.27414
1.90818 -1.04872
1.4723 -1.72065
2.1505 -0.988948
1.99187 -4.85792
0.680266 -2.57213
2.36734 0.10656
0.986413 -5.48383
1.00129 -1.58499
2.39773 -1.48698
1.12605 -5.49795
0.963369 -1.94218
2.50799 -0.963488
0.559126 -4.52565
1.22326 -3.91184
1.49563 -5.40207
0.879057 -2.52187
2.42544 -0.0997164
0.780532 -5.12756
1.01989 -2.4801
2.41763 -0.277436
0.902334 -5.31004
0.995652 -2.11582
2.50359 -0.714786
0.562453 -4.57656
1.19683 -3.77078
1.76758 -5.48088
0.827891 -1.96262
2.57476 -0.770561
0.327795 -3.82791
1.47684 -4.56417
0.842345 -3.93943
1.4527 -5.16713
0.886984 -3.09273
1.57205 -0.463901
1.62502 -1.71685
2.00846 -0.820637
1.45089 -3.12648
1.41905 -1.13543
2.00133 -1.33258
1.39091 -2.26814
2.25231 -0.617723
2.17784 -5.79311
1.03427 0.0823329
1.71985 -2.52096
1.6792 -0.636758
1.60966 -1.56944
1.99645 -0.91132
1.41803 -2.78546
1.95596 -0.255591
1.67786 -4.05871
0.949709 -4.73245
1.11653 -4.03921
1.30525 -5.12759
0.941942 -3.27346
1.27097 -1.94763
2.33362 -0.98853
1.72005 -5.98587
1.03986 -0.359449
1.86632 -2.12156
1.54612 -1.04234
1.88153 -1.225
1.5441 -1.36374
1.99804 -1.08152
1.40091 -2.51348
2.17273 -0.398739
2.32714 -5.38001
0.896093 -0.345124
1.93412 -2.30123
1.35126 -2.09054
2.29206 -0.804816
2.001 -5.94854
1.05646 -0.00599179
1.73256 -2.39939
1.73236 -0.599854
1.55005 -1.72212
2.08516 -0.896789
1.65287 -4.10057
0.931663 -4.66683
1.13297 -4.14417
1.18871 -4.91614
0.996561 -3.70823
1.79246 -5.36178
0.803863 -2.20029
2.56746 -0.320719
0.294818 -3.8253
1.45017 -4.44868
0.871253 -4.15744
1.27896 -4.86225
0.952589 -3.73374
1.74384 -5.37221
0.814989 -2.27201
2.54723 -0.24218
0.333834 -3.99772
1.39708 -4.35452
0.928795 -4.38248
1.17292 -4.54615
1.01042 -4.23136
1.17939 -4.7586
1.00224 -3.94561
1.44032 -5.25012
0.892804 -2.9337
1.93313 -0.00911794
1.90459 -4.56358
0.651198 -3.18784
1.24769 -2.09135
2.36307 -0.840623
1.46753 -5.89113
1.01653 -0.7535
2.04423 -1.99745
1.43201 -3.34388
1.34169 -3.14095
1.48771 -0.840005
1.83892 -1.38459
1.64657 -1.07431
1.80943 -1.13995
1.63672 -1.20193
1.86409 -1.07023
1.53829 -1.45379
2.03024 -1.04787
1.42643 -3.00422
1.64821 -0.502282
1.58509 -1.73096
2.05299 -0.853022
1.54365 -3.69064
1.82041 -5.59502
0.848946 -1.54321
2.47093 -1.53043
0.672964 -4.70959
1.16191 -3.71712
1.83847 -5.40912
0.804708 -1.99274
2.58568 -0.676711
0.294695 -3.71294
1.49387 -4.53459
0.835458 -3.96518
1.42817 -5.12831
0.895113 -3.18748
1.3663 -1.14851
2.0365 -1.3983
1.3909 -2.73877
2.03131 -0.252561
1.97335 -4.7298
0.659386 -2.79205
2.05214 0.120247
2.38625 -5.25356
0.879105 -0.335491
1.93941 -2.32651
1.34426 -2.25495
2.29147 -0.645683
1.9607 -5.9878
1.0725 0.0237248
1.71659 -2.42786
1.75025 -0.568808
1.5252 -1.82507
2.12479 -0.863322
1.89832 -4.68242
0.669268 -3.03978
1.49845 -0.584507
1.7228 -1.56652
1.86216 -0.840367
1.48719 -1.77505
2.14943 -0.937646
2.00951 -4.87981
0.68201 -2.49368
2.43769 0.0934553
0.631601 -4.86695
1.07586 -2.97614
1.89841 -0.097012
1.68927 -4.05265
0.943951 -4.72537
1.11986 -4.04991
1.29132 -5.10679
0.94787 -3.32145
1.26638 -2.54251
2.2683 -0.365029
1.9835 -6.00788
1.09556 0.141266
1.6795 -2.59327
1.71013 -0.565238
1.55774 -1.73161
2.07972 -0.8827
1.63486 -4.04114
1.01586 -4.86411
1.07279 -3.81701
1.65735 -5.43339
0.841498 -2.26721
2.54227 -0.290025
0.356899 -4.06674
1.37647 -4.31636
0.957086 -4.47528
1.14176 -4.4167
1.04648 -4.43278
1.09701 -4.44896
1.06548 -4.40623
1.0913 -4.47962
1.06424 -4.36616
1.10151 -4.53859
1.05216 -4.28157
1.13647 -4.67268
1.02621 -4.08582
1.27499 -5.01356
0.95669 -3.50264
1.66124 -4.60142
0.750686 -3.62485
1.7565 -5.19141
0.788159 -2.61103
2.35363 0.0286574
1.12321 -5.65368
1.01278 -1.20699
2.24359 -1.81065
2.09771 -5.72984
0.951897 -0.385067
1.9209 -2.21433
1.39207 -1.68812
2.20081 -1.10316
2.21221 -5.22696
0.775855 -1.20703
2.38161 -1.94952
1.00686 -5.28181
0.985851 -2.57555
2.37465 -0.16656
1.11502 -5.62134
1.00109 -1.33863
2.30481 -1.72819
1.7392 -5.92111
0.994664 -0.582377
1.9813 -2.08226
1.35369 -2.317
2.27509 -0.582616
2.04351 -5.94469
1.07051 0.0952887
1.69992 -2.52648
1.71933 -0.574802
1.55314 -1.73509
2.08464 -0.885917
1.65645 -4.11001
0.919218 -4.63463
1.14275 -4.19296
1.14562 -4.8187
1.01932 -3.87823
1.54228 -5.35391
0.864305 -2.60413
2.36611 -0.0396553
1.09156 -5.6067
1.00461 -1.3389
2.30297 -1.72546
1.75547 -5.92268
0.995673 -0.558284
1.97054 -2.08945
1.35799 -2.15405
2.28747 -0.739994
2.0157 -5.94628
1.06029 0.0249808
1.72206 -2.43511
1.7338 -0.586221
1.54444 -1.74921
2.09517 -0.887669
1.70934 -4.26275
0.775911 -4.15469
1.32127 -4.83995
0.930212 -3.72881
1.74094 -5.36072
0.81405 -2.30328
2.53782 -0.203473
0.352932 -4.07476
1.36902 -4.28524
0.977803 -4.54554
1.12223 -4.31792
1.08651 -4.5965
1.05703 -4.21223
1.16875 -4.78858
1.00788 -3.91031
1.49121 -5.30597
0.877515 -2.76589
2.19806 0.0175296
2.11818 -5.9595
1.11915 0.35949
1.66085 -3.03245
1.31635 -2.03518
2.31371 -0.877095
1.86194 -5.99584
1.05584 -0.144397
1.77721 -2.25715
1.70469 -0.68234
1.60385 -1.54124
1.99559 -0.931229
1.41463 -2.73662
2.00796 -0.262727
1.85859 -4.521
0.663246 -3.35857
1.46063 -4.01301
1.2142 -5.15453
0.970544 -3.23034
1.33029 -1.38415
2.14504 -1.35147
1.85575 -4.65428
0.678021 -3.17477
1.26322 -1.81561
2.31377 -1.12322
1.87425 -5.96927
1.03811 -0.214752
1.81128 -2.21588
1.64273 -0.794381
1.70379 -1.35822
1.8399 -0.955039
1.54262 -1.50187
2.04039 -1.02001
1.44961 -3.2007
1.32517 -1.69703
2.2464 -1.16917
2.22886 -5.56766
0.928696 -0.328223
1.91025 -2.26931
1.39175 -1.66725
2.1957 -1.11715
2.19201 -5.18838
0.758336 -1.3684
2.46029 -1.74881
0.664974 -4.65682
1.18515 -3.84984
1.61673 -5.46412
0.853962 -2.23967
2.54547 -0.346199
0.357573 -4.05503
1.38346 -4.3412
0.94176 -4.41983
1.15872 -4.49387
1.02378 -4.31195
1.13955 -4.63037
1.02542 -4.1398
1.22979 -4.91551
0.977541 -3.68881
1.80428 -5.33119
0.796915 -2.24221
2.55938 -0.250757
0.303307 -3.88023
1.43223 -4.41587
0.888969 -4.23433
1.23639 -4.75333
0.971482 -3.91391
1.48329 -5.27994
0.879345 -2.83213
2.10487 0.030527
2.37857 -5.40854
0.95211 -0.0238686
1.7897 -2.45347
1.56327 -0.897298
1.81051 -1.29352
1.67474 -1.07484
1.78179 -1.1337
1.67388 -1.15543
1.811 -1.08105
1.61773 -1.26335
1.90254 -1.05217
1.48033 -1.67978
2.13521 -1.0038
1.88674 -4.67692
0.671725 -3.07407
1.42181 -0.832628
1.87565 -1.45254
1.58955 -1.155
1.88987 -1.12991
1.5128 -1.50793
2.06595 -1.05414
1.50592 -3.55601
1.94392 -5.2228
0.756527 -2.12281
2.59374 -0.355922
0.242937 -3.57626
1.46575 -4.33964
0.896862 -4.34876
1.19778 -4.59436
0.993397 -4.15039
1.2339 -4.89294
0.975512 -3.72087
1.76936 -5.37017
0.809524 -2.22795
2.55995 -0.291036
0.308691 -3.88977
1.43231 -4.42412
0.886741 -4.21929
1.24343 -4.77471
0.968235 -3.88028
1.53135 -5.32131
0.865949 -2.69229
2.28283 -0.00194871
1.61725 -6.05304
1.1041 -0.145037
1.75382 -2.21869
1.77201 -0.616805
1.52011 -1.80252
2.12599 -0.883095
1.89356 -4.67588
0.669613 -3.05964
1.45219 -0.725854
1.81208 -1.48295
1.7095 -0.951207
1.70001 -1.24185
1.81051 -1.02354
1.60153 -1.32358
1.93677 -1.03744
1.43681 -1.94841
2.21582 -0.867014
2.27726 -5.39406
0.870339 -0.546838
2.03126 -2.25433
1.51922 -3.81507
1.56515 -5.55099
0.875347 -2.03677
2.55713 -0.704498
0.369904 -4.0087
1.41653 -4.46513
0.886165 -4.16306
1.26968 -4.85682
0.957083 -3.74847
1.72594 -5.38109
0.819988 -2.28409
2.54261 -0.235277
0.345485 -4.04094
1.38237 -4.32161
0.951334 -4.4601
1.14707 -4.43813
1.03912 -4.39833
1.10777 -4.49975
1.0523 -4.3308
1.11832 -4.59532
1.03887 -4.19773
1.18518 -4.81426
0.999384 -3.86476
1.56024 -5.35728
0.859461 -2.57707
2.38778 -0.0486055
0.965027 -5.43368
0.995362 -1.75311
2.45232 -1.27001
0.821512 -5.05031
1.04264 -2.97486
1.89902 -0.0835231
1.70586 -4.10081
0.879933 -4.55836
1.17147 -4.30272
1.06815 -4.60699
1.06693 -4.20653
1.16791 -4.79818
1.00828 -3.89719
1.51109 -5.324
0.872071 -2.70582
2.26892 -0.00088006
1.70996 -6.08129
1.11719 -0.00909467
1.70448 -2.3663
1.81006 -0.531837
1.47135 -2.12875
2.19256 -0.693713
2.28558 -5.31237
0.838697 -0.698129
2.11471 -2.23727
2.04241 -5.09024
0.721665 -2.07603
2.60961 -0.367505
0.21632 -3.42476
1.40767 -4.03332
1.21591 -5.13306
0.972239 -3.28114
1.27253 -1.95249
2.33334 -0.982761
1.72194 -5.98671
1.04042 -0.354728
1.86415 -2.12351
1.55069 -1.02914
1.87297 -1.22757
1.55871 -1.32231
1.97297 -1.08297
1.40859 -2.22169
2.2427 -0.652616
2.22524 -5.70331
1.00639 0.0176915
1.75023 -2.45646
1.65572 -0.697165
1.65344 -1.46843
1.92653 -0.92204
1.43501 -2.05232
2.22484 -0.784139
2.27917 -5.49582
0.922255 -0.290338
1.89884 -2.29605
1.40227 -1.58393
2.16598 -1.15525
2.03079 -4.93851
0.691255 -2.34951
2.53087 0.026474
0.320009 -4.01982
1.37335 -4.25774
0.992575 -4.60215
1.10917 -4.23734
1.13115 -4.73909
1.02812 -3.99895
1.36895 -5.17269
0.91769 -3.14751
1.46482 -0.76362
1.82069 -1.44904
1.68924 -0.988255
1.73512 -1.20008
1.75535 -1.05752
1.68431 -1.18719
1.81056 -1.0592
1.61198 -1.28501
1.91491 -1.04637
1.4633 -1.76939
2.16747 -0.968526
2.10111 -5.0208
0.705292 -2.00449
2.62106 -0.466284
0.209562 -3.33555
1.35149 -3.74072
1.82314 -5.51894
0.82922 -1.75016
2.54252 -1.17212
0.42998 -4.10591
1.39606 -4.48332
0.894019 -4.15242
1.27206 -4.8742
0.956423 -3.72213
1.76001 -5.36538
0.810694 -2.25691
2.55238 -0.254368
0.322076 -3.95125
1.41237 -4.38598
0.908876 -4.30857
1.20158 -4.64911
0.989873 -4.07564
1.2941 -5.02202
0.94848 -3.47684
1.5952 -4.40531
0.800992 -4.05641
1.36423 -4.98409
0.916703 -3.48483
1.63287 -4.52888
0.764619 -3.78258
1.61858 -5.2614
0.835735 -2.71325
2.25423 0.0271554
1.78127 -6.09398
1.12745 0.0937798
1.67452 -2.51358
1.78234 -0.504272
1.48493 -2.06887
2.18088 -0.730622
2.2508 -5.22101
0.78707 -1.05508
2.3068 -2.08563
1.4354 -5.75519
0.952262 -1.30193
2.31704 -1.79057
1.59913 -5.87834
0.980187 -0.837995
2.09976 -2.01601
1.75399 -4.50054
0.707003 -3.61415
1.74376 -5.16053
0.787567 -2.68902
2.27102 0.0526114
1.6474 -6.07
1.11385 -0.0760209
1.72614 -2.28565
1.80329 -0.566118
1.48209 -2.02199
2.1825 -0.769144
2.2423 -5.21258
0.780966 -1.10974
2.33526 -2.04267
1.25898 -5.59871
0.948166 -1.76446
2.4814 -1.23764
0.6701 -4.74733
1.14312 -3.58855
1.82137 -4.99803
0.741992 -2.78512
2.11866 0.0937442
2.35169 -5.57473
1.02565 0.242482
1.69538 -2.76575
1.50751 -0.959051
1.87545 -1.3031
1.56843 -1.26482
1.9459 -1.09817
1.43281 -1.93868
2.21795 -0.878338
2.27647 -5.40549
0.87523 -0.523231
2.01856 -2.25665
1.46111 -3.55552
1.91097 -5.12676
0.743607 -2.37941
2.51475 -0.0279542
0.381212 -4.20931
1.31115 -4.09949
1.17077 -5.00164
0.999756 -3.56192
1.77804 -4.92706
0.743366 -2.97284
1.73924 -0.129108
1.49345 -2.89634
1.72075 -0.430569
1.51058 -2.01672
2.15557 -0.747606
2.14522 -5.05267
0.714634 -1.79904
2.60904 -0.910537
0.264464 -3.47153
1.47648 -4.30756
0.905652 -4.40528
1.18136 -4.51743
1.00818 -4.26563
1.16492 -4.70413
1.01007 -4.02754
1.33793 -5.1143
0.929981 -3.28257
1.26391 -2.09863
2.35293 -0.829302
1.54636 -5.93934
1.0292 -0.592142
1.96825 -2.03383
1.36816 -2.01962
2.27548 -0.861489
2.11139 -5.84592
1.03216 0.00233055
1.74196 -2.42316
1.69673 -0.640867
1.59582 -1.58812
2.01436 -0.916462
1.43364 -3.00891
1.63174 -0.534108
1.60925 -1.66263
2.01622 -0.864374
1.44982 -3.13798
1.40295 -1.20641
2.03806 -1.32753
1.39784 -2.80557
1.95685 -0.241892
1.69474 -4.10798
0.884588 -4.56326
1.16856 -4.29623
1.07257 -4.61952
1.06381 -4.18797
1.18103 -4.83144
1.00146 -3.84226
1.5966 -5.37963
0.851135 -2.48112
2.4528 -0.0956515
0.643191 -4.86105
1.08164 -3.05583
1.74138 -0.234894
1.47871 -2.58364
2.05042 -0.347661
1.95121 -4.70784
0.660151 -2.87754
1.87957 0.039314
1.80648 -4.341
0.692363 -3.78185
1.60481 -5.20293
0.835263 -2.84549
2.06638 0.049703
2.37105 -5.24091
0.861654 -0.441224
1.99166 -2.3043
1.39553 -3.16684
1.40421 -1.17436
2.02508 -1.3378
1.38842 -2.59652
2.1407 -0.3349
2.31265 -5.24681
0.82631 -0.716629
2.13003 -2.2439
2.11094 -5.23547
0.757909 -1.57897
2.53578 -1.40994
0.438369 -4.07877
1.41259 -4.55068
0.877184 -4.03024
1.36221 -5.05528
0.919922 -3.37197
1.33594 -3.30896
1.28473 -2.28259
2.33156 -0.626314
1.65829 -6.00484
1.05866 -0.324469
1.84314 -2.12064
1.60271 -0.9031
1.78187 -1.27034
1.71228 -1.04656
1.73146 -1.16183
1.74789 -1.08306
1.70203 -1.15689
1.78089 -1.07802
1.65805 -1.2045
1.84392 -1.05728
1.56427 -1.38873
1.98942 -1.04677
1.40315 -2.46168
2.19243 -0.44124
2.31603 -5.47725
0.938638 -0.165537
1.84382 -2.35212
1.49523 -1.13202
1.95208 -1.23837
1.43695 -1.82243
2.19768 -0.961391
2.23189 -5.23773
0.785929 -1.10145
2.32844 -2.04788
1.30508 -5.64562
0.947876 -1.63173
2.44348 -1.43038
0.842311 -5.06834
1.03843 -2.97003
1.90755 -0.0774372
1.73558 -4.18661
0.792659 -4.27493
1.27085 -4.68313
0.951224 -3.97835
1.4013 -5.17136
0.905982 -3.12813
1.50147 -0.648679
1.74829 -1.50807
1.81528 -0.873898
1.55068 -1.52611
2.04019 -0.998607
1.45486 -3.23264
1.29971 -2.02904
2.32452 -0.891266
1.78179 -6.00079
1.05144 -0.242158
1.8149 -2.1827
1.64761 -0.795707
1.70003 -1.3584
1.84448 -0.955729
1.5368 -1.51885
2.04983 -1.01897
1.47083 -3.34876
1.38827 -3.4382
1.51722 -4.04046
1.12807 -5.03145
1.01187 -3.50003
1.63185 -4.50033
0.76688 -3.83104
1.56611 -5.23192
0.850231 -2.84257
2.07771 0.0438714
2.3788 -5.28478
0.888209 -0.304953
1.92254 -2.32964
1.35562 -1.99433
2.2823 -0.893154
2.07677 -5.87851
1.03765 -0.0103876
1.74297 -2.40538
1.70543 -0.633911
1.58555 -1.61255
2.02971 -0.915272
1.45812 -3.22628
1.30222 -1.98605
2.31835 -0.933496
1.83461 -5.99445
1.05101 -0.193156
1.79696 -2.22023
1.67482 -0.738291
1.65271 -1.43524
1.9188 -0.939161
1.44404 -1.96296
2.21141 -0.849002
2.27744 -5.36921
0.859047 -0.604675
2.06234 -2.24772
1.70526 -4.40445
0.739312 -3.8742
1.5212 -5.17143
0.862044 -3.01196
1.74668 -0.156273
1.48813 -2.8457
1.79542 -0.355406
1.46395 -2.50029
2.11357 -0.401088
2.19219 -5.05959
0.722141 -1.61191
2.56576 -1.30747
0.361605 -3.81118
1.50741 -4.6818
0.826838 -3.73325
1.69431 -5.31262
0.819268 -2.49008
2.44947 -0.0537354
0.642001 -4.86517
1.07955 -3.03291
1.78883 -0.181252
1.4902 -2.98858
1.58917 -0.64268
1.68485 -1.50056
1.89812 -0.886046
1.4574 -1.90766
2.19439 -0.87847
2.24321 -5.24305
0.791975 -1.04131
2.29752 -2.0936
1.49959 -5.7985
0.956645 -1.15464
2.25175 -1.89435
2.0072 -5.82088
0.972187 -0.39335
1.91387 -2.18555
1.41467 -1.54885
2.14763 -1.15923
1.90924 -4.73582
0.674935 -2.94323
1.74205 -0.104676
1.50071 -2.98924
1.57295 -0.682821
1.71365 -1.45864
1.85263 -0.898261
1.51177 -1.63614
2.1001 -0.989921
1.68083 -4.19722
0.830783 -4.36408
1.22941 -4.57007
0.976622 -4.16089
1.23352 -4.87328
0.975503 -3.75027
1.73068 -5.38945
0.820096 -2.25622
2.55038 -0.270465
0.330369 -3.97759
1.40516 -4.37534
0.916482 -4.33521
1.19039 -4.61188
0.996984 -4.13219
1.24551 -4.92475
0.97017 -3.66521
1.81912 -5.28873
0.787499 -2.29834
2.54428 -0.167304
0.327269 -3.99389
1.39387 -4.33537
0.938697 -4.42318
1.15987 -4.48982
1.02364 -4.31701
1.13794 -4.62274
1.02657 -4.15075
1.22127 -4.89614
0.981596 -3.72351
1.7686 -5.37437
0.810292 -2.21995
2.56159 -0.303449
0.306575 -3.87786
1.43627 -4.43167
0.882691 -4.2018
1.25275 -4.7995
0.964009 -3.84002
1.59122 -5.35938
0.851072 -2.5362
2.41785 -0.0619838
0.802965 -5.17252
1.01302 -2.36525
2.46198 -0.390965
0.697716 -4.92891
1.06768 -3.00937
1.83513 -0.135407
1.54421 -3.44053
1.77783 -4.75713
0.71797 -3.19878
1.25897 -1.92087
2.33701 -1.02205
1.69423 -5.97779
1.03516 -0.40932
1.88881 -2.1014
1.49922 -1.19501
1.97298 -1.20753
1.41173 -2.05945
2.24427 -0.795521
2.23808 -5.64282
0.977643 -0.0915718
1.79831 -2.37088
1.59522 -0.844776
1.76414 -1.31584
1.7495 -0.996837
1.67095 -1.23669
1.84106 -1.0335
1.56207 -1.40654
1.99667 -1.04118
1.40356 -2.55851
2.14766 -0.363381
2.31351 -5.26177
0.83304 -0.679764
2.10982 -2.25092
2.02712 -5.06386
0.717075 -2.16621
2.59463 -0.212355
0.221606 -3.521
1.43879 -4.20915
0.992136 -4.66551
1.10432 -4.14725
1.19611 -4.90889
0.993329 -3.71666
1.78159 -5.37085
0.807281 -2.20212
2.56619 -0.323863
0.2984 -3.83904
1.44725 -4.44734
0.873122 -4.16283
1.27541 -4.85473
0.954122 -3.747
1.72678 -5.37928
0.819569 -2.28676
2.5419 -0.231396
0.346761 -4.0464
1.38031 -4.31628
0.955057 -4.47256
1.14327 -4.42073
1.04477 -4.42603
1.09917 -4.45895
1.06266 -4.39123
1.09616 -4.50224
1.05872 -4.33304
1.1142 -4.59026
1.04148 -4.2066
1.17878 -4.79889
1.00266 -3.89019
1.52115 -5.32977
0.869312 -2.68269
2.29331 -0.00839574
1.55164 -6.02248
1.09251 -0.255212
1.79967 -2.13317
1.70079 -0.727395
1.62435 -1.4758
1.9589 -0.942889
1.41426 -2.30537
2.22594 -0.574769
2.26571 -5.62444
0.985959 -0.0220379
1.77201 -2.4285
1.62282 -0.768274
1.71015 -1.37901
1.8376 -0.94237
1.54218 -1.51026
2.04305 -1.01653
1.45598 -3.24714
1.29416 -2.18367
2.33303 -0.730663
1.68097 -6.00143
1.05381 -0.327172
1.8466 -2.12432
1.59306 -0.923376
1.79792 -1.26033
1.68597 -1.07743
1.77103 -1.13181
1.68784 -1.1417
1.79146 -1.08788
1.64684 -1.21404
1.85833 -1.05764
1.54363 -1.4444
2.02317 -1.04571
1.41819 -2.90502
1.80981 -0.306135
1.46605 -2.72132
1.96057 -0.291697
1.65575 -3.99507
1.0535 -4.95614
1.04636 -3.64208
1.84928 -5.22628
0.771768 -2.35182
2.52566 -0.0901538
0.36359 -4.13829
1.34035 -4.19361
1.05861 -4.7666
1.06424 -3.98491
1.3839 -5.21342
0.911869 -3.0522
1.6863 -0.256163
1.49738 -2.32213
2.13949 -0.524069
2.2086 -5.1046
0.737621 -1.46473
2.50958 -1.5895
0.503101 -4.25041
1.34636 -4.40623
0.938263 -4.32651
1.18084 -4.62212
1.00213 -4.12508
1.24909 -4.93801
0.968544 -3.64231
1.82802 -5.23738
0.777773 -2.37888
2.51286 -0.0762679
0.400199 -4.25656
1.29619 -4.05956
1.22937 -5.10055
0.970654 -3.35249
1.28865 -2.88426
1.9612 -0.175708
1.78398 -4.33699
0.706034 -3.84091
1.55135 -5.17489
0.851451 -2.96877
1.83682 -0.0582379
1.60509 -3.7206
1.67913 -5.62336
0.869817 -1.6934
2.50598 -1.30611
0.55339 -4.45023
1.26083 -4.09635
1.19448 -5.0176
0.989466 -3.52697
1.70977 -4.73106
0.739981 -3.36028
1.41701 -3.8045
1.67022 -5.56169
0.857899 -1.89477
2.55429 -0.938794
0.392636 -4.03179
1.41729 -4.49946
0.880125 -4.10552
1.3055 -4.94183
0.942263 -3.59771
1.81536 -5.1121
0.761514 -2.62466
2.33521 0.0539702
1.22114 -5.76734
1.0317 -0.926234
2.11211 -1.92036
1.77546 -4.54065
0.697988 -3.50817
1.72142 -4.9014
0.758336 -3.11435
1.41343 -0.893312
1.90614 -1.4341
1.52985 -1.31995
1.99481 -1.11778
1.39931 -2.42135
2.21021 -0.476558
2.29027 -5.578
0.976419 -0.0330877
1.78019 -2.42505
1.60539 -0.805927
1.73995 -1.34506
1.79032 -0.96479
1.60984 -1.34084
1.93455 -1.02137
1.43747 -1.95449
2.21593 -0.861625
2.27791 -5.39681
0.872009 -0.537328
2.0263 -2.25564
1.49538 -3.71553
1.81074 -5.58123
0.845691 -1.60284
2.49267 -1.4376
0.59226 -4.52926
1.2314 -4.00206
1.33531 -5.23086
0.927255 -3.03494
1.73561 -0.191024
1.48273 -2.68744
1.96876 -0.307197
1.66524 -4.0304
0.996181 -4.83726
1.08377 -3.8627
1.57921 -5.40586
0.8576 -2.43604
2.47626 -0.136593
0.554076 -4.65519
1.1496 -3.46906
1.50105 -4.03858
1.14389 -5.05277
1.00411 -3.45594
1.50552 -4.0905
1.06987 -4.90769
1.04729 -3.74384
1.76718 -5.41153
0.816213 -2.13628
2.5743 -0.441125
0.295555 -3.79162
1.46535 -4.48465
0.856478 -4.07938
1.33096 -4.97339
0.931433 -3.52952
1.73064 -4.81129
0.742242 -3.21658
1.25534 -2.02783
2.3535 -0.909543
1.55361 -5.93579
1.02511 -0.608328
1.97719 -2.03353
1.36043 -2.15681
2.28555 -0.736216
2.02703 -5.93885
1.05928 0.0318654
1.7207 -2.4443
1.73096 -0.586765
1.54706 -1.74134
2.09138 -0.88924
1.68844 -4.20504
0.820063 -4.33016
1.24264 -4.6144
0.967316 -4.09131
1.28703 -4.98864
0.951528 -3.53732
1.74124 -4.83518
0.741802 -3.16567
1.30592 -1.4431
2.17949 -1.35279
2.08384 -5.04474
0.710638 -2.02167
2.61824 -0.444486
0.211464 -3.35871
1.3682 -3.83017
1.63572 -5.53551
0.85943 -2.01526
2.56347 -0.720228
0.35342 -3.94364
1.43953 -4.50942
0.866877 -4.06657
1.3366 -4.99625
0.929566 -3.48924
1.63831 -4.54153
0.76146 -3.75375
1.64929 -5.2689
0.827221 -2.65258
2.31891 0.0117795
1.36141 -5.89545
1.05699 -0.615122
1.96443 -1.98949
1.38017 -1.90028
2.25259 -0.956561
2.21972 -5.65162
0.970835 -0.144251
1.81974 -2.33473
1.56355 -0.932071
1.8245 -1.27166
1.64748 -1.12235
1.82597 -1.10993
1.60433 -1.27336
1.91804 -1.05882
1.46121 -1.77385
2.16998 -0.967983
2.11478 -5.04073
0.710083 -1.92561
2.62106 -0.63458
0.225493 -3.3572
1.37998 -3.87659
1.52845 -5.48278
0.875694 -2.27113
2.53203 -0.336459
0.397015 -4.18808
1.3346 -4.21322
1.04507 -4.72439
1.07346 -4.0514
1.29923 -5.09134
0.945358 -3.34804
1.28918 -2.90595
1.93139 -0.18105
1.6848 -4.06184
0.938971 -4.70938
1.12414 -4.07586
1.25989 -5.0547
0.961912 -3.43576
1.46941 -3.96384
1.29346 -5.27489
0.936771 -2.92977
1.95865 -0.0153587
1.98659 -4.70886
0.653021 -2.78487
2.06044 0.124579
2.39285 -5.29434
0.904373 -0.211138
1.87832 -2.36063
1.41393 -1.48871
2.12982 -1.1915
1.78038 -4.47638
0.695061 -3.60006
1.74395 -5.1347
0.78408 -2.73182
2.21629 0.0657406
1.97906 -6.06187
1.13784 0.304293
1.65088 -2.91933
1.42291 -1.23008
2.03508 -1.29175
1.3983 -2.7856
1.9777 -0.243699
1.76246 -4.29713
0.7283 -3.96856
1.44384 -5.05784
0.885736 -3.29227
1.25896 -2.38133
2.33076 -0.520574
1.62063 -6.00192
1.06148 -0.345589
1.85013 -2.10492
1.59118 -0.933502
1.80352 -1.25452
1.67604 -1.0917
1.78649 -1.12209
1.66396 -1.17332
1.82737 -1.07304
1.59223 -1.31636
1.94275 -1.04993
1.43185 -1.9803
2.22293 -0.845994
2.27808 -5.45474
0.900262 -0.396747
1.95263 -2.27359
1.34558 -2.31361
2.2821 -0.587599
2.00133 -5.97265
1.07465 0.0717023
1.70341 -2.49151
1.73709 -0.563208
1.53455 -1.79885
2.11237 -0.869253
1.81877 -4.52419
0.67915 -3.44277
1.63394 -4.61104
0.763595 -3.65457
1.74414 -5.23358
0.79692 -2.55798
2.4008 0.00199585
0.862014 -5.28093
1.00186 -2.09402
2.50051 -0.753975
0.579883 -4.61282
1.1839 -3.71897
1.8418 -5.4181
0.806003 -1.96395
2.58422 -0.73363
0.302634 -3.73044
1.49527 -4.5538
0.833343 -3.93345
1.45947 -5.16937
0.884556 -3.08201
1.59612 -0.410938
1.58935 -1.81843
2.06094 -0.799214
1.60183 -3.91339
1.25513 -5.27384
0.946828 -2.92639
1.96813 -0.0161229
2.02066 -4.76201
0.657377 -2.62246
2.30457 0.127687
1.35747 -5.90501
1.06602 -0.56676
1.93939 -1.99539
1.41984 -1.58975
2.15594 -1.13011
1.9734 -4.8439
0.680612 -2.6402
2.29282 0.114476
1.44592 -5.97163
1.08346 -0.392337
1.8582 -2.05368
1.58781 -0.956771
1.81555 -1.24139
1.65431 -1.12641
1.82075 -1.10479
1.61053 -1.26419
1.90943 -1.05781
1.47215 -1.71632
2.14969 -0.991776
1.98547 -4.84794
0.679356 -2.60288
2.33505 0.110884
1.17759 -5.72654
1.02746 -1.00961
2.1507 -1.89369
2.02948 -5.02255
0.70843 -2.22565
2.57989 -0.116476
0.23439 -3.62351
1.45098 -4.3157
0.916266 -4.41341
1.17405 -4.50565
1.01363 -4.28653
1.15389 -4.67099
1.01648 -4.07799
1.28492 -5.02532
0.952355 -3.4766
1.59251 -4.3959
0.804817 -4.0784
1.34916 -4.9552
0.922341 -3.54169
1.75425 -4.88687
0.744926 -3.07292
1.49579 -0.615191
1.73758 -1.53935
1.83651 -0.854791
1.51997 -1.63308
2.09266 -0.981537
1.6461 -4.09201
0.946711 -4.70264
1.12178 -4.08868
1.24643 -5.02804
0.968272 -3.49092
1.62489 -4.49091
0.77126 -3.85779
1.53824 -5.21178
0.858375 -2.91605
1.94998 0.0113803
1.99273 -4.71331
0.652694 -2.76272
2.09949 0.131175
2.37399 -5.50949
1.00614 0.191911
1.71084 -2.68631
1.55494 -0.84654
1.79568 -1.33184
1.70677 -1.02162
1.72867 -1.17946
1.75691 -1.06912
1.6862 -1.17864
1.80568 -1.06425
1.62023 -1.26783
1.90169 -1.0479
1.48072 -1.68031
2.13504 -1.00302
1.88596 -4.67537
0.671719 -3.07795
1.41334 -0.86448
1.89401 -1.44694
1.554 -1.24475
1.95056 -1.12273
1.4298 -1.9467
2.22125 -0.87475
2.27662 -5.43118
0.887656 -0.460742
1.98563 -2.26402
1.36784 -2.89791
1.87477 -0.241657
1.52442 -3.3788
1.55178 -4.12833
0.991235 -4.75214
1.09659 -4.0126
1.34297 -5.17405
0.926887 -3.15916
1.44471 -0.834289
1.863 -1.42803
1.6102 -1.12113
1.85985 -1.13156
1.55896 -1.36578
1.9867 -1.06323
1.40294 -2.40418
2.21226 -0.490755
2.28765 -5.58219
0.976912 -0.0342034
1.78028 -2.42359
1.60612 -0.804791
1.7389 -1.34594
1.79196 -0.963915
1.60748 -1.3456
1.9382 -1.02132
1.43378 -1.98483
2.22175 -0.840666
2.27909 -5.44803
0.897536 -0.408534
1.95887 -2.27214
1.34536 -2.41828
2.2575 -0.487263
2.10792 -5.89944
1.06829 0.14987
1.69001 -2.60993
1.67293 -0.618057
1.60799 -1.58784
2.00225 -0.903838
1.4236 -2.8735
1.84584 -0.286226
1.47994 -3.01521
1.56156 -0.699195
1.72886 -1.4448
1.82943 -0.904978
1.54225 -1.53156
2.04874 -1.00615
1.47194 -3.35206
1.39641 -3.48397
1.66951 -4.51516
0.747092 -3.745
1.65437 -5.25989
0.824879 -2.66266
2.30825 0.0172584
1.42847 -5.94852
1.07122 -0.472296
1.8971 -2.02807
1.50251 -1.20643
1.97489 -1.19883
1.40977 -2.08978
2.24673 -0.77032
2.22782 -5.67335
0.989349 -0.0525799
1.77976 -2.39612
1.62487 -0.773992
1.71079 -1.3739
1.83548 -0.945158
1.54569 -1.49852
2.03691 -1.01788
1.44358 -3.15139
1.3891 -1.27019
2.07003 -1.32171
1.4592 -3.35785
1.39319 -3.47043
1.6231 -4.38403
0.790231 -4.0549
1.36863 -4.98128
0.914582 -3.48515
1.63472 -4.535
0.76345 -3.76984
1.63229 -5.26577
0.831962 -2.6845
2.28616 0.0198282
1.57555 -6.03733
1.09926 -0.202774
1.77678 -2.16947
1.73988 -0.666719
1.5653 -1.62988
2.05249 -0.929207
1.50872 -3.54106
1.93171 -5.16999
0.74814 -2.2519
2.5659 -0.155366
0.270871 -3.77622
1.44747 -4.4011
0.884841 -4.24654
1.2339 -4.73571
0.972454 -3.93899
1.44914 -5.24409
0.889824 -2.93993
1.9194 -0.0148549
1.85123 -4.45648
0.663341 -3.47595
1.68499 -4.78849
0.7566 -3.3271
1.33458 -3.36195
1.31222 -2.92242
1.89045 -0.206109
1.57098 -3.62604
1.91052 -5.5377
0.830476 -1.49418
2.46442 -1.5952
0.688719 -4.73548
1.15287 -3.68258
1.86654 -5.33671
0.787585 -2.0903
2.58843 -0.468644
0.267492 -3.65643
1.48218 -4.45051
0.853483 -4.11939
1.30699 -4.91359
0.940625 -3.63834
1.82035 -5.2307
0.778361 -2.40824
2.4983 -0.0552115
0.443763 -4.38745
1.24564 -3.87973
1.55705 -5.455
0.866801 -2.32751
2.51853 -0.254329
0.424942 -4.29164
1.29148 -4.06927
1.2178 -5.07797
0.976465 -3.40186
1.37368 -3.51773
1.747 -4.72478
0.724904 -3.30094
1.30548 -3.16976
1.4567 -0.927452
1.89496 -1.37047
1.54374 -1.30343
1.97862 -1.10848
1.40555 -2.24623
2.24265 -0.631753
2.22147 -5.71506
1.01134 0.0343716
1.74318 -2.47255
1.66101 -0.682819
1.6432 -1.48987
1.9429 -0.919441
1.42242 -2.19614
2.23296 -0.668275
2.25858 -5.61949
0.977843 -0.0657685
1.78977 -2.39342
1.60232 -0.822172
1.74913 -1.33204
1.77455 -0.976648
1.63353 -1.29544
1.89787 -1.02364
1.48141 -1.69051
2.1368 -0.996205
1.90063 -4.70204
0.671693 -3.00822
1.5782 -0.386118
1.59228 -1.84179
2.06034 -0.782735
1.60929 -3.93724
1.20196 -5.19884
0.968738 -3.11523
1.57079 -0.491828
1.63676 -1.67725
1.98896 -0.830772
1.42691 -2.85835
1.86126 -0.280514
1.49182 -3.14614
1.35523 -1.49218
2.16734 -1.26494
2.01767 -4.93058
0.69106 -2.3987
2.50398 0.0537252
0.392081 -4.26144
1.28741 -4.01177
1.30431 -5.21333
0.937937 -3.08476
1.62538 -0.368926
1.55637 -1.93159
2.10577 -0.762783
1.8529 -4.58224
0.670561 -3.28169
1.30089 -3.15918
1.47884 -0.851827
1.84955 -1.38594
1.62814 -1.10452
1.83771 -1.1298
1.59216 -1.28825
1.9337 -1.06318
1.44291 -1.88579
2.20317 -0.909114
2.25638 -5.2909
0.815364 -0.878877
2.20946 -2.17988
2.03325 -5.75809
0.943651 -0.509833
1.9766 -2.1742
1.34965 -2.4522
2.24293 -0.455634
2.16984 -5.83005
1.05468 0.157812
1.69468 -2.62446
1.64965 -0.654562
1.64172 -1.51555
1.95068 -0.907972
1.41765 -2.28921
2.22576 -0.587796
2.26802 -5.61429
0.981507 -0.0384058
1.77927 -2.4159
1.61355 -0.791231
1.72724 -1.3573
1.81025 -0.954639
1.58116 -1.40376
1.97946 -1.021
1.40599 -2.38824
2.21412 -0.503973
2.28521 -5.586
0.977338 -0.0353631
1.78043 -2.42214
1.60672 -0.803929
1.73805 -1.34662
1.79326 -0.963251
1.60562 -1.34938
1.94108 -1.02129
1.43097 -2.00932
2.22591 -0.823052
2.27678 -5.48686
0.915923 -0.323488
1.91508 -2.28708
1.37771 -1.77233
2.23037 -1.05967
2.25804 -5.45099
0.88612 -0.49629
2.0013 -2.25267
1.39881 -3.17793
1.38505 -1.26812
2.07161 -1.32801
1.46306 -3.3831
1.4576 -3.78513
1.68839 -5.57858
0.858436 -1.8196
2.54179 -1.0769
0.433635 -4.13995
1.3801 -4.43276
0.912917 -4.25223
1.21774 -4.72873
0.981152 -3.96001
1.42162 -5.21611
0.898938 -3.02114
1.75032 -0.163451
1.48696 -2.84073
1.80332 -0.348955
1.46251 -2.56039
2.08373 -0.360687
2.09698 -4.92863
0.685069 -2.16223
2.60125 -0.155387
0.202065 -3.43593
1.3962 -3.99671
1.28255 -5.22998
0.943329 -3.04671
1.71749 -0.220374
1.48436 -2.52672
2.07657 -0.381346
2.04171 -4.85481
0.673221 -2.43716
2.47807 0.0893525
0.469176 -4.4855
1.20206 -3.68241
1.87882 -5.34646
0.787774 -2.0396
2.59168 -0.559888
0.270789 -3.64019
1.48907 -4.46404
0.847156 -4.08779
1.32857 -4.95775
0.932004 -3.55535
1.77396 -4.9462
0.7476 -2.95471
1.78607 -0.0742589
1.53562 -3.33308
1.45031 -3.73181
1.80688 -5.5661
0.842008 -1.65387
2.51034 -1.35214
0.531504 -4.38142
1.28943 -4.20138
1.07634 -4.77029
1.05537 -3.97513
1.398 -5.227
0.90693 -3.01389
1.77166 -0.14091
1.49756 -3.02406
1.52341 -0.803467
1.79987 -1.37993
1.71082 -0.995325
1.71473 -1.20357
1.78131 -1.04852
1.64821 -1.23366
1.86349 -1.04616
1.53349 -1.48069
2.04188 -1.04124
1.44725 -3.19018
1.33726 -1.59259
2.20952 -1.22788
2.21953 -5.27829
0.795815 -1.06648
2.30654 -2.07196
1.45029 -5.76741
0.953837 -1.26057
2.29879 -1.82268
1.72246 -5.91037
0.988152 -0.639425
2.00904 -2.07146
1.36744 -2.80043
1.99367 -0.224667
1.84593 -4.48779
0.666447 -3.43856
1.62912 -4.60071
0.765611 -3.67739
1.72701 -5.25464
0.804029 -2.54978
2.40768 -0.00819188
0.83009 -5.2265
1.00671 -2.22316
2.4923 -0.56742
0.591793 -4.67183
1.15669 -3.56663
1.78082 -4.87555
0.734501 -3.03656
1.57396 -0.414058
1.60503 -1.79292
2.041 -0.79826
1.53228 -3.62581
1.93204 -5.48116
0.814668 -1.58518
2.50492 -1.44667
0.541139 -4.39065
1.28734 -4.20584
1.07368 -4.76116
1.05715 -3.98958
1.37817 -5.20193
0.914014 -3.08045
1.62056 -0.370815
1.56003 -1.92056
2.10124 -0.766297
1.82411 -4.52279
0.676908 -3.43328
1.61711 -4.55768
0.771434 -3.76138
1.64379 -5.27434
0.829331 -2.65001
2.32178 0.00917066
1.34433 -5.88065
1.05324 -0.654024
1.98296 -1.98112
1.36255 -2.1637
2.28374 -0.728607
2.03646 -5.9328
1.0587 0.0387839
1.71915 -2.45341
1.72848 -0.586931
1.54925 -1.73515
2.08826 -0.890297
1.67189 -4.15721
0.865548 -4.48136
1.1901 -4.41237
1.02091 -4.4156
1.11464 -4.4812
1.05062 -4.35293
1.11255 -4.56233
1.04404 -4.24436
1.1573 -4.73476
1.01412 -3.99097
1.38032 -5.18055
0.913533 -3.12415
1.516 -0.610671
1.72262 -1.53678
1.857 -0.855802
1.49644 -1.72349
2.13186 -0.958672
1.88773 -4.67367
0.670956 -3.07615
1.41652 -0.852136
1.88697 -1.44904
1.56764 -1.20829
1.92694 -1.12486
1.45876 -1.7503
2.16718 -0.986087
2.09262 -5.01069
0.703051 -2.04876
2.61789 -0.37819
0.204714 -3.34751
1.35503 -3.76591
1.7758 -5.54096
0.838958 -1.78518
2.54504 -1.11855
0.423035 -4.09474
1.39897 -4.4832
0.892468 -4.14986
1.27412 -4.87776
0.955506 -3.71551
1.76755 -5.35931
0.8083 -2.25583
2.55322 -0.251848
0.319416 -3.94196
1.41501 -4.39015
0.90606 -4.2983
1.20603 -4.66348
0.98725 -4.05373
1.31531 -5.05966
0.93945 -3.39775
1.38208 -3.57448
1.88182 -5.0748
0.740174 -2.53456
2.41383 0.0477934
0.768316 -5.12635
1.02013 -2.43126
2.4377 -0.325779
0.805913 -5.14229
1.0174 -2.51967
2.39917 -0.239464
0.997392 -5.45733
0.990463 -1.75446
2.4554 -1.26703
0.804211 -5.01844
1.05179 -3.04432
1.76166 -0.200567
1.4807 -2.78104
1.88142 -0.306785
1.49738 -3.21972
1.29714 -2.18323
2.33098 -0.730526
1.69692 -6.00526
1.05558 -0.303195
1.8363 -2.13718
1.61338 -0.875463
1.76182 -1.28774
1.7454 -1.01383
1.6817 -1.21579
1.82276 -1.04233
1.59014 -1.33663
1.95103 -1.04259
1.42347 -2.06494
2.23488 -0.782215
2.26206 -5.57481
0.95412 -0.166577
1.83619 -2.33526
1.52297 -1.04621
1.89975 -1.24557
1.51753 -1.43798
2.0418 -1.08091
1.43803 -3.1299
1.42613 -1.09976
1.98316 -1.33672
1.40446 -2.0439
2.24936 -0.814341
2.22313 -5.67462
0.987004 -0.0683788
1.78598 -2.38333
1.61768 -0.792478
1.72435 -1.35624
1.8137 -0.954971
1.57679 -1.41339
1.98614 -1.02136
1.40471 -2.46389
2.19011 -0.439121
2.31821 -5.46276
0.932415 -0.190497
1.85604 -2.34219
1.47185 -1.22183
2.00122 -1.23083
1.39381 -2.362
2.23198 -0.530627
2.23837 -5.70069
1.01386 0.0642
1.7341 -2.5071
1.65704 -0.678922
1.64508 -1.49137
1.94125 -0.91716
1.42338 -2.18549
2.2329 -0.677151
2.25967 -5.61393
0.975292 -0.0755751
1.79424 -2.38686
1.59549 -0.839375
1.7617 -1.31993
1.75399 -0.992254
1.66399 -1.24693
1.85169 -1.03066
1.54639 -1.45032
2.02265 -1.03964
1.41866 -2.90721
1.80618 -0.309078
1.46562 -2.69155
1.98739 -0.297988
1.73708 -4.24147
0.764883 -4.14413
1.33052 -4.84994
0.926047 -3.70698
1.76495 -5.34249
0.806434 -2.29788
2.54106 -0.197757
0.342447 -4.03993
1.3806 -4.31163
0.957238 -4.48191
1.14082 -4.40777
1.04903 -4.44671
1.09326 -4.4288
1.07116 -4.43648
1.0823 -4.43456
1.07631 -4.4328
1.08003 -4.43771
1.07705 -4.42929
1.08024 -4.44238
1.07612 -4.42263
1.08201 -4.4522
1.07351 -4.40815
1.08639 -4.47392
1.06782 -4.37619
1.09693 -4.52256
1.05621 -4.30527
1.12509 -4.63407
1.03352 -4.14307
1.22444 -4.91066
0.980069 -3.69937
1.79522 -5.34692
0.801051 -2.2273
2.56216 -0.277738
0.300919 -3.86287
1.43843 -4.42878
0.88222 -4.20479
1.25167 -4.7951
0.964447 -3.84676
1.58103 -5.35385
0.853483 -2.56154
2.39962 -0.0508411
0.897626 -5.33114
0.997775 -1.99489
2.49659 -0.905337
0.60774 -4.65505
1.17143 -3.68176
1.8718 -5.33792
0.787088 -2.0751
2.58987 -0.494475
0.267465 -3.64723
1.48413 -4.45124
0.852272 -4.11587
1.3095 -4.91838
0.939592 -3.62934
1.82154 -5.20825
0.774691 -2.44698
2.47695 -0.0260673
0.514201 -4.57824
1.1731 -3.56847
1.78641 -4.88541
0.734259 -3.01236
1.63367 -0.29223
1.53036 -2.10313
2.13483 -0.667981
2.08971 -4.96379
0.692855 -2.13203
2.60689 -0.215857
0.201464 -3.40475
1.38294 -3.92369
1.42749 -5.39884
0.896687 -2.56715
2.39347 -0.0895014
0.954523 -5.41318
0.994375 -1.81442
2.46801 -1.18115
0.74429 -4.91291
1.08386 -3.24955
1.33657 -1.39638
2.14579 -1.33748
1.86224 -4.66566
0.677493 -3.14486
1.29631 -1.48267
2.19849 -1.34249
2.17538 -5.19932
0.757922 -1.41203
2.47759 -1.68528
0.606605 -4.52337
1.2373 -4.05517
1.25535 -5.11325
0.960647 -3.32037
1.2653 -2.48705
2.29317 -0.416342
1.84524 -6.04456
1.09161 -0.00131555
1.71439 -2.38726
1.7785 -0.552511
1.49803 -1.9506
2.16368 -0.807158
2.15329 -5.07327
0.720465 -1.73384
2.59546 -1.05809
0.295671 -3.58432
1.52173 -4.53618
0.820788 -3.92834
1.46549 -5.16792
0.88228 -3.07883
1.60211 -0.397853
1.58086 -1.84722
2.07309 -0.790838
1.65952 -4.10484
0.921219 -4.64269
1.14079 -4.18068
1.15562 -4.84302
1.01388 -3.83733
1.60762 -5.39058
0.849159 -2.44076
2.47502 -0.122378
0.554631 -4.65898
1.14778 -3.4575
1.4669 -3.9066
1.40888 -5.40984
0.901429 -2.54066
2.41105 -0.110678
0.864117 -5.26956
1.00133 -2.15808
2.49985 -0.656348
0.571704 -4.60916
1.18267 -3.70075
1.86059 -5.3836
0.797071 -2.00073
2.58882 -0.648707
0.285378 -3.67911
1.49496 -4.513
0.836965 -3.99854
1.39801 -5.08261
0.905775 -3.29526
1.25972 -2.34531
2.33824 -0.558485
1.57992 -5.98111
1.05275 -0.42899
1.88821 -2.07074
1.51067 -1.16555
1.95412 -1.2062
1.43203 -1.87612
2.21027 -0.927175
2.26453 -5.33409
0.836791 -0.744746
2.13652 -2.22075
2.12177 -5.2592
0.765853 -1.49117
2.50195 -1.56665
0.534238 -4.34798
1.30644 -4.2831
1.01142 -4.58791
1.09996 -4.25222
1.12723 -4.71403
1.03062 -4.03529
1.32569 -5.10786
0.934784 -3.30214
1.26128 -2.33283
2.3396 -0.571925
1.57494 -5.97751
1.05102 -0.442865
1.89477 -2.06624
1.49665 -1.21505
1.98209 -1.20244
1.4041 -2.16431
2.25048 -0.707043
2.20501 -5.73252
1.0116 0.0168633
1.74789 -2.45226
1.66402 -0.68397
1.64103 -1.49106
1.9455 -0.920655
1.42085 -2.21753
2.23246 -0.650134
2.25788 -5.6263
0.981433 -0.0510193
1.78325 -2.404
1.61151 -0.799149
1.73218 -1.35039
1.80201 -0.95952
1.59326 -1.37538
1.96022 -1.02134
1.41526 -2.18549
2.23992 -0.681737
2.23949 -5.66568
0.992568 -0.0248657
1.76955 -2.42071
1.63377 -0.748946
1.69307 -1.40045
1.86399 -0.934814
1.50647 -1.63465
2.10403 -0.997241
1.69884 -4.24877
0.789477 -4.20717
1.29434 -4.77362
0.941106 -3.8405
1.58519 -5.3449
0.851723 -2.57745
2.38751 -0.0411583
0.962279 -5.43059
0.995548 -1.75807
2.45352 -1.26305
0.815579 -5.04021
1.04546 -2.99564
1.85977 -0.108756
1.59822 -3.71248
1.70806 -5.62629
0.866941 -1.64527
2.49369 -1.38233
0.595929 -4.54803
1.22299 -3.9622
1.40336 -5.31168
0.903919 -2.81096
2.14273 0.0145572
2.3268 -5.62237
1.0336 0.244899
1.69176 -2.76995
1.51065 -0.94752
1.86861 -1.30595
1.58079 -1.2339
1.92511 -1.09981
1.45788 -1.76923
2.17165 -0.97478
2.12104 -5.05087
0.712677 -1.88707
2.61854 -0.720175
0.236324 -3.38586
1.40823 -4.00755
1.25726 -5.19823
0.953431 -3.12623
1.53635 -0.569706
1.69184 -1.57505
1.90481 -0.844718
1.44527 -2.02788
2.21512 -0.796044
2.28472 -5.41771
0.886141 -0.4561
1.98452 -2.26771
1.36691 -2.88852
1.88838 -0.235648
1.5464 -3.51027
1.92908 -5.13876
0.742816 -2.31306
2.54477 -0.0810473
0.307894 -3.94622
1.40283 -4.33722
0.932987 -4.41208
1.16498 -4.50558
1.01881 -4.29196
1.14921 -4.66183
1.01925 -4.09283
1.27053 -4.99909
0.958747 -3.52994
1.72471 -4.78405
0.740759 -3.2632
1.25821 -2.62198
2.2299 -0.294031
2.16072 -5.86672
1.07506 0.230167
1.67601 -2.74671
1.56897 -0.789834
1.76159 -1.36674
1.76576 -0.962245
1.63952 -1.29545
1.89198 -1.01925
1.48833 -1.66164
2.12479 -1.00452
1.81954 -4.54189
0.679806 -3.41425
1.57806 -4.42954
0.805271 -4.0358
1.37687 -5.01461
0.912351 -3.42612
1.47199 -3.98693
1.2499 -5.21446
0.954047 -3.0851
1.63384 -0.358052
1.54775 -1.96677
2.1166 -0.747934
1.92771 -4.72169
0.667985 -2.91748
1.7962 -0.0384654
1.56808 -3.5207
1.9594 -5.23952
0.758263 -2.04846
2.60133 -0.489156
0.244481 -3.53253
1.46664 -4.315
0.907649 -4.39943
1.18133 -4.52518
1.00741 -4.25487
1.16988 -4.72113
1.0073 -4.00187
1.3678 -5.15853
0.918276 -3.17707
1.4011 -0.998246
1.95675 -1.4068
1.43959 -1.71858
2.17474 -1.02863
2.11851 -5.05463
0.713446 -1.88938
2.61836 -0.716837
0.236341 -3.38753
1.40925 -4.01261
1.24824 -5.18503
0.957317 -3.15846
1.46451 -0.777499
1.82683 -1.44093
1.67725 -1.00666
1.75424 -1.18315
1.7257 -1.08253
1.72858 -1.14021
1.74441 -1.0975
1.7111 -1.14163
1.76547 -1.09003
1.68206 -1.17068
1.8075 -1.06989
1.61937 -1.26633
1.902 -1.04935
1.48056 -1.68026
2.13515 -1.00325
1.88656 -4.67654
0.671717 -3.07499
1.41978 -0.840155
1.88002 -1.45111
1.5811 -1.17485
1.90405 -1.12764
1.49129 -1.59205
2.10533 -1.03896
1.68684 -4.22084
0.812377 -4.29563
1.25534 -4.6597
0.959656 -4.02157
1.35308 -5.10435
0.924152 -3.29157
1.2609 -2.2326
2.35285 -0.680941
1.51073 -5.93316
1.03347 -0.604002
1.97121 -2.02411
1.36669 -2.04857
2.27863 -0.835742
2.08988 -5.87265
1.03984 0.0127148
1.73528 -2.43078
1.70708 -0.623379
1.58033 -1.63147
2.03878 -0.91133
1.47878 -3.3665
1.43844 -3.69464
1.87705 -5.51212
0.824028 -1.64567
2.5181 -1.35224
0.502466 -4.29727
1.32345 -4.30995
0.988252 -4.52391
1.11853 -4.34461
1.07883 -4.55413
1.06407 -4.27181
1.13482 -4.68659
1.02689 -4.06824
1.29173 -5.04604
0.949272 -3.43611
1.47763 -3.99936
1.22425 -5.17792
0.965087 -3.17427
1.4341 -0.885086
1.89075 -1.41455
1.55679 -1.24978
1.95011 -1.11745
1.42987 -1.94971
2.22152 -0.872294
2.27675 -5.43414
0.889183 -0.452979
1.98159 -2.26505
1.36172 -2.82142
1.9761 -0.218946
1.78543 -4.3494
0.703063 -3.8138
1.57629 -5.19305
0.844073 -2.9031
1.96719 0.0237168
2.07224 -4.82793
0.664987 -2.38401
2.51108 0.0807031
0.36208 -4.17486
1.31736 -4.10167
1.16542 -4.9948
1.00234 -3.57585
1.79882 -4.99357
0.747551 -2.83855
2.02957 0.0800953
2.32886 -5.13133
0.789941 -0.881585
2.22599 -2.20065
1.91863 -5.84357
0.963278 -0.547459
1.98237 -2.13528
1.35128 -2.45621
2.24016 -0.451889
2.18132 -5.81437
1.05105 0.155091
1.69679 -2.62081
1.64826 -0.658358
1.64439 -1.50974
1.94643 -0.908626
1.41987 -2.24813
2.22987 -0.623383
2.26166 -5.62281
0.982034 -0.0438352
1.78069 -2.41029
1.61371 -0.792609
1.72768 -1.35608
1.80935 -0.955412
1.58255 -1.40027
1.97721 -1.02111
1.40666 -2.36307
2.22022 -0.526013
2.27353 -5.6155
0.986301 -0.011151
1.76857 -2.43926
1.62393 -0.762747
1.70697 -1.38446
1.84297 -0.939831
1.53456 -1.53467
2.05593 -1.01402
1.48848 -3.45315
1.70879 -4.59825
0.72923 -3.54793
1.75319 -5.02388
0.765744 -2.88529
1.95215 0.0465391
2.05031 -4.79276
0.659773 -2.49705
2.43067 0.114823
0.653209 -4.91525
1.06278 -2.86739
2.07408 -0.0576849
2.32546 -5.17299
0.803934 -0.81246
2.18617 -2.22456
2.10167 -5.6488
0.909284 -0.603135
2.03435 -2.18544
1.4829 -3.64862
1.92315 -5.46641
0.810861 -1.64614
2.52565 -1.34036
0.476814 -4.2213
1.35389 -4.39674
0.937069 -4.33767
1.17856 -4.60668
1.0039 -4.14689
1.2324 -4.90029
0.976276 -3.71067
1.78161 -5.36001
0.805635 -2.22634
2.56129 -0.286753
0.304611 -3.87493
1.43596 -4.42787
0.883799 -4.20892
1.24916 -4.78933
0.965603 -3.85641
1.5666 -5.3455
0.856983 -2.59793
2.37112 -0.0360979
1.05807 -5.56408
1.00104 -1.43975
2.34494 -1.64023
1.46621 -5.81821
0.974006 -1.05923
2.20056 -1.93124
2.17724 -5.48041
0.859565 -0.765679
2.13288 -2.18677
2.09446 -5.18536
0.743564 -1.73545
2.58409 -1.09098
0.319916 -3.69275
1.52263 -4.62524
0.81768 -3.79283
1.6195 -5.29519
0.838222 -2.64236
2.33034 -0.000844129
1.29525 -5.83522
1.04238 -0.771726
2.03929 -1.95771
1.40641 -3.15653
1.41201 -1.14468
2.00906 -1.33841
1.38777 -2.36637
2.23619 -0.528237
2.22222 -5.73344
1.02379 0.0873712
1.72364 -2.53206
1.66208 -0.662103
1.63416 -1.51676
1.959 -0.913914
1.41422 -2.35942
2.21422 -0.526908
2.28776 -5.56957
0.969562 -0.0658213
1.79399 -2.40045
1.58767 -0.853276
1.77363 -1.31189
1.73492 -1.00804
1.69206 -1.21043
1.80962 -1.04367
1.60872 -1.29921
1.92248 -1.04239
1.45345 -1.82932
2.18609 -0.938942
2.19904 -5.16701
0.753592 -1.38286
2.46895 -1.72624
0.632902 -4.58284
1.21407 -3.96874
1.39352 -5.29661
0.907113 -2.85317
2.08044 0.0181016
2.37235 -5.27052
0.876372 -0.369623
1.95449 -2.31488
1.34433 -2.4795
2.23718 -0.431089
2.18705 -5.80927
1.05123 0.161869
1.69552 -2.63137
1.64149 -0.667688
1.65374 -1.49361
1.93238 -0.909261
1.42917 -2.12301
2.23053 -0.728222
2.26912 -5.56749
0.954843 -0.154302
1.83146 -2.34327
1.53004 -1.02241
1.88535 -1.25001
1.54228 -1.35804
1.99767 -1.08622
1.40062 -2.50181
2.17829 -0.408241
2.32588 -5.40804
0.909332 -0.285149
1.90363 -2.31409
1.38669 -1.68616
2.20392 -1.11056
2.22028 -5.24784
0.785422 -1.12919
2.34119 -2.02355
1.23136 -5.57039
0.949379 -1.84033
2.49804 -1.11885
0.600625 -4.60347
1.19606 -3.8185
1.67899 -5.48653
0.843931 -2.09635
2.56839 -0.553761
0.323914 -3.87485
1.45213 -4.49939
0.861436 -4.06941
1.33626 -4.99
0.929539 -3.49938
1.66417 -4.61785
0.749963 -3.59586
1.76546 -5.14088
0.77885 -2.68003
2.27914 0.0561487
1.59006 -6.04793
1.10512 -0.163381
1.75974 -2.20027
1.76607 -0.628829
1.5289 -1.76213
2.11147 -0.89778
1.79585 -4.47726
0.687948 -3.56607
1.74548 -5.06886
0.774571 -2.83304
2.0563 0.0742815
2.37059 -5.22374
0.85356 -0.480828
2.01258 -2.29943
1.46607 -3.58742
1.94274 -5.26263
0.764432 -2.04881
2.59927 -0.500191
0.249504 -3.55487
1.47352 -4.35315
0.886896 -4.31312
1.21203 -4.64317
0.984044 -4.07603
1.29532 -5.01965
0.947966 -3.48014
1.60473 -4.43495
0.789548 -3.98699
1.4173 -5.07259
0.897491 -3.29462
1.25946 -2.36758
2.33366 -0.534992
1.6049 -5.99428
1.05816 -0.377197
1.86444 -2.09087
1.56121 -1.0109
1.85786 -1.22829
1.5837 -1.26092
1.93188 -1.0843
1.44748 -1.84174
2.19285 -0.936524
2.22348 -5.21297
0.774731 -1.18916
2.37449 -1.96841
1.04098 -5.33072
0.976364 -2.45825
2.44068 -0.254716
0.764072 -5.07617
1.02995 -2.64648
2.31447 -0.151498
1.51858 -5.98944
1.07417 -0.375003
1.85572 -2.07385
1.58772 -0.950856
1.81326 -1.24517
1.65879 -1.11837
1.81347 -1.10823
1.62199 -1.24201
1.89152 -1.05952
1.49675 -1.60439
2.10427 -1.02558
1.68695 -4.21938
0.813093 -4.29887
1.25411 -4.65546
0.960345 -4.02811
1.34631 -5.09364
0.926833 -3.31596
1.26518 -2.54152
2.26958 -0.365631
1.97565 -6.01172
1.09592 0.135489
1.68037 -2.5838
1.71621 -0.559758
1.55087 -1.7542
2.09006 -0.877512
1.68851 -4.20356
0.820881 -4.33359
1.2414 -4.60988
0.968137 -4.09828
1.28115 -4.97701
0.954084 -3.56007
1.77902 -4.9518
0.746902 -2.93702
1.82617 -0.0335144
1.61059 -3.73356
1.64019 -5.61385
0.873231 -1.76909
2.52332 -1.18067
0.495092 -4.30972
1.31492 -4.26277
1.01942 -4.62576
1.09291 -4.19828
1.16228 -4.81194
1.01106 -3.88035
1.53763 -5.34666
0.865271 -2.62628
2.34713 -0.0300396
1.20646 -5.74217
1.02307 -1.00896
2.15268 -1.89917
2.04383 -5.0478
0.712651 -2.14221
2.60078 -0.239771
0.21472 -3.47159
1.42168 -4.11603
1.09469 -4.91112
1.03729 -3.73849
1.77092 -5.40411
0.814381 -2.14661
2.57355 -0.421228
0.294713 -3.79418
1.46351 -4.47918
0.858336 -4.09063
1.32286 -4.95738
0.934642 -3.56054
1.78083 -4.96835
0.748914 -2.91047
1.8867 0.0147865
1.79351 -4.31573
0.704429 -3.86082
1.53341 -5.15619
0.856642 -3.02469
1.71286 -0.199718
1.48576 -2.56743
2.05174 -0.35717
1.94686 -4.70186
0.660107 -2.89636
1.83721 0.00441948
1.66633 -3.94052
1.12209 -5.09139
1.00506 -3.35881
1.28926 -2.86954
1.97984 -0.174954
1.85333 -4.49417
0.663722 -3.41163
1.57842 -4.43637
0.803723 -4.02276
1.38665 -5.03186
0.908784 -3.38983
1.38001 -3.57308
1.87827 -5.06507
0.73927 -2.55809
2.39383 0.0550584
0.869967 -5.30091
1.00134 -2.02942
2.49781 -0.853895
0.599656 -4.6441
1.17441 -3.68887
1.86807 -5.35557
0.790845 -2.04567
2.59033 -0.554219
0.273005 -3.65289
1.48879 -4.47185
0.845949 -4.07463
1.33763 -4.97655
0.928491 -3.51921
1.71038 -4.75272
0.742279 -3.33032
1.34913 -3.45668
1.53497 -4.113
1.02084 -4.81414
1.0772 -3.9096
1.49806 -5.34436
0.876527 -2.66842
2.30834 -0.0200463
1.45878 -5.96579
1.07405 -0.429693
1.87808 -2.045
1.54265 -1.07531
1.8969 -1.21214
1.51672 -1.45571
2.04776 -1.07381
1.45143 -3.23348
1.30007 -2.01677
2.32312 -0.903612
1.79434 -5.99972
1.05133 -0.230612
1.81063 -2.19121
1.65442 -0.781108
1.68812 -1.37556
1.86322 -0.949994
1.51101 -1.60878
2.09411 -1.00551
1.64221 -4.08326
0.959635 -4.73372
1.11228 -4.03922
1.30605 -5.12639
0.941691 -3.27554
1.2696 -1.97378
2.33817 -0.96207
1.68195 -5.98034
1.03789 -0.407318
1.88664 -2.0991
1.50512 -1.1754
1.96165 -1.20859
1.42338 -1.94409
2.22602 -0.882621
2.27371 -5.4645
0.902405 -0.392658
1.94983 -2.27263
1.34643 -2.26305
2.28886 -0.637091
1.97519 -5.98165
1.07239 0.03713
1.71308 -2.44532
1.74693 -0.566792
1.52739 -1.81928
2.12196 -0.864555
1.8801 -4.64818
0.669577 -3.12817
1.31592 -1.33975
2.137 -1.39078
1.79713 -4.53552
0.688612 -3.47151
1.67866 -4.75265
0.754895 -3.38521
1.46838 -4.01602
1.20372 -5.14103
0.975152 -3.26155
1.29027 -1.71292
2.2721 -1.19067
2.13513 -5.76886
0.993609 -0.141607
1.80726 -2.31489
1.60499 -0.839898
1.75426 -1.31728
1.76368 -0.988914
1.65107 -1.26424
1.87053 -1.02802
1.51938 -1.53627
2.06863 -1.03207
1.52239 -3.63152
1.9295 -5.47983
0.814313 -1.59543
2.50839 -1.4295
0.530095 -4.36267
1.29837 -4.24032
1.04255 -4.68158
1.07719 -4.11393
1.23426 -4.97085
0.974954 -3.59687
1.81912 -5.09545
0.758003 -2.64322
2.31486 0.0614003
1.34749 -5.88912
1.05821 -0.621405
1.96652 -1.9857
1.37812 -1.92469
2.25764 -0.937805
2.20141 -5.69648
0.986492 -0.096348
1.79542 -2.35892
1.6093 -0.817431
1.74151 -1.33496
1.78561 -0.97153
1.61797 -1.32289
1.92139 -1.02269
1.45209 -1.8501
2.19056 -0.925721
2.21895 -5.20132
0.769533 -1.2322
2.39652 -1.9227
0.929832 -5.16135
1.01406 -2.85797
2.08935 -0.034381
2.36147 -5.25895
0.862952 -0.450315
1.99471 -2.29917
1.40161 -3.21065
1.33962 -1.54524
2.19362 -1.25417
2.16284 -5.15965
0.744333 -1.53854
2.53085 -1.46884
0.448318 -4.09915
1.40566 -4.54267
0.881544 -4.04942
1.34539 -5.02788
0.926493 -3.43113
1.4772 -4.00357
1.21752 -5.16716
0.968198 -3.19997
1.38298 -1.09627
2.00656 -1.39455
1.38658 -2.29437
2.25201 -0.594918
2.17307 -5.80384
1.03857 0.095112
1.71483 -2.53654
1.67858 -0.632744
1.60869 -1.57425
1.99851 -0.909909
1.41962 -2.81405
1.92291 -0.258123
1.59138 -3.74013
1.65302 -5.61215
0.870899 -1.76041
2.52256 -1.19366
0.497323 -4.31371
1.3136 -4.26024
1.0217 -4.6318
1.09128 -4.18932
1.169 -4.82858
1.00751 -3.85268
1.58117 -5.37398
0.854811 -2.5132
2.43294 -0.0792604
0.732647 -5.04214
1.03593 -2.66381
2.29938 -0.14388
1.61951 -6.03893
1.09169 -0.200212
1.77954 -2.17812
1.7308 -0.67435
1.57651 -1.59875
2.03516 -0.932387
1.46376 -3.27367
1.29568 -2.51956
2.25824 -0.39157
2.05944 -5.95563
1.08591 0.173741
1.67841 -2.64793
1.66369 -0.621312
1.61701 -1.57244
1.98967 -0.902461
1.41568 -2.71974
2.02201 -0.268843
1.91207 -4.62613
0.65707 -3.08298
1.38911 -0.956772
1.9463 -1.4376
1.45745 -1.60524
2.13393 -1.07439
1.84733 -4.60767
0.675185 -3.25797
1.26914 -2.84903
2.01935 -0.165529
2.02798 -4.80024
0.663886 -2.55095
2.38342 0.117018
0.889138 -5.33976
1.00074 -1.91761
2.48482 -1.0278
0.665344 -4.76797
1.13183 -3.50286
1.60746 -4.3978
0.795816 -4.05244
1.36844 -4.98722
0.914935 -3.47626
1.61103 -4.46313
0.781693 -3.927
1.46993 -5.14391
0.879656 -3.11857
1.50484 -0.630952
1.73853 -1.52193
1.83197 -0.864144
1.52786 -1.60059
2.07834 -0.989038
1.57652 -3.85257
1.41254 -5.45068
0.901064 -2.41636
2.47758 -0.207854
0.570959 -4.68268
1.14224 -3.4416
1.42301 -3.71796
1.84458 -5.53457
0.831425 -1.66107
2.51837 -1.33186
0.503316 -4.30389
1.32039 -4.29813
0.995983 -4.54953
1.11172 -4.30821
1.09568 -4.61568
1.0509 -4.1825
1.18987 -4.84113
0.997003 -3.82332
1.62596 -5.39072
0.844534 -2.41668
2.48748 -0.135819
0.50825 -4.54294
1.19042 -3.66432
1.88314 -5.29472
0.777677 -2.13803
2.58562 -0.370316
0.261054 -3.66022
1.47437 -4.42472
0.863573 -4.17444
1.27392 -4.83604
0.954228 -3.77399
1.68844 -5.38388
0.828723 -2.341
2.52189 -0.184563
0.397836 -4.22501
1.31349 -4.12942
1.1347 -4.92894
1.01954 -3.70252
1.8074 -5.35836
0.80063 -2.17658
2.57288 -0.350522
0.286429 -3.78091
1.46115 -4.45935
0.863137 -4.12715
1.29875 -4.90485
0.944298 -3.65758
1.81408 -5.27305
0.786097 -2.34053
2.52873 -0.121794
0.361891 -4.12501
1.34684 -4.21603
1.03669 -4.7117
1.07846 -4.07195
1.27547 -5.0527
0.955761 -3.4325
1.46372 -3.94268
1.33815 -5.32987
0.921417 -2.77906
2.18856 -0.00498763
2.17962 -5.88837
1.10307 0.3577
1.66528 -3.01743
1.3207 -1.96972
2.3039 -0.938868
1.94144 -5.96549
1.05014 -0.0925957
1.76246 -2.31018
1.71347 -0.653379
1.58525 -1.59737
2.02662 -0.923306
1.45012 -3.16662
1.36327 -1.41615
2.13718 -1.29319
1.80777 -4.54849
0.684918 -3.42949
1.60749 -4.52363
0.777645 -3.83014
1.56842 -5.24087
0.850061 -2.82195
2.11056 0.0441224
2.37372 -5.45837
0.975831 0.0688782
1.75152 -2.53378
1.59577 -0.794139
1.74278 -1.3563
1.7894 -0.958927
1.60913 -1.34549
1.93664 -1.01981
1.43519 -1.9741
2.21967 -0.848072
2.27929 -5.42951
0.888498 -0.452586
1.9818 -2.26607
1.36224 -2.82895
1.96701 -0.218933
1.75319 -4.268
0.743391 -4.05046
1.38632 -4.96377
0.905593 -3.49464
1.66256 -4.62026
0.750798 -3.59502
1.76588 -5.1393
0.778514 -2.68182
2.27695 0.0568642
1.604 -6.05404
1.1075 -0.140805
1.7507 -2.2204
1.77798 -0.610664
1.51317 -1.83381
2.13687 -0.870935
1.96839 -4.80591
0.674367 -2.70424
2.20542 0.124612
1.9861 -6.06621
1.14392 0.333662
1.65113 -2.9904
1.35156 -1.63536
2.21308 -1.18392
2.2322 -5.30621
0.810896 -0.950601
2.24473 -2.1427
1.85006 -5.87442
0.971292 -0.586018
1.99469 -2.11142
1.3564 -2.62303
2.15372 -0.312696
2.33486 -5.33587
0.880043 -0.409822
1.96877 -2.29359
1.35149 -2.67142
2.12461 -0.277975
2.30693 -5.2108
0.808736 -0.821271
2.18729 -2.21558
2.10321 -5.64756
0.909241 -0.601172
2.03352 -2.18617
1.47962 -3.63351
1.93735 -5.42532
0.800233 -1.70834
2.54814 -1.21769
0.411573 -4.03079
1.42657 -4.55536
0.869388 -4.00864
1.38262 -5.08414
0.912099 -3.30568
1.26186 -2.45855
2.30603 -0.443161
1.76743 -6.04342
1.0844 -0.102904
1.74911 -2.27503
1.75944 -0.610149
1.52934 -1.77588
2.11342 -0.889029
1.81282 -4.51373
0.681165 -3.47176
1.67943 -4.75915
0.755321 -3.37527
1.44325 -3.91389
1.41137 -5.40409
0.900796 -2.55689
2.40027 -0.0997314
0.920116 -5.35994
0.995503 -1.94318
2.49146 -0.98493
0.633411 -4.70247
1.15521 -3.61515
1.85738 -5.11889
0.752748 -2.52072
2.42623 0.0312408
0.714755 -5.02428
1.03878 -2.66399
2.29857 -0.145773
1.62666 -6.04146
1.09261 -0.189729
1.77528 -2.18637
1.7373 -0.664031
1.56682 -1.62837
2.05076 -0.928236
1.50402 -3.51623
1.89055 -5.04702
0.733586 -2.55687
2.39393 0.0597694
0.866648 -5.29617
1.00171 -2.03875
2.49828 -0.839612
0.596665 -4.63926
1.17592 -3.69392
1.86469 -5.36736
0.793484 -2.0276
2.58996 -0.592164
0.277615 -3.66174
1.49154 -4.48801
0.841947 -4.04394
1.36057 -5.01969
0.919677 -3.43217
1.48432 -4.03274
1.16562 -5.0837
0.993459 -3.38996
1.34121 -3.31669
1.28531 -2.39141
2.31021 -0.5135
1.77216 -6.03674
1.07914 -0.122304
1.75818 -2.25937
1.7464 -0.629488
1.54701 -1.70628
2.08495 -0.909189
1.64503 -4.0779
0.962628 -4.74329
1.10979 -4.02353
1.32657 -5.15698
0.933216 -3.20308
1.35905 -1.20056
2.06077 -1.38917
1.42807 -3.15867
1.39143 -1.25069
2.06143 -1.32618
1.43615 -3.20154
1.33147 -1.63181
2.22454 -1.20871
2.24383 -5.39145
0.85093 -0.70304
2.10994 -2.22124
2.00356 -5.01732
0.709862 -2.30875
2.54922 -0.0325788
0.286255 -3.87719
1.41778 -4.35037
0.919157 -4.37283
1.18025 -4.56025
1.00522 -4.20766
1.19403 -4.79752
0.994738 -3.88312
1.5309 -5.33382
0.866628 -2.66356
2.31239 -0.0145032
1.4267 -5.9438
1.06814 -0.490562
1.90622 -2.02371
1.48269 -1.28017
2.01496 -1.19339
1.39552 -2.58715
2.13941 -0.342042
2.3073 -5.23475
0.818429 -0.768184
2.15765 -2.23054
2.15221 -5.44002
0.833431 -0.965012
2.2378 -2.11565
1.92284 -5.85108
0.968619 -0.513079
1.96514 -2.1409
1.3548 -2.17505
2.28929 -0.720899
1.99874 -5.95925
1.0636 0.0224536
1.72117 -2.43035
1.73874 -0.581675
1.53878 -1.76978
2.10386 -0.882011
1.76093 -4.39389
0.710328 -3.78353
1.6064 -5.21748
0.835953 -2.81606
2.11433 0.050619
2.3687 -5.48942
0.989352 0.117911
1.7331 -2.58729
1.59506 -0.779084
1.73709 -1.36918
1.80031 -0.949458
1.59231 -1.38307
1.9634 -1.01874
1.41315 -2.22127
2.2388 -0.650729
2.23852 -5.6748
0.99757 -0.00453047
1.76099 -2.43809
1.64276 -0.726492
1.67632 -1.42749
1.89056 -0.928046
1.47281 -1.78981
2.16379 -0.944427
2.09075 -5.00247
0.701263 -2.06803
2.61601 -0.339767
0.203075 -3.3558
1.35863 -3.78787
1.73035 -5.54871
0.846304 -1.84352
2.55228 -1.01942
0.400644 -4.04048
1.41678 -4.50927
0.879098 -4.09029
1.31597 -4.96463
0.938042 -3.55488
1.7728 -4.93925
0.746889 -2.96652
1.75762 -0.106964
1.50457 -3.06111
1.45732 -1.01239
1.92942 -1.33269
1.479 -1.54902
2.10298 -1.07688
1.65818 -4.14244
0.889073 -4.54564
1.1689 -4.32291
1.06078 -4.5725
1.07316 -4.25541
1.13816 -4.71265
1.0247 -4.03148
1.33101 -5.11268
0.932662 -3.28979
1.26209 -2.18107
2.35476 -0.738064
1.51175 -5.92845
1.02987 -0.624064
1.98158 -2.02193
1.35899 -2.20722
2.28437 -0.687849
2.02105 -5.94859
1.0641 0.0464405
1.7146 -2.46104
1.73345 -0.578027
1.54216 -1.7628
2.09958 -0.882312
1.73666 -4.33372
0.735112 -3.94911
1.45722 -5.08579
0.881785 -3.23249
1.28953 -1.65921
2.25778 -1.23306
2.19114 -5.65952
0.958068 -0.238107
1.86036 -2.28415
1.49135 -1.16662
1.96778 -1.22874
1.41768 -1.98219
2.23442 -0.856528
2.26408 -5.53959
0.935756 -0.24785
1.87556 -2.30352
1.44695 -1.3399
2.05947 -1.21559
1.44807 -3.25476
1.29295 -2.21487
2.33236 -0.697636
1.67639 -6.00332
1.05565 -0.322317
1.84377 -2.12523
1.59959 -0.908536
1.78663 -1.26767
1.70464 -1.05476
1.74284 -1.15226
1.73074 -1.09707
1.72754 -1.13176
1.74288 -1.10328
1.71488 -1.13562
1.7591 -1.09534
1.69194 -1.15825
1.79258 -1.07684
1.64196 -1.22689
1.86742 -1.05353
1.52961 -1.48915
2.0474 -1.04205
1.45866 -3.27478
1.29476 -2.49846
2.26792 -0.410796
2.01088 -5.98723
1.08948 0.142029
1.68203 -2.59499
1.70323 -0.574815
1.56675 -1.70173
2.06578 -0.88918
1.57208 -3.8172
1.49805 -5.52313
0.88603 -2.16487
2.54711 -0.505457
0.377301 -4.08378
1.38087 -4.35845
0.93601 -4.38806
1.16779 -4.53767
1.01404 -4.24604
1.17067 -4.73466
1.00687 -3.98328
1.39058 -5.19045
0.90981 -3.09688
1.57833 -0.456822
1.61808 -1.73119
2.0183 -0.819506
1.46779 -3.26097
1.29364 -2.40703
2.3001 -0.498504
1.83874 -6.03685
1.08452 -0.0378988
1.72844 -2.34627
1.77035 -0.57474
1.51009 -1.87701
2.14532 -0.845858
2.03403 -4.90626
0.684414 -2.38687
2.51055 0.0567671
0.370603 -4.19607
1.31116 -4.08674
1.18684 -5.0325
0.991273 -3.49908
1.63748 -4.52234
0.762636 -3.78587
1.61452 -5.2583
0.836726 -2.72524
2.24009 0.0304446
1.86836 -6.09046
1.13353 0.191909
1.65637 -2.68565
1.67425 -0.590064
1.59644 -1.63025
2.02286 -0.894399
1.45193 -3.16923
1.35863 -1.44591
2.15002 -1.28464
1.89809 -4.72868
0.676653 -2.9789
1.65643 -0.234476
1.50767 -2.29102
2.13531 -0.542713
2.17926 -5.06706
0.7221 -1.64814
2.57541 -1.23589
0.340162 -3.73888
1.5228 -4.66862
0.818708 -3.73152
1.69326 -5.30761
0.81899 -2.50239
2.44158 -0.0465229
0.676001 -4.9363
1.06018 -2.88159
2.05396 -0.054692
2.27814 -5.09815
0.755907 -1.18247
2.38345 -1.97829
0.977372 -5.23251
0.996395 -2.70043
2.27452 -0.0926327
1.75091 -6.0781
1.11316 0.00831625
1.70157 -2.39099
1.80307 -0.528738
1.47541 -2.10326
2.18951 -0.711145
2.2765 -5.28404
0.822222 -0.803408
2.17127 -2.21068
2.14542 -5.52293
0.865831 -0.781995
2.13662 -2.17311
2.10244 -5.20042
0.747907 -1.67873
2.56909 -1.21047
0.355244 -3.81313
1.50259 -4.66223
0.828472 -3.76625
1.65525 -5.31241
0.829632 -2.55326
2.40584 -0.0316612
0.852562 -5.26093
1.00307 -2.15179
2.49931 -0.667406
0.575495 -4.61653
1.18017 -3.69086
1.86807 -5.36143
0.791941 -2.03272
2.5904 -0.579976
0.275486 -3.6558
1.49072 -4.48084
0.843457 -4.05702
1.35061 -5.00129
0.923474 -3.46986
1.58895 -4.39223
0.807801 -4.09071
1.34078 -4.93923
0.925549 -3.57259
1.79466 -5.02622
0.75382 -2.79982
2.10116 0.08773
2.37888 -5.45995
0.981412 0.0983042
1.74149 -2.56614
1.5933 -0.789734
1.7429 -1.36041
1.79027 -0.956484
1.60724 -1.35031
1.93987 -1.0193
1.43196 -2.00203
2.22459 -0.828218
2.27785 -5.47455
0.910224 -0.349104
1.92821 -2.28203
1.36143 -1.94626
2.27254 -0.932394
2.13453 -5.80742
1.01843 -0.032087
1.75889 -2.39454
1.67532 -0.683173
1.63079 -1.50292
1.95916 -0.923736
1.41411 -2.34274
2.21831 -0.541633
2.28044 -5.5897
0.975958 -0.0471899
1.78481 -2.41206
1.60261 -0.815924
1.74632 -1.33711
1.77968 -0.972151
1.62564 -1.31009
1.9101 -1.0225
1.46562 -1.77065
2.16591 -0.96507
2.09387 -5.00976
0.702836 -2.04618
2.61823 -0.382463
0.204692 -3.34525
1.35358 -3.75786
1.79163 -5.53534
0.835992 -1.77025
2.54342 -1.14264
0.42778 -4.10528
1.39551 -4.47829
0.895156 -4.1612
1.26683 -4.8612
0.958653 -3.74447
1.73204 -5.38013
0.818554 -2.2754
2.54547 -0.24365
0.339009 -4.0159
1.39122 -4.34247
0.937009 -4.41111
1.1629 -4.50633
1.01991 -4.29212
1.14859 -4.6614
1.0196 -4.09375
1.2696 -4.9975
0.959163 -3.53316
1.73131 -4.80311
0.740876 -3.22613
1.25155 -2.15172
2.36207 -0.771891
1.46222 -5.8939
1.01991 -0.737764
2.03568 -1.99804
1.40636 -3.16719
1.39565 -1.21945
2.04725 -1.33244
1.40863 -2.95317
1.75059 -0.354495
1.48003 -2.29767
2.1637 -0.551541
2.27273 -5.22018
0.795832 -0.95929
2.25783 -2.14873
1.74892 -5.8821
0.970512 -0.714101
2.05042 -2.06994
1.48778 -3.6528
1.91713 -5.48163
0.814923 -1.62367
2.51674 -1.38249
0.504423 -4.29701
1.32411 -4.31564
0.985074 -4.51215
1.12156 -4.36115
1.07197 -4.52675
1.07026 -4.31125
1.11566 -4.6214
1.03931 -4.16482
1.20646 -4.87218
0.988766 -3.76813
1.70982 -5.40008
0.825929 -2.26742
2.54602 -0.265359
0.341548 -4.01931
1.39132 -4.34616
0.935379 -4.4037
1.16515 -4.51657
1.01752 -4.2766
1.15579 -4.68587
1.01525 -4.05722
1.3055 -5.06264
0.943429 -3.39828
1.38128 -3.56903
1.87237 -5.04717
0.737526 -2.59936
2.35517 0.0665236
1.08675 -5.61317
1.00967 -1.2925
2.28114 -1.75664
1.90092 -5.89872
0.99425 -0.402941
1.9066 -2.15406
1.4406 -1.42003
2.09052 -1.18912
1.56005 -3.82215
1.50198 -5.52225
0.885094 -2.16589
2.54734 -0.502497
0.376205 -4.08076
1.38184 -4.36032
0.934754 -4.38367
1.16937 -4.5438
1.01264 -4.23673
1.17573 -4.74977
1.00416 -3.95981
1.42109 -5.22834
0.899146 -2.99543
1.80818 -0.100198
1.53902 -3.38054
1.58793 -4.2428
0.87161 -4.41321
1.19835 -4.50713
0.999658 -4.26952
1.16756 -4.69897
1.00862 -4.03274
1.33248 -5.10444
0.932205 -3.30467
1.26148 -2.37453
2.33071 -0.528044
1.62439 -6.00263
1.06145 -0.342248
1.84881 -2.10692
1.59369 -0.927211
1.79896 -1.25747
1.68368 -1.08138
1.77485 -1.12894
1.68184 -1.14934
1.8005 -1.08346
1.63309 -1.23671
1.87927 -1.05413
1.51287 -1.54558
2.07629 -1.03562
1.54952 -3.75263
1.6777 -5.6057
0.865862 -1.75078
2.52298 -1.20601
0.495151 -4.30484
1.31744 -4.27368
1.0114 -4.6015
1.09897 -4.23372
1.1378 -4.74697
1.02447 -3.98473
1.38731 -5.19612
0.910916 -3.08717
1.60236 -0.406023
1.5835 -1.83354
2.06884 -0.796278
1.63685 -4.03369
1.02318 -4.88155
1.06769 -3.78515
1.71029 -5.43659
0.830721 -2.17743
2.564 -0.400075
0.31531 -3.88458
1.44047 -4.45604
0.874987 -4.15466
1.27882 -4.8671
0.952824 -3.72704
1.75247 -5.36791
0.812598 -2.26559
2.54957 -0.246384
0.328192 -3.97606
1.40423 -4.36947
0.919121 -4.3473
1.18599 -4.59509
1.00009 -4.15734
1.22665 -4.88185
0.978951 -3.74189
1.74363 -5.3868
0.817056 -2.2389
2.55549 -0.288522
0.319848 -3.93346
1.41977 -4.4048
0.898923 -4.26662
1.21976 -4.70795
0.97977 -3.98581
1.38989 -5.17329
0.910135 -3.13253
1.49409 -0.671238
1.7627 -1.49325
1.7911 -0.888555
1.58439 -1.43548
1.98584 -1.00271
1.40569 -2.49151
2.17793 -0.416082
2.32521 -5.3994
0.904437 -0.30884
1.91541 -2.3081
1.37046 -1.8301
2.24727 -1.02243
2.23465 -5.59326
0.946462 -0.236808
1.86585 -2.29789
1.4717 -1.2364
2.00665 -1.22522
1.39295 -2.43863
2.21023 -0.462713
2.28828 -5.58916
0.981545 -0.0135723
1.77167 -2.44032
1.61577 -0.779182
1.72047 -1.36819
1.82179 -0.94787
1.56422 -1.44745
2.00691 -1.01987
1.40903 -2.72389
2.02559 -0.264858
1.93284 -4.66294
0.657053 -2.98281
1.62538 -0.285105
1.53325 -2.10213
2.1318 -0.66642
2.07472 -4.94245
0.688829 -2.21177
2.58673 -0.0972189
0.21822 -3.54955
1.43652 -4.21811
0.986287 -4.64599
1.10892 -4.17643
1.17128 -4.85251
1.00608 -3.81586
1.6406 -5.39987
0.841801 -2.37445
2.50654 -0.16985
0.446395 -4.37122
1.25712 -3.93847
1.44037 -5.3647
0.893094 -2.65552
2.32143 -0.0390438
1.38471 -5.90902
1.0576 -0.589092
1.95301 -1.99798
1.39531 -1.75798
2.2151 -1.05166
2.2524 -5.33745
0.832201 -0.791301
2.16001 -2.20582
2.15455 -5.42912
0.829918 -0.982529
2.24783 -2.10789
1.86221 -5.87497
0.973095 -0.561255
1.98322 -2.11768
1.35177 -2.42891
2.24898 -0.476856
2.14846 -5.85491
1.05914 0.153784
1.6934 -2.61743
1.65882 -0.64016
1.62838 -1.54207
1.97101 -0.906657
1.4119 -2.49828
2.16897 -0.409817
2.32409 -5.34796
0.878363 -0.434403
1.97975 -2.28593
1.36372 -2.85777
1.93112 -0.222468
1.64224 -3.92937
1.1733 -5.16733
0.980306 -3.18763
1.41377 -0.96825
1.93721 -1.4027
1.47122 -1.55368
2.10995 -1.08444
1.69409 -4.24693
0.793766 -4.22075
1.28749 -4.7565
0.944088 -3.86878
1.54443 -5.31935
0.861974 -2.68302
2.29217 -0.00279572
1.55457 -6.02459
1.09354 -0.247771
1.79634 -2.1379
1.70679 -0.717735
1.61502 -1.49637
1.9735 -0.941815
1.4099 -2.45944
2.18689 -0.441978
2.32043 -5.43834
0.921057 -0.238927
1.87987 -2.32546
1.4273 -1.42829
2.10187 -1.20297
1.61113 -4.01012
1.08286 -4.99193
1.03171 -3.57482
1.79662 -4.97127
0.744676 -2.87461
1.9581 0.0569
2.08581 -4.83938
0.666486 -2.32661
2.54217 0.0481271
0.285529 -3.89835
1.40657 -4.31692
0.94047 -4.45052
1.15456 -4.45277
1.03225 -4.37305
1.11734 -4.53796
1.04306 -4.27429
1.14404 -4.68589
1.02179 -4.06404
1.29713 -5.05225
0.946969 -3.4219
1.43954 -3.84446
1.56584 -5.52606
0.871942 -2.11317
2.5568 -0.568372
0.356878 -3.99624
1.41472 -4.44142
0.892099 -4.20559
1.24668 -4.79507
0.967071 -3.85056
1.5758 -5.35198
0.85481 -2.5721
2.39164 -0.0467281
0.94127 -5.39875
0.995588 -1.83491
2.47191 -1.15115
0.725975 -4.87968
1.09456 -3.31098
1.27454 -2.06995
2.34443 -0.857835
1.61919 -5.96988
1.03744 -0.472196
1.9136 -2.06979
1.45293 -1.39008
2.07254 -1.18613
1.49116 -3.50902
1.86056 -4.97388
0.727885 -2.73405
2.18966 0.0985026
2.09399 -5.99298
1.13211 0.385832
1.66132 -3.10519
1.31532 -2.6612
2.16235 -0.277725
2.34009 -5.41948
0.926057 -0.189144
1.85887 -2.34998
1.46122 -1.26248
2.02293 -1.22837
1.3957 -2.66147
2.09014 -0.292272
2.1896 -5.03638
0.715658 -1.66284
2.58252 -1.197
0.324549 -3.67891
1.5306 -4.64229
0.81402 -3.75813
1.66046 -5.30454
0.827448 -2.56194
2.39919 -0.0254809
0.886176 -5.31628
0.999049 -2.02115
2.49833 -0.865063
0.59794 -4.63819
1.17694 -3.70186
1.85816 -5.38448
0.797539 -2.00445
2.58865 -0.6425
0.285176 -3.68027
1.49445 -4.51199
0.837348 -4.0008
1.39601 -5.07959
0.906507 -3.3022
1.26099 -2.43327
2.31497 -0.468006
1.71433 -6.03398
1.07728 -0.183252
1.78044 -2.20499
1.7189 -0.680213
1.58981 -1.56751
2.01539 -0.93325
1.43111 -2.99092
1.6642 -0.478343
1.56486 -1.79532
2.08301 -0.838155
1.67683 -4.16415
0.856207 -4.45405
1.19927 -4.44959
1.00783 -4.3532
1.13581 -4.57278
1.02998 -4.2178
1.1775 -4.78017
1.0033 -3.9171
1.48082 -5.29374
0.88043 -2.80305
2.14829 0.0257957
2.30804 -5.67367
1.05069 0.290512
1.68162 -2.85512
1.43922 -1.1824
2.00723 -1.28845
1.39017 -2.38334
2.22969 -0.512289
2.24201 -5.69677
1.01395 0.0686869
1.73293 -2.51265
1.65558 -0.679758
1.64666 -1.48919
1.93902 -0.916968
1.42487 -2.16615
2.23277 -0.693322
2.26155 -5.60376
0.970587 -0.0938938
1.80267 -2.37525
1.58196 -0.874297
1.78675 -1.29906
1.71244 -1.03217
1.72619 -1.17356
1.75806 -1.07228
1.68579 -1.1772
1.80565 -1.06522
1.62056 -1.26676
1.90103 -1.04817
1.48165 -1.67584
2.13329 -1.00449
1.87395 -4.65254
0.672058 -3.13628
1.30515 -1.41401
2.16974 -1.36896
2.02414 -4.95273
0.69479 -2.34777
2.53173 0.0202087
0.319215 -4.01532
1.37518 -4.26296
0.988186 -4.58945
1.11259 -4.2558
1.11948 -4.70554
1.03499 -4.05071
1.30797 -5.08088
0.942167 -3.36327
1.31157 -3.11975
1.54792 -0.662101
1.72286 -1.48133
1.84551 -0.885101
1.51712 -1.62458
2.09299 -0.989579
1.64395 -4.08642
0.954601 -4.72189
1.11593 -4.05818
1.28224 -5.08904
0.951961 -3.36038
1.3039 -3.04912
1.6873 -0.389495
1.52233 -2.01427
2.144 -0.738742
2.09135 -4.97582
0.695431 -2.10813
2.61107 -0.259228
0.200668 -3.37945
1.36969 -3.852
1.58694 -5.51477
0.866178 -2.12831
2.55789 -0.534682
0.349772 -3.97899
1.41891 -4.44429
0.889177 -4.19656
1.25207 -4.80792
0.964615 -3.82915
1.60805 -5.36814
0.847218 -2.49437
2.44524 -0.0825731
0.6736 -4.92593
1.06346 -2.9161
2.00111 -0.0584772
2.08992 -4.86765
0.672251 -2.27387
2.56581 -0.0017926
0.242269 -3.70165
1.44224 -4.33118
0.913884 -4.38937
1.17981 -4.5383
1.0071 -4.23776
1.17784 -4.74844
1.00303 -3.96033
1.42043 -5.2269
0.899367 -2.99899
1.80045 -0.10786
1.52803 -3.30492
1.37841 -3.35691
1.32542 -3.0289
1.70755 -0.369653
1.50525 -2.11261
2.16031 -0.680686
2.20171 -5.12343
0.74149 -1.45671
2.50433 -1.60554
0.519003 -4.29542
1.3283 -4.35551
0.965265 -4.43233
1.14339 -4.47278
1.03537 -4.35011
1.12162 -4.57061
1.03829 -4.22856
1.168 -4.76165
1.00831 -3.94817
1.43679 -5.24928
0.893962 -2.93821
1.92484 -0.0135881
1.87063 -4.49708
0.657091 -3.36671
1.48265 -4.10096
1.07356 -4.90213
1.0465 -3.75464
1.75124 -5.41848
0.820193 -2.14985
2.5713 -0.425878
0.300727 -3.818
1.45877 -4.47877
0.860952 -4.09649
1.31816 -4.94955
0.936574 -3.57616
1.79859 -5.03426
0.753962 -2.77991
2.13343 0.0884285
2.32012 -5.66148
1.05308 0.313217
1.68017 -2.89984
1.39571 -1.38035
2.10549 -1.26673
1.6155 -4.03355
1.04587 -4.9187
1.05449 -3.71761
1.8039 -5.38615
0.805766 -2.12143
2.57939 -0.447712
0.284626 -3.74216
1.47423 -4.48181
0.852156 -4.07427
1.33585 -4.97937
0.929398 -3.51632
1.70384 -4.73334
0.742592 -3.36769
1.43311 -3.87461
1.50268 -5.48174
0.881516 -2.29059
2.52548 -0.319817
0.415285 -4.24852
1.31093 -4.14039
1.12394 -4.90357
1.02581 -3.74906
1.75179 -5.40791
0.818501 -2.17415
2.56819 -0.384792
0.302585 -3.83797
1.4515 -4.46449
0.867376 -4.12858
1.29626 -4.90385
0.945473 -3.661
1.81261 -5.27984
0.787428 -2.33024
2.53263 -0.133783
0.353082 -4.09267
1.3589 -4.24932
1.00586 -4.63
1.09992 -4.19574
1.1611 -4.8163
1.01161 -3.87458
1.54684 -5.35368
0.863009 -2.60001
2.3695 -0.0404941
1.07095 -5.58033
1.00218 -1.40225
2.32969 -1.67393
1.57138 -5.87636
0.983564 -0.849745
2.10319 -2.00767
1.77245 -4.54252
0.699343 -3.51134
1.72435 -4.91242
0.758903 -3.09427
1.45891 -0.732153
1.81075 -1.47351
1.71028 -0.954427
1.70037 -1.23943
1.80935 -1.02499
1.60353 -1.31896
1.9335 -1.03773
1.44032 -1.92127
2.20991 -0.884825
2.27083 -5.34546
0.844919 -0.690061
2.10761 -2.2332
2 -5.01241
0.709296 -2.32636
2.54153 -0.0170731
0.302152 -3.94275
1.39945 -4.31885
0.943413 -4.45233
1.15264 -4.44989
1.03383 -4.37826
1.11522 -4.53002
1.04496 -4.28606
1.13822 -4.66673
1.02533 -4.09271
1.2689 -5.00073
0.959437 -3.52806
1.72055 -4.77174
0.740731 -3.28697
1.27965 -2.92638
1.90893 -0.182771
1.62703 -3.86052
1.32575 -5.37405
0.922429 -2.64919
2.3269 -0.0658468
1.36794 -5.8925
1.05205 -0.637925
1.97663 -1.98811
1.36674 -2.07591
2.27999 -0.810175
2.0775 -5.88811
1.04477 0.0209413
1.73062 -2.43795
1.71299 -0.612758
1.5714 -1.65911
2.05302 -0.906901
1.51942 -3.58954
1.95816 -5.36371
0.784946 -1.79304
2.57423 -1.03612
0.34152 -3.80685
1.49615 -4.62693
0.831013 -3.82387
1.58429 -5.28495
0.847965 -2.71134
2.25891 0.0181097
1.75906 -6.09116
1.12447 0.0628128
1.68262 -2.4657
1.79785 -0.506525
1.47514 -2.13021
2.18893 -0.689754
2.28099 -5.29128
0.827447 -0.766726
2.15174 -2.22163
2.15043 -5.38263
0.811269 -1.10963
2.31646 -2.02912
1.41269 -5.74308
0.952934 -1.33593
2.33073 -1.761
1.50844 -5.83449
0.972687 -1.01076
2.17994 -1.95598
2.1669 -5.33427
0.798831 -1.1568
2.34516 -1.99341
1.22634 -5.56778
0.950128 -1.84287
2.49816 -1.11524
0.600258 -4.60316
1.1961 -3.81825
1.67949 -5.48663
0.84385 -2.09536
2.56848 -0.555335
0.323861 -3.8742
1.4524 -4.5
0.861207 -4.06811
1.33726 -4.99185
0.929148 -3.49568
1.65506 -4.59123
0.753276 -3.65017
1.74295 -5.22453
0.796078 -2.57708
2.38501 0.0100745
0.946389 -5.41354
0.996888 -1.78171
2.45881 -1.22965
0.789828 -4.99595
1.05818 -3.08475
1.67495 -0.320593
1.5137 -2.13455
2.15051 -0.657627
2.17298 -5.07757
0.723943 -1.65309
2.57566 -1.22856
0.339636 -3.73885
1.52242 -4.6671
0.818832 -3.73411
1.69034 -5.30806
0.819801 -2.50634
2.43897 -0.0452645
0.687994 -4.96051
1.05411 -2.8295
2.12576 -0.0631538
2.36575 -5.41855
0.946503 -0.0648058
1.80546 -2.42168
1.54616 -0.952613
1.84575 -1.2724
1.61303 -1.18053
1.87864 -1.09793
1.52313 -1.488
2.05222 -1.05067
1.4677 -3.33807
1.36458 -3.292
1.28769 -2.19699
2.33696 -0.717564
1.64639 -5.99251
1.05058 -0.37654
1.8679 -2.09996
1.5498 -1.03869
1.87738 -1.22349
1.55066 -1.34588
1.9871 -1.08172
1.40228 -2.38104
2.2195 -0.511315
2.27306 -5.62092
0.989245 0.000846328
1.76356 -2.44959
1.62891 -0.749618
1.69743 -1.39839
1.85822 -0.934501
1.51368 -1.60784
2.09172 -1.0027
1.63159 -4.04884
1.00973 -4.8483
1.07725 -3.84558
1.60818 -5.41803
0.851389 -2.37133
2.50608 -0.186118
0.452253 -4.38432
1.25281 -3.9249
1.46688 -5.3883
0.886246 -2.57767
2.3865 -0.0734957
0.987035 -5.46241
0.994999 -1.69289
2.43567 -1.35258
0.907151 -5.19076
1.00751 -2.67272
2.29768 -0.117567
1.61107 -6.03832
1.09269 -0.202895
1.78003 -2.17498
1.73081 -0.67538
1.57686 -1.5972
2.03448 -0.932771
1.46222 -3.26288
1.2931 -2.39092
2.30481 -0.514526
1.81229 -6.03709
1.08186 -0.0736672
1.74083 -2.30759
1.76261 -0.59583
1.52241 -1.81171
2.12535 -0.87479
1.89465 -4.67694
0.669464 -3.05567
1.46119 -0.696547
1.79403 -1.49537
1.74191 -0.916341
1.65155 -1.3086
1.88391 -1.00435
1.49603 -1.637
2.11289 -1.00882
1.74432 -4.36905
0.723278 -3.86433
1.53034 -5.16832
0.858546 -3.0067
1.75635 -0.143283
1.49268 -2.93527
1.66636 -0.50414
1.572 -1.75465
2.06987 -0.853885
1.60724 -3.9425
1.19521 -5.18747
0.971938 -3.14298
1.50778 -0.651638
1.74547 -1.50287
1.81838 -0.875872
1.5475 -1.53376
2.04491 -0.998708
1.46505 -3.30468
1.31648 -2.88174
1.94302 -0.193507
1.70474 -4.12652
0.859753 -4.49315
1.1911 -4.39472
1.02492 -4.44313
1.10763 -4.44209
1.06061 -4.41125
1.09301 -4.47418
1.06398 -4.37286
1.09989 -4.52871
1.05394 -4.29557
1.12994 -4.64992
1.03035 -4.11953
1.24415 -4.95282
0.97077 -3.62149
1.82924 -5.17965
0.768606 -2.48111
2.45552 -0.00137902
0.593833 -4.76958
1.10696 -3.20674
1.41753 -0.99878
1.94759 -1.38607
1.45306 -1.65113
2.14889 -1.05376
1.95404 -4.80296
0.676588 -2.74486
2.145 0.124149
2.26558 -5.78333
1.09018 0.395905
1.67361 -3.09599
1.31992 -2.72833
2.10574 -0.234748
2.28625 -5.15778
0.779244 -1.02759
2.29918 -2.11127
1.46935 -5.77707
0.953602 -1.2307
2.28622 -1.84527
1.80353 -5.91112
0.989992 -0.53562
1.9638 -2.10502
1.36103 -2.07856
2.28437 -0.810977
2.05126 -5.9114
1.04946 0.0142198
1.73021 -2.42732
1.72063 -0.605841
1.56231 -1.68576
2.06688 -0.902911
1.56963 -3.81006
1.51776 -5.53665
0.883254 -2.11241
2.55246 -0.58615
0.371524 -4.04407
1.39879 -4.41097
0.908549 -4.2745
1.21217 -4.69689
0.983869 -4.00574
1.36632 -5.14157
0.918955 -3.21167
1.33657 -1.32138
2.1188 -1.37153
1.67743 -4.23544
0.811641 -4.27949
1.26021 -4.68137
0.957081 -3.98935
1.38817 -5.15653
0.910772 -3.16715
1.41713 -0.930758
1.91972 -1.41391
1.50298 -1.41877
2.04681 -1.10808
1.4417 -3.17081
1.36417 -1.40595
2.13315 -1.29686
1.77974 -4.48646
0.695248 -3.58494
1.74729 -5.10868
0.779572 -2.76759
2.16438 0.0747119
2.22646 -5.83757
1.09873 0.388012
1.67015 -3.08387
1.31242 -2.57502
2.21839 -0.345338
2.23298 -5.74815
1.04117 0.170367
1.69857 -2.64633
1.62082 -0.704068
1.68547 -1.44285
1.88377 -0.915515
1.4783 -1.76954
2.15562 -0.951318
2.04046 -4.92894
0.688401 -2.33531
2.53792 0.0212169
0.302595 -3.95524
1.39321 -4.29997
0.956538 -4.49668
1.13937 -4.38804
1.05473 -4.47762
1.08557 -4.38444
1.08509 -4.50421
1.0649 -4.33554
1.11012 -4.58477
1.04411 -4.21598
1.17225 -4.78269
1.00606 -3.91662
1.48171 -5.29599
0.880202 -2.79714
2.15659 0.0246203
2.28399 -5.72637
1.06579 0.322572
1.67558 -2.92294
1.38047 -1.46142
2.14205 -1.24864
1.8491 -4.63017
0.677172 -3.22262
1.24731 -2.39882
2.33395 -0.500209
1.58685 -5.98982
1.05807 -0.394644
1.87155 -2.08168
1.54702 -1.05188
1.88459 -1.21941
1.53803 -1.38406
2.00926 -1.07978
1.40346 -2.66082
2.0827 -0.29402
2.15764 -4.99637
0.702042 -1.84947
2.62021 -0.778979
0.238091 -3.36927
1.39934 -3.96123
1.34498 -5.31373
0.920371 -2.82285
2.12924 0.00813136
2.35522 -5.52663
0.99937 0.141962
1.72317 -2.61558
1.59327 -0.774225
1.73648 -1.37359
1.80224 -0.946694
1.58899 -1.39149
1.96889 -1.01829
1.41011 -2.27832
2.23425 -0.600705
2.24507 -5.67072
0.999624 0.0118878
1.75521 -2.45438
1.64542 -0.716494
1.67002 -1.4398
1.90089 -0.925308
1.46072 -1.85973
2.18513 -0.909838
2.20443 -5.17092
0.756067 -1.35335
2.45568 -1.76906
0.679866 -4.68849
1.17303 -3.79861
1.71343 -5.48036
0.836633 -2.05951
2.57279 -0.606386
0.318477 -3.83764
1.46513 -4.52256
0.851743 -4.01762
1.37874 -5.06247
0.913172 -3.34622
1.29585 -2.99355
1.79147 -0.26324
1.47172 -2.74595
1.92976 -0.293647
1.57735 -3.69017
1.7855 -5.61728
0.857315 -1.54587
2.46696 -1.52961
0.692352 -4.75346
1.1452 -3.63684
1.87006 -5.20153
0.763772 -2.34885
2.52774 -0.0808874
0.355152 -4.11274
1.34887 -4.21516
1.03636 -4.7126
1.07858 -4.0707
1.27677 -5.05515
0.955173 -3.42733
1.44969 -3.8853
1.46762 -5.45892
0.888353 -2.37628
2.4965 -0.231005
0.499882 -4.50373
1.20891 -3.75789
1.79138 -5.4758
0.823597 -1.92935
2.57421 -0.827168
0.332896 -3.83247
1.47863 -4.5764
0.840835 -3.91887
1.47434 -5.19279
0.879935 -3.02249
1.73475 -0.177151
1.4844 -2.72553
1.93238 -0.303304
1.57532 -3.68431
1.80035 -5.61308
0.855187 -1.53025
2.46274 -1.55151
0.70794 -4.78458
1.13383 -3.58277
1.81086 -4.96995
0.740377 -2.84711
2.00869 0.0773328
2.27492 -5.05962
0.742591 -1.27004
2.42977 -1.87604
0.766933 -4.86319
1.10837 -3.49216
1.57814 -4.31231
0.84186 -4.27006
1.2478 -4.69912
0.964165 -3.97609
1.40281 -5.18153
0.905467 -3.10661
1.55204 -0.516149
1.65921 -1.63869
1.95638 -0.832303
1.41713 -2.49428
2.16559 -0.412345
2.32121 -5.32572
0.866008 -0.499364
2.01352 -2.27695
1.45399 -3.52276
1.84539 -4.94811
0.727398 -2.80395
2.07839 0.0970363
2.39086 -5.34786
0.930171 -0.100949
1.82583 -2.40771
1.50572 -1.07938
1.92469 -1.24884
1.47768 -1.59281
2.11581 -1.05569
1.74043 -4.36509
0.72622 -3.87984
1.51623 -5.1556
0.862921 -3.04639
1.6658 -0.274086
1.50956 -2.21935
2.14612 -0.596144
2.19076 -5.09226
0.730655 -1.55826
2.54512 -1.41936
0.410325 -3.97506
1.45366 -4.63192
0.852778 -3.86734
1.534 -5.26082
0.862376 -2.82245
2.11417 0.038137
2.37055 -5.47225
0.980993 0.0860905
1.74465 -2.55134
1.59798 -0.7837
1.7367 -1.36485
1.79974 -0.951931
1.5938 -1.37863
1.96072 -1.01927
1.41486 -2.19369
2.23969 -0.674617
2.23921 -5.66792
0.993765 -0.0200373
1.7675 -2.42471
1.63608 -0.743254
1.68879 -1.40703
1.87077 -0.932907
1.49757 -1.67138
2.11971 -0.987715
1.79612 -4.48867
0.687843 -3.54705
1.74215 -5.02362
0.769157 -2.90663
1.91088 0.0234756
1.8771 -4.50198
0.654949 -3.34392
1.43189 -3.89667
1.45552 -5.44231
0.89058 -2.43065
2.47336 -0.181947
0.581118 -4.71057
1.13176 -3.38127
1.30248 -2.93999
1.87214 -0.209645
1.54089 -3.4647
1.83443 -4.89389
0.721345 -2.90189
1.88199 0.0207447
1.78848 -4.30153
0.710619 -3.90078
1.499 -5.12189
0.867366 -3.12542
1.47947 -0.701465
1.78492 -1.47922
1.75397 -0.914834
1.6372 -1.32783
1.9043 -1.00454
1.46987 -1.75853
2.1602 -0.968031
2.06012 -4.96044
0.693414 -2.22963
2.58046 -0.0844466
0.227861 -3.60347
1.4458 -4.28448
0.935886 -4.48571
1.15221 -4.40597
1.04319 -4.44422
1.097 -4.43434
1.06802 -4.42698
1.08579 -4.44916
1.07184 -4.41081
1.08677 -4.47072
1.06804 -4.38043
1.09575 -4.51622
1.0575 -4.31435
1.12113 -4.61951
1.03626 -4.16438
1.20794 -4.87275
0.988046 -3.76644
1.71207 -5.39948
0.825368 -2.26503
2.54679 -0.267517
0.339761 -4.01237
1.39374 -4.35168
0.931767 -4.39083
1.16961 -4.53446
1.01327 -4.24932


