-0.615896 -0.910844
-3.03883 -1.32274
-0.752532 -0.423423
-3.04669 -2.15798
-0.965237 0.300753
-2.97001 -3.53329
-2.1941 0.0500274
-1.82006 -3.25153
-2.27195 -1.04743
-1.93165 -1.33888
-2.11912 -1.18462
-1.99984 -1.16599
-2.09992 -1.28007
-1.98469 -1.07835
-2.12904 -1.45258
-1.90261 -0.963908
-2.16517 -2.05125
-1.66318 -0.728798
-1.00283 -3.90609
-2.45209 -4.1694
-2.15159 -0.0967886
-1.90108 -3.10026
-2.0127 -0.250952
-1.85027 -3.31853
-2.24533 -0.824486
-2.00914 -1.5432
-1.98112 -0.866703
-2.14733 -1.8896
-1.73313 -0.771339
-1.55887 -3.7964
-0.989455 -5.05768
-2.53331 -2.90164
-1.12054 -0.460336
-2.33537 -5.58388
-1.46064 -4.52646
-1.89974 -5.17418
-1.44467 -5.05051
-1.97208 -4.76467
-1.00349 -4.81512
-2.45647 -3.48148
-1.28789 0.00309298
-1.88618 -6.04176
-2.07057 -4.01831
-2.31788 -1.12747
-1.87346 -1.31663
-2.17337 -1.44306
-1.87124 -1.00345
-2.16655 -2.15884
-1.62722 -0.688054
-0.710067 -3.88535
-2.68742 -2.62509
-1.01443 -0.549504
-2.64064 -4.84427
-1.57268 -4.23447
-1.44644 -5.3724
-2.03019 -4.46081
-1.10894 -4.22733
-2.32929 -4.42014
-2.29176 -2.46262
-1.42827 -0.694176
-0.663288 -4.99371
-2.64476 -0.152873
-1.76809 -2.049
-2.19798 -1.07742
-1.97485 -1.2792
-2.09345 -1.16929
-2.02429 -1.18484
-2.07533 -1.21716
-2.02435 -1.14079
-2.08649 -1.27575
-1.99702 -1.08184
-2.11986 -1.41589
-1.92283 -0.981835
-2.16555 -1.89163
-1.71719 -0.791478
-1.49095 -3.83941
-1.33369 -5.39052
-2.19622 -4.09213
-2.22921 -0.449325
-2.0557 -2.11855
-1.74917 -0.582079
-1.32871 -3.8752
-1.93772 -5.36154
-1.47423 -4.94087
-1.93403 -4.90094
-1.20278 -5.02703
-2.25056 -4.13481
-2.2165 -0.372736
-2.05061 -2.29217
-1.70963 -0.505667
-0.934527 -3.87584
-2.51616 -3.87933
-1.68167 0.257566
-0.380729 -4.54779
-2.55471 0.981585
-1.66238 -3.1419
-1.80495 -3.75733
-1.77809 -3.83625
-1.26883 -4.13134
-2.13462 -5.00555
-1.05373 -4.74432
-2.38647 -3.8334
-1.64421 0.181382
-0.430591 -4.66654
-2.56157 0.865969
-1.7139 -3.03423
-2.24624 -2.38458
-1.48957 -0.68475
-0.464111 -4.50661
-2.65146 0.281417
-1.78647 -2.32199
-2.15444 -0.774162
-2.07435 -1.66099
-1.87723 -0.807515
-2.09823 -2.65566
-1.58255 -0.394787
-0.386524 -4.20644
-2.67176 0.35606
-1.76351 -2.33516
-2.19642 -0.935474
-2.01527 -1.42167
-2.01389 -0.966852
-2.12736 -1.57508
-1.86073 -0.892829
-2.12265 -2.54233
-1.57106 -0.473094
-0.395737 -4.18503
-2.68357 0.249848
-1.74724 -2.2525
-2.22135 -1.11892
-1.94557 -1.25412
-2.12529 -1.2718
-1.96723 -1.0902
-2.13888 -1.48174
-1.88443 -0.953506
-2.15963 -2.19738
-1.62147 -0.664294
-0.650003 -3.88802
-2.7216 -2.20185
-1.06478 -0.890269
-2.38283 -5.41594
-1.33593 -4.54605
-2.07741 -4.89547
-1.00698 -4.73525
-2.43946 -3.61137
-1.38638 0.0858046
-1.46966 -5.99074
-2.47718 -2.68859
-1.20558 -0.658485
-1.86953 -5.94588
-1.9407 -4.27307
-1.17645 -4.18817
-2.25941 -4.6736
-1.31295 -4.22653
-2.07912 -5.06256
-1.14611 -4.87326
-2.2939 -4.09039
-2.10168 -0.0694284
-1.80726 -3.34128
-2.30366 -1.56537
-1.73136 -1.08514
-1.95961 -3.26792
-1.94231 -0.138302
-1.47643 -3.75385
-1.30259 -5.38408
-2.2392 -3.9799
-2.00703 0.0278568
-1.41889 -3.7512
-1.54807 -5.49654
-1.94826 -4.52656
-0.858443 -4.48008
-2.57028 -3.05807
-1.09183 -0.281352
-2.50886 -5.28236
-1.41429 -4.42958
-1.95338 -5.15537
-1.36444 -5.02783
-2.05838 -4.61429
-0.932268 -4.34959
-2.49407 -3.61055
-1.36359 0.115871
-1.60915 -6.0499
-2.37706 -3.17522
-1.25444 -0.258513
-1.86483 -6.00637
-2.03273 -4.10673
-2.26634 -2.50412
-1.43872 -0.646759
-0.643922 -4.96503
-2.64149 -0.0707081
-1.78137 -2.10211
-2.17413 -0.937312
-2.02976 -1.42336
-1.99947 -0.95978
-2.13622 -1.62841
-1.83445 -0.873504
-2.07455 -2.8173
-1.60382 -0.295554
-0.374455 -4.19959
-2.664 0.439252
-1.77035 -2.40252
-2.18559 -0.858913
-2.04025 -1.51641
-1.95887 -0.884945
-2.15314 -1.94357
-1.70966 -0.75662
-1.38108 -3.88051
-1.78743 -5.45268
-1.65958 -4.84756
-1.66885 -5.19578
-1.73773 -4.96631
-1.58988 -5.16257
-1.82227 -4.90569
-1.41034 -5.16551
-2.02248 -4.59743
-0.895282 -4.3978
-2.53063 -3.37134
-1.19502 -0.0337374
-2.26174 -5.76969
-1.63641 -4.44894
-1.45904 -5.32635
-1.99901 -4.54258
-0.894411 -4.36619
-2.53062 -3.39545
-1.20672 -0.0139346
-2.22703 -5.81486
-1.67737 -4.43069
-1.3189 -5.26352
-2.16267 -4.24042
-2.33091 -1.92506
-1.5782 -0.978925
-0.765193 -3.91866
-2.64825 -2.95983
-1.03505 -0.275155
-2.67327 -4.81071
-1.66251 -4.17345
-1.05605 -5.07354
-2.45707 -3.32628
-1.21907 -0.119636
-2.11371 -5.90573
-1.77296 -4.38706
-0.982074 -4.91791
-2.50404 -3.169
-1.14977 -0.231668
-2.33092 -5.63552
-1.51899 -4.49573
-1.78088 -5.28193
-1.62553 -4.97815
-1.75564 -5.08288
-1.60568 -5.1015
-1.79781 -4.97168
-1.49489 -5.1605
-1.92647 -4.76643
-1.07908 -4.93648
-2.3887 -3.70879
-1.50527 0.124904
-0.913872 -5.50465
-2.62173 -0.47359
-1.74737 -1.87023
-2.229 -1.45691
-1.82499 -1.04923
-2.15181 -2.41025
-1.56928 -0.565262
-0.415427 -4.09952
-2.71315 -0.0385068
-1.6803 -2.06761
-2.23534 -2.13768
-1.57653 -0.779851
-0.557562 -3.93713
-2.75246 -1.43855
-1.26034 -1.39727
-1.26586 -5.66515
-2.47492 -2.90246
-1.17072 -0.482131
-2.12221 -5.83733
-1.67477 -4.48646
-1.38585 -5.2873
-2.08078 -4.41015
-1.54737 -4.08894
-1.38249 -5.37353
-2.11765 -4.28593
-2.17771 -3.00383
-1.46275 -0.281766
-0.772253 -5.24444
-2.63129 -0.260946
-1.77141 -1.99053
-2.19746 -1.10547
-1.96672 -1.25431
-2.10685 -1.21962
-1.99845 -1.13299
-2.10846 -1.33163
-1.9608 -1.03767
-2.14931 -1.60252
-1.83306 -0.898375
-2.08819 -2.75935
-1.58628 -0.335549
-0.382616 -4.25747
-2.6555 0.467565
-1.7774 -2.43915
-2.17348 -0.79655
-2.05978 -1.60916
-1.90877 -0.829087
-2.13489 -2.36981
-1.59663 -0.563546
-0.46304 -3.97661
-2.74889 -0.602821
-1.51253 -1.79975
-0.958484 -3.99943
-2.48558 -3.93487
-1.75851 0.246795
-0.301339 -4.084
-2.62974 0.81602
-1.7507 -2.74654
-2.25433 -1.13186
-1.91802 -1.26456
-2.14638 -1.34229
-1.92714 -1.04657
-2.16491 -1.72311
-1.77737 -0.859422
-1.90444 -3.35724
-2.13998 -0.405186
-2.06298 -2.42172
-1.66586 -0.463659
-0.625445 -3.86216
-2.7345 -2.03889
-1.09374 -1.00646
-2.23872 -5.62088
-1.44401 -4.60292
-1.94122 -5.08909
-1.34101 -5.04975
-2.08696 -4.53887
-1.13488 -4.23585
-2.30269 -4.50573
-2.03838 -3.4863
-1.88737 -0.040445
-1.04431 -3.82343
-2.41545 -4.38437
-2.35452 -1.76185
-1.62057 -1.0696
-1.20953 -3.94098
-2.20391 -4.9506
-0.998083 -4.57713
-2.43383 -3.7408
-1.51036 0.159889
-0.922006 -5.52032
-2.62064 -0.476515
-1.74824 -1.86862
-2.2284 -1.45003
-1.8279 -1.05202
-2.15546 -2.37677
-1.57425 -0.584171
-0.428467 -4.05722
-2.72664 -0.206558
-1.63354 -1.98036
-2.08536 -3.03101
-1.59988 -0.198433
-0.381505 -4.35784
-2.62516 0.642729
-1.7808 -2.64093
-2.184 -0.763843
-2.05898 -1.64862
-1.89607 -0.805478
-2.11667 -2.5228
-1.58164 -0.475611
-0.400191 -4.12073
-2.70033 0.116824
-1.71597 -2.15806
-2.25104 -1.53367
-1.78122 -1.03744
-2.07638 -2.86729
-1.60122 -0.272845
-0.374343 -4.24505
-2.65189 0.51103
-1.77795 -2.4765
-2.17422 -0.785439
-2.06122 -1.62482
-1.90205 -0.82045
-2.12758 -2.43904
-1.58744 -0.525134
-0.423683 -4.04403
-2.72666 -0.184939
-1.63692 -1.99021
-2.10346 -2.9644
-1.56426 -0.245543
-0.430918 -4.53825
-2.61229 0.605715
-1.79109 -2.65215
-2.16364 -0.686544
-2.07952 -1.79409
-1.82682 -0.744326
-1.94615 -3.23147
-1.95739 -0.16022
-1.57033 -3.69277
-0.835923 -4.81851
-2.62941 -2.27711
-1.16239 -0.936008
-1.9576 -5.87373
-1.77857 -4.46256
-1.05839 -5.00806
-2.43386 -3.47391
-1.29815 -0.0128893
-1.82615 -6.04998
-2.13467 -3.89766
-2.08452 -0.123647
-1.83815 -3.29504
-2.25802 -0.916128
-1.97845 -1.44728
-2.04294 -0.969917
-2.10924 -1.50477
-1.90067 -0.919242
-2.15672 -2.17921
-1.62968 -0.668146
-0.698554 -3.88338
-2.69468 -2.54854
-1.01842 -0.612973
-2.61117 -4.92192
-1.48455 -4.29626
-1.75552 -5.35847
-1.67027 -4.9062
-1.673 -5.16753
-1.72867 -4.9913
-1.61355 -5.1461
-1.79396 -4.94702
-1.48756 -5.17004
-1.93563 -4.74576
-1.04084 -4.88848
-2.42593 -3.57887
-1.36967 0.0584062
-1.53048 -6.01436
-2.43086 -2.94244
-1.20534 -0.4515
-1.98191 -5.93637
-1.84763 -4.35738
-0.827291 -4.53107
-2.60298 -2.77479
-1.0734 -0.522406
-2.47594 -5.30349
-1.36588 -4.46468
-2.03311 -5.02349
-1.16596 -4.92564
-2.27766 -4.11111
-2.15145 -0.175932
-1.95985 -2.92252
-1.81941 -0.196929
-1.00461 -3.84337
-2.45466 -4.20575
-2.21122 -0.254439
-2.02136 -2.55339
-1.70142 -0.369978
-0.672198 -3.8432
-2.71216 -2.3916
-1.02933 -0.733597
-2.54459 -5.08464
-1.35697 -4.39247
-2.03669 -5.05433
-1.18697 -4.93309
-2.25326 -4.18197
-2.27371 -0.617278
-2.02763 -1.7955
-1.87917 -0.70875
-2.03638 -2.92151
-1.67014 -0.218736
-0.407349 -3.95595
-2.73334 -0.164238
-1.62816 -1.99607
-2.06253 -3.11197
-1.65536 -0.146102
-0.35794 -4.09563
-2.6764 0.414544
-1.75753 -2.36275
-2.20708 -0.978326
-1.99681 -1.3761
-2.0458 -1.02468
-2.09701 -1.41212
-1.94306 -0.973811
-2.16018 -1.81041
-1.75011 -0.817801
-1.7272 -3.64499
-1.32573 -4.10558
-2.03022 -5.18709
-1.28911 -4.95602
-2.13663 -4.48413
-1.54368 -4.10119
-1.40949 -5.38446
-2.08473 -4.34933
-1.81799 -3.84337
-1.63115 -3.98217
-0.93314 -4.93628
-2.56285 -2.77696
-1.10937 -0.555938
-2.3373 -5.5621
-1.43796 -4.53715
-1.93855 -5.12475
-1.3667 -5.04574
-2.05745 -4.6045
-0.939354 -4.33788
-2.48727 -3.65486
-1.40539 0.139365
-1.42097 -5.97241
-2.5125 -2.44945
-1.23664 -0.840074
-1.61417 -5.91789
-2.21058 -3.80224
-1.82192 0.0979503
-0.52557 -3.78098
-2.7689 -1.32204
-1.26743 -1.4465
-1.21245 -5.6148
-2.5096 -2.71324
-1.1702 -0.635877
-2.04976 -5.86787
-1.72607 -4.47251
-1.22047 -5.17973
-2.26959 -3.99409
-1.98402 0.0634313
-1.26695 -3.79397
-2.06034 -5.25304
-1.29645 -4.91703
-2.12571 -4.53622
-1.29922 -4.19999
-2.09674 -5.04407
-1.11407 -4.83562
-2.32705 -4.00062
-1.92684 0.129843
-0.897335 -3.78308
-2.55553 -3.73841
-1.50355 0.232938
-1.02241 -5.64986
-2.62024 -0.781858
-1.67771 -1.71516
-2.16189 -2.62723
-1.51179 -0.474164
-0.473921 -4.60399
-2.62936 0.410222
-1.80297 -2.45751
-2.12182 -0.63275
-2.09903 -1.97009
-1.74964 -0.686175
-1.51693 -3.81279
-1.18949 -5.28334
-2.35655 -3.64789
-1.47795 0.0813671
-1.00497 -5.60732
-2.62442 -0.836387
-1.65727 -1.69189
-2.08499 -2.98472
-1.59479 -0.221361
-0.384161 -4.35875
-2.62738 0.624524
-1.78242 -2.6211
-2.17806 -0.747976
-2.06478 -1.67766
-1.88058 -0.792461
-2.09396 -2.67323
-1.58601 -0.382258
-0.3849 -4.2004
-2.672 0.359349
-1.76321 -2.33677
-2.19695 -0.937388
-2.01443 -1.41949
-2.0154 -0.96927
-2.12617 -1.56682
-1.86465 -0.896241
-2.12813 -2.50158
-1.57307 -0.497716
-0.400538 -4.14604
-2.69533 0.151698
-1.72592 -2.18223
-2.24489 -1.39213
-1.83659 -1.09811
-2.17447 -2.17938
-1.6138 -0.689318
-0.639621 -3.89342
-2.72642 -2.12109
-1.08107 -0.951601
-2.30465 -5.53716
-1.38887 -4.58578
-2.01415 -4.98919
-1.16086 -4.93875
-2.28612 -4.07635
-2.08858 -0.0514843
-1.7624 -3.4229
-2.1559 -2.95685
-1.48983 -0.291691
-0.646336 -5.03209
-2.62068 0.117664
-1.81717 -2.25454
-2.09784 -0.651279
-2.10718 -1.98905
-1.73572 -0.687039
-1.43217 -3.8547
-1.58889 -5.4839
-1.89151 -4.61276
-0.976224 -4.83307
-2.49204 -3.28869
-1.18414 -0.132899
-2.24974 -5.76608
-1.62146 -4.46701
-1.51704 -5.33627
-1.93117 -4.64649
-0.9461 -4.75627
-2.5121 -3.22623
-1.15518 -0.174583
-2.33885 -5.63446
-1.52678 -4.48656
-1.7603 -5.29618
-1.65187 -4.95733
-1.71522 -5.12135
-1.66907 -5.05657
-1.71424 -5.06794
-1.65762 -5.09193
-1.73498 -5.03289
-1.61865 -5.12411
-1.78556 -4.9695
-1.51404 -5.16359
-1.90574 -4.79574
-1.14914 -5.01267
-2.31652 -3.93339
-1.83859 0.156084
-0.506313 -3.77373
-2.77142 -1.17221
-1.30983 -1.52486
-0.948438 -5.32035
-2.63276 -1.64424
-1.3806 -1.33531
-0.633797 -4.82184
-2.67241 -0.409327
-1.68734 -1.90064
-2.22299 -2.19992
-1.56607 -0.7394
-0.491649 -3.98536
-2.75235 -0.833723
-1.44662 -1.69869
-0.549224 -4.15153
-2.73893 -1.1027
-1.39355 -1.58222
-0.564715 -4.58582
-2.6912 -0.403753
-1.65868 -1.90053
-2.16216 -2.67364
-1.50373 -0.450933
-0.505997 -4.69918
-2.62493 0.370913
-1.80888 -2.43788
-2.10889 -0.609156
-2.1018 -2.05063
-1.72125 -0.656435
-1.2824 -3.89261
-2.05715 -5.22562
-1.28362 -4.92477
-2.14036 -4.49536
-1.51661 -4.11705
-1.52255 -5.42025
-1.94978 -4.56799
-0.870426 -4.55241
-2.56468 -3.0412
-1.0943 -0.303255
-2.49217 -5.31611
-1.40986 -4.4433
-1.96371 -5.13629
-1.33965 -5.02381
-2.08577 -4.55813
-1.08423 -4.25216
-2.35218 -4.31762
-2.34714 -1.21622
-1.82241 -1.29272
-2.19859 -1.8219
-1.71549 -0.857829
-1.58715 -3.78626
-0.870991 -4.86792
-2.60843 -2.44844
-1.13591 -0.812641
-2.12729 -5.77754
-1.60052 -4.55404
-1.63459 -5.31386
-1.7936 -4.83662
-1.41416 -5.1932
-2.02266 -4.57983
-0.904224 -4.37001
-2.5213 -3.4463
-1.23758 0.0187062
-2.12041 -5.92412
-1.80312 -4.34877
-0.873419 -4.71441
-2.58135 -2.79988
-1.08959 -0.519711
-2.42259 -5.41669
-1.38541 -4.5006
-2.01008 -5.04218
-1.21095 -4.96711
-2.22936 -4.23179
-2.33424 -1.15556
-1.8522 -1.31404
-2.18743 -1.56732
-1.81602 -0.95303
-2.09256 -2.75961
-1.58019 -0.33944
-0.386698 -4.29198
-2.64946 0.492701
-1.78124 -2.46983
-2.16728 -0.762669
-2.06876 -1.6655
-1.88095 -0.801538
-2.0994 -2.64458
-1.58248 -0.401175
-0.387137 -4.19916
-2.674 0.339885
-1.7609 -2.3213
-2.2007 -0.962805
-2.00532 -1.39178
-2.03282 -1.00145
-2.11024 -1.472
-1.91127 -0.940072
-2.16222 -2.05919
-1.66311 -0.722173
-0.991419 -3.90456
-2.46289 -4.12122
-2.07015 0.053963
-1.57291 -3.63988
-0.782962 -4.70778
-2.65434 -2.08843
-1.19234 -1.05989
-1.75895 -5.90404
-2.00247 -4.2224
-1.80021 -3.85087
-1.43306 -4.08946
-1.76622 -5.41042
-1.67081 -4.87059
-1.65923 -5.18895
-1.74768 -4.96247
-1.57239 -5.16647
-1.84199 -4.8798
-1.35338 -5.14911
-2.0873 -4.47653
-1.32822 -4.18323
-2.04504 -5.13561
-1.23836 -4.94029
-2.1932 -4.34892
-2.23557 -2.75942
-1.41273 -0.475078
-0.873288 -5.36168
-2.64112 -0.732549
-1.66117 -1.74451
-2.12171 -2.84255
-1.53639 -0.324311
-0.468024 -4.6284
-2.61562 0.509746
-1.80283 -2.56796
-2.12838 -0.611856
-2.09631 -1.998
-1.74327 -0.671927
-1.45331 -3.84394
-1.49589 -5.46635
-2.00318 -4.4565
-1.0128 -4.25279
-2.42009 -4.04004
-1.93167 0.169448
-0.844619 -3.77015
-2.59911 -3.47556
-1.2512 0.116617
-2.12593 -5.93671
-1.8251 -4.31952
-0.824225 -4.55464
-2.60778 -2.71577
-1.07719 -0.573796
-2.44477 -5.3599
-1.36394 -4.48985
-2.0384 -5.00106
-1.14026 -4.90516
-2.3058 -4.03166
-1.99684 0.0697869
-1.30481 -3.78418
-1.9602 -5.36621
-1.45251 -4.93211
-1.95768 -4.86879
-1.13164 -4.96207
-2.32742 -3.92442
-1.8145 0.165372
-0.425804 -3.81227
-2.75959 -0.4756
-1.52048 -1.84898
-1.05345 -4.00556
-2.39664 -4.32934
-2.34997 -1.20602
-1.82365 -1.30088
-2.19876 -1.79396
-1.72539 -0.869014
-1.66469 -3.72058
-0.768323 -4.27784
-2.63897 -2.68954
-1.05169 -0.561783
-2.53088 -5.16236
-1.36826 -4.41349
-2.02298 -5.06586
-1.21308 -4.95599
-2.22513 -4.25063
-2.34307 -1.36515
-1.77425 -1.21583
-2.15775 -2.46573
-1.54977 -0.547015
-0.405032 -4.23463
-2.67861 0.254572
-1.75388 -2.26232
-2.21169 -1.05089
-1.97307 -1.30753
-2.08775 -1.13569
-2.03843 -1.22368
-2.0529 -1.1552
-2.06018 -1.22415
-2.03464 -1.14
-2.07859 -1.26299
-2.00756 -1.09455
-2.10976 -1.37256
-1.94594 -1.00726
-2.15858 -1.72386
-1.78218 -0.85226
-1.91452 -3.3332
-2.09859 -0.318512
-2.01315 -2.77791
-1.70237 -0.267659
-0.54444 -3.84903
-2.7609 -1.41622
-1.25207 -1.40139
-1.31425 -5.70108
-2.43607 -3.09375
-1.19638 -0.323987
-2.09349 -5.88718
-1.74464 -4.42866
-1.11241 -5.08292
-2.38557 -3.6397
-1.44589 0.0836694
-1.16624 -5.77358
-2.60569 -1.46452
-1.4817 -1.41327
-0.572852 -4.04259
-2.74289 -1.44787
-1.27463 -1.40095
-1.17965 -5.59099
-2.53383 -2.55212
-1.18579 -0.761701
-1.917 -5.91647
-1.86166 -4.37173
-0.827367 -4.50076
-2.60043 -2.8201
-1.07078 -0.481294
-2.49932 -5.25893
-1.37291 -4.44403
-2.02052 -5.0546
-1.20733 -4.95622
-2.23209 -4.23048
-2.33232 -1.12218
-1.8644 -1.33218
-2.17811 -1.46193
-1.86094 -0.997198
-2.16085 -2.25223
-1.60388 -0.643337
-0.548226 -3.9175
-2.7555 -1.38205
-1.27335 -1.42658
-1.18141 -5.58947
-2.53116 -2.57376
-1.18267 -0.74509
-1.93992 -5.91021
-1.83675 -4.39469
-0.859518 -4.65262
-2.58625 -2.80971
-1.08412 -0.505836
-2.44651 -5.37098
-1.37735 -4.48528
-2.01951 -5.03509
-1.19285 -4.95117
-2.24889 -4.18423
-2.2802 -0.656359
-2.01839 -1.73962
-1.90731 -0.735974
-2.09325 -2.64134
-1.59078 -0.396566
-0.387212 -4.15511
-2.68436 0.271901
-1.74686 -2.26426
-2.22195 -1.11701
-1.94574 -1.25596
-2.12475 -1.26851
-1.96873 -1.09274
-2.1375 -1.47261
-1.88876 -0.957791
-2.16187 -2.15644
-1.63212 -0.68341
-0.732176 -3.88408
-2.67309 -2.77117
-1.01415 -0.42615
-2.67838 -4.74909
-1.70593 -4.12362
-0.864786 -4.77138
-2.59811 -2.62062
-1.10429 -0.6711
-2.31134 -5.58057
-1.43663 -4.55536
-1.94399 -5.10912
-1.34976 -5.04456
-2.07642 -4.56509
-1.04023 -4.26735
-2.39346 -4.14253
-2.11332 -0.0450577
-1.79966 -3.34703
-2.30251 -1.73978
-1.66791 -1.01568
-1.504 -3.85607
-1.29617 -5.3626
-2.23775 -3.9945
-2.03036 0.0030553
-1.53848 -3.68214
-0.944073 -5.01172
-2.56971 -2.67123
-1.12181 -0.646871
-2.25236 -5.66847
-1.49836 -4.5563
-1.84349 -5.21471
-1.53269 -5.03853
-1.8748 -4.92221
-1.32672 -5.11704
-2.11371 -4.43753
-1.6174 -4.04878
-1.06366 -5.10808
-2.45888 -3.29773
-1.20918 -0.142725
-2.14202 -5.87778
-1.73472 -4.41546
-1.12553 -5.10084
-2.37372 -3.67701
-1.48767 0.10251
-0.977146 -5.57834
-2.6243 -0.716965
-1.68889 -1.74692
-2.19551 -2.40168
-1.52962 -0.619273
-0.416456 -4.28694
-2.67421 0.2505
-1.75939 -2.26625
-2.20308 -0.999877
-1.99366 -1.35385
-2.05539 -1.05178
-2.08431 -1.35831
-1.97192 -1.01117
-2.14585 -1.61581
-1.83109 -0.888636
-2.07854 -2.80409
-1.59816 -0.30533
-0.376549 -4.22168
-2.66 0.457359
-1.77363 -2.42265
-2.18011 -0.828484
-2.0499 -1.55959
-1.93507 -0.856758
-2.15052 -2.13517
-1.64899 -0.67836
-0.828019 -3.8865
-2.60293 -3.34013
-1.16212 0.016937
-2.40953 -5.55444
-1.52545 -4.44867
-1.7439 -5.31649
-1.67423 -4.93195
-1.67543 -5.15424
-1.72373 -5.00326
-1.62511 -5.13721
-1.77976 -4.96674
-1.52219 -5.16539
-1.89698 -4.8073
-1.17817 -5.03956
-2.28521 -4.02135
-2.00488 0.052569
-1.3666 -3.76822
-1.75955 -5.48678
-1.69918 -4.80063
-1.5761 -5.23382
-1.84575 -4.83041
-1.30341 -5.13707
-2.14672 -4.34881
-2.10595 -3.26603
-1.6232 -0.0923615
-0.370448 -4.36094
-2.6134 0.729111
-1.7693 -2.74139
-2.22261 -0.908249
-2.0045 -1.45074
-2.01535 -0.946064
-2.1291 -1.60993
-1.84692 -0.87629
-2.09666 -2.70275
-1.57932 -0.370805
-0.386551 -4.25671
-2.65895 0.435978
-1.77555 -2.41085
-2.17604 -0.816998
-2.05459 -1.57808
-1.92431 -0.846227
-2.14619 -2.22516
-1.62553 -0.637119
-0.638961 -3.88595
-2.7271 -2.1219
-1.07985 -0.949792
-2.30982 -5.52944
-1.38443 -4.58404
-2.0197 -4.98074
-1.14605 -4.92464
-2.30198 -4.03287
-2.00293 0.0623753
-1.34146 -3.77498
-1.84724 -5.44935
-1.5965 -4.87495
-1.77412 -5.12382
-1.59334 -5.0823
-1.80989 -4.97133
-1.47451 -5.1572
-1.94865 -4.73327
-1.00647 -4.83614
-2.45694 -3.46634
-1.27919 -0.00806574
-1.91867 -6.03105
-2.03025 -4.08657
-2.28591 -2.35011
-1.46675 -0.744691
-0.503607 -4.61862
-2.64885 0.202332
-1.7886 -2.27292
-2.15167 -0.784152
-2.07446 -1.64828
-1.88151 -0.814542
-2.10684 -2.60332
-1.57912 -0.428103
-0.390299 -4.18784
-2.67904 0.297377
-1.75431 -2.28732
-2.21108 -1.03533
-1.97804 -1.32156
-2.07934 -1.10995
-2.05197 -1.2586
-2.03118 -1.10781
-2.08915 -1.31191
-1.98315 -1.05009
-2.13449 -1.5068
-1.8791 -0.935825
-2.15279 -2.28264
-1.60261 -0.621199
-0.524051 -3.9283
-2.75769 -1.17125
-1.33686 -1.53716
-0.799623 -5.10241
-2.66359 -1.05995
-1.53444 -1.60822
-1.04686 -3.98681
-2.40427 -4.31254
-2.33992 -1.03324
-1.88634 -1.39512
-2.15052 -1.25141
-1.95455 -1.11543
-2.14358 -1.4766
-1.8825 -0.96007
-2.16051 -2.19338
-1.62189 -0.666962
-0.655316 -3.88759
-2.71892 -2.24096
-1.05776 -0.860328
-2.41623 -5.35719
-1.32133 -4.52197
-2.09397 -4.87612
-0.980499 -4.67621
-2.46197 -3.54284
-1.32344 0.0505877
-1.75276 -6.06282
-2.22837 -3.67154
-1.65858 0.0783192
-0.359218 -4.39793
-2.58897 0.870565
-1.73127 -2.93181
-2.28751 -1.72861
-1.68309 -1.00168
-1.5914 -3.79901
-0.869567 -4.86247
-2.60873 -2.45017
-1.1351 -0.810979
-2.1315 -5.77395
-1.59607 -4.55545
-1.64567 -5.31165
-1.78108 -4.85081
-1.44939 -5.19976
-1.9827 -4.64819
-0.895359 -4.59546
-2.54417 -3.1438
-1.11917 -0.224686
-2.44311 -5.4387
-1.44276 -4.46686
-1.9144 -5.18421
-1.43017 -5.04051
-1.98719 -4.74458
-0.964882 -4.74455
-2.4891 -3.36077
-1.21082 -0.0736231
-2.17567 -5.85844
-1.71581 -4.41872
-1.18688 -5.16252
-2.31036 -3.87306
-1.76393 0.157747
-0.335773 -3.95294
-2.69135 0.400806
-1.73953 -2.32779
-2.23313 -1.16854
-1.92137 -1.22381
-2.15058 -1.39978
-1.904 -1.01138
-2.17038 -1.92535
-1.7015 -0.783956
-1.37179 -3.88617
-1.82008 -5.43712
-1.62104 -4.87564
-1.73863 -5.14832
-1.64576 -5.05166
-1.74288 -5.05075
-1.61323 -5.11641
-1.79087 -4.96918
-1.50508 -5.16287
-1.9155 -4.78166
-1.11561 -4.97846
-2.35175 -3.82764
-1.66481 0.166161
-0.376924 -4.50241
-2.5689 0.926907
-1.69902 -3.04932
-2.18418 -2.77511
-1.46516 -0.418606
-0.665917 -5.04553
-2.63021 -0.00924252
-1.80045 -2.15269
-2.13739 -0.788425
-2.08187 -1.65813
-1.87124 -0.814066
-2.09439 -2.68312
-1.58435 -0.377988
-0.384841 -4.21584
-2.66813 0.383967
-1.76735 -2.35921
-2.19002 -0.89561
-2.02919 -1.46911
-1.98517 -0.921597
-2.14571 -1.75294
-1.78234 -0.826034
-1.88513 -3.39221
-2.2091 -0.62001
-2.06236 -1.84843
-1.82555 -0.705011
-1.89883 -3.33805
-2.14247 -0.417064
-2.06634 -2.38676
-1.669 -0.481793
-0.664149 -3.86013
-2.71565 -2.32372
-1.04081 -0.79093
-2.49261 -5.20372
-1.31811 -4.4518
-2.09507 -4.91597
-1.01015 -4.72396
-2.43429 -3.64212
-1.41481 0.103066
-1.341 -5.91688
-2.54954 -2.1601
-1.29477 -1.03696
-1.18697 -5.64271
-2.55138 -2.36838
-1.22219 -0.897752
-1.66546 -5.92039
-2.14263 -3.96169
-2.15024 -0.244008
-1.99993 -2.76776
-1.72531 -0.264468
-0.636614 -3.82935
-2.7312 -2.14524
-1.06724 -0.922874
-2.36442 -5.44304
-1.34324 -4.55861
-2.06914 -4.90435
-1.02146 -4.76289
-2.42656 -3.65229
-1.42804 0.106001
-1.27673 -5.87044
-2.57547 -1.89494
-1.36187 -1.19484
-0.753553 -5.07558
-2.66246 -0.713487
-1.63428 -1.75795
-2.0072 -3.24536
-1.8161 -0.0905941
-0.791309 -3.80636
-2.63651 -3.16868
-1.08315 -0.0881326
-2.61108 -5.06003
-1.51821 -4.31807
-1.68217 -5.37493
-1.75333 -4.83457
-1.49234 -5.21578
-1.93625 -4.71489
-1.00718 -4.84582
-2.45802 -3.45516
-1.27255 -0.0160278
-1.94362 -6.0213
-1.99913 -4.13453
-2.07649 -3.31673
-1.70056 -0.0612533
-0.367577 -3.98019
-2.7077 0.186764
-1.70967 -2.18718
-2.25468 -1.60158
-1.75378 -1.01261
-1.97582 -3.21081
-1.87376 -0.117682
-1.1299 -3.83696
-2.3129 -4.72522
-1.29139 -4.24851
-2.1149 -4.98689
-1.05251 -4.76127
-2.38998 -3.80855
-1.61169 0.173541
-0.520826 -4.87703
-2.56791 0.687609
-1.77434 -2.86716
-2.23839 -0.954022
-1.98189 -1.40582
-2.05171 -1.00889
-2.09618 -1.42704
-1.93865 -0.962953
-2.16124 -1.85599
-1.73319 -0.800625
-1.60627 -3.76454
-0.79377 -4.70157
-2.64657 -2.19475
-1.16725 -0.986901
-1.91465 -5.88397
-1.82213 -4.42965
-0.915883 -4.78303
-2.54957 -2.97673
-1.1037 -0.378513
-2.43018 -5.43161
-1.41266 -4.48629
-1.96783 -5.11096
-1.3182 -5.02345
-2.11015 -4.50354
-1.34255 -4.18351
-2.01904 -5.17241
-1.29282 -4.96853
-2.13354 -4.48354
-1.53106 -4.10786
-1.46251 -5.40484
-2.02137 -4.45873
-1.0773 -4.23426
-2.35989 -4.30182
-2.33696 -1.04105
-1.8862 -1.38768
-2.15201 -1.26365
-1.94937 -1.10661
-2.14817 -1.51056
-1.86681 -0.944765
-2.14845 -2.34972
-1.58828 -0.587779
-0.457394 -3.99261
-2.74564 -0.5352
-1.53448 -1.82969
-1.18362 -4.00246
-2.24718 -4.81678
-1.03181 -4.36693
-2.39728 -4.05064
-1.95705 0.143128
-1.00196 -3.79095
-2.46065 -4.21827
-2.23153 -0.320137
-2.03858 -2.36444
-1.70867 -0.464447
-0.858455 -3.86365
-2.58055 -3.51184
-1.27682 0.121998
-2.02021 -6.00912
-1.9475 -4.1903
-1.51674 -4.0815
-1.48767 -5.41844
-1.99367 -4.49892
-0.921599 -4.3152
-2.50432 -3.58227
-1.33732 0.104232
-1.72794 -6.06963
-2.2652 -3.56321
-1.51985 0.0252484
-0.75969 -5.27487
-2.61298 -0.0318369
-1.81857 -2.15444
-2.10432 -0.703861
-2.10523 -1.86609
-1.77833 -0.7359
-1.75013 -3.60358
-1.68291 -3.92253
-0.762326 -4.51197
-2.65345 -2.31217
-1.12215 -0.887501
-2.15914 -5.73412
-1.55072 -4.57744
-1.75355 -5.26721
-1.65352 -4.97524
-1.71727 -5.11074
-1.66408 -5.06511
-1.72225 -5.05775
-1.64404 -5.1029
-1.75307 -5.01202
-1.5846 -5.1417
-1.82594 -4.91521
-1.41038 -5.16175
-2.02184 -4.601
-0.893356 -4.405
-2.53273 -3.35351
-1.18612 -0.0468166
-2.28883 -5.73192
-1.60635 -4.45897
-1.55117 -5.34328
-1.8929 -4.69721
-1.06681 -4.94609
-2.40657 -3.62937
-1.42162 0.0839803
-1.28934 -5.87691
-2.56967 -1.9661
-1.3424 -1.15459
-0.867715 -5.25904
-2.65155 -1.11421
-1.53571 -1.58185
-1.03875 -3.98447
-2.41237 -4.28115
-2.31174 -0.754835
-1.97977 -1.61844
-1.98894 -0.818269
-2.14309 -1.9701
-1.70935 -0.734567
-1.34051 -3.88929
-1.91257 -5.37833
-1.50656 -4.9338
-1.89687 -4.95971
-1.31787 -5.09586
-2.12069 -4.43435
-1.6671 -4.01079
-0.853536 -4.77839
-2.60922 -2.5164
-1.11704 -0.754146
-2.2295 -5.6781
-1.50024 -4.57001
-1.84451 -5.20816
-1.52924 -5.04244
-1.87896 -4.91412
-1.31255 -5.11129
-2.12996 -4.40357
-1.83978 -3.82217
-1.89611 -3.67569
-2.31653 -1.57913
-1.71684 -1.09484
-1.90623 -3.39392
-2.15891 -0.446109
-2.07196 -2.27581
-1.68844 -0.533631
-0.849887 -3.87125
-2.58681 -3.46396
-1.24045 0.094669
-2.15634 -5.9066
-1.78474 -4.35419
-0.916052 -4.8094
-2.55422 -2.92702
-1.10151 -0.422017
-2.41993 -5.44254
-1.40826 -4.49483
-1.97604 -5.09564
-1.29682 -5.01614
-2.13401 -4.45213
-1.66161 -4.01777
-0.875845 -4.8238
-2.59653 -2.59244
-1.11212 -0.697588
-2.27083 -5.63439
-1.46962 -4.56316
-1.89415 -5.16378
-1.4473 -5.05697
-1.96965 -4.76457
-1.00685 -4.82152
-2.45367 -3.49102
-1.29505 0.00877953
-1.85674 -6.04881
-2.10552 -3.9536
-2.2101 -0.43525
-2.0604 -2.1811
-1.72647 -0.560814
-1.14244 -3.89345
-2.29802 -4.73749
-1.23309 -4.26566
-2.19327 -4.80424
-0.97937 -4.40555
-2.44809 -3.79684
-1.56894 0.193868
-0.694436 -5.20132
-2.59158 0.264419
-1.83998 -2.42412
-2.04307 -0.497424
-2.07349 -2.54834
-1.62963 -0.419265
-0.450379 -3.95268
-2.74882 -0.525594
-1.53054 -1.83257
-1.14525 -4.00417
-2.29658 -4.67813
-1.38963 -4.20698
-1.93281 -5.26451
-1.44261 -4.99676
-1.97128 -4.80229
-1.04254 -4.86546
-2.41904 -3.62289
-1.40792 0.084517
-1.35938 -5.92656
-2.53955 -2.25138
-1.27361 -0.977758
-1.33759 -5.76999
-2.45694 -2.94555
-1.18224 -0.447923
-2.08907 -5.87003
-1.72077 -4.45695
-1.21778 -5.18123
-2.27387 -3.98021
-1.95783 0.0851374
-1.11732 -3.80476
-2.32879 -4.6956
-1.40482 -4.20834
-1.90041 -5.29411
-1.49143 -4.98836
-1.91748 -4.89495
-1.22611 -5.05164
-2.2261 -4.19144
-2.30668 -0.853561
-1.96053 -1.51986
-2.04055 -0.917986
-2.11848 -1.60014
-1.85929 -0.87236
-2.11101 -2.6119
-1.57272 -0.428379
-0.391187 -4.22717
-2.6702 0.352259
-1.76534 -2.33553
-2.19326 -0.92026
-2.02116 -1.43934
-2.00257 -0.948625
-2.13569 -1.64089
-1.83044 -0.866954
-2.06247 -2.87064
-1.62303 -0.260285
-0.370824 -4.13186
-2.67774 0.366254
-1.75641 -2.33097
-2.20823 -0.998828
-1.99039 -1.35573
-2.05798 -1.0534
-2.08208 -1.35275
-1.97566 -1.01538
-2.14338 -1.59499
-1.84054 -0.896575
-2.09896 -2.69952
-1.57661 -0.374583
-0.388133 -4.26944
-2.65684 0.444488
-1.77724 -2.4209
-2.1731 -0.801998
-2.05906 -1.60156
-1.91205 -0.833371
-2.13799 -2.33656
-1.60216 -0.581298
-0.490834 -3.94763
-2.756 -0.871687
-1.42904 -1.68005
-0.524842 -4.2681
-2.7264 -0.702891
-1.53004 -1.76342
-1.10523 -3.99958
-2.34292 -4.53237
-2.01738 -3.54431
-1.98513 -0.0959911
-1.55769 -3.68942
-0.876719 -4.89849
-2.60882 -2.41871
-1.14385 -0.836977
-2.08257 -5.81153
-1.64737 -4.53688
-1.5073 -5.31522
-1.9376 -4.6497
-0.940209 -4.74077
-2.51606 -3.21362
-1.14988 -0.183079
-2.35419 -5.60843
-1.51183 -4.48679
-1.79155 -5.27881
-1.6126 -4.98483
-1.77362 -5.06468
-1.57427 -5.11699
-1.835 -4.92083
-1.39789 -5.15446
-2.03525 -4.57977
-0.923331 -4.34427
-2.50265 -3.56899
-1.32702 0.0940978
-1.76941 -6.06965
-2.22073 -3.68691
-1.6848 0.0828139
-0.331392 -4.24311
-2.61221 0.823096
-1.74991 -2.81244
-2.26545 -1.21058
-1.8844 -1.22035
-2.17582 -1.57146
-1.8234 -0.939253
-2.09695 -2.73049
-1.57639 -0.357692
-0.38883 -4.29295
-2.651 0.477949
-1.78086 -2.45624
-2.16739 -0.76802
-2.06791 -1.65715
-1.88461 -0.805635
-2.10566 -2.60549
-1.58023 -0.425868
-0.390056 -4.18369
-2.67983 0.292895
-1.75323 -2.28342
-2.21273 -1.04709
-1.97346 -1.3113
-2.0864 -1.13022
-2.04101 -1.23056
-2.04875 -1.14527
-2.06612 -1.24039
-2.02485 -1.12029
-2.09104 -1.30367
-1.98427 -1.05727
-2.1327 -1.49074
-1.88623 -0.943669
-2.15791 -2.21111
-1.61887 -0.656681
-0.628259 -3.89093
-2.73177 -2.03789
-1.09816 -1.01169
-2.21924 -5.64471
-1.46343 -4.6039
-1.91277 -5.12398
-1.40194 -5.06279
-2.01976 -4.66887
-0.893138 -4.52612
-2.53992 -3.2204
-1.13723 -0.157561
-2.41151 -5.51411
-1.47697 -4.47187
-1.85417 -5.23948
-1.52768 -5.02394
-1.87933 -4.92568
-1.32138 -5.1123
-2.11935 -4.42753
-1.6883 -3.99197
-0.791809 -4.61492
-2.63985 -2.35926
-1.12495 -0.861397
-2.15652 -5.74123
-1.55846 -4.57254
-1.73583 -5.27765
-1.67564 -4.95661
-1.68091 -5.1397
-1.71481 -5.01853
-1.64294 -5.12383
-1.75737 -4.99547
-1.57135 -5.15128
-1.84159 -4.89036
-1.36261 -5.14994
-2.07629 -4.49941
-1.20175 -4.21492
-2.23009 -4.73931
-1.09661 -4.30064
-2.33755 -4.33569
-2.35293 -1.45957
-1.73304 -1.18594
-2.05069 -3.01018
-1.65627 -0.186797
-0.371323 -4.04485
-2.69725 0.240888
-1.72803 -2.22898
-2.24388 -1.34034
-1.85556 -1.12474
-2.18339 -1.96467
-1.67726 -0.784266
-1.19805 -3.91502
-2.21908 -4.92866
-0.992475 -4.53047
-2.43736 -3.7569
-1.52639 0.169795
-0.857109 -5.43774
-2.61512 -0.248633
-1.79374 -2.00492
-2.16346 -0.939524
-2.03636 -1.42395
-1.99305 -0.957703
-2.13976 -1.65215
-1.82309 -0.865419
-2.04607 -2.93958
-1.65507 -0.216499
-0.38211 -4.0196
-2.70915 0.121594
-1.70275 -2.15171
-2.25432 -1.72248
-1.70971 -0.963698
-1.70794 -3.68666
-1.0441 -4.14717
-2.39685 -4.22132
-2.23756 -0.37385
-2.04627 -2.24562
-1.72622 -0.520794
-1.06737 -3.88756
-2.38804 -4.44591
-2.28582 -2.53174
-1.41437 -0.651359
-0.750229 -5.15221
-2.64608 -0.404142
-1.72724 -1.90633
-2.23979 -1.6354
-1.75229 -0.981194
-1.93915 -3.29987
-2.01328 -0.195723
-1.78451 -3.4329
-2.24238 -2.50757
-1.45906 -0.620097
-0.577385 -4.83283
-2.63741 0.121224
-1.79922 -2.23384
-2.13361 -0.745382
-2.08906 -1.73564
-1.83783 -0.780083
-2.00973 -3.04825
-1.74206 -0.153993
-0.559598 -3.82286
-2.75947 -1.56013
-1.20725 -1.31554
-1.59657 -5.85115
-2.15828 -3.96287
-2.12243 -0.176167
-1.93563 -3.02975
-1.90086 -0.18425
-1.38785 -3.80329
-1.71029 -5.49074
-1.75362 -4.75695
-1.43511 -5.22861
-2.00452 -4.59146
-0.881731 -4.43197
-2.5451 -3.25839
-1.14513 -0.118423
-2.40245 -5.53891
-1.49301 -4.46942
-1.82214 -5.26502
-1.57358 -5.00374
-1.82444 -5.00473
-1.4694 -5.14134
-1.95259 -4.73724
-1.00447 -4.8306
-2.45825 -3.46335
-1.27678 -0.0096682
-1.92866 -6.02757
-2.01823 -4.10542
-2.2261 -2.7439
-1.42474 -0.475475
-0.813215 -5.27634
-2.64119 -0.516948
-1.71168 -1.84807
-2.23612 -1.91398
-1.65372 -0.868115
-1.16177 -3.92473
-2.27315 -4.78969
-1.09636 -4.3222
-2.3367 -4.32264
-2.3503 -1.32894
-1.78144 -1.24031
-2.1746 -2.32637
-1.56977 -0.628319
-0.440126 -4.0429
-2.7335 -0.323714
-1.60088 -1.92507
-1.86324 -3.57349
-2.31253 -1.60781
-1.70925 -1.07871
-1.85118 -3.49802
-2.30801 -1.44448
-1.77209 -1.14124
-2.11996 -2.68522
-1.55152 -0.40226
-0.412273 -4.40488
-2.6387 0.493021
-1.78979 -2.49581
-2.15121 -0.700449
-2.08445 -1.78773
-1.82429 -0.751451
-1.94608 -3.23339
-1.95854 -0.160596
-1.57499 -3.68894
-0.817589 -4.77967
-2.6381 -2.21586
-1.17119 -0.977035
-1.89875 -5.89094
-1.84357 -4.40851
-0.861087 -4.65014
-2.58445 -2.82535
-1.08401 -0.492592
-2.45189 -5.36253
-1.37815 -4.48103
-2.01786 -5.03995
-1.19895 -4.9553
-2.2421 -4.20184
-2.30404 -0.819882
-1.97054 -1.55147
-2.01995 -0.879252
-2.13283 -1.7275
-1.8021 -0.823962
-1.95276 -3.23278
-1.94126 -0.147685
-1.48908 -3.74818
-1.23915 -5.33698
-2.30969 -3.78693
-1.66142 0.138659
-0.373121 -4.4786
-2.57399 0.911316
-1.70883 -3.0185
-2.23751 -2.44852
-1.47907 -0.644357
-0.501893 -4.63988
-2.64106 0.26544
-1.79748 -2.32894
-2.13287 -0.707293
-2.09267 -1.80457
-1.81085 -0.750919
-1.90225 -3.34031
-2.13506 -0.397577
-2.06028 -2.4548
-1.66283 -0.44691
-0.591361 -3.8666
-2.74753 -1.77425
-1.1573 -1.18793
-1.89827 -5.86029
-1.80759 -4.46019
-0.981451 -4.89547
-2.49946 -3.20889
-1.15982 -0.19858
-2.30947 -5.67391
-1.54653 -4.49025
-1.7192 -5.31282
-1.70072 -4.91756
-1.62904 -5.17687
-1.78022 -4.94075
-1.5076 -5.17545
-1.91409 -4.77543
-1.11158 -4.97585
-2.35633 -3.81211
-1.64223 0.162563
-0.42564 -4.64784
-2.56401 0.863006
-1.71702 -3.02255
-2.25814 -2.27647
-1.51269 -0.747893
-0.428475 -4.26442
-2.68762 0.114469
-1.73455 -2.16993
-2.23664 -1.29955
-1.87494 -1.14135
-2.18213 -1.79498
-1.73799 -0.849119
-1.70734 -3.67274
-1.06973 -4.14305
-2.37253 -4.32187
-2.34743 -1.19073
-1.83068 -1.30661
-2.19715 -1.72814
-1.75037 -0.893543
-1.8306 -3.50619
-2.30292 -1.89193
-1.61154 -0.958377
-0.976022 -3.927
-2.47534 -4.04444
-1.93813 0.189223
-0.83557 -3.76563
-2.60651 -3.42922
-1.21789 0.0915791
-2.24467 -5.814
-1.6897 -4.41128
-1.25879 -5.22577
-2.23254 -4.07829
-2.16003 -0.218606
-1.99093 -2.79336
-1.74253 -0.249664
-0.695876 -3.82474
-2.69951 -2.56531
-1.01086 -0.587255
-2.63896 -4.83938
-1.57089 -4.23373
-1.45169 -5.3745
-2.02407 -4.47073
-1.0601 -4.24092
-2.37601 -4.23375
-2.26074 -0.481561
-2.04391 -2.0144
-1.79277 -0.61573
-1.6374 -3.71283
-0.731831 -4.4065
-2.66884 -2.24375
-1.12311 -0.927794
-2.14096 -5.74538
-1.56368 -4.57845
-1.72807 -5.27899
-1.6846 -4.95037
-1.66574 -5.14931
-1.73435 -4.99833
-1.60758 -5.14406
-1.80047 -4.94162
-1.47313 -5.16962
-1.95162 -4.72024
-0.988692 -4.80904
-2.4728 -3.40443
-1.23891 -0.0478106
-2.07265 -5.94853
-1.83956 -4.32478
-0.819187 -4.50139
-2.60768 -2.76108
-1.07088 -0.530508
-2.48123 -5.28972
-1.36363 -4.46064
-2.03578 -5.02113
-1.16066 -4.92029
-2.28327 -4.09643
-2.12281 -0.112921
-1.8824 -3.17128
-2.09348 -0.353507
-2.02943 -2.71029
-1.67626 -0.308277
-0.494407 -3.88232
-2.7623 -0.973024
-1.38779 -1.63009
-0.57959 -4.62075
-2.69034 -0.453172
-1.65016 -1.87761
-2.12691 -2.84572
-1.52933 -0.327334
-0.486218 -4.67777
-2.61478 0.478015
-1.8069 -2.54535
-2.11766 -0.59298
-2.0984 -2.06296
-1.72075 -0.647818
-1.26344 -3.89451
-2.09795 -5.166
-1.20512 -4.87914
-2.22533 -4.29781
-2.33879 -1.84979
-1.59997 -1.01742
-0.96921 -3.93214
-2.4811 -4.01227
-1.88423 0.219227
-0.574899 -3.74676
-2.76038 -1.73663
-1.14761 -1.19559
-1.94408 -5.84098
-1.74992 -4.50797
-1.1935 -5.14659
-2.29567 -3.92973
-1.85752 0.14115
-0.592542 -3.76094
-2.7536 -1.86203
-1.11875 -1.11427
-2.10156 -5.7506
-1.57611 -4.59449
-1.71059 -5.28041
-1.70436 -4.93646
-1.63057 -5.16778
-1.77735 -4.94941
-1.51717 -5.17263
-1.90325 -4.79338
-1.15144 -5.01614
-2.31436 -3.93876
-1.84854 0.152938
-0.543669 -3.7651
-2.76704 -1.47926
-1.21993 -1.35639
-1.51391 -5.8186
-2.24657 -3.75368
-1.71023 0.109869
-0.320757 -4.14025
-2.6326 0.752528
-1.76114 -2.69472
-2.2298 -0.96986
-1.9835 -1.38846
-2.05519 -1.02559
-2.09029 -1.39667
-1.95399 -0.982817
-2.15615 -1.74256
-1.77747 -0.841632
-1.88431 -3.39681
-2.2137 -0.637995
-2.0585 -1.81424
-1.84073 -0.718269
-1.95897 -3.18959
-1.90505 -0.138178
-1.31887 -3.81718
-1.93692 -5.37777
-1.4809 -4.93084
-1.92601 -4.91973
-1.23391 -5.04831
-2.21551 -4.22291
-2.33531 -1.1937
-1.83887 -1.29343
-2.19438 -1.69747
-1.76359 -0.903037
-1.89956 -3.37592
-2.16416 -0.466749
-2.07457 -2.21805
-1.70058 -0.559959
-0.97082 -3.88534
-2.48324 -4.03967
-1.93187 0.196375
-0.796756 -3.75984
-2.63613 -3.21805
-1.10155 -0.0431188
-2.57618 -5.1695
-1.48976 -4.35895
-1.77786 -5.32927
-1.63946 -4.94145
-1.72878 -5.12131
-1.65183 -5.06463
-1.73752 -5.04717
-1.61966 -5.1165
-1.78347 -4.97635
-1.52098 -5.16104
-1.89785 -4.80893
-1.17815 -5.03892
-2.28509 -4.0221
-2.00617 0.051274
-1.37367 -3.76582
-1.73302 -5.49402
-1.72994 -4.77383
-1.49804 -5.23886
-1.93336 -4.70449
-1.00102 -4.83948
-2.46412 -3.42913
-1.25571 -0.033006
-2.00828 -5.98984
-1.91879 -4.24112
-1.13646 -4.19097
-2.30289 -4.5367
-1.92767 -3.71636
-2.31087 -1.26837
-1.8319 -1.22924
-2.19351 -1.89257
-1.69432 -0.824282
-1.38982 -3.88486
-1.76222 -5.46062
-1.68845 -4.82552
-1.60913 -5.22054
-1.80774 -4.88359
-1.42161 -5.17834
-2.01141 -4.61012
-0.883751 -4.44593
-2.54385 -3.25557
-1.14488 -0.122123
-2.40155 -5.53978
-1.49263 -4.47013
-1.82318 -5.26402
-1.57209 -5.00463
-1.82632 -5.00216
-1.46493 -5.14154
-1.95756 -4.72885
-0.988617 -4.8046
-2.47206 -3.41093
-1.24232 -0.043039
-2.06084 -5.95726
-1.85458 -4.31022
-0.821342 -4.41285
-2.60004 -2.89575
-1.06631 -0.407579
-2.53998 -5.17587
-1.39844 -4.40431
-1.97398 -5.14041
-1.32869 -5.0144
-2.09724 -4.53869
-1.17481 -4.22731
-2.26062 -4.64445
-1.40796 -4.19141
-1.88606 -5.31157
-1.51364 -4.9789
-1.89197 -4.9377
-1.30873 -5.09912
-2.13237 -4.40518
-1.84508 -3.81516
-1.95848 -3.56145
-2.14975 -0.372075
-2.05382 -2.46867
-1.66864 -0.434732
-0.602659 -3.86191
-2.74378 -1.86571
-1.13368 -1.12693
-2.02998 -5.80351
-1.65764 -4.56037
-1.50054 -5.30718
-1.94373 -4.6452
-0.928285 -4.71325
-2.52476 -3.18082
-1.1378 -0.206419
-2.38665 -5.54891
-1.48107 -4.48459
-1.85092 -5.23724
-1.53091 -5.02522
-1.8758 -4.92955
-1.33083 -5.11657
-2.10864 -4.44926
-1.54268 -4.0967
-1.40839 -5.38483
-2.08641 -4.34573
-1.84153 -3.81167
-1.94 -3.597
-2.22148 -0.606818
-2.05716 -1.85589
-1.8284 -0.69748
-1.89947 -3.33493
-2.1389 -0.408758
-2.06393 -2.41672
-1.66568 -0.466726
-0.628459 -3.86215
-2.73316 -2.06149
-1.0889 -0.990141
-2.26282 -5.59136
-1.42237 -4.59873
-1.971 -5.04995
-1.27098 -5.01951
-2.16493 -4.37379
-2.09345 -3.30811
-1.66341 -0.0684867
-0.344961 -4.15063
-2.65194 0.590285
-1.77155 -2.52938
-2.19053 -0.831179
-2.04287 -1.55033
-1.94497 -0.86135
-2.15187 -2.0699
-1.66864 -0.70569
-1.00301 -3.9037
-2.45208 -4.17129
-2.15476 -0.103949
-1.91008 -3.07309
-1.97887 -0.22393
-1.73611 -3.52037
-1.76051 -3.83873
-1.10964 -4.15338
-2.33225 -4.46326
-2.20862 -2.9355
-1.42485 -0.34681
-0.906732 -5.42484
-2.63718 -0.77384
-1.6561 -1.72458
-2.09469 -2.95303
-1.57684 -0.244604
-0.406235 -4.44893
-2.61914 0.61999
-1.78649 -2.64228
-2.17221 -0.719296
-2.07177 -1.72879
-1.85643 -0.770163
-2.04143 -2.9247
-1.66162 -0.220389
-0.393307 -3.98773
-2.72129 -0.00990299
-1.67002 -2.07565
-2.22072 -2.30705
-1.53445 -0.690901
-0.4219 -4.17963
-2.70147 0.0294147
-1.70652 -2.11091
-2.25216 -1.69671
-1.72075 -0.971186
-1.78074 -3.59517
-1.98696 -3.48132
-2.01195 -0.143382
-1.71056 -3.53525
-1.45074 -4.06041
-1.69284 -5.4377
-1.75683 -4.7895
-1.4535 -5.22317
-1.98187 -4.63484
-0.888589 -4.57385
-2.54878 -3.13011
-1.11417 -0.233407
-2.45612 -5.41017
-1.4351 -4.46116
-1.92603 -5.17384
-1.41004 -5.03905
-2.00903 -4.70516
-0.914341 -4.61889
-2.52715 -3.23139
-1.14726 -0.158462
-2.37562 -5.57779
-1.50147 -4.48039
-1.80977 -5.26951
-1.58925 -4.99753
-1.80475 -5.02881
-1.5129 -5.13638
-1.90434 -4.81594
-1.17286 -5.03076
-2.29 -4.01097
-1.98324 0.0740114
-1.24375 -3.7962
-2.11309 -5.17681
-1.19912 -4.86183
-2.23061 -4.29351
-2.3427 -1.75264
-1.63305 -1.05916
-1.29688 -3.92975
-2.03703 -5.23977
-1.31275 -4.94092
-2.10923 -4.55938
-1.1635 -4.23367
-2.27276 -4.60338
-1.59065 -4.09661
-1.2259 -5.26529
-2.29545 -3.86925
-1.77684 0.149694
-0.358874 -3.89949
-2.71731 0.159329
-1.6927 -2.1626
-2.25294 -1.86919
-1.65717 -0.905851
-1.24959 -3.92236
-2.13168 -5.10027
-1.12867 -4.81311
-2.3071 -4.08353
-2.077 -0.0239356
-1.70271 -3.51042
-1.43149 -4.06591
-1.7554 -5.42026
-1.68481 -4.85551
-1.62954 -5.20406
-1.78308 -4.92018
-1.49081 -5.18182
-1.93342 -4.74151
-1.04008 -4.88911
-2.427 -3.57374
-1.36528 0.0553837
-1.55001 -6.02156
-2.41543 -3.01642
-1.21433 -0.389872
-1.97476 -5.9494
-1.87029 -4.32904
-0.830888 -4.38853
-2.5904 -2.98822
-1.0737 -0.327555
-2.54709 -5.17672
-1.41646 -4.39631
-1.94132 -5.18385
-1.39533 -5.02718
-2.02428 -4.68373
-0.897721 -4.53999
-2.53645 -3.23149
-1.14199 -0.150526
-2.39817 -5.53997
-1.48745 -4.47466
-1.83512 -5.25356
-1.55499 -5.01363
-1.84732 -4.97268
-1.41202 -5.13855
-2.01664 -4.62556
-0.885673 -4.4589
-2.54269 -3.25299
-1.14468 -0.125518
-2.40061 -5.54077
-1.49237 -4.4708
-1.82398 -5.2632
-1.57093 -5.00535
-1.82779 -5.00011
-1.46138 -5.14165
-1.9615 -4.72216
-0.976471 -4.78335
-2.48235 -3.37144
-1.21906 -0.0689834
-2.14424 -5.88863
-1.75195 -4.39604
-1.05073 -5.01539
-2.44583 -3.41388
-1.2604 -0.0537726
-1.97328 -6.00329
-1.9545 -4.19943
-1.53573 -4.0725
-1.40844 -5.38959
-2.08838 -4.3392
-1.87766 -3.75856
-2.2483 -2.53898
-1.44576 -0.610008
-0.634338 -4.95289
-2.63903 -0.0236222
-1.78869 -2.13454
-2.15949 -0.866951
-2.05513 -1.51984
-1.94356 -0.885025
-2.15496 -2.01811
-1.68298 -0.729585
-1.14546 -3.91136
-2.29461 -4.73739
-1.22668 -4.267
-2.20102 -4.78384
-0.999379 -4.37151
-2.42873 -3.9109
-1.72676 0.218621
-0.310279 -4.20876
-2.60129 0.920406
-1.72334 -2.91885
-2.28388 -1.85508
-1.63925 -0.949223
-1.17874 -3.9318
-2.24967 -4.84723
-1.01585 -4.39889
-2.41212 -3.96363
-1.81133 0.207857
-0.379481 -3.8445
-2.73771 -0.0652149
-1.63438 -2.03819
-2.10269 -2.9751
-1.5662 -0.239412
-0.42882 -4.53331
-2.61199 0.611723
-1.79024 -2.65768
-2.16625 -0.693432
-2.0776 -1.77882
-1.83383 -0.74999
-1.97176 -3.16113
-1.862 -0.128713
-1.09298 -3.8384
-2.35996 -4.57687
-1.8834 -3.80096
-2.21572 -2.73843
-1.43625 -0.468913
-0.76245 -5.19997
-2.63918 -0.339884
-1.74833 -1.94242
-2.22643 -1.35982
-1.86136 -1.09753
-2.18046 -1.98986
-1.671 -0.771008
-1.12964 -3.91562
-2.31508 -4.67459
-1.44215 -4.18859
-1.80131 -5.36811
-1.62289 -4.92243
-1.7476 -5.11871
-1.62685 -5.07575
-1.76974 -5.01436
-1.56026 -5.14328
-1.85304 -4.88145
-1.33361 -5.13725
-2.10914 -4.43575
-1.60033 -4.06013
-1.14344 -5.19524
-2.38382 -3.58706
-1.40679 0.049875
-1.33441 -5.9047
-2.54863 -2.18058
-1.28851 -1.02408
-1.22931 -5.68137
-2.52785 -2.53714
-1.19582 -0.774409
-1.86122 -5.93094
-1.92799 -4.29883
-1.03737 -4.2179
-2.39889 -4.15809
-2.13749 -0.0896716
-1.87921 -3.1671
-2.09979 -0.367142
-2.03923 -2.65166
-1.66477 -0.341949
-0.488793 -3.89388
-2.76101 -0.914141
-1.40726 -1.65808
-0.536432 -4.44364
-2.70538 -0.468913
-1.62179 -1.86837
-1.9848 -3.31794
-1.90708 -0.101315
-1.25672 -3.82407
-2.09283 -5.19811
-1.23149 -4.88806
-2.19604 -4.37445
-2.18359 -3.00274
-1.4552 -0.286885
-0.80383 -5.2911
-2.63352 -0.369341
-1.75099 -1.92704
-2.2245 -1.35128
-1.86575 -1.10055
-2.18091 -1.95158
-1.6838 -0.786335
-1.24938 -3.91073
-2.12958 -5.10839
-1.13637 -4.81986
-2.29887 -4.10698
-2.12227 -0.104521
-1.87393 -3.19156
-2.12546 -0.416308
-2.06502 -2.44124
-1.65941 -0.457395
-0.588634 -3.86907
-2.74829 -1.75086
-1.16372 -1.20332
-1.86151 -5.86911
-1.85068 -4.42075
-0.861275 -4.64372
-2.58348 -2.83767
-1.08363 -0.481712
-2.45726 -5.35348
-1.37864 -4.47685
-2.01664 -5.04406
-1.20388 -4.95842
-2.23661 -4.21607
-2.32009 -0.96725
-1.92046 -1.42935
-2.10885 -1.09138
-2.03502 -1.26479
-2.04388 -1.11173
-2.07852 -1.28951
-1.99922 -1.06988
-2.12052 -1.43058
-1.9172 -0.972548
-2.16577 -1.94438
-1.69875 -0.771094
-1.33032 -3.89551
-1.94287 -5.35143
-1.46507 -4.94581
-1.94444 -4.8813
-1.16611 -4.99702
-2.29094 -4.02701
-2.0066 0.0536607
-1.37088 -3.7664
-1.74331 -5.4915
-1.71803 -4.78439
-1.52941 -5.2391
-1.89811 -4.75696
-1.12249 -4.99622
-2.34718 -3.83444
-1.67726 0.166505
-0.355025 -4.42225
-2.57537 0.939653
-1.70052 -3.03255
-2.20092 -2.68442
-1.4604 -0.484441
-0.645129 -4.99578
-2.6325 0.0143506
-1.79939 -2.16637
-2.13814 -0.78504
-2.08192 -1.6627
-1.86961 -0.811663
-2.09085 -2.70264
-1.58706 -0.365286
-0.383302 -4.21472
-2.6672 0.394199
-1.76819 -2.36742
-2.18867 -0.88624
-2.03223 -1.4809
-1.97837 -0.911803
-2.14857 -1.79946
-1.76353 -0.809443
-1.7826 -3.56922
-2.0539 -3.31427
-1.746 -0.0608459
-0.466379 -3.84317
-2.76407 -0.780038
-1.43803 -1.71638
-0.537228 -4.20056
-2.7348 -0.92378
-1.45461 -1.6656
-0.562093 -4.11368
-2.74045 -1.26652
-1.33885 -1.5008
-0.794787 -5.09971
-2.66387 -1.02303
-1.54534 -1.6241
-1.16215 -3.98823
-2.27512 -4.74952
-1.16417 -4.28564
-2.27039 -4.57494
-1.69508 -4.01281
-0.794651 -4.61591
-2.6378 -2.38024
-1.12139 -0.845726
-2.17738 -5.72218
-1.53838 -4.5755
-1.77671 -5.255
-1.62422 -4.99573
-1.76054 -5.0692
-1.59442 -5.11124
-1.81175 -4.95084
-1.45917 -5.16256
-1.96638 -4.7002
-0.949542 -4.73462
-2.50474 -3.28209
-1.17435 -0.130276
-2.28921 -5.71548
-1.58331 -4.47572
-1.6234 -5.33904
-1.81055 -4.80182
-1.35065 -5.17597
-2.09615 -4.44146
-1.50713 -4.11395
-1.55221 -5.42653
-1.91528 -4.61484
-0.938967 -4.75583
-2.51992 -3.18103
-1.14098 -0.209881
-2.37364 -5.57072
-1.48973 -4.48777
-1.83565 -5.24818
-1.55276 -5.01717
-1.85023 -4.96698
-1.40325 -5.13756
-2.02656 -4.60727
-0.895679 -4.40414
-2.53045 -3.36757
-1.19335 -0.0370195
-2.26639 -5.7632
-1.63088 -4.45111
-1.47679 -5.33113
-1.97837 -4.57483
-0.870212 -4.47525
-2.5587 -3.13918
-1.1095 -0.215413
-2.47929 -5.36467
-1.43217 -4.44654
-1.92725 -5.17872
-1.41087 -5.03664
-2.00795 -4.70881
-0.917369 -4.62813
-2.52503 -3.2375
-1.15004 -0.15466
-2.36743 -5.59236
-1.50871 -4.48108
-1.79543 -5.27848
-1.60806 -4.98653
-1.77968 -5.05851
-1.5632 -5.12139
-1.84773 -4.90256
-1.36071 -5.1442
-2.07755 -4.50025
-1.20473 -4.21447
-2.22657 -4.7491
-1.07513 -4.31217
-2.35777 -4.2509
-2.28877 -0.637687
-2.01587 -1.75996
-1.90349 -0.723508
-2.08202 -2.70339
-1.59898 -0.356574
-0.382207 -4.15393
-2.68104 0.309646
-1.75197 -2.29152
-2.2147 -1.05531
-1.96965 -1.30461
-2.09169 -1.14555
-2.03259 -1.21097
-2.06138 -1.17548
-2.04779 -1.19343
-2.05371 -1.18266
-2.05193 -1.19062
-2.05113 -1.18269
-2.05401 -1.1926
-2.04887 -1.17886
-2.0569 -1.19901
-2.04468 -1.16957
-2.06283 -1.21406
-2.03545 -1.14948
-2.07553 -1.24948
-2.01429 -1.10821
-2.10184 -1.33882
-1.96379 -1.03022
-2.1484 -1.60652
-1.83236 -0.895564
-2.08524 -2.77341
-1.58965 -0.326068
-0.380754 -4.24827
-2.65643 0.467094
-1.77656 -2.4368
-2.17501 -0.803206
-2.05771 -1.59838
-1.91442 -0.834737
-2.13952 -2.31752
-1.60576 -0.591109
-0.510125 -3.9325
-2.75796 -1.05058
-1.37335 -1.59629
-0.628988 -4.76133
-2.68206 -0.536508
-1.64572 -1.83977
-2.09689 -2.96486
-1.57431 -0.240252
-0.412065 -4.47349
-2.61648 0.622107
-1.78713 -2.65194
-2.17216 -0.715798
-2.07221 -1.7345
-1.85406 -0.767586
-2.03477 -2.95085
-1.67632 -0.204675
-0.410575 -3.9449
-2.73643 -0.204198
-1.61627 -1.97653
-1.98866 -3.32104
-1.89934 -0.0962206
-1.21084 -3.82927
-2.18535 -5.03735
-1.0522 -4.69147
-2.38281 -3.88195
-1.70936 0.192788
-0.320957 -4.26804
-2.59313 0.932017
-1.7159 -2.95795
-2.27104 -2.10995
-1.55785 -0.83407
-0.528204 -3.96859
-2.75425 -1.16145
-1.34651 -1.54463
-0.750352 -5.01771
-2.66952 -0.885309
-1.57707 -1.68432
-1.51896 -3.90589
-1.28943 -5.34928
-2.24114 -3.99151
-2.0209 0.0149645
-1.48857 -3.71509
-1.20373 -5.31205
-2.34955 -3.65954
-1.49443 0.0867238
-0.930399 -5.51945
-2.62404 -0.55963
-1.72632 -1.82466
-2.23672 -1.75747
-1.70991 -0.92878
-1.65949 -3.73289
-0.751147 -4.31859
-2.65277 -2.51696
-1.06948 -0.708195
-2.42414 -5.37357
-1.34614 -4.51019
-2.06316 -4.94476
-1.0625 -4.81722
-2.38614 -3.78957
-1.59228 0.164163
-0.580723 -4.99559
-2.57656 0.54463
-1.80958 -2.71267
-2.13124 -0.572404
-2.09336 -2.07329
-1.72258 -0.638293
-1.25845 -3.89414
-2.10798 -5.15039
-1.18509 -4.86343
-2.24687 -4.24428
-2.33404 -1.12949
-1.86078 -1.32925
-2.1809 -1.4874
-1.84972 -0.986212
-2.15036 -2.37102
-1.58078 -0.580793
-0.437886 -4.02936
-2.73466 -0.323233
-1.59885 -1.92482
-1.84726 -3.59961
-2.29368 -2.09245
-1.54641 -0.868045
-0.512255 -3.99192
-2.75281 -0.999986
-1.39838 -1.62327
-0.552426 -4.52963
-2.69662 -0.424138
-1.64574 -1.89013
-2.11349 -2.90653
-1.54711 -0.28378
-0.456983 -4.60774
-2.6126 0.550414
-1.79908 -2.60822
-2.14062 -0.631237
-2.09226 -1.93363
-1.76804 -0.694417
-1.63528 -3.72585
-0.73291 -4.44107
-2.66945 -2.19649
-1.13688 -0.965251
-2.06678 -5.803
-1.64218 -4.55229
-1.53304 -5.31494
-1.90753 -4.69457
-1.03564 -4.9013
-2.4352 -3.52951
-1.33 0.028141
-1.70325 -6.05581
-2.2739 -3.54584
-1.49683 0.0146025
-0.85495 -5.4102
-2.62304 -0.347854
-1.76861 -1.94141
-2.20467 -1.17789
-1.93873 -1.19916
-2.14148 -1.3814
-1.9175 -1.01726
-2.16816 -1.83679
-1.7343 -0.816238
-1.63719 -3.73998
-0.73503 -4.45386
-2.66863 -2.19221
-1.13931 -0.969478
-2.05421 -5.81158
-1.65621 -4.54577
-1.49192 -5.30946
-1.95448 -4.62685
-0.902072 -4.64579
-2.54314 -3.11446
-1.11572 -0.253159
-2.44232 -5.43416
-1.4362 -4.46982
-1.92636 -5.16974
-1.40755 -5.04035
-2.01183 -4.69897
-0.909035 -4.6004
-2.53064 -3.22345
-1.14326 -0.162771
-2.38784 -5.55579
-1.49142 -4.47865
-1.82892 -5.25669
-1.56327 -5.01061
-1.83737 -4.98615
-1.43733 -5.14136
-1.98832 -4.67579
-0.908882 -4.62763
-2.53386 -3.18489
-1.13286 -0.195365
-2.40922 -5.51045
-1.46873 -4.47705
-1.87127 -5.22265
-1.50087 -5.03302
-1.90975 -4.87691
-1.22308 -5.0562
-2.23096 -4.17505
-2.28641 -0.705683
-2.00631 -1.67596
-1.94111 -0.772699
-2.1317 -2.32331
-1.61201 -0.579661
-0.522348 -3.92105
-2.75838 -1.1648
-1.33754 -1.53989
-0.795746 -5.0957
-2.66414 -1.04693
-1.53762 -1.61392
-1.0807 -3.98801
-2.36974 -4.44496
-2.27808 -2.57604
-1.40986 -0.619519
-0.791302 -5.22189
-2.64573 -0.525926
-1.70327 -1.84383
-2.23102 -2.0379
-1.61398 -0.8142
-0.794273 -3.90029
-2.62788 -3.14338
-1.07774 -0.125292
-2.612 -5.04765
-1.51439 -4.31696
-1.69159 -5.37316
-1.7427 -4.84494
-1.51936 -5.21551
-1.90599 -4.76102
-1.11149 -4.98125
-2.35776 -3.80371
-1.63116 0.159945
-0.453399 -4.71926
-2.56435 0.814751
-1.73368 -2.98447
-2.2877 -1.80998
-1.65297 -0.970989
-1.32105 -3.91714
-1.97583 -5.31384
-1.4149 -4.95465
-1.99939 -4.78024
-0.983184 -4.76452
-2.4714 -3.43946
-1.25659 -0.0209537
-2.01238 -5.98965
-1.9172 -4.24173
-1.12511 -4.19292
-2.3146 -4.49613
-2.09174 -3.34778
-1.68514 -0.051075
-0.348084 -4.05996
-2.67705 0.441588
-1.75624 -2.37795
-2.20967 -0.985883
-1.99298 -1.36881
-2.05167 -1.03626
-2.09044 -1.38587
-1.95751 -0.990964
-2.15436 -1.71073
-1.79027 -0.85348
-1.94451 -3.26087
-1.97713 -0.168846
-1.64938 -3.61838
-0.795597 -4.22181
-2.61664 -2.93078
-1.05368 -0.3519
-2.59697 -5.03319
-1.46503 -4.33557
-1.82257 -5.3111
-1.58528 -4.97198
-1.80622 -5.04246
-1.51703 -5.13013
-1.89926 -4.82752
-1.1944 -5.04827
-2.26618 -4.07578
-2.11175 -0.100382
-1.85565 -3.24005
-2.19527 -0.612436
-2.06952 -1.87854
-1.80845 -0.697157
-1.82727 -3.47857
-2.30518 -1.81165
-1.63938 -0.991677
-1.24571 -3.93078
-2.14058 -5.08119
-1.10779 -4.78994
-2.32887 -4.02253
-1.95903 0.110787
-1.07274 -3.80007
-2.38446 -4.51575
-2.11935 -3.28166
-1.60513 -0.090102
-0.400164 -4.48697
-2.59989 0.735079
-1.76851 -2.79202
-2.23334 -0.952139
-1.98586 -1.40655
-2.04752 -1.00382
-2.10003 -1.44166
-1.93037 -0.954557
-2.16261 -1.91711
-1.71079 -0.77803
-1.42554 -3.86742
-1.62475 -5.48385
-1.84843 -4.66589
-1.12636 -5.03209
-2.35157 -3.79839
-1.63062 0.155831
-0.452513 -4.71596
-2.56481 0.814021
-1.73424 -2.98216
-2.28808 -1.79283
-1.659 -0.977952
-1.37876 -3.90344
-1.80939 -5.43804
-1.63246 -4.87049
-1.71995 -5.1619
-1.6718 -5.03126
-1.70538 -5.08761
-1.67407 -5.07335
-1.71118 -5.0603
-1.65975 -5.09517
-1.73291 -5.03249
-1.62149 -5.12352
-1.78223 -4.97309
-1.52137 -5.16252
-1.89758 -4.80834
-1.17807 -5.03906
-2.28523 -4.02157
-2.00519 0.0522772
-1.36828 -3.76765
-1.7533 -5.48865
-1.70643 -4.79448
-1.55859 -5.2366
-1.86541 -4.80347
-1.23757 -5.09665
-2.22173 -4.17813
-2.2978 -0.788747
-1.98198 -1.58214
-1.9978 -0.845821
-2.14213 -1.87211
-1.7436 -0.772541
-1.62313 -3.74692
-0.749206 -4.55591
-2.66479 -2.12379
-1.16647 -1.02581
-1.90438 -5.8819
-1.82787 -4.42772
-0.902926 -4.75498
-2.55825 -2.93757
-1.09781 -0.408693
-2.43803 -5.4094
-1.40203 -4.48439
-1.98364 -5.09002
-1.28262 -5.00799
-2.14958 -4.4193
-1.86986 -3.78203
-2.18563 -2.88114
-1.45418 -0.359967
-0.75459 -5.20463
-2.63381 -0.250013
-1.76967 -1.99608
-2.19939 -1.11367
-1.96283 -1.24807
-2.11171 -1.23727
-1.98905 -1.11708
-2.11885 -1.37702
-1.93702 -1.00796
-2.16203 -1.76185
-1.76584 -0.839902
-1.83331 -3.49296
-2.30715 -1.76387
-1.65557 -1.01217
-1.40524 -3.89832
-1.72075 -5.46868
-1.73525 -4.78678
-1.4961 -5.23393
-1.93477 -4.70548
-0.999764 -4.83678
-2.46507 -3.42607
-1.25366 -0.0348969
-2.01619 -5.98532
-1.909 -4.25254
-1.05061 -4.20818
-2.38694 -4.21489
-2.23074 -0.353313
-2.04478 -2.29988
-1.71499 -0.496978
-0.953022 -3.87655
-2.49989 -3.96374
-1.80859 0.248529
-0.343979 -3.88433
-2.71071 0.258869
-1.70908 -2.22134
-2.25623 -1.59195
-1.75619 -1.01842
-1.98966 -3.17257
-1.82495 -0.115543
-0.879841 -3.81949
-2.56684 -3.63813
-1.39176 0.189095
-1.53263 -6.03438
-2.44793 -2.83631
-1.20336 -0.539107
-1.94331 -5.94002
-1.87524 -4.33776
-0.83339 -4.38627
-2.58806 -3.0071
-1.07622 -0.311671
-2.54542 -5.18487
-1.41841 -4.39778
-1.93827 -5.18672
-1.40068 -5.0279
-2.01849 -4.69453
-0.903797 -4.57438
-2.5334 -3.22533
-1.14214 -0.158755
-2.39373 -5.5462
-1.48834 -4.4768
-1.83421 -5.25344
-1.55604 -5.01358
-1.8461 -4.97416
-1.41506 -5.13905
-2.01324 -4.63164
-0.884756 -4.47835
-2.54477 -3.22562
-1.13593 -0.14838
-2.42032 -5.49953
-1.47402 -4.46798
-1.85837 -5.23747
-1.52191 -5.02517
-1.8859 -4.916
-1.30155 -5.10314
-2.14195 -4.38007
-1.98408 -3.57587
-2.09702 -0.247372
-1.96553 -2.96016
-1.81468 -0.183732
-0.954242 -3.83706
-2.50194 -3.98567
-1.84583 0.241254
-0.428522 -3.78887
-2.7631 -0.520688
-1.50357 -1.82823
-0.892004 -4.00097
-2.54302 -3.62146
-1.36973 0.159016
-1.61517 -6.05798
-2.37945 -3.15988
-1.25066 -0.270936
-1.87501 -6.00224
-2.0178 -4.13118
-2.17272 -2.9932
-1.46881 -0.284176
-0.742688 -5.19784
-2.62913 -0.16692
-1.78666 -2.04968
-2.17006 -0.944642
-2.03069 -1.41574
-2.00104 -0.966145
-2.1347 -1.61153
-1.84172 -0.880452
-2.09123 -2.73504
-1.58375 -0.350109
-0.38404 -4.25479
-2.6574 0.45227
-1.77636 -2.42486
-2.17495 -0.807474
-2.05699 -1.59232
-1.91718 -0.838181
-2.14169 -2.29068
-1.61101 -0.604871
-0.541074 -3.9143
-2.75686 -1.32659
-1.28889 -1.45614
-1.08266 -5.48772
-2.58374 -2.17334
-1.25151 -1.02908
-1.44229 -5.82685
-2.36147 -3.36261
-1.31044 -0.112539
-1.69164 -6.03363
-2.2574 -3.60902
-1.5636 0.0506652
-0.601017 -5.01155
-2.5896 0.430631
-1.82504 -2.57352
-2.0792 -0.504295
-2.08576 -2.38633
-1.64604 -0.502105
-0.581101 -3.87878
-2.7501 -1.68326
-1.18303 -1.24723
-1.74827 -5.87867
-1.98472 -4.26324
-1.51216 -4.09088
-1.51317 -5.42352
-1.96281 -4.54598
-0.863653 -4.46987
-2.56463 -3.10411
-1.10058 -0.242844
-2.49663 -5.31964
-1.42301 -4.43682
-1.94043 -5.16777
-1.38813 -5.03297
-2.03259 -4.66348
-0.89324 -4.48341
-2.53673 -3.27111
-1.15327 -0.114693
-2.37537 -5.58713
-1.51319 -4.47413
-1.78306 -5.2883
-1.62449 -4.97447
-1.7563 -5.08441
-1.60525 -5.1008
-1.79823 -4.97169
-1.4942 -5.16039
-1.92723 -4.76533
-1.07652 -4.93336
-2.39122 -3.70035
-1.49528 0.121054
-0.957651 -5.558
-2.62351 -0.631989
-1.71064 -1.78792
-2.22907 -2.01818
-1.62235 -0.819474
-0.856933 -3.9041
-2.57873 -3.48688
-1.25686 0.102604
-2.093 -5.95974
-1.85828 -4.29098
-0.830618 -4.3659
-2.58971 -3.01182
-1.0754 -0.30514
-2.55039 -5.17357
-1.42242 -4.39264
-1.92968 -5.19838
-1.41727 -5.0279
-2.00041 -4.72882
-0.937795 -4.6827
-2.51005 -3.28678
-1.17265 -0.122404
-2.29985 -5.70227
-1.57537 -4.47579
-1.64304 -5.33674
-1.78848 -4.82667
-1.41681 -5.19781
-2.02036 -4.5813
-0.900393 -4.37728
-2.52513 -3.41881
-1.22087 0.000231576
-2.17836 -5.86895
-1.73335 -4.39974
-1.11014 -5.08745
-2.39011 -3.61888
-1.42556 0.0720388
-1.25857 -5.85128
-2.58009 -1.85058
-1.37278 -1.21956
-0.694613 -4.96607
-2.66571 -0.529555
-1.67283 -1.84293
-2.18579 -2.51015
-1.51138 -0.557467
-0.449294 -4.49602
-2.64268 0.378636
-1.79331 -2.40561
-2.1408 -0.701513
-2.08937 -1.8019
-1.81484 -0.749171
-1.91378 -3.31346
-2.0884 -0.304367
-1.99753 -2.85429
-1.73444 -0.227547
-0.625964 -3.82436
-2.73636 -2.07004
-1.08159 -0.97769
-2.29493 -5.54706
-1.39329 -4.59098
-2.00889 -4.99504
-1.17305 -4.9503
-2.27305 -4.11094
-2.15643 -0.189744
-1.97205 -2.87285
-1.78616 -0.21367
-0.858422 -3.83106
-2.58316 -3.52468
-1.28801 0.133428
-1.97891 -6.03125
-1.99832 -4.12046
-2.11052 -3.21315
-1.59733 -0.12082
-0.405093 -4.49314
-2.60271 0.710603
-1.77379 -2.7637
-2.21812 -0.875049
-2.01552 -1.48802
-1.99247 -0.909192
-2.1432 -1.75343
-1.78425 -0.823184
-1.88918 -3.38322
-2.19418 -0.564396
-2.07159 -1.96512
-1.77842 -0.661205
-1.63708 -3.71961
-0.732164 -4.41964
-2.6691 -2.22553
-1.12833 -0.942331
-2.11309 -5.76879
-1.59265 -4.57068
-1.66252 -5.30329
-1.7612 -4.87538
-1.50338 -5.20177
-1.92195 -4.74617
-1.06539 -4.92528
-2.40346 -3.65448
-1.44485 0.0984135
-1.18496 -5.79273
-2.60187 -1.52751
-1.46416 -1.38352
-0.514396 -4.13478
-2.73951 -0.826547
-1.47311 -1.70684
-0.644337 -4.0361
-2.71833 -2.03054
-1.12059 -1.03762
-2.1161 -5.75033
-1.57244 -4.58763
-1.71467 -5.28127
-1.69997 -4.93891
-1.63835 -5.1644
-1.7681 -4.96026
-1.53816 -5.16884
-1.87981 -4.82914
-1.2339 -5.08418
-2.22348 -4.18028
-2.29839 -0.791664
-1.98093 -1.57915
-1.99989 -0.848794
-2.14152 -1.85781
-1.74907 -0.777675
-1.66202 -3.71153
-0.766818 -4.27781
-2.64013 -2.67901
-1.05213 -0.570513
-2.52663 -5.17115
-1.36462 -4.41801
-2.02902 -5.05406
-1.19618 -4.94405
-2.24376 -4.20375
-2.30461 -0.823031
-1.9694 -1.54849
-2.02213 -0.88283
-2.13159 -1.71401
-1.80792 -0.828817
-1.97545 -3.17068
-1.8572 -0.12423
-1.05999 -3.83665
-2.39794 -4.44286
-2.29472 -2.47261
-1.42292 -0.691847
-0.687993 -5.03945
-2.64565 -0.226425
-1.75718 -2.00502
-2.21466 -1.21018
-1.92098 -1.18177
-2.15694 -1.47723
-1.87177 -0.970464
-2.15887 -2.24261
-1.60856 -0.644949
-0.568858 -3.90769
-2.75175 -1.55924
-1.22147 -1.32548
-1.51286 -5.82209
-2.25179 -3.73698
-1.68523 0.106327
-0.332866 -4.27636
-2.60299 0.862241
-1.73901 -2.87316
-2.28316 -1.46995
-1.78104 -1.10192
-2.11549 -2.69527
-1.55587 -0.392873
-0.407594 -4.38661
-2.6401 0.495897
-1.7885 -2.49442
-2.15381 -0.709013
-2.08241 -1.76915
-1.83255 -0.758511
-1.97659 -3.14902
-1.84586 -0.127747
-1.0092 -3.83404
-2.45079 -4.22984
-2.24717 -0.384436
-2.04488 -2.20707
-1.73766 -0.53544
-1.16837 -3.89002
-2.26173 -4.83763
-1.03425 -4.37814
-2.39458 -4.05352
-1.96302 0.137656
-1.03775 -3.79411
-2.42375 -4.37153
-2.35856 -1.60911
-1.67412 -1.13277
-1.7105 -3.70352
-1.02813 -4.15072
-2.41166 -4.15635
-2.1314 -0.0716425
-1.85459 -3.22772
-2.19171 -0.602784
-2.07163 -1.90027
-1.79923 -0.689326
-1.77866 -3.55572
-2.0515 -3.31945
-1.75371 -0.0593047
-0.488517 -3.8298
-2.76694 -0.976363
-1.37763 -1.62536
-0.612096 -4.71325
-2.68506 -0.51209
-1.64626 -1.85087
-2.10299 -2.94265
-1.56365 -0.256425
-0.428446 -4.52631
-2.61408 0.600731
-1.79124 -2.64289
-2.16206 -0.684477
-2.08047 -1.79985
-1.82397 -0.742422
-1.93552 -3.25871
-1.99928 -0.19151
-1.74503 -3.49785
-1.89923 -3.64326
-2.31069 -1.33716
-1.80823 -1.19404
-2.18239 -2.18069
-1.60647 -0.698326
-0.613446 -3.9008
-2.73752 -1.91694
-1.12725 -1.09773
-2.06808 -5.78074
-1.61765 -4.57674
-1.6099 -5.30943
-1.82001 -4.81085
-1.33879 -5.16614
-2.10875 -4.41958
-1.66484 -4.01059
-0.859442 -4.79139
-2.60602 -2.53477
-1.11588 -0.740748
-2.23929 -5.66823
-1.49275 -4.56879
-1.85709 -5.19763
-1.50961 -5.04813
-1.90112 -4.87948
-1.24132 -5.07129
-2.21098 -4.22211
-2.33667 -1.22656
-1.82688 -1.27695
-2.19713 -1.8222
-1.71652 -0.855974
-1.59074 -3.78333
-0.856003 -4.83939
-2.61646 -2.3945
-1.14214 -0.851461
-2.08464 -5.80755
-1.64222 -4.54079
-1.52374 -5.31696
-1.91874 -4.67699
-0.996544 -4.84347
-2.47024 -3.39605
-1.23672 -0.0559491
-2.07699 -5.94415
-1.83232 -4.33218
-0.825206 -4.54759
-2.60627 -2.73414
-1.07583 -0.557881
-2.45508 -5.34147
-1.36359 -4.48186
-2.03808 -5.00593
-1.14486 -4.90852
-2.3007 -4.04666
-2.02582 0.0385595
-1.46433 -3.7248
-1.32518 -5.40403
-2.21594 -4.03396
-2.12106 -0.142778
-1.90684 -3.11152
-2.00252 -0.236409
-1.81144 -3.39539
-2.30463 -1.72109
-1.67325 -1.02537
-1.55716 -3.82551
-1.03074 -5.10784
-2.50037 -3.0745
-1.14336 -0.31988
-2.31275 -5.64577
-1.51333 -4.50962
-1.7983 -5.2663
-1.60178 -4.99616
-1.78907 -5.04454
-1.54376 -5.12951
-1.86992 -4.86871
-1.29027 -5.1138
-2.15817 -4.33449
-2.18195 -2.99845
-1.45714 -0.288182
-0.793656 -5.27581
-2.63299 -0.335851
-1.75742 -1.94611
-2.21727 -1.26912
-1.89935 -1.14396
-2.173 -1.65098
-1.79691 -0.899591
-2.00931 -3.0836
-1.75212 -0.140628
-0.581907 -3.81553
-2.7537 -1.74134
-1.15761 -1.20231
-1.89268 -5.86008
-1.81213 -4.45735
-0.967561 -4.87281
-2.51047 -3.1604
-1.14402 -0.235354
-2.35046 -5.60404
-1.50156 -4.49477
-1.81544 -5.26034
-1.5802 -5.00533
-1.81669 -5.01199
-1.48575 -5.14105
-1.93454 -4.76668
-1.06503 -4.91635
-2.40188 -3.66624
-1.45625 0.104946
-1.13383 -5.74613
-2.61202 -1.31663
-1.52488 -1.48027
-0.86778 -3.96976
-2.56533 -3.51342
-1.27653 0.107909
-2.0117 -6.01129
-1.95337 -4.18435
-1.58556 -4.04191
-1.17888 -5.23349
-2.34954 -3.69923
-1.52978 0.108799
-0.787513 -5.33021
-2.61104 -0.0652615
-1.8183 -2.13229
-2.10727 -0.719339
-2.10343 -1.82973
-1.79234 -0.749815
-1.83101 -3.48157
-2.30708 -1.75066
-1.6605 -1.0171
-1.45065 -3.88159
-1.54237 -5.47142
-1.94458 -4.54628
-0.863469 -4.52895
-2.5693 -3.02734
-1.09025 -0.312079
-2.50161 -5.29232
-1.40747 -4.43661
-1.96616 -5.13614
-1.33632 -5.02178
-2.08934 -4.55157
-1.11173 -4.24374
-2.32567 -4.42093
-2.28766 -2.49104
-1.42378 -0.675097
-0.69325 -5.05159
-2.64509 -0.233531
-1.75692 -2.00113
-2.21515 -1.21633
-1.91859 -1.17778
-2.15904 -1.49446
-1.864 -0.962772
-2.15249 -2.32193
-1.59189 -0.60432
-0.477067 -3.96886
-2.7523 -0.730583
-1.47418 -1.7437
-0.661018 -4.03216
-2.71019 -2.16204
-1.09199 -0.942564
-2.26502 -5.5971
-1.42868 -4.59313
-1.96153 -5.0665
-1.29665 -5.03129
-2.13614 -4.43753
-1.73243 -3.95237
-0.78996 -4.31141
-2.62261 -2.80177
-1.05352 -0.472829
-2.55549 -5.11922
-1.39929 -4.38684
-1.9686 -5.15496
-1.34442 -5.01635
-2.07972 -4.57623
-1.02896 -4.27431
-2.40378 -4.09385
-2.02737 0.0829138
-1.39195 -3.75187
-1.65501 -5.50633
-1.82145 -4.68192
-1.20709 -5.11009
-2.26571 -4.04304
-2.06272 -0.023136
-1.66801 -3.55754
-0.988375 -4.14225
-2.44894 -3.99649
-1.85509 0.215301
-0.484229 -3.76744
-2.77254 -0.997519
-1.36027 -1.61106
-0.680617 -4.87375
-2.67749 -0.689482
-1.61684 -1.77076
-1.90679 -3.4792
-2.2137 -0.611624
-2.06069 -1.85685
-1.82448 -0.699781
-1.88913 -3.35834
-2.17924 -0.519477
-2.07605 -2.07671
-1.73931 -0.619048
-1.33351 -3.87831
-1.92628 -5.37031
-1.48939 -4.93745
-1.91678 -4.92917
-1.25822 -5.06511
-2.18835 -4.28623
-2.31993 -2.11503
-1.51809 -0.888779
-0.457247 -4.10781
-2.7301 -0.376217
-1.59709 -1.90331
-1.82462 -3.63255
-2.1953 -2.81255
-1.44857 -0.407909
-0.746765 -5.1846
-2.63558 -0.252769
-1.76694 -1.99373
-2.20315 -1.1378
-1.95262 -1.22976
-2.12446 -1.29016
-1.96182 -1.0752
-2.14444 -1.52668
-1.86405 -0.932894
-2.14232 -2.40383
-1.58047 -0.55726
-0.426721 -4.04986
-2.72706 -0.202196
-1.6335 -1.98214
-2.08559 -3.03044
-1.59941 -0.198878
-0.382023 -4.36034
-2.62486 0.643151
-1.78086 -2.64214
-2.18405 -0.763585
-2.05899 -1.64897
-1.89594 -0.805287
-2.11647 -2.52428
-1.58158 -0.474717
-0.399924 -4.12199
-2.69991 0.120821
-1.71691 -2.16063
-2.25063 -1.51961
-1.78663 -1.04321
-2.09202 -2.79649
-1.57902 -0.320895
-0.389188 -4.32487
-2.64221 0.52887
-1.7842 -2.5124
-2.16385 -0.735485
-2.07431 -1.71219
-1.85968 -0.78045
-2.05508 -2.86983
-1.63488 -0.255112
-0.376062 -4.07517
-2.69412 0.244763
-1.73264 -2.23524
-2.23933 -1.28318
-1.87863 -1.15346
-2.18116 -1.74528
-1.75657 -0.868199
-1.82732 -3.50777
-2.29885 -1.97067
-1.58592 -0.923014
-0.750381 -3.9126
-2.6591 -2.871
-1.02323 -0.347841
-2.6798 -4.76682
-1.69772 -4.13566
-0.898808 -4.83888
-2.57734 -2.73762
-1.10222 -0.581316
-2.35373 -5.53001
-1.41896 -4.53543
-1.96683 -5.08847
-1.30454 -5.02572
-2.1262 -4.46471
-1.57071 -4.08284
-1.28642 -5.31514
-2.22951 -4.04105
-2.11064 -0.116426
-1.86984 -3.2098
-2.14508 -0.460575
-2.07612 -2.28073
-1.68246 -0.535918
-0.817316 -3.86892
-2.61245 -3.28891
-1.13543 -0.0141526
-2.48414 -5.39924
-1.48167 -4.42626
-1.82732 -5.27697
-1.57079 -4.99678
-1.827 -5.00622
-1.4661 -5.13996
-1.95609 -4.73234
-0.994244 -4.81381
-2.46717 -3.4298
-1.25421 -0.0308458
-2.01639 -5.98587
-1.90984 -4.25117
-1.05844 -4.20634
-2.3796 -4.24591
-2.27566 -0.552131
-2.03319 -1.88743
-1.84374 -0.665591
-1.91128 -3.30015
-2.08699 -0.305449
-1.99716 -2.85732
-1.73541 -0.226159
-0.628335 -3.82389
-2.73532 -2.08794
-1.07783 -0.964486
-2.31312 -5.52142
-1.37877 -4.5843
-2.02689 -4.96809
-1.12542 -4.90394
-2.32386 -3.97067
-1.88483 0.147177
-0.689116 -3.75907
-2.7076 -2.55448
-1.00428 -0.582406
-2.65739 -4.77806
-1.64416 -4.17406
-1.12185 -5.15031
-2.39628 -3.55979
-1.37771 0.0351967
-1.47007 -5.98365
-2.47077 -2.73415
-1.20151 -0.622234
-1.90834 -5.94021
-1.90048 -4.3178
-0.897626 -4.28299
-2.52696 -3.48124
-1.25751 0.0499728
-2.05546 -5.97635
-1.88644 -4.26835
-0.920028 -4.25639
-2.50656 -3.61598
-1.3658 0.127858
-1.60827 -6.05143
-2.37986 -3.16223
-1.25051 -0.269082
-1.87693 -6.00207
-2.01593 -4.13386
-2.1588 -3.04806
-1.49087 -0.241838
-0.676647 -5.09494
-2.62049 0.0590229
-1.8154 -2.21175
-2.10465 -0.68215
-2.10545 -1.90869
-1.76381 -0.718182
-1.65011 -3.71518
-0.742063 -4.33977
-2.65982 -2.42103
-1.08445 -0.786618
-2.34446 -5.50497
-1.38482 -4.55759
-2.01697 -5.00029
-1.1668 -4.93992
-2.27899 -4.09839
-2.13067 -0.130534
-1.90707 -3.10269
-1.99828 -0.23441
-1.79925 -3.41807
-2.28761 -2.09277
-1.55098 -0.860773
-0.522583 -3.97944
-2.7537 -1.10182
-1.36601 -1.57438
-0.659393 -4.83498
-2.67843 -0.607344
-1.63532 -1.80749
-2.03544 -3.17083
-1.72516 -0.111718
-0.455878 -3.86363
-2.76035 -0.671836
-1.47328 -1.76532
-0.662594 -4.03437
-2.7093 -2.17183
-1.09034 -0.935658
-2.27365 -5.58622
-1.42139 -4.59113
-1.97139 -5.05341
-1.27301 -5.01943
-2.16249 -4.38002
-2.0651 -3.3874
-1.76113 -0.0366419
-0.487122 -3.82533
-2.76732 -0.969102
-1.379 -1.62851
-0.607301 -4.7
-2.68581 -0.503314
-1.64694 -1.85487
-2.10714 -2.92649
-1.55679 -0.26814
-0.439599 -4.55918
-2.61328 0.582112
-1.79431 -2.63094
-2.15381 -0.662305
-2.08583 -1.85166
-1.80139 -0.723589
-1.8337 -3.47208
-2.30846 -1.64825
-1.69734 -1.05801
-1.76011 -3.63467
-1.69758 -3.91146
-0.757661 -4.40942
-2.65128 -2.44094
-1.08929 -0.779093
-2.32899 -5.53198
-1.39941 -4.56221
-1.99799 -5.02857
-1.21625 -4.97999
-2.22496 -4.23664
-2.33824 -1.23572
-1.82261 -1.27369
-2.1974 -1.86342
-1.70159 -0.840246
-1.46712 -3.85643
-1.45212 -5.44864
-2.05462 -4.37434
-1.5366 -4.09043
-1.42426 -5.39324
-2.06813 -4.37775
-1.60495 -4.04959
-1.11237 -5.16429
-2.41458 -3.47427
-1.31229 -0.0196396
-1.75287 -6.05225
-2.21292 -3.71891
-1.72844 0.0903975
-0.330932 -4.02573
-2.67135 0.526841
-1.75911 -2.44209
-2.20752 -0.946626
-2.00492 -1.40918
-2.02787 -0.984709
-2.11629 -1.51036
-1.8928 -0.920531
-2.15455 -2.22798
-1.61689 -0.645832
-0.606904 -3.89449
-2.74041 -1.87175
-1.13721 -1.12743
-2.0133 -5.8142
-1.67745 -4.54951
-1.43953 -5.29312
-2.01405 -4.53543
-0.925774 -4.3241
-2.50031 -3.59691
-1.35044 0.111168
-1.66984 -6.06323
-2.32247 -3.38048
-1.35644 -0.0981807
-1.4677 -5.96352
-2.45596 -2.83622
-1.19623 -0.539437
-1.97706 -5.92506
-1.83408 -4.37842
-0.850884 -4.63214
-2.59184 -2.78221
-1.08244 -0.52669
-2.44435 -5.37096
-1.37382 -4.4878
-2.02471 -5.02527
-1.17802 -4.93943
-2.26512 -4.142
-2.21029 -0.344071
-2.04605 -2.36543
-1.69885 -0.470926
-0.811135 -3.86042
-2.61778 -3.25815
-1.12084 -0.0338603
-2.5217 -5.30946
-1.47234 -4.40519
-1.83771 -5.277
-1.5587 -4.99865
-1.84155 -4.9888
-1.43202 -5.13854
-1.99395 -4.6675
-0.900249 -4.59635
-2.53927 -3.17376
-1.12739 -0.201045
-2.42557 -5.47834
-1.4576 -4.47198
-1.88981 -5.20731
-1.47173 -5.03803
-1.94191 -4.82379
-1.1124 -4.95731
-2.35095 -3.8426
-1.68383 0.170242
-0.346109 -4.38674
-2.57871 0.942561
-1.7024 -3.02139
-2.21434 -2.60456
-1.46237 -0.540572
-0.605201 -4.90728
-2.63344 0.0934118
-1.8026 -2.21975
-2.12819 -0.73611
-2.09265 -1.76044
-1.82598 -0.771275
-1.97105 -3.16885
-1.86684 -0.127965
-1.11579 -3.83854
-2.33157 -4.66831
-1.4973 -4.1649
-1.62809 -5.41997
-1.82414 -4.73394
-1.25619 -5.13545
-2.20736 -4.19581
-2.32344 -1.03345
-1.89858 -1.38299
-2.14123 -1.22353
-1.97068 -1.1347
-2.12904 -1.39443
-1.92284 -1.00125
-2.16636 -1.84609
-1.73248 -0.81045
-1.61746 -3.75649
-0.763622 -4.61123
-2.65919 -2.13413
-1.17058 -1.02274
-1.88495 -5.88861
-1.8525 -4.40362
-0.847492 -4.60207
-2.59158 -2.80798
-1.07965 -0.502292
-2.46279 -5.33703
-1.37273 -4.47391
-2.02462 -5.03272
-1.18434 -4.94267
-2.25792 -4.16211
-2.24486 -0.476866
-2.05075 -2.04419
-1.77629 -0.608741
-1.53839 -3.78975
-1.06801 -5.15993
-2.47198 -3.20121
-1.17808 -0.220062
-2.22705 -5.77718
-1.62216 -4.47814
-1.52458 -5.33457
-1.92184 -4.66144
-0.975156 -4.81033
-2.48882 -3.32029
-1.19612 -0.107799
-2.21589 -5.81023
-1.66323 -4.44871
-1.38071 -5.29425
-2.08978 -4.38767
-1.69116 -3.98414
-0.782725 -4.58253
-2.64383 -2.34792
-1.12345 -0.867145
-2.16084 -5.73585
-1.5526 -4.57469
-1.7486 -5.27075
-1.65987 -4.96975
-1.7071 -5.11958
-1.67891 -5.0525
-1.70068 -5.07858
-1.67811 -5.07638
-1.70665 -5.06141
-1.66611 -5.09172
-1.72452 -5.0406
-1.63591 -5.11485
-1.76436 -4.99499
-1.56027 -5.15244
-1.85392 -4.87426
-1.32587 -5.13531
-2.11827 -4.41629
-1.729 -3.9527
-0.783144 -4.3263
-2.62854 -2.73753
-1.05497 -0.528518
-2.53209 -5.16721
-1.37414 -4.41248
-2.01398 -5.08024
-1.23554 -4.97101
-2.20035 -4.31049
-2.3084 -2.25091
-1.48051 -0.815743
-0.457739 -4.42893
-2.66793 0.176384
-1.76481 -2.22951
-2.19485 -0.973936
-2.00637 -1.37983
-2.03546 -1.01259
-2.10644 -1.44883
-1.9225 -0.952902
-2.16352 -1.96299
-1.69427 -0.761178
-1.28127 -3.90383
-2.06305 -5.21381
-1.27044 -4.92019
-2.15473 -4.46242
-1.7191 -3.96911
-0.76688 -4.3995
-2.64402 -2.52506
-1.07722 -0.711556
-2.39609 -5.42788
-1.36139 -4.52782
-2.04494 -4.96837
-1.1036 -4.87161
-2.34514 -3.91396
-1.78284 0.176889
-0.350671 -3.90388
-2.71139 0.228682
-1.7065 -2.20476
-2.25628 -1.63708
-1.73961 -0.999925
-1.90691 -3.37704
-2.14627 -0.415945
-2.0661 -2.37815
-1.67117 -0.48517
-0.679689 -3.8595
-2.70707 -2.43366
-1.0263 -0.70271
-2.56252 -5.04285
-1.38226 -4.36985
-1.99326 -5.12986
-1.2971 -4.99739
-2.13153 -4.46991
-1.57625 -4.08025
-1.26191 -5.2974
-2.25726 -3.97072
-1.967 0.0703924
-1.1845 -3.80413
-2.2277 -4.95889
-1.00487 -4.55386
-2.42534 -3.79474
-1.57515 0.182305
-0.659856 -5.14171
-2.58705 0.352474
-1.83548 -2.51154
-2.05289 -0.481693
-2.07092 -2.54721
-1.63314 -0.417226
-0.457957 -3.94225
-2.75184 -0.601591
-1.5071 -1.79911
-0.910588 -3.99851
-2.52737 -3.71355
-1.46513 0.199853
-1.17791 -5.80126
-2.60528 -1.41066
-1.50125 -1.4367
-0.67644 -3.98501
-2.70337 -2.31866
-1.05762 -0.816588
-2.4299 -5.33852
-1.32296 -4.51005
-2.09165 -4.88827
-0.990944 -4.69686
-2.45274 -3.57389
-1.35036 0.0672702
-1.63433 -6.04928
-2.34659 -3.29961
-1.30625 -0.159549
-1.67745 -6.02474
-2.26272 -3.59865
-1.54841 0.0450787
-0.655668 -5.10931
-2.59763 0.283512
-1.83456 -2.4274
-2.05445 -0.512515
-2.08335 -2.46111
-1.63295 -0.467551
-0.497344 -3.91564
-2.75935 -0.962159
-1.39675 -1.63701
-0.556183 -4.5396
-2.69624 -0.435047
-1.64417 -1.88517
-2.10551 -2.93851
-1.5597 -0.260579
-0.435712 -4.54907
-2.61311 0.591135
-1.79304 -2.63842
-2.15755 -0.671476
-2.08357 -1.82928
-1.81106 -0.731587
-1.88029 -3.38385
-2.21528 -0.649036
-2.05659 -1.79522
-1.84898 -0.726177
-1.98792 -3.10461
-1.80433 -0.134535
-0.810882 -3.81484
-2.62133 -3.27594
-1.12844 -0.0132705
-2.50692 -5.34866
-1.47787 -4.41324
-1.82967 -5.27994
-1.56888 -4.99525
-1.82911 -5.00485
-1.46191 -5.13964
-1.9607 -4.72483
-0.980185 -4.78966
-2.47918 -3.38392
-1.22613 -0.0606737
-2.11946 -5.91118
-1.78222 -4.37376
-0.943383 -4.8557
-2.53402 -3.02871
-1.11601 -0.341266
-2.40315 -5.49131
-1.43691 -4.49482
-1.93117 -5.15316
-1.39258 -5.04311
-2.02848 -4.6649
-0.892587 -4.49631
-2.53824 -3.25248
-1.14683 -0.13001
-2.39089 -5.55716
-1.49783 -4.4736
-1.81423 -5.26898
-1.5839 -4.99913
-1.81147 -5.02111
-1.49868 -5.13863
-1.92011 -4.79078
-1.11674 -4.97629
-2.34977 -3.83617
-1.67698 0.167988
-0.355913 -4.42646
-2.57477 0.940573
-1.69968 -3.03555
-2.19565 -2.71364
-1.46112 -0.463387
-0.654899 -5.01768
-2.63196 -0.00205314
-1.79889 -2.15578
-2.13992 -0.794576
-2.07958 -1.64513
-1.87784 -0.819558
-2.10537 -2.61672
-1.5789 -0.420318
-0.389408 -4.19834
-2.67589 0.320733
-1.75852 -2.30643
-2.20452 -0.989429
-1.99555 -1.36453
-2.05044 -1.03819
-2.09088 -1.38477
-1.9575 -0.991914
-2.15431 -1.70873
-1.79102 -0.854311
-1.94791 -3.25231
-1.96377 -0.159506
-1.59117 -3.67459
-0.763608 -4.64109
-2.66129 -2.07111
-1.1888 -1.06737
-1.77494 -5.9022
-1.98143 -4.25332
-1.52732 -4.08219
-1.44988 -5.40535
-2.03843 -4.42761
-1.24537 -4.19524
-2.17467 -4.8889
-0.970279 -4.54487
-2.46146 -3.63362
-1.39436 0.111127
-1.4515 -5.98509
-2.49162 -2.59547
-1.21506 -0.731081
-1.78421 -5.94856
-2.03076 -4.1518
-2.17861 -2.97303
-1.46079 -0.300598
-0.767295 -5.23384
-2.63184 -0.256067
-1.77139 -1.99324
-2.19729 -1.10299
-1.96761 -1.25639
-2.10557 -1.21479
-2.00096 -1.13755
-2.10552 -1.31976
-1.96713 -1.04625
-2.1448 -1.56378
-1.85053 -0.913667
-2.12122 -2.56667
-1.56819 -0.46027
-0.394509 -4.21761
-2.67504 0.310834
-1.75947 -2.30177
-2.20294 -0.983054
-1.99838 -1.37082
-2.04586 -1.02872
-2.09612 -1.40585
-1.94594 -0.977986
-2.15923 -1.78796
-1.75883 -0.825952
-1.78247 -3.57193
-2.0478 -3.33108
-1.76762 -0.0561977
-0.532014 -3.81143
-2.76568 -1.34864
-1.26504 -1.43501
-1.22921 -5.63057
-2.49881 -2.7754
-1.16799 -0.585954
-2.08345 -5.85168
-1.6969 -4.48536
-1.32072 -5.25127
-2.15594 -4.26314
-2.30499 -2.25572
-1.48163 -0.809823
-0.456684 -4.42654
-2.6678 0.180337
-1.76514 -2.23211
-2.19427 -0.969869
-2.00785 -1.38416
-2.03272 -1.00714
-2.10928 -1.46285
-1.91526 -0.945339
-2.16305 -2.02243
-1.67458 -0.737499
-1.0987 -3.91185
-2.35233 -4.55713
-1.94412 -3.69647
-2.28162 -0.92651
-1.95931 -1.44475
-2.06369 -0.996174
-2.09067 -1.42873
-1.94277 -0.959655
-2.16007 -1.84398
-1.73837 -0.804095
-1.64211 -3.73396
-0.734117 -4.41402
-2.66764 -2.25008
-1.12275 -0.92391
-2.14386 -5.74321
-1.56112 -4.57875
-1.7334 -5.27652
-1.67816 -4.95587
-1.67699 -5.14184
-1.71985 -5.0137
-1.6342 -5.12923
-1.76828 -4.98248
-1.54848 -5.15876
-1.86749 -4.85247
-1.28026 -5.11266
-2.17057 -4.3043
-2.27268 -2.5268
-1.42716 -0.641152
-0.697086 -5.06391
-2.6437 -0.226781
-1.75977 -2.00566
-2.2115 -1.18656
-1.93101 -1.19673
-2.14768 -1.41211
-1.90195 -1.00166
-2.16972 -1.96107
-1.68974 -0.769284
-1.26291 -3.90732
-2.10232 -5.15458
-1.19313 -4.87166
-2.2384 -4.26435
-2.34453 -1.38333
-1.76671 -1.20926
-2.14383 -2.56524
-1.543 -0.485187
-0.411479 -4.35573
-2.65235 0.410378
-1.78298 -2.40751
-2.16153 -0.765615
-2.07158 -1.66681
-1.87783 -0.802584
-2.09624 -2.66518
-1.58397 -0.38831
-0.385734 -4.20558
-2.67137 0.360893
-1.76394 -2.33885
-2.19573 -0.930578
-2.01696 -1.42724
-2.01049 -0.961012
-2.13004 -1.59485
-1.8515 -0.884788
-2.10775 -2.64039
-1.57255 -0.411567
-0.390552 -4.2489
-2.6642 0.392197
-1.77148 -2.37187
-2.18276 -0.859104
-2.04201 -1.51743
-1.95683 -0.884386
-2.15344 -1.95443
-1.70571 -0.752707
-1.34705 -3.88959
-1.89461 -5.39168
-1.52977 -4.92524
-1.86877 -5.00148
-1.39512 -5.11916
-2.03343 -4.60566
-0.903592 -4.38622
-2.52227 -3.42848
-1.22716 0.00554178
-2.15574 -5.89134
-1.75976 -4.38225
-1.0118 -4.96477
-2.48036 -3.27045
-1.18677 -0.155487
-2.22698 -5.789
-1.63892 -4.4642
-1.46616 -5.32465
-1.98968 -4.55964
-0.877051 -4.41699
-2.5489 -3.24615
-1.13954 -0.12585
-2.41836 -5.50799
-1.48104 -4.46592
-1.84423 -5.2498
-1.54296 -5.01705
-1.86148 -4.95324
-1.37417 -5.13044
-2.05929 -4.54671
-1.02369 -4.26893
-2.40903 -4.07559
-1.99468 0.118043
-1.20539 -3.79345
-2.18899 -5.04441
-1.05578 -4.69187
-2.37881 -3.8976
-1.73334 0.193275
-0.30906 -4.13615
-2.62237 0.829833
-1.74872 -2.78111
-2.26218 -1.19197
-1.89291 -1.22949
-2.16984 -1.51063
-1.84986 -0.963836
-2.14227 -2.43167
-1.57373 -0.544909
-0.413499 -4.09498
-2.71295 -0.0292171
-1.68172 -2.07232
-2.23749 -2.11013
-1.58411 -0.793577
-0.602966 -3.91874
-2.74061 -1.82002
-1.15379 -1.16495
-1.92235 -5.85476
-1.78168 -4.48035
-1.07171 -5.02051
-2.42023 -3.52816
-1.33925 0.021212
-1.6521 -6.04646
-2.32185 -3.39308
-1.36188 -0.0891987
-1.44686 -5.95403
-2.47156 -2.74877
-1.19782 -0.610543
-1.93237 -5.93347
-1.87345 -4.3461
-0.829562 -4.40723
-2.59247 -2.95765
-1.07139 -0.355283
-2.54372 -5.17877
-1.40962 -4.40007
-1.95418 -5.16713
-1.36996 -5.02421
-2.05196 -4.63001
-0.912951 -4.38465
-2.51316 -3.48095
-1.26132 0.038764
-2.03135 -5.98904
-1.9113 -4.24233
-1.08896 -4.19926
-2.35052 -4.36353
-2.35196 -1.70511
-1.64364 -1.08821
-1.42528 -3.89831
-1.65135 -5.47743
-1.81526 -4.7068
-1.24836 -5.13785
-2.21839 -4.16451
-2.28718 -0.719233
-2.00333 -1.65971
-1.94961 -0.783358
-2.13725 -2.24663
-1.6278 -0.617886
-0.62797 -3.88519
-2.73219 -2.04023
-1.09682 -1.00912
-2.22548 -5.63738
-1.45732 -4.60362
-1.92187 -5.11322
-1.38316 -5.06007
-2.04038 -4.63005
-0.900897 -4.40932
-2.52557 -3.39213
-1.20697 -0.0209196
-2.222 -5.81925
-1.68066 -4.43012
-1.30821 -5.25672
-2.17497 -4.2139
-2.34166 -1.51053
-1.72315 -1.15198
-1.98845 -3.20267
-1.84026 -0.109464
-0.94564 -3.82571
-2.5105 -3.951
-1.79182 0.255658
-0.31798 -3.94994
-2.67826 0.531489
-1.75181 -2.42978
-2.21912 -1.01819
-1.97737 -1.33979
-2.07499 -1.08895
-2.06081 -1.28782
-2.01469 -1.0749
-2.10862 -1.3892
-1.94121 -0.994789
-2.16071 -1.77193
-1.76332 -0.834246
-1.81463 -3.52343
-2.26684 -2.34323
-1.48463 -0.72714
-0.465085 -4.49543
-2.6554 0.250373
-1.78195 -2.29481
-2.16346 -0.815362
-2.0625 -1.58984
-1.9128 -0.84206
-2.141 -2.30799
-1.60689 -0.596838
-0.518795 -3.92708
-2.75812 -1.12882
-1.34921 -1.55808
-0.73572 -4.98934
-2.67122 -0.841486
-1.58667 -1.70351
-1.62239 -3.8396
-0.814541 -4.73393
-2.63499 -2.29664
-1.1495 -0.91654
-2.02621 -5.83894
-1.69908 -4.51667
-1.3479 -5.25958
-2.12211 -4.33687
-2.04822 -3.42266
-1.82006 -0.0348672
-0.714927 -3.79171
-2.68981 -2.70854
-1.0041 -0.459696
-2.69321 -4.6849
-1.78578 -4.03428
-0.874658 -4.23848
-2.54833 -3.39014
-1.19825 -0.00217558
-2.2669 -5.76912
-1.64017 -4.44335
-1.44289 -5.32227
-2.01809 -4.51115
-0.96535 -4.2872
-2.46338 -3.81331
-1.58575 0.208603
-0.639996 -5.11242
-2.58158 0.420606
-1.82964 -2.58657
-2.06974 -0.483689
-2.07723 -2.47359
-1.63798 -0.45582
-0.503794 -3.90815
-2.76011 -1.02407
-1.37708 -1.6075
-0.614831 -4.72401
-2.68407 -0.508355
-1.64866 -1.85264
-2.11331 -2.90042
-1.54728 -0.286826
-0.455327 -4.60197
-2.6131 0.550854
-1.79881 -2.60714
-2.14111 -0.632953
-2.09206 -1.92935
-1.76964 -0.696017
-1.64632 -3.71576
-0.737497 -4.36078
-2.66358 -2.35678
-1.097 -0.838578
-2.27915 -5.59649
-1.43399 -4.57948
-1.95194 -5.08669
-1.3242 -5.04032
-2.10519 -4.50417
-1.31726 -4.19026
-2.06554 -5.10107
-1.19044 -4.90753
-2.24559 -4.22059
-2.31817 -0.939647
-1.92962 -1.45
-2.09392 -1.04377
-2.05853 -1.33051
-2.00316 -1.0354
-2.12385 -1.47972
-1.89731 -0.943908
-2.16105 -2.13622
-1.63923 -0.690476
-0.784383 -3.88561
-2.63616 -3.09266
-1.06191 -0.161696
-2.64199 -4.94618
-1.56758 -4.26531
-1.49359 -5.3807
-1.97254 -4.55525
-0.867293 -4.45733
-2.56036 -3.14197
-1.10899 -0.211128
-2.48276 -5.35799
-1.43242 -4.44407
-1.92617 -5.18097
-1.41338 -5.03635
-2.0052 -4.7142
-0.922937 -4.64498
-2.52115 -3.24864
-1.15522 -0.14774
-2.352 -5.619
-1.52281 -4.48163
-1.76633 -5.29481
-1.64481 -4.96161
-1.72611 -5.11245
-1.65314 -5.06911
-1.73667 -5.04517
-1.62023 -5.11737
-1.78293 -4.97633
-1.52186 -5.16111
-1.8969 -4.81027
-1.18139 -5.04174
-2.28155 -4.03173
-2.02525 0.0301242
-1.47692 -3.71907
-1.26162 -5.35955
-2.28776 -3.84704
-1.75867 0.144322
-0.336417 -3.95921
-2.6905 0.403369
-1.7406 -2.33073
-2.23178 -1.15593
-1.9264 -1.23206
-2.14534 -1.36732
-1.91935 -1.02896
-2.16786 -1.80039
-1.74743 -0.830554
-1.73143 -3.64155
-1.37882 -4.09184
-1.91021 -5.32259
-1.49026 -4.96979
-1.91771 -4.9068
-1.23663 -5.05615
-2.21369 -4.22339
-2.33625 -1.21396
-1.83142 -1.28328
-2.19651 -1.77343
-1.73452 -0.874516
-1.72459 -3.65589
-1.26969 -4.1174
-2.13137 -5.0183
-1.06573 -4.76058
-2.37448 -3.87085
-1.7005 0.186882
-0.328721 -4.31117
-2.58672 0.94319
-1.7084 -2.99034
-2.24661 -2.36988
-1.49358 -0.692086
-0.454577 -4.46661
-2.65548 0.277094
-1.78206 -2.31233
-2.16295 -0.806682
-2.06432 -1.603
-1.90658 -0.834922
-2.13566 -2.36823
-1.59625 -0.565107
-0.463054 -3.97704
-2.74884 -0.602405
-1.51272 -1.79994
-0.960286 -3.99949
-2.48398 -3.94286
-1.77081 0.245509
-0.305688 -4.02512
-2.64966 0.711501
-1.75978 -2.61511
-2.22138 -0.951814
-1.99413 -1.40488
-2.03979 -0.997524
-2.10638 -1.46519
-1.91688 -0.942222
-2.16266 -2.02089
-1.67543 -0.737628
-1.10506 -3.912
-2.34492 -4.5819
-1.84013 -3.86153
-1.77924 -3.84318
-1.25877 -4.13365
-2.15027 -4.97326
-1.02145 -4.68679
-2.41706 -3.74229
-1.52053 0.153384
-0.868962 -5.45095
-2.61713 -0.299559
-1.7839 -1.97211
-2.18163 -1.03266
-1.9994 -1.3184
-2.06022 -1.08498
-2.07283 -1.30684
-1.99846 -1.05472
-2.12372 -1.458
-1.90502 -0.957088
-2.16433 -2.05372
-1.66309 -0.726832
-0.998911 -3.9056
-2.45581 -4.15292
-2.12405 -0.0382276
-1.80966 -3.32207
-2.30093 -1.44429
-1.77734 -1.13336
-2.12547 -2.64991
-1.54961 -0.425082
-0.411097 -4.38761
-2.64285 0.470651
-1.7882 -2.47004
-2.15315 -0.715571
-2.08211 -1.75883
-1.83635 -0.763215
-1.99095 -3.10582
-1.79805 -0.13355
-0.778158 -3.81162
-2.64566 -3.09006
-1.05789 -0.149001
-2.65725 -4.90034
-1.60644 -4.23234
-1.32795 -5.31345
-2.16914 -4.19855
-2.3402 -1.42881
-1.75378 -1.1845
-2.10592 -2.77514
-1.561 -0.344186
-0.4091 -4.41763
-2.63193 0.540728
-1.79005 -2.54743
-2.1543 -0.692113
-2.08362 -1.79775
-1.82167 -0.746082
-1.93236 -3.2676
-2.0125 -0.203805
-1.79304 -3.41989
-2.27455 -2.24147
-1.51071 -0.782247
-0.431336 -4.24354
-2.69392 0.0556527
-1.72056 -2.1314
-2.24777 -1.49274
-1.79844 -1.05222
-2.11915 -2.65319
-1.55676 -0.417032
-0.403097 -4.34795
-2.64756 0.46187
-1.78481 -2.45308
-2.15932 -0.741517
-2.07601 -1.70772
-1.85961 -0.783964
-2.05746 -2.86052
-1.63069 -0.261266
-0.374851 -4.08974
-2.69017 0.274615
-1.73918 -2.25752
-2.23207 -1.19969
-1.91194 -1.20123
-2.16056 -1.47826
-1.86859 -0.97293
-2.15803 -2.25956
-1.60435 -0.636965
-0.544292 -3.91851
-2.75607 -1.34875
-1.28315 -1.44465
-1.11906 -5.52706
-2.56607 -2.32151
-1.22147 -0.929401
-1.65502 -5.91447
-2.14954 -3.94981
-2.12186 -0.179943
-1.93801 -3.02316
-1.89318 -0.182876
-1.35042 -3.81561
-1.84332 -5.44198
-1.59832 -4.87967
-1.77259 -5.12257
-1.59499 -5.08262
-1.80802 -4.9731
-1.47865 -5.15723
-1.94406 -4.74072
-1.02149 -4.85902
-2.44344 -3.51663
-1.31669 0.0225941
-1.76377 -6.05878
-2.21065 -3.72024
-1.73358 0.0899778
-0.335236 -4.00262
-2.68012 0.465369
-1.75218 -2.3863
-2.21656 -1.02231
-1.97797 -1.33521
-2.07568 -1.09353
-2.0591 -1.28149
-2.01811 -1.08161
-2.10475 -1.37223
-1.95017 -1.00563
-2.15686 -1.70951
-1.78869 -0.856651
-1.94246 -3.26678
-1.98569 -0.17532
-1.68484 -3.57798
-1.08648 -4.13326
-2.35662 -4.38966
-2.34045 -1.97834
-1.55133 -0.968779
-0.603962 -3.94558
-2.73888 -1.80326
-1.16217 -1.17925
-1.87626 -5.86852
-1.83634 -4.43283
-0.892708 -4.7284
-2.5644 -2.91372
-1.09392 -0.426229
-2.44422 -5.39294
-1.39542 -4.48201
-1.99309 -5.07751
-1.26087 -4.99633
-2.17369 -4.36563
-2.14554 -3.14188
-1.52318 -0.179248
-0.590587 -4.94669
-2.60716 0.328992
-1.82487 -2.44426
-2.07492 -0.539729
-2.09487 -2.31462
-1.65298 -0.541952
-0.661417 -3.86906
-2.71665 -2.29813
-1.04587 -0.812691
-2.46999 -5.25186
-1.31319 -4.47472
-2.10215 -4.88774
-0.984282 -4.67483
-2.45758 -3.56502
-1.34137 0.0637
-1.67576 -6.05718
-2.30769 -3.43578
-1.39552 -0.0583966
-1.29782 -5.86303
-2.55753 -2.1242
-1.29873 -1.06019
-1.15351 -5.60865
-2.56747 -2.24173
-1.24652 -0.984809
-1.49033 -5.85586
-2.32042 -3.50144
-1.41441 -0.0149268
-1.23796 -5.82213
-2.58309 -1.841
-1.37271 -1.22537
-0.693296 -4.96263
-2.66594 -0.528411
-1.67273 -1.84348
-2.18569 -2.51103
-1.51127 -0.556934
-0.449646 -4.49752
-2.64252 0.378889
-1.79345 -2.40613
-2.14052 -0.70052
-2.08957 -1.80414
-1.81389 -0.74833
-1.90965 -3.32289
-2.10503 -0.334405
-2.02543 -2.7133
-1.68254 -0.303982
-0.511415 -3.87106
-2.76307 -1.12542
-1.34066 -1.556
-0.777845 -5.06361
-2.66659 -0.989447
-1.55127 -1.63908
-1.2316 -3.98504
-2.17404 -4.99401
-1.0267 -4.66922
-2.40943 -3.78646
-1.57371 0.171807
-0.656948 -5.1348
-2.58748 0.35411
-1.83508 -2.51191
-2.05378 -0.48289
-2.07177 -2.54035
-1.63313 -0.421097
-0.460773 -3.9399
-2.7527 -0.627975
-1.49911 -1.78753
-0.840179 -3.99844
-2.58619 -3.3524
-1.17038 0.00684932
-2.37536 -5.61196
-1.54664 -4.45489
-1.69873 -5.33092
-1.72652 -4.88649
-1.57192 -5.19968
-1.84614 -4.85262
-1.32241 -5.14128
-2.12379 -4.40015
-1.82289 -3.84405
-1.67592 -3.94633
-0.782307 -4.59984
-2.64555 -2.31153
-1.13207 -0.8956
-2.11309 -5.77652
-1.60116 -4.56263
-1.63857 -5.31052
-1.78867 -4.84392
-1.4295 -5.19607
-2.00514 -4.61052
-0.88084 -4.46315
-2.54765 -3.21903
-1.13267 -0.151714
-2.42996 -5.48034
-1.46772 -4.46497
-1.86913 -5.22934
-1.50591 -5.02945
-1.90396 -4.88775
-1.24378 -5.0701
-2.20759 -4.23204
-2.34126 -1.34911
-1.78125 -1.2212
-2.16822 -2.37727
-1.56177 -0.598707
-0.418258 -4.10886
-2.71294 -0.0482058
-1.67947 -2.06298
-2.23383 -2.15529
-1.57187 -0.770849
-0.532427 -3.95224
-2.75514 -1.21498
-1.32795 -1.51683
-0.849421 -5.18303
-2.65576 -1.23966
-1.48873 -1.5286
-0.655316 -4.00503
-2.71401 -2.14445
-1.09185 -0.951572
-2.26279 -5.59853
-1.42928 -4.59442
-1.96087 -5.06675
-1.29777 -5.032
-2.13493 -4.44002
-1.71615 -3.96849
-0.765333 -4.41333
-2.64582 -2.49354
-1.08254 -0.738201
-2.36794 -5.47406
-1.37576 -4.54391
-2.02764 -4.98981
-1.14382 -4.91657
-2.30333 -4.03312
-2.00181 0.0640561
-1.33422 -3.77694
-1.87096 -5.43533
-1.56788 -4.89112
-1.81646 -5.07853
-1.51784 -5.11244
-1.89686 -4.8428
-1.2142 -5.06138
-2.24359 -4.13577
-2.22575 -0.40951
-2.0535 -2.20021
-1.72929 -0.546314
-1.13417 -3.89189
-2.30887 -4.70678
-1.33211 -4.23229
-2.04871 -5.10935
-1.21529 -4.93191
-2.21926 -4.28207
-2.34231 -1.73926
-1.63832 -1.06379
-1.3466 -3.91997
-1.91125 -5.37111
-1.50555 -4.93871
-1.8984 -4.9545
-1.31113 -5.09365
-2.12847 -4.41761
-1.7758 -3.90354
-1.06658 -4.16497
-2.37427 -4.29851
-2.33221 -0.969651
-1.91083 -1.43482
-2.11765 -1.11033
-2.02314 -1.24119
-2.06094 -1.14895
-2.05554 -1.22503
-2.03822 -1.1416
-2.07537 -1.25652
-2.01224 -1.10139
-2.10486 -1.35289
-1.9566 -1.02019
-2.153 -1.65334
-1.8119 -0.877857
-2.03004 -3.00527
-1.69328 -0.178401
-0.429456 -3.90855
-2.7485 -0.402975
-1.55734 -1.88476
-1.44491 -3.95456
-1.62829 -5.46625
-1.83808 -4.68879
-1.17591 -5.07807
-2.2984 -3.95764
-1.89391 0.131087
-0.753818 -3.76677
-2.66597 -2.96374
-1.02615 -0.240487
-2.70667 -4.70041
-1.79629 -4.03123
-0.925681 -4.21238
-2.50259 -3.67231
-1.41999 0.159693
-1.36594 -5.94174
-2.54246 -2.20985
-1.28491 -1.00478
-1.2592 -5.70837
-2.51042 -2.64835
-1.18397 -0.68889
-1.9601 -5.91003
-1.82333 -4.40203
-0.886568 -4.72603
-2.5702 -2.87408
-1.09172 -0.459045
-2.43875 -5.39712
-1.3906 -4.48736
-2.00091 -5.06315
-1.23962 -4.98455
-2.19738 -4.31028
-2.30506 -2.28143
-1.4731 -0.797935
-0.474554 -4.50665
-2.65931 0.196172
-1.77622 -2.25366
-2.17485 -0.874747
-2.04372 -1.50079
-1.96075 -0.896676
-2.15345 -1.90729
-1.72184 -0.771284
-1.48748 -3.83894
-1.34808 -5.3995
-2.17954 -4.12956
-2.29162 -0.777052
-1.98874 -1.59424
-1.98655 -0.833247
-2.14454 -1.9448
-1.71663 -0.746215
-1.41031 -3.86965
-1.68155 -5.48106
-1.78228 -4.73758
-1.35475 -5.19968
-2.09648 -4.42692
-1.5676 -4.07948
-1.29452 -5.32152
-2.2206 -4.06223
-2.15419 -0.210831
-1.9834 -2.83174
-1.75932 -0.231592
-0.750297 -3.82397
-2.6644 -2.91676
-1.02216 -0.291485
-2.70021 -4.70923
-1.77735 -4.05187
-0.827194 -4.28419
-2.59059 -3.07334
-1.08083 -0.243821
-2.55752 -5.16976
-1.43803 -4.3843
-1.89808 -5.23396
-1.47203 -5.02246
-1.94068 -4.83623
-1.12735 -4.97088
-2.33486 -3.89316
-1.76422 0.171367
-0.329411 -3.96629
-2.68366 0.465039
-1.74813 -2.37916
-2.22262 -1.06418
-1.96144 -1.29994
-2.10049 -1.16774
-2.01929 -1.18463
-2.07949 -1.22387
-2.01894 -1.13263
-2.09269 -1.29533
-1.98563 -1.06456
-2.13066 -1.47407
-1.89375 -0.951997
-2.16189 -2.13839
-1.63781 -0.690613
-0.775832 -3.88534
-2.64244 -3.04197
-1.04904 -0.201796
-2.66192 -4.87015
-1.62008 -4.21651
-1.2611 -5.2701
-2.24663 -4.01547
-2.04789 -0.0131431
-1.61489 -3.61638
-0.721468 -4.38463
-2.67467 -2.19519
-1.13036 -0.960799
-2.09772 -5.77903
-1.60699 -4.5672
-1.62817 -5.31055
-1.80009 -4.83201
-1.3975 -5.18814
-2.04153 -4.5467
-0.974446 -4.29192
-2.45464 -3.85169
-1.63755 0.218179
-0.470361 -4.77519
-2.55845 0.815669
-1.72903 -3.00783
-2.28189 -1.96995
-1.599 -0.902827
-0.810901 -3.9107
-2.61458 -3.23372
-1.11141 -0.0602107
-2.53945 -5.26019
-1.46861 -4.39359
-1.84061 -5.27898
-1.5559 -4.99776
-1.84476 -4.98563
-1.42469 -5.1375
-2.0021 -4.65332
-0.890162 -4.54749
-2.54471 -3.17506
-1.12436 -0.195014
-2.43865 -5.45401
-1.45225 -4.46603
-1.89758 -5.20206
-1.4597 -5.03857
-1.95502 -4.80187
-1.06759 -4.90487
-2.39616 -3.69666
-1.48818 0.120645
-0.99136 -5.59764
-2.6237 -0.755464
-1.67987 -1.72863
-2.17152 -2.57118
-1.51231 -0.512208
-0.459846 -4.54834
-2.63532 0.402616
-1.79863 -2.43853
-2.13045 -0.661341
-2.09582 -1.89524
-1.77732 -0.714151
-1.71347 -3.64666
-1.1863 -4.12858
-2.24779 -4.7436
-1.12307 -4.29416
-2.31187 -4.43225
-2.25425 -2.69917
-1.40474 -0.527169
-0.87748 -5.35992
-2.64221 -0.780729
-1.64702 -1.72299
-2.05479 -3.09703
-1.66607 -0.149278
-0.366636 -4.03929
-2.69522 0.27037
-1.73207 -2.24805
-2.24017 -1.28345
-1.87793 -1.15403
-2.18139 -1.74819
-1.75534 -0.867264
-1.82045 -3.51911
-2.28302 -2.18683
-1.52218 -0.815855
-0.441059 -4.14103
-2.71843 -0.189789
-1.65056 -1.99205
-2.15724 -2.72125
-1.50246 -0.421355
-0.523706 -4.75054
-2.62226 0.352428
-1.81205 -2.42961
-2.10212 -0.597214
-2.10236 -2.09476
-1.70703 -0.639335
-1.15479 -3.9018
-2.28165 -4.77879
-1.12551 -4.30794
-2.30877 -4.43282
-2.24965 -2.72399
-1.40463 -0.508503
-0.891004 -5.38086
-2.64128 -0.819477
-1.63797 -1.70542
-2.00031 -3.25704
-1.83751 -0.0917172
-0.898445 -3.81808
-2.55162 -3.73063
-1.49218 0.226282
-1.07065 -5.70074
-2.6186 -0.968489
-1.62757 -1.63118
-1.89239 -3.49159
-2.25203 -0.800958
-2.00987 -1.5696
-1.97181 -0.846515
-2.14815 -1.97648
-1.7028 -0.737905
-1.3009 -3.89808
-2.01693 -5.27457
-1.35264 -4.94698
-2.0661 -4.65183
-0.918185 -4.3895
-2.50817 -3.50483
-1.27852 0.0527217
-1.9644 -6.02425
-1.99306 -4.13635
-2.03776 -3.41935
-1.84199 -0.0422839
-0.829369 -3.80293
-2.6082 -3.38202
-1.1865 0.0574598
-2.34383 -5.67286
-1.58651 -4.44559
-1.59327 -5.34904
-1.84618 -4.75407
-1.22803 -5.10552
-2.23654 -4.13146
-2.22825 -0.422703
-2.05407 -2.1702
-1.73667 -0.559209
-1.20613 -3.8907
-2.20304 -4.97509
-1.01017 -4.60561
-2.42262 -3.77151
-1.54958 0.170376
-0.755144 -5.2924
-2.60257 0.0736676
-1.83426 -2.24682
-2.0653 -0.594417
-2.10657 -2.21596
-1.66705 -0.595288
-0.815799 -3.87597
-2.61313 -3.27734
-1.12999 -0.0233256
-2.49746 -5.36777
-1.47644 -4.41985
-1.83536 -5.2735
-1.56046 -5.0006
-1.83967 -4.98975
-1.43572 -5.13928
-1.98988 -4.67434
-0.906857 -4.62044
-2.53512 -3.1822
-1.13155 -0.196781
-2.41312 -5.50289
-1.46595 -4.47595
-1.87599 -5.21879
-1.49357 -5.03458
-1.91786 -4.86375
-1.19564 -5.03533
-2.26154 -4.09717
-2.14958 -0.179568
-1.96093 -2.92082
-1.8168 -0.197289
-0.991347 -3.84233
-2.46744 -4.14864
-2.11883 -0.0234533
-1.78471 -3.36889
-2.28012 -2.16444
-1.53206 -0.822079
-0.455453 -4.08196
-2.73321 -0.398439
-1.587 -1.89257
-1.73476 -3.74844
-1.12246 -4.14397
-2.3194 -4.51429
-2.04051 -3.48469
-1.88108 -0.0378076
-1.00905 -3.82076
-2.45177 -4.23536
-2.25523 -0.417304
-2.04479 -2.13306
-1.75755 -0.566085
-1.35161 -3.8676
-1.86969 -5.41406
-1.56269 -4.90696
-1.82566 -5.06056
-1.49614 -5.11953
-1.92117 -4.8019
-1.12655 -4.98393
-2.33892 -3.87127
-1.73142 0.171251
-0.311951 -4.11527
-2.63122 0.781705
-1.75658 -2.71881
-2.24117 -1.03681
-1.95655 -1.33142
-2.09717 -1.13601
-2.03115 -1.21937
-2.06025 -1.16685
-2.05113 -1.20427
-2.0479 -1.16758
-2.06079 -1.21351
-2.03728 -1.15117
-2.07364 -1.24513
-2.01719 -1.113
-2.09858 -1.32661
-1.97053 -1.03921
-2.14364 -1.56595
-1.8507 -0.91152
-2.12037 -2.57136
-1.56833 -0.457188
-0.394242 -4.22038
-2.67417 0.317349
-1.76059 -2.30717
-2.20112 -0.971173
-2.00281 -1.38298
-2.03792 -1.01225
-2.10485 -1.44488


