-1.97206 -2.03931
1.92688 -1.98537
-1.72307 -2.96432
2.07384 -1.36875
-1.26689 -3.59884
2.16672 -0.262375
-0.457545 -1.75043
-0.466606 0.064424
-0.474798 -1.1066
-1.049 -0.873211
-0.765075 -0.945148
-0.948602 -0.975597
-0.798053 -0.881583
-0.962938 -1.04893
-0.741056 -0.786032
-1.05243 -1.19907
-0.561211 -0.552497
-1.23678 -1.68626
0.12103 0.393457
1.46193 -1.21539
-0.558805 -1.66133
-0.484011 -0.0303885
-0.780584 -1.63983
-0.365728 -0.0167222
-0.51993 -1.20728
-0.935496 -0.699992
-0.943216 -1.21209
-0.641235 -0.584943
-1.18816 -1.55424
-0.0978089 0.0953097
1.11029 0.729306
0.829555 -1.54427
-1.5073 -2.6676
1.88908 0.799797
0.765865 -0.294143
1.47411 -0.264287
1.21508 -0.000179352
1.24254 -0.726425
1.00526 0.417242
0.996267 -1.43727
-1.22924 -2.89515
1.67204 1.4005
0.658095 -0.870448
-0.373277 -1.12171
-1.12132 -0.925783
-0.658838 -0.818547
-1.09362 -1.19499
-0.523067 -0.526441
-1.25456 -1.77362
0.25401 0.572864
1.16117 -1.83706
-1.60493 -2.65729
2.00852 0.197722
0.450521 -0.289012
1.37292 0.447833
1.03489 -0.892049
0.474342 0.112415
1.41656 -1.06833
-0.100108 -0.782045
-1.39623 -2.04233
0.942359 1.26906
0.537994 -2.2032
-1.19934 -0.30791
-0.62216 -1.03566
-0.988793 -0.900496
-0.807316 -0.953062
-0.91457 -0.952948
-0.837715 -0.921532
-0.912141 -0.984813
-0.820337 -0.882899
-0.94648 -1.03982
-0.759749 -0.803308
-1.03101 -1.16722
-0.603823 -0.606375
-1.20654 -1.55693
-0.0665738 0.13049
1.33639 0.641735
0.932854 -1.08777
-0.505813 -1.42669
-0.754721 -0.391775
-1.12885 -1.69658
-0.03162 0.238492
1.58718 0.0207561
1.14601 -0.146354
1.31827 -0.597856
1.15292 0.32228
1.06469 -1.15362
-0.514942 -1.47268
-0.704233 -0.32188
-1.14115 -1.81658
0.118546 0.451406
1.40781 -1.37877
-0.906555 -2.44772
0.692296 1.30001
0.530418 -2.63381
-0.73821 0.329255
0.0348597 -0.22311
0.0978265 -0.242245
0.312174 0.0522888
1.55454 -0.51235
0.965499 0.273231
1.09065 -1.3312
-0.959296 -2.45386
0.747555 1.32781
0.511883 -2.57277
-0.777577 0.266797
-0.250331 -0.663155
-1.35252 -1.96913
0.725012 1.09666
0.618186 -2.41674
-1.09955 -0.0924646
-0.678605 -1.21084
-0.818084 -0.639468
-1.05556 -1.35164
-0.438751 -0.346757
-1.20149 -2.10089
0.568813 1.00815
0.69243 -2.49555
-1.12337 -0.0719884
-0.619322 -1.11831
-0.931152 -0.785073
-0.912268 -1.11671
-0.733223 -0.71669
-1.0882 -1.29831
-0.450107 -0.394999
-1.23388 -2.05002
0.559766 0.979863
0.709932 -2.47025
-1.17095 -0.129844
-0.577722 -1.02654
-1.02729 -0.933735
-0.754782 -0.892072
-0.987207 -1.04987
-0.720869 -0.774888
-1.0717 -1.22429
-0.523975 -0.506291
-1.25266 -1.80363
0.285587 0.617883
1.09472 -1.94626
-1.68558 -2.15751
1.89981 0.543142
0.783378 -0.167319
1.43406 -0.652345
0.957242 0.338869
1.04732 -1.41128
-1.14309 -2.80703
1.44977 1.5775
0.538146 -1.36292
-1.52559 -2.34925
1.66705 1.19591
0.749324 -0.768139
0.406575 0.0808596
1.48712 -0.863214
0.423242 -0.0469095
1.53853 -0.445829
1.05614 0.244262
1.10636 -1.2031
-0.621681 -1.70229
-0.398699 0.0483182
-0.363859 -0.92676
-1.24905 -1.26641
-0.251175 -0.204599
-0.827828 -1.79217
-0.178648 0.224345
1.32249 0.679525
0.910539 -1.137
-0.709896 -1.8432
-0.192782 0.282904
1.45164 0.531011
1.01062 -0.802133
0.779254 0.396909
1.03152 -1.62383
-1.45454 -2.89444
1.96744 0.606015
0.656725 -0.230123
1.49747 -0.308089
1.18406 0.0819458
1.202 -0.866489
0.656872 0.260734
1.18004 -1.47228
-1.14279 -2.86719
1.52501 1.55498
0.568746 -1.20788
-1.35234 -2.7117
1.66327 1.32653
0.691791 -0.843844
-0.142872 -0.719769
-1.37526 -2.07686
0.926891 1.26888
0.536619 -2.23086
-1.17129 -0.263032
-0.659478 -1.11024
-0.908906 -0.782896
-0.931083 -1.12997
-0.710269 -0.69458
-1.11246 -1.34272
-0.387873 -0.312094
-1.15499 -2.15156
0.561921 1.02532
0.685349 -2.52055
-1.08922 -0.0280251
-0.633388 -1.16138
-0.888274 -0.720203
-0.973824 -1.21474
-0.616271 -0.571381
-1.20509 -1.59824
-0.0270987 0.192533
1.54275 0.237482
1.12264 -0.417257
1.3722 -0.0756745
1.2503 -0.399279
1.32422 -0.0391691
1.24795 -0.520242
1.27258 0.187524
1.14935 -0.848778
0.708128 0.314712
1.11513 -1.5462
-1.29431 -3.00017
1.85884 1.07166
0.721202 -0.45894
1.36039 0.356659
1.07605 -0.846967
0.680451 0.308567
1.13069 -1.54332
-1.27968 -3.00084
1.84221 1.11807
0.718298 -0.497839
1.28968 0.462035
1.01125 -1.04988
-0.213418 -0.895222
-1.36117 -1.55284
0.264311 0.516828
1.20666 -1.73668
-1.48532 -2.96282
2.03255 0.270859
0.413644 -0.348128
1.13737 0.630352
0.888427 -1.42786
-1.31683 -2.88953
1.78715 1.18861
0.724385 -0.592657
1.05361 0.565341
0.910802 -1.50567
-1.40111 -2.87585
1.88999 0.903256
0.740481 -0.34872
1.46714 -0.0423819
1.21438 -0.282185
1.34066 -0.29335
1.29255 -0.131858
1.28432 -0.443395
1.29337 0.0695146
1.20633 -0.695028
1.08257 0.419231
1.00018 -1.33917
-1.06292 -2.6419
1.12381 1.56111
0.445579 -2.01782
-1.25325 -0.476792
-0.545406 -0.863174
-1.15025 -1.20047
-0.452974 -0.459425
-1.26285 -1.96968
0.512279 0.906888
0.765515 -2.41121
-1.29446 -0.289481
-0.377398 -0.656698
-1.31636 -1.75628
0.369769 0.692882
0.975391 -2.11627
-1.664 -1.30385
1.34429 1.234
0.657907 -1.39834
-1.48537 -2.58852
1.79075 1.0456
0.778076 -0.508531
1.32049 0.398063
1.04954 -0.948802
0.264126 -0.153255
1.34984 0.54027
0.985668 -0.997545
-0.043433 -0.603091
-1.24005 -2.38346
1.03049 1.41565
0.487103 -2.12537
-1.20689 -0.360356
-0.623626 -1.0193
-0.998969 -0.923124
-0.786251 -0.921171
-0.94841 -1.00083
-0.782861 -0.850772
-0.990436 -1.09473
-0.688708 -0.717896
-1.11826 -1.32302
-0.397464 -0.333341
-1.17989 -2.14552
0.5928 1.04743
0.66611 -2.51775
-1.06531 -0.00841471
-0.648826 -1.19793
-0.84873 -0.664976
-1.0245 -1.30245
-0.506847 -0.432592
-1.24294 -1.93118
0.423123 0.806749
0.864039 -2.29899
-1.4889 -0.632709
0.262247 0.345374
1.37745 -1.35353
-0.85857 -2.31922
0.480482 1.09009
0.677043 -2.65639
-0.939404 0.169183
-0.511136 -1.04659
-1.06347 -0.940962
-0.715478 -0.857844
-1.03365 -1.11173
-0.640013 -0.674724
-1.16622 -1.42075
-0.254505 -0.137696
-0.644423 -1.45676
-0.627068 -0.305177
-1.16308 -1.91614
0.268603 0.648524
1.07981 -1.99028
-1.69864 -1.97082
1.83732 0.71101
0.843992 -0.277018
1.45075 -0.394235
1.19263 0.13991
1.17064 -0.919096
0.476114 0.0879422
1.43475 -1.00556
0.0805218 -0.496359
-0.852045 -1.9297
-0.00987655 0.449978
1.53195 -1.05847
-0.196966 -0.977593
-1.34459 -1.40793
0.0800621 0.25368
1.59028 -0.557662
0.843959 0.24538
1.12809 -1.39309
-1.04625 -2.65951
1.12861 1.5722
0.442086 -2.01391
-1.25245 -0.478144
-0.547372 -0.86565
-1.14755 -1.19513
-0.460278 -0.469646
-1.26486 -1.94509
0.484901 0.872094
0.796114 -2.3776
-1.3585 -0.385545
-0.217512 -0.386569
-1.12501 -2.23688
0.635043 1.12392
0.619379 -2.55197
-0.963392 0.0971871
-0.627257 -1.22013
-0.845866 -0.640486
-1.03462 -1.33391
-0.472453 -0.384227
-1.22735 -2.03189
0.523514 0.940381
0.742568 -2.44722
-1.23424 -0.204585
-0.488846 -0.857255
-1.19345 -1.25659
-0.351365 -0.324118
-1.14923 -2.17432
0.584213 1.0541
0.664856 -2.53287
-1.04839 0.0142515
-0.646423 -1.20504
-0.844701 -0.655823
-1.03059 -1.31591
-0.490701 -0.411049
-1.23823 -1.97924
0.475469 0.875531
0.797583 -2.38561
-1.35354 -0.374236
-0.229875 -0.407862
-1.16428 -2.255
0.718441 1.19163
0.574659 -2.50774
-0.94409 0.0918426
-0.652756 -1.26755
-0.789129 -0.567774
-1.09521 -1.46041
-0.30452 -0.161036
-0.818307 -1.75962
-0.219326 0.171706
0.973767 0.715783
0.816109 -1.74571
-1.63652 -2.03267
1.70966 1.04054
0.809328 -0.617743
1.11185 0.5406
0.933454 -1.39917
-1.23032 -2.86619
1.64124 1.42823
0.645116 -0.935083
-0.65853 -1.67502
-0.403481 0.0154942
-0.500186 -1.16438
-0.985069 -0.772371
-0.871702 -1.10101
-0.77267 -0.746555
-1.04817 -1.23727
-0.536695 -0.505559
-1.24745 -1.78848
0.257517 0.582191
1.14947 -1.85804
-1.62537 -2.57188
1.99542 0.232342
0.506205 -0.239012
1.49056 0.0968719
1.17501 -0.387167
1.35764 -0.117285
1.26467 -0.368033
1.32271 -0.0856382
1.26385 -0.463074
1.29646 0.091316
1.19637 -0.713802
1.05089 0.430422
0.990619 -1.39189
-1.16312 -2.81231
1.48342 1.55775
0.556839 -1.28754
-1.45359 -2.5815
1.72277 1.18155
0.748754 -0.673616
0.816543 0.473425
0.970219 -1.68812
-1.55878 -2.64148
1.94758 0.549601
0.695986 -0.191626
1.47816 -0.498099
1.09038 0.26612
1.09347 -1.18421
-0.578043 -1.60789
-0.525111 -0.103698
-0.960678 -1.90509
0.037431 0.448474
1.48962 -1.18604
-0.501141 -1.54842
-0.641228 -0.217586
-1.10836 -1.94097
0.225188 0.621486
1.13858 -1.90512
-1.65971 -2.40117
1.96671 0.315668
0.615649 -0.164835
1.49957 -0.458562
1.09771 0.241172
1.10893 -1.1497
-0.445632 -1.34479
-0.87827 -0.538944
-1.03449 -1.42962
-0.390835 -0.250571
-1.08388 -2.11012
0.410719 0.880587
0.821158 -2.40842
-1.36124 -0.368876
-0.199817 -0.362863
-1.06995 -2.19031
0.500879 0.999214
0.717453 -2.5334
-1.12045 -0.0489042
-0.601812 -1.09759
-0.959162 -0.820951
-0.87256 -1.06083
-0.79975 -0.797906
-1.00538 -1.15752
-0.632859 -0.63199
-1.18308 -1.49116
-0.166291 -0.00889934
0.269736 0.030439
1.56724 -0.268359
1.12611 0.112143
1.18618 -0.97472
0.278356 -0.159496
1.36333 0.519255
0.998869 -0.958858
0.145129 -0.313074
0.165329 -0.157788
1.04864 0.675506
0.847612 -1.60222
-1.54908 -2.56755
1.88837 0.756565
0.775394 -0.271972
1.47025 -0.346328
1.19543 0.0990111
1.19275 -0.870584
0.643997 0.251712
1.19364 -1.45739
-1.11118 -2.8175
1.42204 1.59988
0.519549 -1.42914
-1.56238 -2.09746
1.53612 1.27987
0.697052 -1.04402
-0.863318 -2.11886
0.225035 0.765166
1.01048 -2.17217
-1.66453 -1.2259
1.31276 1.22823
0.649467 -1.45889
-1.53979 -2.41237
1.75547 1.06022
0.788462 -0.561414
1.22698 0.49562
0.980358 -1.181
-0.724134 -1.89127
-0.130754 0.361429
1.61982 -0.157537
1.10123 0.0637515
1.21557 -0.945326
0.39257 -0.0190192
1.5429 -0.468665
1.02929 0.25847
1.09755 -1.2487
-0.760559 -2.00264
0.0191324 0.54774
1.40932 -1.44568
-1.02074 -2.72452
1.19002 1.61294
0.441064 -1.90902
-1.34073 -0.662371
-0.320629 -0.479818
-1.27392 -2.13785
0.759056 1.17439
0.578443 -2.43581
-1.02466 -0.0148601
-0.711796 -1.30832
-0.715668 -0.498954
-1.15409 -1.60718
-0.092862 0.127723
1.25136 0.70322
0.878529 -1.28186
-1.09526 -2.65412
1.1814 1.57022
0.456821 -1.90433
-1.36198 -0.698303
-0.252329 -0.371324
-1.13618 -2.22646
0.636537 1.11964
0.621116 -2.54614
-0.972024 0.0868827
-0.635805 -1.22922
-0.832488 -0.625368
-1.04919 -1.3604
-0.437322 -0.338838
-1.19515 -2.10632
0.565233 1.00743
0.693771 -2.49764
-1.12315 -0.0706584
-0.618457 -1.11737
-0.932475 -0.786704
-0.910458 -1.11414
-0.736319 -0.720442
-1.08456 -1.29142
-0.459348 -0.407323
-1.24003 -2.02511
0.538697 0.951527
0.731581 -2.45145
-1.21648 -0.18442
-0.518005 -0.910556
-1.14421 -1.1462
-0.498789 -0.535348
-1.26508 -1.79129
0.295961 0.62451
1.08115 -1.96517
-1.69234 -2.0589
1.86634 0.639629
0.823573 -0.220521
1.4414 -0.53689
1.09728 0.288114
1.0804 -1.19724
-0.634183 -1.72252
-0.369389 0.0817753
-0.124939 -0.53189
-1.227 -2.33292
0.93526 1.35499
0.500003 -2.27055
-1.08294 -0.154435
-0.750729 -1.30304
-0.695268 -0.499556
-1.1664 -1.62499
-0.0576753 0.173037
1.46498 0.462361
1.04221 -0.731436
1.01106 0.481589
0.956653 -1.49051
-1.34154 -2.92559
1.8528 1.04449
0.73568 -0.447815
1.38474 0.297583
1.10616 -0.75676
0.9647 0.456924
0.970471 -1.52386
-1.37482 -2.92465
1.89419 0.917268
0.731854 -0.354836
1.46432 -0.00610056
1.20802 -0.327376
1.34709 -0.213889
1.28589 -0.246721
1.31204 -0.275682
1.30499 -0.19591
1.29724 -0.331637
1.31115 -0.118333
1.27623 -0.435942
1.30072 0.0499178
1.21473 -0.661864
1.13472 0.391964
1.02218 -1.24164
-0.829733 -2.13694
0.225157 0.784958
0.994041 -2.20786
-1.64196 -1.09193
1.14506 1.19716
0.609635 -1.77678
-1.57243 -1.32613
0.89584 1.10623
0.608438 -2.1716
-1.31498 -0.460782
-0.382997 -0.622998
-1.31365 -1.81
0.426854 0.769797
0.887818 -2.24385
-1.54621 -0.790761
0.552657 0.720311
0.869155 -2.14906
-1.585 -0.97517
0.794858 0.980375
0.669871 -2.22124
-1.34459 -0.468053
-0.293585 -0.485073
-1.27172 -2.171
0.799579 1.21469
0.557728 -2.40646
-1.02534 -0.0305158
-0.727612 -1.32807
-0.688673 -0.469042
-1.17126 -1.67122
-0.00204417 0.254165
1.60516 -0.203512
1.10488 0.0891709
1.20041 -0.972497
0.291448 -0.144813
1.4179 0.428832
1.05099 -0.796103
0.831244 0.419648
1.00517 -1.61481
-1.46191 -2.86849
1.9599 0.624919
0.672027 -0.229561
1.49367 -0.33733
1.17689 0.112229
1.1856 -0.910298
0.510861 0.122951
1.38272 -1.13829
-0.300318 -1.12837
-1.17899 -0.984681
-0.550845 -0.675655
-1.22234 -1.49867
-0.0973663 0.0703649
1.00372 0.707727
0.823694 -1.69547
-1.61786 -2.21983
1.79064 0.919479
0.822659 -0.439223
1.41888 0.130183
1.17573 -0.547718
1.28753 0.22006
1.13414 -0.855558
0.681894 0.297166
1.1393 -1.52622
-1.24947 -2.9838
1.79004 1.23514
0.703985 -0.615917
0.931868 0.541673
0.917078 -1.64439
-1.54795 -2.62965
1.92563 0.641753
0.734638 -0.216023
1.47157 -0.471449
1.12132 0.240484
1.11027 -1.11879
-0.334417 -1.13294
-1.14638 -0.942872
-0.618275 -0.768771
-1.14498 -1.29428
-0.388527 -0.342485
-1.18524 -2.15167
0.609948 1.06397
0.653816 -2.51862
-1.04719 0.00791238
-0.655805 -1.21878
-0.827177 -0.634304
-1.05046 -1.35262
-0.442664 -0.348774
-1.20357 -2.0955
0.565185 1.0028
0.696223 -2.49241
-1.13152 -0.0811031
-0.612944 -1.1038
-0.946545 -0.807833
-0.889246 -1.08248
-0.773325 -0.766226
-1.03899 -1.21077
-0.564965 -0.545762
-1.23521 -1.69243
0.124959 0.40027
1.45178 -1.24504
-0.628108 -1.80824
-0.28136 0.211591
0.911737 0.695248
0.824361 -1.81245
-1.64861 -1.8385
1.61105 1.14568
0.76936 -0.838382
0.135737 -0.289697
0.245114 -0.0435757
1.51688 0.176909
1.14621 -0.413296
1.36457 -0.0757272
1.2521 -0.411316
1.32062 -0.0147165
1.23945 -0.555732
1.24936 0.246515
1.11705 -0.940476
0.367625 -0.0303247
1.55157 -0.34488
1.10909 0.170482
1.15186 -1.0609
-0.0734106 -0.682296
-1.33721 -2.28211
1.10015 1.40455
0.506396 -1.98119
-1.35587 -0.63822
-0.275819 -0.419711
-1.2089 -2.23257
0.762018 1.21182
0.561233 -2.46151
-0.973132 0.0435899
-0.698481 -1.32081
-0.713617 -0.484264
-1.15624 -1.62797
-0.0685779 0.163501
1.42169 0.541638
1.00055 -0.865415
0.535005 0.185245
1.31309 -1.29694
-0.742892 -2.02489
0.0348227 0.580266
1.35901 -1.56349
-1.20079 -3.04424
1.7923 1.26803
0.689204 -0.632447
0.83207 0.494045
0.954037 -1.6981
-1.57513 -2.57529
1.9335 0.580146
0.72337 -0.193442
1.46855 -0.526541
1.07483 0.285329
1.08109 -1.22291
-0.708413 -1.88274
-0.149686 0.344929
1.60234 0.0264883
1.13525 -0.127596
1.31223 -0.63881
1.10539 0.361121
1.03709 -1.25549
-0.845882 -2.17788
0.287553 0.857209
0.899351 -2.36172
-1.47849 -0.566953
0.224868 0.285896
1.46591 -1.11833
-0.29419 -1.13716
-1.17819 -0.976281
-0.556557 -0.686087
-1.2159 -1.47595
-0.129622 0.0240856
0.627541 0.450685
1.03867 -1.75773
-1.58645 -2.61202
1.96808 0.42803
0.638975 -0.181872
1.4957 -0.442344
1.1151 0.225167
1.11917 -1.11128
-0.296682 -1.06506
-1.22369 -1.09812
-0.414003 -0.467609
-1.27098 -2.015
0.58837 0.992643
0.695497 -2.46186
-1.15991 -0.124104
-0.595569 -1.05827
-0.992132 -0.879569
-0.815311 -0.975523
-0.895089 -0.921617
-0.870512 -0.966747
-0.861764 -0.917899
-0.897051 -0.982086
-0.833148 -0.890929
-0.932892 -1.02534
-0.779392 -0.825885
-1.00588 -1.12896
-0.652487 -0.667913
-1.16025 -1.42129
-0.262079 -0.145137
-0.686411 -1.53206
-0.52865 -0.189153
-1.07614 -2.02179
0.287768 0.72517
1.00058 -2.13801
-1.67003 -1.30068
1.37216 1.2261
0.671217 -1.33835
-1.41086 -2.72475
1.77739 1.13128
0.751742 -0.572122
1.15742 0.544021
0.939766 -1.33082
-1.11197 -2.70855
1.27812 1.59136
0.476934 -1.71588
-1.5057 -1.14912
0.461949 0.669889
0.943564 -2.09364
-1.65478 -1.29249
1.29334 1.24002
0.637391 -1.50411
-1.57096 -2.24335
1.69055 1.12926
0.775985 -0.694905
0.795655 0.45474
0.98672 -1.68264
-1.5451 -2.69308
1.95819 0.52689
0.673017 -0.194235
1.48711 -0.456905
1.11438 0.234268
1.11369 -1.12149
-0.340275 -1.14454
-1.13297 -0.91844
-0.648054 -0.812399
-1.10416 -1.21009
-0.500667 -0.497457
-1.26012 -1.84792
0.353813 0.705927
0.974507 -2.13284
-1.6585 -1.2542
1.29429 1.23436
0.640271 -1.49926
-1.56772 -2.26702
1.70185 1.11698
0.779564 -0.670574
0.895157 0.510804
0.937494 -1.65478
-1.54616 -2.65135
1.93594 0.608344
0.718174 -0.206129
1.47452 -0.481834
1.10925 0.251245
1.10327 -1.14525
-0.436925 -1.32661
-0.901692 -0.570297
-1.0094 -1.3781
-0.456881 -0.336597
-1.19645 -2.08676
0.541227 0.97854
0.716 -2.48213
-1.16766 -0.120145
-0.576545 -1.028
-1.02715 -0.932188
-0.755754 -0.893947
-0.985459 -1.04701
-0.724144 -0.779173
-1.06744 -1.2167
-0.533832 -0.519322
-1.2496 -1.77102
0.241251 0.558089
1.18597 -1.79634
-1.55837 -2.81032
2.02738 0.174177
0.379075 -0.366372
0.959613 0.61269
0.874643 -1.67592
-1.59226 -2.42989
1.87503 0.745373
0.794461 -0.271263
1.46465 -0.36896
1.19132 0.121451
1.18065 -0.900991
0.541953 0.156741
1.33332 -1.24239
-0.599566 -1.71277
-0.402291 0.0585523
-0.332797 -0.872722
-1.29472 -1.40683
-0.0420136 0.101445
1.31417 0.65427
0.920615 -1.13657
-0.690632 -1.80441
-0.246794 0.218818
1.07948 0.751492
0.811557 -1.61106
-1.57325 -2.44509
1.84942 0.834563
0.802143 -0.334447
1.4643 -0.180234
1.22909 -0.121094
1.29304 -0.543349
1.22651 0.243566
1.11639 -0.972965
0.240445 -0.197878
1.1521 0.664176
0.8734 -1.42813
-1.3317 -2.88224
1.80101 1.15341
0.731488 -0.557193
1.16828 0.545575
0.941074 -1.31457
-1.08154 -2.65415
1.16392 1.57013
0.452057 -1.94029
-1.32768 -0.622997
-0.360766 -0.548678
-1.30621 -1.97669
0.617573 1.00634
0.681369 -2.45054
-1.152 -0.122915
-0.610206 -1.08311
-0.963698 -0.838101
-0.860517 -1.03863
-0.822998 -0.829173
-0.973209 -1.10795
-0.69362 -0.708428
-1.11859 -1.3335
-0.388516 -0.3186
-1.16201 -2.15229
0.573638 1.03509
0.677199 -2.52157
-1.07694 -0.0166357
-0.640409 -1.179
-0.869574 -0.693595
-0.99848 -1.25638
-0.564924 -0.506754
-1.23525 -1.75199
0.192109 0.497506
1.29 -1.61277
-1.29046 -3.09095
1.92858 0.905406
0.689572 -0.344346
1.46638 0.0377368
1.19691 -0.37068
1.35074 -0.136779
1.27115 -0.352075
1.32145 -0.108826
1.27118 -0.43391
1.30417 0.0423861
1.2178 -0.648007
1.15416 0.377325
1.03314 -1.20057
-0.70486 -1.86271
-0.174174 0.312626
1.54113 0.316329
1.09802 -0.482757
1.35837 0.0732011
1.20186 -0.594272
1.23082 0.30496
1.08374 -1.02157
0.0103101 -0.534086
-1.07291 -2.28329
0.631303 1.14738
0.60908 -2.57882
-0.919866 0.147551
-0.56892 -1.14615
-0.946664 -0.765519
-0.907968 -1.13126
-0.725969 -0.699133
-1.10001 -1.32679
-0.414649 -0.345887
-1.196 -2.12639
0.593735 1.03982
0.669741 -2.50872
-1.07937 -0.0255579
-0.646415 -1.18545
-0.860311 -0.682908
-1.00946 -1.27426
-0.541952 -0.477979
-1.2423 -1.82271
0.288246 0.627887
1.08377 -1.96621
-1.69262 -2.06218
1.86853 0.63268
0.821715 -0.215985
1.44038 -0.547899
1.08699 0.296542
1.07473 -1.21872
-0.704033 -1.87152
-0.164854 0.326357
1.57134 0.201299
1.12437 -0.334992
1.3757 -0.258258
1.27614 -0.140922
1.29064 -0.452835
1.28573 0.0910028
1.19663 -0.730191
1.01737 0.433332
0.986711 -1.43767
-1.23848 -2.89902
1.68879 1.37709
0.667847 -0.831661
-0.168552 -0.759569
-1.38497 -1.93912
0.778305 1.1316
0.596893 -2.37295
-1.11373 -0.129032
-0.684297 -1.20436
-0.819432 -0.646979
-1.05221 -1.34144
-0.450345 -0.363045
-1.21436 -2.07733
0.559976 0.990822
0.704003 -2.48277
-1.1512 -0.104453
-0.596329 -1.06678
-0.985517 -0.867063
-0.82746 -0.993599
-0.875235 -0.895101
-0.900133 -1.00631
-0.815774 -0.859699
-0.962399 -1.07129
-0.726833 -0.758445
-1.07502 -1.24405
-0.50578 -0.47791
-1.25495 -1.87009
0.37053 0.731224
0.945199 -2.17848
-1.62379 -1.06377
1.03635 1.15277
0.604261 -1.95757
-1.47432 -0.866946
0.203898 0.304212
1.46803 -1.12831
-0.324953 -1.19523
-1.10853 -0.850732
-0.710322 -0.912788
-1.00599 -1.03797
-0.712582 -0.780517
-1.07484 -1.22067
-0.523564 -0.508639
-1.25305 -1.80057
0.28273 0.613703
1.10064 -1.93664
-1.6813 -2.2048
1.91391 0.499821
0.759179 -0.15249
1.43667 -0.674635
0.917096 0.333885
1.05362 -1.44457
-1.19081 -2.87921
1.60219 1.48353
0.616144 -1.03105
-0.988534 -2.35526
0.638785 1.20013
0.583372 -2.61931
-0.837259 0.237297
-0.371233 -0.847601
-1.27897 -1.40247
-0.0796708 0.0538498
1.00112 0.703996
0.82548 -1.69627
-1.61787 -2.22267
1.79259 0.915492
0.822809 -0.434707
1.42225 0.115746
1.18065 -0.527709
1.30088 0.181288
1.15409 -0.797591
0.860876 0.409118
1.00824 -1.57855
-1.41574 -2.92063
1.94042 0.743521
0.699589 -0.267084
1.48858 -0.255438
1.20549 0.00751287
1.23948 -0.748796
0.959842 0.414957
0.997364 -1.48764
-1.30241 -2.94247
1.81733 1.14727
0.724435 -0.536837
1.2103 0.526919
0.960022 -1.23192
-0.887052 -2.24744
0.406728 0.984907
0.760149 -2.557
-1.15483 -0.0668211
-0.553933 -1.00896
-1.05675 -0.97216
-0.704967 -0.827244
-1.05716 -1.15901
-0.585511 -0.600515
-1.21828 -1.58432
-0.0196141 0.194617
1.55316 0.191912
1.13263 -0.360007
1.37404 -0.199649
1.27379 -0.229267
1.31319 -0.319153
1.30449 -0.122032
1.27878 -0.440392
1.29766 0.0599584
1.21046 -0.677821
1.11085 0.406644
1.0107 -1.28863
-0.951965 -2.40939
0.678998 1.26221
0.548761 -2.62141
-0.781075 0.286431
-0.183298 -0.554245
-1.28567 -2.25808
0.949265 1.33488
0.510022 -2.23221
-1.13465 -0.225258
-0.708153 -1.20207
-0.805331 -0.644715
-1.06318 -1.3526
-0.430731 -0.340142
-1.19491 -2.11252
0.573162 1.01677
0.686777 -2.50163
-1.10977 -0.0564381
-0.628304 -1.14016
-0.908217 -0.751398
-0.945368 -1.16766
-0.672676 -0.641966
-1.1549 -1.44407
-0.248753 -0.119113
-0.566308 -1.31509
-0.809608 -0.527344
-1.08813 -1.49468
-0.280485 -0.116952
-0.642937 -1.44813
-0.636091 -0.317755
-1.16598 -1.89608
0.248285 0.618943
1.12237 -1.92007
-1.67087 -2.31377
1.94546 0.392052
0.684639 -0.143001
1.46394 -0.630596
0.950045 0.324604
1.05725 -1.40307
-1.12095 -2.77428
1.37802 1.59709
0.506855 -1.51533
-1.57615 -1.79236
1.29831 1.32046
0.603041 -1.53531
-1.58789 -2.03696
1.56312 1.24155
0.719993 -0.974261
-0.595355 -1.56235
-0.558616 -0.165462
-1.05779 -1.98966
0.22734 0.654345
1.10618 -1.96961
-1.69322 -2.10827
1.89152 0.559168
0.795995 -0.174391
1.43243 -0.641756
0.975818 0.339345
1.04625 -1.39244
-1.11268 -2.75494
1.34159 1.60034
0.493558 -1.59068
-1.56336 -1.52821
1.00656 1.20456
0.575348 -2.04501
-1.38148 -0.635387
-0.191066 -0.295272
-0.930418 -1.98936
0.114004 0.574643
1.28534 -1.67867
-1.37895 -3.09904
2.01505 0.509322
0.537471 -0.283643
1.46492 0.182916
1.15259 -0.513851
1.32179 0.147833
1.17062 -0.73104
1.02274 0.442101
0.981576 -1.4391
-1.24531 -2.9023
1.70158 1.35839
0.675056 -0.802084
-0.00352394 -0.488918
-1.0095 -2.18433
0.427968 0.94335
0.775533 -2.49347
-1.23352 -0.176909
-0.470695 -0.835868
-1.21626 -1.30971
-0.273982 -0.213069
-0.888367 -1.89084
-0.0308884 0.397071
1.58665 -0.774173
0.453314 -0.042709
1.5259 -0.542014
0.976751 0.289
1.07943 -1.33751
-0.982297 -2.50147
0.836565 1.39917
0.477274 -2.4758
-0.832111 0.17355
-0.540754 -1.12937
-0.980652 -0.802501
-0.862531 -1.07002
-0.800456 -0.78846
-1.0094 -1.16953
-0.620888 -0.61474
-1.19455 -1.528
-0.113858 0.0653926
0.911192 0.66962
0.839347 -1.7898
-1.64683 -1.95827
1.68858 1.0594
0.805191 -0.661166
0.974949 0.534589
0.922392 -1.58521
-1.4861 -2.77681
1.93189 0.693465
0.719533 -0.241132
1.48194 -0.373028
1.17269 0.142529
1.16877 -0.949107
0.366374 -0.0419054
1.55177 -0.291143
1.13464 0.119654
1.18167 -0.972893
0.283345 -0.151928
1.38979 0.479928
1.02292 -0.883608
0.492757 0.135288
1.38477 -1.14817
-0.331672 -1.18746
-1.10851 -0.85712
-0.707456 -0.906176
-1.01188 -1.04819
-0.701001 -0.765018
-1.08996 -1.24862
-0.487047 -0.459844
-1.25591 -1.92138
0.436411 0.816249
0.851624 -2.31161
-1.46803 -0.587516
0.169261 0.213431
1.56075 -0.707633
0.649161 0.151213
1.27508 -1.28559
-0.726753 -1.97681
-0.0313131 0.498978
1.50832 -1.17177
-0.479317 -1.50884
-0.697348 -0.284563
-1.13034 -1.85248
0.146353 0.497902
1.33314 -1.54722
-1.18525 -3.00917
1.73922 1.35467
0.670045 -0.747134
0.246897 -0.115561
1.40382 0.469744
1.03018 -0.850742
0.626702 0.27062
1.18626 -1.48671
-1.16133 -2.90009
1.5884 1.51091
0.601522 -1.06994
-1.09325 -2.54224
1.02174 1.48607
0.455937 -2.18242
-1.1109 -0.228692
-0.748944 -1.26491
-0.728091 -0.551732
-1.13965 -1.52713
-0.190858 -0.0145722
0.123328 -0.173638
0.80179 0.565191
0.910627 -1.80307
-1.64856 -2.12755
1.80427 0.856163
0.834065 -0.388652
1.44686 -0.0453814
1.2221 -0.313021
1.34128 -0.228568
1.28974 -0.232559
1.30865 -0.293967
1.30697 -0.169692
1.29094 -0.368332
1.31021 -0.0600721
1.25748 -0.515126
1.27065 0.18242
1.1518 -0.846881
0.714662 0.319176
1.10926 -1.55067
-1.30463 -3.00109
1.87169 1.03468
0.721698 -0.429968
1.40001 0.267566
1.1205 -0.704703
1.08508 0.450993
0.981573 -1.36367
-1.12499 -2.74846
1.34912 1.59412
0.49878 -1.57214
-1.56926 -1.59737
1.09269 1.25429
0.570409 -1.91153
-1.47261 -0.899125
0.20467 0.310517
1.46175 -1.1494
-0.380138 -1.29905
-0.974814 -0.646858
-0.926139 -1.24308
-0.629691 -0.548942
-1.2002 -1.61843
-0.0140354 0.215973
1.57954 0.0546464
1.14765 -0.190672
1.33514 -0.521543
1.2134 0.229633
1.12277 -0.97957
0.220009 -0.22751
0.960534 0.640119
0.858522 -1.69911
-1.61152 -2.31201
1.83768 0.821444
0.816805 -0.336702
1.46129 -0.190221
1.23077 -0.112905
1.28966 -0.553226
1.22021 0.257264
1.10835 -0.995193
0.144471 -0.333403
0.0528069 -0.325338
-0.330689 -0.945369
-1.26414 -1.27306
-0.21729 -0.161009
-0.622881 -1.42542
-0.670573 -0.35469
-1.16567 -1.82344
0.160818 0.496583
1.32054 -1.56625
-1.21575 -3.04271
1.80748 1.23202
0.696502 -0.595483
0.988332 0.561429
0.906876 -1.59236
-1.50417 -2.73083
1.92662 0.690104
0.728693 -0.238042
1.47868 -0.395456
1.16445 0.165433
1.15568 -0.984564
0.225295 -0.226293
0.986378 0.648737
0.855386 -1.67131
-1.59625 -2.38946
1.85686 0.790162
0.805602 -0.305201
1.46489 -0.276537
1.21976 0.00367068
1.24037 -0.72498
1.00931 0.41797
0.995944 -1.43305
-1.22308 -2.88895
1.65682 1.41907
0.649747 -0.9048
-0.536837 -1.43188
-0.726103 -0.372092
-1.1424 -1.74607
0.0399562 0.336078
1.57509 -0.770915
0.485167 -0.00480755
1.49228 -0.744605
0.698841 0.212491
1.20093 -1.39465
-0.9997 -2.58701
0.974981 1.50215
0.442545 -2.28308
-0.989244 -0.060917
-0.799234 -1.43969
-0.545894 -0.303605
-1.17634 -2.00818
0.405021 0.82156
0.86247 -2.32193
-1.47122 -0.585055
0.185004 0.234598
1.53788 -0.840727
0.392559 -0.0970999
1.54113 -0.139301
1.17932 -0.0547123
1.27197 -0.699542
1.03874 0.403109
1.00653 -1.3823
-1.13213 -2.77115
1.38864 1.59066
0.513165 -1.49066
-1.57574 -1.88796
1.38554 1.32134
0.63296 -1.35929
-1.46596 -2.6127
1.77502 1.09033
0.768818 -0.552363
1.22677 0.502212
0.976795 -1.18625
-0.744527 -1.93488
-0.0691577 0.434949
1.59 -0.796773
0.39402 -0.111035
1.53609 -0.0831607
1.18412 -0.123277
1.30171 -0.593848
1.17042 0.315251
1.07064 -1.12196
-0.396396 -1.24177
-1.00868 -0.721591
-0.869642 -1.13929
-0.746739 -0.697504
-1.08627 -1.31694
-0.437137 -0.371341
-1.21881 -2.08681
0.580711 1.0125
0.687033 -2.49048
-1.121 -0.0725752
-0.624133 -1.1263
-0.92171 -0.772182
-0.925628 -1.13649
-0.7096 -0.687769
-1.1154 -1.35273
-0.376236 -0.295255
-1.13032 -2.15038
0.524489 0.994661
0.712376 -2.51281
-1.13352 -0.0718292
-0.600497 -1.08625
-0.96843 -0.837576
-0.856756 -1.03678
-0.826836 -0.83244
-0.968781 -1.10233
-0.700952 -0.717187
-1.1102 -1.31648
-0.411888 -0.350387
-1.19904 -2.12733
0.600226 1.04556
0.665282 -2.50876
-1.07313 -0.0200175
-0.650018 -1.19444
-0.850684 -0.669458
-1.02149 -1.29589
-0.514679 -0.443016
-1.24405 -1.90707
0.394925 0.769659
0.903679 -2.24273
-1.56 -0.823087
0.630498 0.807186
0.789966 -2.21596
-1.476 -0.673056
0.194795 0.26136
1.51127 -0.965364
0.100049 -0.48546
-0.770224 -1.77679
-0.229432 0.189896
1.0173 0.733447
0.81117 -1.69564
-1.62016 -2.18119
1.76966 0.957873
0.820639 -0.486605
1.37261 0.276586
1.1146 -0.760989
0.955097 0.452497
0.97329 -1.53052
-1.38128 -2.9233
1.90114 0.892964
0.729462 -0.339824
1.47079 -0.0541646
1.215 -0.262637
1.33729 -0.328255
1.29191 -0.0791777
1.26717 -0.517046
1.26357 0.19006
1.14749 -0.865321
0.65398 0.270593
1.17321 -1.48785
-1.17092 -2.90839
1.61035 1.49025
0.613966 -1.02082
-0.969553 -2.31654
0.567612 1.13124
0.63134 -2.63032
-0.898553 0.190653
-0.485716 -1.01867
-1.10196 -1.00035
-0.640949 -0.755831
-1.13514 -1.29829
-0.397485 -0.348688
-1.19372 -2.14209
0.611146 1.06076
0.655145 -2.51409
-1.05363 -6.9907e-05
-0.65621 -1.21538
-0.829651 -0.638892
-1.04722 -1.34548
-0.451583 -0.360712
-1.2129 -2.07757
0.557678 0.988929
0.705656 -2.48234
-1.1538 -0.107109
-0.593486 -1.06103
-0.991692 -0.876538
-0.817247 -0.979264
-0.891396 -0.91626
-0.87631 -0.974614
-0.852782 -0.906333
-0.910142 -0.9995
-0.812715 -0.865242
-0.961581 -1.06519
-0.731505 -0.766351
-1.06822 -1.23074
-0.522573 -0.500459
-1.25258 -1.81431
0.298156 0.6352
1.0701 -1.98569
-1.69715 -1.96092
1.82884 0.734944
0.846907 -0.29728
1.45321 -0.338171
1.21314 0.0702471
1.20762 -0.813692
0.811651 0.369814
1.04412 -1.56989
-1.37788 -2.96414
1.92744 0.822788
0.708161 -0.301898
1.48323 -0.149236
1.21785 -0.130556
1.2986 -0.543159
1.2228 0.245379
1.11505 -0.980272
0.210356 -0.239661
0.865778 0.594234
0.885971 -1.77064
-1.63927 -2.16183
1.80343 0.868857
0.830744 -0.396578
1.44402 -0.0161012
1.21646 -0.351176
1.34415 -0.16036
1.27818 -0.328926
1.31973 -0.14344
1.28111 -0.388361
1.31152 -0.0331856
1.24753 -0.547133
1.25214 0.234208
1.12377 -0.924823
0.431942 0.0465382
1.4932 -0.804671
0.561325 0.0972592
1.37093 -1.12698
-0.260124 -1.0518
-1.26137 -1.16726
-0.300106 -0.302322
-1.08304 -2.157
0.471813 0.956924
0.750878 -2.49526
-1.20064 -0.143965
-0.524268 -0.933459
-1.12637 -1.10568
-0.547779 -0.60587
-1.23862 -1.61619
0.0490687 0.284953
1.5937 -0.578779
0.806758 0.231413
1.14788 -1.39403
-1.03338 -2.64017
1.08671 1.55674
0.438896 -2.0911
-1.17712 -0.347314
-0.678321 -1.10656
-0.89861 -0.782349
-0.939407 -1.13536
-0.700327 -0.685233
-1.12259 -1.36228
-0.359969 -0.274462
-1.09376 -2.13539
0.456173 0.931859
0.771169 -2.4685
-1.25062 -0.208689
-0.449529 -0.792666
-1.2484 -1.40703
-0.135683 -0.0116715
0.40334 0.200211
1.39431 -1.19659
-0.478376 -1.47629
-0.729564 -0.332224
-1.13189 -1.78014
0.064596 0.379086
1.52576 -1.02025
-0.0796967 -0.774323
-1.39249 -2.10501
1.01196 1.32124
0.524501 -2.10621
-1.27112 -0.445877
-0.498094 -0.801844
-1.21238 -1.34046
-0.25511 -0.177874
-0.76562 -1.67878
-0.334986 0.0393623
-0.199604 -0.659529
-1.35387 -2.07553
0.866989 1.23114
0.549928 -2.3092
-1.11276 -0.162288
-0.70907 -1.23083
-0.781714 -0.605412
-1.09146 -1.41768
-0.346667 -0.226175
-1.00988 -2.05011
0.255005 0.719734
1.02755 -2.10977
-1.6883 -1.4497
1.52678 1.16072
0.74822 -1.00197
-0.620101 -1.61848
-0.485902 -0.0769315
-0.882512 -1.80748
-0.12789 0.261298
1.51971 0.359555
1.08494 -0.555398
1.31062 0.241343
1.12565 -0.836973
0.739043 0.343339
1.08243 -1.57524
-1.35717 -2.99115
1.92386 0.853841
0.707449 -0.317275
1.47929 -0.0937749
1.21655 -0.202798
1.32281 -0.430163
1.27552 0.0770142
1.20329 -0.730678
1.01404 0.431082
0.987952 -1.43971
-1.24043 -2.90131
1.6939 1.37025
0.670509 -0.820139
-0.105535 -0.653907
-1.32988 -2.26447
1.05886 1.38541
0.505473 -2.05251
-1.29523 -0.508599
-0.445668 -0.705135
-1.27693 -1.56824
0.0743654 0.296213
1.57518 -0.724718
0.585022 0.0923715
1.36023 -1.13526
-0.282919 -1.09102
-1.21874 -1.06837
-0.440727 -0.51185
-1.28068 -1.91068
0.475022 0.850683
0.813197 -2.35187
-1.39809 -0.454163
-0.0965988 -0.1905
-0.335288 -0.92916
-1.26865 -1.29717
-0.189393 -0.117971
-0.371129 -0.976401
-1.21714 -1.1703
-0.377122 -0.393143
-1.22471 -2.14193
0.666082 1.10465
0.622823 -2.49757
-1.02463 0.0167981
-0.674978 -1.25882
-0.781405 -0.574478
-1.09917 -1.45745
-0.30296 -0.161716
-0.817188 -1.7581
-0.221612 0.169143
0.952444 0.706755
0.819554 -1.7681
-1.64177 -1.9695
1.68088 1.07493
0.799678 -0.681878
0.893843 0.506116
0.940583 -1.65137
-1.54131 -2.66714
1.9385 0.605314
0.713551 -0.206307
1.47621 -0.475443
1.11258 0.246221
1.10644 -1.1359
-0.400404 -1.25675
-0.992822 -0.696299
-0.893645 -1.17786
-0.701969 -0.642219
-1.13553 -1.42217
-0.292845 -0.174946
-0.831605 -1.78655
-0.182433 0.216302
1.28513 0.705063
0.887233 -1.22165
-0.964422 -2.39491
0.670478 1.2467
0.556928 -2.61984
-0.795617 0.273183
-0.240868 -0.643983
-1.34786 -2.02372
0.783174 1.1575
0.584555 -2.38679
-1.08302 -0.0931023
-0.705313 -1.25619
-0.763492 -0.571582
-1.11218 -1.47403
-0.273456 -0.124713
-0.650344 -1.46329
-0.617066 -0.294603
-1.16042 -1.93482
0.287816 0.6762
1.04171 -2.05227
-1.69877 -1.66648
1.67936 1.00948
0.826639 -0.649946
1.04313 0.54052
0.924051 -1.49962
-1.382 -2.89549
1.88042 0.945194
0.73994 -0.37559
1.45359 0.0513557
1.19636 -0.407364
1.34627 -0.0618467
1.25183 -0.45763
1.30532 0.0734988
1.2042 -0.68069
1.10874 0.410291
1.00831 -1.29481
-0.967661 -2.44345
0.74097 1.31695
0.517145 -2.57478
-0.783559 0.262542
-0.269281 -0.692753
-1.35413 -1.87441
0.609901 0.969984
0.702279 -2.41814
-1.20989 -0.196942
-0.542014 -0.945607
-1.10601 -1.07486
-0.591222 -0.664237
-1.20053 -1.47826
-0.152077 0.000214429
0.388484 0.183865
1.42006 -1.13235
-0.301295 -1.13908
-1.17067 -0.965606
-0.573091 -0.709397
-1.19812 -1.42282
-0.206516 -0.0856468
-0.29349 -0.838701
-1.33047 -1.53286
0.162016 0.389361
1.42718 -1.2917
-0.730136 -2.03118
0.0346252 0.587846
1.3512 -1.58254
-1.22883 -3.07396
1.85075 1.14253
0.702677 -0.505363
1.25637 0.500303
0.984256 -1.13494
-0.57493 -1.57687
-0.558397 -0.150102
-1.03984 -1.97554
0.19141 0.615753
1.17251 -1.86138
-1.62088 -2.61107
2.00611 0.181371
0.449093 -0.286647
1.37557 0.444132
1.03712 -0.88461
0.506053 0.147281
1.36541 -1.19032
-0.453158 -1.4183
-0.805009 -0.428344
-1.09869 -1.61004
-0.157211 0.0682802
0.731125 0.549849
0.933621 -1.84051
-1.65924 -2.07017
1.79552 0.862297
0.838159 -0.402001
1.44121 -0.00792875
1.21525 -0.365123
1.34396 -0.133921
1.27237 -0.366149
1.3194 -0.0819094
1.26329 -0.47294
1.29208 0.109168
1.18813 -0.739533
0.999896 0.436033
0.984316 -1.46181
-1.2765 -2.92484
1.76666 1.25121
0.706874 -0.652737
0.796211 0.467736
0.97753 -1.69743
-1.5633 -2.63396
1.94949 0.536344
0.69163 -0.188708
1.47886 -0.501338
1.0865 0.268839
1.09166 -1.19182
-0.604008 -1.66157
-0.452632 -0.0170681
-0.701183 -1.5105
-0.540087 -0.217585
-1.10822 -2.02907
0.335542 0.770036
0.935692 -2.23252
-1.5907 -0.909008
0.813141 0.986852
0.665776 -2.20199
-1.35587 -0.495464
-0.262834 -0.432349
-1.21444 -2.24094
0.783616 1.22983
0.551734 -2.44278
-0.978965 0.0290738
-0.711819 -1.33634
-0.691633 -0.46038
-1.16954 -1.6794
0.00425359 0.264817
1.60761 -0.287821
1.06586 0.160339
1.15882 -1.09981
-0.21473 -0.92543
-1.35168 -1.48642
0.172167 0.388746
1.41821 -1.31008
-0.76927 -2.11972
0.165456 0.741302
1.07611 -2.08178
-1.70648 -1.65827
1.70124 0.968493
0.839502 -0.592612
1.20594 0.493415
0.977173 -1.21403
-0.819071 -2.10007
0.172519 0.721194
1.0887 -2.04953
-1.70821 -1.79554
1.77515 0.839618
0.857915 -0.414577
1.43424 0.00859804
1.2127 -0.395394
1.34158 -0.0753695
1.25693 -0.447697
1.30666 0.0580235
1.21094 -0.66161
1.13692 0.392388
1.02221 -1.23882
-0.822586 -2.12082
0.200439 0.756394
1.03579 -2.13882
-1.68575 -1.38169
1.48279 1.18393
0.726184 -1.09827
-0.942452 -2.296
0.51565 1.08582
0.667988 -2.62601
-0.957638 0.138895
-0.558138 -1.11496
-0.978412 -0.815047
-0.858786 -1.05712
-0.811812 -0.805883
-0.992872 -1.14227
-0.653993 -0.657032
-1.16262 -1.4363
-0.245485 -0.120076
-0.560435 -1.30507
-0.822655 -0.543625
-1.07595 -1.46561
-0.319684 -0.169914
-0.865001 -1.83619
-0.107471 0.302453
1.59323 0.0491378
1.13989 -0.162967
1.3263 -0.576244
1.17033 0.298881
1.07996 -1.10725
-0.329879 -1.11849
-1.16047 -0.971108
-0.584425 -0.718545
-1.18759 -1.39836
-0.243931 -0.138116
-0.618248 -1.41108
-0.686899 -0.37614
-1.16323 -1.78346
0.110902 0.426392
1.44004 -1.29189
-0.733716 -2.04367
0.0516465 0.608945
1.3115 -1.66358
-1.34933 -3.11828
2.00166 0.601566
0.58112 -0.276038
1.48814 0.0340352
1.19141 -0.328569
1.35301 -0.225488
1.2848 -0.221142
1.30828 -0.318546
1.30679 -0.128641
1.28021 -0.427837
1.30137 0.0381509
1.21978 -0.647545
1.15384 0.376575
1.03353 -1.20039
-0.70382 -1.86055
-0.177199 0.309024
1.53113 0.348056
1.08826 -0.525414
1.33497 0.173529
1.15925 -0.734026
1.01838 0.445977
0.978944 -1.44824
-1.26134 -2.91296
1.73441 1.30726
0.692164 -0.726598
0.422387 0.108925
1.45594 -0.978902
0.137799 -0.415626
-0.381877 -1.0504
-1.1633 -1.03412
-0.545045 -0.643983
-1.2334 -1.55676
-0.0212947 0.181103
1.53353 0.267518
1.11516 -0.458718
1.36314 0.0183771
1.22212 -0.52634
1.2822 0.189368
1.14904 -0.835322
0.750181 0.345791
1.07721 -1.57372
-1.35886 -2.98799
1.9234 0.853479
0.708183 -0.317063
1.47932 -0.0958753
1.21675 -0.200287
1.32205 -0.434113
1.27441 0.0830255
1.20048 -0.738941
0.997394 0.431784
0.986902 -1.46077
-1.27269 -2.924
1.76077 1.26271
0.70404 -0.66665
0.730709 0.420008
1.02697 -1.67976
-1.51964 -2.78318
1.97667 0.486335
0.627928 -0.207336
1.50299 -0.333678
1.16914 0.117346
1.18277 -0.926253
0.45422 0.0606353
1.4696 -0.891763
0.372969 -0.101807
1.53604 -0.0500702
1.18264 -0.158648
1.31587 -0.539925
1.21304 0.247403
1.11303 -0.996852
0.142512 -0.337142
0.0233355 -0.370484
-0.623048 -1.47651
-0.622782 -0.282062
-1.15247 -1.93639
0.278228 0.667885
1.05569 -2.03163
-1.70143 -1.77004
1.74226 0.910729
0.849333 -0.498793
1.36686 0.272617
1.11592 -0.767769
0.937693 0.447809
0.976582 -1.54517
-1.39766 -2.91582
1.9156 0.837175
0.722657 -0.308609
1.48029 -0.150971
1.21958 -0.132986
1.29919 -0.537381
1.22725 0.236879
1.12005 -0.965617
0.272484 -0.15477
1.36304 0.521437
0.997757 -0.960855
0.134696 -0.32828
0.0317338 -0.356402
-0.542533 -1.32656
-0.817298 -0.519945
-1.08371 -1.49747
-0.282457 -0.116628
-0.646753 -1.45465
-0.627495 -0.307652
-1.16411 -1.9138
0.26724 0.646053
1.08304 -1.98482
-1.69754 -1.9976
1.84792 0.684298
0.838135 -0.254667
1.44732 -0.452964
1.16174 0.207704
1.13147 -1.03182
0.0215621 -0.525033
-1.03776 -2.23741
0.528213 1.04905
0.682744 -2.57416
-1.03203 0.0497112
-0.622284 -1.17973
-0.881744 -0.698248
-0.987334 -1.24433
-0.583166 -0.527374
-1.22668 -1.69983
0.117815 0.395414
1.46312 -1.214
-0.555896 -1.6555
-0.492107 -0.0400051
-0.812399 -1.69113
-0.294633 0.0654858
0.0846473 -0.216539
0.386174 0.14955
1.4504 -1.03308
-0.0216304 -0.660472
-1.28585 -2.38362
1.12224 1.44345
0.495104 -1.95794
-1.36188 -0.662659
-0.255704 -0.384464
-1.15582 -2.23589
0.678768 1.15479
0.597078 -2.52833
-0.955417 0.092275
-0.642469 -1.24685
-0.813388 -0.599095
-1.07047 -1.40484
-0.379171 -0.261617
-1.09045 -2.12207
0.434421 0.906699
0.794828 -2.44084
-1.30361 -0.281375
-0.345046 -0.607644
-1.32322 -1.90094
0.562247 0.932401
0.735285 -2.41265
-1.25643 -0.247698
-0.459515 -0.797908
-1.23983 -1.38675
-0.169107 -0.0590795
-0.0104516 -0.379591
-0.753175 -1.71727
-0.30248 0.0956757
0.209446 -0.0344498
1.49384 0.28002
1.11553 -0.542704
1.31358 0.208767
1.14165 -0.80257
0.846033 0.405251
1.01296 -1.58646
-1.42216 -2.91786
1.94594 0.718612
0.692819 -0.258314
1.4901 -0.274153
1.20025 0.0324327
1.22734 -0.786476
0.877002 0.395646
1.01555 -1.54949
-1.37262 -2.95037
1.91119 0.874168
0.720788 -0.328126
1.47523 -0.0797047
1.21683 -0.225854
1.32885 -0.390906
1.2849 0.0162995
1.23023 -0.647334
1.14867 0.375133
1.03368 -1.20671
-0.721696 -1.89957
-0.122851 0.374154
1.62458 -0.264851
1.05375 0.15343
1.16367 -1.10498
-0.229681 -0.952907
-1.33228 -1.40418
0.0447255 0.208413
1.59743 -0.184086
1.11952 0.063615
1.2145 -0.924571
0.465016 0.0663078
1.45845 -0.927218
0.288148 -0.2065
1.25921 0.613898
0.926114 -1.20931
-0.880359 -2.22216
0.368771 0.941308
0.802247 -2.50208
-1.25884 -0.197073
-0.418971 -0.746566
-1.2822 -1.52748
0.0444799 0.24678
1.60257 -0.376859
1.01571 0.215954
1.12549 -1.21658
-0.641549 -1.74923
-0.336412 0.124006
0.214949 -0.0220497
1.5156 0.201248
1.13918 -0.436855
1.36171 -0.0257112
1.23747 -0.477423
1.30374 0.102979
1.19098 -0.714637
1.05109 0.432376
0.989449 -1.39339
-1.16668 -2.81692
1.49406 1.55237
0.562194 -1.26443
-1.42548 -2.635
1.71916 1.20803
0.738281 -0.693311
0.7102 0.397521
1.05007 -1.65945
-1.48374 -2.86492
1.98194 0.512463
0.618951 -0.221527
1.50524 -0.264117
1.18974 0.0390358
1.22445 -0.808316
0.821675 0.370728
1.04148 -1.56418
-1.37229 -2.96477
1.92152 0.845559
0.712516 -0.312919
1.48025 -0.118309
1.21817 -0.172326
1.31316 -0.477982
1.25882 0.149632
1.16772 -0.832694
0.760402 0.348315
1.07237 -1.57227
-1.36038 -2.98504
1.92293 0.85331
0.708897 -0.31695
1.47932 -0.097577
1.21692 -0.198294
1.32143 -0.437226
1.27351 0.0877567
1.19826 -0.745456
0.983811 0.431566
0.986739 -1.47676
-1.29601 -2.93489
1.80201 1.17959
0.720598 -0.571
1.11298 0.563336
0.920817 -1.41546
-1.26736 -2.88817
1.71691 1.32513
0.687752 -0.761151
0.240309 -0.127331
1.36456 0.529257
0.99434 -0.963299
0.118294 -0.352093
-0.168942 -0.677365
-1.35949 -2.10399
0.919434 1.27175
0.534738 -2.24603
-1.15419 -0.237258
-0.679427 -1.15168
-0.863909 -0.720243
-0.992587 -1.22696
-0.592261 -0.548013
-1.22095 -1.65851
0.0626854 0.317563
1.57079 -0.773533
0.488184 -0.000254443
1.48792 -0.765053
0.661756 0.186332
1.23952 -1.35023
-0.891245 -2.34837
0.544265 1.14676
0.630242 -2.66883
-0.855689 0.245211
-0.349798 -0.807826
-1.30603 -1.50756
0.0777676 0.28014
1.58112 -0.667593
0.684549 0.16963
1.24234 -1.32419
-0.833325 -2.21273
0.323556 0.91065
0.843407 -2.45528
-1.34757 -0.322069
-0.223751 -0.409229
-1.16093 -2.25698
0.715946 1.19083
0.575322 -2.51052
-0.94212 0.0949202
-0.649287 -1.26315
-0.795177 -0.57475
-1.08942 -1.44742
-0.322369 -0.185111
-0.902431 -1.89815
-0.0130423 0.413511
1.56314 -0.907165
0.171398 -0.394389
-0.133364 -0.625913
-1.32052 -2.25403
1.02256 1.36788
0.506125 -2.11331
-1.24204 -0.407119
-0.559257 -0.906163
-1.11674 -1.124
-0.546969 -0.593742
-1.24064 -1.63682
0.0745936 0.321944
1.55989 -0.832454
0.370574 -0.129836
1.51659 0.0831249
1.17092 -0.327233
1.3599 -0.244106
1.28318 -0.183623
1.30071 -0.379459
1.30327 -0.0308034
1.24767 -0.562586
1.23845 0.25982
1.10887 -0.969576
0.246984 -0.187469
1.20803 0.648527
0.895055 -1.32218
-1.14666 -2.74593
1.37515 1.58287
0.512294 -1.51363
-1.57726 -1.81462
1.32329 1.32178
0.611123 -1.48526
-1.5686 -2.21812
1.66288 1.16535
0.762641 -0.75899
0.487848 0.174492
1.35447 -1.23446
-0.577411 -1.67119
-0.460767 -0.0100169
-0.695298 -1.49792
-0.555697 -0.236594
-1.12712 -2.0192
0.347555 0.775009
0.925142 -2.2437
-1.57654 -0.861954
0.726699 0.90579
0.715363 -2.23472
-1.38473 -0.514151
-0.165552 -0.282068
-0.852074 -1.86063
-0.0883963 0.338342
1.61882 -0.238178
1.07442 0.129801
1.17738 -1.05494
-0.0311158 -0.617904
-1.24642 -2.39067
1.05272 1.42615
0.486817 -2.08757
-1.24136 -0.421394
-0.56383 -0.90845
-1.11212 -1.11753
-0.556585 -0.606401
-1.23368 -1.60558
0.0290579 0.258088
1.60489 -0.36537
1.02074 0.210141
1.12902 -1.2048
-0.602633 -1.66757
-0.447368 -0.0084842
-0.668348 -1.45369
-0.614298 -0.304495
-1.16606 -1.93104
0.291477 0.677838
1.03775 -2.05728
-1.69759 -1.64016
1.66141 1.03354
0.818296 -0.692685
0.89003 0.500524
0.944415 -1.64959
-1.53748 -2.6803
1.94099 0.601182
0.708992 -0.206149
1.47777 -0.470023
1.11516 0.241971
1.1091 -1.1283
-0.370163 -1.19975
-1.06522 -0.805348
-0.779219 -1.00436
-0.901321 -0.893248
-0.881713 -0.999548
-0.833357 -0.873393
-0.94244 -1.04768
-0.757748 -0.794913
-1.03651 -1.17939
-0.590163 -0.587657
-1.21766 -1.59965
-0.00493988 0.217562
1.58606 0.00258806
1.1478 -0.130932
1.31139 -0.620939
1.13012 0.345475
1.04878 -1.20696
-0.702628 -1.86182
-0.176495 0.310804
1.53508 0.336054
1.09207 -0.509033
1.34525 0.135152
1.17652 -0.679625
1.12107 0.416337
1.00627 -1.28246
-0.943773 -2.38958
0.644277 1.22978
0.569058 -2.63922
-0.793141 0.284358
-0.200071 -0.57869
-1.31038 -2.20424
0.931176 1.30779
0.519973 -2.24826
-1.13228 -0.214179
-0.706552 -1.20424
-0.804671 -0.64211
-1.06448 -1.3563
-0.426392 -0.334086
-1.189 -2.11916
0.572154 1.01881
0.685983 -2.50475
-1.10563 -0.051048
-0.630047 -1.14546
-0.902922 -0.743428
-0.952903 -1.17973
-0.658231 -0.624023
-1.16907 -1.48176
-0.19505 -0.0439206
-0.0478272 -0.434623
-0.976209 -2.11458
0.306309 0.806982
0.92504 -2.28448
-1.55261 -0.769367
0.587748 0.755462
0.834176 -2.17934
-1.54012 -0.832808
0.522655 0.692678
0.899783 -2.12005
-1.6199 -1.11651
1.03328 1.15832
0.60113 -1.96671
-1.46528 -0.840801
0.158029 0.238499
1.55397 -0.772132
0.525485 0.0432817
1.43599 -0.953307
0.239785 -0.265936
0.866703 0.590188
0.888458 -1.76557
-1.63691 -2.18584
1.81305 0.850287
0.829376 -0.37594
1.45154 -0.0802436
1.22683 -0.264359
1.33395 -0.312944
1.2949 -0.108213
1.27647 -0.4733
1.28435 0.117922
1.18394 -0.760752
0.95245 0.431431
0.986845 -1.51244
-1.34588 -2.94124
1.87145 0.999134
0.733204 -0.410156
1.42567 0.181216
1.15609 -0.583415
1.26174 0.287027
1.09719 -0.957012
0.285591 -0.132908
1.43164 0.403939
1.06376 -0.752826
0.963584 0.468531
0.963117 -1.53648
-1.39727 -2.90843
1.90968 0.85421
0.72725 -0.317863
1.47777 -0.126696
1.22001 -0.166244
1.31077 -0.485482
1.25605 0.160427
1.16214 -0.847804
0.713537 0.315913
1.11223 -1.5464
-1.2966 -2.99963
1.86106 1.06499
0.72153 -0.453667
1.36845 0.340705
1.08463 -0.820221
0.774705 0.377469
1.04686 -1.6022
-1.41747 -2.94166
1.95633 0.688898
0.676381 -0.251936
1.49355 -0.267544
1.19891 0.028654
1.22932 -0.783643
0.883269 0.397493
1.01359 -1.54598
-1.36949 -2.95039
1.9075 0.887248
0.722666 -0.33552
1.47254 -0.0571499
1.21477 -0.2563
1.33616 -0.33983
1.2911 -0.0613844
1.26084 -0.54169
1.24875 0.229332
1.12602 -0.925579
0.430603 0.0445239
1.49528 -0.795301
0.580137 0.114279
1.34518 -1.17948
-0.417866 -1.34358
-0.902931 -0.556608
-1.01123 -1.39191
-0.443552 -0.316445
-1.1781 -2.10814
0.539453 0.986456
0.712251 -2.49276
-1.15259 -0.100252
-0.589899 -1.05754
-0.996784 -0.883141
-0.809367 -0.968789
-0.903417 -0.93194
-0.858365 -0.951198
-0.879874 -0.941026
-0.870442 -0.947458
-0.87346 -0.942229
-0.874388 -0.947902
-0.870347 -0.940498
-0.877663 -0.951015
-0.866118 -0.935611
-0.883597 -0.958439
-0.85736 -0.924528
-0.896383 -0.975074
-0.837939 -0.899887
-0.924429 -1.01237
-0.793994 -0.844752
-0.985786 -1.09854
-0.689944 -0.71515
-1.1185 -1.32619
-0.394616 -0.328758
-1.17453 -2.14825
0.587845 1.04466
0.668723 -2.51936
-1.06735 -0.00936742
-0.64686 -1.19395
-0.853258 -0.671027
-1.019 -1.29255
-0.51946 -0.448789
-1.24422 -1.89296
0.377661 0.746964
0.929401 -2.205
-1.60038 -0.963204
0.878249 1.04399
0.637462 -2.15278
-1.36418 -0.538808
-0.242838 -0.392817
-1.15598 -2.24347
0.689534 1.16605
0.590223 -2.52456
-0.949291 0.0956785
-0.642143 -1.24908
-0.811768 -0.596095
-1.07242 -1.40961
-0.373099 -0.253348
-1.07488 -2.11161
0.402036 0.874619
0.828854 -2.40077
-1.37602 -0.392353
-0.156339 -0.291974
-0.857962 -1.87394
-0.0697473 0.361197
1.61816 -0.444035
0.928457 0.236094
1.11975 -1.32132
-0.912683 -2.35728
0.573537 1.16849
0.612383 -2.6626
-0.834928 0.259761
-0.302489 -0.735475
-1.34375 -1.72732
0.405999 0.723826
0.931534 -2.17276
-1.61737 -1.04901
0.996178 1.13033
0.607714 -2.01622
-1.43731 -0.749574
0.0253025 0.0394468
1.30783 0.643252
0.924323 -1.14117
-0.69807 -1.82119
-0.224027 0.246305
1.26468 0.724365
0.871702 -1.27111
-1.08397 -2.63103
1.13473 1.55549
0.450644 -1.99248
-1.28176 -0.527834
-0.48182 -0.753464
-1.24157 -1.43971
-0.11878 0.0211851
0.663942 0.484358
0.999485 -1.79313
-1.62626 -2.40892
1.9215 0.554358
0.745644 -0.17741
1.45369 -0.595928
1.01308 0.322786
1.0564 -1.33425
-0.997548 -2.52665
0.887612 1.43523
0.46309 -2.40788
-0.88541 0.0940604
-0.687766 -1.34663
-0.698216 -0.450639
-1.16562 -1.68514
0.00486038 0.268385
1.60796 -0.308855
1.05359 0.175694
1.14964 -1.13079
-0.336012 -1.14388
-1.13713 -0.923472
-0.640215 -0.801743
-1.11478 -1.23047
-0.473714 -0.460691
-1.25926 -1.93869
0.465159 0.850681
0.817113 -2.35473
-1.40004 -0.454894
-0.0890765 -0.179162
-0.253024 -0.788185
-1.36048 -1.70764
0.429266 0.743721
0.905197 -2.20465
-1.58269 -0.914784
0.768845 0.950323
0.68715 -2.22782
-1.35885 -0.482856
-0.249879 -0.415471
-1.18832 -2.25017
0.750848 1.21162
0.562252 -2.47788
-0.957393 0.0654959
-0.682318 -1.30552
-0.737261 -0.508573
-1.13966 -1.57592
-0.143126 0.0602913
0.754692 0.567426
0.916765 -1.84433
-1.66057 -2.00829
1.76108 0.929054
0.834904 -0.482324
1.38154 0.244463
1.12958 -0.71799
1.05665 0.453288
0.977285 -1.40483
-1.19655 -2.85077
1.57642 1.49661
0.606286 -1.08315
-1.11057 -2.57176
1.08652 1.51652
0.455684 -2.06973
-1.21863 -0.40551
-0.610011 -0.982937
-1.03293 -0.981345
-0.722678 -0.832961
-1.04188 -1.14298
-0.611064 -0.630652
-1.19693 -1.51257
-0.125116 0.045837
0.763202 0.571724
0.912319 -1.84268
-1.66014 -2.00075
1.75519 0.940299
0.833472 -0.496539
1.36486 0.287121
1.10909 -0.783388
0.89418 0.435164
0.987158 -1.5768
-1.4293 -2.8959
1.93956 0.731601
0.702455 -0.261271
1.48803 -0.280102
1.20055 0.0371867
1.22491 -0.791848
0.864371 0.391137
1.02021 -1.55525
-1.37665 -2.95139
1.91669 0.854949
0.717444 -0.317729
1.47859 -0.110192
1.21842 -0.18461
1.31699 -0.457937
1.26693 0.119032
1.18315 -0.788805
0.882696 0.410563
1.00475 -1.56092
-1.39594 -2.9329
1.92588 0.809043
0.712994 -0.294836
1.4839 -0.182281
1.21708 -0.0892881
1.28241 -0.604541
1.17211 0.3257
1.06489 -1.12885
-0.42903 -1.3033
-0.928724 -0.609027
-0.977479 -1.31681
-0.533296 -0.434348
-1.23641 -1.89421
0.36428 0.73391
0.946673 -2.18136
-1.62347 -1.05947
1.03324 1.15072
0.604617 -1.96201
-1.47173 -0.857953
0.190246 0.284577
1.4965 -1.03275
-0.0755005 -0.759971
-1.3856 -2.14361
1.04251 1.34478
0.519764 -2.06125
-1.30469 -0.515558
-0.42103 -0.666325
-1.29631 -1.67248
0.227389 0.508412
1.24689 -1.68032
-1.39788 -3.06961
2.01431 0.487687
0.53546 -0.279287
1.46822 0.171703
1.15608 -0.497741
1.33011 0.113855
1.18591 -0.683307
1.11142 0.416832
1.00479 -1.29672
-0.975553 -2.45962
0.771188 1.34223
0.503806 -2.546
-0.794909 0.239207
-0.352038 -0.826154
-1.29897 -1.46906
0.0246503 0.20342
1.59016 -0.0643873
1.14478 -0.0602425
1.27894 -0.731231
0.973543 0.402862
1.00501 -1.46017
-1.25589 -2.92196
1.73639 1.30854
0.691141 -0.724619
0.428452 0.116389
1.44584 -1.01063
0.052658 -0.541801
-1.0168 -2.21623
0.477715 1.00025
0.724725 -2.54792
-1.11621 -0.0372835
-0.597278 -1.09447
-0.964747 -0.827217
-0.864863 -1.05068
-0.811942 -0.812721
-0.98941 -1.13338
-0.663046 -0.669779
-1.15273 -1.41057
-0.281436 -0.170549
-0.79941 -1.73264
-0.259119 0.126699
0.571245 0.410493
1.09636 -1.70347
-1.50531 -2.85889
2.00085 0.399823
0.550852 -0.24131
1.50188 -0.0221114
1.19695 -0.245519
1.33901 -0.377133
1.28245 0.00345324
1.23592 -0.635688
1.16196 0.3618
1.04305 -1.17559
-0.616107 -1.67554
-0.430186 0.00682266
-0.589423 -1.31727
-0.790908 -0.516484
-1.10289 -1.52219
-0.238771 -0.0622284
-0.309198 -0.860376
-1.31439 -1.46508
0.0566045 0.24119
1.60048 -0.401819
0.998879 0.227945
1.11857 -1.24729
-0.735159 -1.95171
-0.0553781 0.460176
1.56259 -0.952345
0.0502709 -0.574814
-1.08382 -2.31411
0.687533 1.20184
0.574209 -2.55848
-0.889217 0.163822
-0.550523 -1.12718
-0.974925 -0.800989
-0.86824 -1.07507
-0.793055 -0.780675
-1.01834 -1.18287
-0.603638 -0.593194
-1.20903 -1.57746
-0.0419119 0.166906
1.48008 0.424657
1.05929 -0.676924
1.139 0.454045
0.987043 -1.2879
-0.977446 -2.45751
0.770085 1.34018
0.50475 -2.54629
-0.796056 0.238345
-0.355274 -0.831233
-1.29525 -1.45482
0.00294216 0.172331
1.54818 0.199079
1.13218 -0.375178
1.37387 -0.166588
1.2695 -0.276204
1.32128 -0.245468
1.29912 -0.232929
1.30557 -0.281468
1.30789 -0.194221
1.29602 -0.330289
1.31179 -0.121998
1.27716 -0.429937
1.30232 0.0396171
1.2191 -0.647748
1.15389 0.37688
1.03336 -1.20058
-0.704599 -1.8622
-0.174898 0.311771
1.53881 0.32394
1.09578 -0.492896
1.35376 0.0971204
1.19244 -0.626966
1.19534 0.354164
1.0519 -1.11884
-0.411756 -1.26737
-0.974156 -0.672892
-0.918698 -1.21627
-0.655603 -0.586138
-1.17918 -1.53961
-0.125456 0.0586812
0.826999 0.619386
0.872939 -1.83694
-1.65709 -1.9034
1.68338 1.05525
0.807525 -0.667431
0.95811 0.5293
0.925075 -1.60117
-1.50127 -2.74966
1.93462 0.666974
0.717224 -0.230349
1.48077 -0.404536
1.15713 0.177224
1.14874 -1.00675
0.134469 -0.355633
-0.111228 -0.584103
-1.27258 -2.32761
1.01746 1.39009
0.495733 -2.13607
-1.20794 -0.355399
-0.620081 -1.01569
-1.00396 -0.929786
-0.778193 -0.910629
-0.96021 -1.01727
-0.763366 -0.82612
-1.01702 -1.13507
-0.638734 -0.654665
-1.17318 -1.452
-0.21677 -0.0820942
-0.315961 -0.875699
-1.30466 -1.42506
-0.0032198 0.155147
1.51716 0.311774
1.10233 -0.524108
1.33195 0.168872
1.16128 -0.734623
1.01673 0.445313
0.979266 -1.44971
-1.26323 -2.91437
1.7384 1.30068
0.694104 -0.717458
0.472087 0.167294
1.37194 -1.20147
-0.486775 -1.4876
-0.711968 -0.312086
-1.13444 -1.81615
0.109193 0.442161
1.42619 -1.33397
-0.82083 -2.24554
0.357379 0.960539
0.795825 -2.53147
-1.22444 -0.145931
-0.46879 -0.841734
-1.21491 -1.30163
-0.282673 -0.226561
-0.930835 -1.95836
0.0773237 0.523309
1.37533 -1.49343
-1.09778 -2.87751
1.48245 1.59588
0.539024 -1.30987
-1.48622 -2.48837
1.70374 1.18184
0.752047 -0.702311
0.70802 0.393333
1.05397 -1.6547
-1.47589 -2.87944
1.98172 0.523591
0.620682 -0.223887
1.50484 -0.259125
1.19127 0.03264
1.22768 -0.79853
0.846274 0.382184
1.02906 -1.5596
-1.37562 -2.95669
1.91941 0.848275
0.71499 -0.314261
1.47971 -0.117999
1.21843 -0.173554
1.3135 -0.475718
1.25987 0.146123
1.16953 -0.827526
0.775863 0.35806
1.06095 -1.57691
-1.3748 -2.97463
1.93152 0.813825
0.703531 -0.29811
1.48449 -0.154281
1.21717 -0.122526
1.29568 -0.556025
1.21347 0.263348
1.10435 -1.01097
0.0770736 -0.433824
-0.672344 -1.58202
-0.488723 -0.119271
-0.960711 -1.92167
0.0568159 0.475942
1.44426 -1.31934
-0.793936 -2.18727
0.265227 0.85821
0.911715 -2.35565
-1.49446 -0.59838
0.297055 0.385984
1.30712 -1.4977
-1.12171 -2.89057
1.52755 1.56642
0.564023 -1.20941
-1.35929 -2.7051
1.66853 1.3163
0.69628 -0.829854
-0.0621658 -0.586514
-1.23723 -2.37201
1.00916 1.40314
0.488811 -2.1597
-1.17669 -0.308333
-0.66713 -1.10475
-0.907664 -0.788134
-0.929687 -1.1243
-0.715295 -0.702226
-1.10617 -1.32888
-0.406243 -0.337277
-1.18632 -2.13714
0.592007 1.04306
0.668513 -2.51381
-1.0726 -0.0168986
-0.647386 -1.19126
-0.855035 -0.6746
-1.01641 -1.28723
-0.52589 -0.45725
-1.24423 -1.87287
0.352856 0.714129
0.96861 -2.14603
-1.65087 -1.20342
1.23348 1.2275
0.622813 -1.61801
-1.60281 -1.83882
1.44402 1.2876
0.667652 -1.22591
-1.26383 -2.76289
1.57203 1.4578
0.623486 -1.07005
-1.05791 -2.48966
0.902875 1.4166
0.471569 -2.36838
-0.940709 0.0257213
-0.751833 -1.41315
-0.598834 -0.347454
-1.18909 -1.91261
0.304411 0.681761
1.02559 -2.07122
-1.69307 -1.56469
1.60501 1.09853
0.789254 -0.825166
0.257678 -0.118853
1.41534 0.445984
1.04289 -0.812934
0.771101 0.384404
1.04264 -1.61299
-1.43383 -2.92437
1.96318 0.646174
0.665115 -0.240513
1.4959 -0.287092
1.19193 0.0551409
1.216 -0.824755
0.779052 0.348297
1.0674 -1.56268
-1.35109 -2.98391
1.91155 0.893952
0.715742 -0.338511
1.47132 -0.0340259
1.21129 -0.284493
1.34198 -0.292101
1.29195 -0.132223
1.28456 -0.443705
1.29311 0.0702505
1.20601 -0.69624
1.0805 0.419992
0.999522 -1.34269
-1.07 -2.65556
1.15153 1.57068
0.44854 -1.96606
-1.302 -0.570881
-0.431625 -0.667021
-1.29103 -1.65623
0.197702 0.469221
1.31348 -1.556
-1.20383 -3.02425
1.77597 1.29075
0.686526 -0.664158
0.691574 0.390668
1.06154 -1.65698
-1.47374 -2.88738
1.98393 0.517356
0.614891 -0.225809
1.50568 -0.239646
1.19468 0.0106092
1.23866 -0.766799
0.919631 0.406583
1.00441 -1.52133
-1.34357 -2.95085
1.87649 0.989429
0.731094 -0.401998
1.43247 0.15777
1.1645 -0.549646
1.29054 0.222815
1.13302 -0.85322
0.68917 0.303364
1.13138 -1.53414
-1.26614 -2.99261
1.81857 1.17369
0.713422 -0.550776
1.15859 0.55403
0.934486 -1.33655
-1.12765 -2.73279
1.33175 1.5913
0.494346 -1.60598
-1.56009 -1.48672
0.956878 1.17012
0.584035 -2.1124
-1.33657 -0.526287
-0.330049 -0.526811
-1.30016 -2.06141
0.714691 1.11521
0.610574 -2.44671
-1.05899 -0.0398778
-0.691925 -1.25899
-0.769998 -0.570518
-1.10794 -1.47067
-0.281291 -0.133909
-0.697262 -1.54729
-0.507185 -0.165281
-1.03921 -2.00486
0.226957 0.664757
1.09693 -1.98889
-1.69893 -2.01967
1.86168 0.643309
0.828948 -0.224707
1.44101 -0.528878
1.10574 0.281344
1.08496 -1.17962
-0.573811 -1.59717
-0.538866 -0.120699
-0.993746 -1.93946
0.104997 0.523424
1.34744 -1.54251
-1.17462 -3.00085
1.71814 1.38772
0.659456 -0.794867
-0.0244346 -0.519889
-1.09969 -2.30263
0.691932 1.19811
0.575242 -2.54939
-0.900552 0.149707
-0.57532 -1.16333
-0.928586 -0.738402
-0.934242 -1.17225
-0.677479 -0.639333
-1.15252 -1.44424
-0.251703 -0.121965
-0.584489 -1.34763
-0.767775 -0.475333
-1.12255 -1.59066
-0.149385 0.063071
0.740208 0.556389
0.927153 -1.84204
-1.65989 -2.04626
1.78266 0.888176
0.837778 -0.431769
1.42514 0.0865474
1.19047 -0.493529
1.31803 0.114453
1.18573 -0.703618
1.07432 0.429629
0.99315 -1.35973
-1.10665 -2.72156
1.28883 1.59641
0.478161 -1.69648
-1.51622 -1.20052
0.541291 0.766548
0.84244 -2.21506
-1.52507 -0.769485
0.438451 0.586483
1.02147 -1.9618
-1.68931 -1.91138
1.7828 0.850679
0.849876 -0.410969
1.43644 0.00647519
1.21275 -0.389276
1.34248 -0.0876537
1.26042 -0.430403
1.31101 0.027836
1.22349 -0.620778
1.18844 0.343886
1.05668 -1.12049
-0.410715 -1.26634
-0.975913 -0.675099
-0.91638 -1.21266
-0.659982 -0.591447
-1.17542 -1.52805
-0.14211 0.035293
0.627782 0.452626
1.03706 -1.76041
-1.58933 -2.6007
1.96614 0.432086
0.644217 -0.179742
1.49339 -0.45842
1.10553 0.238469
1.11083 -1.13707
-0.39936 -1.25566
-0.994636 -0.698652
-0.891131 -1.17403
-0.706547 -0.647764
-1.13079 -1.41113
-0.308295 -0.196259
-0.905373 -1.90784
0.000119637 0.430355
1.53945 -1.01579
-0.087549 -0.790966
-1.39907 -2.05183
0.962818 1.28289
0.53419 -2.17474
-1.22102 -0.347689
-0.589983 -0.972402
-1.0542 -1.00666
-0.687441 -0.788781
-1.08834 -1.22222
-0.508621 -0.49578
-1.2571 -1.83977
0.337804 0.686286
1.0001 -2.09439
-1.68043 -1.42898
1.4823 1.19206
0.722386 -1.10328
-0.960712 -2.33308
0.582062 1.15233
0.617776 -2.63747
-0.870343 0.217885
-0.425371 -0.92802
-1.20293 -1.19768
-0.380527 -0.384487
-1.21879 -2.14343
0.657193 1.09821
0.627483 -2.50184
-1.02691 0.0169862
-0.671837 -1.25312
-0.788231 -0.583048
-1.09244 -1.44181
-0.324233 -0.190578
-0.916527 -1.92051
0.0225621 0.455132
1.49757 -1.16906
-0.462957 -1.47256
-0.745667 -0.344835
-1.12638 -1.75172
0.0256859 0.325512
1.58927 -0.671775
0.659803 0.148539
1.2718 -1.2834
-0.722517 -1.96628
-0.0460649 0.481143
1.53779 -1.06398
-0.220357 -1.02082
-1.30887 -1.28256
-0.114255 -0.0289673
0.413798 0.210278
1.37728 -1.23525
-0.581472 -1.68599
-0.44259 0.0132947
-0.594212 -1.32293
-0.782548 -0.507022
-1.10984 -1.54028
-0.213675 -0.0279437
-0.0477122 -0.431743
-0.969874 -2.10407
0.287415 0.785844
0.952449 -2.24199
-1.59808 -0.919475
0.856782 1.02246
0.647502 -2.16861
-1.36258 -0.526267
-0.246263 -0.400669
-1.16838 -2.24697
0.713764 1.18468
0.57839 -2.50832
-0.948987 0.087896
-0.655092 -1.26889
-0.786423 -0.565343
-1.09762 -1.4654
-0.297402 -0.15153
-0.780718 -1.69463
-0.309779 0.0656422
0.0228151 -0.307985
-0.376617 -1.02191
-1.18575 -1.08671
-0.481135 -0.548962
-1.27295 -1.79313
0.314556 0.645128
1.04994 -2.01277
-1.69912 -1.81747
1.76016 0.881701
0.851829 -0.457677
1.40729 0.148785
1.16946 -0.586004
1.2539 0.291048
1.09411 -0.973053
0.218446 -0.224435
0.96788 0.643243
0.857157 -1.69197
-1.60797 -2.33049
1.84223 0.814228
0.814424 -0.328998
1.46244 -0.211819
1.22934 -0.0835348
1.27827 -0.596994
1.1837 0.315771
1.07188 -1.10288
-0.324597 -1.10713
-1.17283 -0.995361
-0.553885 -0.673544
-1.22105 -1.49907
-0.0991604 0.0685125
0.987925 0.702411
0.824963 -1.71422
-1.62551 -2.16298
1.7705 0.950647
0.822811 -0.481563
1.37911 0.258917
1.12303 -0.734637
1.01983 0.457703
0.971813 -1.45727
-1.28105 -2.92093
1.76885 1.24456
0.708882 -0.646252
0.827498 0.487641
0.958956 -1.69497
-1.57024 -2.5961
1.93813 0.569715
0.714749 -0.192082
1.47133 -0.520514
1.07742 0.281504
1.08355 -1.21586
-0.685479 -1.83338
-0.21825 0.26291
1.33666 0.677477
0.915539 -1.10945
-0.613883 -1.64193
-0.466198 -0.0437662
-0.78879 -1.65941
-0.341082 0.0138056
-0.331779 -0.881785
-1.29184 -1.39092
-0.062413 0.0710345
1.14088 0.72318
0.839557 -1.48864
-1.43994 -2.79422
1.88075 0.889815
0.754624 -0.345282
1.46787 -0.0775386
1.21976 -0.240546
1.33146 -0.362358
1.29001 -0.0290327
1.24855 -0.584616
1.21621 0.294276
1.08772 -1.03476
-0.0378713 -0.612124
-1.24571 -2.38654
1.04561 1.42218
0.487124 -2.09937
-1.23097 -0.402452
-0.582953 -0.943428
-1.07746 -1.05329
-0.635595 -0.71561
-1.1549 -1.36243
-0.320066 -0.236127
-0.997832 -2.04518
0.237721 0.703552
1.05401 -2.06894
-1.70133 -1.6441
1.67655 1.00952
0.826931 -0.654634
1.02944 0.539426
0.923293 -1.51767
-1.40588 -2.87939
1.89886 0.875322
0.736581 -0.330997
1.47348 -0.0970012
1.21966 -0.208478
1.32361 -0.417207
1.27987 0.0558363
1.21296 -0.700526
1.06964 0.420236
0.998353 -1.35765
-1.09785 -2.70782
1.25874 1.59436
0.469503 -1.75735
-1.47662 -1.03279
0.271885 0.420086
1.29543 -1.54261
-1.19138 -2.99832
1.73504 1.35568
0.670571 -0.753298
0.2185 -0.155261
1.2326 0.644623
0.903379 -1.27675
-1.05537 -2.58922
1.04068 1.51785
0.445975 -2.16255
-1.11715 -0.245674
-0.746655 -1.25352
-0.73887 -0.567555
-1.12962 -1.49766
-0.231166 -0.0708172
-0.31919 -0.87887
-1.30135 -1.41425
-0.0205269 0.130341
1.44202 0.493261
1.0258 -0.795471
0.814842 0.416007
1.0105 -1.62302
-1.46781 -2.8636
1.96365 0.604054
0.664506 -0.225532
1.49525 -0.338082
1.17504 0.114687
1.18425 -0.915502
0.492477 0.103272
1.41143 -1.06834
-0.0961461 -0.7742
-1.39352 -2.06802
0.967347 1.28939
0.531895 -2.17048
-1.22205 -0.35128
-0.588866 -0.969489
-1.05687 -1.01153
-0.681913 -0.781109
-1.09576 -1.23624
-0.490302 -0.471083
-1.25802 -1.90102
0.415106 0.787678
0.880929 -2.27088
-1.52325 -0.719601
0.429561 0.568946
1.04113 -1.9314
-1.68298 -2.0667
1.84986 0.700146
0.832868 -0.261786
1.45086 -0.429489
1.17328 0.182996
1.14607 -0.990874
0.194314 -0.268184
0.652317 0.429948
1.04525 -1.72279
-1.55237 -2.71919
1.98061 0.423284
0.607916 -0.202048
1.5074 -0.311996
1.1732 0.0972233
1.19386 -0.898276
0.553134 0.165345
1.31873 -1.26836
-0.670421 -1.86314
-0.194493 0.306506
1.5 0.435611
1.05586 -0.646932
1.19408 0.421062
1.01457 -1.17637
-0.659234 -1.75995
-0.313884 0.144164
0.419818 0.244385
1.34171 -1.32201
-0.795462 -2.15611
0.227017 0.807428
0.97463 -2.24909
-1.61035 -0.946318
0.931353 1.07831
0.624267 -2.09269
-1.39741 -0.628317
-0.133799 -0.212458
-0.557053 -1.32143
-0.810919 -0.521726
-1.08804 -1.50032
-0.27532 -0.108666
-0.60266 -1.37572
-0.729783 -0.430262
-1.14664 -1.67874
-0.0279538 0.231903
1.58411 0.0378753
1.14663 -0.167417
1.32665 -0.562316
1.18418 0.28169
1.09114 -1.07131
-0.17837 -0.848761
-1.38627 -1.7222
0.521165 0.844303
0.800072 -2.32601
-1.40435 -0.480432
-0.0806906 -0.162052
-0.134275 -0.590633
-1.29241 -2.2926
1.01145 1.3756
0.500937 -2.13925
-1.21162 -0.357634
-0.613071 -1.00425
-1.01668 -0.949229
-0.755984 -0.880592
-0.992882 -1.06485
-0.706472 -0.753885
-1.09112 -1.26133
-0.476072 -0.442033
-1.25263 -1.96056
0.479679 0.872595
0.797779 -2.38016
-1.35826 -0.383585
-0.217479 -0.38692
-1.12547 -2.23727
0.636221 1.12497
0.618648 -2.55165
-0.962657 0.0976549
-0.627156 -1.2203
-0.845799 -0.640281
-1.03473 -1.3342
-0.472116 -0.383767
-1.22712 -2.03276
0.524233 0.941375
0.741777 -2.44803
-1.23251 -0.202377
-0.49164 -0.862417
-1.18891 -1.24554
-0.366496 -0.345976
-1.17994 -2.16913
0.625033 1.08367
0.640818 -2.52322
-1.0241 0.030392
-0.658459 -1.236
-0.811354 -0.60988
-1.06909 -1.39275
-0.39098 -0.279747
-1.12049 -2.13604
0.491711 0.960668
0.741731 -2.49037
-1.19342 -0.139856
-0.537321 -0.956294
-1.10293 -1.06156
-0.60305 -0.683138
-1.18743 -1.43812
-0.208855 -0.080757
-0.280438 -0.815957
-1.34314 -1.60089
0.264858 0.530301
1.19313 -1.76394
-1.5219 -2.89358
2.03163 0.214533
0.388294 -0.364603
0.998591 0.623962
0.870805 -1.63313
-1.56249 -2.5436
1.89503 0.721798
0.772494 -0.252593
1.46794 -0.402705
1.1715 0.164979
1.15615 -0.974574
0.263908 -0.173203
1.29648 0.593222
0.94628 -1.12919
-0.621721 -1.66508
-0.437303 -0.00744187
-0.647076 -1.41837
-0.660783 -0.358884
-1.17097 -1.83013
0.176517 0.515599
1.28617 -1.6324
-1.31826 -3.10002
1.96208 0.777443
0.657628 -0.294224
1.48793 -0.0783243
1.21076 -0.206506
1.3253 -0.430388
1.27384 0.0794903
1.20216 -0.735934
1.0033 0.431426
0.987313 -1.45326
-1.26125 -2.91702
1.73847 1.30198
0.693514 -0.718092
0.467187 0.161725
1.38028 -1.18271
-0.43414 -1.38419
-0.852426 -0.487953
-1.06165 -1.50525
-0.297119 -0.122639
-0.699413 -1.54732
-0.50582 -0.164865
-1.03802 -2.00448
0.225289 0.663189
1.09968 -1.98458
-1.69783 -2.04122
1.86954 0.621695
0.821872 -0.209973
1.43802 -0.563934
1.07213 0.307698
1.06718 -1.24848
-0.793367 -2.06784
0.116993 0.661685
1.19369 -1.87252
-1.62321 -2.62211
2.01247 0.139445
0.405325 -0.32683
1.18566 0.620906
0.904186 -1.34109
-1.16821 -2.78103
1.45079 1.56296
0.545086 -1.35323
-1.516 -2.39593
1.6864 1.18042
0.754745 -0.728639
0.601921 0.296631
1.17682 -1.52623
-1.22579 -2.98015
1.75754 1.3014
0.688432 -0.692799
0.568879 0.274058
1.21432 -1.48095
-1.13668 -2.87293
1.52435 1.55887
0.566787 -1.21121
-1.35866 -2.70707
1.6695 1.31572
0.696514 -0.827988
-0.0525425 -0.570891
-1.20885 -2.37384
0.959825 1.38305
0.490574 -2.24202
-1.09862 -0.184649
-0.745284 -1.27962
-0.718292 -0.532356
-1.14892 -1.56099
-0.146046 0.0489109
0.681576 0.504516
0.97891 -1.81218
-1.64214 -2.29241
1.88678 0.648465
0.794676 -0.217867
1.45077 -0.524291
1.09884 0.279988
1.08541 -1.18725
-0.597318 -1.64611
-0.473015 -0.0418263
-0.793178 -1.66478
-0.333028 0.022551
-0.26797 -0.774329
-1.35533 -1.70918
0.416688 0.73052
0.921058 -2.18408
-1.60485 -0.997852
0.911762 1.07199
0.625717 -2.12043
-1.37715 -0.578789
-0.203167 -0.325053
-1.00872 -2.108
0.327557 0.816173
0.90616 -2.30551
-1.52313 -0.690848
0.431211 0.566986
1.0418 -1.92867
-1.68214 -2.07769
1.85367 0.690834
0.830368 -0.254302
1.44976 -0.448762
1.16207 0.204539
1.1333 -1.02818
0.0375623 -0.500253
-0.956638 -2.10977
0.283505 0.788305
0.95298 -2.24452
-1.59714 -0.914429
0.85066 1.01716
0.650067 -2.17348
-1.3615 -0.521609
-0.249101 -0.405945
-1.17679 -2.24806
0.728815 1.19561
0.571661 -2.49655
-0.951506 0.0798832
-0.665642 -1.28361
-0.766936 -0.542485
-1.11539 -1.50872
-0.237478 -0.0698197
-0.337515 -0.909521
-1.27614 -1.33083
-0.146907 -0.0537037
0.120081 -0.184445
0.732553 0.511869
0.95983 -1.79372
-1.63674 -2.29933
1.88045 0.674912
0.799758 -0.23288
1.45391 -0.486133
1.12962 0.246518
1.10711 -1.1139
-0.320213 -1.10596
-1.17734 -1.00179
-0.543814 -0.659425
-1.23068 -1.53261
-0.0500902 0.138371
1.3991 0.568499
0.983465 -0.92498
0.262989 -0.143263
1.37165 0.512943
1.00369 -0.939379
0.235934 -0.183982
1.18729 0.657609
0.88515 -1.36407
-1.2255 -2.83892
1.60313 1.46116
0.626639 -1.0172
-0.936715 -2.25331
0.453691 1.01499
0.725303 -2.57896
-1.08671 0.00516674
-0.599444 -1.11635
-0.94693 -0.795336
-0.894655 -1.09678
-0.759641 -0.74662
-1.05732 -1.24357
-0.52335 -0.491289
-1.25113 -1.82707
0.3106 0.653078
1.04581 -2.02451
-1.69928 -1.7678
1.7345 0.92695
0.846258 -0.51898
1.34043 0.331323
1.08539 -0.86211
0.634195 0.266306
1.18619 -1.48035
-1.15161 -2.88462
1.55752 1.53456
0.585211 -1.13752
-1.23282 -2.7051
1.45137 1.52577
0.562202 -1.33253
-1.49064 -2.49607
1.72039 1.15565
0.760097 -0.663101
0.882168 0.50844
0.939757 -1.66585
-1.55486 -2.628
1.93453 0.602424
0.720947 -0.202977
1.47257 -0.494897
1.1002 0.261813
1.09649 -1.16745
-0.520256 -1.49036
-0.683214 -0.294292
-1.1399 -1.8614
0.169574 0.524918
1.2832 -1.64392
-1.33471 -3.10162
1.97835 0.70497
0.632591 -0.278012
1.49338 -0.0838217
1.20863 -0.191293
1.32133 -0.458089
1.26399 0.122491
1.1814 -0.796905
0.861534 0.402077
1.01301 -1.57004
-1.40137 -2.9341
1.93307 0.781749
0.706356 -0.282778
1.48638 -0.21274
1.21332 -0.0482073
1.26508 -0.666209
1.09943 0.387384
1.02086 -1.28748
-0.938073 -2.38172
0.628447 1.21571
0.578434 -2.64618
-0.800129 0.281625
-0.214444 -0.600356
-1.32711 -2.14821
0.895371 1.26992
0.533929 -2.28722
-1.11276 -0.174089
-0.716504 -1.23774
-0.771243 -0.594519
-1.10156 -1.43882
-0.317142 -0.186555
-0.897815 -1.89231
-0.0228639 0.402465
1.57791 -0.826947
0.347419 -0.163469
1.45986 0.309948
1.10503 -0.629668
1.21809 0.376168
1.04322 -1.1019
-0.362652 -1.17243
-1.09286 -0.854186
-0.727097 -0.926186
-0.986356 -1.01349
-0.744487 -0.81974
-1.03348 -1.15159
-0.612687 -0.624808
-1.19731 -1.52009
-0.117288 0.0579157
0.859685 0.639906
0.857985 -1.82287
-1.6537 -1.90526
1.67391 1.07123
0.801846 -0.691413
0.863468 0.490573
0.95293 -1.66554
-1.54756 -2.65979
1.94275 0.582107
0.705894 -0.199881
1.47707 -0.4855
1.10301 0.255394
1.1005 -1.15741
-0.481918 -1.41447
-0.785044 -0.419903
-1.11186 -1.63755
-0.114246 0.124905
1.17036 0.730218
0.842989 -1.44293
-1.38038 -2.85102
1.84168 1.03489
0.748133 -0.451104
1.38676 0.28559
1.1117 -0.743351
0.998723 0.460178
0.969222 -1.48617
-1.32459 -2.93226
1.83673 1.09209
0.731855 -0.487573
1.3215 0.416254
1.04068 -0.960735
0.202795 -0.236969
0.846204 0.583342
0.894143 -1.78009
-1.64188 -2.15494
1.80531 0.861727
0.831622 -0.390566
1.44637 -0.036348
1.22036 -0.324235
1.34251 -0.208961
1.28697 -0.260474
1.31337 -0.251612
1.30272 -0.233331
1.3044 -0.276207
1.3081 -0.204374
1.29791 -0.314493
1.31156 -0.147277
1.28417 -0.394561
1.30862 -0.0191492
1.24255 -0.568828
1.23556 0.268754
1.10378 -0.982128
0.192087 -0.263527
0.665856 0.44293
1.03026 -1.73669
-1.57229 -2.65048
1.96967 0.44199
0.637626 -0.187094
1.4973 -0.422287
1.12744 0.207078
1.13036 -1.07678
-0.154665 -0.815239
-1.39471 -1.84707
0.693931 1.03925
0.650382 -2.40249
-1.15696 -0.154018
-0.624287 -1.09477
-0.945087 -0.816284
-0.886496 -1.07336
-0.781495 -0.778543
-1.02754 -1.19073
-0.589906 -0.578187
-1.21912 -1.61463
0.0130827 0.244016
1.60395 -0.221351
1.1002 0.10363
1.19206 -0.995151
0.204169 -0.262972
0.724863 0.493321
0.974932 -1.77552
-1.62254 -2.39876
1.90999 0.599532
0.763764 -0.193677
1.45325 -0.566498
1.05035 0.309605
1.06523 -1.2772
-0.866164 -2.23265
0.372129 0.953502
0.79335 -2.51958
-1.23213 -0.160293
-0.461193 -0.825164
-1.22752 -1.33769
-0.232309 -0.15308
-0.636918 -1.44795
-0.640256 -0.319379
-1.16531 -1.89002
0.239909 0.607787
1.13952 -1.89181
-1.65138 -2.44576
1.9744 0.293333
0.588568 -0.179891
1.51054 -0.35159
1.15325 0.144206
1.16754 -0.976611
0.262626 -0.177129
1.28213 0.604677
0.936777 -1.16246
-0.73979 -1.91429
-0.0954481 0.401065
1.61867 -0.530565
0.824702 0.224743
1.14806 -1.37627
-1.00061 -2.56827
0.94952 1.48284
0.447711 -2.32091
-0.956609 -0.0122334
-0.783106 -1.44439
-0.551459 -0.299242
-1.1732 -2.00459
0.395484 0.811082
0.87422 -2.3062
-1.49351 -0.635278
0.284887 0.37545
1.32803 -1.45854
-1.05483 -2.76433
1.28311 1.62315
0.464658 -1.72226
-1.49239 -1.1047
0.377019 0.562622
1.07946 -1.90148
-1.66825 -2.26763
1.92061 0.495619
0.746632 -0.153872
1.44258 -0.66138
0.931296 0.33328
1.05277 -1.43071
-1.16974 -2.85012
1.53924 1.53268
0.582312 -1.16964
-1.28468 -2.72803
1.56506 1.44908
0.626231 -1.07792
-1.06903 -2.51043
0.945845 1.44472
0.463151 -2.30538
-0.99531 -0.0550611
-0.787197 -1.42154
-0.569597 -0.330715
-1.18854 -1.96191
0.36533 0.763135
0.924104 -2.22844
-1.58417 -0.895805
0.774137 0.952447
0.685619 -2.22311
-1.36098 -0.488786
-0.244039 -0.405363
-1.17235 -2.24976
0.723983 1.19304
0.573367 -2.5012
-0.949101 0.0842739
-0.660786 -1.27743
-0.775406 -0.552158
-1.10788 -1.49007
-0.263454 -0.105312
-0.558964 -1.29869
-0.829264 -0.553192
-1.06929 -1.4495
-0.340844 -0.198533
-0.954127 -1.97331
0.112875 0.558647
1.30304 -1.64001
-1.32168 -3.11022
1.97223 0.740322
0.642384 -0.286207
1.49061 -0.0750123
1.2091 -0.205875
1.32554 -0.433262
1.27253 0.0844939
1.19981 -0.743398
0.987871 0.431407
0.98691 -1.47181
-1.28873 -2.93209
1.78984 1.2057
0.716181 -0.599296
1.01626 0.563066
0.908077 -1.55629
-1.4643 -2.8035
1.92087 0.752528
0.729887 -0.266483
1.4818 -0.304981
1.19913 0.0604352
1.21301 -0.821399
0.789132 0.355282
1.05973 -1.56591
-1.36106 -2.978
1.91847 0.865254
0.712752 -0.323026
1.47723 -0.0831686
1.21635 -0.218538
1.32713 -0.403918
1.28213 0.0365955
1.22152 -0.675196
1.10998 0.402204
1.01322 -1.28596
-0.943399 -2.39109
0.646028 1.23185
0.567807 -2.63885
-0.791598 0.285505
-0.194862 -0.570648
-1.30305 -2.22284
0.939629 1.31827
0.516216 -2.23953
-1.1358 -0.222415
-0.704747 -1.19788
-0.810909 -0.651155
-1.05708 -1.34116
-0.446033 -0.360179
-1.21207 -2.08443
0.565347 0.998355
0.698524 -2.48722
-1.13962 -0.091341
-0.607093 -1.08989
-0.961001 -0.829749
-0.866824 -1.0497
-0.811234 -0.813508
-0.989526 -1.13264
-0.663467 -0.670664
-1.15216 -1.40895
-0.283586 -0.1736
-0.811301 -1.75329
-0.230244 0.160609
0.87526 0.66635
0.841421 -1.8307
-1.65264 -1.83001
1.6191 1.13371
0.775237 -0.817937
0.250281 -0.126849
1.38517 0.497817
1.01364 -0.904317
0.397147 0.0252783
1.52505 -0.651043
0.820636 0.268377
1.11655 -1.43651
-1.12855 -2.81379
1.43938 1.58765
0.530407 -1.38859
-1.54311 -2.25284
1.62403 1.2272
0.734695 -0.857358
-0.0635122 -0.594689
-1.24788 -2.37009
1.02689 1.40923
0.489194 -2.12874
-1.20642 -0.357905
-0.623925 -1.02063
-0.997856 -0.921117
-0.788323 -0.924124
-0.94522 -0.996313
-0.788129 -0.857492
-0.983129 -1.08396
-0.701894 -0.734471
-1.10255 -1.29139
-0.440382 -0.391677
-1.23187 -2.06568
0.576762 1.0008
0.694185 -2.48073
-1.14007 -0.0952987
-0.609766 -1.09288
-0.956884 -0.824467
-0.872808 -1.05793
-0.801535 -0.801557
-1.00233 -1.15203
-0.639299 -0.640396
-1.17682 -1.47302
-0.192292 -0.045585
-0.0442277 -0.429328
-0.958183 -2.08551
0.254086 0.748511
1.00406 -2.16045
-1.66499 -1.24439
1.32271 1.22941
0.652413 -1.43945
-1.52403 -2.47353
1.77181 1.04607
0.78719 -0.532091
1.28556 0.440745
1.02132 -1.04124
-0.161375 -0.806588
-1.39237 -1.85184
0.692573 1.0392
0.650609 -2.40404
-1.15577 -0.152028
-0.625159 -1.09696
-0.942859 -0.812899
-0.889924 -1.0784
-0.775637 -0.771259
-1.03506 -1.20302
-0.574234 -0.558109
-1.22971 -1.66274
0.0826061 0.341345
1.54031 -0.934185
0.139868 -0.433889
-0.452239 -1.17876
-1.01232 -0.779135
-0.843665 -1.07524
-0.809788 -0.78591
-1.00392 -1.16891
-0.625925 -0.618134
-1.19071 -1.51827
-0.129119 0.0442323
0.736334 0.5503
0.932162 -1.83752
-1.6584 -2.07591
1.79688 0.860398
0.837847 -0.399366
1.44236 -0.0159025
1.21689 -0.354232
1.34388 -0.154023
1.27694 -0.33827
1.31986 -0.128014
1.27699 -0.409853
1.30853 0.00259058
1.234 -0.59514
1.21326 0.308177
1.07974 -1.05156
-0.115324 -0.738832
-1.38109 -2.09822
0.970951 1.29905
0.528124 -2.16983
-1.21786 -0.347011
-0.596629 -0.982817
-1.04267 -0.988036
-0.709581 -0.818723
-1.0583 -1.16874
-0.577531 -0.58739
-1.22479 -1.6133
0.0214298 0.252733
1.60551 -0.3043
1.05977 0.171238
1.15222 -1.11896
-0.291007 -1.06127
-1.23068 -1.11152
-0.393493 -0.437692
-1.25668 -2.08127
0.646475 1.06603
0.645172 -2.48249
-1.07139 -0.0322615
-0.665822 -1.21655
-0.822149 -0.634793
-1.05402 -1.35504
-0.437352 -0.343091
-1.19847 -2.10427
0.568151 1.00902
0.69215 -2.49708
-1.1215 -0.0694734
-0.620288 -1.12098
-0.928455 -0.78098
-0.916288 -1.12284
-0.726025 -0.707791
-1.09667 -1.31474
-0.42802 -0.365373
-1.2136 -2.10169
0.591262 1.02746
0.676652 -2.49763
-1.09986 -0.0496824
-0.638422 -1.16057
-0.885371 -0.719748
-0.976269 -1.21677
-0.612849 -0.567826
-1.20753 -1.60702
-0.0141017 0.210714
1.57485 0.0825078
1.14654 -0.224413
1.34668 -0.462352
1.24405 0.148087
1.16794 -0.853473
0.696493 0.301297
1.13017 -1.52967
-1.26055 -2.98797
1.80749 1.19761
0.710422 -0.575579
1.08148 0.568807
0.912646 -1.46761
-1.34934 -2.901
1.8419 1.06087
0.738991 -0.465552
1.36218 0.344476
1.08205 -0.834303
0.727294 0.344468
1.08529 -1.58138
-1.36339 -2.99143
1.93095 0.827068
0.702046 -0.304583
1.48318 -0.12876
1.21721 -0.15523
1.30763 -0.506089
1.24498 0.19198
1.14526 -0.895846
0.548987 0.171427
1.31611 -1.27809
-0.69578 -1.91893
-0.116399 0.399932
1.62509 -0.431174
0.928743 0.231085
1.12318 -1.31504
-0.896039 -2.31998
0.509836 1.10423
0.660686 -2.65151
-0.920183 0.182823
-0.493334 -1.02424
-1.09238 -0.986501
-0.65955 -0.780916
-1.11126 -1.24945
-0.46336 -0.439286
-1.25373 -1.98168
0.509137 0.908213
0.76581 -2.41449
-1.29195 -0.284719
-0.382117 -0.665322
-1.31413 -1.73261
0.336917 0.649898
1.03087 -2.03228
-1.69647 -1.7033
1.69113 0.996856
0.830116 -0.623976
1.12057 0.533115
0.93914 -1.37989
-1.19445 -2.83067
1.54938 1.51288
0.593651 -1.14046
-1.2263 -2.70425
1.4398 1.53191
0.555883 -1.35839
-1.5143 -2.41343
1.69832 1.16659
0.759277 -0.702512
0.725409 0.406169
1.03885 -1.66435
-1.49612 -2.83687
1.97976 0.505106
0.62314 -0.216412
1.50449 -0.291479
1.18288 0.0703129
1.20825 -0.854545
0.693289 0.289252
1.14109 -1.51263
-1.22849 -2.9651
1.74551 1.31593
0.685595 -0.71662
0.44824 0.1408
1.41177 -1.10663
-0.217031 -0.983641
-1.32837 -1.36216
-0.00188776 0.137654
1.48942 0.387225
1.07482 -0.63264
1.21715 0.391866
1.0345 -1.11625
-0.428629 -1.29632
-0.935092 -0.619522
-0.969218 -1.30101
-0.552406 -0.458693
-1.23536 -1.8369
0.292191 0.637518
1.07233 -1.9861
-1.69736 -1.9654
1.83158 0.727702
0.845971 -0.290909
1.4526 -0.355912
1.20745 0.092733
1.19603 -0.847048
0.717126 0.310585
1.11514 -1.53784
-1.28249 -2.9944
1.83977 1.12059
0.7192 -0.501272
1.28368 0.468299
1.00678 -1.06482
-0.280481 -1.01401
-1.26644 -1.21062
-0.25961 -0.236163
-0.915767 -1.9417
0.0467541 0.489748
1.44051 -1.33788
-0.830961 -2.27526
0.402915 1.0115
0.746782 -2.59468
-1.10075 0.00140421
-0.580444 -1.08115
-0.986788 -0.853486
-0.833111 -1.00851
-0.861732 -0.874463
-0.921344 -1.0367
-0.78073 -0.815367
-1.01027 -1.14235
-0.63945 -0.64889
-1.17437 -1.46011
-0.207665 -0.0683637
-0.219085 -0.712187
-1.36787 -1.93322
0.721631 1.08434
0.624514 -2.41012
-1.11474 -0.110049
-0.667824 -1.18487
-0.846033 -0.677798
-1.02208 -1.28823
-0.520279 -0.452994
-1.245 -1.88612
0.370709 0.737342
0.940454 -2.18833
-1.61617 -1.02819
0.983364 1.12049
0.610405 -2.03249
-1.42824 -0.721565
-0.0138306 -0.0211013
0.931087 0.664481
0.84287 -1.75962
-1.6394 -2.06862
1.74253 0.985644
0.82164 -0.539039
1.29737 0.411941
1.03834 -0.999284
0.0388502 -0.481106
-0.909166 -2.02489
0.141357 0.625174
1.20783 -1.82511
-1.5775 -2.77815
2.03062 0.117977
0.333594 -0.410606
0.56482 0.322753
1.17431 -1.56262
-1.27925 -3.02319
1.86139 1.07893
0.716465 -0.461382
1.35324 0.372067
1.06767 -0.871508
0.586482 0.224836
1.24697 -1.39964
-0.984163 -2.56978
0.934612 1.47995
0.447547 -2.34758
-0.927788 0.0268679
-0.760842 -1.43274
-0.57563 -0.318735
-1.18138 -1.96443
0.357023 0.756353
0.933767 -2.21582
-1.59802 -0.945564
0.861191 1.02913
0.64428 -2.1673
-1.36001 -0.523532
-0.25443 -0.413549
-1.18925 -2.24736
0.748496 1.2088
0.56373 -2.47906
-0.958318 0.0652774
-0.681804 -1.30431
-0.738634 -0.510353
-1.13859 -1.57248
-0.147893 0.053649
0.697889 0.519568
0.963259 -1.8233
-1.65013 -2.2123
1.85799 0.72213
0.819291 -0.268177
1.45657 -0.400792
1.18379 0.153148
1.16313 -0.945336
0.377805 -0.0265721
1.54885 -0.393143
1.08253 0.209702
1.12794 -1.13531
-0.374041 -1.21095
-1.05301 -0.785002
-0.800649 -1.03662
-0.865323 -0.845659
-0.933939 -1.07144
-0.748472 -0.767922
-1.05568 -1.22022
-0.542521 -0.522956
-1.24596 -1.75457
0.215186 0.523575
1.24263 -1.69824
-1.42235 -3.05217
2.0251 0.40456
0.486123 -0.303291
1.39318 0.399061
1.06098 -0.819989
0.761043 0.37352
1.0533 -1.60461
-1.416 -2.94658
1.95792 0.685109
0.673637 -0.251539
1.4941 -0.263971
1.19925 0.0250058
1.23115 -0.77872
0.894588 0.401068
1.01003 -1.53957
-1.36374 -2.95023
1.9005 0.911339
0.725699 -0.349821
1.46649 -0.0125257
1.20871 -0.316596
1.34624 -0.234051
1.28828 -0.217462
1.30652 -0.319986
1.30753 -0.128174
1.27991 -0.427432
1.30168 0.0371735
1.22018 -0.645966
1.15593 0.374795
1.03482 -1.19577
-0.688627 -1.82795
-0.222302 0.255056
1.2999 0.70487
0.891601 -1.19439
-0.895706 -2.24579
0.411093 0.985486
0.758038 -2.55651
-1.15251 -0.0650062
-0.556817 -1.0145
-1.0509 -0.962337
-0.716311 -0.842925
-1.04108 -1.13201
-0.619393 -0.644926
-1.18817 -1.48314
-0.166331 -0.0129175
0.247655 0.000228832
1.55468 -0.0394832
1.17061 -0.139518
1.31077 -0.583468
1.17496 0.304245
1.07741 -1.10539
-0.326429 -1.1116
-1.1682 -0.986023
-0.565591 -0.690853
-1.20883 -1.45955
-0.156357 -0.0131676
0.294311 0.0622657
1.55875 -0.495827
0.976974 0.267958
1.0934 -1.31407
-0.920829 -2.36709
0.593646 1.18665
0.59917 -2.65913
-0.818239 0.272264
-0.256195 -0.663943
-1.35188 -1.95632
0.706885 1.07813
0.629396 -2.42318
-1.10854 -0.0973046
-0.667823 -1.19036
-0.841704 -0.670264
-1.02796 -1.29987
-0.505923 -0.434193
-1.24367 -1.93033
0.423469 0.806773
0.863863 -2.299
-1.48873 -0.632395
0.261434 0.344256
1.37926 -1.34942
-0.850178 -2.29958
0.448383 1.05627
0.705359 -2.63426
-1.00346 0.104656
-0.57355 -1.12032
-0.962912 -0.800411
-0.878879 -1.08246
-0.780589 -0.768727
-1.03271 -1.20412
-0.575508 -0.558021
-1.22905 -1.66146
0.0800449 0.337979
1.5448 -0.913358
0.188882 -0.364532
0.10685 -0.2497
0.317257 0.0578103
1.5507 -0.550969
0.925033 0.278822
1.0906 -1.37473
-1.04315 -2.63779
1.0946 1.55604
0.44091 -2.0747
-1.19521 -0.376359
-0.651056 -1.05469
-0.95501 -0.862724
-0.855521 -1.01414
-0.842531 -0.8617
-0.942157 -1.05942
-0.75027 -0.780351
-1.04867 -1.20249
-0.562214 -0.550519
-1.23638 -1.68819
0.122417 0.395765
1.45845 -1.22565
-0.583049 -1.71214
-0.414096 0.053088
-0.387687 -0.965108
-1.21082 -1.17234
-0.385952 -0.402316
-1.2333 -2.12483
0.659044 1.09242
0.629946 -2.49414
-1.03825 0.00309709
-0.673742 -1.24887
-0.790455 -0.588444
-1.08958 -1.43346
-0.334679 -0.205151
-0.959004 -1.98306
0.128451 0.577315
1.26861 -1.70508
-1.41928 -3.06964
2.03153 0.377761
0.459394 -0.323895
1.31061 0.525446
0.983797 -1.05819
-0.295908 -1.03773
-1.24083 -1.14778
-0.351747 -0.372854
-1.19952 -2.17741
0.669341 1.1216
0.614184 -2.50959
-0.999883 0.0444713
-0.668844 -1.26411
-0.781124 -0.568618
-1.10064 -1.46508
-0.29444 -0.149188
-0.768651 -1.67371
-0.3384 0.0321878
-0.243698 -0.732538
-1.36469 -1.84225
0.599751 0.951975
0.714449 -2.40675
-1.23581 -0.229725
-0.501268 -0.869868
-1.17828 -1.22494
-0.397272 -0.389277
-1.22596 -2.12102
0.640016 1.07556
0.641739 -2.499
-1.04999 -0.00470783
-0.666738 -1.23199
-0.809006 -0.613327
-1.06984 -1.38995
-0.39266 -0.283141
-1.1254 -2.1376
0.500494 0.968609
0.734318 -2.49564
-1.17888 -0.123136
-0.55542 -0.991823
-1.06696 -0.996831
-0.680481 -0.790738
-1.09223 -1.22321
-0.503812 -0.491182
-1.25803 -1.85313
0.355929 0.710002
0.970036 -2.14019
-1.65369 -1.22301
1.25623 1.23122
0.628684 -1.57429
-1.59696 -1.99612
1.55771 1.23767
0.720674 -0.982321
-0.621819 -1.61615
-0.487118 -0.0799506
-0.889531 -1.818
-0.111764 0.280029
1.56669 0.189725
1.1288 -0.333627
1.37417 -0.258683
1.27689 -0.142338
1.29091 -0.449757
1.28691 0.0857438
1.19906 -0.722699
1.03207 0.431697
0.988529 -1.41753
-1.2059 -2.86699
1.60833 1.46975
0.623269 -1.01299
-0.933205 -2.24502
0.439781 0.999975
0.738669 -2.56567
-1.11787 -0.0291649
-0.585473 -1.07731
-0.985876 -0.85675
-0.832299 -1.00527
-0.864388 -0.878835
-0.91703 -1.03031
-0.788053 -0.824668
-1.00039 -1.12716
-0.658336 -0.672762
-1.15486 -1.40967
-0.279451 -0.169072
-0.79171 -1.71938
-0.277576 0.105085
0.370271 0.177658
1.43943 -1.08536
-0.172208 -0.911047
-1.37976 -1.59635
0.363409 0.642702
1.01992 -2.03129
-1.69393 -1.67784
1.66876 1.02958
0.819451 -0.678195
0.942234 0.521553
0.929654 -1.61282
-1.51031 -2.73398
1.93686 0.648736
0.714563 -0.223457
1.48019 -0.422895
1.14652 0.19664
1.13716 -1.04103
-0.00930382 -0.575149
-1.16685 -2.37472
0.890664 1.35038
0.498859 -2.34853
-1.0013 -0.0384882
-0.764482 -1.39061
-0.611107 -0.377004
-1.19529 -1.86781
0.259545 0.61687
1.11546 -1.9252
-1.67443 -2.2799
1.93618 0.424796
0.709828 -0.141399
1.45222 -0.662428
0.916237 0.326998
1.05841 -1.43761
-1.17595 -2.86152
1.56136 1.51778
0.593753 -1.12148
-1.19565 -2.67709
1.35602 1.55557
0.518199 -1.53804
-1.57887 -1.75852
1.27828 1.31542
0.598415 -1.57341
-1.59519 -1.902
1.47018 1.28542
0.676772 -1.17343
-1.1682 -2.68222
1.32118 1.56809
0.501132 -1.61544
-1.56115 -1.47913
0.95557 1.16814
0.584789 -2.11339
-1.33662 -0.525729
-0.329828 -0.526612
-1.30007 -2.06206
0.715352 1.11595
0.610142 -2.4465
-1.0586 -0.0396357
-0.692243 -1.25967
-0.76922 -0.56951
-1.10869 -1.47253
-0.278752 -0.130431
-0.680891 -1.51796
-0.545666 -0.210445
-1.10226 -2.02295
0.320267 0.753314
0.957509 -2.20002
-1.62216 -1.03445
1.01858 1.14019
0.606819 -1.98218
-1.46029 -0.818869
0.132001 0.199507
1.58479 -0.512955
0.912476 0.258695
1.10615 -1.36152
-1.00554 -2.563
0.947317 1.47862
0.449238 -2.32264
-0.956985 -0.0117029
-0.782166 -1.44297
-0.553322 -0.301371
-1.17439 -2.00133
0.393136 0.80738
0.877933 -2.30051
-1.50086 -0.652978
0.319491 0.422768
1.25226 -1.60063
-1.29035 -3.07055
1.91266 0.948226
0.70087 -0.367438
1.453 0.097069
1.18279 -0.454685
1.33894 0.0302267
1.22027 -0.579159
1.23764 0.281862
1.097 -0.990609
0.150966 -0.321799
0.147456 -0.184572
0.856074 0.59801
0.884169 -1.78485
-1.64459 -2.10963
1.7832 0.904947
0.831882 -0.440308
1.41891 0.12102
1.17907 -0.538758
1.2933 0.202964
1.14306 -0.830355
0.764288 0.356878
1.06487 -1.58149
-1.37801 -2.97559
1.93578 0.797691
0.699532 -0.291198
1.48622 -0.17141
1.21595 -0.0991163
1.28662 -0.591872
1.18364 0.310403
1.0749 -1.09818
-0.30283 -1.06764
-1.21701 -1.08649
-0.432467 -0.494253
-1.27788 -1.94979
0.518596 0.90604
0.763887 -2.40687
-1.2963 -0.294168
-0.374554 -0.651062
-1.31754 -1.77141
0.390376 0.719606
0.943059 -2.1639
-1.62875 -1.09734
1.07472 1.17415
0.602421 -1.89889
-1.50901 -0.996356
0.40482 0.579079
1.04753 -1.94042
-1.6855 -2.05353
1.84872 0.699655
0.834225 -0.262308
1.45055 -0.428978
1.17389 0.182161
1.14656 -0.989167
0.201305 -0.258335
0.735067 0.50222
0.966062 -1.78039
-1.62794 -2.35933
1.8977 0.63286
0.780439 -0.208649
1.45266 -0.538663
1.08201 0.291563
1.07754 -1.22014
-0.704741 -1.87379
-0.161896 0.330077
1.57865 0.16716
1.12939 -0.292987
1.36854 -0.343127
1.27215 -0.019313
1.24646 -0.622938
1.17279 0.346343
1.05324 -1.14608
-0.505332 -1.45095
-0.732325 -0.357098
-1.13622 -1.75436
0.041145 0.34187
1.57085 -0.799545
0.427904 -0.0660121
1.54022 -0.382768
1.1008 0.196576
1.13608 -1.09922
-0.233862 -0.954924
-1.32867 -1.3933
0.0259314 0.181733
1.57589 0.0424388
1.15113 -0.185313
1.33242 -0.527551
1.21071 0.23689
1.11857 -0.990441
0.173295 -0.293241
0.415848 0.17452
1.40716 -1.14857
-0.342933 -1.21412
-1.07787 -0.805148
-0.765476 -0.992443
-0.918462 -0.91264
-0.857922 -0.969583
-0.868996 -0.917831
-0.891854 -0.979908
-0.838283 -0.895195
-0.926834 -1.01825
-0.788472 -0.836675
-0.993913 -1.11121
-0.674681 -0.695755
-1.1361 -1.36423
-0.342246 -0.256719
-1.05407 -2.10585
0.371054 0.846763
0.861895 -2.35988
-1.44285 -0.51254
0.0728638 0.0667932
1.47596 0.389947
1.07326 -0.659923
1.17186 0.430073
1.00583 -1.21824
-0.790657 -2.0446
0.087293 0.622898
1.2614 -1.74984
-1.47623 -3.00965
2.04617 0.209121
0.339237 -0.423972
0.521383 0.275024
1.24225 -1.46351
-1.09516 -2.80901
1.39107 1.61113
0.504732 -1.49662
-1.575 -1.84292
1.34069 1.32414
0.616132 -1.4512
-1.54891 -2.33489
1.71187 1.1194
0.776835 -0.656425
0.940072 0.529875
0.924451 -1.62338
-1.52409 -2.69871
1.9338 0.642757
0.720354 -0.219515
1.47737 -0.443024
1.13609 0.215702
1.1256 -1.07436
-0.150291 -0.806828
-1.39514 -1.87535
0.729671 1.07666
0.627307 -2.39283
-1.13545 -0.138806
-0.653591 -1.14914
-0.88362 -0.730962
-0.973145 -1.20421
-0.6247 -0.585346
-1.19799 -1.56902
-0.0680252 0.134478
1.34447 0.634738
0.93843 -1.06846
-0.42387 -1.26812
-0.963176 -0.664049
-0.931436 -1.23351
-0.63335 -0.560159
-1.19674 -1.59831
-0.0402636 0.178257
1.50376 0.366194
1.08304 -0.590302
1.27389 0.314139
1.08469 -0.960523
0.258671 -0.167019
1.3014 0.590498
0.948914 -1.11856
-0.581985 -1.58359
-0.546765 -0.138212
-1.02099 -1.96475
0.159956 0.583573
1.23256 -1.75964
-1.49967 -2.95803
2.04147 0.196041
0.346872 -0.411317
0.620983 0.378027
1.09964 -1.65341
-1.44565 -2.94623
1.98859 0.534518
0.605902 -0.237372
1.50521 -0.17629
1.20309 -0.0651725
1.2739 -0.655983
1.10923 0.378309
1.02725 -1.26576
-0.88195 -2.25677
0.415174 0.998167
0.749256 -2.57252
-1.12552 -0.0321868
-0.574746 -1.05754
-1.00791 -0.890161
-0.795773 -0.954227
-0.921843 -0.954666
-0.831191 -0.916931
-0.91944 -0.99267
-0.810042 -0.87082
-0.960435 -1.05888
-0.736544 -0.774623
-1.06093 -1.21686
-0.540025 -0.523746
-1.2471 -1.75644
0.219519 0.529
1.23336 -1.71457
-1.44667 -3.02578
2.03132 0.33803
0.445738 -0.328565
1.27294 0.56354
0.955402 -1.15094
-0.674528 -1.77839
-0.284702 0.175523
0.715935 0.554616
0.933837 -1.85614
-1.66354 -2.01861
1.77541 0.89824
0.838467 -0.446489
1.41484 0.131547
1.17554 -0.556167
1.2804 0.236321
1.12534 -0.881946
0.588597 0.215145
1.25413 -1.38285
-0.949384 -2.49126
0.790519 1.37422
0.489145 -2.53716
-0.78198 0.246318
-0.32222 -0.779911
-1.32846 -1.60468
0.230886 0.49174
1.26042 -1.64898
-1.35123 -3.08962
1.98554 0.660565
0.618889 -0.270113
1.49587 -0.0822357
1.20721 -0.189013
1.32096 -0.463427
1.26152 0.131028
1.17712 -0.809539
0.827394 0.386445
1.0292 -1.57888
-1.40061 -2.94382
1.93896 0.764279
0.699339 -0.276209
1.48813 -0.223463
1.21086 -0.0325337
1.25817 -0.690278
1.06401 0.403309
1.00812 -1.34975
-1.07409 -2.66701
1.17251 1.5777
0.45118 -1.92658
-1.3379 -0.64677
-0.330055 -0.497517
-1.28557 -2.10218
0.736197 1.14522
0.594011 -2.44392
-1.03848 -0.0229928
-0.702719 -1.28723
-0.739381 -0.52962
-1.13573 -1.54706
-0.176459 0.011069
0.330006 0.112187
1.5172 -0.793293
0.546513 0.075622
1.39779 -1.06165
-0.0646276 -0.718568
-1.35939 -2.24292
1.10294 1.39383
0.511681 -1.96973
-1.37085 -0.668859
-0.226217 -0.339763
-1.06364 -2.17097
0.467633 0.962431
0.749277 -2.50433
-1.19015 -0.128847
-0.535566 -0.956989
-1.1038 -1.06164
-0.602028 -0.682204
-1.18838 -1.44046
-0.205342 -0.0758306
-0.244526 -0.755432
-1.36525 -1.79275
0.541707 0.882673
0.770073 -2.36481
-1.33953 -0.370471
-0.276222 -0.480046
-1.26291 -2.19959
0.820333 1.23869
0.546392 -2.39147
-1.02466 -0.0375947
-0.73569 -1.3386
-0.674496 -0.453226
-1.1788 -1.70572
0.0464018 0.321597
1.579 -0.732264
0.561255 0.0693726
1.39341 -1.06149
-0.0610251 -0.711629
-1.35333 -2.26134
1.11203 1.40182
0.510447 -1.95591
-1.3803 -0.69319
-0.192922 -0.285696
-0.912588 -1.9586
0.0643838 0.516462
1.39551 -1.45058
-1.02958 -2.73866
1.21928 1.61897
0.446899 -1.85173
-1.39154 -0.783456
-0.141557 -0.191998
-0.505187 -1.2249
-0.932639 -0.681733
-0.952076 -1.23434
-0.617758 -0.553084
-1.20651 -1.62422
0.00213271 0.236185
1.59948 -0.129152
1.12935 0.0145512
1.24139 -0.851025
0.696607 0.283759
1.14419 -1.50392
-1.21358 -2.95047
1.71154 1.3687
0.669095 -0.793393
0.0172289 -0.455247
-0.893042 -1.98881
0.0865622 0.559401
1.32836 -1.60052
-1.26001 -3.09131
1.89819 1.01202
0.700708 -0.40566
1.41823 0.229108
1.13724 -0.639277
1.19722 0.381057
1.03724 -1.13862
-0.50316 -1.44319
-0.74134 -0.369177
-1.1335 -1.73315
0.0140847 0.303648
1.60263 -0.523887
0.865402 0.243522
1.12488 -1.37729
-1.02003 -2.60202
1.01809 1.52153
0.440606 -2.2095
-1.06271 -0.167455
-0.787768 -1.3573
-0.625808 -0.4197
-1.19923 -1.80072
0.186041 0.511561
1.28137 -1.63611
-1.32517 -3.09904
1.96786 0.751175
0.649748 -0.287041
1.49041 -0.0879971
1.21051 -0.191358
1.3209 -0.455873
1.26536 0.118505
1.18339 -0.790637
0.877875 0.408554
1.00663 -1.56306
-1.39726 -2.93314
1.9276 0.802566
0.711507 -0.29186
1.48453 -0.190063
1.21631 -0.0788014
1.27811 -0.620332
1.15573 0.343806
1.05259 -1.16888
-0.581656 -1.60599
-0.524508 -0.105434
-0.963029 -1.90846
0.0431937 0.455187
1.4778 -1.22267
-0.586304 -1.7248
-0.398512 0.0731412
-0.260279 -0.750343
-1.35969 -1.77341
0.503163 0.838654
0.810043 -2.32594
-1.41501 -0.495625
-0.0420968 -0.102402
0.370154 0.146121
1.46506 -0.99332
0.0827285 -0.500214
-0.856988 -1.93973
0.00488951 0.467655
1.50277 -1.16383
-0.453633 -1.45517
-0.769953 -0.374648
-1.11756 -1.6985
-0.0433378 0.228546
1.57007 0.129776
1.14065 -0.2755
1.36173 -0.37014
1.2703 0.0158378
1.23143 -0.668503
1.11576 0.394908
1.01817 -1.27136
-0.905449 -2.30718
0.500118 1.08767
0.671884 -2.63978
-0.949062 0.152913
-0.537667 -1.08566
-1.01547 -0.867772
-0.800159 -0.975012
-0.905861 -0.926299
-0.859774 -0.957324
-0.875169 -0.932863
-0.878659 -0.959131
-0.860523 -0.925127
-0.893761 -0.973354
-0.840909 -0.902825
-0.920643 -1.00769
-0.799777 -0.851778
-0.977978 -1.08724
-0.703856 -0.732502
-1.10202 -1.29303
-0.439656 -0.389953
-1.23081 -2.06819
0.578112 1.00294
0.692707 -2.48201
-1.13685 -0.091645
-0.612577 -1.09904
-0.950324 -0.814673
-0.882917 -1.07262
-0.784507 -0.78035


