-1.39179 3.96726
-0.109659 -0.835112
-1.58701 3.72837
0.198279 -0.38407
-1.86763 3.26621
0.597335 0.278541
-1.7523 -0.113818
-0.577998 1.10668
-1.40753 -0.24808
-1.33803 0.704435
-1.39235 0.187838
-1.40089 0.521755
-1.36178 0.243395
-1.42926 0.566649
-1.30046 0.170082
-1.46051 0.803659
-1.07719 0.13009
-1.50354 1.49
-0.107429 2.99039
0.0814428 0.554568
-1.72119 0.0434299
-0.65272 0.899451
-1.68922 0.496413
-0.550865 1.05872
-1.48622 -0.191633
-1.27239 0.492242
-1.49798 0.583689
-1.14113 0.154325
-1.50078 1.29348
-0.283716 1.7956
0.468535 3.33896
-0.506537 -0.241299
-1.53759 2.9066
0.847477 1.52
0.0970174 2.23686
0.425087 1.78527
0.379732 2.48658
0.19501 1.44778
0.339007 3.22969
-0.291177 0.131948
-1.71896 2.54054
0.955841 2.26445
-0.19984 0.904116
-1.36465 -0.364895
-1.33913 0.863407
-1.29807 0.051372
-1.44399 0.889306
-1.03518 0.142022
-1.51126 1.59223
-0.0693432 3.58774
-0.435476 -0.466273
-1.50283 3.14282
0.701925 0.932645
-0.0726868 1.90744
0.55981 2.6298
0.0326103 1.19371
0.0230179 2.84465
0.129571 0.806029
-0.875821 -0.0626159
-1.47716 2.11588
0.484691 3.92827
-1.3531 -1.39747
-1.06087 1.10755
-1.41675 -0.0382487
-1.36165 0.588217
-1.39924 0.259424
-1.39529 0.453096
-1.38409 0.310611
-1.40993 0.453544
-1.36396 0.280368
-1.42865 0.53174
-1.31399 0.193158
-1.45658 0.745514
-1.1377 0.109877
-1.49154 1.33543
-0.249026 1.94948
0.587487 2.83707
-0.124606 0.758102
-1.60355 -0.173833
-1.06163 0.399831
-1.56541 1.26613
-0.195038 2.29994
0.542551 1.83706
0.314833 2.38372
0.268644 1.58077
0.411486 2.92614
-0.0775697 0.713955
-1.62905 -0.140729
-0.994131 0.430296
-1.58476 1.38382
-0.108298 3.12665
-0.018631 0.334581
-1.82976 1.491
0.276443 4.34252
-1.67697 -1.58716
-0.600848 1.4303
-0.340784 1.27971
-0.299797 1.35965
-0.0592319 2.49092
0.377845 1.3734
0.292768 3.10923
-0.160561 0.395486
-1.80234 1.60049
0.335091 4.27549
-1.65351 -1.55721
-0.65706 1.29855
-0.924954 0.00944046
-1.48986 1.95847
0.252899 4.17842
-1.4301 -1.55684
-0.960252 1.06539
-1.52057 0.0739369
-1.23066 0.323258
-1.50877 0.885349
-0.842264 0.38194
-1.60344 1.74456
0.106231 4.27012
-1.40859 -1.62351
-0.951086 1.12131
-1.4628 -0.0418481
-1.31481 0.475784
-1.46676 0.486451
-1.25771 0.18072
-1.47908 0.926448
-0.886876 0.306327
-1.57523 1.76773
0.0955957 4.24929
-1.37019 -1.6071
-0.97995 1.15895
-1.39818 -0.101101
-1.36803 0.66957
-1.36262 0.173244
-1.42437 0.615435
-1.28928 0.145296
-1.46197 0.855566
-1.0212 0.163801
-1.51833 1.6105
-0.0615738 3.70904
-0.566279 -0.695396
-1.36657 2.97698
0.777444 1.3896
0.132264 2.48825
0.293398 1.37711
0.297256 3.19699
-0.237678 0.220031
-1.75256 2.2953
0.919495 2.86902
-0.660034 -0.282976
-1.46467 2.67675
0.89325 2.24226
-0.0807401 1.24012
-0.0108197 2.69624
0.236214 1.03175
-0.0229014 2.4281
0.393628 1.47511
0.341211 2.9758
-0.0795117 0.639056
-1.73628 0.203935
-0.536041 1.15504
-1.22027 -0.269994
-1.39545 1.26673
-0.579251 0.819142
-1.72246 0.71391
-0.285931 1.95816
0.58907 2.8898
-0.167644 0.641073
-1.77124 0.503657
-0.273988 2.07968
0.619049 2.51405
0.0578897 1.3553
0.195651 3.41297
-0.389258 -0.184582
-1.60907 2.99217
0.810953 1.23234
0.0565524 2.29167
0.420926 1.6973
0.381176 2.62431
0.125013 1.23824
0.118284 3.23302
-0.18791 0.179347
-1.76274 2.35386
0.946289 2.67345
-0.506585 0.0593979
-1.61914 2.60575
0.930498 2.27746
-0.159539 1.00767
-0.868086 -0.00175852
-1.49549 2.09543
0.471951 3.95593
-1.37627 -1.41757
-1.04335 1.07424
-1.46619 0.0227476
-1.31452 0.436614
-1.46865 0.528032
-1.23783 0.160883
-1.48207 1.00184
-0.775411 0.467508
-1.63976 1.69535
0.102959 4.29193
-1.43508 -1.63873
-0.926044 1.10738
-1.48907 -0.0143982
-1.28231 0.409193
-1.49089 0.647222
-1.12007 0.145829
-1.5019 1.35973
-0.20479 2.19096
0.583624 2.10664
0.238977 2.00532
0.434685 2.16207
0.299971 1.92927
0.422476 2.28018
0.264338 1.75797
0.44894 2.60017
0.107944 1.28015
0.148644 3.31894
-0.27576 0.0158147
-1.70479 2.76458
0.917086 1.68419
0.02733 1.86799
0.531829 2.58646
0.0730852 1.28497
0.133269 3.31269
-0.263282 0.0298762
-1.71232 2.73733
0.925935 1.74177
0.0125359 1.78319
0.518915 2.80864
-0.0553805 0.884506
-1.07557 -0.270216
-1.40334 1.68732
-0.0607754 3.48113
-0.335554 -0.27059
-1.61418 3.12339
0.728313 0.907501
-0.117908 1.70823
0.464636 3.21954
-0.370454 0.0462535
-1.67131 2.70255
0.930624 1.91097
-0.0193337 1.58763
0.396392 3.30492
-0.405972 -0.0784815
-1.62771 2.86031
0.877082 1.55102
0.0703361 2.11174
0.481919 2.02526
0.314917 2.12835
0.365997 1.95997
0.386251 2.22297
0.301804 1.8326
0.433157 2.44611
0.190597 1.51789
0.387683 3.12659
-0.225972 0.321585
-1.77307 1.98427
0.722876 3.6363
-1.30784 -1.25165
-1.12302 1.16426
-1.28203 -0.0939874
-1.42264 1.01441
-0.937011 0.21732
-1.54358 1.76236
0.0534548 4.19895
-1.26308 -1.55263
-1.03644 1.32494
-1.0279 -0.0178747
-1.47146 1.71717
-0.0307304 3.89972
-0.8053 -1.06158
-1.19416 2.42796
0.754702 3.07387
-0.562726 -0.184372
-1.53029 2.78454
0.890484 1.86728
0.0421981 1.81206
0.520913 2.69849
0.0150514 1.09198
-0.140434 1.90761
0.57003 2.74292
-0.0442962 0.971421
-0.675266 0.312792
-1.62724 2.07502
0.603001 3.80466
-1.34777 -1.33623
-1.08323 1.10017
-1.40768 -0.0351328
-1.36954 0.61131
-1.38163 0.222897
-1.4118 0.526414
-1.34374 0.221254
-1.44126 0.63557
-1.2455 0.125224
-1.47372 1.00383
-0.799103 0.425649
-1.62398 1.7399
0.131439 4.28568
-1.4539 -1.632
-0.912883 1.09229
-1.5107 0.018313
-1.24951 0.359493
-1.50499 0.793832
-0.956056 0.247751
-1.5484 1.68893
-0.00724141 4.09018
-1.06595 -1.39153
-1.09778 1.75767
-0.0549381 3.10028
-0.0192008 0.385073
-1.83107 1.26549
0.0452979 4.41384
-1.54319 -1.71008
-0.784428 1.17855
-1.38535 -0.191484
-1.36197 0.744744
-1.33648 0.118272
-1.43569 0.730047
-1.19995 0.0947563
-1.47854 1.16251
-0.536841 0.956639
-1.63436 0.102437
-0.94184 0.418849
-1.59229 1.50957
-0.0714725 3.75477
-0.611421 -0.779129
-1.3226 2.89013
0.808974 1.62915
0.139892 2.29891
0.379727 1.67667
0.397377 2.67702
0.0891124 1.15556
0.0215131 2.79404
0.162499 0.884236
-0.472861 0.735195
-1.74993 0.882347
-0.154341 2.88843
0.173569 0.716953
-1.12599 -0.355316
-1.38016 1.56428
-0.136287 2.56589
0.373858 1.26249
0.218701 3.16537
-0.173245 0.300184
-1.78554 1.97073
0.730223 3.62726
-1.30856 -1.2486
-1.12377 1.16211
-1.28457 -0.0930729
-1.42213 1.00617
-0.950049 0.203118
-1.53791 1.74686
0.0326277 4.16792
-1.2028 -1.51127
-1.05876 1.44428
-0.679868 0.49965
-1.67187 1.7134
0.181226 4.3049
-1.52906 -1.63127
-0.832755 1.09856
-1.51905 -0.0145344
-1.23549 0.362853
-1.51139 0.83157
-0.895766 0.315602
-1.57593 1.7389
0.0640377 4.23117
-1.31645 -1.58808
-1.0098 1.23527
-1.24921 -0.142696
-1.41991 1.13572
-0.753482 0.475426
-1.64705 1.70429
0.12538 4.2993
-1.46647 -1.64059
-0.898216 1.09305
-1.51404 0.015615
-1.24392 0.356216
-1.50714 0.813573
-0.928868 0.276127
-1.56 1.71797
0.0263201 4.17532
-1.20744 -1.51894
-1.05585 1.4354
-0.707396 0.445096
-1.65166 1.80731
0.270205 4.24718
-1.54398 -1.58667
-0.829871 1.07563
-1.5463 0.0428082
-1.18234 0.316542
-1.52323 1.03329
-0.59577 0.836745
-1.71621 0.667401
-0.334663 1.74414
0.370244 3.55197
-0.674699 -0.617726
-1.35531 2.73832
0.863314 2.08802
0.0204704 1.61179
0.429426 3.19146
-0.314372 0.147713
-1.71316 2.51454
0.953149 2.35165
-0.248598 0.745549
-1.72264 0.263304
-0.560364 1.07845
-1.45383 -0.220699
-1.30438 0.574894
-1.46602 0.402878
-1.28399 0.22512
-1.47492 0.811774
-1.02882 0.167787
-1.51837 1.58781
-0.0689258 3.61071
-0.458936 -0.509139
-1.47692 3.12555
0.709339 0.984947
-0.025034 2.10461
0.526921 2.10588
0.270534 2.01492
0.418181 2.14075
0.314531 1.95729
0.410732 2.2312
0.287729 1.82589
0.439549 2.46359
0.179741 1.49247
0.369949 3.18276
-0.266059 0.213326
-1.74189 2.33733
0.928741 2.78151
-0.580202 -0.114559
-1.54353 2.70485
0.908362 2.08741
-0.0380457 1.44046
0.226123 3.48738
-0.485699 -0.355492
-1.51279 3.00972
0.790384 1.26323
0.0844582 2.40005
0.357923 1.51116
0.364807 2.95716
-0.0769214 0.669069
-1.69891 0.0507933
-0.733226 0.735196
-1.69691 1.0861
-0.136951 2.97513
0.104696 0.576681
-1.66412 -0.134971
-0.889473 0.533266
-1.62806 1.41797
-0.0848924 3.65832
-0.500476 -0.595536
-1.42814 3.08355
0.727486 1.10309
0.0498399 2.39265
0.377189 1.52466
0.364557 2.91999
-0.0500365 0.738078
-1.54065 -0.294479
-1.18266 0.449048
-1.54082 0.885934
-0.732723 0.571814
-1.67362 1.5165
-0.0160934 4.19551
-1.19914 -1.53432
-1.05172 1.45681
-0.64573 0.568019
-1.69576 1.56217
0.0519252 4.30816
-1.40965 -1.65343
-0.939266 1.13663
-1.44694 -0.070044
-1.32982 0.52622
-1.44821 0.394145
-1.31694 0.25466
-1.46091 0.688575
-1.1687 0.114719
-1.48808 1.24198
-0.385072 1.4028
-0.0846867 2.36644
0.455448 1.61164
0.356582 2.73546
0.0726394 1.0575
-0.133695 1.91911
0.572071 2.70016
-0.01782 1.05297
-0.299917 1.28366
-0.208034 1.70296
0.414811 3.40406
-0.533097 -0.327663
-1.49977 2.92107
0.835052 1.5067
0.106928 2.28512
0.400494 1.70086
0.390526 2.62776
0.119215 1.23396
0.111235 3.21588
-0.170886 0.210304
-1.77275 2.24715
0.913477 2.94061
-0.734333 -0.426652
-1.39901 2.57391
0.865629 2.60693
-0.274053 0.586544
-1.78864 1.07975
-0.10295 3.94426
-0.81366 -1.11718
-1.17698 2.40332
0.734599 3.14647
-0.618861 -0.309158
-1.47098 2.76536
0.883899 1.96838
0.0295609 1.71131
0.490676 2.95383
-0.145437 0.611528
-1.78222 0.575334
-0.218272 2.41226
0.503626 1.61238
0.334303 2.706
0.0988253 1.10203
-0.0327992 2.44818
0.387953 1.44217
0.327969 3.02383
-0.10948 0.551418
-1.80201 0.75346
-0.14457 3.18869
-0.0522369 0.229124
-1.81049 1.98831
0.786059 3.49549
-1.22459 -1.1553
-1.16523 1.34989
-0.844682 0.240915
-1.56636 1.92588
0.301375 4.18096
-1.48721 -1.55475
-0.909894 1.03239
-1.56816 0.167386
-1.11591 0.280713
-1.53141 1.25561
-0.267204 1.88789
0.553187 3.05259
-0.280474 0.32113
-1.75604 2.05651
0.765101 3.51069
-1.203 -1.14597
-1.16929 1.40369
-0.700675 0.487696
-1.66355 1.7258
0.181638 4.30007
-1.52299 -1.62944
-0.841063 1.09302
-1.52501 0.0023857
-1.22498 0.348786
-1.514 0.876742
-0.835278 0.394775
-1.60816 1.73637
0.103274 4.27226
-1.4087 -1.62515
-0.950405 1.12208
-1.46209 -0.0432862
-1.31554 0.47807
-1.46601 0.482083
-1.26075 0.183399
-1.47844 0.915154
-0.903047 0.286487
-1.56715 1.75967
0.0764129 4.23423
-1.33188 -1.59234
-1.00263 1.21071
-1.30035 -0.14181
-1.40796 0.978671
-1.02568 0.126954
-1.5086 1.62835
-0.0580274 3.73058
-0.591787 -0.736951
-1.34325 2.92891
0.796462 1.52149
0.14181 2.39926
0.333304 1.51654
0.372752 2.97175
-0.0915974 0.63943
-1.74284 0.245192
-0.493092 1.26999
-0.701598 0.339811
-1.62685 2.00277
0.506631 3.97073
-1.44653 -1.43462
-0.99136 0.988668
-1.56459 0.240398
-1.10812 0.262516
-1.52902 1.29438
-0.228692 2.07694
0.607947 2.43977
0.101666 1.49166
0.35341 3.28799
-0.3575 -0.00410514
-1.66618 2.78561
0.907678 1.69434
0.0388721 1.90385
0.52983 2.49004
0.123211 1.44578
0.319438 3.32145
-0.369228 -0.0538014
-1.65015 2.85174
0.882132 1.5435
0.0642042 2.09306
0.490157 2.06526
0.300711 2.07206
0.389389 2.0466
0.355148 2.09144
0.358834 2.02075
0.376096 2.12871
0.337937 1.96808
0.397759 2.21159
0.300598 1.85146
0.432241 2.41357
0.20549 1.56605
0.414306 3.0217
-0.152694 0.523712
-1.80732 1.02702
-0.105539 3.98167
-0.857598 -1.18162
-1.15554 2.28891
0.616532 3.50811
-0.922657 -0.885253
-1.23884 2.14215
0.399144 3.93516
-1.2494 -1.36375
-1.09982 1.3141
-1.00662 0.0210508
-1.48353 1.75002
-0.00408437 4.03562
-0.996561 -1.30727
-1.11997 1.93114
0.0728484 3.94857
-0.941202 -1.19346
-1.15121 2.07612
0.285969 4.00607
-1.22005 -1.39483
-1.09375 1.38591
-0.824802 0.251318
-1.57329 1.94979
0.34767 4.14295
-1.48742 -1.53068
-0.918594 1.01709
-1.57662 0.206038
-1.08516 0.281698
-1.5369 1.33756
-0.175989 2.40162
0.485984 1.60009
0.340946 2.73335
0.0802767 1.05919
-0.120569 1.97914
0.577473 2.52062
0.0810691 1.37471
0.229662 3.40881
-0.404118 -0.19057
-1.60021 2.98452
0.814648 1.26045
0.064437 2.30537
0.411214 1.6718
0.383535 2.66864
0.0997596 1.16819
0.0403794 2.90149
0.0858474 0.721389
-1.3223 -0.429962
-1.34007 1.00287
-1.15762 0.0211593
-1.46914 1.33328
-0.294173 1.73372
0.389983 3.50028
-0.627712 -0.522154
-1.40071 2.82111
0.854563 1.83086
0.0876147 1.98007
0.505261 2.27907
0.225217 1.76905
0.463721 2.60564
0.0980241 1.27011
0.133399 3.29412
-0.246771 0.065145
-1.72462 2.66404
0.945019 1.91207
-0.0412741 1.51584
0.310866 3.44905
-0.500645 -0.329244
-1.51387 2.97221
0.81154 1.3609
0.0987022 2.3744
0.36389 1.55311
0.377864 2.88748
-0.0335612 0.795111
-1.34839 -0.404794
-1.33716 0.921051
-1.25211 0.0238143
-1.45332 1.04702
-0.798526 0.416475
-1.62185 1.75611
0.148456 4.28371
-1.46783 -1.6287
-0.901426 1.08482
-1.52224 0.0352227
-1.22923 0.337973
-1.5111 0.87512
-0.84682 0.377155
-1.60127 1.74413
0.102644 4.26782
-1.40207 -1.6219
-0.955984 1.12721
-1.45323 -0.0526592
-1.32478 0.502926
-1.45578 0.431541
-1.29534 0.221128
-1.46917 0.780515
-1.07463 0.138116
-1.50574 1.49093
-0.105862 3.01381
0.0639827 0.517184
-1.77454 0.296825
-0.359732 1.72547
0.321865 3.62116
-0.719138 -0.721487
-1.31123 2.64623
0.857339 2.38028
-0.102026 1.11327
-0.294767 1.32111
-0.116549 2.14087
0.557864 2.11675
0.250691 1.99664
0.431407 2.17476
0.29742 1.91059
0.426601 2.31245
0.250016 1.71235
0.449565 2.69662
0.0539166 1.11976
-0.0475281 2.3839
0.428115 1.56199
0.358154 2.82517
0.0167041 0.907115
-0.768265 0.129068
-1.553 2.18424
0.651141 3.65963
-1.21008 -1.20718
-1.15114 1.38977
-0.758658 0.376048
-1.62128 1.87574
0.314025 4.19741
-1.52438 -1.55893
-0.865799 1.04071
-1.57384 0.14682
-1.10558 0.289918
-1.53514 1.27472
-0.238543 2.0297
0.607245 2.58804
0.0257527 1.23238
0.0555012 3.04655
-0.0200076 0.493135
-1.81368 0.735688
-0.141729 3.29604
-0.140008 0.0506312
-1.76215 2.63257
0.955295 1.91171
-0.0576091 1.46313
0.238384 3.49961
-0.507191 -0.388975
-1.4923 2.99432
0.795863 1.31436
0.0976782 2.41286
0.345832 1.49089
0.359141 2.99861
-0.105164 0.591932
-1.78371 0.53379
-0.231783 2.32971
0.549211 1.80884
0.313662 2.41994
0.252999 1.52756
0.390876 3.03593
-0.150984 0.506858
-1.80895 1.1002
-0.0852735 4.14384
-1.07693 -1.44739
-1.08149 1.73357
-0.0712035 2.9055
0.126008 0.694098
-1.32435 -0.438779
-1.33747 0.998945
-1.16793 0.0175042
-1.46706 1.30502
-0.339504 1.55386
0.110427 3.54244
-0.477549 -0.417971
-1.49715 3.05528
0.760156 1.15394
0.0580263 2.37737
0.380843 1.54964
0.37152 2.87916
-0.024933 0.811117
-1.27371 -0.397405
-1.35851 1.13877
-0.913178 0.214998
-1.54683 1.81663
0.119835 4.2395
-1.37971 -1.59992
-0.97743 1.14294
-1.42255 -0.0786125
-1.35194 0.592369
-1.41066 0.275042
-1.38245 0.413305
-1.40523 0.373196
-1.38214 0.352824
-1.41031 0.424615
-1.3686 0.302018
-1.42483 0.501665
-1.32968 0.218926
-1.45018 0.678898
-1.20062 0.110832
-1.48164 1.14979
-0.548338 0.929307
-1.66468 0.228578
-0.79561 0.590645
-1.66157 1.42235
-0.0717639 3.91448
-0.797127 -1.07404
-1.19123 2.44736
0.767954 3.0053
-0.503532 -0.0504543
-1.59215 2.74062
0.911098 1.92553
0.00473729 1.65779
0.458938 3.11726
-0.264878 0.285972
-1.75482 2.14109
0.832801 3.29061
-1.02285 -0.914607
-1.23117 1.87843
0.0186049 3.88482
-0.819684 -1.05377
-1.19523 2.39272
0.726586 3.19464
-0.66764 -0.407235
-1.42387 2.70935
0.882233 2.16316
-0.0304691 1.42262
0.211018 3.47931
-0.467525 -0.33017
-1.52927 3.02081
0.786288 1.22477
0.0724943 2.3788
0.37356 1.54631
0.372787 2.89015
-0.0330403 0.791099
-1.36022 -0.404189
-1.33262 0.887013
-1.29074 0.0401032
-1.44478 0.918528
-0.999255 0.169644
-1.52254 1.66038
-0.0394816 3.91554
-0.819058 -1.08706
-1.18545 2.39197
0.725427 3.19093
-0.660696 -0.39481
-1.42996 2.71939
0.882602 2.12945
-0.0179735 1.477
0.281871 3.45802
-0.49008 -0.327302
-1.51938 2.98672
0.804448 1.31933
0.0925488 2.38474
0.361711 1.5362
0.372975 2.91566
-0.0509258 0.744467
-1.52673 -0.309961
-1.20278 0.471014
-1.53481 0.803098
-0.848837 0.38976
-1.60399 1.72204
0.0810098 4.26097
-1.37254 -1.61636
-0.975364 1.16005
-1.39867 -0.102903
-1.36742 0.669023
-1.36377 0.174626
-1.42362 0.611123
-1.29261 0.148492
-1.46104 0.843099
-1.03691 0.152491
-1.51363 1.57947
-0.072646 3.54281
-0.389493 -0.382777
-1.55331 3.15747
0.698896 0.871334
-0.148907 1.60484
0.341378 3.48261
-0.563343 -0.431215
-1.45434 2.91729
0.828518 1.53927
0.116602 2.29469
0.391991 1.68413
0.392952 2.65861
0.101321 1.18505
0.0569817 2.99472
0.0163239 0.577494
-1.74168 0.163975
-0.532523 1.17252
-1.15737 -0.240118
-1.40753 1.44478
-0.243978 1.92664
0.578123 2.8921
-0.160395 0.650886
-1.76303 0.430066
-0.332902 1.80895
0.452402 3.40856
-0.574314 -0.385249
-1.46444 2.87927
0.847051 1.64134
0.105513 2.17562
0.444502 1.89201
0.359805 2.32187
0.275751 1.68317
0.436721 2.73185
0.0391664 1.06131
-0.172985 1.75296
0.481641 3.2179
-0.383333 0.029358
-1.66234 2.72496
0.924506 1.86486
-0.00140791 1.67014
0.466033 3.09945
-0.253547 0.318768
-1.7641 2.03104
0.75349 3.54958
-1.23784 -1.18248
-1.1561 1.31924
-0.931829 0.120473
-1.51888 1.86157
0.145387 4.22659
-1.38664 -1.59041
-0.976945 1.1296
-1.44085 -0.0573108
-1.33728 0.53513
-1.43926 0.36658
-1.33604 0.287793
-1.45064 0.605048
-1.2412 0.135096
-1.47665 1.01011
-0.780764 0.456099
-1.63573 1.71005
0.113828 4.29141
-1.44471 -1.63739
-0.918722 1.10046
-1.4996 0.00022661
-1.26715 0.384281
-1.49831 0.716904
-1.04701 0.175891
-1.51811 1.5342
-0.0850808 3.34789
-0.205993 -0.0339492
-1.72572 2.84395
0.887216 1.4438
0.0448525 2.08075
0.502172 2.10203
0.284574 2.02065
0.410402 2.12992
0.321547 1.97171
0.404594 2.20694
0.299085 1.85954
0.432163 2.4
0.211422 1.58602
0.422999 2.97726
-0.122367 0.608787
-1.77846 0.509048
-0.253827 2.1948
0.603376 2.16747
0.209593 1.91287
0.464491 2.33871
0.222058 1.68006
0.451942 2.78325
-0.000424948 0.966633
-0.568746 0.532667
-1.70996 1.65489
0.182905 4.32618
-1.55921 -1.63701
-0.78976 1.13508
-1.46578 -0.119327
-1.30443 0.504723
-1.47352 0.482699
-1.24518 0.178217
-1.48277 0.966564
-0.822436 0.395262
-1.61112 1.7556
0.131018 4.27812
-1.44322 -1.62745
-0.923692 1.09529
-1.50389 0.0116827
-1.26058 0.372324
-1.50084 0.748311
-1.01232 0.198908
-1.52815 1.60254
-0.0614897 3.73088
-0.590273 -0.736652
-1.34389 2.93207
0.795058 1.51267
0.141807 2.40726
0.329489 1.50404
0.368245 2.99472
-0.106707 0.596766
-1.78136 0.514689
-0.244743 2.24978
0.585014 2.01531
0.261045 2.13095
0.389434 1.95155
0.376743 2.23519
0.301677 1.81281
0.434265 2.48095
0.17405 1.46568
0.349315 3.23091
-0.29864 0.123067
-1.7146 2.56158
0.954628 2.2155
-0.170581 1.00198
-0.925173 -0.0801147
-1.46524 2.00975
0.307015 4.12869
-1.42001 -1.52396
-0.979582 1.05872
-1.51784 0.0825178
-1.2352 0.322457
-1.50695 0.872696
-0.863349 0.352709
-1.59167 1.7506
0.097042 4.26006
-1.38624 -1.61594
-0.967894 1.14235
-1.42773 -0.0778872
-1.34747 0.578408
-1.41952 0.298593
-1.37069 0.375642
-1.42093 0.434732
-1.35161 0.27368
-1.43848 0.571872
-1.28101 0.158251
-1.46716 0.871733
-0.988449 0.192884
-1.52983 1.66634
-0.032954 3.96459
-0.884524 -1.17654
-1.15624 2.22126
0.523664 3.70855
-1.07928 -1.13317
-1.17248 1.72234
-0.078659 2.91515
0.122435 0.677865
-1.38568 -0.436429
-1.31384 0.82453
-1.36673 0.102911
-1.41515 0.650066
-1.29053 0.132539
-1.45959 0.860577
-1.02263 0.161161
-1.5175 1.60905
-0.062301 3.69832
-0.55427 -0.675
-1.37814 2.99814
0.768474 1.33221
0.123041 2.50843
0.286797 1.34436
0.272185 3.22988
-0.254168 0.162341
-1.73751 2.45373
0.955371 2.46291
-0.334983 0.496892
-1.76974 1.55997
0.201463 4.35379
-1.61429 -1.63291
-0.703752 1.24484
-1.16711 -0.206438
-1.41506 1.40565
-0.288971 1.72843
0.387403 3.50129
-0.626561 -0.521552
-1.40131 2.82331
0.85401 1.82424
0.0890077 1.98905
0.503201 2.2595
0.233413 1.79728
0.461855 2.54536
0.130152 1.3673
0.246938 3.37206
-0.376564 -0.121434
-1.631 2.93291
0.843934 1.35838
0.0698275 2.24919
0.432706 1.76951
0.376629 2.50866
0.18576 1.41419
0.30998 3.28148
-0.323544 0.0380682
-1.68909 2.72498
0.927428 1.81794
0.00206838 1.70644
0.487644 3.0091
-0.188979 0.496479
-1.80352 1.2526
-0.0179804 4.33266
-1.38052 -1.67509
-0.949458 1.17907
-1.37897 -0.129968
-1.37606 0.737445
-1.31627 0.109748
-1.44505 0.796974
-1.12425 0.101949
-1.49146 1.37931
-0.199964 2.21193
0.575766 2.04895
0.258517 2.08726
0.404135 2.02206
0.354264 2.12905
0.347874 1.9642
0.393918 2.21717
0.300386 1.8426
0.433059 2.42911
0.198269 1.54318
0.402697 3.07238
-0.187932 0.426064
-1.79893 1.54194
0.253644 4.34052
-1.65051 -1.60306
-0.647834 1.33416
-0.775937 0.232954
-1.57948 2.05478
0.51145 3.93854
-1.40631 -1.41404
-1.02754 1.02738
-1.5183 0.12508
-1.23138 0.303575
-1.50598 0.902021
-0.831036 0.395922
-1.60937 1.74128
0.110877 4.27479
-1.41935 -1.62666
-0.942428 1.11285
-1.47668 -0.0254471
-1.29869 0.43833
-1.48046 0.570216
-1.19177 0.145825
-1.49031 1.15167
-0.519682 1.00597
-1.55791 -0.0985954
-1.16303 0.363202
-1.53582 1.03983
-0.5454 0.962864
-1.63051 0.0952513
-0.955761 0.406085
-1.58674 1.49918
-0.0761161 3.67681
-0.524247 -0.631686
-1.40529 3.04838
0.744858 1.19719
0.0881129 2.49041
0.310773 1.36691
0.290861 3.18722
-0.225717 0.242095
-1.76008 2.2224
0.890232 3.05008
-0.820023 -0.588086
-1.3333 2.4003
0.754689 3.20255
-0.729899 -0.50572
-1.37578 2.60006
0.865845 2.52866
-0.212661 0.765133
-1.67969 0.0599341
-0.800066 0.617594
-1.66539 1.3572
-0.0879077 3.72814
-0.573439 -0.725413
-1.35382 2.96602
0.779987 1.41903
0.137173 2.47844
0.296363 1.39311
0.30864 3.17787
-0.226715 0.254557
-1.76179 2.18813
0.871905 3.13948
-0.898309 -0.721482
-1.28646 2.20959
0.516099 3.78553
-1.18419 -1.24792
-1.14047 1.45677
-0.588619 0.716821
-1.72986 1.09824
-0.116893 3.41099
-0.248408 -0.145183
-1.68767 3.02415
0.793678 1.0632
-0.0205395 2.04562
0.538124 2.23173
0.225183 1.83593
0.46459 2.47638
0.162275 1.4747
0.354197 3.23279
-0.303485 0.115896
-1.71149 2.57758
0.953387 2.17776
-0.149255 1.07608
-0.54928 0.604928
-1.72834 1.43726
-0.00431555 4.27495
-1.31542 -1.62431
-0.997476 1.25052
-1.22397 -0.143865
-1.42375 1.21304
-0.605294 0.770371
-1.72563 0.924285
-0.166674 2.71102
0.299068 1.01535
-0.00727149 2.47865
0.359583 1.38543
0.301733 3.11723
-0.171429 0.377736
-1.7973 1.69237
0.437717 4.15961
-1.62029 -1.50333
-0.738305 1.13857
-1.44731 -0.161383
-1.31888 0.566255
-1.4533 0.377333
-1.31185 0.257317
-1.46411 0.701598
-1.15166 0.116643
-1.49109 1.29042
-0.308142 1.68779
0.317098 3.59868
-0.685979 -0.667716
-1.33631 2.71844
0.861437 2.15027
0.00106191 1.5191
0.338578 3.388
-0.452778 -0.215208
-1.56998 2.9553
0.827703 1.36366
0.0858098 2.31555
0.396814 1.65141
0.387337 2.70845
0.0754678 1.10377
-0.050616 2.35468
0.443899 1.61762
0.362573 2.73352
0.0712983 1.06119
-0.127953 1.94685
0.576113 2.61678
0.0299007 1.20585
0.0331619 2.9109
0.0822164 0.704941
-1.38452 -0.427393
-1.31638 0.825259
-1.36242 0.0993508
-1.41769 0.664913
-1.27811 0.122308
-1.46278 0.905731
-0.962167 0.213918
-1.53888 1.70875
0.000637151 4.10325
-1.08949 -1.41359
-1.09182 1.70056
-0.101342 2.63438
0.315018 1.13429
0.107412 3.03817
-0.0324862 0.517175
-1.80585 0.656576
-0.160632 2.97157
0.117521 0.581511
-1.6401 -0.193327
-0.965736 0.467283
-1.59814 1.39004
-0.100629 3.28171
-0.14427 0.0782348
-1.76394 2.57018
0.964612 2.07333
-0.124317 1.18927
-0.138045 1.96734
0.580627 2.5796
0.0479255 1.26961
0.103438 3.24575
-0.192686 0.156064
-1.75777 2.42001
0.958497 2.50239
-0.374743 0.392521
-1.7397 1.94298
0.621006 3.83742
-1.42609 -1.36903
-1.02983 0.982788
-1.54785 0.221827
-1.15429 0.256632
-1.51933 1.17081
-0.407758 1.3436
-0.245472 1.57888
0.226462 3.60907
-0.626177 -0.616459
-1.37081 2.84209
0.840646 1.77266
0.107614 2.0841
0.473145 2.06061
0.310585 2.07794
0.383206 2.03772
0.360367 2.10425
0.352648 2.00213
0.383434 2.15741
0.32544 1.92722
0.411218 2.2792
0.269823 1.75706
0.446842 2.59842
0.109848 1.28306
0.152529 3.32461
-0.28269 0.00423123
-1.69983 2.78527
0.909876 1.63893
0.0368743 1.92922
0.529908 2.43468
0.1489 1.53359
0.395115 3.15335
-0.254723 0.25965
-1.75357 2.20441
0.873866 3.12074
-0.876777 -0.687564
-1.29773 2.26411
0.596627 3.63463
-1.07968 -1.09827
-1.18226 1.72203
-0.0780632 2.93146
0.110948 0.652016
-1.48507 -0.392039
-1.24456 0.570095
-1.51382 0.562482
-1.11143 0.173156
-1.50918 1.36283
-0.191194 2.27849
0.549052 1.88176
0.305859 2.32123
0.299001 1.66969
0.426759 2.73925
0.0394358 1.05006
-0.19977 1.64046
0.346821 3.50628
-0.596443 -0.490033
-1.42236 2.87492
0.840183 1.66911
0.112331 2.17749
0.440691 1.88686
0.36245 2.32988
0.271354 1.67227
0.436164 2.75556
0.0249344 1.02008
-0.311849 1.23369
-0.385931 1.07272
-1.21019 -0.299244
-1.38957 1.30487
-0.519948 0.963359
-1.61945 0.0454118
-0.999689 0.37823
-1.57246 1.44043
-0.0956867 3.30056
-0.161813 0.0466511
-1.75387 2.65848
0.949194 1.86271
-0.0374262 1.55155
0.352096 3.3959
-0.471608 -0.24458
-1.55269 2.95578
0.825505 1.37691
0.091075 2.32734
0.38911 1.63109
0.387432 2.74536
0.0536199 1.04245
-0.195482 1.65383
0.36642 3.47736
-0.578155 -0.444028
-1.44424 2.89496
0.836473 1.60542
0.114354 2.23376
0.418355 1.78767
0.382856 2.48466
0.194609 1.45135
0.341678 3.22534
-0.288669 0.139661
-1.72124 2.52305
0.956042 2.30827
-0.226533 0.817725
-1.61248 -0.115323
-1.03731 0.394705
-1.56911 1.33177
-0.143231 2.69613
0.296926 1.03618
0.0142412 2.60239
0.281066 1.18269
0.136853 3.15362
-0.13052 0.322879
-1.80105 1.81102
0.590198 3.93321
-1.51624 -1.4141
-0.928661 0.942098
-1.61437 0.405291
-0.889396 0.415527
-1.60185 1.61366
-0.0183944 4.11174
-1.08577 -1.41996
-1.08986 1.71009
-0.0918625 2.71463
0.260552 0.999497
-0.0495531 2.26593
0.483189 1.78876
0.350572 2.46653
0.216514 1.47005
0.357623 3.17159
-0.248383 0.244434
-1.75307 2.23988
0.893564 3.02339
-0.792363 -0.53985
-1.35219 2.46171
0.804572 2.99458
-0.557774 -0.14419
-1.54392 2.76103
0.898585 1.92224
0.0217836 1.7141
0.492003 2.95941
-0.150808 0.59868
-1.78892 0.657694
-0.178749 2.73133
0.291897 0.98296
-0.0521929 2.2355
0.49674 1.85177
0.338108 2.37345
0.263417 1.6024
0.420169 2.89203
-0.0575285 0.77577
-1.45668 -0.366164
-1.27797 0.621786
-1.48278 0.410372
-1.24965 0.205339
-1.4856 0.931956
-0.859245 0.345451
-1.59067 1.76786
0.116385 4.26456
-1.41068 -1.61918
-0.951273 1.11691
-1.46825 -0.0335397
-1.30885 0.459846
-1.47237 0.519409
-1.23343 0.163068
-1.48368 1.01362
-0.753244 0.505221
-1.65402 1.64514
0.0696954 4.28874
-1.39974 -1.63835
-0.951411 1.13834
-1.44012 -0.0720869
-1.33649 0.544012
-1.43869 0.359191
-1.33804 0.293795
-1.44947 0.59427
-1.24891 0.140129
-1.4753 0.983004
-0.823553 0.389661
-1.60947 1.76259
0.137288 4.27723
-1.4481 -1.62629
-0.920039 1.09173
-1.50906 0.0196742
-1.25222 0.361159
-1.50391 0.784194
-0.969047 0.235198
-1.54326 1.67202
-0.0221554 4.03223
-0.978702 -1.29507
-1.12292 1.97666
0.131289 4.01621
-1.08124 -1.33391
-1.1151 1.71758
-0.0851613 2.7968
0.204591 0.866155
-0.446733 0.795202
-1.7355 0.579089
-0.333599 1.77002
0.404855 3.49898
-0.640316 -0.53651
-1.39185 2.79839
0.859135 1.90028
0.0721855 1.88496
0.51901 2.49692
0.125615 1.43739
0.312578 3.32801
-0.371534 -0.0636361
-1.64688 2.86369
0.876953 1.51678
0.0669851 2.12206
0.480282 2.00692
0.320015 2.15433
0.355267 1.92106
0.39843 2.28531
0.273238 1.74546
0.444872 2.61784
0.100404 1.25171
0.117326 3.24953
-0.201441 0.149131
-1.7538 2.44567
0.960601 2.44171
-0.330068 0.51532
-1.77349 1.48501
0.124394 4.37987
-1.57265 -1.67175
-0.757047 1.18753
-1.35596 -0.214419
-1.37317 0.839162
-1.25265 0.0542045
-1.45892 1.0276
-0.810544 0.400711
-1.61516 1.76477
0.148908 4.27985
-1.46304 -1.62649
-0.906735 1.08496
-1.52056 0.03513
-1.23224 0.33986
-1.51017 0.864373
-0.862576 0.35571
-1.59259 1.7478
0.0950072 4.25989
-1.38409 -1.61577
-0.969195 1.14491
-1.42356 -0.0818039
-1.35068 0.591213
-1.41253 0.278814
-1.38015 0.406094
-1.40856 0.384898
-1.37658 0.336369
-1.41673 0.452435
-1.3543 0.268327
-1.43618 0.568474
-1.28681 0.162174
-1.46539 0.85112
-1.01606 0.169866
-1.52047 1.6184
-0.0581562 3.75297
-0.616628 -0.779195
-1.32087 2.87883
0.813407 1.66154
0.136751 2.26185
0.396781 1.73784
0.393648 2.57019
0.148071 1.32412
0.212605 3.3571
-0.342792 -0.0760865
-1.65725 2.89515
0.863409 1.42134
0.0657507 2.18411
0.459857 1.8895
0.352405 2.32409
0.278031 1.678
0.435099 2.73969
0.0351907 1.04799
-0.212192 1.59169
0.27363 3.57866
-0.624975 -0.585889
-1.38112 2.83959
0.843985 1.77927
0.103789 2.06735
0.47947 2.09447
0.298271 2.03037
0.401718 2.11332
0.330659 1.99453
0.395421 2.16973
0.315888 1.9115
0.418124 2.30693
0.256019 1.71862
0.448407 2.6801
0.0640643 1.14806
-0.00350445 2.65179
0.259839 1.10279
0.0613802 2.8894
0.086203 0.74543
-1.23616 -0.406621
-1.36149 1.25219
-0.692598 0.564084
-1.68246 1.55739
0.0271591 4.27587
-1.34405 -1.62717
-0.985235 1.20558
-1.3184 -0.144154
-1.40165 0.924515
-1.10705 0.0754871
-1.48731 1.44554
-0.145824 2.58407
0.367944 1.23302
0.196377 3.16267
-0.161547 0.306952
-1.78999 1.92746
0.694992 3.71509
-1.37336 -1.30644
-1.08186 1.04405
-1.46714 0.053787
-1.31438 0.418774
-1.46909 0.546484
-1.22894 0.153339
-1.48319 1.03439
-0.72421 0.555886
-1.67253 1.55897
0.0148689 4.25197
-1.30111 -1.6033
-1.0095 1.26782
-1.18027 -0.127416
-1.43264 1.3379
-0.362541 1.45458
-0.00186649 2.95693
0.0638938 0.624729
-1.62306 -0.207027
-1.01257 0.435239
-1.58217 1.33595
-0.129479 2.85222
0.187234 0.775687
-0.848863 -0.0321444
-1.49038 2.15738
0.556981 3.81563
-1.29108 -1.31971
-1.10588 1.21357
-1.21601 -0.102575
-1.43403 1.22017
-0.56437 0.869719
-1.70562 0.493345
-0.491457 1.22589
-0.874809 0.0469179
-1.50787 2.04634
0.41035 4.04339
-1.42232 -1.47243
-0.996396 1.03186
-1.53215 0.135067
-1.20313 0.288857
-1.51301 0.999382
-0.677838 0.658124
-1.70283 1.31434
-0.0850445 3.88131
-0.749242 -1.00985
-1.21651 2.56891
0.826018 2.60389
-0.207363 0.742683
-1.70326 0.14454
-0.685636 0.809982
-1.70684 0.841449
-0.242531 2.15782
0.605773 2.24641
0.181986 1.79666
0.480206 2.58402
0.101442 1.30339
0.167865 3.35456
-0.317798 -0.0576842
-1.67258 2.87887
0.871386 1.44128
0.0614662 2.15188
0.473155 1.95217
0.335105 2.2325
0.321131 1.8073
0.426174 2.48284
0.176775 1.46186
0.34683 3.23293
-0.299034 0.120283
-1.71396 2.56745
0.954329 2.20053
-0.162298 1.03067
-0.77811 0.142562
-1.55433 2.15325
0.614218 3.74024
-1.26914 -1.27517
-1.12407 1.25547
-1.11413 -0.0566685
-1.45501 1.49989
-0.132975 2.6623
0.313271 1.09217
0.0719946 2.89586
0.0781184 0.737984
-1.2827 -0.42108
-1.35138 1.1173
-0.966997 0.151547
-1.52214 1.75372
0.0254153 4.14346
-1.16362 -1.4777
-1.07188 1.52853
-0.433426 1.104
-1.20152 -0.28511
-1.39368 1.32696
-0.468142 1.1056
-1.26126 -0.297973
-1.38347 1.15121
-0.826995 0.342014
-1.59661 1.82761
0.204016 4.2557
-1.48557 -1.60565
-0.892554 1.06614
-1.54385 0.080808
-1.18443 0.303632
-1.52059 1.03991
-0.594895 0.837392
-1.71612 0.663822
-0.337403 1.73331
0.353225 3.57544
-0.688894 -0.652155
-1.34046 2.71058
0.863168 2.17529
-0.0106708 1.47153
0.280359 3.45427
-0.484861 -0.318021
-1.52466 2.98859
0.804177 1.31111
0.0902134 2.38162
0.364241 1.54127
0.373957 2.90567
-0.0443586 0.762634
-1.46816 -0.362382
-1.2676 0.594778
-1.49512 0.470742
-1.20254 0.17648
-1.49387 1.09662
-0.595267 0.823508
-1.7196 0.717289
-0.291402 1.92997
0.573833 2.98413
-0.235491 0.449815
-1.78969 1.55193
0.241734 4.34295
-1.6413 -1.61029
-0.662853 1.30758
-0.901127 0.0424388
-1.50235 1.99114
0.317869 4.13676
-1.4439 -1.52943
-0.959413 1.03904
-1.54404 0.13617
-1.17782 0.283813
-1.51898 1.078
-0.544532 0.956454
-1.63727 0.117479
-0.928562 0.429947
-1.5974 1.51949
-0.0665821 3.82341
-0.692222 -0.908874
-1.25846 2.70931
0.843924 2.16068
0.0178861 1.55907
0.384812 3.29859
-0.390548 -0.0533886
-1.64064 2.83904
0.886581 1.59014
0.0627113 2.05645
0.50043 2.13964
0.274535 1.96767
0.426851 2.21989
0.284285 1.84523
0.439785 2.43053
0.194605 1.54198
0.402104 3.07906
-0.193261 0.412524
-1.79601 1.60636
0.325786 4.2805
-1.64973 -1.56275
-0.662626 1.2898
-0.96536 -0.0397349
-1.47162 1.88972
0.133955 4.19993
-1.33871 -1.56643
-1.00899 1.18956
-1.33419 -0.128556
-1.39857 0.869971
-1.17077 0.058682
-1.47575 1.27238
-0.369017 1.45183
-0.00923306 2.90345
0.103031 0.707447
-1.33066 -0.434407
-1.33658 0.979621
-1.19241 0.0142669
-1.46298 1.23395
-0.462576 1.15005
-1.10019 -0.214525
-1.41663 1.60187
-0.0923452 3.04998
0.0323107 0.460756
-1.81945 0.71374
-0.142388 3.31411
-0.154797 0.0200777
-1.75316 2.71269
0.935307 1.72321
0.000928275 1.75183
0.508804 2.90222
-0.117085 0.703783
-1.68528 0.026537
-0.789177 0.642132
-1.67219 1.30858
-0.0960998 3.60801
-0.443556 -0.50056
-1.48755 3.14627
0.69663 0.930121
-0.0727408 1.91071
0.560266 2.62158
0.0370469 1.20825
0.0400159 2.94759
0.0549555 0.648746
-1.5849 -0.268608
-1.10152 0.420019
-1.56048 1.13993
-0.338331 1.60852
0.178468 3.64309
-0.632916 -0.65754
-1.35526 2.83337
0.839842 1.79868
0.106074 2.05994
0.480403 2.10765
0.29408 2.01179
0.40822 2.14376
0.318283 1.95135
0.410158 2.24051
0.284646 1.81241
0.441416 2.48912
0.166982 1.45398
0.338669 3.25619
-0.3164 0.0753369
-1.69905 2.65835
0.942676 1.9802
-0.0552244 1.4397
0.212633 3.49548
-0.486117 -0.365281
-1.50956 3.01459
0.787034 1.25239
0.0828792 2.40307
0.357152 1.50622
0.363041 2.96526
-0.0820341 0.654262
-1.72122 0.138624
-0.619856 0.955341
-1.65483 0.246092
-0.823909 0.542122
-1.64498 1.49332
-0.0535185 4.01715
-0.93682 -1.25897
-1.13238 2.08419
0.302262 3.98614
-1.20921 -1.37681
-1.10031 1.4086
-0.756448 0.366305
-1.61935 1.89437
0.338034 4.17477
-1.52061 -1.54534
-0.875517 1.02933
-1.58073 0.178905
-1.08071 0.291192
-1.53966 1.33977
-0.17065 2.44196
0.462215 1.51433
0.332409 2.86505
0.00167174 0.838458
-1.10061 -0.302818
-1.39418 1.62511
-0.0886115 3.06506
0.0197797 0.436979
-1.82786 0.882143
-0.121824 3.84232
-0.682629 -0.92858
-1.25442 2.73117
0.839949 2.0893
0.0465791 1.68413
0.477742 2.99051
-0.166623 0.544959
-1.80361 0.969403
-0.116388 3.8085
-0.647291 -0.867976
-1.28276 2.81321
0.827422 1.84626
0.112618 2.04325
0.481714 2.13669
0.284896 1.97084
0.421524 2.21275
0.28925 1.85447
0.436905 2.41228
0.203954 1.56865
0.415705 3.01866
-0.151046 0.529121
-1.80681 0.996579
-0.111351 3.90661
-0.763468 -1.04775
-1.20299 2.53193
0.812399 2.72182
-0.28472 0.512217
-1.78434 1.41141
0.0734277 4.38473
-1.53104 -1.69114
-0.807506 1.14926
-1.44445 -0.135641
-1.32493 0.562181
-1.44781 0.367282
-1.32262 0.272416
-1.45877 0.657108
-1.19416 0.118577
-1.48443 1.16384
-0.517508 1.00894
-1.55143 -0.111321
-1.17567 0.371101
-1.53342 0.995595
-0.614937 0.799268
-1.7211 0.828765
-0.21981 2.3072
0.552282 1.84736
0.308285 2.367
0.278629 1.6033
0.416871 2.8761
-0.0446543 0.806772
-1.33527 -0.402419
-1.34229 0.958417
-1.20412 0.0180443
-1.46194 1.19661
-0.527987 0.971836
-1.61248 0.0302119
-1.02226 0.365113
-1.56558 1.4042
-0.110767 3.05306
0.0373651 0.453509
-1.82156 0.733162
-0.139225 3.39335
-0.223864 -0.115269
-1.70479 2.98335
0.817249 1.13691
0.00560737 2.11679
0.509851 2.05535
0.293031 2.08608
0.388843 2.02414
0.361081 2.12501
0.346005 1.97124
0.393344 2.2061
0.304529 1.85848
0.429877 2.40009
0.212414 1.58553
0.422662 2.97706
-0.122022 0.609356
-1.77803 0.504962
-0.256611 2.17921
0.607522 2.21243
0.192629 1.84602
0.476844 2.47713
0.156102 1.47353
0.352081 3.24251
-0.311533 0.0962632
-1.70483 2.61811
0.949023 2.07935
-0.0988985 1.26228
-0.000594649 2.77887
0.180779 0.903666
-0.36651 1.02659
-1.32058 -0.328638
-1.36311 0.981785
-1.13229 0.0420602
-1.47679 1.39467
-0.204761 2.17369
0.58776 2.14955
0.224213 1.94378
0.453604 2.27552
0.25166 1.77004
0.454243 2.58556
0.113148 1.30346
0.174413 3.35419
-0.320624 -0.0585656
-1.67112 2.87925
0.871173 1.44244
0.0619021 2.15288
0.472613 1.95004
0.335787 2.23557
0.319695 1.80294
0.42696 2.49095
0.172601 1.44969
0.33639 3.25488
-0.313723 0.0795609
-1.7009 2.65027
0.944228 1.99866
-0.063182 1.40641
0.16847 3.46895
-0.431879 -0.289371
-1.55897 3.03941
0.778764 1.15718
0.0470239 2.31412
0.415445 1.65987
0.380472 2.68512
0.0917844 1.14139
0.00854368 2.71026
0.219618 1.01217
-0.061216 2.22374
0.505637 1.88236
0.329544 2.32876
0.285863 1.66504
0.430225 2.75752
0.0265933 1.01777
-0.315616 1.22089
-0.441394 0.91278
-1.64266 0.0699152
-0.923222 0.446727
-1.60226 1.50442
-0.0696755 3.80028
-0.663804 -0.864868
-1.27931 2.77566
0.837228 1.95987
0.0834033 1.87621
0.515295 2.50489
0.12369 1.42541
0.300695 3.34264
-0.378968 -0.0879021
-1.63785 2.89051
0.864643 1.45897
0.0715219 2.18097
0.458307 1.89316
0.352663 2.31888
0.280035 1.68562
0.435718 2.72408
0.0443184 1.07487
-0.13571 1.91964
0.572448 2.70226
-0.0194083 1.04859
-0.317117 1.22653
-0.424499 0.960606
-1.55896 -0.137188
-1.1604 0.376771
-1.53862 1.03227
-0.546869 0.960686
-1.63346 0.106007
-0.94381 0.415936
-1.59124 1.50977
-0.0717458 3.74873
-0.604562 -0.767726
-1.32864 2.9042
0.804277 1.58973
0.141881 2.33912
0.361121 1.61175
0.394203 2.79512
0.0199114 0.957106
-0.550915 0.570277
-1.72214 1.54292
0.0788388 4.34048
-1.47761 -1.67041
-0.876082 1.11155
-1.49686 -0.0303243
-1.27043 0.402734
-1.49757 0.688219
-1.0721 0.163994
-1.51218 1.47761
-0.108582 2.98955
0.0825172 0.5558
-1.71861 0.0337141
-0.665279 0.874196
-1.6974 0.601431
-0.444506 1.35018
-0.296666 1.39544
-0.0128473 2.82417
0.156692 0.830842
-0.697897 0.233586
-1.60007 2.16738
0.680243 3.621
-1.20379 -1.18746
-1.15726 1.40411
-0.713626 0.459647
-1.65352 1.77315
0.226179 4.27542
-1.53542 -1.60848
-0.833142 1.08542
-1.53486 0.0185127
-1.20638 0.332934
-1.5185 0.947171
-0.731041 0.561995
-1.67204 1.54034
-0.00062906 4.22646
-1.25353 -1.57393
-1.03123 1.35007
-0.96417 0.0468049
-1.49494 1.83986
0.0924665 4.1986
-1.29782 -1.55916
-1.02567 1.25915
-1.19032 -0.125576
-1.43204 1.30715
-0.415608 1.27808
-0.478891 0.830743
-1.72111 0.495967
-0.433681 1.40776
-0.134505 2.09577
0.574719 2.24681
0.199901 1.80733
0.474358 2.54872
0.122486 1.36121
0.237272 3.37921
-0.378257 -0.131933
-1.62765 2.94394
0.838134 1.33421
0.0684354 2.26214
0.427993 1.74682
0.379246 2.54496
0.166854 1.36012
0.255374 3.34172
-0.351015 -0.0616378
-1.65666 2.8715
0.874089 1.48297
0.0655622 2.13967
0.475316 1.97365
0.329749 2.20171
0.334646 1.85171
0.417123 2.40285
0.216897 1.57921
0.419328 2.98388
-0.125454 0.597429
-1.78531 0.577198
-0.211764 2.46198
0.474003 1.50289
0.324509 2.87005
0.00166938 0.829728
-1.13521 -0.330558
-1.38614 1.53254
-0.161928 2.38007
0.489139 1.63394
0.343914 2.68483
0.107017 1.13722
0.0141491 2.73509
0.202148 0.974354
-0.144686 1.82295
0.536577 2.97868
-0.199389 0.511581
-1.80186 1.21427
-0.0435072 4.28253
-1.29245 -1.62864
-1.00329 1.29234
-1.12621 -0.103009
-1.44285 1.48625
-0.154341 2.47756
0.434114 1.43472
0.313307 2.98776
-0.0757138 0.620908
-1.75184 0.280768
-0.44384 1.41807
-0.12764 2.13701
0.563598 2.13878
0.24113 1.96475
0.442362 2.23258
0.272561 1.82978
0.445696 2.46327
0.177096 1.49356
0.370424 3.18441
-0.267886 0.209481
-1.74061 2.3484
0.931823 2.75366
-0.556623 -0.0619758
-1.56749 2.69021
0.914882 2.10295
-0.0532339 1.38752
0.154976 3.44417
-0.399162 -0.233912
-1.59103 3.03019
0.787408 1.15427
0.0392337 2.27548
0.436091 1.73068
0.375311 2.5669
0.157438 1.32601
0.218724 3.35192
-0.340969 -0.0676735
-1.65993 2.8844
0.868463 1.44518
0.0652079 2.16472
0.467015 1.9261
0.342977 2.27032
0.303417 1.75374
0.43371 2.58515
0.122829 1.30436
0.180497 3.35378
-0.323225 -0.0593515
-1.66978 2.87952
0.871011 1.44369
0.0623009 2.15367
0.472163 1.94837
0.336334 2.23799
0.318557 1.7995
0.427561 2.49737
0.169285 1.44004
0.327724 3.27142
-0.32448 0.0492904
-1.69086 2.70538
0.932379 1.86766
-0.013087 1.62994
0.434762 3.20856
-0.335354 0.103866
-1.69698 2.60569
0.948605 2.13052
-0.119007 1.18168
-0.146238 1.92583
0.575144 2.70432
-0.0225414 1.0422
-0.344949 1.1376
-0.859566 0.0430942
-1.5095 2.0821
0.466691 3.97026
-1.39013 -1.42788
-1.0324 1.05623
-1.49076 0.0625168
-1.28103 0.369579
-1.48982 0.691191
-1.09151 0.150157
-1.50655 1.43582
-0.135545 2.69359
0.294749 1.03916
0.0163332 2.61584
0.272415 1.16152
0.11617 3.10445
-0.0846757 0.406714
-1.82024 1.36082
0.107082 4.41428
-1.60085 -1.68515
-0.707779 1.26111
-1.12133 -0.177501
-1.42488 1.5292
-0.133524 2.62831
0.334684 1.15111
0.126377 3.07892
-0.0692226 0.451794
-1.82183 1.10803
-0.0698077 4.2371
-1.21098 -1.57474
-1.03742 1.43947
-0.702719 0.449553
-1.65397 1.80251
0.267796 4.25007
-1.5453 -1.58823
-0.827483 1.07813
-1.54378 0.035228
-1.188 0.320554
-1.52229 1.01296
-0.627845 0.765455
-1.72148 0.959871
-0.157839 2.789
0.24317 0.881425
-0.324305 1.14196
-0.783623 0.161035
-1.5581 2.12427
0.58065 3.80832
-1.3172 -1.32702
-1.09671 1.15924
-1.3162 -0.0960309
-1.41151 0.910387
-1.09802 0.08573
-1.4907 1.46405
-0.130006 2.72763
0.270193 0.980945
-0.0699514 2.15338
0.533553 2.04003
0.284182 2.10621
0.386814 1.99189
0.369605 2.17363
0.326423 1.90094
0.414904 2.3225
0.251322 1.69551
0.446559 2.72777
0.036853 1.06656
-0.16442 1.7911
0.513607 3.10241
-0.29377 0.258898
-1.74053 2.24195
0.883932 3.05613
-0.812489 -0.578968
-1.33714 2.41774
0.769836 3.14417
-0.680456 -0.407378
-1.41985 2.6832
0.882817 2.24659
-0.0677148 1.27397
0.0335942 2.98795
0.0294339 0.583115
-1.72557 0.0888245
-0.621475 0.961177
-1.65023 0.226791
-0.848238 0.509754
-1.63238 1.52294
-0.0477856 4.02955
-0.956694 -1.28154
-1.12625 2.0329
0.217123 4.02842
-1.17968 -1.39231
-1.09745 1.48016
-0.555864 0.782952
-1.73238 0.822351
-0.20191 2.4404
0.480103 1.53981
0.33181 2.81808
0.0323013 0.918569
-0.674267 0.301485
-1.62461 2.09434
0.623513 3.76226
-1.31806 -1.30683
-1.10288 1.15306
-1.31958 -0.0916179
-1.41106 0.898023
-1.11248 0.0797569
-1.48772 1.42748
-0.159752 2.47529
0.438273 1.4421
0.31526 2.97532
-0.0674691 0.643451
-1.72367 0.139686
-0.610137 0.978038
-1.63295 0.148453
-0.933821 0.417093
-1.59343 1.52799
-0.0652102 3.82916
-0.699699 -0.919966
-1.25333 2.69147
0.844287 2.21587
-0.00415662 1.46495
0.277085 3.45208
-0.480195 -0.310969
-1.529 2.99077
0.803576 1.30262
0.0879777 2.37915
0.366423 1.54533
0.374641 2.89753
-0.0390077 0.777375
-1.4155 -0.390557
-1.30587 0.731361
-1.42395 0.214749
-1.36862 0.422542
-1.41968 0.398831
-1.35965 0.302553
-1.43268 0.525819
-1.30886 0.19196
-1.45911 0.761936
-1.11783 0.115328
-1.4953 1.38819
-0.185884 2.30146
0.537247 1.82418
0.319022 2.40276
0.258514 1.55422
0.402642 2.98372
-0.116137 0.605561
-1.7787 0.503437
-0.255682 2.18528
0.606035 2.19509
0.19924 1.87195
0.472899 2.42225
0.182913 1.55711
0.410771 3.0659
-0.187259 0.434671
-1.79999 1.50621
0.213659 4.36603
-1.64251 -1.62606
-0.655295 1.3283
-0.811226 0.175437
-1.55575 2.05969
0.487817 3.96248
-1.40793 -1.4266
-1.02217 1.03017
-1.51927 0.122753
-1.22974 0.30365
-1.50657 0.906812
-0.823099 0.407614
-1.61404 1.73509
0.110342 4.27752
-1.42257 -1.62858
-0.939378 1.11114
-1.47989 -0.0219921
-1.29463 0.430242
-1.48331 0.590118
-1.17436 0.142643
-1.49293 1.20554
-0.42801 1.26678
-0.553112 0.646922
-1.73298 1.30572
-0.0712528 4.06769
-0.988839 -1.33558
-1.11155 1.95034
0.097486 3.98025
-1.00322 -1.25961
-1.13387 1.91515
0.0536212 3.9172
-0.885681 -1.12855
-1.17007 2.22143
0.522948 3.71666
-1.09042 -1.14625
-1.16916 1.69324
-0.103197 2.67578
0.29032 1.06475
0.0393705 2.74825
0.184078 0.958778
-0.202848 1.58553
0.2737 3.57343
-0.61867 -0.574527
-1.38697 2.85051
0.841494 1.7466
0.108622 2.10677
0.466014 2.01739
0.324877 2.13914
0.358037 1.94477
0.39294 2.24732
0.289971 1.79893
0.439567 2.51089
0.157418 1.42055
0.307736 3.30806
-0.348389 -0.0175499
-1.6673 2.80909
0.899646 1.63027
0.0491406 1.98005
0.520713 2.31041
0.205515 1.72287
0.464865 2.71321
0.0364925 1.08771
-0.120188 1.99734
0.577894 2.47323
0.104234 1.45428
0.320511 3.33508
-0.383907 -0.0842805
-1.63643 2.88277
0.868041 1.4809
0.0715439 2.16534
0.463858 1.92233
0.345235 2.27597
0.300252 1.74606
0.434623 2.60064
0.114294 1.27969
0.151695 3.31978
-0.277895 0.0137294
-1.70353 2.76843
0.915761 1.67635
0.0292321 1.87937
0.53209 2.55758
0.0882233 1.33389
0.191265 3.38855
-0.362479 -0.132898
-1.63498 2.95618
0.832069 1.29466
0.0615504 2.26251
0.43106 1.74784
0.377783 2.54238
0.168751 1.36374
0.259496 3.3385
-0.350164 -0.0567953
-1.6581 2.86517
0.876903 1.4973
0.0645955 2.12589
0.48018 2.00071
0.321463 2.16315
0.351672 1.90795
0.402214 2.30685
0.263184 1.7153
0.445576 2.6811
0.0648481 1.14677
-0.00439521 2.64558
0.263908 1.1126
0.0715754 2.936
0.0514892 0.674638
-1.52927 -0.337505
-1.19537 0.478068
-1.53846 0.81483
-0.823639 0.426671
-1.6186 1.70339
0.0804673 4.27032
-1.38473 -1.62396
-0.965836 1.14812
-1.42046 -0.0868266
-1.35271 0.601806
-1.4072 0.26405
-1.38667 0.429669
-1.39837 0.349381
-1.39256 0.38736
-1.3961 0.370852
-1.39346 0.375804
-1.39611 0.378077
-1.39278 0.36999
-1.39741 0.384397
-1.3906 0.361913
-1.40052 0.396178
-1.38547 0.345401
-1.40718 0.422253
-1.37325 0.310335
-1.42051 0.482401
-1.34175 0.239526
-1.4439 0.627379
-1.24419 0.12786
-1.47455 1.00601
-0.793352 0.435031
-1.62763 1.73155
0.126913 4.2877
-1.45226 -1.63373
-0.913665 1.09416
-1.50837 0.0140942
-1.25336 0.364631
-1.50368 0.777304
-0.976487 0.228615
-1.54051 1.66121
-0.0302482 3.99249
-0.921776 -1.22568
-1.14181 2.12395
0.368707 3.92812
-1.20149 -1.33647
-1.1132 1.42212
-0.708073 0.458389
-1.65468 1.7804
0.238314 4.2693
-1.53988 -1.60295
-0.829318 1.08482
-1.53594 0.0185132
-1.20429 0.332078
-1.51906 0.954104
-0.719917 0.582148
-1.67897 1.49991
-0.0214596 4.18795
-1.18466 -1.52363
-1.05631 1.4873
-0.55431 0.776215
-1.73357 0.846122
-0.188746 2.53859
0.417939 1.33618
0.265993 3.09493
-0.136821 0.427399
-1.81082 1.41261
0.136651 4.40333
-1.61484 -1.66943
-0.689903 1.28312
-1.02761 -0.102067
-1.44956 1.7597
-0.013925 3.9618
-0.894187 -1.17889
-1.15539 2.19663
0.486201 3.77366
-1.12378 -1.20095
-1.15448 1.60734
-0.223453 1.90942
0.571831 2.89853
-0.160487 0.644973
-1.76694 0.459819
-0.306668 1.92299
0.56641 3.03821
-0.278872 0.335194
-1.75905 2.01274
0.72841 3.61191
-1.28183 -1.22998
-1.13553 1.21961
-1.1724 -0.0799157
-1.44442 1.34104
-0.332789 1.56818
0.132709 3.5853
-0.536902 -0.514005
-1.43878 2.99375
0.785746 1.33594
0.111788 2.45527
0.318687 1.42496
0.328671 3.11676
-0.184522 0.370284
-1.79272 1.74664
0.494228 4.08115
-1.58629 -1.47302
-0.807959 1.03906
-1.5855 0.136752
-1.07713 0.304406
-1.54308 1.33558
-0.169651 2.45238
0.456102 1.49294
0.328188 2.89751
-0.0183024 0.781921
-1.35706 -0.407773
-1.33314 0.89697
-1.28139 0.0345576
-1.44697 0.950615
-0.953232 0.213401
-1.54008 1.72973
0.0189131 4.14594
-1.16154 -1.47915
-1.07151 1.5336
-0.419936 1.14424
-1.02618 -0.154827
-1.4358 1.78538
-0.00189495 3.99626
-0.946989 -1.2429
-1.13715 2.05902
0.258793 4.01659
-1.20587 -1.39573
-1.09475 1.4189
-0.731694 0.409374
-1.63651 1.85053
0.304134 4.21342
-1.53526 -1.5667
-0.848967 1.05296
-1.56647 0.110239
-1.13007 0.29429
-1.53142 1.20331
-0.331814 1.61654
0.195382 3.64907
-0.652021 -0.680515
-1.34187 2.79454
0.848328 1.91471
0.0810078 1.90133
0.515695 2.4522
0.148349 1.50882
0.377643 3.19711
-0.284332 0.177301
-1.72935 2.43665
0.949246 2.53294
-0.379555 0.372056
-1.73413 2.00435
0.680315 3.70954
-1.33817 -1.2926
-1.10088 1.10831
-1.38236 -0.0507184
-1.38595 0.690626
-1.32369 0.133372
-1.44445 0.758687
-1.15771 0.0976076
-1.48608 1.28581
-0.325494 1.61652
0.201422 3.64797
-0.655051 -0.682126
-1.34044 2.78807
0.849674 1.93432
0.0758103 1.87243
0.517722 2.521
0.114514 1.39881
0.271127 3.37343
-0.3923 -0.136865
-1.61973 2.93875
0.840343 1.35651
0.0726437 2.26318
0.425592 1.74402
0.380385 2.55009
0.163814 1.35256
0.247013 3.34676
-0.351297 -0.0684038
-1.65504 2.88064
0.869964 1.46162
0.0665221 2.15852
0.46855 1.93727
0.340228 2.25412
0.310803 1.77675
0.431158 2.54057
0.14665 1.37413
0.260754 3.3549
-0.367255 -0.091958
-1.64234 2.90293
0.859125 1.42115
0.069989 2.20217
0.451175 1.85455
0.361302 2.3766
0.252294 1.60423
0.423212 2.89951
-0.0644423 0.760473
-1.50967 -0.323311
-1.22531 0.501
-1.52577 0.703321
-0.975241 0.247254
-1.54536 1.64555
-0.0363219 3.96701
-0.885258 -1.17951
-1.15536 2.21922
0.520694 3.7136
-1.08256 -1.13838
-1.17112 1.71374
-0.0852911 2.8452
0.17261 0.788606
-0.83294 -0.00485779
-1.50111 2.17322
0.588271 3.76247
-1.26018 -1.2805
-1.12391 1.27695
-1.06807 -0.0253709
-1.46628 1.61303
-0.0735184 3.41906
-0.273164 -0.158584
-1.67287 3.03501
0.787295 1.05607
-0.0203783 2.05278
0.536711 2.21555
0.231456 1.8593
0.460811 2.42866
0.185774 1.54686
0.40498 3.08121
-0.196828 0.406278
-1.79428 1.63771
0.360921 4.24532
-1.64301 -1.54388
-0.681856 1.24676
-1.13687 -0.193888
-1.41999 1.48995
-0.173528 2.32624
0.520308 1.75763
0.332388 2.49941
0.208304 1.41657
0.31679 3.25243
-0.299577 0.0960824
-1.70944 2.61647
0.950037 2.07408
-0.098634 1.26531
0.0028409 2.80261
0.164355 0.867286
-0.532375 0.587213
-1.73007 1.4817
0.0343968 4.32216
-1.41256 -1.66456
-0.933101 1.14027
-1.44397 -0.076984
-1.33214 0.536762
-1.44438 0.377282
-1.32632 0.271734
-1.45635 0.646775
-1.20597 0.120421
-1.48244 1.12714
-0.582338 0.848013
-1.71387 0.60604
-0.38466 1.55815
0.0792424 3.47619
-0.3934 -0.277582
-1.58189 3.07415
0.759092 1.05326
-0.00134982 2.15739
0.500526 1.97666
0.316015 2.19664
0.342541 1.85665
0.413056 2.39259
0.223121 1.59343
0.424512 2.95017
-0.102425 0.661806
-1.72625 0.173568
-0.586828 1.02821
-1.56317 -0.0570121
-1.15169 0.346987
-1.53615 1.08904
-0.475139 1.14909
-1.12958 -0.234124
-1.41042 1.5238
-0.149481 2.48767
0.425901 1.41281
0.305495 3.01997
-0.0962589 0.562421
-1.7964 0.652333
-0.171161 2.82446
0.225588 0.823655
-0.558992 0.513299
-1.70876 1.70521
0.245395 4.2942
-1.58085 -1.60602
-0.768705 1.14252
-1.44921 -0.147086
-1.31884 0.555499
-1.45499 0.389398
-1.30656 0.247402
-1.46617 0.725538
-1.12861 0.11988
-1.49496 1.35443
-0.221188 2.09416
0.605263 2.3806
0.129821 1.59003
0.429097 3.07197
-0.203795 0.409678
-1.79288 1.63926
0.35928 4.2462
-1.64228 -1.54484
-0.682938 1.24517
-1.14313 -0.19759
-1.41872 1.473
-0.19344 2.20165
0.575747 2.0655
0.254409 2.06445
0.412563 2.05978
0.340612 2.07411
0.370513 2.04567
0.364308 2.09133
0.354621 2.02197
0.37777 2.12668
0.337789 1.97132
0.397155 2.20641
0.30268 1.85881
0.430657 2.4001
0.212057 1.58563
0.422752 2.97727
-0.122235 0.608893
-1.77836 0.508049
-0.254488 2.19109
0.604412 2.17811
0.205647 1.89716
0.468006 2.37032
0.207475 1.63408
0.442273 2.8886
-0.0668421 0.773499
-1.48014 -0.34781
-1.25751 0.564305
-1.50532 0.535904
-1.14832 0.165429
-1.50203 1.26436
-0.31964 1.64773
0.250231 3.64562
-0.689323 -0.71206
-1.32138 2.71396
0.858414 2.16314
-0.000110564 1.5081
0.326487 3.40432
-0.461974 -0.241917
-1.55802 2.96591
0.820812 1.34612
0.0869977 2.33575
0.38714 1.61728
0.385758 2.76864
0.0402073 1.00317
-0.333139 1.16105
-0.728649 0.260225
-1.59875 2.08976
0.584206 3.82422
-1.34674 -1.34475
-1.08086 1.10441
-1.40461 -0.0400458
-1.37138 0.62224
-1.37537 0.209792
-1.41667 0.553234
-1.32744 0.194429
-1.44924 0.704077
-1.18626 0.10551
-1.48323 1.1963
-0.469002 1.14072
-1.14661 -0.246936
-1.40644 1.4782
-0.20196 2.14478
0.592495 2.21848
0.199482 1.84317
0.474319 2.47823
0.156798 1.47189
0.350917 3.24401
-0.312258 0.0937669
-1.70409 2.62304
0.948356 2.06724
-0.0931927 1.28452
0.0261498 2.95858
0.0524666 0.628186
-1.63086 -0.187517
-0.991245 0.444905
-1.58837 1.36953
-0.111438 3.08843
0.0114138 0.396283
-1.83417 1.11424
-0.0510982 4.30958
-1.32194 -1.65471
-0.984348 1.25183
-1.22696 -0.1489
-1.4222 1.20592
-0.622462 0.731739
-1.7228 1.07141
-0.124721 3.23057
-0.093334 0.161717
-1.79031 2.2821
0.940718 2.78663
-0.616577 -0.182814
-1.50997 2.69858
0.90205 2.13954
-0.0485566 1.38298
0.153461 3.43867
-0.39282 -0.222293
-1.59736 3.02577
0.79055 1.15958
0.039575 2.27213
0.437361 1.73665
0.374765 2.55734
0.162506 1.34045
0.234872 3.34961
-0.347396 -0.0691657
-1.65666 2.88354
0.868725 1.45192
0.0661426 2.16382
0.466896 1.92741
0.342812 2.26843
0.304218 1.75646
0.433487 2.57986
0.125674 1.31274
0.1903 3.36072
-0.334787 -0.0761042
-1.66094 2.89878
0.861834 1.40705
0.064315 2.18838
0.458962 1.88207
0.353902 2.33505
0.272898 1.6625
0.433749 2.77249
0.015541 0.990716
-0.43358 0.869006
-1.68565 0.230245
-0.716984 0.73085
-1.70062 1.10053
-0.130006 3.07905
0.0258673 0.409462
-1.83343 1.00028
-0.0964707 4.13623
-1.05884 -1.4333
-1.08525 1.77721
-0.0419887 3.23697
-0.130114 0.16012
-1.77874 2.33847
0.951049 2.66763
-0.512497 0.0492514
-1.61428 2.61388
0.929334 2.26147
-0.148702 1.04376
-0.681335 0.318809
-1.62707 2.0589
0.582199 3.84388
-1.37293 -1.36136
-1.06394 1.06131
-1.4645 0.0348641
-1.31715 0.434083
-1.46664 0.523352
-1.24402 0.16375
-1.48074 0.980892
-0.809218 0.413818
-1.61872 1.74547
0.130098 4.28255
-1.44835 -1.63027
-0.918327 1.09403
-1.50705 0.0144728
-1.25552 0.366365
-1.50282 0.769219
-0.986927 0.21936
-1.5367 1.64547
-0.0405739 3.92925
-0.835252 -1.11127
-1.1772 2.34979
0.685333 3.32683
-0.776171 -0.622384
-1.33016 2.50767
0.824579 2.84324
-0.423884 0.168238
-1.67632 2.47869
0.935366 2.54049
-0.354846 0.425514
-1.75213 1.82479
0.500627 4.04831
-1.54921 -1.46614
-0.866903 0.989121
-1.61074 0.29462
-0.954673 0.361561
-1.57659 1.56067
-0.0600615 3.84539
-0.721741 -0.951665
-1.23903 2.63809
0.841261 2.38388
-0.0821839 1.16233
-0.132524 1.97967
0.580444 2.53821
0.0701943 1.34256
0.189712 3.40005
-0.373089 -0.155859
-1.62426 2.97491
0.82145 1.25972
0.058452 2.27704
0.426361 1.72274
0.37974 2.58268
0.147509 1.30265
0.191331 3.34535
-0.320561 -0.0454544
-1.67384 2.85988
0.87981 1.48802
0.0601962 2.11447
0.485711 2.02527
0.312966 2.12839
0.366866 1.95968
0.385899 2.22339
0.301814 1.83191
0.433197 2.4473
0.190038 1.51611
0.386541 3.13035
-0.228617 0.314357
-1.77107 2.01098
0.745355 3.57699
-1.26277 -1.20697
-1.14573 1.2614
-1.07621 -0.0241053
-1.46595 1.58997
-0.0815036 3.2915
-0.159753 0.0633183
-1.75669 2.61876
0.957099 1.96118
-0.0733969 1.39105
0.143911 3.43923
-0.388468 -0.2205
-1.60002 3.02825
0.789245 1.15096
0.0361494 2.26235
0.443117 1.75554
0.371896 2.52678
0.178902 1.38599
0.28343 3.31494
-0.340668 -0.0188359
-1.67042 2.8136
0.898185 1.61353
0.0504374 1.99527
0.517958 2.27654
0.219704 1.7725
0.465867 2.60294
0.0984337 1.2743
0.137653 3.30358
-0.257029 0.0467456
-1.71763 2.70381
0.935421 1.82013
-0.00957299 1.66576
0.461794 3.12321
-0.272561 0.269876
-1.7495 2.19392
0.863402 3.16266
-0.910297 -0.743805
-1.27945 2.17871
0.466567 3.86205
-1.22919 -1.31333
-1.11788 1.35375
-0.889062 0.16434
-1.53746 1.91729
0.248265 4.20406
-1.4609 -1.57282
-0.928779 1.05251
-1.54488 0.112157
-1.17899 0.29202
-1.52008 1.06684
-0.557378 0.925405
-1.66976 0.260165
-0.76307 0.639782
-1.67837 1.33302
-0.0893015 3.7489
-0.595436 -0.763871
-1.33305 2.92344
0.796309 1.53565
0.143611 2.39264
0.335675 1.52716
0.376446 2.95291
-0.079448 0.674165
-1.69412 0.0358152
-0.754935 0.698737
-1.68843 1.18353
-0.115773 3.27662
-0.134193 0.0854743
-1.76824 2.54274
0.967668 2.13622
-0.156786 1.07073
-0.592747 0.506403
-1.69762 1.72517
0.248364 4.28622
-1.57331 -1.60346
-0.781306 1.12717
-1.47731 -0.108507
-1.29184 0.475067
-1.48477 0.549579
-1.1919 0.152198
-1.49153 1.1466
-0.524073 0.995153
-1.57783 -0.0567078
-1.11934 0.347955
-1.54374 1.17694
-0.335083 1.61105
0.184901 3.64549
-0.640266 -0.666446
-1.35003 2.81862
0.843348 1.84251
0.0975498 2.00196
0.497274 2.22729
0.247773 1.84327
0.455177 2.45033
0.17866 1.51387
0.384463 3.1487
-0.243818 0.276736
-1.75999 2.1441
0.840827 3.26572
-1.00511 -0.887695
-1.23818 1.92652
0.066917 4.01348
-1.02279 -1.30022
-1.12291 1.86471
0.00923924 3.74256
-0.642759 -0.77981
-1.31256 2.82148
0.832822 1.82936
0.109549 2.04724
0.482085 2.13051
0.286563 1.97961
0.418936 2.19779
0.295592 1.87543
0.43204 2.37348
0.222765 1.62485
0.436229 2.89044
-0.0648831 0.772586
-1.47903 -0.349183
-1.2585 0.567087
-1.50443 0.529743
-1.15371 0.165576
-1.50119 1.24869
-0.343313 1.55685
0.110625 3.54541
-0.480825 -0.424043
-1.49363 3.05315
0.760898 1.161
0.061082 2.38619
0.37519 1.53464
0.368531 2.90664
-0.0425067 0.761808
-1.46696 -0.363666
-1.26857 0.597837
-1.494 0.464361
-1.20757 0.178661
-1.4931 1.07992
-0.623511 0.760366
-1.72254 0.974401
-0.151537 2.85796
0.193364 0.76677
-0.870373 -0.0656328
-1.4772 2.12995
0.505647 3.89596
-1.33488 -1.37552
-1.07523 1.13547
-1.36949 -0.0760398
-1.39015 0.740504
-1.28862 0.0971218
-1.45493 0.89006
-1.00342 0.172609
-1.52275 1.64759
-0.04549 3.87345
-0.764002 -1.00826
-1.21487 2.5331
0.814575 2.72512
-0.291134 0.496691
-1.78114 1.48379
0.140897 4.38235
-1.59176 -1.66513
-0.729795 1.21969
-1.26152 -0.231887
-1.39822 1.13044
-0.823319 0.353696
-1.60041 1.81683
0.195039 4.26109
-1.48373 -1.60979
-0.892893 1.0691
-1.54085 0.073327
-1.1913 0.307753
-1.51936 1.01596
-0.633287 0.752333
-1.72064 1.00855
-0.142195 2.96387
0.114993 0.594581
-1.61719 -0.236202
-1.02766 0.434462
-1.57901 1.30251
-0.150702 2.64096
0.335581 1.13341
0.112432 3.03636
-0.0329731 0.521134
-1.80418 0.637846
-0.166499 2.89699
0.173159 0.703285
-1.18007 -0.393746
-1.36873 1.41502
-0.354953 1.45422
0.00313811 2.99044
0.0387629 0.572583
-1.73159 0.107139
-0.592269 1.02756
-1.5668 -0.0467424
-1.14355 0.343145
-1.53746 1.11578
-0.433855 1.27109
-0.550926 0.653224
-1.7342 1.28323
-0.0782998 4.02274
-0.926745 -1.25998
-1.13198 2.10972
0.345976 3.94753
-1.20295 -1.34913
-1.10925 1.42005
-0.717153 0.440156
-1.64788 1.8081
0.264293 4.24933
-1.5405 -1.58911
-0.833661 1.07441
-1.54718 0.0474615
-1.18019 0.314482
-1.52348 1.04152
-0.583136 0.865891
-1.70708 0.537175
-0.456216 1.32558
-0.401701 1.05553
-1.29729 -0.319255
-1.37145 1.04873
-1.02364 0.10905
-1.50433 1.64702
-0.0521923 3.78389
-0.654925 -0.839146
-1.28994 2.79575
0.834682 1.90158
0.0972172 1.95771
0.504658 2.3183
0.210602 1.71189
0.461527 2.73062
0.0276467 1.05798
-0.199523 1.6449
0.352511 3.49887
-0.592282 -0.478886
-1.42753 2.87968
0.839377 1.65409
0.113039 2.1914
0.435272 1.86196
0.368393 2.36778
0.253037 1.61892
0.42784 2.87143
-0.0470291 0.811895
-1.32369 -0.40138
-1.34613 0.991943
-1.15782 0.0247673
-1.46993 1.33066
-0.296261 1.72542
0.377737 3.52001
-0.641078 -0.553544
-1.38614 2.8002
0.857341 1.89578
0.0749078 1.89625
0.517962 2.46924
0.139302 1.48167
0.354993 3.25241
-0.323053 0.0727783
-1.69592 2.66328
0.9414 1.97289
-0.0511316 1.45596
0.234703 3.49582
-0.500548 -0.378584
-1.49864 2.99957
0.793961 1.29739
0.0936764 2.41068
0.348654 1.49419
0.359987 2.99105
-0.0998333 0.606162
-1.77348 0.442405
-0.296693 1.97684
0.596509 2.85811
-0.148379 0.700476
-1.71298 0.146557
-0.648096 0.889648
-1.69368 0.527943
-0.511864 1.15972
-1.16342 -0.248187
-1.40522 1.42939
-0.269598 1.8072
0.487641 3.2794
-0.456263 -0.124925
-1.59302 2.86773
0.870909 1.57259
0.0785491 2.12817
0.473061 1.98966
0.327535 2.17886
0.343611 1.88535
0.409187 2.34496
0.244803 1.66184
0.441655 2.79779
-0.00456615 0.943384
-0.676644 0.303173
-1.62436 2.08913
0.616773 3.77579
-1.32713 -1.31623
-1.09707 1.1363
-1.34915 -0.0787894
-1.40056 0.802361
-1.22474 0.0679301
-1.4682 1.10465
-0.662043 0.667984
-1.70815 1.28563
-0.0899812 3.836
-0.693344 -0.925429
-1.253 2.70622
0.842932 2.16823
0.0162149 1.54973
0.375595 3.31761
-0.40385 -0.0882181
-1.62632 2.87363
0.871367 1.51768
0.0729777 2.1451
0.470104 1.95992
0.335175 2.22147
0.325139 1.82357
0.423586 2.45342
0.191539 1.5056
0.379848 3.14624
-0.238773 0.284873
-1.76297 2.11428
0.822318 3.33627
-1.06624 -0.97333
-1.21638 1.76105
-0.0525198 3.28073
-0.161926 0.0843552
-1.75858 2.5708
0.963578 2.08507
-0.127072 1.1765
-0.17072 1.81483
0.527817 3.05208
-0.257961 0.356762
-1.76925 1.918
0.646878 3.80486
-1.4214 -1.35416
-1.03818 0.983122
-1.54281 0.213253
-1.16786 0.258382
-1.51678 1.13027
-0.474096 1.14222
-1.15154 -0.249022
-1.40568 1.46444
-0.220171 2.04518
0.604982 2.51154
0.0684839 1.37149
0.219123 3.41606
-0.405526 -0.200897
-1.59677 2.99316
0.809543 1.24192
0.0615285 2.30769
0.411537 1.66828
0.38305 2.67399
0.09697 1.15955
0.0303849 2.84332
0.127647 0.809728
-0.865455 -0.0469511
-1.48328 2.13002
0.511362 3.88985
-1.33404 -1.37217
-1.07662 1.1362
-1.36733 -0.0769471
-1.39125 0.747315
-1.28231 0.0926443
-1.45652 0.912362
-0.972736 0.200115
-1.53384 1.69716
-0.0114376 4.06186
-1.02538 -1.34648
-1.10963 1.85815
0.00564331 3.70877
-0.602206 -0.713136
-1.34743 2.90463
0.809247 1.59077
0.137742 2.32473
0.369377 1.63469
0.395651 2.75188
0.0460499 1.03124
-0.237624 1.49031
0.123596 3.50703
-0.447278 -0.350877
-1.53294 3.06185
0.761514 1.1182
0.03802 2.30629
0.423198 1.67576
0.378606 2.65664
0.108501 1.18686
0.0626814 3.01932
-0.00305243 0.539007
-1.78608 0.434112
-0.267376 2.13714
0.616821 2.34266
0.138579 1.64337
0.455378 2.95074
-0.120646 0.643709
-1.75334 0.327122
-0.416175 1.50331
0.00709591 3.06963
-0.0194041 0.445894
-1.82591 0.973194
-0.107746 4.02469
-0.909343 -1.25396
-1.13364 2.15409
0.420497 3.86172
-1.16764 -1.27838
-1.13199 1.4997
-0.480114 0.987554
-1.55938 -0.113188
-1.15997 0.367908
-1.53738 1.04327
-0.535541 0.988371
-1.59416 -0.0134702
-1.07686 0.346617
-1.5519 1.29061
-0.194707 2.29057
0.546125 1.85796
0.310533 2.35433
0.283135 1.62247
0.421264 2.8374
-0.0204502 0.876953
-1.0063 -0.205663
-1.42354 1.85668
0.0564077 4.11978
-1.15776 -1.45517
-1.07905 1.53938
-0.402449 1.20007
-0.756647 0.221646
-1.58118 2.09926
0.574621 3.83221
-1.34353 -1.3474
-1.08123 1.11129
-1.39592 -0.0490724
-1.3768 0.651043
-1.3565 0.176123
-1.42897 0.631214
-1.27291 0.133111
-1.46635 0.914307
-0.941143 0.237124
-1.54803 1.7332
0.0290901 4.17027
-1.20296 -1.51332
-1.05809 1.4443
-0.6801 0.499021
-1.67166 1.71466
0.182463 4.30437
-1.5296 -1.63074
-0.832272 1.09853
-1.51912 -0.0146747
-1.23537 0.362823
-1.51144 0.831965
-0.895174 0.316325
-1.57622 1.73915
0.0646533 4.23186
-1.31795 -1.58883
-1.00901 1.23294
-1.25429 -0.143227
-1.41884 1.12039
-0.782665 0.426071
-1.62797 1.76095
0.164725 4.28466
-1.48522 -1.6266
-0.885017 1.08048
-1.5312 0.04429
-1.21228 0.325608
-1.51555 0.9372
-0.754155 0.520511
-1.65724 1.61269
0.0419542 4.27085
-1.35042 -1.62338
-0.983746 1.19438
-1.33903 -0.137232
-1.39497 0.859047
-1.18918 0.0559885
-1.4724 1.2193
-0.461534 1.15725
-1.07165 -0.190552
-1.42403 1.67415
-0.0616166 3.51023
-0.362824 -0.323752
-1.585 3.14431
0.711634 0.881436
-0.141789 1.62536
0.37028 3.43815
-0.534633 -0.358195
-1.48963 2.93459
0.826866 1.47559
0.109782 2.32152
0.383269 1.63984
0.391141 2.73486
0.058278 1.06002
-0.147854 1.85841
0.553311 2.88946
-0.138761 0.686913
-1.72183 0.178389
-0.601639 0.990975
-1.61725 0.089291
-0.997508 0.369132
-1.57081 1.45682
-0.0916348 3.36702
-0.21993 -0.0675387
-1.71455 2.90568
0.858618 1.30995
0.0414585 2.15766
0.480488 1.95079
0.331583 2.23418
0.322058 1.80404
0.425903 2.48812
0.174406 1.45384
0.340082 3.24706
-0.308437 0.094108
-1.70564 2.62186
0.948766 2.06725
-0.0938923 1.28241
0.0236206 2.94215
0.0646206 0.653585
-1.55929 -0.30706
-1.14898 0.438966
-1.55077 0.990649
-0.56337 0.926958
-1.66955 0.264629
-0.761765 0.641211
-1.67893 1.33029
-0.0897286 3.74408
-0.589916 -0.754784
-1.33801 2.93443
0.792215 1.50534
0.143086 2.4184
0.323591 1.48686
0.361453 3.02651
-0.127903 0.537293
-1.80637 0.884435
-0.12598 3.61337
-0.435243 -0.507105
-1.48971 3.16198
0.685595 0.890949
-0.114885 1.74438
0.493357 3.12514
-0.299 0.231225
-1.73377 2.31616
0.915202 2.86536
-0.644781 -0.255485
-1.47817 2.69175
0.895631 2.18641
-0.0587202 1.32994
0.0920741 3.28597
-0.222413 0.0825752
-1.73653 2.61643
0.954597 2.01428
-0.0853215 1.3311
0.0751242 3.23469
-0.172393 0.175067
-1.76721 2.34835
0.947252 2.67546
-0.511078 0.0498111
-1.61498 2.61442
0.929507 2.25874
-0.147533 1.0481
-0.65956 0.362289
-1.64432 2.00443
0.536118 3.93344
-1.43482 -1.41499
-1.0075 0.991761
-1.55454 0.220428
-1.13844 0.259536
-1.52301 1.21309
-0.339512 1.58265
0.144316 3.60788
-0.569417 -0.565873
-1.40822 2.94695
0.804082 1.46958
0.128077 2.39657
0.340483 1.5192
0.372193 2.96091
-0.0832581 0.66018
-1.71509 0.114487
-0.65202 0.88719
-1.69431 0.54115
-0.500068 1.19112
-1.02838 -0.141636
-1.43913 1.77431
-0.00842 3.97431
-0.914035 -1.2028
-1.14837 2.14483
0.40305 3.89074
-1.18857 -1.30732
-1.1227 1.45046
-0.621184 0.63885
-1.71461 1.36476
-0.0612229 4.0905
-1.02551 -1.37452
-1.10147 1.85816
0.00653155 3.70599
-0.599581 -0.708036
-1.35003 2.90964
0.807624 1.57671
0.138123 2.33808
0.363238 1.61319
0.393764 2.79126
0.022545 0.963838
-0.51724 0.650495
-1.74207 1.26185
-0.0803795 4.02499
-0.928168 -1.26306
-1.13111 2.10597
0.339729 3.95322
-1.20397 -1.3532
-1.10794 1.41807
-0.723759 0.42746
-1.64305 1.82574
0.280404 4.23536
-1.539 -1.58016
-0.839007 1.06615
-1.55519 0.0714559
-1.1609 0.304208
-1.5266 1.10692
-0.478758 1.13401
-1.18853 -0.269003
-1.39854 1.36116
-0.39445 1.33198
-0.253037 1.5457
0.17635 3.59324
-0.572982 -0.551936
-1.41137 2.93669
0.809978 1.49746
0.12751 2.3698
0.353354 1.56171
0.383688 2.88246
-0.0328394 0.803202
-1.31991 -0.40417
-1.3466 1.00372
-1.14241 0.0290357
-1.47268 1.37312
-0.23574 2.00397
0.602636 2.65509
-0.0106744 1.11063
-0.137611 1.92991
0.574873 2.67819
-0.00590925 1.09255
-0.170424 1.77825
0.502694 3.14811
-0.329569 0.166454
-1.71102 2.47909
0.948813 2.45803
-0.316531 0.542112
-1.7796 1.35842
0.0174148 4.35045
-1.43503 -1.6854
-0.908481 1.13608
-1.45699 -0.0732453
-1.31878 0.503862
-1.46119 0.445996
-1.28148 0.206658
-1.47368 0.833999
-1.00993 0.180163
-1.52381 1.62496
-0.0546291 3.79608
-0.667521 -0.861353
-1.27948 2.76717
0.839306 1.98622
0.0753557 1.83487
0.515841 2.60556
0.0715012 1.25843
0.107016 3.2396
-0.18894 0.167287
-1.76065 2.38707
0.953479 2.58642
-0.438139 0.227055
-1.68395 2.36389
0.903351 2.86067
-0.61007 -0.19271
-1.50943 2.7158
0.900051 2.08813
-0.0266061 1.47412
0.272968 3.46897
-0.496185 -0.345078
-1.51108 2.98807
0.802438 1.32076
0.0945673 2.39261
0.357033 1.52343
0.3697 2.93938
-0.066321 0.701208
-1.63883 -0.123615
-0.965152 0.450049
-1.59463 1.41703
-0.0946575 3.37836
-0.228606 -0.08744
-1.70739 2.93905
0.841644 1.23971
0.0325054 2.16815
0.481071 1.93502
0.334172 2.25666
0.312483 1.77158
0.430439 2.5489
0.142812 1.36114
0.246528 3.36277
-0.366965 -0.101695
-1.64021 2.91535
0.853077 1.392
0.0695341 2.22201
0.443748 1.81849
0.368522 2.4317
0.225043 1.5259
0.392145 3.07073
-0.180381 0.435422
-1.8017 1.48719
0.195929 4.37625
-1.63789 -1.63623
-0.660417 1.32244
-0.841965 0.127913
-1.53629 2.04778
0.446071 4.01163
-1.42279 -1.45465
-1.00236 1.02327
-1.53563 0.151032
-1.19393 0.2811
-1.51436 1.03362
-0.624357 0.768923
-1.72204 0.945225
-0.162793 2.74105
0.277467 0.963071
-0.0930868 2.03398
0.567548 2.34316
0.167505 1.66534
0.459831 2.86978
-0.0631544 0.801442
-1.3929 -0.391655
-1.31947 0.792139
-1.37718 0.127481
-1.40983 0.604192
-1.32053 0.167525
-1.45021 0.744484
-1.15454 0.103016
-1.48771 1.2914
-0.314064 1.66222
0.275921 3.63212
-0.693248 -0.703853
-1.32297 2.70462
0.859612 2.19304
-0.0133654 1.45364
0.258393 3.46718
-0.484352 -0.331485
-1.5208 2.99761
0.798548 1.29
0.0877161 2.38978
0.361444 1.52794
0.370158 2.9286
-0.0587879 0.721146
-1.59114 -0.219932
-1.09014 0.405474
-1.56052 1.18727
-0.282613 1.83671
0.508649 3.22898
-0.420173 -0.0335817
-1.63218 2.79394
0.901916 1.72296
0.0445984 1.90718
0.527943 2.47619
0.130809 1.46848
0.341866 3.28265
-0.344516 0.0158203
-1.67589 2.75846
0.916958 1.75107
0.023706 1.81737
0.525644 2.71077
0.00473172 1.06675
-0.216466 1.58328
0.258729 3.58762
-0.624356 -0.593731
-1.37879 2.84223
0.842514 1.77171
0.105862 2.07939
0.475258 2.07038
0.306951 2.06421
0.388743 2.0592
0.352129 2.07261
0.365608 2.04896
0.365748 2.08599
0.355492 2.03015
0.375327 2.11411
0.342761 1.98952
0.39092 2.1773
0.315451 1.89967
0.420072 2.32687
0.247255 1.69026
0.446889 2.74116
0.0285438 1.04308
-0.237035 1.4972
0.13188 3.52388
-0.469535 -0.387979
-1.51049 3.05187
0.764513 1.15611
0.0562681 2.36531
0.38742 1.57016
0.37509 2.84251
-0.00202151 0.875961
-0.956665 -0.149964
-1.44255 1.96434
0.214385 4.17469
-1.38402 -1.55265
-0.992031 1.11578
-1.45081 -0.0352133
-1.32891 0.500199
-1.45217 0.423842
-1.30365 0.230434
-1.46602 0.747968
-1.11116 0.122965
-1.49787 1.40155
-0.170461 2.40662
0.48048 1.58568
0.3411 2.7565
0.0664621 1.02155
-0.22768 1.52258
0.170149 3.57283
-0.545728 -0.505927
-1.43763 2.97513
0.795858 1.38633
0.117607 2.43157
0.32801 1.46288
0.348844 3.05667
-0.145446 0.482432
-1.8107 1.19545
-0.0415076 4.29876
-1.31564 -1.64487
-0.990142 1.25818
-1.21073 -0.143411
-1.42562 1.2529
-0.527797 0.957162
-1.6303 0.0833027
-0.959235 0.405417
-1.58593 1.49288
-0.0780382 3.64542
-0.490348 -0.572582
-1.44056 3.09502
0.722662 1.0715
0.0330597 2.33439
0.412774 1.62724
0.377267 2.73719
0.0629079 1.05596
-0.150153 1.84638
0.547803 2.92638
-0.164217 0.613456
-1.78453 0.62931
-0.194276 2.58919
0.390638 1.24327
0.205678 3.14508
-0.151141 0.339052
-1.79758 1.794
0.5627 3.97825
-1.53885 -1.43244
-0.893284 0.959264
-1.61886 0.375081
-0.890041 0.421039
-1.60303 1.6042
-0.0236112 4.0957
-1.06056 -1.39444
-1.09677 1.77118
-0.0464529 3.19845
-0.0976993 0.224475
-1.79698 2.09111
0.846846 3.28123
-1.04229 -0.932116
-1.22691 1.82613
-0.0184506 3.67044
-0.54678 -0.63228
-1.39548 3.00527
0.768835 1.3123
0.116621 2.50101
0.293293 1.35459
0.280709 3.21596
-0.246031 0.187555
-1.74445 2.3865
0.945247 2.63441
-0.464512 0.156962
-1.65863 2.48588
0.929792 2.55791
-0.357763 0.413074
-1.74892 1.86617
0.546096 3.97625
-1.51152 -1.43554
-0.926596 0.955237
-1.60943 0.370602
-0.924514 0.378747
-1.58619 1.6
-0.0377324 4.01544
-0.945783 -1.26167
-1.13174 2.06131
0.263483 4.01169
-1.20382 -1.39146
-1.09623 1.42312
-0.718646 0.433975
-1.64598 1.81848
0.275468 4.24049
-1.54059 -1.58314
-0.835763 1.06981
-1.55184 0.0605139
-1.16925 0.308424
-1.5253 1.07893
-0.523253 1.01358
-1.54772 -0.115347
-1.18266 0.375018
-1.53185 0.971494
-0.653144 0.717512
-1.71511 1.13244
-0.115828 3.37203
-0.21468 -0.0774112
-1.71526 2.92194
0.850348 1.26913
0.0355351 2.16025
0.482367 1.94884
0.330976 2.23687
0.321326 1.79994
0.426361 2.49551
0.170705 1.44272
0.33028 3.26629
-0.321046 0.0587659
-1.69407 2.6887
0.936388 1.90694
-0.0269483 1.56485
0.371121 3.35827
-0.444414 -0.17638
-1.58467 2.93019
0.841865 1.41561
0.085323 2.27112
0.416368 1.72765
0.384497 2.57885
0.147492 1.30934
0.197856 3.3501
-0.328387 -0.0569513
-1.66794 2.87423
0.87333 1.45989
0.0627253 2.1441
0.475167 1.96648
0.331278 2.21196
0.330305 1.83681
0.42037 2.4292
0.203876 1.54101
0.401328 3.06944
-0.184633 0.432967
-1.80045 1.50698
0.215765 4.36515
-1.64351 -1.62483
-0.653854 1.33063
-0.799919 0.193669
-1.56324 2.06027
0.49815 3.95074
-1.40525 -1.42012
-1.0261 1.03127
-1.51608 0.117765
-1.23612 0.308968
-1.50493 0.88284
-0.857892 0.358599
-1.59428 1.75197
0.102214 4.26338
-1.39562 -1.61854
-0.961299 1.13259
-1.44392 -0.0620325
-1.33372 0.529817
-1.44377 0.38076
-1.32668 0.270508
-1.45604 0.646745
-1.2067 0.12037
-1.48228 1.12497
-0.5863 0.838732
-1.71653 0.647525
-0.347358 1.69545
0.290952 3.64009
-0.716172 -0.733993
-1.30799 2.65353
0.85704 2.35592
-0.0878679 1.16281
-0.139824 1.94606
0.578133 2.63898
0.015671 1.16345
-0.0229196 2.55701
0.323587 1.2558
0.207854 3.21063
-0.206553 0.215533
-1.76209 2.27526
0.91786 2.89608
-0.689225 -0.340277
-1.43793 2.6431
0.886323 2.36456
-0.135863 1.03284
-0.689049 0.301434
-1.6204 2.0784
0.59803 3.81031
-1.34814 -1.33888
-1.08223 1.10017
-1.40852 -0.0347842
-1.3689 0.608809
-1.38334 0.226339
-1.41038 0.519259
-1.34798 0.228962
-1.43885 0.61733
-1.2598 0.134422
-1.47098 0.953668
-0.876909 0.314261
-1.57918 1.7768
0.111632 4.25673
-1.39547 -1.61341
-0.963272 1.13017
-1.44629 -0.0578859
-1.33169 0.522038
-1.44689 0.393934
-1.31915 0.256871
-1.45977 0.680194
-1.1771 0.114943
-1.48675 1.21705
-0.426727 1.26782
-0.545828 0.664103
-1.73647 1.24246
-0.08888 3.93478
-0.810985 -1.10478
-1.18086 2.41084
0.740822 3.12354
-0.600464 -0.269186
-1.49009 2.77758
0.884914 1.91968
0.039181 1.77059
0.511796 2.80008
-0.0450865 0.906171
-0.956155 -0.141868
-1.44481 1.96224
0.213237 4.17621
-1.38496 -1.55379
-0.991094 1.11503
-1.45223 -0.0337504
-1.32748 0.496137
-1.45393 0.431756
-1.29859 0.223348
-1.46783 0.768901
-1.0886 0.131377
-1.50252 1.45795
-0.124927 2.7916
0.2259 0.874574
-0.376096 0.98815
-1.443 -0.287095
-1.30398 0.626443
-1.4572 0.343039
-1.31156 0.272221
-1.46551 0.690043
-1.1563 0.118306
-1.49076 1.27578
-0.329224 1.60457
0.181869 3.64037
-0.632015 -0.653885
-1.35674 2.83485
0.839704 1.7943
0.106634 2.06491
0.478849 2.09778
0.297658 2.02564
0.40319 2.12099
0.327662 1.98357
0.399243 2.18738
0.308238 1.88669
0.42507 2.35057
0.235412 1.65695
0.442903 2.81585
-0.0170485 0.910043
-0.856101 -0.00813075
-1.49582 2.12593
0.517348 3.88646
-1.3377 -1.37164
-1.07548 1.12897
-1.37805 -0.069001
-1.38608 0.712097
-1.31239 0.118162
-1.44804 0.803301
-1.11086 0.107793
-1.49441 1.41309
-0.164517 2.44606
0.456721 1.50222
0.330887 2.88517
-0.0110991 0.803497
-1.26675 -0.398248
-1.35946 1.15962
-0.874134 0.265327
-1.56702 1.84166
0.179586 4.24813
-1.45028 -1.60465
-0.926289 1.07735
-1.52221 0.0524924
-1.22867 0.330688
-1.51043 0.883961
-0.83845 0.3882
-1.60583 1.74134
0.105815 4.27148
-1.41005 -1.62451
-0.949729 1.1204
-1.46449 -0.0401249
-1.31293 0.471198
-1.46858 0.496341
-1.25044 0.174867
-1.48057 0.953051
-0.847626 0.358346
-1.59636 1.76999
0.127107 4.26927
-1.4274 -1.622
-0.938231 1.1034
-1.48952 -0.00607158
-1.28196 0.404492
-1.49094 0.653114
-1.11593 0.146316
-1.50256 1.371
-0.192581 2.26482
0.554857 1.91477
0.297695 2.27501
0.321167 1.7359
0.42583 2.60734
0.114717 1.26884
0.141476 3.29949
-0.255041 0.0541123
-1.71962 2.68883
0.939191 1.85603
-0.0209515 1.60956
0.415402 3.26441
-0.377778 -0.00435781
-1.65735 2.77789
0.909418 1.72897
0.0349802 1.86967
0.529862 2.57317
0.0812639 1.3084
0.16128 3.35997
-0.31976 -0.066858
-1.6698 2.89158
0.865467 1.41296
0.0619195 2.17388
0.465321 1.91019
0.346479 2.29346
0.292868 1.72091
0.435646 2.65053
0.0867972 1.19869
0.0611377 3.0286
-0.00911646 0.523591
-1.79769 0.537389
-0.204048 2.54278
0.423894 1.33668
0.265487 3.08808
-0.131175 0.440306
-1.81264 1.34224
0.0711757 4.40621
-1.55697 -1.69867
-0.769821 1.18674
-1.36316 -0.207377
-1.37109 0.815306
-1.27506 0.0652951
-1.45438 0.951869
-0.929772 0.242317
-1.55119 1.75272
0.0512757 4.202
-1.2653 -1.55562
-1.03497 1.32128
-1.03813 -0.0276626
-1.46808 1.6953
-0.0428191 3.80722
-0.687223 -0.885892
-1.26685 2.72147
0.84449 2.12526
0.0298273 1.61445
0.433476 3.17078
-0.297184 0.190354
-1.72708 2.41319
0.943247 2.606
-0.432173 0.233848
-1.68755 2.35066
0.899749 2.89056
-0.637386 -0.250068
-1.48237 2.70233
0.895754 2.15088
-0.0441158 1.39002
0.164388 3.45136
-0.411479 -0.251776
-1.57992 3.03292
0.784822 1.15701
0.0425502 2.2904
0.428075 1.70294
0.378208 2.61254
0.132527 1.25619
0.139018 3.28047
-0.237145 0.0904387
-1.73225 2.60687
0.955122 2.05001
-0.0985294 1.27578
0.0137317 2.87811
0.111204 0.751866
-1.14831 -0.360611
-1.37819 1.50104
-0.206538 2.10277
0.599922 2.334
0.152425 1.66639
0.462608 2.88525
-0.0758292 0.769905
-1.50529 -0.324149
-1.23101 0.508551
-1.52294 0.67816
-1.00509 0.222697
-1.53499 1.5985
-0.0608365 3.75277
-0.614946 -0.778111
-1.32177 2.88242
0.812117 1.65128
0.137745 2.27351
0.391486 1.71844
0.395427 2.60353
0.130029 1.27261
0.153321 3.31076
-0.270425 0.0309158
-1.70959 2.73649
0.925996 1.74916
0.0118467 1.77678
0.517013 2.82512
-0.0656983 0.853394
-1.22358 -0.370928
-1.37128 1.28206
-0.608805 0.74243
-1.72588 1.02561
-0.133637 3.09504
0.0153599 0.383186
-1.83558 1.16481
-0.0198646 4.36629
-1.42326 -1.70011
-0.911984 1.15296
-1.43147 -0.101827
-1.34123 0.579821
-1.42659 0.310817
-1.36071 0.351333
-1.4315 0.481927
-1.32406 0.22256
-1.4539 0.692856
-1.18276 0.109737
-1.48471 1.20383
-0.452979 1.18777
-0.935095 -0.0428083
-1.47426 1.96571
0.247249 4.17426
-1.41819 -1.55397
-0.96999 1.07548
-1.5064 0.0487805
-1.25629 0.351771
-1.50117 0.781571
-0.980095 0.223696
-1.53875 1.65751
-0.0332633 3.97477
-0.897159 -1.19411
-1.15097 2.18818
0.47338 3.79234
-1.1341 -1.21818
-1.14967 1.58137
-0.275462 1.67604
0.330363 3.568
-0.65875 -0.612541
-1.36166 2.7723
0.858516 1.98276
0.0555885 1.78048
0.511724 2.75449
-0.014762 0.993294
-0.502371 0.694332
-1.74749 1.08678
-0.113703 3.565
-0.392984 -0.420078
-1.54002 3.17683
0.682968 0.832647
-0.202359 1.41665
0.0745076 3.32168
-0.246423 0.0172007
-1.71706 2.75794
0.91985 1.6788
0.0238972 1.85854
0.531835 2.61298
0.0585852 1.23915
0.0815796 3.15097
-0.107685 0.322322
-1.80717 1.76428
0.549464 4.00589
-1.55847 -1.44194
-0.862287 0.979542
-1.61751 0.32333
-0.919871 0.394556
-1.59084 1.58729
-0.0415864 4.00185
-0.925717 -1.23744
-1.13845 2.11335
0.351169 3.94512
-1.20552 -1.34893
-1.10913 1.4139
-0.734427 0.408104
-1.63549 1.84983
0.301293 4.21523
-1.53457 -1.56806
-0.849361 1.0535
-1.56588 0.108825
-1.13168 0.294434
-1.53112 1.19869
-0.338561 1.59071
0.155231 3.62156
-0.592061 -0.599693
-1.38838 2.90936
0.817568 1.57717
0.129623 2.30913
0.379861 1.65992
0.395362 2.70429
0.074395 1.11084
-0.0416244 2.40842
0.41287 1.51525
0.35034 2.90373
-0.0322111 0.769496
-1.42505 -0.38855
-1.29964 0.706084
-1.44049 0.25658
-1.34628 0.357885
-1.44413 0.515533
-1.29152 0.185166
-1.46651 0.819809
-1.04495 0.151461
-1.51243 1.5594
-0.0789605 3.43692
-0.287101 -0.190445
-1.65901 3.06943
0.765608 0.990553
-0.056229 1.92879
0.558209 2.55163
0.0765176 1.33235
0.182881 3.38962
-0.359176 -0.132293
-1.63671 2.95767
0.831352 1.28889
0.0602429 2.26111
0.432258 1.75067
0.377193 2.53764
0.171347 1.37077
0.267005 3.33259
-0.348598 -0.0479302
-1.66074 2.85338
0.882025 1.52412
0.0623511 2.09877
0.489365 2.05501
0.303763 2.08649
0.38384 2.02395
0.363508 2.125
0.344892 1.97162
0.393784 2.20555
0.304518 1.85936
0.429796 2.39856
0.213107 1.58775
0.423543 2.97206
-0.118639 0.618892
-1.77108 0.444818
-0.302203 1.9487
0.582421 2.95297
-0.21542 0.508575
-1.79895 1.26856
-0.0149147 4.33214
-1.38247 -1.67457
-0.948529 1.17654
-1.38348 -0.12726
-1.37377 0.72322
-1.32806 0.122271
-1.44077 0.752868
-1.17121 0.0946471
-1.48343 1.24816
-0.387302 1.39307
-0.10337 2.25308
0.515065 1.85375
0.328095 2.36721
0.270285 1.60864
0.420567 2.87413
-0.0451639 0.809285
-1.3281 -0.402052
-1.34466 0.979226
-1.17595 0.0207539
-1.46673 1.27941
-0.379556 1.41131
-0.0661535 2.48532
0.384335 1.385
0.298757 3.09139
-0.148907 0.428587
-1.8083 1.43856
0.158179 4.39577
-1.62589 -1.65763
-0.674766 1.30452
-0.930903 0.00530275
-1.48793 1.94705
0.233324 4.18815
-1.42278 -1.56352
-0.963234 1.07575
-1.5092 0.0499519
-1.2516 0.347394
-1.5029 0.799777
-0.956586 0.245749
-1.54781 1.6898
-0.00703511 4.09021
-1.06615 -1.39165
-1.09776 1.75718
-0.0552556 3.09658
-0.0163236 0.391029
-1.83135 1.22871
0.016518 4.3983
-1.49712 -1.71225
-0.839605 1.14549
-1.45224 -0.112793
-1.31982 0.533131
-1.45707 0.411609
-1.29798 0.231211
-1.469 0.764476
-1.08925 0.132123
-1.50262 1.4556
-0.126252 2.77832
0.235298 0.896463
-0.292467 1.24727
-0.296531 1.35976
-0.0558166 2.51228
0.364351 1.33548
0.269679 3.15339
-0.186261 0.314961
-1.78395 1.94333
0.700406 3.69828
-1.35825 -1.29514
-1.0923 1.06921
-1.43429 0.00570759
-1.3496 0.520007
-1.4283 0.352708
-1.35398 0.318415
-1.43763 0.528386
-1.29908 0.18453
-1.46299 0.797229
-1.07638 0.132398
-1.50418 1.49048
-0.106871 2.99844
0.0754535 0.54173
-1.74208 0.128206
-0.545028 1.14531
-1.26406 -0.280179
-1.38701 1.13768
-0.841241 0.322586
-1.58854 1.8304
0.195445 4.25469
-1.47539 -1.60648
-0.902516 1.06828
-1.53892 0.075551
-1.19507 0.307931
-1.51831 1.00482
-0.652557 0.71156
-1.71486 1.15108
-0.112588 3.43868
-0.274932 -0.193724
-1.66448 3.07926
0.759203 0.961194
-0.0795117 1.8401
0.545187 2.81385
-0.0762449 0.852625
-1.25298 -0.380464
-1.36566 1.19667
-0.790247 0.392029
-1.61769 1.80768
0.210462 4.26406
-1.50365 -1.60825
-0.87199 1.06916
-1.54598 0.0711697
-1.18081 0.306331
-1.52199 1.04775
-0.578993 0.874796
-1.70324 0.495989
-0.498488 1.20463
-0.97385 -0.0820642
-1.45934 1.89031
0.123595 4.19096
-1.31641 -1.55636
-1.0208 1.22423
-1.26456 -0.138889
-1.41767 1.08722
-0.84074 0.336709
-1.59229 1.81203
0.175918 4.26253
-1.4663 -1.61335
-0.908657 1.07536
-1.53001 0.0581084
-1.21382 0.321004
-1.5144 0.93718
-0.758039 0.513359
-1.65467 1.62386
0.0490688 4.27515
-1.36261 -1.6274
-0.976482 1.17866
-1.36889 -0.124581
-1.3827 0.764521
-1.28775 0.0876195
-1.45373 0.898809
-0.996808 0.177239
-1.52477 1.65986
-0.0387595 3.92344
-0.829272 -1.10153
-1.18045 2.36544
0.700972 3.27693
-0.733893 -0.541422
-1.3638 2.59678
0.86238 2.54196
-0.216941 0.748914
-1.70226 0.146651
-0.688624 0.803449
-1.70682 0.864847
-0.227998 2.23999
0.580256 2.01705
0.263417 2.12989
0.388713 1.95335
0.376741 2.23245
0.302672 1.81678
0.43367 2.47356
0.17777 1.47678
0.358327 3.20977
-0.284133 0.162815
-1.72691 2.46976
0.953482 2.44504
-0.316688 0.546043
-1.77988 1.34336
0.00621135 4.33945
-1.41056 -1.67895
-0.929092 1.15033
-1.43072 -0.0942955
-1.34282 0.578296
-1.42506 0.308876
-1.36288 0.356016
-1.42936 0.472098
-1.33015 0.232527
-1.45103 0.666989
-1.20607 0.113981
-1.48116 1.13126
-0.5796 0.853829
-1.71196 0.579401
-0.40966 1.47298
-0.0175011 2.86671
0.130695 0.763469
-1.05052 -0.279444
-1.40182 1.75913
-0.0301643 3.80899
-0.696751 -0.893337
-1.26234 2.6991
0.845838 2.19506
0.00247313 1.49567
0.314693 3.41599
-0.466411 -0.258666
-1.55106 2.9731
0.816149 1.33291
0.0871405 2.34791
0.381479 1.59696
0.38369 2.80477
0.0185305 0.941224
-0.619223 0.417475
-1.66957 1.92317
0.467889 4.04948
-1.50641 -1.47429
-0.918518 0.979411
-1.60022 0.308325
-0.9827 0.33018
-1.56435 1.53764
-0.0716381 3.68351
-0.533623 -0.645155
-1.39672 3.03327
0.752173 1.23763
0.100765 2.50806
0.296212 1.34105
0.270765 3.22208
-0.246423 0.178576
-1.74286 2.40909
0.949763 2.57482
-0.41839 0.273165
-1.70081 2.26645
0.864545 3.10075
-0.826232 -0.611989
-1.32533 2.38686
0.740975 3.24788
-0.766251 -0.576443
-1.34603 2.52694
0.83681 2.777
-0.378199 0.28828
-1.71767 2.21985
0.849573 3.18619
-0.910527 -0.751224
-1.27732 2.17802
0.464943 3.8635
-1.22913 -1.31408
-1.11766 1.35396
-0.888718 0.164745
-1.53763 1.91763
0.249005 4.20371
-1.46121 -1.57256
-0.928598 1.0522
-1.54522 0.112969
-1.17816 0.291645
-1.52023 1.0696
-0.552875 0.936473
-1.65938 0.208957
-0.822753 0.55146
-1.6472 1.47597
-0.0596027 3.98236
-0.8887 -1.19779
-1.15002 2.20939
0.506397 3.73671
-1.09673 -1.16143
-1.16507 1.67675
-0.120607 2.53014
0.38665 1.32159
0.259698 3.13757
-0.168486 0.347438
-1.79393 1.79807
0.559385 3.98151
-1.53856 -1.4341
-0.893078 0.96024
-1.61846 0.37236
-0.892819 0.417966
-1.60173 1.60387
-0.0248169 4.08993
-1.05204 -1.3853
-1.0992 1.79208
-0.0344402 3.34225
-0.220958 -0.0213856
-1.7214 2.82429
0.895556 1.50078
0.0443581 2.04215
0.511664 2.18215
0.255537 1.90783
0.4455 2.32935
0.234673 1.69121
0.450787 2.75005
0.0211228 1.02646
-0.29995 1.27435
-0.232782 1.60087
0.267471 3.593
-0.637689 -0.612229
-1.36837 2.81722
0.848246 1.84655
0.0920574 1.98253
0.503039 2.27076
0.229399 1.78105
0.462874 2.57933
0.11231 1.31297
0.183439 3.36443
-0.334905 -0.0815438
-1.65971 2.9062
0.858255 1.38985
0.0639759 2.19956
0.45497 1.86145
0.35858 2.36586
0.258029 1.61909
0.426723 2.86635
-0.0429256 0.821793
-1.28006 -0.39532
-1.35786 1.11943
-0.947558 0.175041
-1.53099 1.77859
0.0579566 4.19488
-1.26151 -1.54894
-1.03799 1.32712
-1.02137 -0.0112757
-1.47374 1.73068
-0.0219785 3.95128
-0.875292 -1.15733
-1.16201 2.24585
0.55884 3.6427
-1.03266 -1.06031
-1.19116 1.84629
-0.0066878 3.71576
-0.603184 -0.722824
-1.3439 2.90351
0.80881 1.59367
0.1383 2.32407
0.369421 1.63577
0.39582 2.75009
0.0470631 1.03428
-0.227601 1.52818
0.177178 3.57913
-0.557336 -0.522801
-1.42724 2.95873
0.802345 1.43351
0.122893 2.40925
0.336629 1.49863
0.364439 2.996
-0.105787 0.595441
-1.78188 0.518159
-0.242119 2.26561
0.578685 1.97302
0.273632 2.19017
0.363615 1.85972
0.403044 2.38287
0.231674 1.60548
0.427721 2.91819
-0.0803732 0.722783
-1.61604 -0.16656
-1.03011 0.413186
-1.57426 1.32514
-0.1421 2.71317
0.285409 1.00697
-0.0243651 2.39083
0.413248 1.54165
0.358285 2.86571
-0.00991239 0.836451
-1.14036 -0.332215
-1.38555 1.51803
-0.178164 2.27333
0.544505 1.87957
0.308703 2.3253
0.296114 1.66447
0.426798 2.7508
0.0323744 1.03006
-0.26656 1.38762
0.00196515 2.91526
0.0908527 0.691186
-1.40951 -0.423736
-1.30297 0.757023
-1.41704 0.190199
-1.3764 0.455605
-1.40718 0.350594
-1.38192 0.365732
-1.4098 0.414539
-1.37089 0.310861
-1.42271 0.488316
-1.33675 0.231665
-1.44672 0.648148
-1.22686 0.11937
-1.47754 1.0647
-0.696102 0.605302
-1.68954 1.45326
-0.0391914 4.14709
-1.11627 -1.4645
-1.0768 1.6394
-0.184192 2.07707
0.594685 2.366
0.14242 1.61897
0.444104 2.99641
-0.149941 0.557586
-1.80181 0.856893
-0.130118 3.4824
-0.307594 -0.271043
-1.62905 3.14608
0.713052 0.840855
-0.204744 1.39539
0.0528025 3.213
-0.146194 0.21164
-1.78066 2.20947
0.901712 3.01871
-0.806783 -0.559816
-1.34375 2.42965
0.780592 3.10335
-0.647707 -0.339237
-1.45153 2.72459
0.886708 2.10279
-0.0137439 1.50409
0.31454 3.42712
-0.478666 -0.283321
-1.538 2.97451
0.813739 1.33893
0.0908635 2.35934
0.374481 1.57786
0.381529 2.84012
-0.00336331 0.879507
-0.945627 -0.135734
-1.44756 1.98598
0.252395 4.15878
-1.40196 -1.54289
-0.984829 1.08837
-1.48594 0.0178269
-1.28776 0.3997
-1.48722 0.641334
-1.13366 0.141135
-1.499 1.32467
-0.24849 1.95663
0.590202 2.81542
-0.110393 0.800777
-1.48603 -0.331098
-1.2536 0.546436
-1.50894 0.569002
-1.12079 0.166891
-1.50648 1.34157
-0.216651 2.12675
0.600762 2.28714
0.170134 1.73783
0.477266 2.71601
0.0284149 1.07911
-0.148931 1.86357
0.555453 2.87755
-0.131052 0.709942
-1.68852 0.0447269
-0.772735 0.665949
-1.67988 1.26097
-0.103077 3.49733
-0.332847 -0.298273
-1.60827 3.15145
0.708234 0.846333
-0.192769 1.43959
0.104567 3.42694
-0.357039 -0.186442
-1.62459 3.02067
0.795184 1.14554
0.0287331 2.22839
0.460478 1.82133
0.359895 2.42414
0.232051 1.53467
0.396384 3.04733
-0.163357 0.481072
-1.80781 1.25137
-0.0116161 4.34632
-1.40408 -1.68523
-0.931122 1.15982
-1.41577 -0.108533
-1.35374 0.624428
-1.39933 0.239648
-1.39526 0.467056
-1.38169 0.299088
-1.41254 0.46887
-1.35704 0.263634
-1.43385 0.56441
-1.29283 0.166754
-1.46348 0.829388
-1.04397 0.149832
-1.51215 1.56325
-0.0778752 3.45431
-0.303441 -0.221573
-1.64341 3.09652
0.747627 0.943241
-0.0897151 1.80742
0.53283 2.91644
-0.144959 0.651319
-1.75731 0.374492
-0.379062 1.63056
0.169075 3.65834
-0.644693 -0.683759
-1.34305 2.81079
0.844009 1.86564
0.0936421 1.97353
0.503822 2.28816
0.222551 1.75586
0.463628 2.63346
0.0829694 1.22418
0.0821162 3.13384
-0.0946275 0.351806
-1.81395 1.61868
0.38862 4.22724
-1.65128 -1.5278
-0.671076 1.26065
-1.07832 -0.152795
-1.43335 1.64204
-0.0711249 3.38681
-0.245386 -0.101389
-1.69729 2.96007
0.830571 1.20367
0.0273281 2.17124
0.482422 1.93173
0.33405 2.26127
0.310778 1.76479
0.43105 2.56171
0.136075 1.3412
0.223798 3.36881
-0.360322 -0.10445
-1.64269 2.92288
0.849497 1.36967
0.0675297 2.23027
0.441424 1.80412
0.370722 2.45384
0.21405 1.49401
0.373335 3.13732
-0.226913 0.307537
-1.77046 2.02993
0.761922 3.53133
-1.22762 -1.16961
-1.16082 1.34344
-0.86649 0.207972
-1.55327 1.92015
0.274051 4.1952
-1.47662 -1.56535
-0.916697 1.04159
-1.55847 0.142093
-1.14415 0.282386
-1.5263 1.17553
-0.382234 1.43172
-0.0417837 2.66021
0.271547 1.08746
0.0525213 2.83401
0.125365 0.829383
-0.788378 0.0759664
-1.53342 2.19833
0.64953 3.6514
-1.1947 -1.19371
-1.15588 1.42726
-0.653229 0.579213
-1.69594 1.53186
0.0244355 4.28411
-1.35271 -1.63439
-0.978731 1.19587
-1.33872 -0.139461
-1.3947 0.860932
-1.18808 0.0557032
-1.47251 1.22277
-0.45558 1.17459
-0.99273 -0.111951
-1.44962 1.85584
0.0730947 4.15595
-1.22172 -1.50676
-1.05818 1.40148
-0.805272 0.273061
-1.58338 1.95637
0.372603 4.12238
-1.48828 -1.51804
-0.922356 1.00904
-1.58085 0.22638
-1.0682 0.285024
-1.54036 1.37871
-0.142116 2.67199
0.311729 1.07736
0.0587428 2.83291
0.123763 0.832615
-0.779109 0.0919892
-1.54007 2.20096
0.658771 3.63409
-1.18474 -1.17982
-1.16027 1.45161
-0.583528 0.733994
-1.73117 1.03403
-0.12859 3.19182
-0.0610539 0.225492
-1.80759 2.01887
0.806833 3.42949
-1.17078 -1.09501
-1.1847 1.48442
-0.47371 1.02023
-1.49162 -0.213159
-1.26314 0.490457
-1.50401 0.611335
-1.10833 0.161611
-1.50701 1.38053
-0.177769 2.36398
0.505313 1.68033
0.339581 2.61235
0.148352 1.24902
0.140454 3.2713
-0.229737 0.1076
-1.73762 2.56509
0.959801 2.15184
-0.148964 1.08703
-0.505002 0.712847
-1.74675 1.02071
-0.12417 3.33226
-0.177301 -0.00955042
-1.74079 2.78709
0.910185 1.55867
0.0329612 1.96167
0.529029 2.36597
0.179014 1.63927
0.4489 2.90993
-0.0860312 0.728828
-1.61155 -0.173198
-1.04175 0.408749
-1.5711 1.30328
-0.159067 2.56171
0.388286 1.27869
0.230698 3.15021
-0.165974 0.327475
-1.79175 1.86437
0.631012 3.85135
-1.46304 -1.37855
-0.996943 0.946788
-1.58396 0.338203
-1.02071 0.289571
-1.54876 1.49355
-0.0881132 3.37123
-0.224987 -0.0747175
-1.71114 2.91809
0.852451 1.28498
0.0391854 2.16552
0.478858 1.93667
0.335024 2.25443
0.312959 1.77506
0.430261 2.54255
0.146065 1.37099
0.257488 3.35677
-0.367237 -0.0942929
-1.64181 2.9059
0.857696 1.41421
0.0699586 2.20718
0.449287 1.84538
0.363257 2.39051
0.245472 1.58456
0.417327 2.9428
-0.0929694 0.679457
-1.69819 0.057118
-0.733986 0.732525
-1.69656 1.09384
-0.134776 3.00264
0.0839745 0.532454
-1.74697 0.143976
-0.520712 1.20951
-1.00276 -0.110575
-1.44918 1.82912
0.0439123 4.11942
-1.14665 -1.45069
-1.08072 1.56522
-0.337033 1.4181
-0.0201718 2.79548
0.178092 0.874562
-0.47342 0.730656
-1.75043 0.901606
-0.148306 2.96184
0.119092 0.597618
-1.60526 -0.258077
-1.0563 0.427538
-1.5718 1.2438
-0.203976 2.24983
0.565697 1.96313
0.283024 2.20686
0.353447 1.83548
0.410059 2.42489
0.210323 1.54546
0.403453 3.05367
-0.172661 0.464294
-1.80553 1.34851
0.0609529 4.39793
-1.53679 -1.69965
-0.796851 1.16218
-1.42 -0.16283
-1.34267 0.636871
-1.41004 0.248512
-1.38384 0.433594
-1.40126 0.352554
-1.38891 0.378022
-1.40117 0.387181
-1.38569 0.351077
-1.40662 0.417091
-1.37477 0.315535
-1.41899 0.474136
-1.3461 0.248144
-1.44137 0.607965
-1.25917 0.137607
-1.4717 0.953359
-0.875061 0.317026
-1.58025 1.77674
0.112996 4.25768
-1.39806 -1.61413
-0.961393 1.1276
-1.45046 -0.0533874
-1.3277 0.509823
-1.45229 0.41679
-1.30513 0.234568


