-2.72695 1.94223
-0.136526 1.11528
-2.71481 1.18566
-0.00372694 1.57743
-2.64273 0.068998
0.129076 2.28978
-1.67691 -0.0993506
-1.3179 2.77076
-1.46008 0.640486
-1.73328 1.31673
-1.59556 0.924223
-1.70927 1.08178
-1.59603 1.01963
-1.7391 1.03772
-1.53447 1.10064
-1.83062 1.06992
-1.36952 1.45341
-2.06228 1.20935
-1.58728 4.65139
-0.48294 2.52596
-1.71269 0.0539565
-1.30674 2.53727
-1.83842 0.327076
-1.27672 2.75675
-1.52408 0.511118
-1.62455 1.34319
-1.77987 0.877577
-1.42361 1.37208
-2.00151 1.15265
-1.30804 3.56497
-1.17039 5.2804
-0.752059 1.6459
-2.4834 1.3745
-0.111285 3.58445
-1.11253 4.14655
-0.616881 3.78057
-0.931215 4.45857
-0.714384 3.42197
-1.25445 5.13249
-0.688245 2.06395
-2.43274 0.680871
-0.2958 4.35569
-0.894021 2.82054
-1.39461 0.649394
-1.78538 1.39272
-1.49311 1.03339
-1.84933 1.14906
-1.3427 1.52162
-2.09624 1.21751
-1.77071 5.1232
-0.599164 1.45326
-2.53761 1.51644
-0.022172 2.96262
-1.15162 3.78201
-0.81002 4.63186
-0.777444 3.15095
-1.41228 4.63665
-0.53206 2.78041
-1.14473 1.55584
-2.23748 1.45947
-1.37853 5.81231
-1.03116 -0.0579166
-1.6937 2.10459
-1.53517 0.745477
-1.70891 1.20457
-1.62299 0.948558
-1.68391 1.05956
-1.6311 1.0091
-1.69217 1.02657
-1.6095 1.03562
-1.72757 1.02216
-1.55058 1.08788
-1.81029 1.05419
-1.40585 1.34768
-2.01018 1.19335
-1.33316 3.71615
-0.862727 4.83869
-0.76518 2.70174
-1.59122 0.253268
-1.45207 1.6615
-2.02087 0.956245
-1.41321 4.04036
-0.521776 3.84494
-0.955515 4.34629
-0.69263 3.56138
-1.06839 4.88127
-0.702063 2.6677
-1.61409 0.207885
-1.41314 1.78259
-2.06382 0.93435
-1.63796 4.75244
-0.497719 2.29995
-2.17316 0.154802
-1.73075 6.00754
-1.16695 -0.73846
-1.45466 2.99506
-1.16886 3.09353
-1.16065 3.18653
-1.35777 4.29095
-0.504608 3.36484
-1.25354 5.00604
-0.661569 2.34437
-2.19665 0.27007
-1.65109 6.00486
-1.16409 -0.672695
-1.45438 2.835
-1.21045 1.56061
-2.19627 1.38213
-1.69205 5.86377
-1.02772 -0.28984
-1.60876 2.25533
-1.62878 0.576905
-1.54158 1.32502
-1.87957 0.978222
-1.27759 1.93959
-2.17673 0.970229
-1.8604 5.78692
-0.989963 -0.309175
-1.62137 2.30542
-1.56014 0.645521
-1.64485 1.24672
-1.73314 0.909372
-1.51096 1.18791
-1.87825 1.07371
-1.28637 1.8313
-2.17325 1.0663
-1.86244 5.76087
-0.969318 -0.243193
-1.655 2.28002
-1.50346 0.746947
-1.73888 1.2311
-1.57335 0.978336
-1.75214 1.07285
-1.51915 1.10717
-1.84769 1.08858
-1.33988 1.55643
-2.10463 1.20158
-1.80768 5.21545
-0.636194 1.19607
-2.44362 1.97947
-0.1261 3.43551
-1.17369 4.38658
-0.589598 3.36201
-1.28244 5.08551
-0.669869 2.16019
-2.37465 0.537951
-0.559403 4.94387
-0.877639 1.53597
-2.39478 1.60512
-0.34434 4.31456
-0.906369 3.16993
-1.3888 4.49224
-0.513084 3.01284
-1.29994 4.25974
-0.528278 3.46804
-1.15583 4.90478
-0.675235 2.59444
-1.76801 0.0790022
-1.29897 2.84675
-1.33206 0.958699
-1.94341 1.43066
-1.2138 2.53859
-1.91656 0.307327
-1.3702 3.69591
-0.881432 4.89004
-0.762516 2.58032
-1.87141 0.0889725
-1.40414 3.80268
-0.708011 4.52863
-0.81447 3.31121
-1.46117 5.21541
-0.662181 1.73617
-2.52678 1.115
-0.035386 3.28904
-1.17248 4.17986
-0.587068 3.69254
-0.98257 4.58981
-0.703141 3.20789
-1.46725 5.01774
-0.60553 2.12895
-2.39269 0.504517
-0.460167 4.7579
-0.865516 1.92412
-2.42471 1.05415
-0.323712 4.36047
-0.894419 2.92957
-1.1604 1.61227
-2.23869 1.39654
-1.40121 5.82977
-1.04005 -0.106015
-1.67047 2.11739
-1.58313 0.673538
-1.63174 1.22574
-1.74739 0.924549
-1.49134 1.2119
-1.90316 1.09616
-1.25354 2.07713
-2.17512 0.840897
-1.87126 5.79809
-1.00248 -0.35908
-1.59826 2.3371
-1.58351 0.602578
-1.60305 1.27603
-1.79642 0.923937
-1.40584 1.39959
-2.02215 1.17193
-1.38187 3.94514
-0.585632 4.11932
-0.88513 3.96949
-0.752561 4.15403
-0.795754 3.90673
-0.809986 4.26756
-0.765091 3.73458
-0.906933 4.58188
-0.73617 3.24661
-1.47061 5.10798
-0.628855 1.95473
-2.48919 0.744565
-0.110514 3.76944
-1.04014 3.78564
-0.820632 4.58454
-0.772499 3.24601
-1.48281 5.09267
-0.622067 1.9707
-2.48364 0.714946
-0.12438 3.82927
-1.02229 3.7028
-0.918539 4.79683
-0.74561 2.83678
-1.22766 1.16635
-2.07726 1.56173
-1.72431 5.05722
-0.57743 1.66457
-2.56309 1.0984
0.0119691 2.94439
-1.11975 3.58478
-1.12864 5.16946
-0.732021 1.9618
-2.46478 0.868684
-0.184316 3.99774
-0.978907 3.512
-1.22741 5.22293
-0.718571 1.83296
-2.49618 1.03978
-0.0961309 3.62451
-1.09094 4.02326
-0.653531 4.02538
-0.857499 4.10203
-0.742403 3.94621
-0.823608 4.20595
-0.756763 3.81272
-0.863258 4.43037
-0.74573 3.49
-1.16803 5.05839
-0.697296 2.26071
-2.29509 0.430636
-1.03847 5.63787
-1.05078 0.116078
-1.7538 2.01556
-1.43368 0.971701
-1.87795 1.25691
-1.29425 1.70457
-2.15971 1.16508
-1.88207 5.67879
-0.911682 -0.0647798
-1.75041 2.27387
-1.28088 1.41539
-2.11685 1.37308
-1.8491 5.38009
-0.716815 0.748938
-2.20114 2.38498
-0.792626 5.10505
-0.825827 1.67533
-2.44738 1.39005
-0.204082 3.94149
-1.00438 3.73881
-0.874314 4.69114
-0.755746 3.04958
-1.21615 3.74851
-0.843536 4.74387
-0.768009 2.92269
-1.11185 2.04243
-2.27937 0.957045
-1.21784 5.75376
-1.04895 -0.00378458
-1.70625 2.05821
-1.53092 0.766062
-1.72086 1.19848
-1.60088 0.966408
-1.71675 1.05894
-1.578 1.04442
-1.76748 1.04173
-1.48427 1.17579
-1.89979 1.11923
-1.25803 2.01994
-2.18257 0.902418
-1.84323 5.82516
-1.0173 -0.382004
-1.58329 2.34808
-1.60568 0.570931
-1.56588 1.31125
-1.84929 0.950749
-1.31987 1.70332
-2.13995 1.13105
-1.89689 5.5344
-0.816705 0.270785
-1.93334 2.36699
-1.57962 4.78117
-0.517757 2.35029
-2.11049 0.106992
-1.96669 5.80861
-1.04738 -0.580964
-1.51495 2.59146
-1.46565 0.718267
-1.75981 1.28213
-1.53938 0.999422
-1.79468 1.09911
-1.44361 1.23593
-1.95124 1.16766
-1.2269 2.68544
-1.69332 0.310693
-1.36944 1.84616
-2.10394 0.946703
-1.83298 5.23495
-0.646666 1.1008
-2.40061 2.11092
-0.188223 3.68192
-1.09441 4.21817
-0.619725 3.66796
-0.986887 4.6436
-0.706921 3.12237
-1.39481 4.59385
-0.529464 2.86066
-1.08739 2.54379
-1.97601 0.276232
-1.59253 4.53165
-0.453847 2.69347
-1.23515 1.0364
-2.02836 1.58392
-1.45742 4.29789
-0.465743 3.25315
-1.34618 5.02017
-0.637481 2.24939
-2.2944 0.383795
-1.02799 5.63153
-1.05236 0.117423
-1.75357 2.01287
-1.43564 0.967749
-1.8751 1.25474
-1.29937 1.67792
-2.15294 1.17882
-1.88946 5.63363
-0.881174 0.0367113
-1.8052 2.29474
-1.18435 2.19296
-2.19088 0.738525
-1.80484 5.89045
-1.06569 -0.500449
-1.52461 2.47045
-1.59945 0.534502
-1.55804 1.33985
-1.86409 0.949416
-1.29676 1.82784
-2.16509 1.05713
-1.88424 5.71264
-0.938016 -0.158045
-1.70192 2.27255
-1.39546 0.997065
-1.91466 1.31413
-1.23811 2.10538
-2.18015 0.818912
-1.85368 5.82798
-1.02256 -0.407533
-1.57261 2.37115
-1.60657 0.561838
-1.56121 1.31994
-1.85647 0.953275
-1.30879 1.75834
-2.15297 1.1023
-1.89775 5.63097
-0.881954 0.0253629
-1.80033 2.29589
-1.18805 2.12439
-2.21117 0.825135
-1.70134 5.93049
-1.09018 -0.493528
-1.51431 2.45878
-1.63198 0.50033
-1.50745 1.40814
-1.93193 0.996223
-1.23473 2.53919
-1.90037 0.310243
-1.33555 3.48542
-1.34631 5.4298
-0.76566 1.2243
-2.37002 1.97775
-0.313052 4.15295
-0.949282 3.54604
-1.15216 5.13202
-0.716706 2.07357
-2.4244 0.700978
-0.331384 4.44114
-0.880767 2.65714
-1.78074 0.141304
-1.29225 2.76429
-1.49627 0.563019
-1.67129 1.3226
-1.706 0.870636
-1.5426 1.16521
-1.84033 1.03654
-1.347 1.54881
-2.09788 1.19485
-1.77866 5.1396
-0.605289 1.40604
-2.52475 1.60974
-0.0351908 3.01636
-1.18032 3.97808
-0.640548 4.11106
-0.857703 3.9847
-0.76058 4.13074
-0.792155 3.93623
-0.802697 4.21796
-0.768094 3.8042
-0.863701 4.44845
-0.746703 3.4637
-1.20663 5.1028
-0.694942 2.14787
-2.38349 0.581009
-0.517475 4.85985
-0.868107 1.73056
-2.42943 1.33488
-0.271533 4.1652
-0.941098 3.36948
-1.46006 5.29591
-0.689166 1.54542
-2.50415 1.4719
-0.0660135 3.31354
-1.18653 4.28812
-0.577438 3.5011
-1.12575 4.89567
-0.6842 2.6241
-1.70564 0.117458
-1.31511 2.32843
-2.01757 0.501927
-1.6085 4.61275
-0.468302 2.54932
-1.63226 0.122888
-1.36925 1.99655
-2.09033 0.810185
-1.81009 5.15418
-0.611983 1.31174
-2.49669 1.78031
-0.0633108 3.13817
-1.21709 4.26623
-0.563612 3.51622
-1.11182 4.86138
-0.684164 2.6954
-1.52006 0.334439
-1.55265 1.48972
-1.89451 0.891692
-1.25561 2.20186
-2.13494 0.689324
-1.94251 5.59123
-0.870074 0.0214434
-1.80475 2.31555
-1.17982 2.2779
-2.15528 0.626866
-1.92284 5.74902
-0.980192 -0.333657
-1.61805 2.33436
-1.54199 0.663852
-1.67032 1.24213
-1.69376 0.908226
-1.57288 1.11784
-1.79445 1.01781
-1.42912 1.3011
-1.98006 1.17036
-1.25521 3.16809
-1.33525 4.17108
-0.520095 3.61018
-1.04917 4.68789
-0.685534 3.02424
-1.21409 3.76207
-0.825127 4.70269
-0.773196 3.00617
-1.13234 3.12055
-1.20319 3.53475
-1.24723 5.31913
-0.744291 1.55504
-2.47551 1.51161
-0.117589 3.56755
-1.12123 4.19392
-0.608569 3.69408
-0.97473 4.59531
-0.707246 3.20298
-1.46752 4.99906
-0.600668 2.16173
-2.36629 0.458935
-0.592315 5.013
-0.890458 1.36323
-2.34001 1.80563
-0.509132 4.66981
-0.844858 2.50046
-2.0457 0.2065
-1.92856 5.31891
-0.703461 0.693356
-2.18444 2.42439
-0.83966 5.17115
-0.830512 1.53431
-2.42216 1.59559
-0.248555 4.03978
-0.97834 3.6415
-1.00172 4.92862
-0.729498 2.5565
-1.8965 0.0797756
-1.47588 4.11069
-0.473189 3.61552
-1.05969 4.65412
-0.676702 3.07109
-1.31684 4.27113
-0.521167 3.43458
-1.18698 4.9436
-0.671137 2.50443
-1.95536 0.0737967
-1.69319 4.76115
-0.490474 2.19236
-2.30491 0.294571
-0.924342 5.52176
-1.02485 0.299169
-1.84161 2.02237
-1.22884 1.82798
-2.21597 1.13101
-1.64764 5.90514
-1.06567 -0.376605
-1.56026 2.31368
-1.68258 0.508625
-1.44952 1.49656
-2.00339 1.05206
-1.32706 3.65263
-0.978705 5.03795
-0.750055 2.24777
-2.31066 0.501029
-0.9501 5.53054
-1.01216 0.332904
-1.86167 2.0396
-1.19785 2.16491
-2.19175 0.768828
-1.8027 5.88743
-1.06253 -0.489091
-1.52909 2.45502
-1.60804 0.529582
-1.54651 1.35104
-1.87935 0.960747
-1.27652 1.95716
-2.17603 0.953084
-1.86384 5.78508
-0.98946 -0.310591
-1.62114 2.30702
-1.55928 0.646275
-1.64604 1.24644
-1.73136 0.909094
-1.51381 1.18393
-1.87442 1.07077
-1.29214 1.79732
-2.16789 1.09007
-1.87425 5.72898
-0.947549 -0.181048
-1.68861 2.27112
-1.4293 0.9084
-1.85919 1.2789
-1.33029 1.52383
-2.10594 1.23603
-1.81231 5.23419
-0.644328 1.14783
-2.42045 2.0499
-0.158759 3.57157
-1.13068 4.31011
-0.603858 3.50429
-1.12357 4.91165
-0.687292 2.59296
-1.78314 0.0767923
-1.30322 2.97558
-1.14459 2.04336
-2.25877 0.945756
-1.37353 5.85997
-1.08097 -0.224218
-1.60479 2.15588
-1.70398 0.552188
-1.43774 1.49687
-2.01411 1.07191
-1.36167 3.835
-0.690203 4.45348
-0.823577 3.45045
-1.26261 5.19033
-0.700416 1.91732
-2.48579 0.891924
-0.122833 3.77615
-1.04254 3.8224
-0.785525 4.49011
-0.784694 3.40987
-1.30812 5.20479
-0.692762 1.86671
-2.49955 0.955081
-0.0887044 3.61877
-1.08981 4.00407
-0.660864 4.06606
-0.849887 4.0452
-0.752689 4.03437
-0.803672 4.07307
-0.772855 4.00471
-0.797367 4.11264
-0.773204 3.95022
-0.807913 4.19678
-0.765211 3.83098
-0.851659 4.39873
-0.749505 3.53906
-1.10213 4.97084
-0.702987 2.47026
-2.03612 0.131765
-1.94415 5.33888
-0.718139 0.609245
-2.1371 2.44308
-1.09167 5.48504
-0.883663 0.827495
-2.13598 2.16971
-1.46308 5.77241
-0.968965 0.103619
-1.78865 2.1426
-1.27845 1.4716
-2.13181 1.34637
-1.87443 5.50224
-0.790475 0.401382
-2.00297 2.39279
-1.77362 5.52735
-0.785834 0.543422
-2.06751 2.37536
-1.59709 5.75634
-0.936037 0.113154
-1.80857 2.19272
-1.21628 1.85689
-2.22538 1.11357
-1.58987 5.90966
-1.07411 -0.359396
-1.56144 2.29039
-1.69891 0.505883
-1.42802 1.54561
-2.0305 1.06308
-1.43328 4.13635
-0.485705 3.60146
-1.06365 4.68148
-0.678611 3.02683
-1.22418 3.82099
-0.750873 4.52811
-0.799047 3.33409
-1.42722 5.23263
-0.674159 1.72656
-2.52241 1.14805
-0.0426809 3.31792
-1.17005 4.19538
-0.5868 3.66617
-0.997232 4.63228
-0.701227 3.1361
-1.41711 4.69475
-0.542931 2.69302
-1.34547 0.682237
-1.83076 1.45629
-1.38917 1.25628
-1.99939 1.25579
-1.2947 3.50652
-1.30772 5.39386
-0.758641 1.3346
-2.41216 1.8422
-0.223074 3.8948
-1.02405 3.90818
-0.728385 4.27926
-0.808022 3.73944
-0.894561 4.59015
-0.742131 3.23541
-1.47576 5.07764
-0.619447 2.00797
-2.46693 0.665442
-0.171793 4.00385
-0.972938 3.43867
-1.36457 5.3113
-0.713232 1.56532
-2.49416 1.46526
-0.0837097 3.41631
-1.16306 4.27114
-0.587718 3.54345
-1.08643 4.83545
-0.689794 2.75344
-1.37083 0.653093
-1.80286 1.4249
-1.45417 1.09995
-1.90339 1.1906
-1.25424 2.01341
-2.18652 0.912955
-1.82704 5.84186
-1.02758 -0.400747
-1.57215 2.36088
-1.61718 0.553065
-1.54562 1.3366
-1.87749 0.967854
-1.27956 1.93085
-2.17583 0.977148
-1.8628 5.78136
-0.986089 -0.298699
-1.62694 2.30101
-1.55125 0.660185
-1.65971 1.24041
-1.70981 0.908973
-1.54837 1.14089
-1.82765 1.03779
-1.37045 1.46277
-2.0635 1.20316
-1.59444 4.67049
-0.485907 2.48757
-1.81067 0.00488378
-1.35137 3.45075
-1.41886 5.464
-0.766971 1.1066
-2.32393 2.09875
-0.430183 4.44237
-0.878756 3.04491
-1.14155 3.15598
-1.28096 3.96172
-0.614565 4.12593
-0.870251 3.96343
-0.760666 4.166
-0.791091 3.88817
-0.818339 4.29964
-0.76171 3.68805
-0.943316 4.67436
-0.728007 3.08258
-1.30672 4.20813
-0.527815 3.55798
-1.08189 4.77179
-0.683118 2.86981
-1.12458 1.81248
-2.28563 1.22691
-1.11621 5.63728
-0.995629 0.275755
-1.84602 2.07283
-1.2064 2.02141
-2.22071 0.940122
-1.64186 5.92776
-1.08761 -0.440567
-1.52978 2.38442
-1.67882 0.484696
-1.44541 1.51917
-2.01077 1.04767
-1.35324 3.78933
-0.747891 4.59943
-0.799033 3.187
-1.45695 4.8236
-0.560206 2.45771
-1.95386 0.0314574
-1.7296 4.84024
-0.508788 2.00752
-2.46652 0.520542
-0.16245 4.00721
-0.968767 3.38473
-1.45296 5.31357
-0.696767 1.50665
-2.49342 1.5446
-0.0804203 3.36573
-1.17861 4.30509
-0.581571 3.47983
-1.14706 4.93176
-0.682432 2.54458
-1.88471 0.0614045
-1.45781 4.03479
-0.504422 3.81744
-0.970536 4.38033
-0.687632 3.5072
-1.13038 4.97653
-0.694854 2.45424
-2.05755 0.144473
-1.98433 5.46651
-0.805204 0.21294
-1.91533 2.39196
-1.52281 4.61705
-0.492402 2.66819
-1.34379 0.672854
-1.82807 1.46068
-1.3951 1.23747
-1.98976 1.25156
-1.26959 3.32573
-1.58966 5.25878
-0.657714 1.48844
-2.51181 1.53177
-0.0523344 3.19697
-1.20345 4.25649
-0.56964 3.54149
-1.08945 4.82583
-0.687416 2.77029
-1.3245 0.785639
-1.88404 1.47205
-1.27465 1.73145
-2.17688 1.16835
-1.83695 5.78073
-0.978448 -0.250585
-1.64773 2.27461
-1.5252 0.710222
-1.70475 1.22841
-1.63455 0.931932
-1.66373 1.06746
-1.66349 0.995785
-1.6438 1.03603
-1.68301 1.01093
-1.61933 1.03771
-1.71583 1.01633
-1.56875 1.07162
-1.7859 1.03999
-1.44956 1.24523
-1.94875 1.15441
-1.22702 2.65384
-1.74608 0.286782
-1.31455 2.15055
-2.10355 0.705195
-1.89068 5.34006
-0.704895 0.741972
-2.2056 2.39913
-0.753709 5.04095
-0.821306 1.82455
-2.45398 1.16356
-0.207495 4.00567
-0.982167 3.5844
-1.09514 5.07304
-0.721537 2.21796
-2.33343 0.51501
-0.801636 5.33574
-0.955533 0.715186
-2.04948 2.09566
-1.79954 5.42552
-0.732458 0.747938
-2.19081 2.37095
-0.865794 5.216
-0.838087 1.41985
-2.38895 1.74752
-0.324295 4.23284
-0.926909 3.35491
-1.4714 5.27979
-0.681553 1.57516
-2.51223 1.41267
-0.0551549 3.2743
-1.19005 4.26413
-0.575546 3.53753
-1.09241 4.83639
-0.687739 2.7496
-1.37853 0.632245
-1.78936 1.41921
-1.48466 1.04012
-1.85892 1.15955
-1.32536 1.59016
-2.12121 1.20294
-1.86258 5.38029
-0.719484 0.717915
-2.18542 2.39758
-0.86548 5.21212
-0.836456 1.43484
-2.39414 1.72868
-0.311105 4.19943
-0.935442 3.40929
-1.39578 5.30367
-0.704001 1.57072
-2.49986 1.44639
-0.0744119 3.3731
-1.17292 4.27787
-0.58335 3.5264
-1.10196 4.86003
-0.687495 2.7015
-1.50754 0.356483
-1.57329 1.466
-1.86616 0.875272
-1.28571 1.9382
-2.17039 0.96325
-1.8798 5.75224
-0.967692 -0.253593
-1.65211 2.28856
-1.50315 0.744899
-1.73837 1.23222
-1.57449 0.976733
-1.75036 1.07256
-1.52232 1.10275
-1.84331 1.08561
-1.34767 1.52668
-2.09342 1.20663
-1.75738 5.08825
-0.586781 1.5446
-2.55629 1.32983
-0.00162888 2.90102
-1.11037 3.47883
-1.34789 5.35555
-0.733396 1.44643
-2.45917 1.6714
-0.135973 3.59794
-1.11546 4.20613
-0.6105 3.67658
-0.984172 4.62511
-0.706166 3.15281
-1.43623 4.78223
-0.556613 2.54455
-1.75795 0.0476145
-1.30227 2.86377
-1.29827 1.07539
-2.00472 1.46604
-1.32004 3.70088
-0.892941 4.88992
-0.759188 2.5913
-1.84649 0.0876176
-1.35786 3.53915
-1.21253 5.33782
-0.760929 1.48481
-2.45199 1.63195
-0.157814 3.70451
-1.08101 4.09379
-0.638919 3.88875
-0.887603 4.29672
-0.725021 3.66291
-0.969383 4.70498
-0.720145 3.02351
-1.18891 3.59715
-1.11149 5.17335
-0.737927 1.94201
-2.46858 0.903478
-0.172338 3.95014
-0.992855 3.59398
-1.08143 5.0586
-0.723058 2.25204
-2.30568 0.468824
-0.976055 5.56447
-1.02492 0.261306
-1.82594 2.02701
-1.25565 1.63789
-2.17926 1.26737
-1.80899 5.79854
-0.986568 -0.252813
-1.64282 2.26728
-1.54272 0.683992
-1.6776 1.23073
-1.68005 0.915105
-1.59543 1.09797
-1.76263 1.00462
-1.4848 1.1897
-1.90315 1.11391
-1.25386 2.06272
-2.17799 0.857336
-1.86126 5.80987
-1.00936 -0.372298
-1.59045 2.34423
-1.59392 0.586702
-1.58531 1.29168
-1.82198 0.935498
-1.36337 1.52906
-2.08172 1.17979
-1.6977 4.93677
-0.541407 1.91666
-2.51459 0.665477
-0.0463363 3.52245
-1.10391 3.98582
-0.663258 4.10402
-0.846056 3.99274
-0.764067 4.119
-0.790777 3.95134
-0.799402 4.19334
-0.769814 3.83866
-0.846523 4.38558
-0.751314 3.55938
-1.07668 4.93221
-0.705814 2.5581
-1.87554 0.0690046
-1.42821 3.91035
-0.589886 4.18265
-0.878638 3.87517
-0.791256 4.33146
-0.77695 3.65256
-0.974192 4.7574
-0.722922 2.92546
-1.09887 2.30707
-2.1861 0.59867
-1.81109 5.90726
-1.08226 -0.555429
-1.50381 2.55419
-1.53641 0.595811
-1.64819 1.28433
-1.73544 0.891219
-1.502 1.20939
-1.89253 1.08019
-1.26623 1.97156
-2.18264 0.947856
-1.84086 5.81948
-1.01183 -0.362578
-1.59234 2.33309
-1.59992 0.583027
-1.57719 1.29749
-1.83306 0.942418
-1.34556 1.59372
-2.10628 1.16958
-1.8155 5.23043
-0.643027 1.14865
-2.42162 2.04829
-0.156692 3.56243
-1.13371 4.31735
-0.602809 3.4915
-1.13671 4.93125
-0.685805 2.54904
-1.87823 0.0621198
-1.44019 3.96121
-0.54913 4.02839
-0.911557 4.09405
-0.716059 3.94102
-0.837658 4.21619
-0.749277 3.79334
-0.875552 4.46422
-0.742035 3.43676
-1.24493 5.13784
-0.692088 2.05371
-2.43736 0.698472
-0.278295 4.30685
-0.902943 2.92091
-1.17847 1.49055
-2.20141 1.47144
-1.6229 5.86865
-1.03244 -0.250114
-1.6204 2.21916
-1.63013 0.587704
-1.54424 1.31609
-1.87479 0.977958
-1.28413 1.89357
-2.17427 1.00958
-1.86504 5.76981
-0.977323 -0.271994
-1.64072 2.29044
-1.52843 0.69987
-1.69764 1.2311
-1.64718 0.924741
-1.6447 1.07317
-1.69211 0.991839
-1.60003 1.05781
-1.74567 1.01825
-1.51827 1.13068
-1.85533 1.08206
-1.32534 1.62131
-2.12593 1.1823
-1.87446 5.42061
-0.743486 0.597192
-2.11622 2.41706
-1.25771 5.63589
-0.921444 0.478105
-1.96676 2.17801
-1.53325 4.61849
-0.489695 2.65173
-1.38356 0.565024
-1.75846 1.43154
-1.55249 0.929651
-1.75832 1.11141
-1.51565 1.09707
-1.84809 1.09682
-1.34003 1.55258
-2.10386 1.20367
-1.80446 5.20731
-0.632647 1.21944
-2.45416 1.94329
-0.112543 3.37615
-1.19026 4.40082
-0.583509 3.32883
-1.31907 5.10262
-0.663879 2.10109
-2.41376 0.605876
-0.371702 4.55207
-0.86916 2.39644
-2.17666 0.376244
-1.80418 5.94553
-1.11634 -0.650202
-1.47364 2.74101
-1.31694 1.08471
-1.99625 1.4312
-1.28796 3.50574
-1.31059 5.39358
-0.757811 1.33568
-2.41302 1.84055
-0.22106 3.88806
-1.02611 3.91691
-0.72287 4.2597
-0.81077 3.76812
-0.873246 4.53167
-0.747678 3.33469
-1.3969 5.21155
-0.674046 1.80001
-2.5165 1.03029
-0.0531382 3.42372
-1.14357 4.14732
-0.60331 3.76568
-0.942721 4.47895
-0.710625 3.38789
-1.30212 5.16544
-0.68375 1.96619
-2.47506 0.802816
-0.15191 3.90485
-1.00328 3.62864
-1.02583 4.98001
-0.728074 2.4369
-2.09936 0.197976
-1.99317 5.67443
-0.952545 -0.310242
-1.64005 2.344
-1.48234 0.767942
-1.76523 1.24575
-1.52411 1.03401
-1.82071 1.10602
-1.3936 1.36328
-2.0235 1.20843
-1.38519 3.96569
-0.571056 4.06076
-0.897299 4.05181
-0.728724 4.0123
-0.819003 4.10948
-0.761908 3.94785
-0.813838 4.20159
-0.762015 3.8223
-0.856824 4.41391
-0.747859 3.51574
-1.13277 5.01389
-0.700112 2.36918
-2.17947 0.271779
-1.75118 5.98563
-1.14703 -0.697627
-1.45948 2.87164
-1.16893 1.89015
-2.25776 1.11437
-1.35672 5.83424
-1.06158 -0.147402
-1.6436 2.1177
-1.64405 0.608322
-1.53541 1.31173
-1.88344 0.99238
-1.27349 1.96271
-2.17788 0.950268
-1.85789 5.79525
-0.996144 -0.326993
-1.61216 2.31426
-1.57317 0.624143
-1.62276 1.25937
-1.76683 0.915208
-1.45555 1.28293
-1.95334 1.13127
-1.22982 2.7395
-1.59248 0.400335
-1.51033 1.47125
-1.93956 0.9636
-1.23675 2.68366
-1.6893 0.317303
-1.37562 1.81851
-2.09877 0.961088
-1.80897 5.17686
-0.620772 1.27017
-2.47861 1.85637
-0.0830113 3.23599
-1.21717 4.36972
-0.568447 3.35324
-1.28492 5.07404
-0.666634 2.18386
-2.35672 0.503744
-0.655741 5.11478
-0.905576 1.16326
-2.26059 1.9733
-0.841979 5.23044
-0.857128 1.29562
-2.33812 1.88546
-0.479002 4.59209
-0.853563 2.68657
-1.70023 0.172801
-1.32785 2.16598
-2.0859 0.676153
-1.83793 5.19764
-0.631531 1.1651
-2.43543 2.02057
-0.13496 3.46542
-1.16522 4.37974
-0.592833 3.3782
-1.26419 5.07363
-0.672378 2.19575
-2.34785 0.494218
-0.70705 5.19794
-0.923286 0.988141
-2.18083 2.05847
-1.29425 5.70149
-0.961599 0.27309
-1.86138 2.12903
-1.18445 2.44688
-2.0324 0.401481
-1.74912 4.94787
-0.540379 1.80146
-2.5538 0.814059
0.0130208 3.11697
-1.15374 3.92784
-0.678061 4.23728
-0.83374 3.8041
-0.844072 4.46543
-0.757162 3.44391
-1.24091 5.14151
-0.694042 2.0457
-2.44092 0.711084
-0.26508 4.26911
-0.910477 2.99656
-1.10819 2.3821
-2.12976 0.490974
-1.96061 5.65673
-0.924404 -0.185697
-1.69854 2.30373
-1.37806 1.03835
-1.9407 1.33482
-1.21874 2.4772
-1.98001 0.364593
-1.53871 4.38608
-0.444341 2.99989
-1.30404 4.31156
-0.52729 3.37552
-1.2479 5.01693
-0.665434 2.32528
-2.22084 0.302873
-1.51064 5.98259
-1.16352 -0.572996
-1.46387 2.62248
-1.51212 0.610965
-1.67703 1.28702
-1.69106 0.88795
-1.57065 1.12957
-1.8002 1.01568
-1.41797 1.33002
-1.99624 1.17905
-1.2905 3.45872
-1.41497 5.44233
-0.757152 1.1728
-2.35619 2.0349
-0.338536 4.21441
-0.932902 3.45393
-1.31482 5.27188
-0.711202 1.68893
-2.50623 1.25924
-0.0699464 3.42384
-1.15324 4.21323
-0.593131 3.64447
-1.00875 4.67077
-0.700527 3.06993
-1.2987 4.18155
-0.533745 3.6151
-1.04256 4.68773
-0.688283 3.02769
-1.21906 3.78914
-0.78916 4.6221
-0.784774 3.16219
-1.42743 4.69778
-0.540201 2.67637
-1.38589 0.572942
-1.76016 1.42616
-1.54874 0.936349
-1.76444 1.11242
-1.50433 1.1142
-1.86384 1.10772
-1.3126 1.67067
-2.14208 1.16583
-1.8946 5.55256
-0.827686 0.230927
-1.91099 2.35349
-1.45044 4.37912
-0.474459 3.12047
-1.40472 4.85005
-0.581851 2.48037
-1.92827 0.032404
-1.62858 4.58736
-0.457382 2.55477
-1.60264 0.154454
-1.40475 1.84836
-2.07086 0.895277
-1.6876 4.87326
-0.523631 2.03452
-2.45045 0.511623
-0.215365 4.16987
-0.929358 3.10967
-1.23628 3.80127
-0.770481 4.5865
-0.791446 3.22689
-1.48601 5.01807
-0.601289 2.10543
-2.40928 0.527584
-0.383891 4.59217
-0.867439 2.28512
-2.27525 0.544762
-1.213 5.79039
-1.09032 -0.144262
-1.62999 2.0867
-1.6899 0.584901
-1.46793 1.41791
-1.97231 1.05723
-1.25391 3.10264
-1.19187 3.40668
-1.50526 5.39603
-0.721733 1.24774
-2.40647 1.945
-0.213696 3.8331
-1.04414 4.01045
-0.675744 4.05928
-0.842412 4.05261
-0.755362 4.0248
-0.803455 4.08636
-0.771794 3.98562
-0.801179 4.14175
-0.769821 3.90851
-0.820671 4.26474
-0.759319 3.73447
-0.908316 4.57976
-0.735404 3.24971
-1.46904 5.11516
-0.631175 1.94217
-2.49356 0.764098
-0.0998504 3.72234
-1.05413 3.84499
-0.764163 4.43593
-0.793019 3.49906
-1.171 5.08537
-0.701621 2.19495
-2.35032 0.526031
-0.698042 5.18003
-0.917529 1.0344
-2.20292 2.04215
-1.15917 5.59588
-0.9344 0.506826
-1.97234 2.15442
-1.53871 4.63164
-0.49116 2.62521
-1.45745 0.397817
-1.63318 1.4431
-1.78098 0.827965
-1.40917 1.43152
-2.02627 1.15199
-1.40174 4.026
-0.532661 3.89042
-0.940395 4.28493
-0.696823 3.65246
-0.981963 4.70963
-0.715555 3.01257
-1.172 3.48516
-1.35159 5.37873
-0.741923 1.37808
-2.4357 1.77659
-0.174684 3.73009
-1.07508 4.0978
-0.640683 3.88321
-0.888076 4.30493
-0.725175 3.65166
-0.979011 4.72735
-0.718382 2.98127
-1.12478 3.07046
-1.13338 2.88828
-1.31497 0.954246
-1.95238 1.46117
-1.21436 2.70421
-1.66849 0.322158
-1.39905 1.73835
-2.07581 0.988317
-1.69002 4.89188
-0.528821 2.00141
-2.47166 0.553168
-0.149348 3.95674
-0.982783 3.47296
-1.30477 5.28501
-0.717904 1.65506
-2.50139 1.32288
-0.0769903 3.43627
-1.15261 4.2259
-0.592894 3.62349
-1.02278 4.70551
-0.698592 3.00708
-1.17297 3.49907
-1.32177 5.36296
-0.742328 1.42852
-2.44931 1.70393
-0.153843 3.66582
-1.0945 4.14991
-0.624434 3.78225
-0.927409 4.4574
-0.716154 3.42542
-1.25021 5.12973
-0.688757 2.07194
-2.42858 0.671283
-0.312272 4.39912
-0.88694 2.73153
-1.61424 0.261204
-1.43264 1.69502
-2.04207 0.96589
-1.51184 4.3947
-0.454511 3.02074
-1.33 4.42886
-0.526808 3.16689
-1.41997 4.96412
-0.604126 2.2777
-2.25443 0.307064
-1.27904 5.86465
-1.13217 -0.323923
-1.54287 2.22581
-1.77882 0.497289
-1.32734 1.9101
-2.13805 0.943839
-1.91449 5.53464
-0.822372 0.2288
-1.91288 2.36236
-1.47137 4.45034
-0.476447 2.98187
-1.26442 4.10631
-0.561165 3.79012
-0.95215 4.43305
-0.701644 3.44642
-1.21435 5.08802
-0.689637 2.18163
-2.3598 0.531223
-0.642431 5.08935
-0.899417 1.22497
-2.2873 1.93015
-0.714874 5.03882
-0.836361 1.71443
-2.44515 1.33918
-0.217608 3.99845
-0.986989 3.64179
-1.00256 4.93423
-0.729841 2.54306
-1.92306 0.0856699
-1.55712 4.39077
-0.438945 2.96688
-1.25551 4.07872
-0.572176 3.8545
-0.928714 4.34168
-0.706136 3.58207
-1.04687 4.85185
-0.706025 2.73098
-1.44973 0.471247
-1.67088 1.4036
-1.71712 0.834166
-1.51407 1.21791
-1.8831 1.05873
-1.27822 1.89269
-2.17892 1.01683
-1.8492 5.79429
-0.992897 -0.308831
-1.61999 2.30236
-1.56588 0.638229
-1.63602 1.25037
-1.74655 0.911422
-1.4892 1.22118
-1.90758 1.0965
-1.2487 2.1291
-2.16547 0.782929
-1.89998 5.75759
-0.97872 -0.308103
-1.62746 2.3155
-1.53744 0.677176
-1.68005 1.23716
-1.67735 0.912664
-1.5986 1.09725
-1.75859 1.0024
-1.49154 1.17893
-1.89407 1.10666
-1.26513 1.96603
-2.18408 0.954794
-1.83484 5.82556
-1.01546 -0.368991
-1.5884 2.33655
-1.60525 0.575405
-1.56816 1.30705
-1.84576 0.949556
-1.32544 1.67745
-2.13295 1.14251
-1.88924 5.47823
-0.780018 0.425813
-2.01936 2.40492
-1.74493 5.63378
-0.850083 0.306633
-1.93093 2.30936
-1.49555 4.5206
-0.48059 2.84494
-1.08584 2.61167
-1.88107 0.222207
-1.34414 3.50721
-1.29287 5.39933
-0.764796 1.31554
-2.40219 1.86827
-0.245321 3.96507
-1.00288 3.8154
-0.798733 4.49499
-0.779097 3.40213
-1.31721 5.20732
-0.691231 1.8567
-2.50194 0.967875
-0.0832604 3.59071
-1.09812 4.03143
-0.648071 4.00699
-0.862451 4.128
-0.738014 3.9066
-0.835588 4.2685
-0.751479 3.7236
-0.917693 4.59798
-0.732702 3.21781
-1.47432 5.03056
-0.607229 2.09734
-2.41525 0.544146
-0.358895 4.53274
-0.871457 2.41529
-2.15662 0.348845
-1.88383 5.88177
-1.07852 -0.60331
-1.49635 2.63367
-1.43993 0.760426
-1.79634 1.30107
-1.46485 1.11826
-1.90006 1.16798
-1.25845 1.9885
-2.1867 0.936732
-1.82522 5.83964
-1.02521 -0.391754
-1.57616 2.35283
-1.61628 0.556921
-1.5482 1.33213
-1.87371 0.966016
-1.28458 1.89673
-2.17378 1.00598
-1.86681 5.76741
-0.975901 -0.268907
-1.64253 2.28981
-1.52473 0.706295
-1.70365 1.23061
-1.63683 0.929813
-1.66007 1.06873
-1.66915 0.994398
-1.63522 1.03928
-1.69554 1.01045
-1.59985 1.04919
-1.74336 1.02213
-1.52326 1.12206
-1.84799 1.07787
-1.33816 1.56778
-2.10787 1.19737
-1.82052 5.24926
-0.651481 1.09881
-2.39659 2.11451
-0.196476 3.71531
-1.08337 4.18322
-0.626484 3.73048
-0.949613 4.54134
-0.713326 3.29492
-1.4241 5.17933
-0.658789 1.8518
-2.51287 0.929592
-0.0593345 3.49215
-1.12285 4.08714
-0.622871 3.88799
-0.89573 4.2974
-0.720774 3.65812
-0.973975 4.71204
-0.71896 3.00995
-1.16542 3.43613
-1.44901 5.40057
-0.73214 1.27672
-2.40983 1.91043
-0.213143 3.84058
-1.0415 3.9938
-0.682582 4.09359
-0.83628 4.0045
-0.766225 4.10148
-0.790557 3.97494
-0.794116 4.15563
-0.773207 3.8918
-0.824543 4.29285
-0.758184 3.69501
-0.938115 4.65833
-0.728839 3.11162
-1.3653 4.45986
-0.517039 3.08549
-1.39273 4.69795
-0.551851 2.717
-1.29576 0.839184
-1.92148 1.5126
-1.21879 2.2338
-2.14963 0.669762
-1.9332 5.69751
-0.943867 -0.224308
-1.67467 2.2989
-1.44004 0.874166
-1.83875 1.27089
-1.37212 1.37125
-2.04178 1.24234
-1.47292 4.30482
-0.46021 3.2231
-1.36657 5.00603
-0.628578 2.25779
-2.28365 0.36233
-1.09529 5.70323
-1.07689 -0.018228
-1.68644 2.02878
-1.59376 0.688248
-1.62577 1.21612
-1.7535 0.932158
-1.48294 1.22308
-1.91379 1.10598
-1.24266 2.19758
-2.14682 0.702759
-1.93548 5.66672
-0.921515 -0.151212
-1.71275 2.29195
-1.35362 1.11943
-1.98374 1.35834
-1.25386 3.22707
-1.47744 4.7109
-0.527498 2.5951
-1.59012 0.189266
-1.42857 1.75939
-2.04855 0.927933
-1.55667 4.52677
-0.462925 2.75317
-1.13354 1.60682
-2.25479 1.42651
-1.2663 5.74551
-1.01487 0.0859127
-1.75912 2.07665
-1.38684 1.07904
-1.94793 1.31016
-1.21928 2.5921
-1.84395 0.278838
-1.2856 2.94142
-1.18348 1.64403
-2.22914 1.34603
-1.49306 5.86946
-1.05193 -0.214962
-1.62319 2.17421
-1.65435 0.58046
-1.5119 1.354
-1.91684 1.01151
-1.24043 2.3227
-2.08621 0.545183
-1.89043 5.30186
-0.686039 0.825822
-2.25584 2.36329
-0.544972 4.65734
-0.839894 2.66697
-1.73645 0.146185
-1.30223 2.43504
-1.94882 0.396435
-1.40427 3.8899
-0.617935 4.26154
-0.8613 3.75845
-0.870131 4.57254
-0.751533 3.26829
-1.4657 5.14965
-0.641621 1.87508
-2.51216 0.870743
-0.0596705 3.51446
-1.11478 4.0564
-0.633968 3.9518
-0.877601 4.20607
-0.727932 3.7905
-0.88421 4.46447
-0.737867 3.4334
-1.2481 5.13862
-0.691407 2.05094
-2.43878 0.701225
-0.272879 4.29195
-0.905838 2.95022
-1.13785 1.81475
-2.27722 1.21671
-1.1825 5.69909
-1.01484 0.14905
-1.78477 2.06194
-1.33117 1.26843
-2.04387 1.35288
-1.48997 4.3767
-0.459926 3.07801
-1.38508 4.7098
-0.557024 2.70899
-1.32238 0.754804
-1.87343 1.48036
-1.29421 1.61849
-2.14873 1.22953
-1.88707 5.60885
-0.863078 0.105548
-1.84172 2.31158
-1.18849 2.88444
-1.31383 0.977447
-1.96133 1.45896
-1.22047 2.86107
-1.35031 0.873419
-1.90103 1.4145
-1.25079 1.92546
-2.19836 1.01112
-1.76586 5.87732
-1.04703 -0.411321
-1.55899 2.36207
-1.64291 0.525333
-1.50445 1.39635
-1.93277 1.00601
-1.23421 2.54046
-1.89927 0.309285
-1.33404 3.47454
-1.37155 5.44165
-0.76563 1.18564
-2.35566 2.02013
-0.346487 4.23978
-0.926224 3.40615
-1.39582 5.29966
-0.702588 1.58122
-2.502 1.42736
-0.0715373 3.36489
-1.174 4.27413
-0.582806 3.53168
-1.09719 4.8511
-0.687987 2.72018
-1.45761 0.450167
-1.65563 1.41026
-1.74265 0.832797
-1.47327 1.28413
-1.93802 1.10089
-1.22945 2.52887
-1.91652 0.317037
-1.36478 3.66896
-0.93241 4.97748
-0.755543 2.38174
-2.17982 0.305721
-1.7631 5.97645
-1.13942 -0.684987
-1.46243 2.83493
-1.20319 1.61253
-2.21084 1.35082
-1.61569 5.88312
-1.04638 -0.290146
-1.59907 2.24009
-1.66071 0.552442
-1.49325 1.39533
-1.94374 1.02462
-1.23363 2.67912
-1.69936 0.310052
-1.36311 1.87152
-2.10879 0.933436
-1.85339 5.28662
-0.672222 0.946244
-2.31861 2.27513
-0.358719 4.22031
-0.9317 3.49593
-1.23623 5.21268
-0.713367 1.86129
-2.49377 0.990338
-0.102371 3.66625
-1.07736 3.97019
-0.679447 4.14103
-0.835615 3.93983
-0.782502 4.20946
-0.778933 3.82256
-0.850772 4.41651
-0.751027 3.51407
-1.13589 5.01983
-0.700142 2.35506
-2.19665 0.293301
-1.66169 6.00148
-1.16012 -0.669078
-1.45587 2.8222
-1.22484 1.47646
-2.16846 1.42083
-1.80969 5.76796
-0.961572 -0.169453
-1.68586 2.24724
-1.45526 0.854674
-1.81979 1.25395
-1.41127 1.2605
-1.98375 1.21564
-1.25875 3.22022
-1.46447 4.66259
-0.520443 2.68023
-1.34938 0.664854
-1.82137 1.45382
-1.41088 1.19564
-1.966 1.23692
-1.23188 2.90204
-1.26566 1.17475
-2.05734 1.49577
-1.59538 4.71
-0.495682 2.42927
-1.94926 0.00660832
-1.73673 4.85218
-0.51166 1.97577
-2.48576 0.557153
-0.108952 3.81442
-1.02165 3.67013
-0.964281 4.88405
-0.737019 2.65095
-1.69226 0.143048
-1.32777 2.19675
-2.07408 0.641691
-1.80187 5.10705
-0.593838 1.41815
-2.53383 1.57248
-0.0261595 2.95886
-1.1529 3.78488
-0.806417 4.62392
-0.778645 3.16576
-1.43465 4.7324
-0.545658 2.61842
-1.55147 0.247885
-1.4874 1.61137
-1.98073 0.928954
-1.28876 3.37178
-1.56326 5.38983
-0.712464 1.20657
-2.39766 1.99472
-0.224353 3.85875
-1.03645 3.98768
-0.686744 4.10674
-0.833279 3.98583
-0.771535 4.13221
-0.786166 3.93101
-0.80684 4.22694
-0.765956 3.7906
-0.871677 4.47346
-0.744537 3.42438
-1.26482 5.15586
-0.691062 2.00369
-2.45961 0.762158
-0.199734 4.07024
-0.957536 3.36371
-1.47591 5.29411
-0.685848 1.536
-2.50449 1.48394
-0.0649762 3.30187
-1.1892 4.29014
-0.576293 3.4961
-1.13056 4.90252
-0.683558 2.60889
-1.74201 0.0943021
-1.29892 2.61253
-1.74724 0.320817
-1.32016 2.08196
-2.11842 0.776202
-1.91147 5.42939
-0.757901 0.488257
-2.05927 2.42555
-1.57428 5.75221
-0.934339 0.140131
-1.82029 2.19084
-1.201 2.01572
-2.2254 0.95031
-1.61083 5.92802
-1.08993 -0.424521
-1.53323 2.36274
-1.6923 0.482791
-1.42812 1.55888
-2.03233 1.05567
-1.44327 4.17265
-0.475935 3.51317
-1.12222 4.80053
-0.671607 2.80062
-1.23487 1.10927
-2.05387 1.56657
-1.59751 4.72474
-0.498987 2.40473
-2.00054 0.0266735
-1.90857 5.22958
-0.656017 0.931896
-2.32326 2.29251
-0.33514 4.14818
-0.951341 3.62087
-1.02837 4.95988
-0.724765 2.48814
-2.01846 0.129023
-1.89175 5.21502
-0.646347 1.00325
-2.36069 2.22315
-0.253966 3.90285
-1.0237 3.97423
-0.69664 4.1356
-0.826609 3.94466
-0.78499 4.20166
-0.777582 3.83229
-0.846587 4.39832
-0.752026 3.54139
-1.0996 4.96846
-0.703443 2.4758
-2.02723 0.125659
-1.92242 5.28406
-0.684632 0.78368
-2.23769 2.3915
-0.602951 4.77127
-0.826873 2.42744
-2.1389 0.296931
-1.93128 5.82512
-1.04633 -0.547169
-1.52277 2.54004
-1.51897 0.631768
-1.67925 1.27183
-1.68489 0.895679
-1.58224 1.11662
-1.78338 1.0088
-1.44784 1.26122
-1.95438 1.15197
-1.22898 2.74365
-1.58506 0.408797
-1.52154 1.45408
-1.92493 0.953887
-1.23772 2.4924
-1.9502 0.34894
-1.4386 4.02681
-0.51627 3.85638
-0.955545 4.32894
-0.691419 3.58472
-1.044 4.83603
-0.705223 2.76315
-1.36324 0.677872
-1.81772 1.43037
-1.42016 1.17874
-1.95398 1.2258
-1.22463 2.70493
-1.66041 0.332451
-1.41125 1.69687
-2.06229 0.998485
-1.61328 4.69543
-0.487851 2.42231
-1.95557 0.00554048
-1.76258 4.91075
-0.527748 1.83415
-2.54673 0.747403
0.00658253 3.197
-1.15547 4.00246
-0.637774 4.05872
-0.86284 4.05733
-0.744585 4.01227
-0.810733 4.10666
-0.766462 3.95447
-0.810144 4.19072
-0.764028 3.83839
-0.848798 4.38525
-0.750144 3.55903
-1.07694 4.93193
-0.705693 2.55871
-1.87418 0.0688893
-1.425 3.89575
-0.603168 4.228
-0.869732 3.80782
-0.832362 4.46836
-0.762822 3.44187
-1.24665 5.14932
-0.694339 2.02494
-2.45021 0.73833
-0.231646 4.17035
-0.932468 3.1854
-1.40999 4.56707
-0.518771 2.88122
-1.09819 2.85951
-1.37889 0.751943
-1.83654 1.39115
-1.37855 1.30994
-2.02163 1.25547
-1.37545 3.93113
-0.59813 4.16262
-0.876081 3.90765
-0.77763 4.26798
-0.782267 3.74451
-0.896132 4.56891
-0.739978 3.27006
-1.45935 5.15353
-0.644024 1.87363
-2.51192 0.876333
-0.0603021 3.51553
-1.11474 4.05748
-0.633681 3.94962
-0.878108 4.20915
-0.727669 3.78603
-0.886554 4.47244
-0.737324 3.42096
-1.26653 5.15373
-0.690085 2.00838
-2.45789 0.754798
-0.205341 4.08901
-0.952604 3.33035
-1.50784 5.24329
-0.663112 1.62443
-2.52596 1.30426
-0.0363812 3.20529
-1.19015 4.19567
-0.578033 3.65468
-1.00654 4.64704
-0.698825 3.10884
-1.37576 4.51608
-0.522023 2.99221
-1.25967 4.06374
-0.57526 3.88602
-0.919999 4.29722
-0.708036 3.64634
-0.985571 4.72778
-0.715854 2.97925
-1.1235 3.05723
-1.12474 2.7165
-1.6869 0.274283
-1.36491 1.89058
-2.10618 0.914209
-1.84779 5.26753
-0.662746 0.999558
-2.348 2.226
-0.288248 4.01853
-0.988583 3.81051
-0.805425 4.50213
-0.776397 3.3902
-1.33419 5.21433
-0.68913 1.83152
-2.50687 1.00292
-0.0724861 3.52963
-1.11607 4.08649
-0.625805 3.89146
-0.893478 4.29246
-0.721725 3.66585
-0.967389 4.69737
-0.720259 3.03746
-1.2162 3.76146
-0.825567 4.70481
-0.773083 3.00166
-1.12702 3.06131
-1.12707 2.76816
-1.58059 0.377703
-1.51318 1.48437
-1.93849 0.952993
-1.23725 2.68068
-1.69403 0.31467
-1.36993 1.84147
-2.10361 0.949998
-1.83105 5.23057
-0.644594 1.11409
-2.40725 2.0937
-0.177539 3.64148
-1.10776 4.25552
-0.613067 3.60159
-1.03518 4.754
-0.699157 2.91912
-1.09682 2.35141
-2.158 0.534699
-1.91049 5.80264
-1.01946 -0.446916
-1.56237 2.41665
-1.58254 0.576527
-1.59353 1.29593
-1.81261 0.924962
-1.37764 1.4845
-2.06223 1.18007
-1.58802 4.64972
-0.482344 2.52726
-1.70863 0.0567688
-1.30826 2.50525
-1.87342 0.342418
-1.28943 3.08006
-1.1711 3.21921
-1.43838 4.59588
-0.514635 2.80689
-1.10243 1.95821
-2.29675 1.06522
-1.07349 5.61044
-0.997965 0.298965
-1.85447 2.06644
-1.19868 2.13055
-2.20202 0.812017
-1.75265 5.9125
-1.07745 -0.494633
-1.52029 2.46095
-1.61833 0.514972
-1.52899 1.37548
-1.90324 0.976386
-1.25064 2.19577
-2.14129 0.700045
-1.94 5.63075
-0.896968 -0.0710871
-1.75534 2.29783
-1.25477 1.5436
-2.16327 1.33612
-1.84686 5.72277
-0.934829 -0.111752
-1.72093 2.25711
-1.36126 1.10491
-1.97394 1.34857
-1.23679 3.04263
-1.1284 2.6221
-1.85071 0.234877
-1.30093 3.13538
-1.281 3.91285
-0.648227 4.25743
-0.847718 3.77204
-0.862296 4.5373
-0.752928 3.32765
-1.40884 5.21217
-0.671673 1.78951
-2.51861 1.04332
-0.0492439 3.39802
-1.14982 4.15838
-0.599201 3.7426
-0.954068 4.51409
-0.70856 3.33254
-1.3774 5.19037
-0.672239 1.86377
-2.50642 0.931138
-0.0730287 3.55643
-1.10618 4.04688
-0.640124 3.97338
-0.871056 4.17544
-0.731673 3.83582
-0.862376 4.38559
-0.743274 3.55346
-1.08279 4.93728
-0.704494 2.54655
-1.89811 0.0709121
-1.48824 4.15492
-0.459967 3.50272
-1.13183 4.8025
-0.668253 2.79207
-1.25061 1.04191
-2.02146 1.55621
-1.41234 4.12968
-0.495666 3.63573
-1.04221 4.63709
-0.682116 3.10661
-1.37974 4.54025
-0.524798 2.95327
-1.18841 3.67285
-0.966536 4.96352
-0.744003 2.44919
-2.08801 0.194973
-1.99751 5.60882
-0.906178 -0.161167
-1.71677 2.31749
-1.32373 1.21808
-2.03414 1.3827
-1.44141 4.21362
-0.472827 3.43079
-1.18752 4.90556
-0.664519 2.57727
-1.79737 0.0648371
-1.3138 3.13551
-1.28996 3.95186
-0.617465 4.14861
-0.867445 3.931
-0.772146 4.22424
-0.784577 3.80577
-0.857553 4.44929
-0.74974 3.46439
-1.2068 5.10447
-0.695249 2.14377
-2.38617 0.586651
-0.504014 4.83314
-0.866177 1.78997
-2.43281 1.24806
-0.271513 4.18261
-0.93573 3.31567
-1.51134 5.21398
-0.652895 1.68626
-2.53226 1.18415
-0.0273184 3.2049
-1.18306 4.15802
-0.585013 3.72733
-0.966331 4.53402
-0.704767 3.29794
-1.41631 5.17856
-0.660237 1.86033
-2.51065 0.919126
-0.0637953 3.51732
-1.11603 4.06943
-0.629946 3.92518
-0.884371 4.24394
-0.72482 3.73565
-0.916085 4.5643
-0.730738 3.27229
-1.45342 5.15704
-0.646244 1.87231
-2.51168 0.881462
-0.0609238 3.51671
-1.11465 4.05834
-0.633476 3.9479
-0.8785 4.21159
-0.727471 3.7825
-0.888428 4.47874
-0.736894 3.41107
-1.28118 5.16459
-0.688936 1.97675
-2.47025 0.795258
-0.16631 3.95561
-0.988926 3.55314
-1.15349 5.1495
-0.72023 2.02629
-2.44502 0.767145
-0.251451 4.22079
-0.921321 3.10422
-1.22846 3.76105
-0.823737 4.70732
-0.773717 2.99493
-1.11967 2.96835
-1.16962 1.65663
-2.2402 1.34875
-1.41166 5.83935
-1.04587 -0.133859
-1.6568 2.12638
-1.60939 0.639767
-1.58906 1.25579
-1.80974 0.946091
-1.38691 1.44614
-2.04722 1.18337
-1.50387 4.3991
-0.45782 3.02362
-1.33305 4.44144
-0.527223 3.14512
-1.42121 4.91055
-0.591053 2.36576
-2.13441 0.163623
-1.91186 5.88483
-1.09076 -0.66229
-1.48273 2.74777
-1.29415 1.1721
-2.03894 1.44792
-1.47793 4.3495
-0.46148 3.13859
-1.40195 4.89549
-0.593098 2.41195
-2.06344 0.103343
-2.00411 5.54464
-0.864562 -0.0247681
-1.78948 2.33474
-1.18568 2.13217
-2.21055 0.816416
-1.70466 5.93062
-1.09046 -0.496898
-1.51333 2.46379
-1.62827 0.502482
-1.5126 1.40069
-1.92525 0.991203
-1.23656 2.45385
-1.98904 0.388183
-1.55929 4.45342
-0.448117 2.8622
-1.10207 2.98353
-1.14923 1.82477
-2.27023 1.19871
-1.24074 5.74844
-1.03085 0.0455041
-1.73499 2.06518
-1.4549 0.908401
-1.8394 1.24012
-1.36917 1.39184
-2.04888 1.23856
-1.51133 4.43021
-0.459708 2.96373
-1.24156 3.99846
-0.608718 4.04646
-0.879285 4.07502
-0.734171 3.98034
-0.821027 4.15528
-0.758742 3.88297
-0.833689 4.30741
-0.753942 3.67179
-0.958197 4.70338
-0.724449 3.02828
-1.19513 3.63481
-1.03626 5.07484
-0.739188 2.18502
-2.35736 0.577568
-0.663923 5.11907
-0.902429 1.17661
-2.26753 1.96594
-0.805171 5.17723
-0.849583 1.41266
-2.37989 1.75669
-0.355579 4.31597
-0.906577 3.20529
-1.45574 4.76099
-0.545743 2.55117
-1.72847 0.0613409
-1.30243 2.61561
-1.73924 0.324755
-1.32817 2.02947
-2.12259 0.823898
-1.91088 5.44463
-0.766448 0.454041
-2.03933 2.42005
-1.66995 5.71973
-0.906292 0.159925
-1.84211 2.23332
-1.17983 2.52717
-1.9523 0.312328
-1.47133 4.14634
-0.468228 3.54038
-1.1049 4.75714
-0.672075 2.88302
-1.10682 2.03375
-2.28399 0.969286
-1.18195 5.72263
-1.03856 0.059855
-1.73698 2.04964
-1.45852 0.904876
-1.83525 1.23574
-1.37751 1.36604
-2.03648 1.23522
-1.44556 4.20763
-0.471585 3.43855
-1.18089 4.89504
-0.665038 2.60047
-1.74333 0.0879518
-1.29881 2.63951
-1.7071 0.335378
-1.36263 1.85539
-2.1098 0.948103
-1.85424 5.29208
-0.674874 0.932578
-2.31084 2.28639
-0.379467 4.27539
-0.917345 3.40169
-1.39813 5.29602
-0.700849 1.58942
-2.50392 1.41171
-0.0688614 3.35631
-1.17523 4.27099
-0.582218 3.53592
-1.09342 4.84378
-0.688363 2.73534
-1.41722 0.53766
-1.72349 1.40195
-1.62233 0.870379
-1.65886 1.10274
-1.67981 0.976423
-1.61428 1.05699
-1.72781 1.00978
-1.54701 1.09725
-1.81676 1.05514
-1.39368 1.38229
-2.0279 1.2004
-1.40535 4.04848
-0.521983 3.83144
-0.958692 4.36531
-0.692439 3.53408
-1.099 4.93211
-0.698454 2.55604
-1.87396 0.0663334
-1.42639 3.90131
-0.597936 4.21053
-0.873155 3.83395
-0.815133 4.41431
-0.768413 3.52714
-1.12244 5.01054
-0.702748 2.37763
-2.16978 0.261557
-1.79747 5.96634
-1.1348 -0.69797
-1.46358 2.85878
-1.17758 1.81025
-2.25082 1.19378
-1.38846 5.84349
-1.05829 -0.159183
-1.6408 2.1288
-1.64381 0.604853
-1.53437 1.3148
-1.88521 0.992703
-1.27122 1.98036
-2.17773 0.933721
-1.85937 5.79653
-0.997635 -0.333104
-1.60934 2.31812
-1.57605 0.618913
-1.61761 1.26311
-1.77458 0.917256
-1.4426 1.31013
-1.97109 1.14371
-1.24383 3.02424
-1.12716 2.41507
-2.09349 0.445011
-1.94505 5.43847
-0.773602 0.382374
-2.00414 2.42098
-1.76273 5.5748
-0.813519 0.437835
-2.00606 2.35278
-1.77965 5.48532
-0.762298 0.639625
-2.12392 2.38102
-1.26149 5.64287
-0.925538 0.456199
-1.95546 2.1732
-1.46749 4.41076
-0.472095 3.04912
-1.36078 4.56656
-0.536761 2.93655
-1.1543 3.43565
-1.44698 5.39625
-0.73061 1.29
-2.41527 1.89261
-0.202989 3.80743
-1.05179 4.03165
-0.666097 4.01562
-0.851832 4.11424
-0.744404 3.93022
-0.826388 4.23071
-0.755504 3.77816
-0.881846 4.4941
-0.741152 3.39043
-1.31434 5.18763
-0.68652 1.90676
-2.49234 0.888612
-0.105784 3.71024
-1.06152 3.8957
-0.725339 4.31241
-0.809753 3.69152
-0.934713 4.6936
-0.732931 3.04882
-1.23065 3.83691
-0.732243 4.4816
-0.806703 3.4149
-1.31224 5.21721
-0.695249 1.83367
-2.50444 1.008
-0.0777244 3.55237
-1.11012 4.07236
-0.631591 3.92107
-0.884318 4.2498
-0.724994 3.72772
-0.921135 4.57934
-0.729704 3.24703
-1.46803 5.11066
-0.630138 1.95231
-2.48993 0.749469
-0.108738 3.76126
-1.04262 3.79672
-0.809279 4.55645
-0.776319 3.29585
-1.4562 5.1925
-0.656113 1.79245
-2.52371 1.01593
-0.0397621 3.3571
-1.15662 4.15592
-0.596576 3.74392
-0.954512 4.5113
-0.708072 3.33633
-1.37224 5.18982
-0.673266 1.86864
-2.50508 0.925448
-0.0759163 3.57149
-1.10189 4.03403
-0.645777 4.00082
-0.864412 4.13677
-0.736513 3.89325
-0.840145 4.29003
-0.749821 3.69275
-0.941267 4.65865
-0.727568 3.11047
-1.36382 4.45412
-0.516782 3.09556
-1.4005 4.74302
-0.559091 2.64393
-1.4999 0.335413
-1.57083 1.48401
-1.87147 0.870145
-1.27851 1.99442
-2.17015 0.911675
-1.88367 5.75788
-0.973466 -0.276144
-1.64122 2.29746
-1.52127 0.709816
-1.70826 1.23154
-1.62901 0.933665
-1.67145 1.0667
-1.65188 0.998553
-1.66099 1.03144
-1.6576 1.01491
-1.65773 1.02335
-1.65997 1.01867
-1.65545 1.0218
-1.66275 1.01911
-1.65158 1.02233
-1.66833 1.01832
-1.64327 1.0248
-1.68051 1.01683
-1.62476 1.03232
-1.70728 1.0168
-1.58286 1.05891
-1.76625 1.03148
-1.48431 1.17979
-1.90087 1.11789
-1.25667 2.03326
-2.18142 0.888636
-1.84807 5.82167
-1.01562 -0.380832
-1.58452 2.34807
-1.60308 0.574057
-1.57005 1.3069
-1.8435 0.947255
-1.32882 1.66298
-2.12867 1.14809
-1.88211 5.44227
-0.757362 0.528396
-2.07733 2.41753
-1.48948 5.74851
-0.942962 0.181671
-1.83295 2.17064
-1.19348 2.13455
-2.20447 0.809617
-1.73916 5.91908
-1.08209 -0.498185
-1.51711 2.46585
-1.61889 0.512423
-1.52733 1.37872
-1.90564 0.977563
-1.24857 2.22252
-2.13194 0.667962
-1.94451 5.57951
-0.862791 0.0455171
-1.81792 2.32235
-1.17597 2.52274
-1.95974 0.316075
-1.49546 4.23399
-0.450726 3.33044
-1.27402 4.98173
-0.650469 2.37923
-2.14644 0.206296
-1.88128 5.91145
-1.10429 -0.676491
-1.47597 2.78526
-1.25086 1.35333
-2.12014 1.45056
-1.85655 5.4414
-0.750974 0.58882
-2.10799 2.41024
-1.31854 5.67784
-0.931996 0.37693
-1.91898 2.16888
-1.29464 3.70045
-0.901519 4.89476
-0.757017 2.58561
-1.8568 0.0865778
-1.37609 3.65145
-0.960352 5.02748
-0.753866 2.26159
-2.29943 0.484829
-1.02386 5.61646
-1.03994 0.16767
-1.78019 2.01942
-1.36456 1.16427
-1.99029 1.3272
-1.26875 3.34231
-1.58472 5.3097
-0.677351 1.37822
-2.47522 1.73398
-0.0979699 3.38436
-1.18102 4.34876
-0.583001 3.41179
-1.22161 5.02749
-0.675416 2.31577
-2.23468 0.327536
-1.42715 5.94885
-1.15416 -0.489103
-1.48424 2.46306
-1.68126 0.450861
-1.43013 1.57332
-2.0325 1.04429
-1.4462 4.18171
-0.473683 3.49114
-1.1387 4.82885
-0.669642 2.74264
-1.37532 0.635625
-1.79286 1.4228
-1.47681 1.05394
-1.8701 1.16748
-1.3055 1.68156
-2.14874 1.16762
-1.89375 5.60271
-0.860926 0.106433
-1.84316 2.31494
-1.19114 2.92754
-1.23105 1.31556
-2.12181 1.49877
-1.85828 5.47856
-0.772489 0.495373
-2.054 2.40374
-1.62657 5.74412
-0.925025 0.128459
-1.82014 2.20773
-1.19573 2.07347
-2.21857 0.884359
-1.6571 5.93247
-1.09167 -0.464465
-1.52114 2.41666
-1.66359 0.48517
-1.4641 1.48256
-1.98751 1.03423
-1.28578 3.38307
-1.54956 5.40688
-0.72137 1.17687
-2.38082 2.03148
-0.260767 3.97647
-1.0005 3.8332
-0.78478 4.45074
-0.784049 3.47497
-1.20462 5.11866
-0.698923 2.10913
-2.40729 0.635254
-0.403931 4.61955
-0.864259 2.26437
-2.29073 0.573138
-1.10725 5.69329
-1.0576 0.0428534
-1.72069 2.02878
-1.5108 0.80845
-1.75557 1.19991
-1.53658 1.03358
-1.80829 1.09041
-1.41562 1.30759
-1.99257 1.19153
-1.27999 3.38753
-1.54346 5.41031
-0.723541 1.17403
-2.37833 2.0349
-0.267004 3.99635
-0.994566 3.80482
-0.809245 4.51825
-0.775257 3.36296
-1.37423 5.22582
-0.683279 1.78113
-2.5152 1.073
-0.0556965 3.42072
-1.14615 4.161
-0.600483 3.73956
-0.954917 4.51923
-0.708665 3.32476
-1.38731 5.19014
-0.66993 1.8572
-2.50847 0.937571
-0.068669 3.53401
-1.1124 4.06432
-0.632743 3.93645
-0.880857 4.22783
-0.726377 3.75918
-0.901482 4.521
-0.733968 3.34365
-1.37721 5.20449
-0.676325 1.83065
-2.51131 0.986402
-0.0631487 3.49054
-1.12559 4.10506
-0.61793 3.85228
-0.907133 4.34954
-0.717855 3.58252
-1.04676 4.85969
-0.706972 2.71502
-1.49385 0.385901
-1.59791 1.44105
-1.8309 0.858208
-1.33445 1.67817
-2.12595 1.1289
-1.87831 5.41812
-0.74302 0.594043
-2.11509 2.41858
-1.2625 5.63921
-0.922157 0.470536
-1.9632 2.17751
-1.51355 4.55853
-0.482477 2.76543
-1.13022 1.64411
-2.26351 1.39528
-1.21595 5.70982
-1.00645 0.156257
-1.79178 2.07353
-1.30838 1.35605
-2.08324 1.35689
-1.7132 4.99971
-0.559499 1.78472
-2.55344 0.871611
0.00988103 3.10798
-1.15629 3.93428
-0.673212 4.22108
-0.836519 3.82774
-0.829438 4.41844
-0.761642 3.51758
-1.13391 5.02275
-0.701239 2.34833
-2.20492 0.304648
-1.61553 6.0006
-1.16271 -0.643528
-1.45636 2.76846
-1.29969 1.13811
-2.02459 1.44793
-1.40312 4.07766
-0.512865 3.76292
-0.98258 4.45994
-0.689191 3.39288
-1.28455 5.14301
-0.682693 2.02753
-2.45084 0.720894
-0.228734 4.16549
-0.933363 3.1883
-1.41561 4.58886
-0.521075 2.84382
-1.08641 2.37831
-2.14298 0.495015
-1.94342 5.73633
-0.978272 -0.346342
-1.6148 2.34666
-1.53802 0.666243
-1.67514 1.24275
-1.68627 0.90868
-1.58425 1.10873
-1.77886 1.01003
-1.45644 1.24226
-1.94214 1.14368
-1.22711 2.55963
-1.8811 0.295772
-1.31223 3.29593
-1.5942 5.1824
-0.630706 1.64561
-2.54164 1.21994
-0.0150005 3.09697
-1.1775 4.03546
-0.616588 3.97938
-0.88263 4.16796
-0.725779 3.84169
-0.862428 4.37493
-0.742581 3.5682
-1.06486 4.9074
-0.706532 2.61295
-1.75475 0.0947889
-1.29694 2.70063
-1.60851 0.409431
-1.49708 1.48047
-1.95476 0.980561
-1.24279 2.89175
-1.28033 1.1197
-2.03047 1.48633
-1.44067 4.22541
-0.472455 3.40812
-1.20735 4.93158
-0.662331 2.51715
-1.92395 0.0606616
-1.58434 4.46799
-0.443284 2.80321
-1.08295 2.29718
-2.2 0.612548
-1.74176 5.94391
-1.10583 -0.57129
-1.48971 2.58697
-1.51792 0.615203
-1.67348 1.28136
-1.69585 0.89
-1.5641 1.1343
-1.80881 1.0212
-1.4029 1.3687
-2.01749 1.19004
-1.36113 3.85447
-0.67005 4.39455
-0.833518 3.55022
-1.10691 5.02192
-0.709346 2.35023
-2.20499 0.309831
-1.61741 6.00009
-1.16198 -0.642769
-1.45668 2.76604
-1.3029 1.1264
-2.01878 1.44544
-1.37536 3.96208
-0.577445 4.07726
-0.892598 4.02916
-0.734948 4.05051
-0.811337 4.05391
-0.770929 4.03076
-0.794605 4.07439
-0.77748 4.00529
-0.794939 4.11092
-0.774599 3.95337
-0.806514 4.19164
-0.765982 3.83846
-0.848039 4.3854
-0.750537 3.55908
-1.07693 4.93215
-0.705725 2.55823
-1.87521 0.068955
-1.42744 3.90688
-0.592977 4.1934
-0.876506 3.85935
-0.799964 4.36288
-0.773699 3.60566
-1.02398 4.85458
-0.714334 2.72728
-1.46928 0.43407
-1.63931 1.41383
-1.76841 0.837473
-1.43246 1.36789
-1.99318 1.13901
-1.28619 3.41749
-1.49637 5.44143
-0.743552 1.13033
-2.34844 2.08136
-0.34624 4.22644
-0.929854 3.4433
-1.33265 5.28038
-0.70979 1.6607
-2.5057 1.30394
-0.0695865 3.40442
-1.15974 4.23181
-0.589512 3.60954
-1.03331 4.7269
-0.696771 2.96688
-1.11745 2.99538
-1.13871 1.95478
-2.27429 1.05632
-1.24336 5.7642
-1.04525 -0.00880752
-1.70609 2.06514
-1.5275 0.769533
-1.72543 1.19979
-1.59292 0.972366
-1.72803 1.06085
-1.55923 1.06194
-1.79342 1.05381
-1.438 1.26598
-1.96381 1.16729
-1.2342 2.88951
-1.28817 1.08619
-2.01451 1.48111
-1.36214 3.90958
-0.62006 4.23185
-0.86188 3.8064
-0.835255 4.46898
-0.761501 3.44038
-1.24835 5.15018
-0.694088 2.02238
-2.45135 0.741377
-0.22765 4.15816
-0.935386 3.20784
-1.4518 4.732
-0.540206 2.59776
-1.60009 0.18008
-1.4161 1.79687
-2.06099 0.919156
-1.62683 4.72114
-0.491615 2.36352
-2.06862 0.0632867
-2.01369 5.6146
-0.918305 -0.218173
-1.6898 2.32796
-1.37836 1.03006
-1.93772 1.33613
-1.21955 2.43122
-2.02221 0.416405
-1.69064 4.8118
-0.505313 2.12207
-2.37948 0.395903
-0.508431 4.86837
-0.875743 1.64997
-2.41674 1.45214
-0.297139 4.21504
-0.929443 3.31276
-1.51072 5.20849
-0.651231 1.69903
-2.53274 1.16021
-0.0264513 3.21107
-1.18146 4.1552
-0.586067 3.73341
-0.963206 4.52483
-0.705299 3.31272
-1.40001 5.18583
-0.665876 1.8574
-2.50963 0.931519
-0.0661143 3.52405
-1.11478 4.06896
-0.630569 3.92647
-0.883807 4.24208
-0.725077 3.73843
-0.914274 4.55918
-0.73114 3.28086
-1.4467 5.16888
-0.651042 1.85359
-2.51471 0.915661
-0.055344 3.47755
-1.12586 4.09045
-0.620887 3.88051
-0.898466 4.30822
-0.719887 3.64226
-0.987859 4.74282
-0.716392 2.95129
-1.10128 2.68356
-1.75551 0.230551
-1.29998 2.34192
-2.0231 0.494494
-1.6402 4.69636
-0.482305 2.37756
-2.036 0.0386341
-1.99127 5.44624
-0.795638 0.240672
-1.93195 2.40417
-1.61798 4.89628
-0.54114 2.11711
-2.39206 0.443339
-0.453605 4.75358
-0.867187 1.91216
-2.42557 1.07249
-0.318686 4.34426
-0.897649 2.96655
-1.11934 2.04262
-2.27476 0.954891
-1.25277 5.78113
-1.05742 -0.058763
-1.68017 2.07213
-1.58615 0.683857
-1.63249 1.21885
-1.74486 0.927234
-1.49635 1.20251
-1.89601 1.09135
-1.26209 2.00007
-2.18236 0.920822
-1.84331 5.82156
-1.01425 -0.372369
-1.58793 2.34071
-1.6025 0.577283
-1.572 1.30378
-1.84055 0.946117
-1.33353 1.64255
-2.12248 1.15553
-1.86848 5.38806
-0.724737 0.686507
-2.16792 2.40622
-0.956027 5.33304
-0.854658 1.16283
-2.29121 2.00881
-0.638007 4.89423
-0.829113 2.05873
-2.40554 0.834594
-0.419464 4.62284
-0.861037 2.32306
-2.24581 0.483203
-1.40862 5.92404
-1.1345 -0.417671
-1.51255 2.34791
-1.74271 0.458849
-1.35907 1.78797
-2.11302 1.00931
-1.85553 5.30904
-0.683008 0.892989
-2.28792 2.3159
-0.446514 4.44203
-0.87812 3.09638
-1.23569 3.81493
-0.754748 4.54588
-0.797451 3.30118
-1.46198 5.20102
-0.657579 1.7678
-2.52604 1.05708
-0.0361855 3.3193
-1.16511 4.16762
-0.591526 3.71844
-0.968035 4.55003
-0.705621 3.27381
-1.43996 5.15677
-0.648972 1.88632
-2.50741 0.865441
-0.069769 3.56334
-1.10182 4.02206
-0.649817 4.02586
-0.859438 4.10172
-0.741435 3.94604
-0.824116 4.2063
-0.756491 3.81205
-0.863677 4.43153
-0.7456 3.48819
-1.17057 5.06141
-0.697112 2.2532
-2.3019 0.441143
-0.994305 5.58826
-1.03437 0.210434
-1.80044 2.01981
-1.31484 1.34567
-2.07612 1.35061
-1.67391 4.89948
-0.533198 2.01814
-2.46178 0.541119
-0.179578 4.05659
-0.956686 3.31295
-1.51993 5.20226
-0.647731 1.70182
-2.53411 1.15025
-0.0243745 3.20218
-1.18107 4.14503
-0.587689 3.75283
-0.95431 4.49514
-0.70657 3.35939
-1.34035 5.18185
-0.678581 1.90741
-2.49428 0.876993
-0.100757 3.69325
-1.06604 3.91006
-0.714997 4.27864
-0.814797 3.74189
-0.891423 4.58797
-0.743336 3.23955
-1.47527 5.08818
-0.622422 1.98824
-2.47594 0.693543
-0.145558 3.90983
-0.999135 3.58738
-1.09463 5.07943
-0.722846 2.20073
-2.3465 0.539912
-0.723882 5.21848
-0.925185 0.959268
-2.16791 2.06891
-1.37089 5.74594
-0.971983 0.168201
-1.81335 2.12589
-1.23727 1.72037
-2.20276 1.22206
-1.70585 5.87917
-1.04245 -0.348501
-1.58128 2.2976
-1.65346 0.53851
-1.49684 1.39851
-1.94081 1.01742
-1.23357 2.64332
-1.75802 0.286505
-1.30547 2.22351
-2.08336 0.628476
-1.84663 5.20979
-0.637543 1.121
-2.41467 2.08251
-0.164298 3.58562
-1.12641 4.30477
-0.605605 3.51507
-1.11278 4.89549
-0.688647 2.62868
-1.69896 0.123657
-1.31998 2.27738
-2.04318 0.556235
-1.69936 4.85407
-0.516446 2.04267
-2.44409 0.494103
-0.236475 4.23301
-0.915735 2.98926
-1.11056 2.26775
-2.20228 0.654213
-1.73607 5.94068
-1.10221 -0.556185
-1.49431 2.55981
-1.54638 0.576973
-1.63077 1.29396
-1.76246 0.895016
-1.45782 1.28682
-1.95234 1.12602
-1.22974 2.72717
-1.61596 0.374623
-1.47508 1.53521
-1.98482 0.989822
-1.28673 3.3762
-1.5581 5.39645
-0.715874 1.19512
-2.39122 2.00928
-0.237829 3.9033
-1.02269 3.93145
-0.716275 4.22712
-0.814254 3.81501
-0.843286 4.43848
-0.756 3.48441
-1.17958 5.07735
-0.697539 2.21375
-2.33549 0.496395
-0.784541 5.31353
-0.950955 0.754426
-2.06838 2.09546
-1.80267 5.56695
-0.814812 0.386502
-1.98332 2.35724
-1.75625 5.31567
-0.67544 1.08804
-2.37624 2.1306
-0.24253 3.88742
-1.02822 3.977
-0.693895 4.12955
-0.828333 3.95342
-0.781782 4.18666
-0.779378 3.85365
-0.836454 4.35985
-0.755022 3.59885
-1.03058 4.85472
-0.712053 2.72672
-1.46819 0.435582
-1.64085 1.41338
-1.76602 0.836896
-1.43625 1.35923
-1.98802 1.13592
-1.27418 3.32552
-1.59057 5.26125
-0.658518 1.48167
-2.51011 1.54431
-0.0543353 3.20417
-1.20384 4.26564
-0.569437 3.52602
-1.10285 4.85032
-0.685841 2.71965
-1.4565 0.451848
-1.65724 1.40996
-1.74006 0.832559
-1.47738 1.27678
-1.93251 1.09667
-1.23094 2.45352
-1.99368 0.389222
-1.57884 4.51134
-0.453378 2.74448
-1.13916 1.55883
-2.24162 1.46254
-1.34617 5.79424
-1.02619 -0.0158688
-1.71277 2.09346
-1.49462 0.818945
-1.77389 1.21401
-1.50253 1.07913
-1.85504 1.12139
-1.32957 1.58678
-2.1175 1.19871
-1.85274 5.34511
-0.699913 0.819927
-2.24408 2.35794
-0.602165 4.77503
-0.827138 2.41088
-2.1584 0.322392
-1.86982 5.90191
-1.0922 -0.632084
-1.48585 2.69099
-1.37315 0.917234
-1.90206 1.36812
-1.25199 1.93845
-2.19658 0.996356
-1.77611 5.87264
-1.04442 -0.411465
-1.56027 2.36352
-1.639 0.528729
-1.51045 1.38683
-1.92484 1.00041
-1.23647 2.43848
-2.00305 0.405201
-1.60914 4.59941
-0.46495 2.56778
-1.57796 0.18853
-1.43941 1.73655
-2.0373 0.927244
-1.49837 4.34552
-0.453758 3.12083
-1.39927 4.85156
-0.583858 2.48424
-1.92223 0.0318408
-1.60664 4.52654
-0.448975 2.6797
-1.26087 0.932565
-1.97629 1.55902
-1.24679 3.23204
-1.48521 4.74141
-0.532399 2.54136
-1.73654 0.0523968
-1.30142 2.69515
-1.61363 0.406054
-1.4902 1.49181
-1.96349 0.986413
-1.2507 3.02348
-1.12754 2.42196
-2.0874 0.435538
-1.93514 5.4009
-0.748919 0.494299
-2.06717 2.43662
-1.5184 5.75034
-0.939524 0.169734
-1.82977 2.17792
-1.19458 2.11161
-2.21017 0.837898
-1.70765 5.92706
-1.08721 -0.489348
-1.51682 2.4527
-1.63392 0.500595
-1.5053 1.41061
-1.93457 0.9986
-1.23436 2.57351
-1.85777 0.290841
-1.29085 3.05075
-1.14149 2.86386
-1.36693 0.798575
-1.86231 1.40064
-1.32245 1.51367
-2.10974 1.25428
-1.82638 5.27709
-0.664274 1.02736
-2.35873 2.19705
-0.268358 3.95981
-1.00615 3.89031
-0.744071 4.31775
-0.800507 3.68171
-0.944654 4.7095
-0.730255 3.01856
-1.17343 3.48916
-1.34331 5.37509
-0.742275 1.3902
-2.43895 1.75954
-0.169703 3.71495
-1.07968 4.11077
-0.636416 3.85788
-0.896781 4.34251
-0.722773 3.59703
-1.0315 4.83462
-0.709532 2.76776
-1.35613 0.698762
-1.83058 1.43674
-1.39055 1.25842
-1.99895 1.25265
-1.29354 3.49818
-1.327 5.40553
-0.759092 1.29947
-2.40046 1.88751
-0.245255 3.9601
-1.00453 3.82669
-0.789115 4.46777
-0.782568 3.44722
-1.24759 5.15934
-0.696516 1.99964
-2.46019 0.774216
-0.198106 4.06258
-0.959742 3.38007
-1.45505 5.30818
-0.69444 1.5187
-2.4969 1.52227
-0.0757153 3.34839
-1.18165 4.30148
-0.580053 3.48337
-1.14336 4.92513
-0.682641 2.55928
-1.85393 0.0608791
-1.38688 3.70249
-0.862048 4.86094
-0.766402 2.64144
-1.74108 0.120377
-1.29923 2.53406
-1.84975 0.326183
-1.27939 2.87108
-1.29978 1.06076
-1.99883 1.46671
-1.29934 3.5844
-1.12914 5.23211
-0.748745 1.77306
-2.4889 1.16919
-0.109918 3.64378
-1.0892 4.04113
-0.648503 3.989
-0.864465 4.15303
-0.735773 3.87002
-0.847933 4.32817
-0.74744 3.638
-0.989817 4.7687
-0.718086 2.90221
-1.10952 2.0333
-2.28244 0.969246
-1.19359 5.73257
-1.04161 0.0402254
-1.72755 2.05177
-1.48127 0.856868
-1.79928 1.21813
-1.45109 1.17611
-1.92848 1.1737
-1.23048 2.34499
-2.07965 0.520708
-1.87851 5.26625
-0.667014 0.930267
-2.31511 2.29093
-0.362523 4.22758
-0.929769 3.48671
-1.25238 5.22594
-0.712844 1.82433
-2.4994 1.04561
-0.0886617 3.58974
-1.10104 4.05453
-0.639946 3.95913
-0.873301 4.19548
-0.730232 3.80698
-0.875453 4.43562
-0.74007 3.47812
-1.18313 5.07345
-0.695737 2.22265
-2.3281 0.482354
-0.829017 5.37747
-0.968946 0.62383
-2.0042 2.08708
-1.64366 4.91937
-0.543436 2.03872
-2.44951 0.532171
-0.220742 4.18108
-0.927172 3.09694
-1.20997 3.65192
-1.00318 5.03108
-0.741842 2.28739
-2.27599 0.435874
-1.17573 5.77012
-1.09239 -0.126091
-1.63593 2.07228
-1.68467 0.593134
-1.47781 1.39618
-1.95878 1.04987
-1.23933 2.88689
-1.29098 1.07757
-2.00989 1.47824
-1.34203 3.8151
-0.720673 4.52379
-0.810232 3.32875
-1.43999 5.23243
-0.671575 1.71629
-2.52382 1.16126
-0.0403156 3.29807
-1.17373 4.19623
-0.585126 3.6627
-0.999755 4.6372
-0.700669 3.12728
-1.40483 4.6403
-0.535403 2.78398
-1.14188 1.57871
-2.24403 1.44322
-1.33837 5.79155
-1.02679 -0.0121569
-1.71395 2.09121
-1.493 0.822653
-1.77667 1.21464
-1.49701 1.08817
-1.86283 1.12673
-1.31586 1.64701
-2.13666 1.17834
-1.89041 5.51072
-0.799986 0.344067
-1.97322 2.38542
-1.7472 5.28793
-0.663049 1.1666
-2.41512 2.03222
-0.173343 3.64382
-1.10632 4.24097
-0.613759 3.6252
-1.01723 4.71379
-0.701779 2.99511
-1.15135 3.33429
-1.56422 5.24129
-0.654412 1.56128
-2.52454 1.40154
-0.037473 3.16191
-1.19586 4.18475
-0.576524 3.67127
-0.997466 4.61973
-0.699743 3.15548
-1.44003 4.80615
-0.561038 2.50471
-1.8559 0.0201359
-1.41929 3.85368
-0.64426 4.35876
-0.845334 3.6031
-1.03496 4.91649
-0.717504 2.59223
-1.81195 0.0781698
-1.32039 3.22665
-1.51089 4.80745
-0.541404 2.41083
-2.02611 0.056783
-1.96137 5.36252
-0.7362 0.511331
-2.08223 2.4497
-1.41498 5.72209
-0.938045 0.266633
-1.8702 2.16854
-1.18761 2.75392
-1.58853 0.389293
-1.50986 1.47953
-1.94131 0.960497
-1.23741 2.71247
-1.63777 0.35662
-1.44457 1.60217
-2.02264 1.00393
-1.40945 4.03309
-0.526345 3.86627
-0.94848 4.31742
-0.694342 3.60412
-1.02491 4.8009
-0.70827 2.83515
-1.19761 1.3011
-2.13787 1.55596
-1.85076 5.62881
-0.866661 0.130379
-1.84992 2.30207
-1.19591 2.98643
-1.1485 1.8986
-2.27107 1.11709
-1.25563 5.76758
-1.0421 -0.00633149
-1.70865 2.06833
-1.5194 0.782038
-1.73776 1.20174
-1.57066 0.992558
-1.75963 1.06936
-1.50465 1.1305
-1.86828 1.10205
-1.30451 1.71421
-2.15285 1.1437
-1.89346 5.63096
-0.880556 0.0348342
-1.80477 2.29611
-1.18431 2.19225
-2.19118 0.739471
-1.80352 5.89131
-1.06621 -0.500955
-1.52422 2.47111
-1.59945 0.534261
-1.55795 1.34007
-1.86423 0.949449
-1.29655 1.82908
-2.16527 1.05626
-1.88394 5.71382
-0.938827 -0.160526
-1.70059 2.27261
-1.39867 0.988083
-1.90932 1.31068
-1.24458 2.03727
-2.19001 0.893954
-1.81254 5.85937
-1.03956 -0.426209
-1.5583 2.38282
-1.62474 0.536797
-1.53039 1.36026
-1.8988 0.980518
-1.255 2.1402
-2.1572 0.765063
-1.91827 5.71252
-0.949716 -0.229628
-1.66979 2.2948
-1.45536 0.840215
-1.8144 1.25777
-1.423 1.22857
-1.96588 1.20563
-1.23359 2.90877
-1.25287 1.23064
-2.08281 1.49848
-1.73565 5.07704
-0.583551 1.6075
-2.56127 1.20994
0.00639531 2.91422
-1.11131 3.50031
-1.30321 5.33036
-0.734188 1.52586
-2.47596 1.54893
-0.113261 3.53434
-1.13227 4.2279
-0.602032 3.63166
-1.01513 4.69661
-0.700733 3.02488
-1.20472 3.70197
-0.916042 4.88197
-0.751807 2.63044
-1.75445 0.109092
-1.29619 2.65759
-1.6813 0.348408
-1.39423 1.73504
-2.08003 0.998075
-1.71056 4.94377
-0.542217 1.88177
-2.52845 0.709338
-0.0214522 3.38095
-1.13634 4.05383
-0.626246 3.95128
-0.881713 4.20702
-0.725759 3.78741
-0.886505 4.46951
-0.73713 3.42525
-1.25999 5.14837
-0.690521 2.0236
-2.4514 0.735473
-0.227284 4.15831
-0.935266 3.20567
-1.44806 4.71692
-0.537906 2.62393
-1.52581 0.285769
-1.52664 1.54335
-1.93111 0.903662
-1.23941 2.63965
-1.75931 0.288937
-1.30491 2.226
-2.08275 0.625981
-1.84527 5.20607
-0.635828 1.13156
-2.4199 2.06804
-0.156532 3.55441
-1.1367 4.32791
-0.602022 3.47388
-1.15544 4.95802
-0.683849 2.48774
-1.99477 0.0971815
-1.83018 5.07539
-0.583365 1.41378
-2.53882 1.5655
-0.0215468 2.91735
-1.13049 3.61826
-1.06466 5.09052
-0.733693 2.15727
-2.37584 0.609286
-0.56197 4.93906
-0.874142 1.56921
-2.40386 1.56117
-0.320866 4.25973
-0.919141 3.26026
-1.51167 5.04246
-0.602277 2.02897
-2.45691 0.618171
-0.201951 4.10805
-0.945465 3.25358
-1.50852 4.98919
-0.58862 2.1269
-2.3922 0.487386
-0.460055 4.76019
-0.866082 1.91332
-2.42591 1.07002
-0.317489 4.3416
-0.898166 2.97095
-1.11634 2.09618
-2.26481 0.886636
-1.33109 5.84125
-1.08012 -0.191546
-1.61734 2.13064
-1.69275 0.567719
-1.45797 1.44606
-1.98682 1.06161
-1.28027 3.34957
-1.58223 5.33635
-0.688174 1.31768
-2.45094 1.83421
-0.131936 3.52199
-1.14299 4.30256
-0.597781 3.50758
-1.11998 4.9015
-0.687036 2.61447
-1.73208 0.101016
-1.30169 2.52835
-1.854 0.329304
-1.28047 2.90622
-1.23742 1.32273
-2.11995 1.48566
-1.85617 5.45622
-0.7592 0.554149
-2.08768 2.4089
-1.44263 5.73722
-0.943624 0.219911
-1.84826 2.16456
-1.18439 2.35637
-2.10463 0.519372
-1.94446 5.46606
-0.789804 0.319454
-1.96827 2.40429
-1.74538 5.28686
-0.662534 1.17239
-2.41763 2.02444
-0.16948 3.6294
-1.11102 4.25325
-0.611533 3.60323
-1.03414 4.75027
-0.699138 2.92606
-1.09622 2.44259
-2.08373 0.404548
-1.93775 5.39958
-0.748995 0.490563
-2.06547 2.43733
-1.52647 5.75097
-0.938842 0.165264
-1.82829 2.17969
-1.19558 2.09534
-2.21363 0.85758
-1.68745 5.93009
-1.08936 -0.480413
-1.51807 2.43962
-1.64563 0.493427
-1.48874 1.43742
-1.95601 1.01388
-1.24047 2.87656
-1.31032 1.00853
-1.9744 1.45918
-1.23753 3.10255
-1.18655 3.37379
-1.54671 5.34865
-0.69677 1.32948
-2.44919 1.82214
-0.137114 3.55127
-1.13338 4.27817
-0.601448 3.55107
-1.07883 4.83252
-0.692188 2.76144
-1.35272 0.703465
-1.8346 1.44104
-1.3812 1.28542
-2.0132 1.25974
-1.34112 3.77029
-0.778127 4.66436
-0.788257 3.06304
-1.22184 3.76929
-0.813962 4.68182
-0.776635 3.0465
-1.19598 3.62046
-1.06436 5.11468
-0.738497 2.0875
-2.41435 0.706526
-0.375796 4.54516
-0.868694 2.44495
-2.12257 0.301896
-1.96855 5.73257
-0.986143 -0.394527
-1.5952 2.38316
-1.5466 0.640584
-1.65647 1.25365
-1.71729 0.903211
-1.53483 1.15897
-1.8467 1.04922
-1.33716 1.5835
-2.11119 1.18911
-1.83295 5.28249
-0.667488 1.00132
-2.34555 2.22367
-0.29638 4.04531
-0.980689 3.7697
-0.843576 4.60017
-0.763874 3.22003
-1.48035 5.01553
-0.601914 2.11697
-2.40111 0.514645
-0.420447 4.67385
-0.864749 2.10746
-2.37623 0.796084
-0.571134 4.93118
-0.866119 1.64448
-2.42139 1.45607
-0.279389 4.16342
-0.942768 3.40418
-1.40843 5.30805
-0.703025 1.55187
-2.49766 1.47655
-0.0768037 3.37394
-1.17395 4.28574
-0.583047 3.51325
-1.1142 4.88089
-0.686081 2.65703
-1.62414 0.192047
-1.39825 1.83702
-2.07751 0.913771
-1.7174 4.94872
-0.543103 1.86102
-2.5357 0.73728
-0.0102115 3.30614
-1.14896 4.05959
-0.619598 3.93567
-0.887794 4.22911
-0.722725 3.75432
-0.905384 4.52885
-0.732777 3.33045
-1.3938 5.20345
-0.672335 1.82138
-2.5141 0.994867
-0.0575801 3.45982
-1.13355 4.12277
-0.611331 3.8156
-0.921175 4.40376
-0.714693 3.50229
-1.14241 5.00888
-0.696305 2.37967
-2.16491 0.25209
-1.81747 5.95593
-1.12876 -0.696196
-1.46573 2.84858
-1.18582 1.74186
-2.2403 1.25483
-1.44701 5.86349
-1.05842 -0.202435
-1.62448 2.15879
-1.66122 0.580067
-1.50314 1.36547
-1.92801 1.02084
-1.2348 2.4597
-1.98493 0.382074
-1.5462 4.41247
-0.445583 2.94611
-1.2187 3.883
-0.692272 4.35173
-0.825212 3.6295
-0.999632 4.84134
-0.721418 2.75501
-1.4031 0.57998
-1.75117 1.40265
-1.56682 0.922225
-1.74074 1.10183
-1.54604 1.05993
-1.80673 1.06967
-1.41528 1.31629
-1.99502 1.18891
-1.28645 3.4334
-1.46687 5.44642
-0.750192 1.13597
-2.34638 2.07441
-0.35655 4.25652
-0.922035 3.38864
-1.4217 5.29829
-0.697 1.56863
-2.5033 1.44199
-0.0686827 3.34237
-1.1795 4.28036
-0.580429 3.51814
-1.10964 4.87109
-0.686302 2.67759
-1.57028 0.258961
-1.47437 1.62031
-1.99508 0.94481
-1.32225 3.59958
-1.08948 5.19191
-0.749154 1.8711
-2.47946 1.01978
-0.138889 3.80242
-1.03824 3.82735
-0.782041 4.47625
-0.785899 3.43308
-1.27176 5.18067
-0.695507 1.93972
-2.48087 0.854134
-0.135979 3.83528
-1.02442 3.7379
-0.874413 4.70395
-0.75625 3.02343
-1.16629 3.42654
-1.46657 5.39901
-0.728617 1.26969
-2.40968 1.91857
-0.211616 3.83267
-1.04406 4.00555
-0.677434 4.06922
-0.840719 4.03871
-0.758174 4.04662
-0.799408 4.05427
-0.777028 4.03325
-0.791131 4.06941
-0.779767 4.0134
-0.792509 4.09829
-0.776693 3.97186
-0.801458 4.1623
-0.769088 3.88018
-0.830292 4.31254
-0.755946 3.6661
-0.963005 4.7162
-0.723649 3.0042
-1.15338 3.34062
-1.56271 5.26084
-0.661498 1.51944
-2.51503 1.48312
-0.0491269 3.20028
-1.20059 4.24505
-0.571063 3.56256
-1.07197 4.79288
-0.689675 2.83683
-1.17853 1.4013
-2.17842 1.52927
-1.72648 5.82736
-0.998022 -0.220079
-1.64881 2.23301
-1.55561 0.675125
-1.66124 1.23012
-1.70542 0.913712
-1.55664 1.13011
-1.81582 1.03151
-1.39156 1.39774
-2.03307 1.19743
-1.43004 4.14459
-0.485542 3.58648
-1.07234 4.70303
-0.677827 2.98822
-1.15409 3.3677
-1.54495 5.3279
-0.688693 1.38279
-2.46957 1.73602
-0.107821 3.43711
-1.16641 4.32993
-0.588399 3.45038
-1.17918 4.98098
-0.680056 2.43148
-2.08516 0.160944
-2.00155 5.62146
-0.917255 -0.202459
-1.69602 2.32139
-1.36918 1.0602
-1.95402 1.3453
-1.21906 2.69301
-1.68545 0.312318
-1.37803 1.81337
-2.0966 0.961832
-1.79934 5.15325
-0.611088 1.33661
-2.50421 1.73751
-0.0557609 3.10559
-1.21124 4.20725
-0.568083 3.62186
-1.02959 4.69515
-0.694584 3.02151
-1.20238 3.69032
-0.935564 4.91617
-0.748613 2.55456
-1.91323 0.0902447
-1.51908 4.26837
-0.44177 3.23495
-1.35103 4.99597
-0.630659 2.29073
-2.24892 0.317151
-1.32256 5.89283
-1.13971 -0.375982
-1.52224 2.28984
-1.77143 0.472424
-1.32981 1.9134
-2.13572 0.937716
-1.91334 5.51774
-0.81126 0.272931
-1.93712 2.37551
-1.60793 4.86323
-0.533815 2.18408
-2.32967 0.354945
-0.784815 5.33025
-0.964798 0.681793
-2.03066 2.08643
-1.75503 5.23575
-0.641804 1.26258
-2.46276 1.88512
-0.104617 3.35645
-1.19366 4.39152
-0.581016 3.33956
-1.30559 5.09455
-0.665592 2.12711
-2.39732 0.575269
-0.446236 4.7189
-0.863037 2.03199
-2.40281 0.899855
-0.4312 4.63847
-0.859101 2.31046
-2.25643 0.500858
-1.33774 5.88352
-1.12192 -0.330999
-1.5459 2.23761
-1.76581 0.49555
-1.34183 1.83943
-2.12824 0.98977
-1.89696 5.44809
-0.764534 0.479541
-2.05161 2.41802
-1.62034 5.74391
-0.925007 0.13424
-1.82249 2.20682
-1.1936 2.10526
-2.21252 0.846328
-1.69396 5.92987
-1.08932 -0.485247
-1.51684 2.44663
-1.64045 0.496015
-1.49586 1.42578
-1.94686 1.00733
-1.23579 2.74293
-1.58185 0.415276
-1.52754 1.44413
-1.91681 0.949137
-1.2409 2.39278
-2.03743 0.457753
-1.73406 4.92174
-0.533258 1.87267
-2.53285 0.70659
-0.0134698 3.338
-1.14304 4.05377
-0.623653 3.94957
-0.883343 4.20949
-0.724903 3.78329
-0.888889 4.47671
-0.73652 3.41389
-1.27676 5.16118
-0.689232 1.98667
-2.46655 0.782394
-0.177602 3.99576
-0.97765 3.48854
-1.27213 5.26021
-0.717998 1.72836
-2.50353 1.20354
-0.0767471 3.47953
-1.13687 4.17311
-0.603257 3.72234
-0.961905 4.5475
-0.708213 3.28037
-1.43553 5.16468
-0.652161 1.87351
-2.50984 0.888334
-0.0649669 3.53345
-1.11061 4.04984
-0.637506 3.96624
-0.873485 4.18559
-0.730226 3.82064
-0.869311 4.41165
-0.741473 3.51438
-1.13298 5.01073
-0.699527 2.37649
-2.17011 0.260101
-1.79521 5.96777
-1.13577 -0.69901
-1.46322 2.86215
-1.17477 1.8358
-2.25366 1.16923
-1.37411 5.83844
-1.05876 -0.150352
-1.64392 2.12256
-1.64055 0.609838
-1.5403 1.3062
-1.87699 0.987457
-1.28185 1.90424
-2.17561 1.00151
-1.86158 5.77785
-0.982859 -0.287057
-1.63263 2.2955
-1.54291 0.674816
-1.67379 1.23563
-1.68706 0.91186
-1.58406 1.10731
-1.77869 1.01079
-1.45692 1.24097
-1.94139 1.14331
-1.22718 2.54877
-1.89454 0.302431
-1.32911 3.43619
-1.45553 5.46212
-0.759619 1.09671
-2.32465 2.11042
-0.421152 4.41805
-0.883845 3.09534
-1.22999 3.78199
-0.795728 4.64416
-0.782549 3.11877
-1.34821 4.36867
-0.512877 3.24302
-1.37361 5.05307
-0.637707 2.16142
-2.37144 0.500927
-0.571249 4.97018
-0.882472 1.46775
-2.37526 1.68999
-0.397366 4.43424
-0.881031 2.96001
-1.11967 2.02194
-2.27814 0.980944
-1.22477 5.75699
-1.04828 -0.00631676
-1.70558 2.06013
-1.53153 0.764515
-1.71968 1.19868
-1.603 0.964689
-1.71367 1.05865
-1.58308 1.04012
-1.7604 1.039
-1.49666 1.15554
-1.88284 1.10618
-1.28124 1.84884
-2.17734 1.05583
-1.85065 5.78371
-0.984556 -0.282893
-1.63322 2.2907
-1.54562 0.672106
-1.67005 1.23587
-1.69299 0.911201
-1.57496 1.11468
-1.79122 1.01686
-1.43497 1.2874
-1.97181 1.16509
-1.24306 3.02604
-1.127 2.43477
-2.07637 0.418036
-1.91293 5.33133
-0.705719 0.706201
-2.18884 2.41621
-0.824918 5.15029
-0.828679 1.57986
-2.43221 1.53085
-0.229094 3.99176
-0.991534 3.69944
-0.922199 4.78707
-0.743779 2.85954
-1.18103 1.40818
-2.17876 1.52183
-1.72811 5.82746
-0.998267 -0.222269
-1.64789 2.23417
-1.55689 0.672892
-1.65907 1.23098
-1.7089 0.913462
-1.55114 1.13586
-1.82332 1.03613
-1.37826 1.4375
-2.05217 1.20221
-1.53022 4.4841
-0.462642 2.85447
-1.09271 2.82058
-1.46803 0.546169
-1.688 1.35106
-1.6821 0.861632
-1.57544 1.13876
-1.79725 1.00699
-1.42177 1.32367
-1.99162 1.17483
-1.27898 3.375
-1.55905 5.39017
-0.713012 1.21036
-2.39869 1.99012
-0.222811 3.85436
-1.03779 3.99244
-0.684466 4.09678
-0.835071 3.99983
-0.767728 4.10921
-0.789302 3.96381
-0.797144 4.17344
-0.771216 3.86647
-0.834491 4.3364
-0.75485 3.63193
-0.995513 4.7861
-0.717614 2.86787
-1.14823 1.61912
-2.24772 1.40223
-1.33133 5.79131
-1.02953 -0.016774
-1.71075 2.08931
-1.50212 0.806238
-1.76255 1.21
-1.52451 1.04656
-1.82423 1.10131
-1.38609 1.38778
-2.03506 1.2112
-1.43914 4.18065
-0.476653 3.50051
-1.13137 4.81847
-0.670808 2.76472
-1.31953 0.796385
-1.89116 1.47866
-1.26149 1.81469
-2.19176 1.10997
-1.78557 5.84825
-1.02443 -0.356007
-1.58804 2.31749
-1.62273 0.562058
-1.5428 1.33322
-1.87992 0.973216
-1.27674 1.94862
-2.17665 0.961764
-1.86127 5.78738
-0.990602 -0.31202
-1.62007 2.30708
-1.56165 0.642793
-1.64222 1.24813
-1.73724 0.909708
-1.50428 1.1977
-1.88726 1.0806
-1.27346 1.91557
-2.18158 0.998973
-1.84119 5.80915
-1.00318 -0.335125
-1.60583 2.31508
-1.58646 0.606057
-1.60127 1.27404
-1.7983 0.926428
-1.40307 1.40633
-2.02586 1.17379
-1.39796 4.01393
-0.539723 3.92413
-0.930708 4.23916
-0.700401 3.72027
-0.932318 4.58387
-0.725114 3.2365
-1.47013 5.08736
-0.623302 1.99577
-2.47241 0.685417
-0.155782 3.94655
-0.988827 3.53182
-1.19356 5.19357
-0.719788 1.91158
-2.48155 0.92481
-0.134397 3.8109
-1.03333 3.7897
-0.817448 4.57125
-0.773409 3.27002
-1.47397 5.14982
-0.640017 1.86578
-2.51488 0.881698
-0.0542902 3.48458
-1.12269 4.07645
-0.625481 3.90918
-0.889808 4.26685
-0.722615 3.7021
-0.939264 4.62727
-0.725797 3.1642
-1.44495 4.81273
-0.561123 2.48888
-1.89052 0.0197635
-1.51091 4.2241
-0.445058 3.33139
-1.27192 4.97548
-0.649864 2.39269
-2.12717 0.186
-1.94102 5.8363
-1.05978 -0.595755
-1.50626 2.61651
-1.44676 0.751208
-1.78755 1.29474
-1.48313 1.08468
-1.87416 1.14883
-1.29747 1.73207
-2.15981 1.13874
-1.88512 5.67827
-0.912261 -0.0698052
-1.74819 2.27463
-1.28516 1.39479
-2.10882 1.37666
-1.82646 5.3037
-0.676303 0.969917
-2.32615 2.25239
-0.344667 4.18516
-0.941148 3.55107
-1.14034 5.11441
-0.716354 2.11863
-2.40044 0.641977
-0.437234 4.69014
-0.861706 2.11615
-2.37356 0.781683
-0.585897 4.95979
-0.869476 1.57814
-2.40834 1.54815
-0.307215 4.22447
-0.927797 3.3206
-1.50514 5.22627
-0.657905 1.66594
-2.53001 1.22593
-0.0307393 3.20686
-1.1855 4.17269
-0.582204 3.69886
-0.980973 4.57796
-0.7026 3.22642
-1.46535 5.07019
-0.619723 2.03428
-2.45343 0.63408
-0.21503 4.14349
-0.937244 3.19808
-1.4335 4.65798
-0.529446 2.72513
-1.2496 1.00176
-2.0078 1.56627
-1.3508 3.87195
-0.657303 4.34759
-0.840504 3.62781
-1.00284 4.85666
-0.721806 2.7223
-1.49116 0.39481
-1.60408 1.43445
-1.8217 0.854966
-1.34848 1.62062
-2.10785 1.14765
-1.82283 5.24603
-0.650329 1.10046
-2.39802 2.11222
-0.193755 3.70476
-1.08684 4.19422
-0.624226 3.71065
-0.960646 4.57345
-0.711393 3.24219
-1.46312 5.10431
-0.629435 1.97041
-2.48282 0.725319
-0.127127 3.83658
-1.02052 3.69667
-0.926713 4.81222
-0.74384 2.80488
-1.29943 0.883589
-1.93595 1.49972
-1.21156 2.45147
-2.00985 0.39368
-1.6493 4.70453
-0.482631 2.35065
-2.08332 0.0699303
-2.0068 5.69241
-0.973067 -0.388888
-1.60364 2.38846
-1.52268 0.678304
-1.69451 1.24561
-1.65506 0.915288
-1.63095 1.08149
-1.71307 0.990976
-1.56654 1.08501
-1.79224 1.03717
-1.43706 1.27458
-1.96681 1.16595
-1.23717 2.9404
-1.1998 1.50876
-2.19209 1.43242
-1.69579 5.85583
-1.02076 -0.270072
-1.61927 2.24558
-1.61326 0.59677
-1.56759 1.29366
-1.84363 0.955625
-1.32984 1.65469
-2.12687 1.1525
-1.8784 5.42695
-0.747893 0.573186
-2.10284 2.41852
-1.33796 5.6884
-0.933823 0.35195
-1.90765 2.16786
-1.25602 3.47101
-1.3907 5.42341
-0.75308 1.23675
-2.38253 1.96328
-0.277327 4.04692
-0.979277 3.7134
-0.904776 4.74325
-0.747303 2.94904
-1.09904 2.48992
-2.03486 0.341955
-1.80194 5.05744
-0.575899 1.50759
-2.55779 1.38022
-0.00176899 2.8588
-1.09034 3.28693
-1.5414 5.05791
-0.600732 1.9612
-2.49013 0.697379
-0.10599 3.76512
-1.03988 3.77582
-0.830817 4.61034
-0.769235 3.19926
-1.4713 4.92624
-0.581356 2.2799
-2.24308 0.278529
-1.34574 5.91113
-1.14827 -0.417334
-1.50564 2.34788
-1.75473 0.453647
-1.34382 1.85688
-2.12626 0.971851
-1.89548 5.43447
-0.756383 0.515178
-2.07205 2.42186
-1.51256 5.75166
-0.941545 0.166984
-1.82767 2.17506
-1.19759 2.06992
-2.21803 0.887623
-1.66044 5.93163
-1.09078 -0.464271
-1.52163 2.41648
-1.66286 0.485912
-1.46527 1.48001
-1.98598 1.03347
-1.28238 3.35691
-1.57708 5.35544
-0.696486 1.27731
-2.43271 1.89652
-0.160477 3.63251
-1.10829 4.22391
-0.613135 3.65131
-0.999298 4.66887
-0.704306 3.0767
-1.31031 4.23233
-0.524797 3.50985
-1.11948 4.84188
-0.678621 2.72861
-1.42363 0.520404
-1.71156 1.40243
-1.6451 0.855604
-1.62465 1.11573
-1.7306 0.977624
-1.53394 1.12687
-1.8387 1.06159
-1.35329 1.5147
-2.0869 1.20427
-1.72459 5.00681
-0.560911 1.75129
-2.5594 0.925383
0.0148461 3.03689
-1.1439 3.80833
-0.781538 4.55522
-0.787292 3.29242
-1.46456 5.18809
-0.653158 1.79382
-2.52454 1.0094
-0.0382261 3.35119
-1.15735 4.15413
-0.596489 3.74686
-0.953277 4.50667
-0.708204 3.34354
-1.3628 5.1887
-0.675136 1.87754
-2.50257 0.915078
-0.0814533 3.59965
-1.09377 4.0086
-0.65769 4.0558
-0.85242 4.05967
-0.749441 4.0114
-0.808339 4.10704
-0.767706 3.95469
-0.8095 4.19026
-0.764378 3.83925
-0.848292 4.38376
-0.750313 3.5613
-1.07417 4.92753
-0.706023 2.56855
-1.8538 0.0688846
-1.38152 3.67559
-0.91212 4.9495
-0.758464 2.44266
-2.10259 0.216946
-1.99032 5.67826
-0.954082 -0.312469
-1.63851 2.34399
-1.48597 0.760695
-1.75939 1.24421
-1.53556 1.01843
-1.80455 1.09693
-1.42395 1.28371
-1.97983 1.18555
-1.25364 3.15842
-1.31049 4.06445
-0.555018 3.85851
-0.936163 4.33357
-0.701736 3.58901
-1.03964 4.83519
-0.706691 2.76552
-1.35875 0.690661
-1.82569 1.43441
-1.40179 1.22677
-1.98175 1.24324
-1.25335 3.17909
-1.36219 4.28189
-0.502681 3.37697
-1.24098 4.99271
-0.662812 2.37851
-2.15304 0.22004
-1.85903 5.93
-1.11467 -0.688535
-1.47117 2.81875
-1.21371 1.55073
-2.19213 1.38529
-1.71387 5.85423
-1.0205 -0.284029
-1.61449 2.25693
-1.61511 0.590945
-1.56314 1.30007
-1.85014 0.958722
-1.31957 1.70117
-2.13998 1.13311
-1.89671 5.53467
-0.816826 0.270513
-1.93317 2.36682
-1.57855 4.77807
-0.517192 2.35643
-2.10022 0.09825
-1.98645 5.7613
-1.01756 -0.508379
-1.54637 2.49253
-1.53093 0.628399
-1.66671 1.26726
-1.70409 0.896106
-1.55339 1.14168
-1.82251 1.03122
-1.379 1.43705
-2.0515 1.20117
-1.52655 4.47271
-0.461751 2.87695
-1.11174 3.09277
-1.15764 3.18849
-1.36252 4.31089
-0.503304 3.32581
-1.29258 5.03472
-0.655923 2.26169
-2.28654 0.386192
-1.08368 5.68923
-1.07054 0.0122745
-1.70189 2.02336
-1.55971 0.733408
-1.67979 1.19588
-1.66959 0.933118
-1.61618 1.07772
-1.73128 0.999306
-1.53845 1.11191
-1.82984 1.06081
-1.36974 1.45621
-2.0627 1.20761
-1.58972 4.65798
-0.483952 2.51278
-1.74717 0.0319027
-1.30329 2.83112
-1.35829 0.880735
-1.89859 1.39981
-1.25543 1.89508
-2.1963 1.03795
-1.77339 5.8684
-1.04019 -0.395938
-1.56722 2.34842
-1.63873 0.534446
-1.51302 1.38026
-1.92094 0.99907
-1.23822 2.38853
-2.04278 0.463682
-1.75531 4.97191
-0.54775 1.74993
-2.5632 0.904135
0.0201037 3.00605
-1.13275 3.71917
-0.894939 4.80746
-0.753916 2.80221
-1.31632 0.830749
-1.90613 1.47882
-1.23857 2.00284
-2.19995 0.937809
-1.76299 5.88952
-1.05766 -0.442116
-1.54446 2.39454
-1.64091 0.515397
-1.50294 1.40438
-1.93581 1.00505
-1.234 2.58422
-1.84382 0.286691
-1.28403 2.91844
-1.21639 1.43411
-2.16348 1.45836
-1.81586 5.75089
-0.949237 -0.132764
-1.70578 2.24605
-1.40696 0.973326
-1.89833 1.3001
-1.2601 1.90653
-2.19232 1.02169
-1.7942 5.85493
-1.0319 -0.386945
-1.57426 2.34364
-1.62857 0.546653
-1.52985 1.35461
-1.89826 0.983622
-1.25565 2.13068
-2.15956 0.776027
-1.91348 5.72398
-0.956869 -0.248881
-1.65928 2.29793
-1.47803 0.790888
-1.77757 1.2431
-1.49878 1.07493
-1.85719 1.12818
-1.32618 1.59892
-2.12196 1.19598
-1.86478 5.38639
-0.723101 0.698856
-2.17453 2.4026
-0.921884 5.28916
-0.847387 1.26127
-2.33215 1.92306
-0.487309 4.60445
-0.851531 2.67008
-1.73668 0.149826
-1.30239 2.42697
-1.95576 0.403976
-1.4213 3.96691
-0.554416 4.02951
-0.908814 4.09353
-0.717462 3.9427
-0.836609 4.21354
-0.749819 3.79736
-0.873297 4.45697
-0.74262 3.44811
-1.22817 5.12257
-0.693199 2.09524
-2.41561 0.646645
-0.366616 4.53377
-0.870334 2.44854
-2.11838 0.297686
-1.97445 5.711
-0.971861 -0.354618
-1.61533 2.35947
-1.52474 0.684201
-1.69493 1.24131
-1.65359 0.917716
-1.63375 1.0794
-1.70875 0.991074
-1.57355 1.07851
-1.78255 1.03243
-1.45431 1.23794
-1.94281 1.14874
-1.22684 2.56664
-1.87237 0.291895
-1.30337 3.20726
-1.45855 4.62707
-0.514515 2.73793
-1.2054 1.19118
-2.09845 1.5893
-1.81581 5.31934
-0.682203 0.958749
-2.31737 2.26095
-0.370076 4.25504
-0.922586 3.43232
-1.34841 5.28473
-0.70764 1.64342
-2.50564 1.32992
-0.0688394 3.38996
-1.16421 4.24275
-0.58726 3.58876
-1.04915 4.76016
-0.69442 2.90341
-1.1012 2.1732
-2.24969 0.786209
-1.4404 5.90762
-1.10547 -0.349926
-1.54828 2.26578
-1.74218 0.492372
-1.36938 1.72793
-2.10147 1.04078
-1.80742 5.18656
-0.624517 1.25444
-2.47118 1.88423
-0.0916274 3.27801
-1.21164 4.39094
-0.572897 3.32628
-1.31749 5.09516
-0.662538 2.11833
-2.40301 0.582834
-0.419412 4.66122
-0.863576 2.15794
-2.35401 0.724804
-0.699112 5.15795
-0.902111 1.13793
-2.25294 1.99398
-0.872444 5.27106
-0.86299 1.21001
-2.30393 1.96409
-0.601145 4.83156
-0.83127 2.1871
-2.34564 0.658656
-0.745862 5.23798
-0.922657 0.95272
-2.16664 2.07468
-1.373 5.7464
-0.971677 0.167668
-1.81328 2.12647
-1.23714 1.72107
-2.20293 1.22161
-1.70503 5.87955
-1.04274 -0.34878
-1.58104 2.29768
-1.6539 0.538093
-1.49615 1.39972
-1.94173 1.01804
-1.23366 2.65603
-1.7377 0.292555
-1.32257 2.09032
-2.11415 0.764733
-1.90434 5.39928
-0.739213 0.575347
-2.10901 2.42879
-1.28506 5.65391
-0.925038 0.437262
-1.94774 2.17557
-1.42969 4.28111
-0.475929 3.31347
-1.29623 5.01625
-0.65093 2.29626
-2.24915 0.330792
-1.32697 5.89421
-1.13897 -0.376632
-1.52243 2.29079
-1.77041 0.472313
-1.33091 1.90774
-2.13515 0.941734
-1.91233 5.5125
-0.807652 0.288123
-1.94542 2.37963
-1.6497 4.98193
-0.560953 1.92712
-2.50854 0.681983
-0.0604035 3.58139
-1.08975 3.95063
-0.684822 4.18458
-0.831384 3.87876
-0.806282 4.31923
-0.768757 3.66525
-0.9626 4.72556
-0.724603 2.98692
-1.12889 3.11243
-1.18821 3.43283
-1.46026 5.40881
-0.733915 1.24667
-2.3983 1.94898
-0.234857 3.90864
-1.02065 3.9118
-0.727359 4.27075
-0.808501 3.75175
-0.88529 4.56463
-0.744459 3.2792
-1.45461 5.16768
-0.649079 1.84831
-2.51639 0.92055
-0.0520642 3.45941
-1.13043 4.10039
-0.616863 3.85956
-0.905686 4.33869
-0.717896 3.59781
-1.03065 4.82955
-0.709283 2.77803
-1.32947 0.776629
-1.87756 1.46527
-1.28745 1.66009
-2.15958 1.20856
-1.87656 5.68129
-0.911842 -0.0599429
-1.75219 2.2721
-1.27825 1.42873
-2.12188 1.37022
-1.85992 5.42489
-0.742609 0.620396
-2.12715 2.41083
-1.19871 5.58986
-0.9105 0.583627
-2.01713 2.18438
-1.7609 5.28011
-0.660296 1.15708
-2.41336 2.04365
-0.174849 3.64658
-1.10552 4.24057
-0.614131 3.62627
-1.01638 4.71214
-0.701943 2.99822
-1.15612 3.37263
-1.54068 5.33798
-0.693177 1.36271
-2.46124 1.77022
-0.119801 3.4857
-1.15283 4.31199
-0.593659 3.48675
-1.14091 4.93116
-0.684391 2.5479
-1.87944 0.0616983
-1.44362 3.97584
-0.538995 3.98532
-0.921864 4.15317
-0.706158 3.84735
-0.868528 4.36369
-0.738751 3.58112
-1.0495 4.87842
-0.70821 2.67582
-1.59963 0.226807
-1.4338 1.71838
-2.04216 0.948422
-1.51708 4.40888
-0.454655 2.99072
-1.28735 4.22712
-0.534607 3.53632
-1.09723 4.80935
-0.682298 2.79713
-1.25378 1.03353
-2.01668 1.55255
-1.3878 4.0314
-0.536243 3.88769
-0.939159 4.28943
-0.697671 3.64698
-0.986347 4.72058
-0.714859 2.99207
-1.14004 3.22929
-1.45837 4.68008
-0.526296 2.66321
-1.40246 0.528427
-1.73018 1.42154
-1.61042 0.872318
-1.6741 1.10305
-1.65722 0.979599
-1.64789 1.04341
-1.67946 1.00692
-1.62357 1.03766
-1.71038 1.01464
-1.57725 1.06463
-1.77433 1.03432
-1.47002 1.20528
-1.92052 1.13301
-1.23679 2.26357
-2.12197 0.622443
-1.94543 5.53062
-0.830578 0.16277
-1.88146 2.35668
-1.32051 3.86595
-0.674693 4.37846
-0.832187 3.58036
-1.06342 4.95615
-0.71326 2.50355
-1.98538 0.104248
-1.78666 4.98224
-0.550026 1.66894
-2.57268 1.04131
0.0231669 2.87441
-1.0846 3.26689
-1.52138 4.95552
-0.576844 2.16624
-2.35792 0.426307
-0.633072 5.08692
-0.904562 1.1974
-2.27404 1.9486
-0.779297 5.1399
-0.845483 1.49208
-2.40363 1.65665
-0.29718 4.1741
-0.941639 3.43581
-1.35276 5.29427
-0.709889 1.6161
-2.50217 1.37782
-0.0733345 3.3952
-1.16494 4.25449
-0.586806 3.56908
-1.06477 4.79252
-0.692364 2.84011
-1.17485 1.42464
-2.187 1.51973
-1.68526 5.84844
-1.01368 -0.23808
-1.63432 2.22861
-1.59229 0.626922
-1.60325 1.25967
-1.79274 0.930598
-1.41382 1.37511
-2.01022 1.16842
-1.33532 3.7224
-0.851781 4.81826
-0.767582 2.74565
-1.47812 0.431561
-1.63094 1.41162
-1.78065 0.843271
-1.41364 1.4127
-2.01865 1.1527
-1.36902 3.88431
-0.638463 4.30125
-0.850427 3.69973
-0.923665 4.69897
-0.737612 3.03923
-1.20767 3.70587
-0.909391 4.871
-0.753068 2.65415
-1.69932 0.142572
-1.32286 2.23303
-2.06286 0.604533
-1.76807 5.02317
-0.564201 1.638
-2.56908 1.12128
0.0166003 2.87858
-1.08987 3.31176
-1.55232 5.16374
-0.630425 1.74201
-2.53834 1.05699
-0.0168616 3.19859
-1.17538 4.11167
-0.595993 3.82022
-0.926748 4.39471
-0.711126 3.51176
-1.12936 4.9888
-0.69711 2.42702
-2.1002 0.183213
-1.9925 5.69145
-0.965232 -0.350423
-1.62009 2.36217
-1.51135 0.70686
-1.7162 1.24081
-1.61657 0.937629
-1.68843 1.0668
-1.62594 1.00804
-1.69856 1.02838
-1.59992 1.04085
-1.74082 1.02573
-1.52858 1.11333
-1.84021 1.07347
-1.35199 1.51492
-2.08794 1.20626
-1.72994 5.0203
-0.564934 1.71813
-2.56297 0.985764
0.0162501 2.98502
-1.13019 3.68558
-0.946325 4.90323
-0.744257 2.59494
-1.82771 0.0842653
-1.33386 3.35895
-1.57775 5.39487
-0.713423 1.17707
-2.38606 2.03057
-0.24604 3.92649
-1.01567 3.90395
-0.73329 4.28799
-0.805591 3.72624
-0.905329 4.61688
-0.739378 3.18849
-1.4644 4.91267
-0.57978 2.31046
-2.20461 0.232139
-1.5826 6.00585
-1.1727 -0.648779
-1.45242 2.79113
-1.27116 1.24953
-2.0773 1.46142
-1.69929 4.97896
-0.554225 1.84501
-2.53907 0.776643
-0.00660755 3.26702
-1.15512 4.0602
-0.617008 3.93256
-0.889682 4.23351
-0.721799 3.74744
-0.909698 4.54127
-0.731781 3.31006
-1.41781 5.19568
-0.664885 1.82035
-2.51673 0.985703
-0.0523635 3.43665
-1.13863 4.12941
-0.608077 3.80105
-0.927501 4.42538
-0.713308 3.46965
-1.18606 5.063
-0.692842 2.24696
-2.30693 0.445586
-0.961029 5.54941
-1.02199 0.284175
-1.83679 2.02881
-1.23472 1.77894
-2.20952 1.17206
-1.67852 5.89419
-1.05521 -0.367511
-1.56853 2.30929
-1.66979 0.520274
-1.46978 1.45154
-1.97682 1.03915
-1.26333 3.19408
-1.40448 4.44225
-0.499494 3.07083
-1.38041 4.64632
-0.545259 2.80345
-1.12225 1.75104
-2.28272 1.29457
-1.11462 5.6291
-0.988924 0.304685
-1.8612 2.08074
-1.19043 2.28075
-2.14665 0.619576
-1.93856 5.69939
-0.947444 -0.241305
-1.66675 2.30442
-1.45442 0.839418
-1.81486 1.25931
-1.42215 1.23021
-1.967 1.20659
-1.23464 2.92756
-1.22047 1.38889
-2.14903 1.47815
-1.84886 5.67214
-0.897175 0.0198043
-1.79055 2.27314
-1.208 1.89386
-2.23085 1.08188
-1.55857 5.91031
-1.07901 -0.3516
-1.56144 2.27936
-1.70736 0.504752
-1.41696 1.57375
-2.04434 1.06597
-1.50193 4.37683
-0.455736 3.06301
-1.37409 4.64914
-0.5481 2.80656
-1.12025 1.77245
-2.28585 1.27301
-1.09912 5.61595
-0.986393 0.327407
-1.87182 2.08274
-1.18628 2.4651
-2.0141 0.379395
-1.68002 4.77993
-0.497838 2.18811
-2.31253 0.308491
-0.879364 5.46377
-1.00617 0.41154
-1.89717 2.04285
-1.19393 2.78587
-1.52001 0.487326
-1.61823 1.36075
-1.79157 0.874681
-1.40296 1.42845
-2.03069 1.16409
-1.421 4.10486
-0.497726 3.68387
-1.01874 4.56807
-0.684147 3.22127
-1.46057 5.06361
-0.619049 2.05226
-2.44351 0.611766
-0.249466 4.24568
-0.914359 3.00686
-1.1083 2.50409
-2.01541 0.326224
-1.72708 4.88474
-0.522498 1.94409
-2.50277 0.606317
-0.0691771 3.64354
-1.07026 3.87329
-0.738592 4.36833
-0.803835 3.60627
-1.02567 4.8764
-0.716098 2.68074
-1.59533 0.234321
-1.44076 1.6979
-2.03434 0.951103
-1.47683 4.27658
-0.457758 3.27044
-1.32893 5.01323
-0.640805 2.27718
-2.26681 0.347819
-1.20869 5.80686
-1.11098 -0.209838
-1.5944 2.12038
-1.744 0.547894
-1.38368 1.6464
-2.08216 1.0757
-1.70893 4.95043
-0.544432 1.87404
-2.53099 0.722626
-0.0175716 3.35429
-1.14151 4.05997
-0.622405 3.93706
-0.886098 4.22713
-0.723594 3.75779
-0.903121 4.52272
-0.733342 3.3405
-1.38104 5.20433
-0.675418 1.82841
-2.51197 0.988517
-0.0618143 3.48323
-1.12752 4.10957
-0.616251 3.84295
-0.910548 4.36326
-0.717037 3.56237
-1.06905 4.89847
-0.703996 2.63167
-1.7073 0.12216
-1.31478 2.32558
-2.01972 0.50526
-1.6166 4.63528
-0.471878 2.50392
-1.75392 0.0245789
-1.30544 2.90357
-1.22874 1.37783
-2.14083 1.4719
-1.86185 5.61437
-0.859595 0.145266
-1.85951 2.31154
-1.21693 3.2137
-1.43457 4.56749
-0.51021 2.85192
-1.08621 2.53952
-1.98183 0.280398
-1.61392 4.5921
-0.462037 2.57102
-1.56507 0.205668
-1.45783 1.68832
-2.01678 0.930212
-1.40291 3.99332
-0.5478 3.97379
-0.91902 4.17108
-0.70686 3.82223
-0.877777 4.40554
-0.736799 3.51959
-1.1249 4.99693
-0.6998 2.40906
-2.12701 0.211651
-1.94712 5.81827
-1.04699 -0.562808
-1.51896 2.56343
-1.49582 0.666415
-1.71395 1.27193
-1.62554 0.919081
-1.67114 1.07503
-1.65454 0.993821
-1.65588 1.03458
-1.66576 1.01218
-1.64525 1.02734
-1.67853 1.01542
-1.62735 1.03188
-1.70379 1.01616
-1.58831 1.05485
-1.75873 1.02848
-1.49734 1.15865
-1.88309 1.10414
-1.28075 1.85306
-2.17772 1.05239
-1.84976 5.78586
-0.986076 -0.287082
-1.63098 2.29226
-1.54945 0.665707
-1.6637 1.23788
-1.70322 0.909952
-1.55894 1.12962


