-2.15918 -0.637454
1.60643 -2.60436
-2.05941 -1.84291
1.82037 -2.25426
-1.72302 -2.95375
2.04848 -1.434
-0.685689 -1.56915
-0.445324 0.219363
-0.614381 -0.933946
-1.14562 -0.540729
-0.878799 -0.718868
-1.06225 -0.684826
-0.902446 -0.64753
-1.08619 -0.749315
-0.833426 -0.570363
-1.19329 -0.850716
-0.623943 -0.377486
-1.43614 -1.19755
0.186674 0.532401
1.27956 -1.42299
-0.773724 -1.46548
-0.475652 0.127377
-0.989028 -1.38865
-0.356099 0.132126
-0.67295 -1.02677
-1.0119 -0.424379
-1.08928 -0.914753
-0.707527 -0.395982
-1.3719 -1.10739
-0.0732011 0.23691
1.20795 0.650998
0.624065 -1.44514
-1.82237 -1.85468
1.94357 -0.0481758
0.732733 -0.207698
1.41956 -0.540405
1.20946 -0.104158
1.13711 -0.812291
1.06394 0.403773
0.802005 -1.38627
-1.59248 -2.33424
1.82695 0.784773
0.547377 -0.752492
-0.515592 -0.959261
-1.2225 -0.552633
-0.756929 -0.621164
-1.23245 -0.824668
-0.582569 -0.35706
-1.46486 -1.26629
0.344177 0.707367
0.907576 -1.83692
-1.91093 -1.72877
1.97018 -0.76437
0.421371 -0.156162
1.4204 0.209261
0.914088 -0.871587
0.500234 0.237994
1.25655 -1.25037
-0.196341 -0.633983
-1.63485 -1.39635
1.11902 1.2504
0.245104 -2.05516
-1.21345 0.0809616
-0.750505 -0.84099
-1.09104 -0.595235
-0.921299 -0.714133
-1.02605 -0.676694
-0.946742 -0.673851
-1.02803 -0.708391
-0.924454 -0.641972
-1.06895 -0.747561
-0.854156 -0.582277
-1.16826 -0.831148
-0.673502 -0.423681
-1.3898 -1.09739
-0.0371251 0.271778
1.41206 0.419665
0.787873 -1.02622
-0.689086 -1.24431
-0.792866 -0.182447
-1.33444 -1.28047
0.0127044 0.379014
1.56363 -0.380626
1.12323 -0.204767
1.22694 -0.736888
1.19362 0.239115
0.907326 -1.13628
-0.704441 -1.28806
-0.733597 -0.125806
-1.36251 -1.38625
0.192172 0.58993
1.2062 -1.53771
-1.22211 -2.11708
0.878726 1.36567
0.178331 -2.48104
-0.677816 0.518578
0.0155965 -0.0794122
0.0759208 -0.0984999
0.330545 0.189583
1.46146 -0.843051
1.00567 0.281605
0.908287 -1.31844
-1.27405 -2.09694
0.936824 1.37763
0.168285 -2.41958
-0.725126 0.466155
-0.330003 -0.512933
-1.58391 -1.36838
0.883051 1.15914
0.295404 -2.27253
-1.08815 0.23249
-0.830171 -1.00001
-0.888954 -0.406276
-1.21707 -0.994778
-0.474163 -0.188925
-1.45868 -1.61283
0.7169 1.10646
0.358176 -2.35798
-1.10834 0.26407
-0.759036 -0.92243
-1.01928 -0.508199
-1.04616 -0.835589
-0.816229 -0.504733
-1.24128 -0.926135
-0.492082 -0.235513
-1.48261 -1.54106
0.704069 1.08024
0.378976 -2.33514
-1.16201 0.234227
-0.705345 -0.840198
-1.13287 -0.609319
-0.86143 -0.670044
-1.10986 -0.739468
-0.812049 -0.56454
-1.21532 -0.864613
-0.580702 -0.337116
-1.46711 -1.29587
0.381868 0.750631
0.828282 -1.91529
-1.91789 -1.17592
1.91907 -0.292123
0.767328 -0.08799
1.3294 -0.871548
1.00659 0.348232
0.855273 -1.37901
-1.49863 -2.31809
1.64503 1.19182
0.36081 -1.22422
-1.79662 -1.54446
1.79501 0.605757
0.651479 -0.667999
0.428516 0.212539
1.35091 -1.11194
0.42753 0.0850863
1.45546 -0.766474
1.08966 0.2144
0.940983 -1.20133
-0.841418 -1.49269
-0.379988 0.198392
-0.479414 -0.767554
-1.39095 -0.793777
-0.267723 -0.0585707
-1.05604 -1.51964
-0.136228 0.365527
1.40399 0.465764
0.759306 -1.06758
-0.947525 -1.60752
-0.142286 0.4238
1.50578 0.220688
0.902762 -0.775305
0.840537 0.463251
0.810863 -1.57949
-1.80387 -2.11968
1.98783 -0.339297
0.633904 -0.123191
1.43558 -0.601465
1.19087 -0.00771929
1.07914 -0.923657
0.701384 0.358116
0.975518 -1.49405
-1.50649 -2.37477
1.71209 1.09448
0.412504 -1.07392
-1.68384 -2.05573
1.80902 0.728658
0.584333 -0.731677
-0.230499 -0.571677
-1.61982 -1.44776
1.10397 1.25687
0.239932 -2.08245
-1.18044 0.107363
-0.797541 -0.906153
-0.997313 -0.51463
-1.06628 -0.840773
-0.790616 -0.488684
-1.27065 -0.954538
-0.418784 -0.158609
-1.42118 -1.69328
0.712438 1.12446
0.347729 -2.38183
-1.06939 0.289305
-0.778824 -0.961717
-0.968626 -0.461541
-1.11936 -0.903864
-0.681006 -0.387219
-1.39402 -1.13734
0.0108947 0.333371
1.55144 -0.136382
1.06383 -0.452521
1.34891 -0.281764
1.18898 -0.505172
1.30833 -0.212327
1.1703 -0.618916
1.28989 0.0374731
1.03083 -0.879876
0.759329 0.400439
0.90268 -1.53632
-1.66814 -2.37575
1.95257 0.237838
0.666156 -0.359434
1.39622 0.133568
0.960191 -0.844777
0.731208 0.400314
0.91814 -1.54014
-1.65444 -2.38944
1.94378 0.303297
0.657959 -0.396984
1.34338 0.285059
0.869541 -1.01552
-0.325108 -0.744033
-1.53588 -0.973869
0.346741 0.651489
0.965173 -1.7612
-1.84161 -2.14781
2.00115 -0.738758
0.37655 -0.211979
1.22055 0.541537
0.697828 -1.3453
-1.67443 -2.25297
1.90347 0.443857
0.650958 -0.491098
1.13095 0.523607
0.709106 -1.42718
-1.75159 -2.15885
1.95813 0.0423088
0.700266 -0.255455
1.44296 -0.327188
1.17047 -0.372311
1.28952 -0.463976
1.26562 -0.278221
1.21551 -0.568281
1.2937 -0.0882115
1.10663 -0.761933
1.13903 0.369269
0.81923 -1.29229
-1.39949 -2.21643
1.33397 1.434
0.178624 -1.86663
-1.28794 -0.0453752
-0.650944 -0.685039
-1.28761 -0.796851
-0.503787 -0.298796
-1.49925 -1.44352
0.647023 1.01578
0.442034 -2.28468
-1.30182 0.159656
-0.45575 -0.499832
-1.52107 -1.20115
0.476053 0.819791
0.688754 -2.04094
-1.78408 -0.433427
1.49959 0.967786
0.47471 -1.27201
-1.79145 -1.8071
1.88767 0.310921
0.715371 -0.420079
1.364 0.202575
0.920575 -0.93223
0.25432 -0.0123911
1.41107 0.314058
0.851767 -0.955699
-0.115036 -0.456686
-1.53357 -1.84828
1.22436 1.34872
0.205178 -1.97513
-1.22782 0.0356419
-0.749709 -0.824691
-1.10399 -0.61239
-0.896292 -0.689493
-1.06551 -0.709208
-0.883335 -0.622033
-1.11911 -0.781075
-0.772577 -0.516357
-1.27355 -0.932419
-0.431251 -0.178937
-1.44414 -1.67028
0.746004 1.1407
0.329051 -2.37697
-1.0436 0.296948
-0.799059 -0.994159
-0.922442 -0.421467
-1.18038 -0.963808
-0.55359 -0.26665
-1.47514 -1.42281
0.544775 0.927623
0.554525 -2.19219
-1.53173 -0.00461588
0.321084 0.48176
1.18079 -1.49305
-1.15795 -2.01522
0.640655 1.20013
0.320834 -2.51502
-0.897003 0.417873
-0.642174 -0.870174
-1.16882 -0.598277
-0.818108 -0.646781
-1.16326 -0.776725
-0.718633 -0.484155
-1.33281 -0.995631
-0.261837 0.00783381
-0.83019 -1.24791
-0.655153 -0.124236
-1.397 -1.46582
0.369148 0.781705
0.807789 -1.9524
-1.90488 -0.991246
1.88519 -0.0528409
0.811803 -0.210923
1.38003 -0.64254
1.20696 0.04251
1.04179 -0.957894
0.498631 0.213684
1.28226 -1.20462
0.0236155 -0.3508
-1.09845 -1.64307
0.0635805 0.589035
1.36665 -1.3324
-0.320024 -0.826132
-1.50068 -0.852788
0.12647 0.393943
1.48868 -0.918846
0.883243 0.29726
0.936114 -1.39404
-1.38587 -2.2434
1.34008 1.44154
0.175681 -1.86262
-1.28736 -0.0471816
-0.65323 -0.687177
-1.28429 -0.793417
-0.512448 -0.308169
-1.49783 -1.41894
0.615097 0.985163
0.476845 -2.25654
-1.37562 0.115722
-0.259171 -0.239823
-1.40407 -1.79387
0.7982 1.20717
0.277996 -2.40632
-0.93022 0.356743
-0.780829 -1.02043
-0.916292 -0.39863
-1.19444 -0.988766
-0.512803 -0.222731
-1.47395 -1.52898
0.662755 1.04709
0.414418 -2.31678
-1.23284 0.200499
-0.594068 -0.686868
-1.33658 -0.822636
-0.384081 -0.172761
-1.41876 -1.71866
0.738432 1.1488
0.325731 -2.39176
-1.02412 0.311144
-0.797666 -1.00163
-0.917249 -0.413885
-1.1881 -0.973609
-0.534608 -0.247253
-1.47717 -1.47142
0.606211 0.989701
0.477196 -2.26466
-1.3694 0.122575
-0.274444 -0.260618
-1.44407 -1.78427
0.889594 1.25334
0.239665 -2.35904
-0.912139 0.344572
-0.812476 -1.0613
-0.850757 -0.344931
-1.27006 -1.07647
-0.314948 -0.0136009
-1.04229 -1.49166
-0.184114 0.313854
1.07408 0.7047
0.583221 -1.63973
-1.85639 -1.12635
1.81323 0.41261
0.731133 -0.534184
1.18378 0.470054
0.745858 -1.32967
-1.58959 -2.30638
1.80241 0.847444
0.525664 -0.814191
-0.87399 -1.45748
-0.389263 0.166245
-0.647494 -0.987449
-1.06996 -0.473664
-1.00447 -0.835828
-0.859074 -0.523506
-1.19438 -0.889425
-0.593211 -0.334748
-1.46012 -1.28559
0.34896 0.716472
0.893397 -1.85209
-1.91824 -1.62605
1.96315 -0.713083
0.483579 -0.111759
1.48372 -0.218024
1.11839 -0.450549
1.32948 -0.310095
1.20697 -0.484299
1.30059 -0.255144
1.19328 -0.57415
1.2996 -0.0697181
1.0945 -0.774498
1.10994 0.395551
0.8027 -1.3403
-1.51844 -2.30842
1.67377 1.14021
0.389737 -1.15141
-1.76096 -1.83489
1.84404 0.523156
0.663877 -0.575284
0.887583 0.527136
0.742275 -1.62207
-1.86641 -1.77111
1.96266 -0.358228
0.677945 -0.0925852
1.3918 -0.762476
1.12573 0.218707
0.931071 -1.17762
-0.785406 -1.40953
-0.526525 0.0594219
-1.20068 -1.57187
0.110678 0.587482
1.30964 -1.41705
-0.701167 -1.3645
-0.657128 -0.0358639
-1.34796 -1.52473
0.322108 0.756503
0.876432 -1.89297
-1.92682 -1.4284
1.94866 -0.59467
0.602252 -0.0524465
1.41725 -0.743744
1.1294 0.191118
0.950758 -1.15092
-0.618156 -1.17184
-0.934091 -0.289476
-1.20734 -1.08029
-0.41327 -0.0976035
-1.34743 -1.70004
0.542594 1.0016
0.497306 -2.29123
-1.37596 0.133485
-0.238237 -0.216707
-1.34493 -1.78449
0.648402 1.10808
0.377746 -2.39836
-1.10238 0.284694
-0.738902 -0.905508
-1.05142 -0.531465
-0.999821 -0.796673
-0.892662 -0.565715
-1.14214 -0.834333
-0.705708 -0.443642
-1.35849 -1.05122
-0.156004 0.13392
0.285206 0.169498
1.50617 -0.628471
1.13924 0.0529822
1.04919 -1.01912
0.267662 -0.0189885
1.42098 0.283795
0.869916 -0.922826
0.11345 -0.169045
0.155025 -0.0150875
1.14114 0.631608
0.633875 -1.5059
-1.84757 -1.71569
1.93718 -0.0855326
0.745144 -0.188259
1.40485 -0.613835
1.2041 0.00192189
1.06969 -0.9227
0.687434 0.351662
0.990665 -1.48629
-1.46957 -2.35038
1.62209 1.23906
0.333223 -1.28819
-1.79686 -1.2736
1.68545 0.830575
0.562061 -0.929204
-1.13524 -1.82061
0.341733 0.89884
0.71539 -2.10585
-1.77414 -0.362085
1.46899 0.987807
0.458037 -1.33056
-1.8182 -1.58571
1.85761 0.371388
0.71834 -0.474174
1.28815 0.359186
0.821519 -1.13199
-0.968079 -1.65004
-0.0694812 0.501261
1.56995 -0.578366
1.10865 0.0193812
1.08146 -1.0064
0.400839 0.114774
1.45646 -0.791707
1.06559 0.240397
0.926229 -1.24161
-1.01902 -1.74657
0.106055 0.686083
1.19858 -1.60214
-1.37015 -2.32034
1.40436 1.43977
0.189098 -1.75863
-1.39625 -0.157906
-0.374877 -0.328432
-1.53247 -1.59186
0.927117 1.22523
0.253317 -2.28815
-1.00507 0.272821
-0.876178 -1.08677
-0.769127 -0.296376
-1.34649 -1.17985
-0.0637906 0.269079
1.33958 0.53935
0.708113 -1.20016
-1.43217 -2.20718
1.39034 1.40536
0.20544 -1.75468
-1.42122 -0.175044
-0.291826 -0.223761
-1.41335 -1.77661
0.799087 1.20268
0.280523 -2.4007
-0.940033 0.349995
-0.790508 -1.02753
-0.901133 -0.388176
-1.21212 -1.00651
-0.471653 -0.181233
-1.45338 -1.62252
0.713261 1.10637
0.359217 -2.3602
-1.10794 0.265231
-0.758054 -0.921681
-1.02079 -0.509254
-1.04405 -0.83383
-0.819787 -0.50762
-1.23683 -0.921597
-0.502958 -0.246798
-1.48508 -1.51304
0.679324 1.05578
0.402975 -2.31943
-1.21311 0.208745
-0.630303 -0.735515
-1.27445 -0.74898
-0.559712 -0.368781
-1.47723 -1.2748
0.393123 0.756697
0.812522 -1.92853
-1.91089 -1.07857
1.90184 -0.157641
0.799512 -0.150258
1.35194 -0.768835
1.13538 0.23628
0.91662 -1.18479
-0.856514 -1.50959
-0.346196 0.229782
-0.186706 -0.385504
-1.51435 -1.81122
1.12384 1.33608
0.198043 -2.1196
-1.08054 0.164949
-0.913696 -1.07095
-0.749117 -0.301493
-1.36069 -1.18869
-0.0223665 0.314021
1.50903 0.144917
0.943118 -0.719232
1.07834 0.463093
0.756049 -1.42551
-1.70251 -2.26317
1.94352 0.222487
0.681952 -0.351457
1.41126 0.0590421
1.00165 -0.771078
1.02996 0.459134
0.764988 -1.46221
-1.73357 -2.23003
1.96376 0.0484447
0.690929 -0.259628
1.44522 -0.290903
1.15823 -0.411741
1.30639 -0.393529
1.2437 -0.382673
1.26469 -0.427493
1.26878 -0.347213
1.243 -0.470618
1.28517 -0.278022
1.2088 -0.556074
1.29804 -0.111777
1.11921 -0.734867
1.18559 0.315711
0.853985 -1.20536
-1.10498 -1.85149
0.344579 0.918439
0.694452 -2.13568
-1.73546 -0.266989
1.30494 1.07585
0.374887 -1.63957
-1.7027 -0.558991
1.05155 1.11279
0.31943 -2.02941
-1.34453 0.0125226
-0.456688 -0.466136
-1.52576 -1.25351
0.543403 0.890832
0.585454 -2.1433
-1.60646 -0.095053
0.661409 0.826628
0.580106 -2.0463
-1.66723 -0.224005
0.935678 1.02609
0.37352 -2.08472
-1.37361 0.0275978
-0.348638 -0.334899
-1.53487 -1.62458
0.972344 1.25188
0.236766 -2.25764
-1.00787 0.258022
-0.894425 -1.10177
-0.738434 -0.273057
-1.37161 -1.22916
0.0444391 0.394575
1.55017 -0.605808
1.11564 0.0419076
1.06319 -1.02436
0.282746 -0.00485779
1.46027 0.154669
0.942815 -0.785255
0.894628 0.47045
0.786423 -1.56177
-1.80724 -2.08799
1.98362 -0.310788
0.649095 -0.125314
1.42807 -0.62544
1.1881 0.025257
1.0574 -0.957052
0.53794 0.244546
1.21497 -1.29256
-0.443862 -0.970961
-1.28586 -0.57437
-0.630586 -0.500015
-1.39698 -1.03146
-0.0761946 0.21214
1.10204 0.683728
0.597573 -1.59204
-1.8643 -1.31837
1.87075 0.198045
0.768673 -0.363266
1.42085 -0.125328
1.09723 -0.60455
1.30855 0.0580963
1.01523 -0.879098
0.731069 0.38886
0.928812 -1.52739
-1.6236 -2.39982
1.91229 0.481474
0.627644 -0.510073
1.00958 0.553935
0.696264 -1.56427
-1.85485 -1.77326
1.95529 -0.243111
0.712701 -0.124358
1.3892 -0.732021
1.15208 0.178239
0.956268 -1.12171
-0.478458 -0.973303
-1.24891 -0.55444
-0.710064 -0.580354
-1.29529 -0.889083
-0.423614 -0.188599
-1.45007 -1.67227
0.765211 1.15364
0.316744 -2.37657
-1.02382 0.304512
-0.808797 -1.01299
-0.897154 -0.398495
-1.21228 -0.998416
-0.47833 -0.190574
-1.45993 -1.60625
0.712577 1.10183
0.362362 -2.35533
-1.11744 0.259549
-0.750748 -0.909471
-1.03737 -0.524012
-1.01905 -0.811438
-0.862408 -0.542471
-1.1819 -0.868806
-0.626737 -0.370317
-1.43547 -1.20451
0.191539 0.539122
1.26595 -1.44322
-0.862272 -1.59462
-0.240554 0.354806
1.01093 0.709953
0.582192 -1.70686
-1.8415 -0.936046
1.73678 0.625861
0.661585 -0.74093
0.107283 -0.145778
0.250442 0.0968327
1.51915 -0.167821
1.0871 -0.460487
1.34167 -0.276089
1.18907 -0.51772
1.30822 -0.186702
1.15734 -0.647705
1.27574 0.108654
0.987134 -0.952896
0.374443 0.105099
1.48125 -0.684639
1.13077 0.117633
1.00436 -1.08495
-0.155917 -0.535189
-1.61171 -1.67233
1.28998 1.29965
0.244214 -1.83344
-1.40731 -0.123522
-0.321924 -0.270893
-1.48356 -1.73096
0.935144 1.26072
0.232679 -2.31236
-0.947022 0.308543
-0.864794 -1.10236
-0.765095 -0.282489
-1.35137 -1.19812
-0.0345818 0.304561
1.47906 0.256722
0.884314 -0.83287
0.570447 0.303015
1.12712 -1.39815
-1.00475 -1.77384
0.126224 0.718342
1.13475 -1.68054
-1.58564 -2.49619
1.91871 0.507741
0.610784 -0.523667
0.905612 0.542454
0.725091 -1.62699
-1.8726 -1.69161
1.95414 -0.309638
0.704695 -0.0998742
1.37891 -0.78111
1.11333 0.244823
0.913793 -1.20988
-0.951479 -1.64635
-0.0906776 0.48498
1.57848 -0.390751
1.11542 -0.181199
1.21562 -0.771769
1.15314 0.301957
0.866599 -1.22425
-1.12631 -1.88453
0.416759 0.987322
0.580627 -2.26139
-1.51312 0.0468112
0.275589 0.42395
1.29643 -1.33467
-0.438965 -0.980007
-1.28394 -0.566904
-0.637675 -0.509427
-1.38776 -1.01455
-0.114814 0.166346
0.698473 0.54968
0.799536 -1.71199
-1.88791 -1.71096
1.96479 -0.49743
0.622983 -0.0728591
1.41581 -0.725259
1.144 0.166857
0.965904 -1.11839
-0.431529 -0.90858
-1.34398 -0.652703
-0.466169 -0.310295
-1.51308 -1.47949
0.73411 1.08784
0.365841 -2.3251
-1.15062 0.233596
-0.72734 -0.868148
-1.09143 -0.57363
-0.932199 -0.733435
-1.00279 -0.653841
-0.984969 -0.706416
-0.969752 -0.66221
-1.01296 -0.71153
-0.938091 -0.64567
-1.05376 -0.739227
-0.876527 -0.598819
-1.13874 -0.806714
-0.730011 -0.475058
-1.32716 -0.999955
-0.27042 0.000676194
-0.881851 -1.31122
-0.541776 -0.0243379
-1.328 -1.62094
0.398805 0.85669
0.710393 -2.06955
-1.78919 -0.423244
1.52482 0.937025
0.496119 -1.21475
-1.74039 -2.01036
1.88698 0.40586
0.680735 -0.476513
1.22808 0.447806
0.761384 -1.26493
-1.45555 -2.24728
1.48527 1.3549
0.251395 -1.56908
-1.61694 -0.466019
0.564537 0.78877
0.660705 -2.01005
-1.7741 -0.434192
1.45218 1.01398
0.439866 -1.37364
-1.82432 -1.3961
1.80762 0.516615
0.687773 -0.601905
0.864548 0.515026
0.759142 -1.6218
-1.86071 -1.83407
1.9691 -0.3947
0.654919 -0.090845
1.40577 -0.731504
1.14455 0.175936
0.959208 -1.12581
-0.485887 -0.984349
-1.2327 -0.539003
-0.745448 -0.617355
-1.24465 -0.833132
-0.556369 -0.331249
-1.48019 -1.33167
0.461962 0.833812
0.685621 -2.05685
-1.77239 -0.394996
1.45232 1.00794
0.443385 -1.36921
-1.8245 -1.42137
1.81632 0.491449
0.694629 -0.578893
0.969572 0.537715
0.714833 -1.58003
-1.8561 -1.79503
1.96006 -0.288393
0.697834 -0.111216
1.39057 -0.744202
1.14191 0.194845
0.945884 -1.14419
-0.607015 -1.15496
-0.961242 -0.31168
-1.17608 -1.0437
-0.490786 -0.177269
-1.45196 -1.60321
0.685538 1.0819
0.383349 -2.34762
-1.15753 0.241653
-0.704382 -0.841834
-1.13253 -0.607901
-0.86264 -0.671606
-1.10778 -0.737515
-0.815858 -0.56792
-1.21017 -0.85965
-0.592264 -0.348664
-1.45979 -1.26761
0.329412 0.693182
0.937083 -1.80884
-1.88863 -1.92418
1.98378 -0.815372
0.339615 -0.22801
1.04627 0.611373
0.650329 -1.58431
-1.86889 -1.53943
1.92372 -0.0759515
0.763982 -0.192198
1.39654 -0.63033
1.2032 0.0257017
1.0539 -0.945591
0.57342 0.274083
1.15384 -1.35876
-0.821037 -1.50772
-0.382156 0.20874
-0.441053 -0.716296
-1.45334 -0.89171
-0.0165675 0.242914
1.39268 0.44829
0.769227 -1.07008
-0.923289 -1.57518
-0.205057 0.361111
1.18128 0.688695
0.597201 -1.50678
-1.85344 -1.57615
1.91254 0.0404016
0.762875 -0.25579
1.42169 -0.453519
1.20646 -0.227638
1.21027 -0.668764
1.2535 0.120459
0.982065 -0.983884
0.224536 -0.0560486
1.2393 0.565256
0.68305 -1.34175
-1.68743 -2.23247
1.91132 0.393219
0.662825 -0.457742
1.23872 0.442912
0.764885 -1.2495
-1.41902 -2.21616
1.37361 1.41694
0.195747 -1.79009
-1.37855 -0.130807
-0.424335 -0.394232
-1.54124 -1.41509
0.764838 1.09575
0.353405 -2.31229
-1.14285 0.230425
-0.745208 -0.889746
-1.05817 -0.546083
-0.98503 -0.7795
-0.919713 -0.588994
-1.1042 -0.801554
-0.776119 -0.506013
-1.27529 -0.942184
-0.420318 -0.164995
-1.42799 -1.68915
0.725369 1.13205
0.339514 -2.38194
-1.05596 0.294426
-0.788165 -0.977471
-0.94673 -0.442287
-1.14893 -0.932389
-0.62134 -0.331992
-1.44358 -1.26042
0.272013 0.634504
1.06212 -1.68607
-1.67675 -2.46319
1.99292 -0.0144338
0.650671 -0.241074
1.45306 -0.251773
1.14168 -0.44679
1.32029 -0.323427
1.21533 -0.4732
1.29626 -0.276171
1.20425 -0.550974
1.30031 -0.121279
1.12404 -0.723344
1.20229 0.290893
0.870258 -1.16957
-0.945249 -1.62791
-0.119599 0.453102
1.56055 -0.0618825
1.03111 -0.503723
1.35595 -0.131286
1.11603 -0.663154
1.26595 0.175986
0.943822 -1.01652
-0.0517909 -0.38824
-1.3604 -1.87083
0.797725 1.23089
0.264081 -2.43199
-0.880891 0.390229
-0.71305 -0.958971
-1.03171 -0.483163
-1.04396 -0.851325
-0.80669 -0.489389
-1.25652 -0.946582
-0.450075 -0.190048
-1.4569 -1.64077
0.745883 1.13307
0.33389 -2.36844
-1.05953 0.286996
-0.794971 -0.982485
-0.936217 -0.435051
-1.16199 -0.944246
-0.594633 -0.306919
-1.45985 -1.32158
0.385896 0.760408
0.81492 -1.93051
-1.91159 -1.08114
1.90289 -0.166977
0.79831 -0.145335
1.34949 -0.778367
1.1266 0.249548
0.908192 -1.20325
-0.945641 -1.6367
-0.108395 0.466651
1.57319 -0.198057
1.0767 -0.374437
1.32751 -0.456266
1.24874 -0.276
1.22026 -0.581288
1.28934 -0.0627005
1.09252 -0.790319
1.07788 0.413872
0.792628 -1.38352
-1.60175 -2.33022
1.83914 0.742716
0.562345 -0.715843
-0.261633 -0.610705
-1.61038 -1.31134
0.94014 1.17795
0.280286 -2.22743
-1.10681 0.204521
-0.834887 -0.992331
-0.891303 -0.413167
-1.21245 -0.98682
-0.487926 -0.203966
-1.46775 -1.58127
0.70578 1.09095
0.371389 -2.34676
-1.13956 0.247633
-0.729259 -0.876348
-1.08331 -0.564545
-0.946562 -0.747074
-0.979793 -0.635418
-1.01927 -0.733763
-0.916814 -0.620879
-1.08871 -0.771052
-0.815663 -0.54704
-1.2212 -0.881668
-0.558758 -0.311402
-1.47828 -1.35641
0.482083 0.857599
0.650691 -2.09337
-1.71495 -0.26215
1.19424 1.09454
0.344706 -1.81757
-1.54965 -0.235395
0.257173 0.442603
1.29709 -1.34571
-0.477601 -1.03548
-1.19999 -0.488194
-0.820561 -0.701633
-1.12645 -0.719386
-0.804666 -0.572029
-1.21784 -0.859464
-0.580617 -0.339479
-1.46707 -1.2927
0.378444 0.746624
0.835343 -1.90823
-1.92031 -1.22397
1.92595 -0.351459
0.745565 -0.0677187
1.32885 -0.894537
0.966808 0.358631
0.856852 -1.41362
-1.55385 -2.35001
1.7739 0.94365
0.483799 -0.904835
-1.2889 -1.98756
0.812336 1.28084
0.232979 -2.47006
-0.787777 0.45246
-0.475867 -0.688833
-1.43781 -0.899669
-0.0607775 0.195694
1.09902 0.681318
0.599222 -1.59319
-1.86469 -1.32092
1.87199 0.191825
0.769438 -0.358899
1.42208 -0.14161
1.10469 -0.588015
1.316 0.0122272
1.04238 -0.833045
0.922187 0.45088
0.794373 -1.52755
-1.77127 -2.18482
1.982 -0.175733
0.671151 -0.167222
1.43435 -0.544587
1.20131 -0.0911256
1.13113 -0.831871
1.01951 0.420621
0.79619 -1.43559
-1.66799 -2.31507
1.92524 0.364856
0.658662 -0.4364
1.27644 0.399507
0.794706 -1.17489
-1.17587 -1.93399
0.552966 1.10484
0.416719 -2.42743
-1.13794 0.285563
-0.679396 -0.826865
-1.16658 -0.631546
-0.803572 -0.61944
-1.19241 -0.809976
-0.654588 -0.420939
-1.40471 -1.11498
0.0186662 0.33544
1.55501 -0.18869
1.08126 -0.402541
1.33387 -0.399834
1.23451 -0.358281
1.25989 -0.46942
1.27833 -0.276965
1.21063 -0.561912
1.29649 -0.100182
1.11293 -0.747748
1.1646 0.342612
0.83639 -1.24686
-1.26091 -2.05826
0.860462 1.33215
0.198283 -2.46984
-0.725876 0.486163
-0.248091 -0.406817
-1.55983 -1.69435
1.13471 1.3106
0.213289 -2.08218
-1.14007 0.12329
-0.858047 -0.984213
-0.877174 -0.41516
-1.22455 -0.991613
-0.465279 -0.183078
-1.45399 -1.62852
0.722384 1.11417
0.351742 -2.36332
-1.0931 0.272097
-0.770898 -0.942006
-0.99234 -0.484448
-1.08531 -0.871085
-0.746368 -0.445564
-1.32513 -1.02492
-0.253537 0.0260975
-0.733647 -1.12502
-0.865309 -0.299779
-1.2679 -1.11312
-0.284906 0.0291857
-0.827543 -1.23982
-0.665796 -0.135015
-1.39705 -1.44494
0.344807 0.753209
0.85869 -1.90078
-1.92534 -1.3354
1.93984 -0.494486
0.673418 -0.042763
1.36052 -0.874877
0.997643 0.337276
0.866047 -1.37479
-1.47305 -2.30298
1.5804 1.27685
0.30875 -1.3725
-1.76868 -0.980304
1.46777 1.0855
0.40153 -1.40055
-1.81227 -1.189
1.70534 0.766614
0.594285 -0.864595
-0.796259 -1.36157
-0.568229 0.00273711
-1.30597 -1.60119
0.328778 0.788989
0.836228 -1.94232
-1.91829 -1.12166
1.91376 -0.265723
0.778756 -0.0980496
1.32929 -0.860324
1.02473 0.341219
0.856806 -1.36035
-1.46252 -2.29047
1.54652 1.31159
0.285161 -1.44616
-1.72143 -0.753676
1.17248 1.15892
0.303981 -1.90144
-1.43113 -0.100505
-0.22019 -0.149842
-1.18281 -1.66689
0.204605 0.712262
1.04869 -1.74649
-1.7609 -2.38595
2.01724 -0.500715
0.508479 -0.159081
1.47129 -0.115146
1.07956 -0.560111
1.33135 -0.03414
1.06737 -0.777511
1.08428 0.419875
0.787422 -1.38325
-1.60866 -2.32758
1.84832 0.709651
0.57353 -0.687912
-0.0594026 -0.343378
-1.28589 -1.81343
0.568363 1.06178
0.440634 -2.36719
-1.2284 0.226338
-0.573118 -0.667951
-1.36557 -0.857526
-0.291649 -0.0662623
-1.12852 -1.59086
0.0352808 0.5365
1.45614 -1.11638
0.458014 0.0868428
1.43067 -0.844713
1.01876 0.292288
0.896534 -1.31999
-1.30276 -2.13016
1.03372 1.41782
0.147168 -2.32187
-0.791454 0.388929
-0.682877 -0.947121
-1.06978 -0.504571
-0.991286 -0.809161
-0.892062 -0.556327
-1.14767 -0.843931
-0.691517 -0.428917
-1.37444 -1.07831
-0.0933667 0.207268
1.0069 0.685402
0.600042 -1.6878
-1.85588 -1.04638
1.79648 0.455838
0.72112 -0.575611
1.05052 0.529744
0.70957 -1.50796
-1.81738 -1.97782
1.96775 -0.206874
0.694375 -0.145765
1.41224 -0.648697
1.18818 0.0565422
1.0359 -0.985767
0.371604 0.093713
1.48867 -0.634921
1.14848 0.0556574
1.04509 -1.01507
0.273682 -0.011643
1.44067 0.22573
0.903602 -0.858815
0.521666 0.258679
1.21559 -1.30333
-0.483223 -1.02734
-1.20084 -0.494298
-0.816835 -0.695875
-1.13354 -0.72642
-0.791142 -0.559612
-1.23621 -0.877812
-0.537684 -0.295731
-1.48613 -1.40371
0.559285 0.935666
0.540583 -2.20202
-1.5061 0.0182091
0.210076 0.353197
1.44094 -1.03046
0.678749 0.252203
1.09229 -1.36486
-0.982349 -1.73225
0.048894 0.637702
1.32916 -1.41877
-0.674105 -1.32881
-0.721696 -0.0907516
-1.35703 -1.42712
0.226363 0.635726
1.11229 -1.64891
-1.56614 -2.47574
1.88212 0.657382
0.576119 -0.633116
0.242311 0.0254221
1.45253 0.204666
0.915148 -0.829802
0.672941 0.373273
0.979551 -1.51091
-1.52863 -2.39197
1.76485 0.984395
0.463968 -0.941394
-1.41507 -2.10291
1.22549 1.42051
0.166291 -2.03019
-1.11764 0.107628
-0.906727 -1.03439
-0.788586 -0.345022
-1.32179 -1.11319
-0.18133 0.128604
0.110864 -0.0304915
0.885677 0.620689
0.668217 -1.71756
-1.88009 -1.19681
1.87466 0.122749
0.786789 -0.316965
1.42349 -0.312765
1.17369 -0.406207
1.29889 -0.403238
1.24928 -0.371764
1.25898 -0.44252
1.27423 -0.323748
1.23201 -0.501298
1.29217 -0.22229
1.18012 -0.61978
1.28736 0.0339331
1.03345 -0.879247
0.766377 0.403346
0.896387 -1.53819
-1.67799 -2.36724
1.95919 0.186098
0.670618 -0.331147
1.42162 0.0186599
1.02261 -0.727626
1.14578 0.398405
0.797732 -1.3099
-1.47341 -2.27588
1.55277 1.29937
0.292905 -1.42815
-1.73617 -0.810319
1.26238 1.16105
0.317428 -1.76908
-1.55239 -0.266815
0.258812 0.448838
1.28831 -1.36069
-0.546797 -1.13361
-1.04288 -0.357209
-1.0769 -0.951751
-0.691187 -0.362835
-1.39209 -1.15974
0.0271868 0.356648
1.56109 -0.341665
1.11879 -0.248037
1.25335 -0.675928
1.23906 0.115368
0.987335 -0.993137
0.20005 -0.0850285
1.0509 0.637423
0.63132 -1.60322
-1.87081 -1.40939
1.90022 0.0453386
0.776964 -0.261739
1.41751 -0.460313
1.20918 -0.220867
1.2057 -0.67599
1.24933 0.137401
0.971263 -1.00171
0.109993 -0.189221
0.019461 -0.180941
-0.448947 -0.788228
-1.40621 -0.789117
-0.227893 -0.0161823
-0.804654 -1.22202
-0.704906 -0.164813
-1.3869 -1.37662
0.240632 0.634193
1.09766 -1.65943
-1.59963 -2.48267
1.92764 0.454352
0.623061 -0.488675
1.06717 0.549882
0.69339 -1.51076
-1.82795 -1.91569
1.96259 -0.201793
0.703825 -0.144642
1.40615 -0.666895
1.18338 0.0830426
1.01845 -1.0134
0.205496 -0.0839186
1.07718 0.634735
0.632048 -1.57529
-1.86715 -1.49806
1.91334 -0.00982827
0.770278 -0.228124
1.40924 -0.544058
1.21446 -0.103312
1.13522 -0.809658
1.06796 0.402692
0.802267 -1.38206
-1.5858 -2.33349
1.81549 0.820291
0.534404 -0.785057
-0.720516 -1.24452
-0.762017 -0.170049
-1.35414 -1.31875
0.0977212 0.475877
1.4458 -1.10255
0.494876 0.121322
1.37178 -1.00506
0.736168 0.302488
1.00623 -1.42961
-1.33119 -2.20194
1.18244 1.45916
0.139093 -2.12943
-0.976961 0.213826
-0.979925 -1.18866
-0.574593 -0.134856
-1.42214 -1.54351
0.528815 0.943915
0.549837 -2.21436
-1.50875 0.0233762
0.228717 0.37394
1.40159 -1.13401
0.390088 0.0375752
1.4992 -0.48398
1.16773 -0.135331
1.16893 -0.804128
1.09446 0.375063
0.819528 -1.33634
-1.4833 -2.29221
1.58951 1.26135
0.318417 -1.34854
-1.78111 -1.06778
1.55027 1.01406
0.455369 -1.23036
-1.77666 -1.85024
1.87938 0.372345
0.700254 -0.460863
1.28885 0.365569
0.817324 -1.13591
-0.994043 -1.68609
0.00223049 0.574128
1.45622 -1.14054
0.389627 0.0237047
1.50205 -0.42714
1.16303 -0.20346
1.21169 -0.722279
1.20948 0.222432
0.917424 -1.10807
-0.555088 -1.07562
-1.08594 -0.414367
-1.00769 -0.873587
-0.826889 -0.482616
-1.24195 -0.944958
-0.475938 -0.213329
-1.47326 -1.58688
0.729263 1.10867
0.353528 -2.35235
-1.10613 0.262297
-0.764881 -0.929287
-1.00833 -0.499421
-1.06186 -0.849293
-0.789024 -0.482189
-1.27483 -0.962339
-0.404881 -0.142728
-1.39743 -1.70871
0.671174 1.10026
0.37555 -2.37741
-1.1181 0.269466
-0.736048 -0.894647
-1.0627 -0.543574
-0.981104 -0.779029
-0.923917 -0.590955
-1.09914 -0.798113
-0.78454 -0.512912
-1.26491 -0.930905
-0.447947 -0.194706
-1.45992 -1.63945
0.753084 1.13748
0.329465 -2.36801
-1.05274 0.289402
-0.799757 -0.990491
-0.924966 -0.42518
-1.17658 -0.959034
-0.562792 -0.275984
-1.47293 -1.39937
0.511639 0.893593
0.60118 -2.14586
-1.62362 -0.110706
0.750289 0.898309
0.492962 -2.09657
-1.52509 -0.0539947
0.242182 0.4003
1.35981 -1.22771
0.0446409 -0.340009
-0.997607 -1.5247
-0.191702 0.332078
1.11871 0.70217
0.585224 -1.58963
-1.86125 -1.28065
1.85684 0.260628
0.760202 -0.408975
1.39695 0.0489186
1.00923 -0.779013
1.02002 0.458739
0.766831 -1.46956
-1.73944 -2.22236
1.96675 0.0164634
0.69063 -0.244436
1.44481 -0.341338
1.17372 -0.354039
1.28158 -0.494591
1.27215 -0.227912
1.18912 -0.627526
1.28165 0.0458622
1.02678 -0.894864
0.699881 0.368321
0.966802 -1.5058
-1.53888 -2.39254
1.78231 0.940293
0.483045 -0.894494
-1.26528 -1.96064
0.732601 1.22733
0.279096 -2.48481
-0.854175 0.425133
-0.613135 -0.84608
-1.21401 -0.634509
-0.73068 -0.563395
-1.2864 -0.898871
-0.433383 -0.194099
-1.45686 -1.65716
0.765954 1.15026
0.318684 -2.37223
-1.03114 0.299688
-0.808729 -1.00958
-0.900205 -0.402188
-1.20819 -0.993292
-0.488837 -0.201551
-1.46639 -1.58259
0.703246 1.08947
0.373085 -2.34653
-1.14243 0.246504
-0.72566 -0.871226
-1.09059 -0.570914
-0.934607 -0.736452
-0.998452 -0.650031
-0.991703 -0.71195
-0.959395 -0.654089
-1.02809 -0.723342
-0.914576 -0.627206
-1.08708 -0.76554
-0.821341 -0.553593
-1.21284 -0.872628
-0.57851 -0.331554
-1.46848 -1.30594
0.396782 0.767165
0.798971 -1.94441
-1.9022 -0.98432
1.88072 -0.0196151
0.811888 -0.231477
1.38993 -0.592033
1.21716 -0.0359939
1.09173 -0.876138
0.868612 0.427835
0.830503 -1.53162
-1.74175 -2.26325
1.98094 -0.0856651
0.674831 -0.203001
1.44366 -0.440837
1.1944 -0.229898
1.2156 -0.672154
1.2502 0.1245
0.979781 -0.990324
0.188735 -0.0969174
0.952282 0.628712
0.648473 -1.67969
-1.87617 -1.23942
1.87559 0.135278
0.782446 -0.323803
1.42477 -0.283006
1.1631 -0.439292
1.31084 -0.340903
1.22518 -0.455681
1.28993 -0.307681
1.21991 -0.513978
1.29706 -0.197783
1.16625 -0.64428
1.27672 0.0951827
0.99577 -0.940897
0.449033 0.176722
1.36454 -1.06209
0.58445 0.21302
1.20531 -1.27379
-0.393258 -0.897307
-1.38925 -0.691585
-0.329991 -0.153688
-1.35299 -1.74497
0.613764 1.07024
0.416035 -2.36528
-1.19243 0.23779
-0.639654 -0.757155
-1.25181 -0.72101
-0.617968 -0.431868
-1.42839 -1.13037
0.0997903 0.425094
1.48902 -0.941722
0.844875 0.294559
0.955128 -1.40376
-1.37087 -2.23286
1.29773 1.45212
0.161879 -1.93899
-1.1975 0.0303786
-0.815604 -0.898307
-0.9872 -0.517921
-1.07511 -0.84251
-0.779546 -0.481842
-1.28304 -0.967156
-0.385821 -0.123155
-1.36034 -1.71791
0.594797 1.04741
0.439752 -2.34195
-1.24906 0.206968
-0.546164 -0.627685
-1.40938 -0.926585
-0.125797 0.130892
0.441711 0.330692
1.21808 -1.3558
-0.668702 -1.29696
-0.759961 -0.130304
-1.34869 -1.35769
0.128281 0.518508
1.36601 -1.29135
-0.174876 -0.62649
-1.63978 -1.45779
1.1936 1.26794
0.245026 -1.9583
-1.30079 -0.00415126
-0.59563 -0.631199
-1.36604 -0.889191
-0.267971 -0.031971
-0.979696 -1.4312
-0.317747 0.186121
-0.27887 -0.510843
-1.59954 -1.4659
1.04047 1.24435
0.242389 -2.16086
-1.1104 0.172172
-0.862887 -1.01199
-0.848631 -0.38362
-1.26064 -1.03796
-0.365926 -0.0761268
-1.268 -1.68535
0.365384 0.852756
0.740574 -2.05049
-1.82585 -0.535469
1.66076 0.730918
0.618327 -0.896991
-0.828373 -1.41121
-0.483926 0.0816473
-1.11145 -1.5131
-0.0804094 0.401833
1.54639 -0.00119845
1.00856 -0.567651
1.3334 0.0620373
1.00955 -0.857237
0.793683 0.421266
0.867008 -1.55119
-1.726 -2.30848
1.98186 -0.052713
0.67202 -0.217928
1.44744 -0.38567
1.18335 -0.297933
1.254 -0.581032
1.2777 -0.0690916
1.09886 -0.794374
1.07434 0.413201
0.793561 -1.3859
-1.60391 -2.33073
1.8429 0.730093
0.566558 -0.704934
-0.184118 -0.506775
-1.60243 -1.66246
1.24762 1.30476
0.233485 -1.90399
-1.33224 -0.0466959
-0.530298 -0.541796
-1.45831 -1.05669
0.126634 0.436194
1.45211 -1.05967
0.607249 0.204893
1.19401 -1.27446
-0.421384 -0.934999
-1.33522 -0.627918
-0.498823 -0.351653
-1.50817 -1.37427
0.602355 0.965301
0.497219 -2.23423
-1.42232 0.0826051
-0.111359 -0.0468613
-0.451297 -0.771915
-1.41376 -0.808474
-0.194104 0.0260017
-0.493474 -0.816012
-1.34751 -0.7253
-0.419228 -0.239433
-1.48633 -1.63413
0.826157 1.18151
0.288894 -2.35284
-1.00072 0.303325
-0.833173 -1.04768
-0.844094 -0.353585
-1.27347 -1.07136
-0.313486 -0.0143369
-1.041 -1.4906
-0.18675 0.311351
1.05213 0.704972
0.583541 -1.66239
-1.85274 -1.06282
1.7915 0.479332
0.712863 -0.594548
0.96765 0.533646
0.718323 -1.57757
-1.85374 -1.81504
1.96194 -0.29499
0.693253 -0.110446
1.39302 -0.739634
1.14444 0.188308
0.950227 -1.13654
-0.561132 -1.09
-1.06711 -0.397096
-1.03637 -0.901858
-0.775269 -0.439448
-1.30359 -1.01621
-0.305219 -0.0278291
-1.05896 -1.51283
-0.141118 0.357586
1.37198 0.517377
0.72489 -1.14368
-1.27099 -2.03806
0.84995 1.31908
0.206621 -2.46879
-0.741985 0.476705
-0.317921 -0.494265
-1.58689 -1.42316
0.948455 1.20159
0.26613 -2.24013
-1.07226 0.22386
-0.862665 -1.03766
-0.826108 -0.35555
-1.28822 -1.07949
-0.278962 0.0212656
-0.83692 -1.25293
-0.643815 -0.115535
-1.39699 -1.48524
0.392115 0.808235
0.762235 -1.99922
-1.86437 -0.717589
1.78135 0.42186
0.743725 -0.569926
1.11743 0.50487
0.72291 -1.42492
-1.73638 -2.19611
1.95512 0.0937478
0.69605 -0.281639
1.44288 -0.228065
1.13616 -0.481519
1.3262 -0.249527
1.18252 -0.561632
1.30562 -0.0926767
1.10653 -0.747059
1.16307 0.34721
0.833218 -1.25202
-1.28073 -2.08267
0.928875 1.36899
0.173245 -2.42185
-0.731591 0.463406
-0.352981 -0.541522
-1.57264 -1.279
0.752275 1.06165
0.378561 -2.28279
-1.20849 0.192857
-0.658901 -0.766508
-1.22804 -0.703287
-0.668981 -0.482554
-1.37341 -1.02731
-0.140544 0.142823
0.424677 0.315587
1.2512 -1.31339
-0.44631 -0.981493
-1.27529 -0.561424
-0.657242 -0.529797
-1.36359 -0.976611
-0.206757 0.0583516
-0.397204 -0.684869
-1.50421 -0.981053
0.227065 0.527824
1.23637 -1.46912
-0.993104 -1.78394
0.127071 0.725868
1.12472 -1.69373
-1.61625 -2.50096
1.95471 0.312653
0.641517 -0.401396
1.31685 0.344211
0.831615 -1.08858
-0.778076 -1.37978
-0.565903 0.0178223
-1.28676 -1.59794
0.287596 0.751742
0.915221 -1.86541
-1.91936 -1.667
1.96588 -0.774973
0.420277 -0.153716
1.4224 0.203686
0.917269 -0.865261
0.536512 0.269056
1.19147 -1.33014
-0.635723 -1.24325
-0.847252 -0.204774
-1.29373 -1.21667
-0.136301 0.210426
0.814182 0.624699
0.68562 -1.7602
-1.88219 -1.13159
1.86755 0.140154
0.788978 -0.331084
1.42323 -0.273016
1.16004 -0.451893
1.31424 -0.315825
1.21458 -0.487339
1.29796 -0.24931
1.1914 -0.583187
1.29785 -0.0498398
1.08308 -0.794749
1.0613 0.424194
0.786991 -1.40622
-1.64119 -2.32181
1.89324 0.527854
0.625445 -0.546719
0.866871 0.527514
0.748145 -1.63336
-1.86956 -1.75889
1.9626 -0.372894
0.674048 -0.088888
1.39202 -0.76609
1.12235 0.223254
0.92828 -1.18421
-0.818403 -1.45676
-0.442636 0.137718
-0.893425 -1.28639
-0.557022 -0.0509384
-1.35978 -1.60823
0.452585 0.898369
0.633976 -2.14373
-1.66362 -0.157221
0.95447 1.02663
0.372108 -2.06526
-1.38801 0.0104591
-0.310709 -0.283877
-1.48996 -1.73466
0.958779 1.27163
0.225812 -2.29318
-0.95468 0.296741
-0.880037 -1.11404
-0.740164 -0.263958
-1.37107 -1.23803
0.0522041 0.405151
1.54111 -0.686141
1.08763 0.129237
1.00578 -1.12568
-0.330576 -0.773918
-1.51797 -0.920071
0.23712 0.527049
1.22537 -1.48004
-1.04355 -1.85694
0.278962 0.876779
0.791697 -2.03984
-1.8703 -0.700235
1.7959 0.357948
0.764201 -0.5173
1.26772 0.370461
0.813896 -1.16303
-1.08954 -1.82004
0.283248 0.856696
0.808332 -2.01315
-1.89021 -0.821326
1.84605 0.147068
0.806623 -0.348821
1.4189 -0.251764
1.15348 -0.479306
1.31992 -0.258882
1.18875 -0.555279
1.3048 -0.108229
1.11559 -0.732518
1.18777 0.314903
0.854403 -1.20264
-1.0958 -1.83872
0.315973 0.890898
0.74464 -2.08143
-1.81442 -0.477223
1.6229 0.796519
0.583382 -0.98743
-1.23626 -1.95468
0.674932 1.19109
0.316035 -2.48407
-0.918917 0.395009
-0.698104 -0.930191
-1.06932 -0.517613
-0.985866 -0.798002
-0.905573 -0.569841
-1.12795 -0.825575
-0.730005 -0.464108
-1.33148 -1.01266
-0.250408 0.0250578
-0.726464 -1.11622
-0.880322 -0.311763
-1.25222 -1.09233
-0.33129 -0.0217531
-1.09831 -1.54785
-0.054328 0.442618
1.57307 -0.360563
1.11507 -0.217464
1.23752 -0.721747
1.20716 0.206895
0.928476 -1.09767
-0.471952 -0.959344
-1.26627 -0.572862
-0.669711 -0.536961
-1.35022 -0.960532
-0.25134 0.00713435
-0.798117 -1.20898
-0.723949 -0.182532
-1.37915 -1.34049
0.181087 0.565178
1.24852 -1.47868
-0.998323 -1.79493
0.146996 0.746755
1.07579 -1.747
-1.73576 -2.43304
2.01761 -0.397907
0.552798 -0.15691
1.47299 -0.274352
1.14212 -0.403513
1.31043 -0.40873
1.24612 -0.357707
1.25529 -0.465544
1.27962 -0.284782
1.21369 -0.55089
1.29707 -0.123353
1.126 -0.724011
1.20188 0.290359
0.87066 -1.16954
-0.943931 -1.6261
-0.123118 0.449556
1.55549 -0.0228156
1.01586 -0.540286
1.34734 -0.0194817
1.05601 -0.774611
1.08058 0.425573
0.783604 -1.39129
-1.62526 -2.3239
1.87142 0.621143
0.60079 -0.616605
0.448108 0.239086
1.30589 -1.19571
0.0919988 -0.270807
-0.514342 -0.888171
-1.27753 -0.630971
-0.620493 -0.469717
-1.41538 -1.07826
0.0151241 0.322019
1.54689 -0.0996677
1.05095 -0.488706
1.35306 -0.186453
1.14472 -0.609633
1.29931 0.0327289
1.03237 -0.866799
0.804972 0.420936
0.862139 -1.54769
-1.72715 -2.30394
1.98141 -0.0523324
0.672774 -0.217863
1.44719 -0.387657
1.18388 -0.295657
1.25274 -0.584255
1.27746 -0.0626631
1.09503 -0.800763
1.05829 0.42119
0.789657 -1.40604
-1.63747 -2.32435
1.88943 0.546111
0.620739 -0.559856
0.795987 0.4981
0.798787 -1.63222
-1.84928 -1.94549
1.98016 -0.459392
0.608564 -0.0961012
1.4373 -0.63017
1.18135 0.0345375
1.0525 -0.970897
0.473122 0.188773
1.33056 -1.12456
0.369932 0.0340863
1.50646 -0.396386
1.1568 -0.236385
1.23251 -0.680377
1.24112 0.132472
0.975562 -1.00539
0.10752 -0.19292
-0.0162289 -0.225769
-0.811821 -1.2719
-0.647744 -0.102277
-1.3896 -1.49203
0.38141 0.80045
0.778671 -1.98393
-1.88062 -0.80729
1.82563 0.25402
0.786686 -0.428471
1.39098 0.0496593
1.00958 -0.786148
1.00244 0.461042
0.768043 -1.48485
-1.75375 -2.199
1.97227 -0.0548268
0.688203 -0.212475
1.44066 -0.439903
1.19573 -0.233243
1.21694 -0.667047
1.25329 0.113652
0.986615 -0.97847
0.262453 -0.0141299
1.42101 0.286069
0.86856 -0.924365
0.100928 -0.184076
-0.00589076 -0.211785
-0.711701 -1.1403
-0.871834 -0.290336
-1.26403 -1.1183
-0.28683 0.0295727
-0.832198 -1.24532
-0.655915 -0.126592
-1.39766 -1.46292
0.367447 0.779315
0.811673 -1.94829
-1.90745 -1.01672
1.89119 -0.091594
0.80912 -0.187517
1.36886 -0.694818
1.18652 0.124883
0.988627 -1.04742
-0.0392918 -0.379252
-1.32036 -1.84811
0.682329 1.15311
0.337782 -2.43446
-1.00342 0.338195
-0.770381 -0.981925
-0.959253 -0.442593
-1.13649 -0.926069
-0.642228 -0.349496
-1.42836 -1.21767
0.18373 0.534374
1.28086 -1.42259
-0.770049 -1.46031
-0.485014 0.11868
-1.02717 -1.42756
-0.27391 0.210423
0.0662851 -0.0729402
0.417658 0.281826
1.29333 -1.24244
-0.10114 -0.513711
-1.57696 -1.81108
1.31649 1.32341
0.236177 -1.80976
-1.4163 -0.14172
-0.297003 -0.236675
-1.4334 -1.77216
0.845522 1.22746
0.259106 -2.3811
-0.923121 0.349063
-0.799496 -1.04334
-0.87883 -0.368439
-1.23869 -1.03746
-0.403177 -0.109286
-1.35536 -1.70734
0.569738 1.025
0.4669 -2.31852
-1.30943 0.173676
-0.416791 -0.453505
-1.54708 -1.33028
0.70001 1.03328
0.411966 -2.28169
-1.2599 0.173727
-0.556802 -0.631797
-1.39848 -0.913663
-0.165727 0.0841567
-0.0512701 -0.234806
-0.972762 -1.4724
-0.277582 0.240605
0.216083 0.106654
1.51149 -0.050742
1.03987 -0.569563
1.3318 0.0291989
1.0297 -0.831757
0.907137 0.451882
0.797887 -1.53682
-1.77688 -2.17559
1.98362 -0.206302
0.665675 -0.157334
1.43324 -0.56337
1.19967 -0.0643082
1.11437 -0.860968
0.936108 0.432475
0.805464 -1.50178
-1.73498 -2.25583
1.97324 -0.0153855
0.683685 -0.231208
1.44553 -0.369013
1.18048 -0.320059
1.26507 -0.547994
1.27842 -0.132836
1.13605 -0.729736
1.19672 0.291899
0.869951 -1.17573
-0.966822 -1.65882
-0.0598278 0.513863
1.55994 -0.682208
1.07497 0.128278
1.00976 -1.13299
-0.349279 -0.800632
-1.48855 -0.859393
0.0849045 0.349102
1.54561 -0.580094
1.12628 0.0099747
1.08326 -0.985956
0.484631 0.193396
1.31525 -1.14906
0.270962 -0.0658742
1.33495 0.449615
0.764655 -1.14254
-1.16592 -1.91266
0.50922 1.06514
0.465814 -2.37999
-1.25533 0.22328
-0.509461 -0.585178
-1.45779 -1.01443
0.0899439 0.3872
1.52445 -0.763408
1.04664 0.205492
0.957663 -1.22269
-0.867431 -1.53391
-0.30752 0.269994
0.223287 0.118848
1.52123 -0.144043
1.07712 -0.479516
1.34573 -0.226873
1.16608 -0.571905
1.30811 -0.0637311
1.0892 -0.772419
1.1104 0.397326
0.801353 -1.34138
-1.52246 -2.31009
1.68296 1.12443
0.39823 -1.12909
-1.74196 -1.91314
1.84428 0.551663
0.650856 -0.59247
0.772718 0.480904
0.824055 -1.62064
-1.82701 -2.06061
1.98831 -0.444674
0.597737 -0.10866
1.4488 -0.567305
1.19048 -0.0518853
1.10863 -0.880227
0.878563 0.425789
0.828712 -1.52512
-1.73661 -2.26939
1.97867 -0.0564443
0.677615 -0.214656
1.44503 -0.409387
1.18904 -0.269865
1.23832 -0.61986
1.27163 0.0106894
1.05074 -0.873526
0.815365 0.420829
0.857638 -1.54442
-1.72819 -2.29974
1.98097 -0.0517623
0.673493 -0.217893
1.44696 -0.389245
1.18431 -0.293857
1.25173 -0.586787
1.27725 -0.0575855
1.092 -0.8058
1.04507 0.426778
0.787312 -1.42154
-1.66094 -2.31383
1.91571 0.415218
0.650194 -0.469138
1.18797 0.491151
0.731262 -1.34194
-1.62761 -2.29572
1.85787 0.660011
0.591692 -0.649785
0.234114 0.0139078
1.42351 0.292192
0.864898 -0.925519
0.0812525 -0.207639
-0.250705 -0.529184
-1.60866 -1.48725
1.09711 1.26276
0.235975 -2.09734
-1.16051 0.122397
-0.822876 -0.942088
-0.944837 -0.470028
-1.13921 -0.906962
-0.65406 -0.36832
-1.4173 -1.18293
0.117897 0.457434
1.44144 -1.10102
0.498498 0.125513
1.36493 -1.02059
0.696001 0.284295
1.04939 -1.40697
-1.19371 -2.02894
0.711633 1.24648
0.272712 -2.52278
-0.80476 0.465307
-0.449059 -0.651062
-1.47768 -0.977153
0.127821 0.420222
1.46535 -1.01215
0.716201 0.26349
1.05564 -1.38355
-1.11883 -1.9231
0.459989 1.03809
0.512793 -2.34142
-1.35668 0.167136
-0.26852 -0.262132
-1.44114 -1.78847
0.887034 1.25323
0.239941 -2.36184
-0.909798 0.346855
-0.808452 -1.05777
-0.857644 -0.350025
-1.26272 -1.06742
-0.336058 -0.0366775
-1.1432 -1.59188
0.0553914 0.552822
1.41628 -1.2185
0.128504 -0.249968
-0.208074 -0.478699
-1.59219 -1.66096
1.2102 1.30719
0.225769 -1.96422
-1.26779 0.0132943
-0.670557 -0.725131
-1.24504 -0.744006
-0.6155 -0.42006
-1.43312 -1.14827
0.130406 0.461738
1.4233 -1.14592
0.36369 0.00649151
1.50623 -0.254583
1.12261 -0.391033
1.31445 -0.431295
1.24967 -0.321078
1.23982 -0.518235
1.28953 -0.189844
1.16429 -0.659089
1.26712 0.128311
0.975257 -0.977255
0.232498 -0.0458757
1.29077 0.516247
0.718795 -1.24387
-1.49376 -2.25817
1.57578 1.2662
0.314391 -1.37121
-1.77269 -0.999294
1.4916 1.0669
0.416422 -1.35204
-1.81877 -1.37598
1.78709 0.583101
0.665852 -0.661773
0.522179 0.297837
1.17508 -1.36482
-0.793463 -1.47158
-0.449755 0.145369
-0.885915 -1.27568
-0.575106 -0.0676354
-1.37657 -1.58686
0.465233 0.902489
0.622104 -2.152
-1.64419 -0.129157
0.858576 0.972818
0.416699 -2.10366
-1.41782 0.0156358
-0.192884 -0.137141
-1.08905 -1.5765
-0.0303137 0.478213
1.55818 -0.651693
1.09174 0.0958452
1.02979 -1.09165
-0.104761 -0.471425
-1.54059 -1.84995
1.24724 1.34693
0.210095 -1.93767
-1.26907 -0.000678805
-0.675397 -0.726652
-1.23972 -0.740478
-0.626763 -0.431129
-1.42226 -1.12398
0.0760806 0.398451
1.52815 -0.755091
1.05072 0.197699
0.96268 -1.21291
-0.817868 -1.46291
-0.436222 0.145762
-0.853338 -1.23932
-0.642435 -0.1257
-1.40187 -1.47786
0.395991 0.809679
0.7577 -2.00277
-1.85978 -0.695416
1.7681 0.465263
0.729678 -0.60958
0.963164 0.529581
0.722316 -1.57693
-1.85197 -1.83146
1.96362 -0.302472
0.688781 -0.109373
1.39522 -0.735871
1.14634 0.1829
0.953842 -1.13036
-0.523223 -1.03652
-1.15206 -0.467634
-0.900778 -0.772401
-1.00499 -0.624102
-1.00038 -0.734097
-0.935897 -0.628596
-1.0661 -0.756815
-0.851042 -0.57464
-1.17523 -0.840049
-0.657424 -0.407572
-1.4062 -1.12986
0.0365013 0.358226
1.56015 -0.396271
1.12706 -0.190958
1.21725 -0.754267
1.17484 0.273844
0.884593 -1.18167
-0.942935 -1.62767
-0.12217 0.451316
1.55756 -0.0377455
1.02178 -0.526257
1.3519 -0.0631961
1.08005 -0.731283
1.17577 0.346412
0.832917 -1.23933
-1.25028 -2.04346
0.821814 1.30859
0.216014 -2.48877
-0.738021 0.487017
-0.268206 -0.430696
-1.57591 -1.62342
1.11344 1.29247
0.220982 -2.09865
-1.13628 0.132629
-0.85677 -0.986733
-0.876171 -0.41282
-1.22631 -0.994446
-0.460132 -0.177458
-1.44925 -1.63901
0.721667 1.11634
0.350527 -2.36631
-1.08837 0.275207
-0.773345 -0.946838
-0.986089 -0.478704
-1.09428 -0.879466
-0.72966 -0.430953
-1.34381 -1.05153
-0.189559 0.0995508
-0.0962238 -0.289405
-1.24424 -1.76445
0.428543 0.936644
0.616418 -2.19186
-1.60954 -0.0688365
0.700955 0.855469
0.541547 -2.06874
-1.60645 -0.139953
0.627894 0.803791
0.614163 -2.02486
-1.71844 -0.314682
1.19203 1.1014
0.340342 -1.82631
-1.53766 -0.219532
0.202306 0.378223
1.42591 -1.08436
0.541504 0.164388
1.2905 -1.15631
0.214507 -0.123525
0.952633 0.624479
0.651608 -1.67534
-1.87721 -1.26402
1.88182 0.105438
0.783929 -0.303316
1.42319 -0.349288
1.18483 -0.36264
1.28048 -0.477787
1.27107 -0.257409
1.20395 -0.591722
1.29168 -0.0363042
1.07615 -0.812872
1.01457 0.439464
0.782537 -1.45626
-1.70869 -2.27345
1.95424 0.15489
0.684675 -0.314072
1.43415 -0.0832062
1.07346 -0.628573
1.29304 0.138876
0.965665 -0.960004
0.278541 0.00713212
1.46983 0.119768
0.96111 -0.748754
1.03046 0.470781
0.756078 -1.47224
-1.75239 -2.19262
1.96924 -0.0307642
0.691461 -0.222478
1.44157 -0.415063
1.19163 -0.265163
1.23503 -0.625385
1.27045 0.0227254
1.04331 -0.885233
0.764821 0.400411
0.899844 -1.5353
-1.67022 -2.37319
1.95367 0.228674
0.667203 -0.354332
1.40169 0.112329
0.97215 -0.82266
0.833409 0.445529
0.828757 -1.56394
-1.77571 -2.20225
1.98893 -0.248741
0.650325 -0.148043
1.43737 -0.560206
1.19787 -0.0671178
1.11665 -0.859374
0.942483 0.432139
0.804036 -1.49771
-1.73205 -2.25894
1.97168 0.0017952
0.684523 -0.238829
1.44604 -0.345634
1.17437 -0.347867
1.27895 -0.504747
1.2738 -0.210526
1.17972 -0.647103
1.27282 0.0927691
0.997836 -0.942658
0.447425 0.174839
1.36776 -1.05505
0.60542 0.227135
1.17368 -1.30654
-0.590417 -1.17378
-0.96058 -0.297988
-1.17972 -1.05601
-0.474769 -0.158591
-1.43736 -1.63639
0.684868 1.08995
0.37818 -2.35763
-1.14034 0.252403
-0.721637 -0.868452
-1.09643 -0.574972
-0.925458 -0.728763
-1.01231 -0.66069
-0.970982 -0.695625
-0.990594 -0.678181
-0.982266 -0.687778
-0.984498 -0.681646
-0.986179 -0.686802
-0.981222 -0.681077
-0.989801 -0.688639
-0.976425 -0.677837
-0.996605 -0.693666
-0.966355 -0.670148
-1.01135 -0.705008
-0.944002 -0.652794
-1.04376 -0.730137
-0.893429 -0.612944
-1.11512 -0.786851
-0.773419 -0.5134
-1.2742 -0.93529
-0.427786 -0.174611
-1.43939 -1.67663
0.740726 1.1389
0.331419 -2.37883
-1.0457 0.296968
-0.796576 -0.990699
-0.927698 -0.42586
-1.17372 -0.957076
-0.568327 -0.281085
-1.47118 -1.38601
0.491343 0.872596
0.63158 -2.11522
-1.67985 -0.196339
1.0259 1.0594
0.350808 -2.01362
-1.40173 -0.0237709
-0.285313 -0.245345
-1.43459 -1.77919
0.857662 1.23583
0.252816 -2.37683
-0.916686 0.350145
-0.799481 -1.04559
-0.876832 -0.366001
-1.24121 -1.04094
-0.395994 -0.101491
-1.33898 -1.7069
0.533141 0.996518
0.505938 -2.28513
-1.39312 0.122904
-0.185043 -0.147089
-1.0966 -1.58701
-0.00851833 0.500888
1.52989 -0.841096
0.964529 0.259879
0.937823 -1.32117
-1.21574 -2.02762
0.74357 1.26278
0.255841 -2.51511
-0.782416 0.473722
-0.391972 -0.582293
-1.54301 -1.1512
0.516353 0.847418
0.638085 -2.08424
-1.70705 -0.255924
1.15232 1.09278
0.34007 -1.87583
-1.49913 -0.159937
0.0422074 0.181334
1.38518 0.442632
0.772224 -1.07565
-0.932895 -1.58946
-0.178536 0.387937
1.35513 0.550086
0.702888 -1.18791
-1.41822 -2.19276
1.34367 1.42187
0.187157 -1.84174
-1.32203 -0.0742952
-0.572838 -0.585532
-1.40731 -0.962258
-0.104376 0.163403
0.739027 0.575702
0.756495 -1.73336
-1.89727 -1.47835
1.93999 -0.314368
0.72883 -0.0889988
1.35555 -0.834074
1.05865 0.309459
0.874615 -1.30782
-1.32091 -2.14576
1.08844 1.43321
0.142387 -2.25395
-0.854532 0.327145
-0.857789 -1.13021
-0.745317 -0.253024
-1.3681 -1.24605
0.0533024 0.408695
1.53861 -0.705933
1.07785 0.149741
0.992702 -1.15112
-0.481551 -0.984001
-1.23739 -0.54139
-0.736251 -0.608484
-1.25763 -0.846443
-0.524563 -0.297983
-1.49165 -1.41732
0.592564 0.966458
0.500686 -2.23774
-1.42426 0.0835137
-0.102277 -0.0356372
-0.349898 -0.636654
-1.55612 -1.11847
0.542217 0.86489
0.607888 -2.10894
-1.65698 -0.171114
0.906063 1.00465
0.389729 -2.09324
-1.38912 0.0245919
-0.295458 -0.267581
-1.46635 -1.7626
0.924157 1.26379
0.231441 -2.32862
-0.928703 0.323861
-0.846796 -1.09147
-0.791695 -0.300695
-1.32842 -1.15941
-0.123325 0.202379
0.839758 0.635877
0.668583 -1.75946
-1.87514 -1.07418
1.8452 0.246058
0.774788 -0.40852
1.40105 0.0117754
1.02956 -0.744695
1.11862 0.414714
0.787919 -1.34855
-1.55546 -2.31898
1.75187 0.984928
0.466874 -0.954975
-1.43566 -2.11935
1.29208 1.41402
0.181546 -1.91851
-1.24518 -3.19443e-05
-0.731276 -0.791689
-1.14481 -0.652213
-0.821782 -0.620744
-1.17547 -0.802502
-0.683991 -0.44625
-1.37463 -1.06213
-0.107314 0.187912
0.848705 0.63782
0.664451 -1.7567
-1.87374 -1.06795
1.84135 0.263888
0.771438 -0.422004
1.39105 0.064826
1.00085 -0.798041
0.958285 0.464845
0.774042 -1.51897
-1.78058 -2.14801
1.97965 -0.184941
0.674775 -0.16208
1.4305 -0.56713
1.2006 -0.0599537
1.1113 -0.864744
0.923146 0.432296
0.809218 -1.50898
-1.73888 -2.25277
1.97561 -0.0407601
0.681814 -0.220351
1.44457 -0.400377
1.1876 -0.281706
1.24469 -0.603418
1.27521 -0.0236159
1.07158 -0.839339
0.94371 0.444998
0.793378 -1.50926
-1.75443 -2.21641
1.97772 -0.0954221
0.680566 -0.197038
1.43983 -0.472252
1.19927 -0.190157
1.19181 -0.720185
1.21252 0.231405
0.910899 -1.11242
-0.595972 -1.1329
-0.992884 -0.339146
-1.13681 -1.00018
-0.580063 -0.265133
-1.46393 -1.39306
0.476231 0.860714
0.651741 -2.09657
-1.71408 -0.258597
1.19096 1.09415
0.344449 -1.82199
-1.54601 -0.229474
0.240835 0.423411
1.33682 -1.27865
-0.168704 -0.612275
-1.63853 -1.49992
1.22633 1.27476
0.2465 -1.9135
-1.34218 -0.0465186
-0.500478 -0.505831
-1.49078 -1.13914
0.308739 0.644404
1.01157 -1.7273
-1.77463 -2.33966
2.01373 -0.518512
0.507083 -0.154563
1.47287 -0.128492
1.08512 -0.546456
1.33465 -0.0721757
1.08859 -0.739739
1.16654 0.352046
0.829521 -1.25265
-1.29056 -2.09392
0.961973 1.38453
0.163927 -2.39266
-0.745942 0.443353
-0.45381 -0.66902
-1.4658 -0.946689
0.0641428 0.344169
1.55495 -0.462238
1.13376 -0.121742
1.1713 -0.83855
1.03118 0.403391
0.807405 -1.41145
-1.62132 -2.33692
1.8734 0.619685
0.600051 -0.614487
0.455167 0.245979
1.29206 -1.21781
-0.0105062 -0.395909
-1.29727 -1.83979
0.625572 1.11213
0.382946 -2.41361
-1.09671 0.293683
-0.733994 -0.903296
-1.05771 -0.53516
-0.99092 -0.789617
-0.906635 -0.576443
-1.12338 -0.818645
-0.740684 -0.474761
-1.3185 -0.994553
-0.293233 -0.0238836
-1.02014 -1.47222
-0.230043 0.270053
0.637282 0.519528
0.863024 -1.68078
-1.84617 -2.03069
1.99016 -0.574036
0.527567 -0.11892
1.47828 -0.338931
1.15873 -0.327342
1.2766 -0.541997
1.27434 -0.143357
1.14309 -0.721893
1.20768 0.271646
0.883303 -1.1491
-0.832254 -1.46781
-0.41703 0.159544
-0.756793 -1.12293
-0.845482 -0.294508
-1.28583 -1.13073
-0.235742 0.0822425
-0.415843 -0.705481
-1.47985 -0.930765
0.101297 0.381623
1.51915 -0.784435
1.03193 0.224255
0.946782 -1.24925
-0.98716 -1.70533
0.0194845 0.599175
1.40966 -1.26012
-0.0174408 -0.428694
-1.37506 -1.89327
0.860595 1.27121
0.232239 -2.40921
-0.848716 0.396127
-0.692246 -0.943418
-1.06401 -0.505583
-0.997549 -0.812003
-0.883742 -0.55093
-1.15814 -0.85238
-0.671511 -0.410782
-1.39496 -1.11501
-0.00744842 0.307923
1.5181 0.0961977
0.967131 -0.673639
1.19815 0.372565
0.813427 -1.23807
-1.2921 -2.0909
0.960612 1.38288
0.164828 -2.39299
-0.747188 0.442794
-0.45773 -0.673816
-1.46033 -0.936258
0.0381526 0.313306
1.55134 -0.177196
1.07876 -0.416862
1.33819 -0.368579
1.22404 -0.400098
1.27758 -0.405217
1.25818 -0.378328
1.25775 -0.428617
1.27178 -0.347582
1.24202 -0.468541
1.28528 -0.281924
1.2105 -0.550956
1.29817 -0.122617
1.12531 -0.723821
1.20197 0.290622
0.870469 -1.16967
-0.944923 -1.62748
-0.120441 0.452261
1.55941 -0.0525785
1.02756 -0.512436
1.35483 -0.10533
1.10254 -0.689302
1.23866 0.244721
0.899651 -1.0976
-0.573873 -1.09934
-1.0458 -0.382565
-1.06601 -0.928981
-0.721873 -0.394387
-1.36133 -1.09958
-0.105884 0.200664
0.917789 0.665723
0.626595 -1.74146
-1.85794 -0.984054
1.79116 0.458448
0.722555 -0.582291
1.03343 0.531603
0.710013 -1.52427
-1.82779 -1.9361
1.96667 -0.234485
0.693578 -0.134735
1.40688 -0.677153
1.17794 0.0983941
1.00872 -1.0314
0.096934 -0.21123
-0.180194 -0.437451
-1.55684 -1.76995
1.20829 1.33101
0.212296 -1.98618
-1.22815 0.0409909
-0.745713 -0.82184
-1.10974 -0.616501
-0.886947 -0.681578
-1.07922 -0.720037
-0.86083 -0.603506
-1.15035 -0.807238
-0.714619 -0.464753
-1.34371 -1.0207
-0.216509 0.0620678
-0.424691 -0.720252
-1.46523 -0.901029
0.0296234 0.296241
1.53757 -0.043036
1.02964 -0.545485
1.34385 -0.0216654
1.05788 -0.776201
1.07889 0.425678
0.783717 -1.39283
-1.62724 -2.3236
1.87417 0.60998
0.60396 -0.607967
0.505537 0.292337
1.19617 -1.3451
-0.678582 -1.30689
-0.739875 -0.114557
-1.35603 -1.39014
0.181551 0.580843
1.2297 -1.50835
-1.11112 -1.9596
0.500528 1.08501
0.455446 -2.40783
-1.21551 0.250186
-0.572033 -0.673943
-1.36319 -0.850812
-0.302177 -0.079328
-1.179 -1.63698
0.160871 0.661615
1.1598 -1.62447
-1.46488 -2.41601
1.678 1.17624
0.368974 -1.17188
-1.77879 -1.71482
1.8267 0.547662
0.663187 -0.604065
0.769997 0.477302
0.828498 -1.61745
-1.82168 -2.08257
1.98959 -0.434528
0.599125 -0.111242
1.4491 -0.5623
1.19108 -0.0588663
1.11305 -0.872674
0.904219 0.429413
0.817246 -1.51627
-1.73863 -2.25867
1.97715 -0.0508163
0.67987 -0.216463
1.44456 -0.40863
1.18912 -0.271188
1.23895 -0.61794
1.27215 0.00667784
1.05318 -0.869478
0.831888 0.426311
0.845906 -1.5446
-1.74028 -2.27595
1.98339 -0.09987
0.670785 -0.198387
1.44415 -0.446638
1.19484 -0.221848
1.21107 -0.682491
1.2437 0.147353
0.965233 -1.01515
0.0287818 -0.288695
-0.87485 -1.36344
-0.492547 0.0401677
-1.20297 -1.58773
0.133844 0.614694
1.24878 -1.50771
-1.0769 -1.91351
0.394636 0.989388
0.593596 -2.25831
-1.53231 0.0324067
0.361391 0.520594
1.09415 -1.58604
-1.48953 -2.41176
1.71598 1.10225
0.407607 -1.07496
-1.68947 -2.04305
1.81247 0.712954
0.590687 -0.718695
-0.131482 -0.440163
-1.52935 -1.8398
1.20204 1.34767
0.202154 -2.00922
-1.19179 0.0672705
-0.804331 -0.899088
-0.996818 -0.520157
-1.06415 -0.835882
-0.796611 -0.494968
-1.26272 -0.945037
-0.440528 -0.182184
-1.44914 -1.65782
0.74462 1.13657
0.331974 -2.37333
-1.0518 0.292152
-0.796725 -0.987953
-0.929924 -0.428743
-1.17049 -0.953257
-0.575865 -0.288614
-1.46848 -1.36717
0.462138 0.84198
0.678049 -2.06805
-1.75859 -0.357952
1.39358 1.04629
0.40977 -1.48428
-1.79948 -0.991652
1.60061 0.929567
0.50803 -1.10358
-1.60735 -2.18239
1.7426 0.954445
0.485715 -0.94418
-1.37401 -2.07546
1.10076 1.40906
0.156269 -2.21515
-0.917876 0.279318
-0.929845 -1.17761
-0.633036 -0.170359
-1.42135 -1.44463
0.409424 0.812906
0.743938 -2.01234
-1.84557 -0.633197
1.72489 0.589672
0.682977 -0.732297
0.25262 0.0218838
1.46017 0.172841
0.932656 -0.79825
0.830818 0.453238
0.823174 -1.57289
-1.78862 -2.16923
1.98936 -0.297172
0.640767 -0.134836
1.43694 -0.5805
1.19478 -0.0378131
1.09827 -0.891275
0.833683 0.415951
0.854117 -1.53324
-1.71932 -2.30772
1.9762 0.00157203
0.677286 -0.240367
1.44802 -0.323001
1.1672 -0.372722
1.29094 -0.463728
1.265 -0.278169
1.2157 -0.568728
1.29355 -0.0873381
1.10615 -0.762915
1.13714 0.37104
0.818107 -1.29548
-1.40814 -2.22488
1.36183 1.42554
0.188697 -1.81547
-1.34712 -0.100596
-0.511106 -0.505559
-1.48357 -1.12813
0.273704 0.606336
1.09231 -1.64545
-1.58583 -2.47511
1.90696 0.550573
0.603789 -0.554337
0.753429 0.4783
0.83555 -1.62244
-1.82075 -2.09218
1.99072 -0.443519
0.593131 -0.112257
1.45251 -0.544893
1.19136 -0.0818354
1.1279 -0.848584
0.979209 0.428017
0.798452 -1.47066
-1.70782 -2.28452
1.95748 0.138825
0.683715 -0.30565
1.43738 -0.1108
1.08617 -0.600529
1.31179 0.0586278
1.01446 -0.87632
0.739092 0.393419
0.920064 -1.53157
-1.64054 -2.39368
1.92988 0.38667
0.64589 -0.447939
1.23057 0.456647
0.755436 -1.26895
-1.47383 -2.25929
1.53601 1.31148
0.28384 -1.46135
-1.71284 -0.71933
1.11963 1.14894
0.303343 -1.96877
-1.3739 -0.0331937
-0.39073 -0.37443
-1.54697 -1.49907
0.875445 1.17992
0.283728 -2.3015
-1.04176 0.263809
-0.849878 -1.04375
-0.832352 -0.352799
-1.28369 -1.07881
-0.288045 0.0124121
-0.894606 -1.32323
-0.517199 -0.00326378
-1.29014 -1.62619
0.329829 0.799316
0.824615 -1.95745
-1.91166 -1.03468
1.89813 -0.147702
0.804212 -0.155797
1.35265 -0.761004
1.14263 0.225457
0.92345 -1.16965
-0.779755 -1.39986
-0.542504 0.0443007
-1.23736 -1.58825
0.188549 0.661525
1.12657 -1.65328
-1.55491 -2.47619
1.86735 0.714745
0.559099 -0.67838
-0.0845787 -0.374114
-1.38873 -1.8724
0.864413 1.26648
0.234517 -2.40029
-0.861727 0.385996
-0.721737 -0.97471
-1.01041 -0.46415
-1.07512 -0.880183
-0.750742 -0.44198
-1.32287 -1.02659
-0.256875 0.0233487
-0.756082 -1.15359
-0.817137 -0.260624
-1.31402 -1.18396
-0.129197 0.205188
0.82401 0.628825
0.679076 -1.75996
-1.87959 -1.10924
1.85935 0.180693
0.784528 -0.359998
1.42086 -0.171313
1.11878 -0.560615
1.32325 -0.062944
1.08565 -0.759088
1.13248 0.383361
0.809565 -1.30989
-1.45223 -2.26315
1.4961 1.35121
0.255285 -1.54995
-1.63366 -0.502828
0.656501 0.873739
0.544783 -2.10544
-1.58392 -0.0965476
0.529733 0.708971
0.754882 -1.90454
-1.88844 -0.95008
1.85447 0.146837
0.799238 -0.343045
1.42068 -0.255572
1.15435 -0.473495
1.31911 -0.271118
1.19443 -0.540963
1.30484 -0.139773
1.1332 -0.700549
1.23066 0.239091
0.904078 -1.10107
-0.572697 -1.09843
-1.0478 -0.383951
-1.06326 -0.926444
-0.726922 -0.398717
-1.35617 -1.09114
-0.125752 0.177558
0.698977 0.55154
0.797595 -1.71403
-1.88905 -1.69719
1.9636 -0.490837
0.628456 -0.0716313
1.41146 -0.738286
1.13659 0.184535
0.954318 -1.13957
-0.559943 -1.08903
-1.06919 -0.398565
-1.03339 -0.899125
-0.780537 -0.443825
-1.29755 -1.00862
-0.323561 -0.0483261
-1.14738 -1.59991
0.0708735 0.569543
1.37945 -1.29894
-0.185017 -0.642948
-1.63879 -1.40246
1.14077 1.25458
0.245236 -2.02675
-1.23962 0.056362
-0.710039 -0.784996
-1.16881 -0.665851
-0.781043 -0.585901
-1.23107 -0.853548
-0.564031 -0.328661
-1.47622 -1.32635
0.443318 0.815455
0.715892 -2.0269
-1.81587 -0.526581
1.62353 0.80451
0.578945 -0.991687
-1.25898 -1.98096
0.74978 1.24541
0.26465 -2.49071
-0.822852 0.442964
-0.540764 -0.763525
-1.33765 -0.760674
-0.421427 -0.230651
-1.4809 -1.63999
0.816515 1.17723
0.292932 -2.35747
-1.00292 0.304473
-0.829298 -1.04285
-0.851965 -0.360048
-1.26486 -1.06036
-0.338669 -0.0420055
-1.15994 -1.60715
0.0967281 0.594123
1.31941 -1.40747
-0.652898 -1.29536
-0.777534 -0.138842
-1.33956 -1.33424
0.0819967 0.465408
1.47238 -1.02376
0.68889 0.247627
1.08945 -1.36089
-0.976754 -1.72331
0.0316857 0.619995
1.37139 -1.34256
-0.349323 -0.868221
-1.44995 -0.764271
-0.10676 0.11359
0.453501 0.33985
1.19667 -1.38073
-0.799502 -1.48525
-0.428477 0.166889
-0.762299 -1.12756
-0.835982 -0.287584
-1.29497 -1.14381
-0.205961 0.115715
-0.0957121 -0.286545
-1.23668 -1.75762
0.406803 0.916734
0.649095 -2.15735
-1.67185 -0.158816
1.00201 1.04638
0.358586 -2.03031
-1.39852 -0.013259
-0.289812 -0.253024
-1.4469 -1.77383
0.884046 1.24781
0.243293 -2.35988
-0.917452 0.342498
-0.814961 -1.06208
-0.847769 -0.343314
-1.27305 -1.07982
-0.306542 -0.00446471
-0.99665 -1.44169
-0.288996 0.211117
-0.00813969 -0.1637
-0.505193 -0.860492
-1.30617 -0.666826
-0.544061 -0.384184
-1.48495 -1.27042
0.414495 0.776129
0.775658 -1.96362
-1.88485 -0.852923
1.83805 0.20465
0.794761 -0.389094
1.41244 -0.0984722
1.08599 -0.637929
1.28611 0.147872
0.960486 -0.974132
0.198912 -0.0819509
1.05847 0.637367
0.630957 -1.59592
-1.87002 -1.43045
1.90336 0.032465
0.775682 -0.253606
1.41567 -0.481472
1.2118 -0.192064
1.18888 -0.710429
1.2223 0.21516
0.921234 -1.09014
-0.465128 -0.948465
-1.2814 -0.588329
-0.633307 -0.497498
-1.3958 -1.03274
-0.0782434 0.210307
1.086 0.68568
0.596253 -1.61068
-1.86372 -1.2576
1.85664 0.25303
0.763024 -0.404613
1.40071 0.0272457
1.02097 -0.757596
1.08359 0.436187
0.775406 -1.39782
-1.64495 -2.3142
1.89434 0.518931
0.628315 -0.540724
0.900259 0.537642
0.730329 -1.62538
-1.87088 -1.71632
1.95689 -0.325941
0.696385 -0.0967611
1.38234 -0.777764
1.11531 0.239887
0.917132 -1.20407
-0.922188 -1.60474
-0.17048 0.404315
1.41714 0.453001
0.76797 -1.04218
-0.825454 -1.43547
-0.459791 0.112531
-0.999738 -1.40492
-0.32734 0.161097
-0.441286 -0.725318
-1.44847 -0.879015
-0.0411547 0.212731
1.23654 0.627929
0.641523 -1.39289
-1.77684 -2.04382
1.94806 0.0440814
0.714663 -0.255161
1.4389 -0.360635
1.18129 -0.335778
1.27142 -0.522781
1.27714 -0.179168
1.16213 -0.680601
1.25052 0.175032
0.945885 -1.03093
-0.110719 -0.465671
-1.53935 -1.84667
1.23984 1.34697
0.208775 -1.94938
-1.25657 0.0106282
-0.699114 -0.757808
-1.1976 -0.698305
-0.719879 -0.525042
-1.31405 -0.947573
-0.340783 -0.0872844
-1.2557 -1.68704
0.345912 0.83738
0.771944 -2.0196
-1.86371 -0.694143
1.77878 0.4253
0.74337 -0.574576
1.10403 0.510274
0.719696 -1.44232
-1.75652 -2.15722
1.96237 0.00425394
0.698854 -0.237283
1.44155 -0.383641
1.18555 -0.305173
1.25651 -0.569305
1.27898 -0.092042
1.11225 -0.770831
1.12668 0.376682
0.814922 -1.30962
-1.44193 -2.2561
1.46729 1.37261
0.238292 -1.60974
-1.57414 -0.386824
0.340981 0.5554
1.07686 -1.62212
-1.5705 -2.46081
1.87845 0.663818
0.575793 -0.639257
0.208491 -0.0133384
1.31373 0.496589
0.733169 -1.20181
-1.38509 -2.17127
1.2481 1.44085
0.1591 -2.01008
-1.12598 0.0945831
-0.902921 -1.02397
-0.801355 -0.357859
-1.30817 -1.09143
-0.229331 0.0735522
-0.428343 -0.723199
-1.46064 -0.893495
0.00889928 0.271607
1.49165 0.194038
0.918437 -0.774645
0.878061 0.471824
0.790492 -1.57152
-1.81206 -2.07707
1.9842 -0.335076
0.642221 -0.120031
1.42945 -0.627514
1.18665 0.02866
1.05539 -0.961346
0.516988 0.227149
1.25169 -1.24665
-0.191301 -0.626235
-1.63577 -1.42264
1.14605 1.25875
0.24354 -2.02238
-1.2411 0.0535928
-0.708536 -0.782336
-1.17205 -0.669142
-0.774545 -0.57963
-1.24012 -0.86277
-0.54246 -0.306446
-1.48538 -1.38301
0.534184 0.909577
0.57498 -2.16826
-1.57551 -0.0522581
0.518487 0.692516
0.778197 -1.88154
-1.9034 -1.09784
1.89505 -0.0801735
0.802981 -0.192998
1.37537 -0.675673
1.19424 0.0947805
1.00831 -1.01486
0.168783 -0.124979
0.720095 0.524734
0.81071 -1.68038
-1.8709 -1.84905
1.97531 -0.521235
0.589491 -0.0878662
1.44437 -0.613849
1.18252 0.0130487
1.06699 -0.949812
0.585684 0.281093
1.13639 -1.37437
-0.911454 -1.63769
-0.140744 0.447243
1.53822 0.0879198
0.967892 -0.643261
1.24654 0.309065
0.855488 -1.13934
-0.886316 -1.54007
-0.282283 0.289055
0.464179 0.373057
1.15103 -1.43981
-1.07413 -1.88287
0.349527 0.940631
0.669833 -2.17033
-1.6868 -0.169919
1.08231 1.07159
0.34598 -1.95296
-1.44521 -0.0808676
-0.151568 -0.068415
-0.725363 -1.13284
-0.865825 -0.293935
-1.26858 -1.11854
-0.278613 0.0372263
-0.777883 -1.17758
-0.773609 -0.226019
-1.34907 -1.25233
0.0154629 0.372469
1.56309 -0.361738
1.12097 -0.22525
1.23973 -0.708784
1.21812 0.182445
0.944216 -1.06766
-0.28372 -0.698925
-1.58235 -1.10915
0.647237 0.95303
0.487827 -2.2065
-1.43178 0.0631499
-0.0915365 -0.0186789
-0.204125 -0.443686
-1.57087 -1.72085
1.20051 1.32019
0.217037 -1.98962
-1.23197 0.0411118
-0.737222 -0.811988
-1.12471 -0.629231
-0.861038 -0.658542
-1.11741 -0.751264
-0.795003 -0.547473
-1.23906 -0.889276
-0.52434 -0.279348
-1.48831 -1.44293
0.609985 0.986301
0.478136 -2.25935
-1.37513 0.117381
-0.259186 -0.240172
-1.40457 -1.79393
0.799505 1.20795
0.277315 -2.40593
-0.92944 0.356924
-0.780752 -1.02062
-0.916199 -0.398452
-1.19459 -0.988983
-0.512404 -0.222311
-1.47385 -1.52998
0.663604 1.04796
0.413525 -2.31746
-1.23089 0.201519
-0.597549 -0.691604
-1.33075 -0.815158
-0.402159 -0.193484
-1.44738 -1.69245
0.782804 1.1699
0.303222 -2.37984
-0.99836 0.316209
-0.813773 -1.02921
-0.878312 -0.379525
-1.23571 -1.0267
-0.417427 -0.12643
-1.38607 -1.70157
0.634018 1.07141
0.407666 -2.35917
-1.18495 0.237487
-0.655719 -0.777703
-1.22327 -0.692334
-0.68327 -0.499107
-1.35545 -0.998213
-0.20842 0.0632439
-0.381062 -0.662991
-1.52537 -1.03395
0.349141 0.664808
0.948409 -1.78097
-1.86615 -2.04291
1.99288 -0.786765
0.349042 -0.22676
1.08565 0.605531
0.652423 -1.54154
-1.85672 -1.67812
1.93854 -0.126266
0.744946 -0.168641
1.39507 -0.664654
1.19009 0.0786172
1.02026 -1.00403
0.251356 -0.0321588
1.36762 0.403844
0.79533 -1.07066
-0.836357 -1.45636
-0.42607 0.145993
-0.827544 -1.20983
-0.695821 -0.170813
-1.39288 -1.37936
0.258932 0.652768
1.05578 -1.70269
-1.70414 -2.44596
2.00579 -0.179732
0.626001 -0.186261
1.45763 -0.378835
1.17728 -0.298074
1.25634 -0.582936
1.27645 -0.0656367
1.09705 -0.798788
1.06397 0.418276
0.791085 -1.39887
-1.62573 -2.32775
1.87441 0.611052
0.603291 -0.608487
0.499903 0.28732
1.20664 -1.33297
-0.61216 -1.21196
-0.901854 -0.248503
-1.24384 -1.138
-0.302283 0.0241411
-0.896726 -1.3227
-0.515787 -0.00300179
-1.28894 -1.62649
0.327949 0.797815
0.827868 -1.95432
-1.91353 -1.05545
1.90233 -0.178216
0.799287 -0.139518
1.34509 -0.791558
1.11376 0.267589
0.896804 -1.22901
-1.06003 -1.79838
0.219579 0.798591
0.93416 -1.88582
-1.92297 -1.67394
1.96596 -0.822052
0.371198 -0.190395
1.26561 0.504035
0.725153 -1.2648
-1.51906 -2.27533
1.64402 1.17742
0.369035 -1.21524
-1.79399 -1.59772
1.81066 0.568024
0.662236 -0.630408
0.65201 0.402941
0.965059 -1.54444
-1.60069 -2.41621
1.89166 0.585135
0.601741 -0.582783
0.616208 0.385811
1.00737 -1.51921
-1.50144 -2.38456
1.712 1.09875
0.410103 -1.07701
-1.68914 -2.04546
1.81328 0.711237
0.591174 -0.716903
-0.119709 -0.424689
-1.50264 -1.8634
1.15152 1.35207
0.192583 -2.09085
-1.0998 0.143639
-0.905147 -1.04973
-0.776287 -0.328401
-1.33527 -1.13943
-0.12781 0.191106
0.75918 0.591763
0.733797 -1.74553
-1.89624 -1.35337
1.92139 -0.179331
0.771506 -0.140138
1.36248 -0.764509
1.13578 0.227707
0.922841 -1.1772
-0.809681 -1.44305
-0.466299 0.115062
-1.00477 -1.40866
-0.318108 0.16939
-0.3629 -0.622336
-1.55149 -1.12436
0.5279 0.853061
0.626264 -2.09267
-1.68864 -0.223121
1.06239 1.07349
0.343606 -1.9805
-1.4194 -0.0509854
-0.236377 -0.179146
-1.27476 -1.74114
0.450978 0.944472
0.595014 -2.20791
-1.57152 -0.0258065
0.519857 0.690429
0.77922 -1.87911
-1.90411 -1.1088
1.89725 -0.0938919
0.801553 -0.185022
1.37173 -0.692854
1.1864 0.121684
0.99089 -1.04477
-0.0198782 -0.354645
-1.22464 -1.76966
0.403243 0.919361
0.649269 -2.15996
-1.67031 -0.155209
0.995304 1.04341
0.360459 -2.03538
-1.39686 -0.0097289
-0.29337 -0.258166
-1.45507 -1.7689
0.900332 1.25441
0.238225 -2.34775
-0.921002 0.335647
-0.827373 -1.07405
-0.825507 -0.326292
-1.29602 -1.11052
-0.235496 0.0746854
-0.450814 -0.752362
-1.42543 -0.834547
-0.142804 0.0892629
0.106131 -0.041203
0.810385 0.587298
0.717672 -1.7219
-1.89223 -1.36644
1.91921 -0.146551
0.774442 -0.156072
1.37059 -0.731256
1.1609 0.179591
0.953877 -1.11561
-0.460602 -0.947601
-1.2866 -0.591629
-0.621394 -0.48507
-1.40952 -1.0575
-0.0195572 0.279589
1.46142 0.300865
0.859536 -0.884535
0.254561 -0.00245543
1.428 0.271278
0.87727 -0.905682
0.221946 -0.0421707
1.27215 0.537874
0.703348 -1.28216
-1.58133 -2.28491
1.77177 0.922214
0.496095 -0.892532
-1.22488 -1.91666
0.603754 1.12953
0.379254 -2.44429
-1.06245 0.31998
-0.739135 -0.92432
-1.03604 -0.511807
-1.02628 -0.823206
-0.84629 -0.5271
-1.20407 -0.890672
-0.578022 -0.322432
-1.46884 -1.319
0.411646 0.784206
0.770028 -1.97362
-1.87836 -0.808069
1.82073 0.278595
0.780907 -0.447308
1.37388 0.124978
0.967173 -0.863379
0.679753 0.367729
0.980349 -1.50475
-1.51726 -2.38467
1.73948 1.04059
0.438509 -1.0062
-1.57019 -2.15424
1.63956 1.14255
0.388877 -1.19633
-1.78392 -1.71703
1.83841 0.502874
0.676492 -0.567349
0.956569 0.53999
0.715533 -1.59146
-1.86099 -1.76359
1.95802 -0.291483
0.700999 -0.108702
1.38697 -0.754809
1.13462 0.209613
0.936286 -1.16271
-0.712129 -1.30457
-0.709094 -0.103165
-1.3674 -1.42943
0.253281 0.662141
1.05137 -1.71205
-1.71981 -2.43184
2.01064 -0.26943
0.603476 -0.166265
1.462 -0.388776
1.17731 -0.282336
1.2488 -0.606476
1.27287 -0.0184054
1.06879 -0.846192
0.921867 0.443835
0.800187 -1.52089
-1.75967 -2.21198
1.98052 -0.130611
0.675674 -0.183915
1.43804 -0.502824
1.20125 -0.148812
1.16687 -0.768214
1.15097 0.330174
0.846443 -1.24934
-1.24369 -2.03878
0.804275 1.29827
0.224376 -2.4963
-0.745262 0.486057
-0.285541 -0.451817
-1.58413 -1.55694
1.07344 1.27081
0.229505 -2.13806
-1.11201 0.16087
-0.871141 -1.0168
-0.836861 -0.375849
-1.27323 -1.05226
-0.331046 -0.0383401
-1.13791 -1.58826
0.0440482 0.541855
1.44088 -1.15729
0.33599 -0.0256006
1.48367 0.00764745
1.01787 -0.648262
1.26344 0.251588
0.893529 -1.07784
-0.511993 -1.01018
-1.18536 -0.499967
-0.838895 -0.710531
-1.10408 -0.704902
-0.841413 -0.602325
-1.16852 -0.814957
-0.684793 -0.440236
-1.376 -1.06898
-0.0978252 0.199861
0.95257 0.675023
0.613833 -1.72428
-1.85509 -0.989981
1.78461 0.484445
0.713687 -0.604377
0.935855 0.529019
0.728462 -1.59494
-1.85852 -1.80102
1.96266 -0.322045
0.686585 -0.102615
1.39247 -0.749766
1.13646 0.202028
0.941539 -1.15473
-0.663724 -1.23572
-0.826507 -0.20205
-1.31012 -1.23494
-0.0855572 0.266356
1.26579 0.617178
0.651158 -1.34894
-1.72887 -2.15686
1.93223 0.230017
0.693769 -0.357288
1.41154 0.0461969
1.00883 -0.760707
1.06345 0.447939
0.768923 -1.42513
-1.68749 -2.28527
1.93538 0.288065
0.672732 -0.389613
1.36743 0.218954
0.910337 -0.940278
0.181553 -0.0941285
0.931655 0.62464
0.655198 -1.69093
-1.87764 -1.22992
1.87634 0.126317
0.78413 -0.318176
1.42425 -0.303905
1.17049 -0.415873
1.3027 -0.385597
1.24286 -0.39642
1.26921 -0.405612
1.26156 -0.381119
1.25734 -0.422848
1.2706 -0.357329
1.24596 -0.454806
1.28164 -0.305672
1.222 -0.521823
1.29621 -0.182512
1.15853 -0.662009
1.26557 0.13863
0.968619 -0.987101
0.167199 -0.120329
0.735234 0.534772
0.794212 -1.68864
-1.88004 -1.76297
1.96806 -0.48758
0.620932 -0.0777676
1.42001 -0.707903
1.15343 0.14306
0.981431 -1.0902
-0.255427 -0.66617
-1.60711 -1.21717
0.844621 1.11112
0.3293 -2.26152
-1.15184 0.203406
-0.760711 -0.898415
-1.0371 -0.532751
-1.01513 -0.803656
-0.872111 -0.552171
-1.16811 -0.855383
-0.655871 -0.398317
-1.40962 -1.14293
0.0581678 0.384491
1.54665 -0.62106
1.11309 0.0581103
1.05207 -1.04173
0.179345 -0.119948
0.800278 0.571055
0.734925 -1.70863
-1.89252 -1.47387
1.93569 -0.257062
0.744432 -0.10903
1.35911 -0.806104
1.09296 0.279856
0.890987 -1.25602
-1.15354 -1.92882
0.514238 1.07691
0.454635 -2.39572
-1.22481 0.241263
-0.562214 -0.658466
-1.3801 -0.876133
-0.241798 -0.0079875
-0.821586 -1.24099
-0.670133 -0.135872
-1.39559 -1.43967
0.334913 0.742455
0.879162 -1.8805
-1.92518 -1.47926
1.95255 -0.626332
0.573378 -0.0633172
1.44196 -0.653535
1.16972 0.0690292
1.03097 -1.01156
0.249536 -0.0360161
1.35553 0.424918
0.781491 -1.10011
-0.986585 -1.66762
-0.0287243 0.540511
1.51873 -0.921603
0.861556 0.282946
0.957722 -1.38673
-1.32952 -2.18361
1.15512 1.45251
0.139034 -2.16713
-0.938556 0.248348
-0.964775 -1.19841
-0.579509 -0.129832
-1.41866 -1.5423
0.517891 0.934418
0.563547 -2.20141
-1.53639 -0.0026973
0.347808 0.510685
1.11945 -1.56127
-1.40834 -2.33726
1.49429 1.38074
0.238296 -1.57474
-1.59855 -0.438135
0.465355 0.690608
0.819575 -1.86614
-1.91679 -1.29744
1.93139 -0.365174
0.733028 -0.0662062
1.33622 -0.886703
0.980568 0.352809
0.85792 -1.39987
-1.52987 -2.33889
1.72229 1.05882
0.431219 -1.03758
-1.62235 -2.13213
1.73499 0.954213
0.487352 -0.952283
-1.38751 -2.08825
1.14636 1.41758
0.156555 -2.15236
-0.982058 0.22191
-0.965658 -1.17495
-0.601799 -0.15829
-1.42751 -1.49142
0.481296 0.889498
0.623176 -2.13681
-1.6558 -0.152121
0.911545 1.00518
0.388859 -2.08841
-1.39194 0.0206771
-0.288238 -0.257742
-1.45106 -1.77366
0.895234 1.25323
0.23928 -2.35248
-0.918058 0.339031
-0.821742 -1.06913
-0.835149 -0.333471
-1.28627 -1.09727
-0.26631 0.0401859
-0.724133 -1.11022
-0.888104 -0.319063
-1.24362 -1.08067
-0.35632 -0.0490771
-1.20362 -1.64033
0.201273 0.696402
1.0709 -1.71957
-1.70873 -2.45214
2.00988 -0.228535
0.612034 -0.175871
1.46059 -0.378113
1.17578 -0.296511
1.25617 -0.585815
1.27587 -0.0600261
1.09378 -0.804666
1.04899 0.424908
0.788156 -1.41677
-1.6537 -2.31774
1.90818 0.455441
0.641957 -0.496035
1.09448 0.539052
0.699505 -1.47587
-1.80073 -2.02614
1.96575 -0.137783
0.701103 -0.172729
1.42129 -0.584995
1.20241 -0.0369862
1.09586 -0.886438
0.844535 0.420032
0.846221 -1.53349
-1.72787 -2.29259
1.97857 -0.0343646
0.676462 -0.224604
1.44694 -0.37398
1.18101 -0.312806
1.26167 -0.559129
1.27853 -0.111766
1.12391 -0.751398
1.16316 0.338829
0.839203 -1.24515
-1.25012 -2.04509
0.823825 1.31023
0.214822 -2.48831
-0.736348 0.487764
-0.261898 -0.42284
-1.5715 -1.64696
1.12308 1.29889
0.218446 -2.08977
-1.14078 0.126619
-0.854124 -0.980987
-0.883523 -0.419778
-1.21711 -0.983964
-0.483247 -0.201529
-1.46652 -1.58963
0.712128 1.09745
0.365354 -2.35048
-1.12663 0.253995
-0.743063 -0.896972
-1.05441 -0.539172
-0.992701 -0.78797
-0.90605 -0.577423
-1.12339 -0.817882
-0.741221 -0.475541
-1.31774 -0.993376
-0.295797 -0.0268307
-1.03458 -1.48804
-0.196546 0.303044
0.9714 0.69529
0.596476 -1.72831
-1.84405 -0.923388
1.7426 0.605775
0.670174 -0.72216
0.244135 0.0141473
1.43873 0.24623
0.891746 -0.875371
0.411489 0.158262
1.41517 -0.945668
0.863541 0.326569
0.919022 -1.43097
-1.48566 -2.3348
1.63668 1.21124
0.349591 -1.24895
-1.79988 -1.43692
1.75967 0.685202
0.624824 -0.752596
-0.133954 -0.448272
-1.53919 -1.82958
1.22001 1.34447
0.206795 -1.97858
-1.22703 0.0376826
-0.750185 -0.825928
-1.10264 -0.61097
-0.898728 -0.691754
-1.06179 -0.706186
-0.889421 -0.627045
-1.11056 -0.774051
-0.787836 -0.529576
-1.25415 -0.911434
-0.48196 -0.233115
-1.48282 -1.55726
0.723753 1.09789
0.36195 -2.34356
-1.1276 0.250447
-0.746112 -0.89939
-1.04969 -0.5358
-0.999666 -0.793776
-0.894912 -0.568734
-1.13844 -0.830512
-0.71322 -0.450669
-1.35004 -1.0382
-0.187032 0.0978573
-0.0918954 -0.284155
-1.22283 -1.7457
0.368428 0.881283
0.710724 -2.09247
-1.77704 -0.378303
1.47857 0.981013
0.463624 -1.31179
-1.81183 -1.65929
1.87056 0.336968
0.721106 -0.445215
1.33658 0.267875
0.88052 -1.01084
-0.260939 -0.657467
-1.60556 -1.22373
0.843278 1.1114
0.329312 -2.26308
-1.15043 0.204657
-0.76187 -0.900379
-1.03447 -0.530387
-1.01916 -0.807248
-0.865367 -0.546727
-1.17705 -0.863378
-0.637607 -0.381057
-1.42622 -1.1806
0.141089 0.480959
1.39126 -1.22342
0.0915516 -0.28895
-0.601906 -1.00766
-1.09731 -0.467995
-0.973568 -0.820784
-0.900858 -0.551056
-1.14228 -0.845949
-0.696959 -0.431337
-1.36946 -1.07172
-0.111536 0.186342
0.819366 0.623854
0.684601 -1.75688
-1.88219 -1.13783
1.86853 0.1366
0.789032 -0.328431
1.42324 -0.281434
1.16309 -0.442453
1.31145 -0.334734
1.22273 -0.463758
1.29215 -0.293194
1.21307 -0.531772
1.29907 -0.161907
1.14676 -0.682103
1.24959 0.19006
0.935856 -1.0438
-0.205597 -0.590947
-1.62818 -1.46215
1.15086 1.26637
0.239879 -2.0215
-1.2365 0.0550445
-0.718037 -0.794023
-1.15513 -0.653826
-0.806947 -0.61003
-1.19483 -0.818678
-0.644889 -0.409308
-1.41484 -1.13764
0.0677153 0.393141
1.53694 -0.699258
1.08322 0.142576
0.9968 -1.14096
-0.425353 -0.905147
-1.35246 -0.66059
-0.44165 -0.282319
-1.50848 -1.55273
0.801539 1.14816
0.313139 -2.34002
-1.05273 0.276825
-0.818362 -1.00855
-0.892297 -0.400505
-1.21604 -0.998843
-0.472268 -0.185428
-1.45626 -1.6182
0.716365 1.10743
0.357689 -2.35945
-1.1062 0.265526
-0.760356 -0.924854
-1.0161 -0.505304
-1.05091 -0.839899
-0.807931 -0.497823
-1.25166 -0.937018
-0.466053 -0.208213
-1.47032 -1.6047
0.741744 1.12142
0.342262 -2.35824
-1.08262 0.273676
-0.783678 -0.959873
-0.965731 -0.46213
-1.122 -0.904704
-0.677135 -0.384327
-1.39754 -1.14391
0.0263961 0.351425
1.56048 -0.311248
1.11312 -0.279748
1.27233 -0.627908
1.2573 0.018765
1.04812 -0.893572
0.746027 0.38985
0.9195 -1.52674
-1.63464 -2.39421
1.92306 0.423641
0.639529 -0.471695
1.15834 0.512981
0.716122 -1.39055
-1.70652 -2.23307
1.93589 0.252834
0.682783 -0.369509
1.39627 0.120745
0.967729 -0.835124
0.782278 0.425156
0.868938 -1.55825
-1.73186 -2.30267
1.98464 -0.0872923
0.668433 -0.204444
1.44637 -0.421688
1.19044 -0.253015
1.22924 -0.642855
1.26415 0.0597962
1.02048 -0.923125
0.58241 0.287624
1.13256 -1.38204
-0.944023 -1.68509
-0.0498272 0.539438
1.53805 -0.836216
0.964123 0.254928
0.942007 -1.31661
-1.19449 -1.99955
0.671699 1.21001
0.305291 -2.50852
-0.876379 0.42456
-0.621455 -0.850581
-1.2029 -0.626537
-0.752472 -0.584208
-1.25682 -0.866533
-0.511338 -0.277927
-1.49222 -1.46185
0.644091 1.01751
0.441875 -2.28795
-1.29879 0.162428
-0.461632 -0.508004
-1.51576 -1.1809
0.43743 0.779543
0.754411 -1.97617
-1.86718 -0.753693
1.79044 0.396076
0.750695 -0.545462
1.19117 0.458175
0.754058 -1.31254
-1.55075 -2.30183
1.72903 1.02972
0.446475 -1.01002
-1.56389 -2.15869
1.62956 1.15938
0.379048 -1.2213
-1.79477 -1.61556
1.81972 0.540687
0.670281 -0.605763
0.788876 0.485847
0.812464 -1.62139
-1.83472 -2.02116
1.98539 -0.447708
0.602583 -0.104274
1.4444 -0.592142
1.18815 -0.0181268
1.08678 -0.915571
0.741217 0.378749
0.93239 -1.51506
-1.60122 -2.39998
1.88267 0.614249
0.595671 -0.605691
0.478198 0.268416
1.24683 -1.28307
-0.340885 -0.831506
-1.47917 -0.823298
0.0285458 0.278869
1.5218 0.0528632
0.988222 -0.637581
1.26467 0.267077
0.883096 -1.08842
-0.594614 -1.12607
-1.00052 -0.346842
-1.12665 -0.988784
-0.602343 -0.286529
-1.45517 -1.34007
0.391155 0.76975
0.801089 -1.94562
-1.90299 -0.988065
1.88223 -0.0299063
0.811842 -0.225008
1.38695 -0.608145
1.21477 -0.0111842
1.07605 -0.901879
0.767626 0.394396
0.903836 -1.52824
-1.65622 -2.38099
1.94192 0.309056
0.658378 -0.400524
1.33852 0.295191
0.863143 -1.02838
-0.408357 -0.858947
-1.39995 -0.728718
-0.280487 -0.0896048
-1.16209 -1.62783
0.125686 0.628436
1.24273 -1.52246
-1.12505 -1.98425
0.55283 1.13141
0.398335 -2.46265
-1.07652 0.323126
-0.715528 -0.89326
-1.08269 -0.550929
-0.954128 -0.759677
-0.963786 -0.620163
-1.04408 -0.754825
-0.8764 -0.588209
-1.14481 -0.817459
-0.714534 -0.45896
-1.34595 -1.02759
-0.205524 0.0755148
-0.305568 -0.562514
-1.59351 -1.32139
0.878042 1.14805
0.302594 -2.26656
-1.1052 0.22322
-0.815994 -0.977167
-0.921557 -0.434777
-1.17611 -0.951413
-0.569717 -0.285124
-1.471 -1.37901
0.483103 0.863627
0.644694 -2.10175
-1.70315 -0.23826
1.13857 1.08933
0.340504 -1.89216
-1.48683 -0.141783
-0.0052662 0.121208
1.02558 0.672789
0.607643 -1.65899
-1.86383 -1.15522
1.83588 0.321184
0.754004 -0.460401
1.34392 0.232358
0.902799 -0.976662
-0.0159528 -0.33563
-1.16702 -1.71061
0.238897 0.762045
0.954253 -1.84685
-1.90192 -1.87178
1.9792 -0.870079
0.288199 -0.26971
0.618874 0.434256
0.957679 -1.57831
-1.65705 -2.41052
1.95582 0.240565
0.661151 -0.360899
1.39153 0.153547
0.948713 -0.864936
0.626879 0.334845
1.04983 -1.45831
-1.31386 -2.19417
1.14025 1.45642
0.1352 -2.19356
-0.905116 0.275889
-0.941361 -1.19396
-0.606128 -0.145648
-1.42102 -1.49881
0.472094 0.883402
0.634377 -2.12691
-1.6753 -0.182771
1.00723 1.05127
0.355572 -2.02867
-1.39572 -0.0126882
-0.299735 -0.265532
-1.46686 -1.75928
0.921464 1.26173
0.232748 -2.32989
-0.929634 0.323989
-0.846124 -1.09041
-0.793289 -0.3021
-1.32693 -1.15682
-0.129003 0.195823
0.777317 0.602916
0.716979 -1.75172
-1.89285 -1.2711
1.9053 -0.0721052
0.788787 -0.195567
1.38463 -0.653449
1.20028 0.0602787
1.03098 -0.979355
0.385099 0.108221
1.47221 -0.726955
1.11046 0.168544
0.971109 -1.14547
-0.52862 -1.04724
-1.13748 -0.454258
-0.926196 -0.797305
-0.963358 -0.591032
-1.06107 -0.783214
-0.838234 -0.550797
-1.1993 -0.869229
-0.601374 -0.351076
-1.45411 -1.2549
0.298645 0.659775
1.00503 -1.74228
-1.7951 -2.29815
2.01227 -0.60915
0.454799 -0.17326
1.43294 0.147303
0.949251 -0.812421
0.819446 0.445241
0.834683 -1.56863
-1.775 -2.20829
1.98984 -0.254567
0.64767 -0.14716
1.43837 -0.557357
1.19771 -0.0707928
1.11907 -0.8557
0.954024 0.431688
0.801446 -1.49028
-1.72664 -2.26444
1.96862 0.0337092
0.685551 -0.253451
1.44638 -0.298766
1.16036 -0.401855
1.30285 -0.411946
1.24994 -0.356499
1.25342 -0.46573
1.28039 -0.284846
1.21346 -0.550313
1.29723 -0.124483
1.1266 -0.722728
1.20365 0.287477
0.87255 -1.16555
-0.924541 -1.59862
-0.175609 0.396589
1.38598 0.506451
0.732903 -1.11826
-1.18406 -1.92856
0.557385 1.10499
0.414701 -2.42664
-1.13546 0.286048
-0.683011 -0.831849
-1.15959 -0.625109
-0.816884 -0.632024
-1.1732 -0.792416
-0.694181 -0.458775
-1.36226 -1.04025
-0.156597 0.129933
0.259009 0.140192
1.52528 -0.404309
1.14784 -0.211456
1.22174 -0.718311
1.21234 0.209318
0.926248 -1.09482
-0.467568 -0.952762
-1.2757 -0.582318
-0.647273 -0.51275
-1.3788 -1.00398
-0.146665 0.129582
0.314104 0.200178
1.46761 -0.83159
1.01611 0.271903
0.913291 -1.30301
-1.22498 -2.03315
0.765934 1.27684
0.243198 -2.51063
-0.764329 0.4815
-0.335962 -0.513502
-1.58158 -1.35705
0.862692 1.1458
0.305642 -2.27992
-1.09748 0.232307
-0.816745 -0.982522
-0.916292 -0.428857
-1.18338 -0.959602
-0.552894 -0.268334
-1.47572 -1.42146
0.545122 0.927612
0.554351 -2.19216
-1.53153 -0.0044859
0.320119 0.48068
1.18307 -1.49036
-1.1471 -1.99986
0.604156 1.17078
0.351921 -2.49637
-0.968179 0.379386
-0.714086 -0.932853
-1.05227 -0.510114
-1.00894 -0.815281
-0.86988 -0.542876
-1.17493 -0.865618
-0.638856 -0.380777
-1.42542 -1.17988
0.138064 0.477631
1.39828 -1.20791
0.150086 -0.220518
0.083915 -0.105931
0.336373 0.194832
1.45267 -0.87544
0.967026 0.302467
0.902295 -1.36049
-1.37994 -2.22472
1.30522 1.44684
0.166143 -1.92281
-1.2188 0.0133777
-0.781625 -0.853696
-1.05309 -0.573436
-0.976805 -0.757548
-0.943273 -0.614264
-1.06742 -0.76824
-0.841702 -0.562437
-1.19013 -0.855927
-0.624665 -0.375395
-1.43601 -1.19967
0.188378 0.534678
1.27488 -1.43
-0.804646 -1.51051
-0.394658 0.204118
-0.508396 -0.803522
-1.34176 -0.731475
-0.429279 -0.247901
-1.49218 -1.61159
0.817547 1.17117
0.296434 -2.35009
-1.01581 0.295957
-0.830592 -1.03826
-0.854887 -0.364679
-1.26098 -1.05404
-0.351087 -0.0559335
-1.20967 -1.6473
0.21941 0.714747
1.02905 -1.76259
-1.79458 -2.31736
2.0144 -0.643216
0.425398 -0.19132
1.37186 0.329741
0.841657 -1.01391
-0.426999 -0.881599
-1.36706 -0.68779
-0.391166 -0.220941
-1.46717 -1.68613
0.83169 1.1973
0.278667 -2.36396
-0.97292 0.319839
-0.827856 -1.05428
-0.843016 -0.347956
-1.27591 -1.07776
-0.303265 -0.00225626
-0.981971 -1.42532
-0.322137 0.179172
-0.332934 -0.581887
-1.57825 -1.23982
0.739779 1.04593
0.392169 -2.27309
-1.23775 0.177609
-0.608122 -0.697724
-1.31778 -0.802524
-0.438752 -0.234215
-1.48469 -1.61359
0.796475 1.15885
0.307465 -2.356
-1.02825 0.2936
-0.82138 -1.02341
-0.876483 -0.383566
-1.23605 -1.02361
-0.419566 -0.129668
-1.39098 -1.69987
0.643817 1.07805
0.399614 -2.36334
-1.16872 0.24509
-0.678516 -0.809813
-1.17979 -0.649891
-0.774454 -0.589354
-1.23494 -0.852339
-0.558628 -0.324703
-1.47891 -1.33815
0.46463 0.837691
0.680243 -2.06276
-1.7638 -0.372416
1.41574 1.03349
0.421597 -1.44181
-1.81516 -1.14125
1.69981 0.768898
0.593851 -0.872628
-0.829748 -1.40856
-0.485549 0.0787886
-1.11972 -1.52031
-0.0617083 0.420367
1.56731 -0.204092
1.08115 -0.375328
1.32601 -0.455532
1.24926 -0.277828
1.22093 -0.57854
1.28975 -0.068476
1.09587 -0.784453
1.09189 0.405611
0.797156 -1.36453
-1.56653 -2.32678
1.77771 0.924017
0.493338 -0.887946
-1.22035 -1.91042
0.587879 1.11631
0.394298 -2.43295
-1.09721 0.302303
-0.719973 -0.888613
-1.08225 -0.554471
-0.952892 -0.756807
-0.966978 -0.623479
-1.039 -0.750375
-0.884856 -0.595154
-1.13318 -0.807576
-0.736447 -0.478636
-1.32042 -0.99236
-0.291049 -0.0224876
-1.01079 -1.462
-0.25144 0.249129
0.405689 0.310629
1.27589 -1.28337
-0.286141 -0.760809
-1.55926 -0.998137
0.462821 0.770685
0.743867 -1.97166
-1.86147 -0.73404
1.77432 0.452881
0.732797 -0.595712
1.01692 0.530473
0.712901 -1.53691
-1.83406 -1.91157
1.96624 -0.254052
0.6919 -0.127445
1.40386 -0.693829
1.17038 0.122787
0.992875 -1.05892
-0.0770607 -0.429004
-1.46275 -1.89504
1.07983 1.35024
0.186174 -2.19678
-0.985614 0.240328
-0.939167 -1.15197
-0.64923 -0.197395
-1.4212 -1.3981
0.355755 0.750732
0.851286 -1.90297
-1.92407 -1.30034
1.93591 -0.451407
0.698482 -0.046134
1.34517 -0.895319
0.965029 0.35228
0.862464 -1.40869
-1.53733 -2.34488
1.74078 1.02103
0.449184 -0.991322
-1.53111 -2.15731
1.55408 1.25757
0.316906 -1.39577
-1.76665 -0.946401
1.4481 1.09618
0.391706 -1.43768
-1.80092 -1.05796
1.62479 0.902483
0.524255 -1.05327
-1.50567 -2.18273
1.52289 1.29862
0.289289 -1.47114
-1.7128 -0.711238
1.1181 1.14762
0.303956 -1.96981
-1.37387 -0.0326331
-0.390482 -0.374244
-1.54697 -1.49975
0.876197 1.18047
0.283329 -2.30125
-1.04135 0.263864
-0.850284 -1.04434
-0.831451 -0.352024
-1.28466 -1.08013
-0.285033 0.0157723
-0.874488 -1.29888
-0.561573 -0.0432065
-1.35324 -1.60615
0.435068 0.88278
0.659796 -2.1177
-1.70952 -0.237241
1.17535 1.09141
0.343861 -1.84212
-1.53003 -0.203751
0.170926 0.339825
1.48959 -0.87211
0.952031 0.287526
0.919172 -1.35416
-1.33356 -2.17583
1.15241 1.44946
0.140317 -2.1689
-0.93885 0.249
-0.963661 -1.19733
-0.581648 -0.131678
-1.41935 -1.5384
0.515046 0.930966
0.567976 -2.19664
-1.54565 -0.0121741
0.388819 0.555918
1.02757 -1.65373
-1.6739 -2.44442
1.98439 0.0478985
0.658652 -0.265825
1.4485 -0.184883
1.11669 -0.519311
1.33171 -0.157407
1.13576 -0.658988
1.26934 0.149727
0.960896 -0.992316
0.118083 -0.177747
0.133475 -0.0415065
0.943313 0.635626
0.644759 -1.69315
-1.87406 -1.18568
1.86207 0.195023
0.777576 -0.366745
1.41965 -0.133935
1.10167 -0.597747
1.31173 0.0379634
1.02727 -0.859131
0.820356 0.428183
0.84909 -1.5505
-1.74342 -2.27363
1.98505 -0.120712
0.667788 -0.190843
1.44347 -0.46413
1.19686 -0.19884
1.19756 -0.710784
1.2215 0.210091
0.924802 -1.08683
-0.438012 -0.910785
-1.33602 -0.646206
-0.488192 -0.335035
-1.5108 -1.41305
0.653167 1.01406
0.441022 -2.28016
-1.30421 0.156499
-0.452144 -0.494469
-1.52422 -1.2143
0.500233 0.844575
0.650591 -2.07856
-1.72403 -0.287118
1.23418 1.09471
0.350945 -1.75944
-1.59948 -0.321818
0.49528 0.704686
0.783196 -1.8925
-1.90395 -1.08272
1.89396 -0.079009
0.804241 -0.193879
1.37515 -0.674943
1.19472 0.093631
1.00902 -1.01345
0.177122 -0.115305
0.811536 0.577269
0.72559 -1.71072
-1.89219 -1.43158
1.92911 -0.20924
0.758778 -0.127622
1.36232 -0.779515
1.12111 0.247263
0.910726 -1.20576
-0.946648 -1.6387
-0.104926 0.470321
1.5754 -0.236918
1.08726 -0.33666
1.30924 -0.530967
1.26143 -0.158117
1.15492 -0.715884
1.21597 0.250668
0.897241 -1.12448
-0.691938 -1.26819
-0.766086 -0.153966
-1.34935 -1.33053
0.0997078 0.481626
1.43798 -1.12528
0.429541 0.0658658
1.46554 -0.709346
1.12632 0.146842
0.983901 -1.11443
-0.353729 -0.802479
-1.48366 -0.852169
0.0624364 0.322632
1.55605 -0.349294
1.12287 -0.244742
1.24994 -0.679761
1.23747 0.123909
0.981796 -1.0017
0.144331 -0.149596
0.450623 0.304376
1.23678 -1.31942
-0.498101 -1.05286
-1.16424 -0.460974
-0.885665 -0.764761
-1.02434 -0.636277
-0.973062 -0.713577
-0.976806 -0.65962
-1.00759 -0.711372
-0.943697 -0.648132
-1.0469 -0.734837
-0.88691 -0.606707
-1.12472 -0.795284
-0.755718 -0.49775
-1.29627 -0.960889
-0.365723 -0.10658
-1.31818 -1.71373
0.498492 0.971635
0.544069 -2.25146
-1.47235 0.0656999
0.0935314 0.208421
1.50956 0.0676908
0.982991 -0.6632
1.22646 0.330913
0.841262 -1.17686
-1.0542 -1.77689
0.184553 0.760393
1.01604 -1.80163
-1.83946 -2.20061
2.00501 -0.815331
0.291986 -0.283176
0.569271 0.393073
1.0366 -1.51697
-1.45309 -2.35326
1.59455 1.27814
0.309213 -1.35384
-1.77439 -1.02764
1.50837 1.05489
0.426069 -1.31899
-1.81624 -1.50484
1.82579 0.481027
0.693882 -0.564443
1.01596 0.539353
0.706362 -1.54577
-1.84207 -1.86373
1.96273 -0.254671
0.698148 -0.12477
1.39849 -0.710278
1.16293 0.146669
0.97716 -1.08571
-0.2499 -0.657905
-1.61133 -1.24294
0.884891 1.13843
0.307742 -2.24973
-1.12907 0.20639
-0.79707 -0.945452
-0.965553 -0.473603
-1.11726 -0.894057
-0.69125 -0.399419
-1.38328 -1.11467
-0.0380271 0.275739
1.41876 0.406855
0.795964 -1.00914
-0.586012 -1.09881
-1.03392 -0.378608
-1.08075 -0.94034
-0.696341 -0.373163
-1.38606 -1.14316
-0.00423656 0.319195
1.53238 0.0200332
1.00195 -0.600411
1.3083 0.156348
0.953077 -0.95801
0.24698 -0.0258897
1.37193 0.397709
0.799358 -1.06114
-0.785968 -1.38499
-0.55274 0.0280321
-1.26712 -1.59802
0.251749 0.720482
0.986993 -1.79608
-1.85425 -2.12712
1.99913 -0.819089
0.301339 -0.270962
0.682025 0.479607
0.873034 -1.63363
-1.80256 -2.17653
1.99714 -0.435832
0.582648 -0.1223
1.46062 -0.485451
1.18913 -0.158934
1.1767 -0.763847
1.15918 0.316381
0.855627 -1.23058
-1.17219 -1.9452
0.563183 1.11709
0.403823 -2.44116
-1.105 0.303292
-0.706655 -0.871102
-1.10816 -0.57664
-0.910149 -0.718784
-1.03337 -0.675504
-0.93973 -0.67152
-1.03621 -0.713114
-0.912721 -0.633445
-1.08511 -0.759968
-0.827428 -0.560391
-1.20391 -0.86326
-0.599009 -0.352191
-1.45545 -1.2558
0.303718 0.665032
0.993896 -1.75319
-1.81418 -2.24797
2.00896 -0.677758
0.411176 -0.194873
1.34121 0.392575
0.801267 -1.09468
-0.903891 -1.55413
-0.248854 0.319153
0.799889 0.633003
0.683692 -1.77552
-1.87924 -1.0797
1.8541 0.199417
0.783189 -0.374534
1.41723 -0.120751
1.0959 -0.612539
1.30396 0.078349
1.00312 -0.900357
0.627642 0.325005
1.05899 -1.44613
-1.26955 -2.13772
0.985284 1.40943
0.150547 -2.38321
-0.732261 0.44718
-0.417749 -0.625178
-1.51202 -1.04974
0.309935 0.62778
1.02883 -1.70442
-1.73368 -2.40483
2.01113 -0.32001
0.591006 -0.156402
1.46455 -0.389521
1.17626 -0.27934
1.24772 -0.611281
1.27167 -0.00869859
1.06295 -0.856096
0.886315 0.439357
0.814752 -1.53504
-1.76027 -2.22166
1.98345 -0.155142
0.669653 -0.176116
1.43824 -0.514355
1.20102 -0.132432
1.15699 -0.786997
1.11894 0.363217
0.825519 -1.30528
-1.41363 -2.23308
1.38286 1.41839
0.19676 -1.77647
-1.39146 -0.145415
-0.386705 -0.345452
-1.53868 -1.54911
0.900688 1.20337
0.267666 -2.29737
-1.01958 0.270929
-0.864363 -1.06856
-0.796662 -0.32072
-1.32074 -1.13451
-0.163413 0.153853
0.356566 0.248071
1.38861 -1.07172
0.566799 0.193668
1.23967 -1.23056
-0.152132 -0.571243
-1.6273 -1.61601
1.2912 1.28784
0.251049 -1.82242
-1.42562 -0.140399
-0.261417 -0.19321
-1.33624 -1.76992
0.610372 1.07616
0.413207 -2.37399
-1.18031 0.246081
-0.654077 -0.778645
-1.22412 -0.691926
-0.682132 -0.498366
-1.35667 -0.999789
-0.204233 0.0680673
-0.336912 -0.604532
-1.5721 -1.19337
0.672854 0.987717
0.452904 -2.23971
-1.35561 0.115592
-0.33063 -0.33063
-1.53039 -1.65836
0.995933 1.26827
0.227559 -2.24204
-1.00817 0.250909
-0.9038 -1.10978
-0.722287 -0.260507
-1.38349 -1.25668
0.102171 0.461484
1.45466 -1.07026
0.580551 0.185597
1.23554 -1.22731
-0.147575 -0.564373
-1.62408 -1.63857
1.30102 1.29006
0.251722 -1.80866
-1.43783 -0.155565
-0.220725 -0.140311
-1.16131 -1.64547
0.146992 0.654888
1.1848 -1.5973
-1.38059 -2.32846
1.43309 1.42487
0.202796 -1.70211
-1.46063 -0.230722
-0.156503 -0.0480391
-0.660762 -1.04622
-1.00662 -0.407864
-1.10092 -0.932332
-0.679965 -0.369017
-1.39889 -1.16083
0.0461392 0.376719
1.5549 -0.531421
1.12907 -0.0420769
1.11907 -0.930557
0.743735 0.372673
0.936575 -1.50803
-1.58511 -2.3985
1.85879 0.706174
0.568831 -0.678425
-0.0340118 -0.309947
-1.14643 -1.68304
0.175077 0.697379
1.10048 -1.69681
-1.64808 -2.49052
1.97992 0.126353
0.65325 -0.303265
1.4336 -0.032244
1.04767 -0.672778
1.24412 0.269135
0.882701 -1.11111
-0.688722 -1.2609
-0.776611 -0.163641
-1.34386 -1.31219
0.067384 0.443707
1.50472 -0.899545
0.903972 0.288741
0.935163 -1.37741
-1.35283 -2.20456
1.22679 1.45627
0.147288 -2.05641
-1.06275 0.142875
-0.957433 -1.11248
-0.669621 -0.236799
-1.41587 -1.33217
0.267889 0.64857
1.05068 -1.70356
-1.7105 -2.43854
2.00744 -0.212035
0.619199 -0.177892
1.45865 -0.390037
1.17911 -0.283497
1.2487 -0.604092
1.27365 -0.0230863
1.07155 -0.841215
0.938725 0.44469
0.794912 -1.51196
-1.7557 -2.21528
1.9784 -0.10379
0.679508 -0.193827
1.43937 -0.480061
1.19996 -0.179716
1.18556 -0.732528
1.19925 0.258048
0.893495 -1.14629
-0.788715 -1.40698
-0.526165 0.057643
-1.20341 -1.57396
0.117365 0.594133
1.29354 -1.44213
-0.809596 -1.52223
-0.376387 0.222927
-0.351927 -0.598903
-1.56426 -1.18029
0.628617 0.94993
0.497667 -2.20818
-1.44387 0.057778
-0.044731 0.0404794
0.401235 0.279454
1.31254 -1.2164
0.025291 -0.35463
-1.10463 -1.65078
0.0807812 0.606579
1.32502 -1.40679
-0.641258 -1.27945
-0.80549 -0.161902
-1.32387 -1.28927
-0.000383294 0.369138
1.56239 -0.262822
1.10049 -0.325619
1.29913 -0.55151
1.26443 -0.123595
1.13432 -0.750623
1.16773 0.328789
0.846021 -1.23275
-1.20189 -1.98299
0.659794 1.19512
0.318004 -2.49808
-0.908644 0.405504
-0.673821 -0.904691
-1.11244 -0.55164
-0.91729 -0.737641
-1.01393 -0.654313
-0.973195 -0.701068
-0.984887 -0.671975
-0.991881 -0.696129
-0.969528 -0.669637
-1.00856 -0.704328
-0.947308 -0.654664
-1.03944 -0.727129
-0.900058 -0.618057
-1.10601 -0.779524
-0.789498 -0.527202
-1.25386 -0.913302
-0.481001 -0.231477
-1.48216 -1.56041
0.725381 1.09975
0.360311 -2.34465
-1.12401 0.252249
-0.749735 -0.904888
-1.04197 -0.529066
-1.01154 -0.80428
-0.875314 -0.553073


