3.28766 -3.35508
1.29872 0.412595
3.39355 -0.797053
1.18922 -0.0835265
3.23753 1.8265
1.05653 -0.75384
2.93286 -1.54483
1.78597 -4.80372
2.6861 -3.32101
2.3531 -5.07446
2.48388 -4.43501
2.44992 -4.77038
2.42532 -4.60421
2.50005 -4.68964
2.37452 -4.61841
2.58883 -4.61919
2.27485 -4.53835
2.87619 -3.97969
1.92131 -4.07544
1.91003 0.0435047
2.91131 -2.15752
1.86406 -4.80116
2.886 -2.95425
1.93265 -4.63603
2.72709 -3.22766
2.23947 -5.07136
2.61726 -4.37241
2.2602 -4.66374
2.80217 -4.18769
2.02525 -4.25318
1.92106 -2.56325
2.36085 0.675572
3.28289 -1.61674
1.27578 -1.66428
2.38371 -1.59863
1.92697 -1.04223
2.09836 -1.5076
2.13098 -0.484758
2.08906 -2.34834
2.25739 0.520245
3.24919 -0.365929
1.26088 -2.21371
2.50452 -0.667391
2.71862 -2.95486
2.38554 -5.12623
2.43344 -4.39032
2.58105 -4.70218
2.27431 -4.48901
2.92245 -3.80302
1.85698 -3.96044
2.06214 0.953764
3.30678 -1.74227
1.25344 -1.19392
2.45391 -2.2932
1.88797 -1.9226
2.27873 -0.286066
2.27559 -2.96319
1.966 -0.0958561
2.61596 -2.85564
3.0629 -3.34153
1.59923 -3.23022
2.44002 1.6482
1.9077 -5.64678
2.59731 -3.91212
2.3845 -4.94256
2.47485 -4.51649
2.44184 -4.73736
2.44153 -4.62876
2.46601 -4.68643
2.41849 -4.64856
2.49729 -4.67137
2.38034 -4.63387
2.57023 -4.63195
2.29609 -4.56242
2.80373 -4.21556
2.01687 -4.22284
1.84982 -2.16743
2.33868 -0.0168909
2.83004 -2.62296
2.04258 -5.02414
2.88146 -3.73963
1.94738 -4.23858
1.7922 -1.31979
2.16634 -1.35766
2.07183 -0.650615
2.05904 -2.01171
2.24054 0.109691
2.84717 -2.5305
2.00407 -4.98853
2.94096 -3.46435
1.86814 -4.11459
1.93755 0.256443
3.12515 -0.931849
1.48081 -3.56704
2.33405 2.28038
1.3884 -5.05924
2.34486 -3.55307
2.3814 -3.34868
2.27372 -3.26902
1.86134 -0.758944
2.15531 -2.20889
2.20159 0.3559
3.13568 -1.07461
1.48442 -3.5029
2.36483 2.19855
1.4339 -5.11948
2.50601 -3.57409
3.02471 -3.47159
1.67417 -3.48131
2.32969 1.96525
1.71818 -5.55089
2.68646 -3.70292
2.22734 -4.93347
2.68849 -4.34555
2.17536 -4.5147
3.06447 -2.81731
1.67401 -3.67512
2.25417 2.0454
1.70495 -5.5823
2.6494 -3.73319
2.3086 -4.97801
2.55992 -4.47554
2.32369 -4.6918
2.65056 -4.51171
2.20869 -4.48705
3.04699 -3.03273
1.69364 -3.6783
2.24828 2.00532
1.7607 -5.64117
2.60716 -3.80597
2.40242 -4.96676
2.44901 -4.49531
2.49554 -4.73479
2.37426 -4.59116
2.60338 -4.61238
2.25758 -4.51494
2.93736 -3.72543
1.83901 -3.93391
2.09076 1.13014
3.18638 -3.26108
1.335 -1.51533
2.34832 -1.79796
1.97305 -0.587004
2.1342 -2.31716
2.22336 0.475212
3.21958 -0.445173
1.3063 -2.58842
2.56628 0.140424
3.20334 -2.62565
1.36852 -2.15304
2.45275 -0.734361
2.28101 -3.07827
1.91726 -0.356825
2.35058 -2.82045
1.87559 -0.831015
2.12903 -2.0314
2.2047 0.176943
2.92297 -2.258
1.84851 -4.71095
2.62065 -3.37598
2.62506 -4.83839
2.17484 -4.27665
2.94517 -2.68132
1.84797 -4.46508
1.84433 -2.22224
2.35033 0.0530832
2.96729 -2.15032
1.7811 -4.50389
1.8053 -1.93299
2.29728 -0.437187
2.14299 -2.72371
2.20202 0.766953
3.30739 -0.803818
1.22539 -1.46484
2.40224 -1.92806
1.9085 -0.987933
2.10228 -1.6498
2.15775 -0.294843
2.21341 -2.77735
2.11278 0.50609
3.2241 -0.246806
1.28026 -2.47233
2.55546 -0.126994
3.25524 -1.23235
1.30754 -2.20627
2.48628 -0.669493
2.57476 -3.12972
3.07385 -3.21565
1.59648 -3.25237
2.43461 1.69134
1.8667 -5.62181
2.63161 -3.86392
2.31301 -4.94211
2.56448 -4.49295
2.31608 -4.67296
2.67698 -4.47505
2.17761 -4.44768
3.07957 -2.56
1.65493 -3.69003
2.25244 2.08031
1.66415 -5.53809
2.67065 -3.68077
2.26915 -4.97354
2.6127 -4.4336
2.26165 -4.6293
2.82721 -4.12236
1.99108 -4.19795
1.79923 -1.56405
2.21081 -0.970422
1.99524 -1.30408
2.11914 -0.9319
2.02754 -1.37673
2.12604 -0.765952
2.02297 -1.70726
2.19825 -0.323182
2.18643 -2.74945
2.15158 0.630804
3.27415 -0.162193
1.21616 -1.82182
2.43198 -1.36706
1.92167 -1.83243
2.25138 -0.341406
2.18978 -2.79855
2.14005 0.619709
3.27005 -0.128893
1.21741 -1.86375
2.43938 -1.29755
1.93902 -2.02517
2.28721 -0.0508209
2.64555 -2.96456
2.81324 -4.46474
1.91209 -3.90709
2.04597 0.804289
3.32352 -0.62079
1.20422 -1.20808
2.47752 -2.26914
1.95546 -2.41413
2.33582 0.505335
3.27136 -0.57591
1.25037 -1.97272
2.44968 -1.10534
2.01296 -2.46288
2.30927 0.624584
3.29126 -0.77975
1.23994 -1.70946
2.40436 -1.54192
1.91162 -1.30048
2.13656 -1.1127
2.04228 -1.04125
2.06363 -1.27437
2.09537 -0.860657
2.03246 -1.53797
2.15921 -0.532303
2.05983 -2.23411
2.26746 0.37913
3.18314 -0.769741
1.38913 -3.04443
2.54227 1.2885
2.05115 -5.65302
2.51331 -4.03221
2.58052 -4.79113
2.25947 -4.41917
3.01546 -3.31285
1.73003 -3.71973
2.22347 1.90359
1.9215 -5.77251
2.44657 -3.94531
2.91846 -3.9499
1.82879 -3.83811
2.14266 1.41603
2.7767 -5.14521
1.5684 -2.62572
2.49209 0.340166
3.25998 -1.84234
1.30698 -1.91287
2.41476 -1.1807
1.9381 -1.91857
2.2661 -0.194969
2.37874 -3.04962
1.87577 -2.04636
2.30806 -0.139604
2.54063 -3.06767
3.16095 -2.05128
1.49733 -3.14858
2.49268 1.50215
1.9505 -5.64092
2.5863 -3.94855
2.39959 -4.93182
2.45888 -4.51994
2.46853 -4.73365
2.40767 -4.61636
2.52691 -4.6716
2.34395 -4.59936
2.66388 -4.52275
2.18936 -4.44498
3.07926 -2.63732
1.65292 -3.65376
2.26732 2.08508
1.6454 -5.50671
2.68743 -3.64516
2.23725 -4.96127
2.66138 -4.37655
2.20677 -4.56192
2.99699 -3.37749
1.76345 -3.81115
2.18035 1.70876
2.25932 -5.82607
2.04995 -3.76445
1.96751 0.248989
3.09617 -1.1878
1.54263 -3.80361
2.21975 2.25293
1.49295 -5.32743
2.64168 -3.56813
2.40245 -5.01758
2.43902 -4.45975
2.53116 -4.72672
2.3325 -4.55264
2.72299 -4.42391
2.11698 -4.35205
2.82288 -3.00568
2.02889 -4.88086
2.98687 -3.24931
1.80006 -3.97628
2.09252 1.19237
3.11931 -3.75219
1.36895 -1.68441
2.34871 -1.50147
1.95498 -0.893466
2.08448 -1.72107
2.17904 -0.222333
2.2887 -2.91907
1.95522 -0.175691
2.51568 -2.91176
2.99479 -2.36092
1.76929 -4.30573
1.8608 -0.163944
2.68665 -2.71564
2.72481 -4.72403
2.01295 -4.04509
1.82633 -0.714024
2.19975 -2.37663
2.16482 0.427709
3.18154 -0.665581
1.38044 -3.03889
2.54532 1.27874
2.05199 -5.65141
2.51417 -4.03297
2.577 -4.79524
2.26353 -4.42265
3.00477 -3.3828
1.7442 -3.7461
2.20993 1.84527
2.0191 -5.81988
2.33527 -3.96063
3.10513 -2.22744
1.60854 -3.61642
2.29202 2.14697
1.55381 -5.36905
2.70608 -3.53108
2.21817 -4.9797
2.68003 -4.33684
2.18652 -4.54363
3.03915 -3.07004
1.70738 -3.71638
2.23061 1.96042
1.83616 -5.71404
2.53267 -3.88887
2.61715 -4.76948
2.20999 -4.3582
3.08696 -2.47795
1.64223 -3.66748
2.26404 2.10497
1.62521 -5.48389
2.69221 -3.62223
2.23116 -4.96325
2.66913 -4.3634
2.19819 -4.55226
3.0178 -3.23823
1.73555 -3.76171
2.20672 1.85428
2.00864 -5.81826
2.34417 -3.96003
3.11433 -2.27062
1.591 -3.52054
2.33695 2.09912
1.55958 -5.3464
2.72561 -3.49826
2.17904 -4.94993
2.7513 -4.2058
2.10353 -4.42871
2.93287 -2.74305
1.86587 -4.50303
1.96036 -2.76743
2.33749 0.980821
3.12053 -3.58382
1.39591 -2.02308
2.41114 -0.934581
2.0022 -2.34539
2.30778 0.466644
3.24702 -0.464163
1.27205 -2.26827
2.51379 -0.559224
2.91153 -2.46069
1.87602 -4.70591
2.70986 -3.26668
2.2858 -5.08039
2.55978 -4.41378
2.33111 -4.73305
2.61516 -4.54458
2.25003 -4.54227
2.92954 -3.75343
1.85121 -3.95997
2.067 0.986786
3.2931 -2.02405
1.2669 -1.22828
2.43139 -2.25291
1.87112 -1.44571
2.17287 -0.983982
2.01193 -1.25912
2.10644 -0.969267
2.0351 -1.31777
2.11197 -0.83983
2.02624 -1.56369
2.16652 -0.507658
2.06811 -2.29547
2.26768 0.45584
3.22509 -0.478833
1.30222 -2.53531
2.55945 0.0155642
3.25095 -1.8217
1.32146 -2.06664
2.44642 -0.913781
2.10254 -2.75596
2.2363 0.87414
3.29059 -1.7551
1.26811 -1.46183
2.38135 -1.91968
1.93319 -0.77097
2.10675 -2.01572
2.2163 0.152014
2.89232 -2.37506
1.90587 -4.83118
2.98374 -2.75986
1.80868 -4.23844
1.8879 -0.00473418
2.87584 -2.27459
1.94246 -4.94803
2.99675 -3.05259
1.79313 -4.03043
2.06564 1.04911
3.2577 -2.55951
1.29317 -1.30818
2.39112 -2.13966
1.91267 -0.816531
2.11056 -1.97123
2.20814 0.102284
2.80438 -2.63395
2.12277 -5.11466
2.73921 -4.14151
2.12377 -4.51364
3.06099 -2.5029
1.68926 -3.85643
2.18325 1.86769
2.00824 -5.82964
2.32745 -3.95106
3.08645 -2.22399
1.64104 -3.76583
2.22527 2.08047
1.6858 -5.57883
2.64254 -3.72679
2.32975 -4.98583
2.53159 -4.48435
2.36089 -4.72182
2.56791 -4.59829
2.30217 -4.59154
2.7653 -4.31214
2.06715 -4.2962
2.2736 -3.3422
1.83991 -1.02209
2.12937 -1.75376
2.1638 -0.145968
2.38512 -2.99979
1.87335 -2.00956
2.3009 -0.195354
2.43617 -3.08601
2.3537 -3.30972
1.96468 -2.59997
2.3394 0.766733
3.27082 -1.97982
1.29032 -1.64423
2.37544 -1.62272
1.93536 -0.947528
2.09171 -1.66225
2.16465 -0.289313
2.21772 -2.79157
2.10431 0.480649
3.21221 -0.327524
1.30365 -2.63231
2.57275 0.247506
3.12288 -3.37325
1.4331 -2.37515
2.4872 -0.278612
3.05242 -1.82777
1.65866 -4.07309
2.10281 1.45534
2.73336 -5.26954
1.58497 -2.6678
2.49148 0.442807
3.22634 -2.44992
1.33996 -1.96922
2.41614 -1.06704
1.96449 -2.13748
2.2986 0.142636
2.98223 -2.05663
1.75553 -4.44248
1.77902 -1.12774
2.15409 -1.71209
2.14294 -0.188278
2.33242 -2.94734
1.87192 -0.806002
2.13615 -2.08994
2.20633 0.241348
3.01525 -1.84556
1.69914 -4.29094
1.92653 0.32785
3.18165 -0.381705
1.34798 -2.95959
2.56428 1.0855
2.21454 -5.64897
2.34867 -4.08185
3.08486 -2.86363
1.62309 -3.45991
2.35353 1.99821
1.64851 -5.45547
2.73332 -3.57865
2.15275 -4.88468
2.8327 -4.00375
2.00055 -4.26931
1.87412 -2.33621
2.35946 0.273826
3.19167 -0.819168
1.38176 -2.96806
2.5548 1.09122
2.2476 -5.64663
2.30509 -4.0701
3.10287 -2.28778
1.61312 -3.61342
2.29238 2.13872
1.56233 -5.38105
2.70884 -3.53591
2.21045 -4.97122
2.6948 -4.31508
2.16958 -4.51983
3.06606 -2.78728
1.67262 -3.67995
2.25261 2.04745
1.70384 -5.58204
2.64911 -3.7327
2.30954 -4.97848
2.5586 -4.47605
2.32535 -4.69335
2.64644 -4.51738
2.21341 -4.49263
3.03728 -3.11528
1.70641 -3.69842
2.23753 1.97124
1.81526 -5.6942
2.55573 -3.86827
2.54347 -4.86625
2.29455 -4.42525
2.93197 -3.77859
1.84019 -3.92065
2.09705 1.16225
3.15192 -3.52562
1.35313 -1.60946
2.34585 -1.63415
1.96683 -0.724611
2.09686 -2.03705
2.22469 0.171439
2.92934 -2.24294
1.83793 -4.68187
2.47445 -3.45663
3.14483 -2.17902
1.52941 -3.26514
2.45122 1.74461
1.76764 -5.5257
2.72068 -3.70249
2.16287 -4.84907
2.84226 -3.98763
1.98618 -4.23911
1.81424 -1.85192
2.27632 -0.532482
2.06147 -2.42438
2.27856 0.600622
3.2813 -0.505479
1.23437 -1.82115
2.42428 -1.3633
1.91835 -1.7435
2.23193 -0.467364
2.08492 -2.46771
2.26351 0.646603
3.28994 -0.571326
1.22956 -1.70914
2.4088 -1.54583
1.90934 -1.34324
2.14503 -1.0521
2.0305 -1.14099
2.08097 -1.12449
2.06347 -1.07469
2.06152 -1.18301
2.07915 -1.00615
2.04802 -1.28174
2.1013 -0.873022
2.03069 -1.50717
2.15305 -0.577139
2.04611 -2.12645
2.26272 0.237002
3.05441 -1.66372
1.6397 -4.07582
2.10643 1.50911
2.64226 -5.45691
1.65119 -2.89591
2.47476 0.974978
2.74265 -5.07401
1.7145 -3.22538
2.39736 1.61137
2.05715 -5.73554
2.42037 -4.01701
2.94532 -3.81558
1.79783 -3.78748
2.17676 1.62705
2.39736 -5.74558
1.90258 -3.53909
2.21381 1.52049
2.53733 -5.57754
1.78718 -3.3103
2.34165 1.68291
2.07353 -5.76749
2.36672 -4.00511
3.09688 -2.76279
1.60472 -3.41536
2.37622 1.95784
1.66173 -5.45689
2.74045 -3.5789
2.14008 -4.86365
2.86724 -3.88955
1.95515 -4.1974
1.79769 -1.0839
2.14632 -1.74501
2.15296 -0.150169
2.38004 -2.99098
1.86017 -1.8596
2.26997 -0.427923
2.12717 -2.65501
2.22323 0.76407
3.30595 -0.900538
1.23105 -1.4842
2.39818 -1.89744
1.91359 -0.955077
2.10013 -1.69905
2.16813 -0.234479
2.27459 -2.89264
1.98884 0.000934775
2.73501 -2.69298
2.42738 -5.14109
2.37625 -4.35231
2.76986 -4.366
2.04703 -4.23158
1.95928 -2.70862
2.34094 0.905951
3.18548 -3.06868
1.35542 -1.85466
2.38471 -1.24206
1.92619 -1.52521
2.18039 -0.750416
2.00558 -1.73493
2.20923 -0.315607
2.19545 -2.77858
2.13614 0.593938
3.26057 -0.118983
1.22611 -1.98306
2.46156 -1.09358
2.05439 -2.63405
2.28282 0.825705
3.28509 -1.7824
1.27415 -1.53768
2.37651 -1.79927
1.93869 -0.801806
2.09897 -1.94025
2.21 0.058848
2.73131 -2.79697
2.3971 -5.14363
2.41438 -4.37182
2.64345 -4.62317
2.20237 -4.41652
3.08186 -2.63159
1.64779 -3.63484
2.27609 2.09107
1.6304 -5.48275
2.69746 -3.61896
2.21974 -4.95393
2.68975 -4.33309
2.17468 -4.52045
3.06257 -2.83753
1.67665 -3.6785
2.25225 2.0397
1.71372 -5.59264
2.64269 -3.74574
2.32255 -4.9791
2.54214 -4.48419
2.34628 -4.70986
2.5987 -4.57319
2.26744 -4.55416
2.87942 -3.9624
1.91813 -4.07309
1.91575 0.0819066
2.95621 -1.9734
1.77998 -4.60135
1.97875 -2.85177
2.31924 1.07835
3.04152 -4.06963
1.44164 -2.20892
2.44497 -0.577759
2.42087 -3.15668
2.31094 -3.28804
1.83405 -1.51715
2.19459 -0.961911
2.00132 -1.30787
2.11846 -0.914634
2.02662 -1.41035
2.13335 -0.719185
2.02421 -1.80492
2.21788 -0.195191
2.3341 -2.99189
1.85939 -0.941155
2.12413 -1.85705
2.18363 -0.024874
2.57351 -2.99203
3.14405 -2.55918
1.51 -3.04903
2.50827 1.26642
2.20203 -5.68282
2.32829 -4.05863
3.11161 -2.44449
1.59268 -3.46648
2.3592 2.03644
1.59944 -5.38747
2.74343 -3.51031
2.1412 -4.89341
2.8441 -3.96033
1.98667 -4.25181
1.82486 -1.97306
2.30298 -0.3418
2.24469 -2.93483
2.02973 0.222797
3.02 -1.71887
1.68062 -4.27691
1.95145 0.493459
3.24834 0.192179
1.20834 -1.98901
2.47003 -1.08593
2.09097 -2.75371
2.24643 0.892537
3.27966 -1.97871
1.27987 -1.49557
2.37412 -1.86234
1.94233 -0.737699
2.10806 -2.06354
2.22148 0.207552
2.97944 -2.02883
1.75605 -4.46304
1.77645 -1.31936
2.17027 -1.39477
2.07669 -0.597675
2.06995 -2.1252
2.25037 0.256902
3.06561 -1.58945
1.62003 -4.00998
2.13782 1.75863
2.20874 -5.86049
2.07547 -3.78143
1.91683 -0.0646268
2.73964 -2.6501
2.42125 -5.15015
2.38135 -4.35047
2.75617 -4.40127
2.06425 -4.2539
2.10764 -3.10734
2.17221 0.937083
3.29148 -1.87216
1.26782 -1.37106
2.39207 -2.05666
1.91584 -0.83503
2.10641 -1.92672
2.20401 0.0477311
2.7078 -2.83711
2.5095 -5.05722
2.28803 -4.32228
3.03559 -3.20477
1.69814 -3.64144
2.26115 2.00102
1.75371 -5.62723
2.62066 -3.79148
2.36783 -4.97372
2.48844 -4.49849
2.42388 -4.74352
2.46462 -4.62933
2.43112 -4.68298
2.46816 -4.66033
2.42017 -4.66338
2.49015 -4.66666
2.39005 -4.6437
2.54802 -4.64653
2.32127 -4.58768
2.72353 -4.41198
2.11824 -4.36007
2.8505 -2.94372
1.98193 -4.79563
3.02865 -2.74174
1.74433 -3.97897
2.11854 1.42353
2.77842 -5.15159
1.56003 -2.58191
2.48897 0.242602
3.27084 -1.29363
1.28623 -1.9669
2.43476 -1.10152
1.98157 -2.28533
2.31169 0.36419
3.20208 -0.686422
1.35409 -2.83718
2.56975 0.756672
2.60691 -5.30059
1.90011 -3.66413
2.17179 1.40945
2.76513 -5.16173
1.58536 -2.70199
2.49427 0.514509
3.17983 -2.97369
1.37681 -2.09104
2.43432 -0.836033
2.11332 -2.77116
2.22508 0.861361
3.29787 -1.57659
1.25881 -1.43659
2.38801 -1.96162
1.92414 -0.818478
2.10424 -1.9403
2.20721 0.0624167
2.73542 -2.78789
2.37942 -5.15209
2.43353 -4.37467
2.5903 -4.69595
2.26328 -4.47609
2.95942 -3.6276
1.80727 -3.87081
2.13937 1.43633
2.74575 -5.22399
1.5884 -2.69763
2.49298 0.508112
3.18715 -2.90336
1.37117 -2.06971
2.43069 -0.876541
2.07525 -2.65942
2.2662 0.83674
3.2894 -1.71147
1.26906 -1.50726
2.37901 -1.84904
1.93623 -0.789746
2.10199 -1.97041
2.21279 0.0964923
2.79809 -2.65179
2.14204 -5.12736
2.71132 -4.19372
2.15578 -4.56032
3.05874 -2.84682
1.68423 -3.70444
2.24057 2.01742
1.75226 -5.63767
2.60848 -3.79961
2.40128 -4.96847
2.45003 -4.49459
2.49383 -4.73579
2.37619 -4.59224
2.59879 -4.61744
2.26275 -4.5203
2.92087 -3.80033
1.86118 -3.97305
2.05079 0.88817
3.3229 -1.20956
1.22895 -1.15978
2.4858 -2.32315
2.01512 -2.67359
2.308 0.875878
3.24564 -2.43979
1.31104 -1.656
2.368 -1.59143
1.94147 -0.921765
2.08939 -1.69713
2.1724 -0.247385
2.26022 -2.87369
2.0195 0.147671
2.927 -2.1518
1.83628 -4.71907
2.60026 -3.39621
2.71809 -4.65854
2.05866 -4.15064
1.85873 -2.20667
2.34355 0.0564258
2.95503 -2.19856
1.79992 -4.558
1.91955 -2.63406
2.36331 0.776194
3.24473 -2.37968
1.31485 -1.73448
2.37714 -1.464
1.929 -1.14224
2.10776 -1.32926
2.09151 -0.725137
2.03914 -1.82441
2.21649 -0.148455
2.39733 -3.03337
1.93525 -2.43085
2.34627 0.503181
3.27438 -0.62997
1.25037 -1.93943
2.44211 -1.16186
1.97604 -2.27237
2.31263 0.339699
3.18872 -0.781506
1.38241 -2.99165
2.55185 1.15314
2.18157 -5.66072
2.37815 -4.07843
3.02252 -3.37399
1.70143 -3.60381
2.27457 1.99209
1.75114 -5.61702
2.63101 -3.78151
2.34204 -4.97402
2.51941 -4.495
2.37667 -4.7271
2.53974 -4.61651
2.33436 -4.62176
2.6706 -4.50387
2.18262 -4.44219
3.08033 -2.57482
1.65303 -3.67668
2.25813 2.08526
1.65335 -5.52194
2.67888 -3.66251
2.25357 -4.96859
2.63567 -4.40901
2.2357 -4.59843
2.91051 -3.82024
1.88021 -4.0194
2.00099 0.60104
3.27678 0.146542
1.18804 -1.65273
2.42136 -1.64449
1.90136 -1.39216
2.15627 -0.996122
2.01964 -1.23773
2.1005 -0.98849
2.03902 -1.28846
2.10509 -0.877304
2.0295 -1.49495
2.15073 -0.595875
2.04138 -2.0822
2.25901 0.177282
2.97335 -2.07597
1.76741 -4.48706
1.78453 -1.64439
2.23148 -0.8864
1.98387 -1.49636
2.16228 -0.675126
2.02048 -1.89882
2.23729 -0.0808818
2.51863 -3.04647
3.11371 -1.94541
1.58559 -3.62618
2.29202 2.18564
1.51322 -5.30822
2.68098 -3.52282
2.28914 -5.02489
2.57101 -4.44093
2.31287 -4.69875
2.66784 -4.48138
2.18929 -4.46694
3.07356 -2.7307
1.66012 -3.65014
2.26717 2.07197
1.66096 -5.52533
2.68088 -3.6658
2.24794 -4.96342
2.6455 -4.39858
2.22456 -4.58372
2.94617 -3.65815
1.83203 -3.93502
2.09482 1.1615
3.15331 -3.51701
1.35225 -1.60293
2.34561 -1.64526
1.96783 -0.711504
2.09904 -2.0625
2.22665 0.202227
2.97602 -2.04719
1.76168 -4.47827
1.77928 -1.51015
2.20285 -1.09338
2.01118 -1.07453
2.07684 -1.27181
2.09083 -0.846326
2.03385 -1.57173
2.1661 -0.484595
2.0788 -2.35083
2.2643 0.521908
3.25193 -0.374479
1.25828 -2.18168
2.49757 -0.728933
2.58852 -3.12459
3.01593 -3.59899
1.66544 -3.41675
2.35655 1.90708
1.74981 -5.56709
2.68103 -3.73345
2.23301 -4.92852
2.68246 -4.35862
2.182 -4.52125
3.05636 -2.91353
1.6842 -3.68187
2.2492 2.02392
1.73622 -5.61722
2.62563 -3.77594
2.3596 -4.97735
2.49748 -4.49617
2.40981 -4.74135
2.48496 -4.62987
2.40254 -4.67165
2.51616 -4.65382
2.35907 -4.62564
2.61623 -4.58421
2.24462 -4.50978
2.96964 -3.56107
1.796 -3.85709
2.15027 1.51081
2.61441 -5.48718
1.69093 -3.03469
2.44592 1.27438
2.40978 -5.61228
2.04932 -3.84394
1.91388 -0.0548457
2.75933 -2.60784
2.32962 -5.19
2.48105 -4.36099
2.48325 -4.78751
2.38204 -4.56584
2.60056 -4.62449
2.25971 -4.51132
2.93587 -3.73375
1.84074 -3.93626
2.08829 1.11453
3.20167 -3.13016
1.32673 -1.47425
2.35238 -1.86877
1.97035 -0.560979
2.14751 -2.37772
2.21394 0.519358
3.2378 -0.327174
1.27137 -2.341
2.53103 -0.411691
3.12159 -1.47701
1.54212 -3.62445
2.29936 2.24719
1.44611 -5.19262
2.57229 -3.56659
2.71404 -4.64381
2.07318 -4.1821
1.96169 -2.7088
2.33954 0.907193
3.18649 -3.06067
1.35463 -1.85008
2.38401 -1.25004
1.92599 -1.50634
2.1762 -0.77743
2.00506 -1.67444
2.1964 -0.39581
2.12781 -2.58503
2.22701 0.714058
3.30027 -0.655901
1.22437 -1.56701
2.40011 -1.77164
1.91326 -1.04954
2.10325 -1.52648
2.13289 -0.454567
2.10362 -2.41914
2.2493 0.591144
3.2724 -0.370546
1.23435 -1.91225
2.44248 -1.21238
1.96241 -2.19516
2.30807 0.216684
3.0857 -1.5045
1.58922 -3.88195
2.1872 2.08393
1.70701 -5.62367
2.60461 -3.77392
2.42662 -4.96707
2.42054 -4.48222
2.56069 -4.69474
2.30066 -4.53103
2.81953 -4.1771
1.9946 -4.18576
1.79812 -1.51136
2.19964 -1.05002
2.00747 -1.14856
2.08837 -1.15393
2.06587 -1.017
2.0535 -1.28059
2.09953 -0.866264
2.03112 -1.52239
2.15622 -0.555642
2.05216 -2.1778
2.26584 0.305466
3.12687 -1.19447
1.50812 -3.58111
2.32415 2.25956
1.41495 -5.11748
2.46515 -3.58475
3.12885 -2.53267
1.54865 -3.24098
2.45308 1.68651
1.83071 -5.58227
2.67281 -3.80571
2.23647 -4.90621
2.68818 -4.35927
2.1747 -4.5054
3.06835 -2.76871
1.6689 -3.67177
2.25664 2.05565
1.69018 -5.56488
2.65965 -3.71217
2.28822 -4.97508
2.58698 -4.45756
2.29116 -4.66072
2.73769 -4.35655
2.10506 -4.35812
2.77045 -3.11331
2.13693 -5.01652
2.77219 -4.11783
2.08177 -4.42154
2.81914 -3.02324
2.03519 -4.8872
2.97799 -3.30987
1.81215 -3.99388
2.07505 1.07884
3.23454 -2.81896
1.3077 -1.37624
2.37008 -2.03244
1.94647 -0.616377
2.14175 -2.30863
2.2171 0.461747
3.21108 -0.494947
1.32265 -2.69596
2.57337 0.401801
2.99304 -4.14863
1.53419 -2.73338
2.51252 0.542053
3.10605 -3.55074
1.43332 -2.32031
2.47456 -0.382936
2.87402 -2.56051
1.94209 -4.85258
3.01601 -2.78607
1.76467 -4.04041
2.07681 1.1482
3.17112 -3.39482
1.34192 -1.53407
2.34568 -1.763
1.97464 -0.599378
2.12817 -2.28758
2.22675 0.449374
3.2072 -0.536449
1.33211 -2.74862
2.5741 0.533357
2.85281 -4.70481
1.65447 -3.10786
2.44835 1.40636
2.20952 -5.71326
2.28226 -4.02652
3.01523 -2.42656
1.75108 -4.17362
1.99307 0.677921
3.30349 0.00127025
1.18003 -1.35333
2.44234 -2.09028
1.87833 -1.55556
2.19568 -0.809723
1.99721 -1.61539
2.18552 -0.488032
2.07358 -2.35408
2.26784 0.524463
3.254 -0.37921
1.25618 -2.15682
2.49218 -0.775982
2.49073 -3.17965
3.08046 -2.07267
1.64348 -3.84911
2.19368 1.9984
1.81461 -5.71757
2.52608 -3.87863
2.65218 -4.71498
2.16727 -4.31588
2.98026 -2.58665
1.80249 -4.31773
1.82579 -0.485817
2.35126 -2.75191
1.88914 -0.723973
2.14595 -2.21393
2.20922 0.366974
3.14735 -0.990987
1.4606 -3.39901
2.41622 2.0572
1.50461 -5.20195
2.67979 -3.47469
2.31047 -5.04186
2.54089 -4.44682
2.35328 -4.73524
2.57546 -4.58593
2.29427 -4.58777
2.78693 -4.25576
2.03979 -4.25898
1.99271 -2.82404
2.31279 1.04409
3.09343 -3.7772
1.40902 -2.06086
2.4167 -0.860335
2.04851 -2.55151
2.28876 0.740321
3.29823 -1.23568
1.25093 -1.55522
2.38753 -1.78159
1.92601 -0.915304
2.09577 -1.74538
2.17873 -0.18056
2.34001 -2.97514
1.85634 -0.999587
2.12287 -1.75484
2.16739 -0.148176
2.38215 -2.99999
1.86663 -1.94069
2.28727 -0.30359
2.26598 -2.95563
1.98603 0.0113292
2.7552 -2.65062
2.3345 -5.18326
2.47741 -4.36505
2.48956 -4.78328
2.37507 -4.56241
2.61762 -4.6042
2.24046 -4.49135
2.99344 -3.42877
1.76344 -3.79512
2.18627 1.73179
2.21687 -5.8366
2.10043 -3.82286
1.85363 -0.549153
2.26505 -2.62153
2.06263 0.229034
3.00658 -1.80988
1.70436 -4.34476
1.87203 -0.0310217
2.86333 -2.30819
1.97409 -4.99753
2.95781 -3.3455
1.84686 -4.09446
1.97609 0.495542
3.2428 0.114007
1.22166 -2.09658
2.49036 -0.892099
2.35363 -3.16249
1.85935 -1.91622
2.2832 -0.351815
2.20759 -2.85808
2.10564 0.520686
3.23122 -0.185669
1.26534 -2.3677
2.53907 -0.355665
3.17422 -1.17732
1.43939 -3.17168
2.50202 1.58237
1.83093 -5.55143
2.69895 -3.7825
2.1916 -4.85957
2.78778 -4.15309
2.05499 -4.33842
2.34862 -3.39648
2.055 -2.90148
2.25859 1.04844
3.16191 -3.33543
1.36203 -1.80448
2.37205 -1.31687
1.92957 -1.30571
2.13378 -1.06493
2.03647 -1.12447
2.07674 -1.14165
2.06755 -1.05188
2.05721 -1.21658
2.08639 -0.95934
2.04103 -1.35825
2.11861 -0.770507
2.02539 -1.70247
2.19651 -0.32558
2.18407 -2.74246
2.15536 0.639215
3.27711 -0.180629
1.2148 -1.78871
2.42681 -1.42151
1.91358 -1.69683
2.2221 -0.540108
2.04722 -2.27183
2.27787 0.415259
3.20951 -0.590258
1.33429 -2.73712
2.57284 0.503371
2.89215 -4.57006
1.61879 -3.00346
2.47784 1.18337
2.43053 -5.57789
2.04477 -3.84854
1.91744 -0.0282937
2.79407 -2.52872
2.18704 -5.17857
2.6413 -4.27562
2.23651 -4.68058
2.83844 -4.068
1.98 -4.19164
1.79502 -1.35767
2.17143 -1.29098
2.05724 -0.74786
2.05059 -1.81989
2.21136 -0.138582
2.40848 -3.0353
2.00138 -2.70443
2.31552 0.910787
3.2149 -2.80142
1.33368 -1.74333
2.3713 -1.43669
1.93256 -1.13147
2.10547 -1.33943
2.09435 -0.712536
2.03947 -1.84884
2.22101 -0.11706
2.44686 -3.04904
2.4154 -3.32672
2.64077 -3.22971
2.63039 -4.84928
2.16076 -4.25163
2.81206 -3.01698
2.04981 -4.91791
2.94428 -3.50059
1.85866 -4.07054
1.98353 0.526118
3.2529 0.152206
1.20811 -1.95452
2.46232 -1.1458
2.03314 -2.56285
2.29878 0.752004
3.29463 -1.40862
1.25913 -1.56065
2.38387 -1.76989
1.92991 -0.889658
2.09513 -1.78588
2.18639 -0.13099
2.40903 -3.02287
1.99225 -2.67083
2.32256 0.870111
3.23478 -2.56391
1.32008 -1.70244
2.37027 -1.51152
1.93606 -1.02981
2.0946 -1.50897
2.1327 -0.486877
2.08745 -2.34292
2.25821 0.514283
3.24707 -0.372061
1.26401 -2.24193
2.51028 -0.612176
2.82823 -2.71469
2.03815 -4.99273
2.90643 -3.64689
1.91329 -4.17808
1.83741 -0.485768
2.33547 -2.73958
1.91782 -0.491445
2.23473 -2.61285
2.10775 0.399221
3.16269 -0.766556
1.41634 -3.23284
2.48876 1.74412
1.68836 -5.4126
2.7856 -3.52149
2.07368 -4.74972
3.0265 -3.02515
1.73868 -3.84445
2.17558 1.73739
2.21696 -5.84143
2.09294 -3.81186
1.87054 -0.399215
2.37167 -2.8095
1.85481 -1.16677
2.13087 -1.46172
2.10834 -0.519289
2.08278 -2.27739
2.25735 0.440798
3.21352 -0.53454
1.32329 -2.67977
2.57177 0.361077
3.03761 -3.92108
1.49837 -2.60818
2.51074 0.244558
3.26097 -1.73953
1.30619 -1.95418
2.42449 -1.11276
1.96236 -2.14551
2.30063 0.149991
2.99559 -1.99548
1.73506 -4.37993
1.8215 -0.46328
2.37852 -2.78037
1.85383 -1.22923
2.1384 -1.35976
2.08518 -0.657223
2.0519 -1.98105
2.23904 0.0640845
2.76839 -2.73282
2.24086 -5.16585
2.58643 -4.34086
2.30276 -4.74138
2.66284 -4.47343
2.19683 -4.48591
3.06037 -2.896
1.67682 -3.65968
2.25952 2.04131
1.70503 -5.5792
2.65267 -3.72996
2.30095 -4.9759
2.57026 -4.47002
2.31097 -4.6799
2.68313 -4.46159
2.1708 -4.4414
3.07749 -2.50254
1.65994 -3.7328
2.23475 2.0576
1.70662 -5.59554
2.63611 -3.74705
2.34054 -4.98266
2.51921 -4.48985
2.37784 -4.73037
2.53673 -4.61682
2.33799 -4.62571
2.66029 -4.51984
2.1947 -4.45649
3.07414 -2.73484
1.65863 -3.64283
2.27042 2.07384
1.65574 -5.51716
2.68507 -3.6564
2.24024 -4.96023
2.65761 -4.3828
2.21095 -4.56656
2.98614 -3.44365
1.77805 -3.83751
2.16527 1.61546
2.42648 -5.72506
1.86696 -3.46734
2.25573 1.64311
2.27958 -5.78391
2.07771 -3.81941
1.88803 -0.253823
2.51424 -2.87561
2.94257 -2.54173
1.84094 -4.52477
1.94343 -2.71423
2.34976 0.905602
3.17232 -3.17778
1.36485 -1.90167
2.39187 -1.15881
1.93231 -1.72941
2.22587 -0.458459
2.08927 -2.47793
2.26042 0.65556
3.2915 -0.587523
1.22897 -1.68884
2.40662 -1.57841
1.90988 -1.28548
2.13424 -1.13999
2.0474 -0.997246
2.05723 -1.3445
2.1112 -0.765548
2.02837 -1.71876
2.19898 -0.299762
2.20849 -2.79855
2.11575 0.528916
3.23436 -0.182239
1.26129 -2.32977
2.53199 -0.435335
3.11073 -1.54265
1.56249 -3.70387
2.26095 2.24332
1.47777 -5.27418
2.6337 -3.55176
2.44225 -5.00421
2.39448 -4.44318
2.64664 -4.59856
2.20203 -4.42846
3.07909 -2.67946
1.65124 -3.63222
2.27637 2.08469
1.6375 -5.49138
2.69539 -3.6278
2.22262 -4.95381
2.68565 -4.34044
2.1793 -4.5261
3.05635 -2.90964
1.68455 -3.68451
2.24811 2.02261
1.73888 -5.62047
2.62306 -3.7798
2.3656 -4.97658
2.49049 -4.49677
2.42093 -4.74376
2.46866 -4.62939
2.4253 -4.68133
2.47729 -4.66048
2.40781 -4.65775
2.51199 -4.66179
2.36325 -4.62487
2.60814 -4.59464
2.25363 -4.5188
2.94262 -3.69858
1.83231 -3.92293
2.10098 1.19437
3.11461 -3.77708
1.37209 -1.7081
2.35113 -1.4611
1.95017 -0.959436
2.08646 -1.60608
2.15558 -0.367355
2.15267 -2.62221
2.20165 0.690869
3.29449 -0.445647
1.21733 -1.62067
2.40569 -1.68951
1.90922 -1.17236
2.11679 -1.32404
2.08709 -0.724516
2.04094 -1.83064
2.21702 -0.138052
2.41273 -3.03964
2.03672 -2.81732
2.28275 1.0096
3.1715 -3.2389
1.35863 -1.81217
2.37478 -1.30745
1.92817 -1.34112
2.14085 -1.01397
2.02744 -1.21074
2.09357 -1.01709
2.04451 -1.24442
2.09513 -0.935739
2.03618 -1.39233
2.12701 -0.729083
2.02546 -1.7864
2.21376 -0.217047
2.30422 -2.95913
1.91458 -0.424268
2.29062 -2.73143
2.00019 -0.00653761
2.70848 -2.7468
2.55956 -5.01097
2.22362 -4.27168
3.07672 -2.36027
1.66064 -3.79425
2.21133 2.01523
1.77929 -5.67869
2.56802 -3.84115
2.51614 -4.89767
2.32415 -4.44217
2.838 -4.1427
1.9649 -4.12783
1.82289 -0.692259
2.21283 -2.42505
2.14942 0.421543
3.17644 -0.691851
1.3901 -3.09286
2.53267 1.41411
1.93482 -5.60738
2.6232 -3.92335
2.31557 -4.92471
2.56625 -4.50129
2.31306 -4.66437
2.68866 -4.45694
2.16363 -4.42964
3.07016 -2.45348
1.67313 -3.80873
2.20377 1.97087
1.8446 -5.73461
2.50642 -3.90029
2.71499 -4.58894
2.09042 -4.23327
2.20992 -3.26801
1.97245 0.061815
2.85176 -2.39432
2.00134 -5.02027
2.92348 -3.5375
1.89307 -4.16246
1.86999 -0.201451
2.61632 -2.80743
3.08795 -3.16367
1.56859 -3.14849
2.47085 1.48733
2.03215 -5.68881
2.49167 -4.01591
2.67196 -4.65429
2.15027 -4.31335
2.90423 -2.80122
1.90279 -4.61649
2.52302 -3.42992
3.07017 -3.18528
1.61242 -3.32518
2.40639 1.81384
1.77682 -5.56291
2.68965 -3.74575
2.21338 -4.90308
2.72573 -4.28668
2.13142 -4.4506
3.03749 -2.47868
1.72499 -4.02329
2.10489 1.37038
2.86908 -4.89369
1.50085 -2.332
2.45838 -0.299389
2.89328 -2.48917
1.90621 -4.78634
2.94802 -2.80583
1.85306 -4.40573
1.79398 -1.70324
2.24381 -0.782697
1.98492 -1.74059
2.2161 -0.344053
2.17136 -2.72773
2.17181 0.682765
3.29104 -0.317558
1.21197 -1.63907
2.40941 -1.66182
1.90697 -1.23698
2.12675 -1.22347
2.06444 -0.868577
2.04359 -1.56169
2.16105 -0.482945
2.08079 -2.35306
2.26312 0.524683
3.25263 -0.371369
1.25717 -2.17193
2.49556 -0.747511
2.55039 -3.15319
3.13707 -2.59859
1.52326 -3.10177
2.49505 1.38845
2.08657 -5.68873
2.44834 -4.04462
2.81288 -4.31088
1.97291 -4.09004
1.83893 -0.534611
2.2932 -2.66838
2.00853 0.0082218
2.72175 -2.72703
2.48837 -5.09072
2.30776 -4.32517
2.99046 -3.50324
1.75691 -3.75163
2.20413 1.80388
2.08716 -5.83656
2.25684 -3.93998
2.63074 -3.28066
2.64643 -4.81546
2.14339 -4.2382
2.64569 -3.28879
2.55921 -4.94325
2.25026 -4.33314
3.08161 -2.74916
1.64129 -3.56884
2.30457 2.07384
1.62185 -5.45363
2.71499 -3.58455
2.18777 -4.931
2.74919 -4.22016
2.10515 -4.42507
2.93234 -2.7438
1.86651 -4.50532
1.96818 -2.79379
2.33098 1.01389
3.09629 -3.74752
1.4099 -2.07894
2.42105 -0.829324
2.07769 -2.6557
2.26453 0.83133
3.29151 -1.65604
1.26633 -1.50242
2.38041 -1.85771
1.93455 -0.797154
2.10177 -1.95919
2.2113 0.0831395
2.77415 -2.70809
2.2235 -5.16423
2.60606 -4.32488
2.27787 -4.71824
2.72522 -4.36411
2.12313 -4.39292
2.94273 -2.70892
1.85258 -4.46736
1.85569 -2.29439
2.35922 0.180266
3.12615 -1.27851
1.51756 -3.59023
2.31861 2.25544
1.42318 -5.13697
2.4979 -3.58318
3.04779 -3.31774
1.64606 -3.41966
2.36191 1.92796
1.71698 -5.5297
2.70545 -3.67872
2.19277 -4.90297
2.75812 -4.21171
2.09321 -4.40126
2.8249 -3.00785
2.02497 -4.8717
2.99499 -3.19245
1.7888 -3.95936
2.10757 1.29304
2.98354 -4.46177
1.43877 -2.04738
2.40452 -0.854033
2.02687 -2.44865
2.30069 0.615594
3.28869 -0.681123
1.23733 -1.74091
2.40979 -1.49241
1.91032 -1.41422
2.15913 -0.943787
2.01384 -1.33504
2.1209 -0.850968
2.0232 -1.53408
2.16093 -0.552767
2.05183 -2.18547
2.26686 0.314479
3.13539 -1.13326
1.49096 -3.5102
2.36043 2.20085
1.43611 -5.12705
2.5168 -3.57253
2.98136 -3.71888
1.72831 -3.59975
2.26798 1.9418
1.82318 -5.68369
2.56905 -3.86726
2.49585 -4.90883
2.34778 -4.4604
2.75746 -4.3699
2.06915 -4.2766
2.21574 -3.27976
1.95668 -0.0247816
2.73939 -2.66944
2.41343 -5.15215
2.39094 -4.35491
2.72372 -4.47618
2.10506 -4.30553
2.59389 -3.3468
2.79751 -4.46412
1.95311 -3.99932
1.93205 0.148348
3.02064 -1.65669
1.67304 -4.27817
1.95491 0.520256
3.25753 0.22496
1.19686 -1.85835
2.44693 -1.31015
1.94655 -2.10752
2.29983 0.0730861
2.88126 -2.45077
1.92814 -4.85916
3.0104 -2.77873
1.77311 -4.07813
2.04822 0.97258
3.30106 -1.89872
1.25974 -1.18681
2.45314 -2.30154
1.88714 -1.91596
2.27744 -0.296742
2.26134 -2.94308
1.9982 0.0700407
2.83239 -2.46422
2.05377 -5.07735
2.83674 -3.8805
2.00646 -4.3416
2.06124 -3.02
2.23431 1.09128
3.14367 -3.49166
1.37012 -1.81895
2.37212 -1.28692
1.92945 -1.35197
2.14274 -0.994829
2.02464 -1.24461
2.10049 -0.968903
2.03711 -1.32447
2.11278 -0.826541
2.02593 -1.59008
2.17233 -0.472778
2.08337 -2.38215
2.26263 0.556623
3.26407 -0.373899
1.2439 -2.02455
2.46436 -1.01747
2.10671 -2.78749
2.22922 0.884336
3.29013 -1.78319
1.26875 -1.45242
2.38169 -1.93386
1.93261 -0.767245
2.10776 -2.02469
2.21687 0.16286
2.90979 -2.31316
1.87257 -4.76265
2.8385 -3.04754
2.00062 -4.79722
3.03227 -2.80285
1.73767 -3.92631
2.144 1.58142
2.49956 -5.65633
1.78651 -3.28455
2.34922 1.65587
2.09809 -5.76727
2.34456 -4.00713
3.11492 -2.43181
1.58605 -3.4416
2.37106 2.01048
1.61165 -5.39596
2.74874 -3.51323
2.13123 -4.87574
2.87161 -3.86666
1.95034 -4.19359
1.80092 -0.996392
2.14848 -1.89704
2.175 0.0277187
2.65969 -2.89862
2.77313 -4.58504
1.96039 -3.98018
1.93766 0.174291
3.04477 -1.51724
1.633 -4.14147
2.07448 1.2998
2.98348 -4.47901
1.43342 -1.99685
2.39326 -0.941765
1.97641 -2.16105
2.29774 0.192272
3.04441 -1.74234
1.65839 -4.13066
2.0723 1.25308
3.04815 -4.17467
1.4013 -1.83238
2.3644 -1.23673
1.93302 -1.3747
2.14661 -0.953152
2.01927 -1.32045
2.1166 -0.862976
2.02499 -1.51325
2.15592 -0.578212
2.04492 -2.12409
2.26299 0.232883
3.04987 -1.69004
1.6472 -4.1018
2.09171 1.39718
2.8316 -5.01606
1.51959 -2.40473
2.46922 -0.145071
3.1029 -1.52494
1.57092 -3.76195
2.23525 2.22058
1.51819 -5.35533
2.66644 -3.5599
2.32077 -5.0246
2.53295 -4.46039
2.36266 -4.7353
2.55971 -4.59907
2.31195 -4.60444
2.73267 -4.38646
2.10807 -4.35076
2.76679 -3.11925
2.14578 -5.02468
2.75612 -4.15458
2.10105 -4.44995
2.96035 -2.67164
1.83054 -4.39248
1.7824 -1.34605
2.1726 -1.33837
2.06518 -0.678059
2.05668 -1.95959
2.23347 0.0430545
2.72569 -2.81747
2.41758 -5.13067
2.39245 -4.36789
2.70862 -4.50528
2.12435 -4.33038
2.8062 -3.03881
2.06048 -4.92964
2.92488 -3.59777
1.88491 -4.11308
1.92054 0.14024
3.02394 -1.63077
1.66677 -4.26061
1.97414 0.640268
3.29533 0.119749
1.17674 -1.41545
2.43232 -2.00431
1.88282 -1.3774
2.15685 -1.05963
2.02684 -1.12386
2.07934 -1.15935
2.06966 -1.01954
2.05258 -1.27064
2.09786 -0.882782
2.03225 -1.4915
2.14923 -0.59614
2.04178 -2.08163
2.25874 0.177032
2.97268 -2.07883
1.76844 -4.49011
1.7865 -1.68318
2.24025 -0.826909
1.98245 -1.63677
2.19387 -0.486196
2.07351 -2.36605
2.26847 0.53782
3.25909 -0.379968
1.25017 -2.09145
2.47824 -0.897121
2.2685 -3.08405
1.9382 -0.214946
2.48743 -2.9063
2.68158 -3.15353
2.46336 -5.05522
2.35502 -4.38408
2.80414 -4.2633
2.0051 -4.17834
1.80167 -1.60056
2.21859 -0.912384
1.98912 -1.4257
2.1457 -0.764871
2.0161 -1.70095
2.19897 -0.342492
2.16957 -2.70872
2.17604 0.683034
3.29127 -0.331234
1.2127 -1.63959
2.40912 -1.66082
1.90718 -1.23457
2.12632 -1.22688
2.06522 -0.863588
2.04323 -1.57044
2.16304 -0.471784
2.08584 -2.38046
2.26089 0.55482
3.26299 -0.368381
1.2447 -2.03723
2.4671 -0.995009
2.13293 -2.85289
2.19556 0.842226
3.30797 -1.25665
1.24212 -1.3921
2.40217 -2.03259
1.9048 -0.958165
2.10359 -1.7142
2.16941 -0.212411
2.30005 -2.92748
1.93174 -0.318575
2.3716 -2.85204
1.85011 -1.26507
2.14432 -1.31017
2.0732 -0.72635
2.04631 -1.84361
2.21746 -0.11438
2.44836 -3.04748
2.43192 -3.32813
2.83513 -2.88436
2.01063 -4.88801
2.99548 -3.16999
1.78949 -3.97028
2.10165 1.25856
3.03338 -4.23337
1.41245 -1.91287
2.37904 -1.09781
1.93748 -1.72957
2.22482 -0.448028
2.09553 -2.50128
2.25573 0.675566
3.295 -0.64123
1.2286 -1.64404
2.40234 -1.6496
1.91202 -1.17126
2.11593 -1.3194
2.08653 -0.732073
2.04037 -1.81495
2.21423 -0.158733
2.38139 -3.02425
1.87287 -2.01219
2.30157 -0.192644
2.44169 -3.08697
2.42651 -3.33001
2.78067 -3.00695
2.12773 -5.03432
2.7742 -4.10239
2.08015 -4.42556
2.82152 -3.01867
2.03086 -4.88001
2.98586 -3.25796
1.80132 -3.97724
2.09126 1.1836
3.12974 -3.68431
1.36369 -1.65664
2.34692 -1.55018
1.96003 -0.824149
2.08613 -1.84697
2.20129 -0.0643279
2.51676 -3.03093
3.09782 -1.98988
1.61307 -3.74072
2.23927 2.14887
1.59457 -5.46026
2.68458 -3.60759
2.25346 -4.98459
2.62974 -4.40788
2.24288 -4.61227
2.88305 -3.92931
1.91731 -4.08232
1.90911 0.0412772
2.9095 -2.16401
1.86775 -4.80896
2.90488 -2.91384
1.90811 -4.56793
2.3608 -3.42915
2.23611 -3.23483
1.93883 -0.151539
2.57429 -2.8767
3.16764 -2.14938
1.48058 -3.02806
2.52016 1.21825
2.22184 -5.67261
2.31306 -4.05971
3.10758 -2.30814
1.60403 -3.56513
2.31492 2.12218
1.55844 -5.36004
2.71687 -3.51534
2.19573 -4.96298
2.71992 -4.26988
2.14063 -4.48068
3.06544 -2.48459
1.68153 -3.8314
2.19391 1.92315
1.91899 -5.78633
2.42793 -3.94186
2.99008 -3.60233
1.7358 -3.65537
2.24527 1.92046
1.87635 -5.73425
2.50565 -3.91823
2.70198 -4.61343
2.10778 -4.25553
2.42526 -3.40826
2.92086 -2.65461
1.87413 -4.59301
2.29315 -3.39514
1.83418 -1.64071
2.22258 -0.785076
1.99022 -1.69783
2.20542 -0.390909
2.13185 -2.60718
2.22221 0.72338
3.30165 -0.675647
1.22415 -1.54784
2.39995 -1.80144
1.91316 -1.02784
2.10201 -1.56573
2.14128 -0.403839
2.13096 -2.53671
2.22631 0.672453
3.29184 -0.481865
1.22212 -1.66622
2.40724 -1.61634
1.90899 -1.25454
2.12914 -1.19081
2.05779 -0.918313
2.04775 -1.47497
2.14127 -0.594551
2.04481 -2.08638
2.258 0.186258
2.98468 -2.02383
1.74969 -4.43522
1.7822 -1.01781
2.15613 -1.90289
2.17081 0.0340372
2.66946 -2.88328
2.72076 -4.71492
2.0273 -4.07482
1.80391 -1.10557
2.14403 -1.69124
2.14504 -0.216155
2.29852 -2.9104
1.93964 -0.274356
2.411 -2.88639
1.90491 -2.23158
2.3338 0.173725
3.07931 -1.56228
1.60236 -3.92257
2.1716 1.99134
1.83858 -5.74741
2.48885 -3.90005
2.78965 -4.40427
1.9946 -4.10721
1.81034 -0.904249
2.15502 -2.04794
2.1888 0.192409
2.93796 -2.19134
1.82206 -4.65036
2.28732 -3.40039
1.83074 -1.54356
2.20095 -0.930941
1.9968 -1.37181
2.13253 -0.828253
2.01887 -1.57295
2.17056 -0.507421
2.0673 -2.29774
2.26833 0.458089
3.2264 -0.472652
1.29988 -2.5185
2.55737 -0.0231521
3.2566 -1.60834
1.3129 -2.08198
2.45322 -0.891554
2.14449 -2.86381
2.18181 0.805833
3.31118 -0.942926
1.22824 -1.39894
2.40834 -2.02522
1.89858 -1.03655
2.1074 -1.58459
2.14279 -0.374153
2.15096 -2.60433
2.20458 0.684185
3.29304 -0.433361
1.21788 -1.63903
2.40674 -1.66047
1.90877 -1.20864
2.12198 -1.26525
2.07391 -0.807953
2.04037 -1.67072
2.18515 -0.343885
2.16768 -2.69183
2.17995 0.683166
3.29146 -0.3439
1.21339 -1.64021
2.40886 -1.65969
1.90736 -1.23263
2.12597 -1.22957
2.06584 -0.859655
2.04295 -1.57736
2.1646 -0.462972
2.09005 -2.40214
2.25869 0.577523
3.27008 -0.38229
1.23779 -1.94679
2.44869 -1.1531
1.99266 -2.3712
2.31463 0.490193
3.25853 -0.475371
1.25851 -2.12379
2.48313 -0.836533
2.35853 -3.15976
1.86937 -2.01891
2.3038 -0.190101
2.45026 -3.08862
2.54383 -3.30028
3.08242 -3.11504
1.59269 -3.26401
2.43239 1.71463
1.8432 -5.6051
2.65084 -3.83292
2.27693 -4.93152
2.61728 -4.45082
2.25496 -4.60746
2.86076 -4.0151
1.94617 -4.12663
1.84155 -0.481716
2.3335 -2.74012
1.92114 -0.46728
2.24863 -2.6507
2.08306 0.325478
3.1064 -1.19978
1.53291 -3.73294
2.25055 2.29221
1.43564 -5.21131
2.55622 -3.58338
2.78001 -4.48044
1.98902 -4.07124
1.83447 -0.596445
2.25474 -2.57482
2.08427 0.292131
3.07199 -1.44027
1.59692 -3.97288
2.15411 1.90797
1.96787 -5.8294
2.34836 -3.94217
3.11462 -2.25634
1.59053 -3.5237
2.33571 2.10283
1.55706 -5.34359
2.72408 -3.49808
2.18248 -4.95398
2.74399 -4.22114
2.1123 -4.44141
2.98261 -2.60822
1.80129 -4.2982
1.84218 -0.33797
2.4833 -2.8507
2.52646 -3.29675
3.13219 -2.6124
1.53382 -3.1478
2.48208 1.4911
1.99479 -5.66854
2.53655 -3.99034
2.52976 -4.85446
2.31507 -4.45629
2.84951 -4.10005
1.95081 -4.10848
1.84961 -0.41572
2.38499 -2.80731
1.84998 -1.41725
2.17093 -1.07378
2.02291 -1.09766
2.07662 -1.21051
2.07945 -0.941318
2.04192 -1.40073
2.1272 -0.707827
2.0277 -1.83306
2.22223 -0.153973
2.39324 -3.03444
1.91741 -2.33587
2.34389 0.342583
3.21435 -0.655007
1.3336 -2.6982
2.5703 0.40518
3.00403 -4.09743
1.52443 -2.69791
2.51284 0.457333
3.17022 -3.04373
1.38661 -2.14594
2.44527 -0.733961
2.24398 -3.02886
2.00248 0.12709
2.91404 -2.19404
1.86045 -4.7763
2.8336 -3.06164
2.00832 -4.81048
3.02902 -2.87799
1.74158 -3.91075
2.14906 1.60203
2.4613 -5.69749
1.8245 -3.37318
2.30547 1.69299
2.12385 -5.79069
2.28665 -3.98232
2.97016 -2.56182
1.81187 -4.37846
1.78635 -1.04587
2.15228 -1.84136
2.1646 -0.0358275
2.55129 -2.99821
3.16384 -2.04296
1.49133 -3.12037
2.50073 1.43796
2.00565 -5.66213
2.53625 -3.99843
2.52559 -4.85646
2.32006 -4.46094
2.8319 -4.15759
1.97405 -4.14441
1.80753 -0.916122
2.15469 -2.0321
2.1874 0.175695
2.91191 -2.29144
1.8681 -4.75843
2.81737 -3.09032
2.03529 -4.8612
2.99349 -3.21552
1.7899 -3.9545
2.10941 1.30183
2.97024 -4.51758
1.44605 -2.08379
2.41178 -0.78659
2.08093 -2.65527
2.26204 0.828025
3.29326 -1.60982
1.26396 -1.4971
2.38169 -1.86694
1.93301 -0.803423
2.10168 -1.95003
2.21002 0.0722747
2.7545 -2.7505
2.29862 -5.17181
2.52105 -4.36939
2.40068 -4.79389
2.48524 -4.60244
2.40687 -4.68826
2.5039 -4.6512
2.37467 -4.64104
2.57774 -4.62208
2.28804 -4.55665
2.82817 -4.14218
1.98511 -4.17623
1.79566 -1.30166
2.16293 -1.37878
2.07743 -0.620991
2.06334 -2.07144
2.24698 0.186688
2.97306 -2.07104
1.76729 -4.48963
1.78567 -1.66835
2.23689 -0.849779
1.98252 -1.58175
2.18158 -0.560254
2.04422 -2.17638
2.26975 0.296458
3.12199 -1.23256
1.51815 -3.62038
2.30414 2.27785
1.41365 -5.13102
2.47364 -3.58777
3.1135 -2.74077
1.56656 -3.25865
2.44233 1.71472
1.82143 -5.58106
2.67457 -3.79656
2.23458 -4.90763
2.69036 -4.35466
2.17227 -4.50287
3.07038 -2.73584
1.66654 -3.67383
2.25636 2.05997
1.68518 -5.55953
2.66226 -3.70573
2.28339 -4.97444
2.59351 -4.45219
2.28357 -4.65283
2.75998 -4.30583
2.07735 -4.32116
2.44465 -3.41456
3.05752 -2.18831
1.68224 -3.97765
2.13879 1.64998
2.38739 -5.77022
1.88999 -3.50353
2.23226 1.57629
2.42107 -5.70071
1.91093 -3.57164
2.19809 1.46767
2.64356 -5.41452
1.68721 -3.04259
2.44629 1.28816
2.38808 -5.62977
2.0744 -3.87334
1.85809 -0.478185
2.31484 -2.72495
1.9581 -0.235962
2.43233 -2.90769
2.03878 -2.81073
2.2819 1.00199
3.17948 -3.17175
1.35368 -1.79009
2.37224 -1.34668
1.92979 -1.26311
2.126 -1.13073
2.04904 -1.01812
2.0589 -1.30432
2.10263 -0.822472
2.02959 -1.60763
2.17507 -0.443486
2.09881 -2.45399
2.25328 0.627792
3.28389 -0.461912
1.22873 -1.77571
2.41878 -1.43896
1.91119 -1.57948
2.19544 -0.706027
2.00616 -1.84381
2.23149 -0.173556
2.37253 -3.02811
1.85617 -1.82085
2.26162 -0.489222
2.08028 -2.485
2.26692 0.665585
3.29409 -0.665105
1.23085 -1.65995
2.40277 -1.62373
1.91185 -1.19987
2.11995 -1.27254
2.07605 -0.79855
2.03988 -1.6873
2.18876 -0.323076
2.18569 -2.73998
2.15378 0.632402
3.27476 -0.16877
1.2161 -1.81604
2.43096 -1.37657
1.91992 -1.80689
2.24603 -0.379069
2.15271 -2.70522
2.19419 0.73254
3.30296 -0.588921
1.21825 -1.51957
2.40301 -1.84637
1.90956 -1.03476
2.10358 -1.5617
2.13983 -0.407627
2.12896 -2.52796
2.22832 0.668205
3.29101 -0.476033
1.22255 -1.67711
2.40815 -1.59893
1.9087 -1.28136
2.13377 -1.14908
2.04904 -0.982605
2.05532 -1.3685
2.11667 -0.733484
2.02879 -1.78348
2.21207 -0.215725
2.30508 -2.9591
1.91306 -0.435371
2.28301 -2.7161
2.01668 0.0675424
2.80727 -2.54163
2.13022 -5.13926
2.71952 -4.1692
2.14683 -4.55377
3.06556 -2.74283
1.67621 -3.70954
2.2404 2.03259
1.73315 -5.61929
2.62213 -3.77679
2.36963 -4.97732
2.48555 -4.49616
2.42925 -4.7453
2.45689 -4.62759
2.44283 -4.68614
2.45043 -4.65781
2.44565 -4.67153
2.44957 -4.66514
2.44531 -4.66777
2.45089 -4.6672
2.44297 -4.66632
2.45463 -4.66827
2.43745 -4.66461
2.4632 -4.66942
2.4253 -4.66044
2.48289 -4.66956
2.39899 -4.64781
2.53052 -4.65651
2.34125 -4.6055
2.6659 -4.51732
2.18731 -4.44399
3.07983 -2.61665
1.65261 -3.65981
2.26496 2.08606
1.64638 -5.50936
2.68569 -3.64826
2.24064 -4.96308
2.65584 -4.38395
2.21302 -4.56999
2.97966 -3.48107
1.78682 -3.85357
2.15554 1.55316
2.53911 -5.60043
1.75698 -3.21605
2.38101 1.58484
2.13297 -5.7537
2.32628 -4.0155
3.10996 -2.28543
1.5995 -3.55335
2.32097 2.1188
1.55588 -5.35213
2.71819 -3.50921
2.19385 -4.96294
2.72265 -4.26416
2.13749 -4.47667
3.06108 -2.47456
1.68875 -3.86664
2.17963 1.85359
2.03217 -5.83819
2.29904 -3.94531
2.97489 -2.54181
1.8052 -4.36012
1.79659 -0.834504
2.18041 -2.2142
2.18079 0.33529
3.1113 -1.23891
1.53166 -3.70004
2.26552 2.29234
1.42642 -5.18395
2.53011 -3.58703
2.90655 -4.05962
1.82459 -3.79622
2.16186 1.51311
2.60167 -5.50349
1.70638 -3.08333
2.43175 1.3699
2.31324 -5.68519
2.15183 -3.94444
1.86655 -2.20295
2.34069 0.0651842
2.96036 -2.1748
1.79144 -4.53536
1.85868 -2.34025
2.36515 0.254124
3.1862 -0.863535
1.39394 -3.02943
2.54355 1.24685
2.09726 -5.66251
2.4655 -4.05735
2.73484 -4.51563
2.07415 -4.22998
2.09278 -3.07443
2.1948 1.00148
3.24948 -2.52291
1.30295 -1.49626
2.36316 -1.84909
1.956 -0.655675
2.12111 -2.20573
2.22682 0.36667
3.15402 -0.955155
1.44807 -3.33827
2.44394 1.95103
1.565 -5.27671
2.75981 -3.41684
2.11968 -4.89448
2.87469 -3.84496
1.94763 -4.19494
1.80173 -0.974576
2.1501 -1.93576
2.17916 0.0712993
2.73587 -2.77513
2.383 -5.15249
2.42908 -4.37278
2.60314 -4.68057
2.24871 -4.46222
3.00148 -3.3892
1.75101 -3.76666
2.2005 1.80511
2.08864 -5.83846
2.25258 -3.93709
2.57868 -3.32848
2.89843 -4.12876
1.82153 -3.76937
2.17363 1.56858
2.49829 -5.64505
1.80297 -3.33322
2.32759 1.68954
2.09011 -5.77707
2.33912 -3.99961
3.11521 -2.34327
1.58817 -3.48161
2.35408 2.05943
1.58144 -5.36591
2.739 -3.4981
2.15109 -4.91316
2.81571 -4.04534
2.02355 -4.30978
2.05262 -2.99502
2.24595 1.10243
3.11943 -3.65323
1.38515 -1.89839
2.38437 -1.14675
1.93282 -1.6848
2.21557 -0.517488
2.05731 -2.31681
2.27563 0.47533
3.237 -0.43487
1.2824 -2.38327
2.53663 -0.322298
3.18243 -1.1286
1.42258 -3.08964
2.52553 1.38804
1.98825 -5.63989
2.56765 -3.98224
2.43702 -4.91468
2.41761 -4.513
2.55177 -4.69232
2.31177 -4.5475
2.77787 -4.29262
2.04875 -4.26403
2.05059 -2.98365
2.24954 1.1017
3.11618 -3.67246
1.38742 -1.91191
2.38676 -1.12302
1.93558 -1.74818
2.22944 -0.426842
2.1103 -2.56045
2.24289 0.717272
3.30097 -0.760014
1.22914 -1.56275
2.3978 -1.77697
1.91543 -1.02139
2.10092 -1.57206
2.14299 -0.396599
2.13523 -2.55342
2.22192 0.678964
3.29301 -0.485806
1.22125 -1.65007
2.40614 -1.64215
1.90939 -1.21848
2.12331 -1.24784
2.07018 -0.83349
2.0413 -1.6237
2.17496 -0.404058
2.12335 -2.54722
2.23247 0.690994
3.29634 -0.581535
1.22388 -1.61697
2.40248 -1.69363
1.91168 -1.13438
2.11145 -1.38227
2.10061 -0.645143
2.04793 -1.99272
2.24264 0.0738988
2.78952 -2.68554
2.16682 -5.13892
2.67832 -4.24694
2.19317 -4.61234
2.97978 -3.46252
1.78957 -3.86816
2.14847 1.51322
2.61164 -5.49266
1.6924 -3.03826
2.4448 1.28173
2.40256 -5.6189
2.05689 -3.85268
1.89651 -0.173779
2.61049 -2.82648
3.10196 -3.04471
1.55315 -3.11267
2.48347 1.41049
2.09467 -5.69651
2.43265 -4.04504
2.8724 -4.11283
1.89498 -3.9661
2.02417 0.70976
3.3076 -0.129959
1.1863 -1.34382
2.44126 -2.10361
1.87761 -1.5411
2.19254 -0.831795
1.99775 -1.56662
2.1746 -0.55281
2.04837 -2.19027
2.26919 0.317284
3.13946 -1.10521
1.4828 -3.47525
2.37811 2.16103
1.45432 -5.14558
2.56644 -3.5528
2.75642 -4.54635
2.0179 -4.10944
1.79961 -1.23134
2.15342 -1.48497
2.10217 -0.477074
2.10456 -2.37989
2.24771 0.551291
3.25835 -0.338008
1.24756 -2.08873
2.47855 -0.902593
2.26553 -3.08101
1.94483 -0.174768
2.5322 -2.90134
3.09014 -1.99552
1.6249 -3.79633
2.21584 2.0943
1.67568 -5.57328
2.64212 -3.72029
2.33333 -4.98821
2.52665 -4.48451
2.36791 -4.72675
2.55421 -4.60696
2.3178 -4.6073
2.7172 -4.41932
2.12692 -4.37438
2.92339 -2.75908
1.87765 -4.54256
2.12185 -3.17542
2.13853 0.838018
3.31604 -0.990919
1.2262 -1.31621
2.42665 -2.14158
1.87814 -1.30889
2.14508 -1.17548
2.0489 -0.933594
2.05162 -1.45987
2.13691 -0.609638
2.04231 -2.05221
2.25426 0.141138
2.91406 -2.31507
1.86552 -4.74007
2.76662 -3.18227
2.13505 -4.99497
2.78706 -4.08884
2.06299 -4.38908
2.60097 -3.34922
2.7556 -4.57609
2.00768 -4.07971
1.81335 -0.878236
2.15809 -2.09051
2.19063 0.235603
3.00011 -1.91369
1.72202 -4.36763
1.83969 -0.290303
2.54759 -2.83856
3.12308 -1.87904
1.56703 -3.56333
2.32327 2.16854
1.5026 -5.26899
2.67568 -3.50953
2.31052 -5.03408
2.54278 -4.45084
2.34998 -4.73056
2.58303 -4.58085
2.28564 -4.57803
2.8155 -4.17544
2.0028 -4.20559
1.81189 -1.80064
2.26436 -0.608726
2.0229 -2.20015
2.28297 0.303911
3.13944 -1.11766
1.48412 -3.47646
2.37734 2.1614
1.4548 -5.14705
2.5683 -3.55214
2.74748 -4.56856
2.02942 -4.12495
1.80145 -1.5216
2.20122 -1.02756
2.00435 -1.18999
2.09592 -1.09236
2.05371 -1.11061
2.06966 -1.13677
2.06895 -1.06962
2.05913 -1.18383
2.07999 -1.0084
2.04799 -1.2766
2.10031 -0.880861
2.03131 -1.49271
2.14975 -0.595988
2.04166 -2.08197
2.25885 0.177306
2.97319 -2.0766
1.76765 -4.48779
1.78498 -1.65361
2.23355 -0.87226
1.98318 -1.5289
2.16964 -0.631307
2.02688 -2.00175
2.25296 0.0586628
2.77693 -2.71949
2.20837 -5.156
2.62547 -4.3099
2.25413 -4.69062
2.79383 -4.20251
2.03744 -4.27542
2.02473 -2.91888
2.27943 1.10503
3.0738 -3.91549
1.41585 -2.06579
2.41591 -0.845898
2.05479 -2.57319
2.28423 0.762939
3.29734 -1.34378
1.25477 -1.53862
2.38554 -1.80605
1.92835 -0.87902
2.09641 -1.8103
2.19012 -0.0998592
2.45616 -3.03493
2.51005 -3.31387
3.14924 -2.29472
1.5159 -3.16065
2.48445 1.52423
1.94682 -5.64383
2.58524 -3.94598
2.40365 -4.93198
2.45403 -4.51848
2.47777 -4.73209
2.39636 -4.6101
2.5503 -4.65806
2.31733 -4.57559
2.74193 -4.37421
2.09513 -4.32922
2.60735 -3.33723
2.73028 -4.63866
2.03974 -4.12205
1.80698 -1.65692
2.23076 -0.82057
1.9856 -1.63343
2.19237 -0.484885
2.07431 -2.36776
2.26803 0.539894
3.25971 -0.379467
1.24941 -2.08334
2.47653 -0.911899
2.24528 -3.05518
1.99132 0.0795146
2.85524 -2.39254
1.99165 -5.00503
2.9408 -3.45037
1.86953 -4.12474
1.92743 0.195112
3.07704 -1.297
1.57517 -3.93745
2.16811 2.03019
1.78785 -5.7098
2.5307 -3.8622
2.6469 -4.72692
2.17286 -4.31975
3.00428 -2.51878
1.7702 -4.20829
1.94879 0.404833
3.21221 -0.0957552
1.2778 -2.54238
2.56843 0.0355967
3.23489 -2.15815
1.34022 -2.09448
2.44707 -0.854838
2.14665 -2.86248
2.17971 0.797953
3.31108 -0.884202
1.22584 -1.40489
2.40869 -2.01693
1.8986 -1.04226
2.10767 -1.57424
2.14063 -0.387407
2.14221 -2.57426
2.21461 0.682153
3.29322 -0.466299
1.21982 -1.64327
2.40621 -1.65328
1.90922 -1.20917
2.12195 -1.26335
2.07357 -0.81086
2.04042 -1.66521
2.18398 -0.350999
2.16186 -2.67514
2.18782 0.693827
3.29456 -0.405158
1.21466 -1.61088
2.40632 -1.70552
1.90857 -1.16622
2.11615 -1.33577
2.08962 -0.707909
2.04192 -1.86398
2.22292 -0.0946091
2.48314 -3.04922
2.87384 -2.76403
1.94344 -4.77135
2.9902 -2.71258
1.79835 -4.22078
1.91322 0.167141
3.06198 -1.39023
1.60117 -4.03612
2.13022 1.74234
2.23937 -5.85547
2.03726 -3.73336
2.00591 0.458912
3.21963 -0.115824
1.27147 -2.47028
2.55798 -0.130692
3.25562 -1.26701
1.3081 -2.19508
2.4833 -0.690134
2.5267 -3.15973
3.15738 -2.08071
1.50448 -3.17504
2.48416 1.56041
1.90373 -5.61791
2.6257 -3.89639
2.3175 -4.93408
2.5609 -4.49973
2.31994 -4.67368
2.66864 -4.48917
2.18726 -4.45883
3.07674 -2.67698
1.65632 -3.65355
2.26666 2.07902
1.65311 -5.51637
2.68398 -3.65578
2.24295 -4.96262
2.6528 -4.38865
2.2164 -4.57383
2.97029 -3.53345
1.79945 -3.87643
2.14063 1.45607
2.71243 -5.30025
1.6123 -2.7822
2.48967 0.706915
3.02426 -4.05328
1.48757 -2.50977
2.49853 0.0309427
3.2434 -0.881438
1.30839 -2.38124
2.52748 -0.323707
3.1587 -1.2488
1.46915 -3.31772
2.44777 1.89136
1.61739 -5.34982
2.78107 -3.4478
2.08176 -4.80666
2.98604 -3.31603
1.79541 -3.93642
2.11541 1.3271
2.93064 -4.67248
1.46845 -2.19322
2.43354 -0.578873
2.35831 -3.12787
1.85743 -1.88017
2.27527 -0.40526
2.14962 -2.7222
2.19553 0.748378
3.30546 -0.672773
1.22059 -1.49
2.40298 -1.89099
1.90868 -1.01208
2.10287 -1.60496
2.14873 -0.351881
2.16614 -2.65471
2.1853 0.672646
3.28883 -0.33011
1.21486 -1.67386
2.41122 -1.60608
1.9069 -1.30826
2.13896 -1.1112
2.04113 -1.04242
2.06412 -1.27423
2.09519 -0.860174
2.03251 -1.53912
2.15945 -0.530663
2.06041 -2.23809
2.26751 0.384248
3.18638 -0.745012
1.3821 -3.00831
2.54968 1.19722
2.13524 -5.66283
2.42807 -4.07152
2.86314 -4.14107
1.90872 -3.99194
1.99114 0.519988
3.24882 0.119345
1.21523 -2.02133
2.4748 -1.02831
2.14761 -2.89285
2.17357 0.797418
3.31155 -0.854954
1.22416 -1.39886
2.41047 -2.02596
1.89644 -1.06408
2.10963 -1.54037
2.13306 -0.430181
2.1173 -2.47617
2.23899 0.636616
3.28412 -0.425505
1.22602 -1.76436
2.41812 -1.45811
1.91008 -1.54822
2.18852 -0.752034
2.00292 -1.73565
2.21014 -0.319164
2.19234 -2.7724
2.141 0.607782
3.26577 -0.126794
1.22149 -1.91908
2.44913 -1.20396
1.97722 -2.2956
2.31474 0.372228
3.20845 -0.648604
1.34141 -2.76155
2.57201 0.564102
2.82874 -4.78248
1.67571 -3.16564
2.42792 1.51623
2.11332 -5.72859
2.37807 -4.0339
3.05771 -3.13112
1.65448 -3.50331
2.32727 2.00805
1.67098 -5.49956
2.71061 -3.63376
2.18916 -4.91511
2.75643 -4.21021
2.09582 -4.40819
2.85574 -2.93823
1.97366 -4.77564
3.02161 -2.69247
1.75477 -4.04472
2.07967 1.17753
3.13916 -3.62772
1.35805 -1.61704
2.3446 -1.61796
1.9671 -0.73412
2.09487 -2.01655
2.22309 0.146209
2.88874 -2.39045
1.913 -4.84374
2.99657 -2.75551
1.79197 -4.16884
1.96476 0.479532
3.23937 0.112434
1.22525 -2.13813
2.49915 -0.814772
2.50153 -3.18057
3.12171 -1.95777
1.57255 -3.55696
2.32505 2.15598
1.51351 -5.28501
2.6888 -3.50343
2.27219 -5.02274
2.59259 -4.42545
2.2868 -4.6734
2.7379 -4.35175
2.1055 -4.3613
2.78248 -3.09067
2.10943 -4.98891
2.82474 -3.97656
2.01666 -4.32345
2.0581 -3.01003
2.23877 1.0957
3.13447 -3.55466
1.37581 -1.84909
2.3765 -1.23392
1.92858 -1.47065
2.16783 -0.822728
2.00644 -1.57648
2.17461 -0.524013
2.05939 -2.25969
2.27 0.409202
3.20231 -0.629606
1.3482 -2.82275
2.57145 0.720791
2.64325 -5.23471
1.8616 -3.59401
2.21744 1.61762
2.37114 -5.74811
1.95407 -3.6402
2.14322 1.19987
3.09049 -3.89974
1.38879 -1.8289
2.36781 -1.25426
1.93147 -1.37112
2.14619 -0.961804
2.02017 -1.30434
2.11315 -0.885528
2.02698 -1.4714
2.14632 -0.632637
2.03371 -1.99675
2.24934 0.0613695
2.77665 -2.71858
2.20979 -5.1568
2.62363 -4.31147
2.25634 -4.69331
2.78717 -4.22027
2.04596 -4.2876
2.10652 -3.10932
2.17291 0.941312
3.28965 -1.91008
1.26969 -1.37559
2.39032 -2.04937
1.9184 -0.816702
2.10748 -1.95737
2.20791 0.0844461
2.77384 -2.70733
2.22504 -5.16493
2.60414 -4.32625
2.28029 -4.72083
2.7187 -4.37714
2.13103 -4.40324
2.98616 -2.58915
1.79597 -4.28546
1.85726 -0.212835
2.6225 -2.7948
3.06735 -3.3198
1.59187 -3.20569
2.44914 1.60196
1.94365 -5.66276
2.56826 -3.94804
2.45243 -4.91696
2.39898 -4.49953
2.60008 -4.64686
2.25753 -4.49497
2.9553 -3.64274
1.81396 -3.88621
2.12925 1.37279
2.85382 -4.931
1.51573 -2.40967
2.4713 -0.139737
3.11322 -1.46364
1.55206 -3.68857
2.26885 2.25816
1.45756 -5.23505
2.6009 -3.56258
2.5776 -4.87973
2.24132 -4.35112
3.08164 -2.73181
1.64248 -3.5793
2.3 2.07813
1.62177 -5.45649
2.71261 -3.58833
2.19217 -4.93492
2.74034 -4.23901
2.11575 -4.44001
2.99063 -2.58607
1.7906 -4.26232
1.88237 -0.0275569
2.85154 -2.35089
2.00524 -5.03714
2.90957 -3.59735
1.91215 -4.19571
1.82625 -0.593802
2.26568 -2.59392
2.06559 0.227977
3.00356 -1.82725
1.70939 -4.35987
1.85472 -0.161163
2.70157 -2.68894
2.64095 -4.89508
2.1191 -4.17239
2.20666 -3.25772
1.98278 0.115372
2.91875 -2.16589
1.85089 -4.75924
2.7684 -3.18357
2.13038 -4.98882
2.79701 -4.06343
2.05066 -4.37032
2.44295 -3.41957
3.05397 -2.20144
1.68778 -3.99751
2.12911 1.58032
2.51065 -5.64913
1.76903 -3.23681
2.37018 1.60838
2.12322 -5.75879
2.33021 -4.01253
3.11223 -2.30517
1.59485 -3.52519
2.33407 2.0992
1.56263 -5.35286
2.72575 -3.50217
2.17809 -4.9475
2.75408 -4.20025
2.10013 -4.42351
2.90939 -2.80544
1.89679 -4.59082
2.39395 -3.44223
2.66827 -3.20269
2.50064 -5.01772
2.31474 -4.368
2.93343 -3.78805
1.83457 -3.90171
2.1103 1.24085
3.05375 -4.12427
1.40339 -1.87435
2.37298 -1.1681
1.93212 -1.55443
2.18588 -0.697271
2.01005 -1.85687
2.23282 -0.150532
2.40649 -3.04533
1.99851 -2.69558
2.31774 0.900428
3.21982 -2.74547
1.33046 -1.73372
2.37095 -1.45435
1.93339 -1.10595
2.10225 -1.38111
2.10384 -0.655751
2.04453 -1.96593
2.23976 0.0365095
2.72156 -2.82774
2.43516 -5.11897
2.37317 -4.36245
2.77007 -4.36297
2.04737 -4.23345
1.96496 -2.72899
2.33679 0.93399
3.16736 -3.23047
1.36665 -1.89697
2.39019 -1.16492
1.93146 -1.70355
2.22014 -0.494926
2.06838 -2.37924
2.27237 0.551449
3.26496 -0.396683
1.24469 -2.01909
2.46276 -1.02683
2.09456 -2.75394
2.24337 0.886843
3.28332 -1.90915
1.27616 -1.48426
2.37627 -1.88162
1.93974 -0.744809
2.10807 -2.05466
2.22041 0.197409
2.96425 -2.09648
1.78005 -4.53212
1.83654 -2.20314
2.3489 0.0107232
2.90232 -2.40237
1.88839 -4.77165
2.89363 -2.9269
1.92208 -4.61356
2.6057 -3.37352
2.70796 -4.68372
2.07041 -4.16346
1.91343 -2.51106
2.36175 0.590691
3.28952 -1.11246
1.25652 -1.717
2.39831 -1.52349
1.91524 -1.25983
2.12864 -1.16831
2.05416 -0.954737
2.05133 -1.41184
2.12686 -0.677437
2.03205 -1.90107
2.23346 -0.0613598
2.5467 -3.03143
3.1626 -2.05427
1.49379 -3.12927
2.49809 1.45822
1.98856 -5.65648
2.55195 -3.98439
2.48333 -4.89171
2.36629 -4.48825
2.68691 -4.51598
2.15694 -4.38743
3.0355 -2.45906
1.72692 -4.04225
2.09435 1.30289
2.97404 -4.50923
1.44149 -2.05108
2.40469 -0.845187
2.03159 -2.46882
2.29857 0.642126
3.29291 -0.77617
1.23801 -1.68468
2.40221 -1.58211
1.91249 -1.23539
2.12523 -1.21349
2.06325 -0.885314
2.04445 -1.53056
2.15413 -0.523579
2.06468 -2.25419
2.26648 0.40596
3.19876 -0.650836
1.35529 -2.86447
2.5689 0.827974
2.52052 -5.4297
1.99648 -3.81603
2.00837 0.518079
3.24432 0.0636754
1.22531 -2.10349
2.49064 -0.879086
2.36842 -3.16989
1.90702 -2.29899
2.34296 0.273391
3.17449 -0.919758
1.41625 -3.14998
2.51316 1.54298
1.84538 -5.55631
2.69282 -3.80111
2.20002 -4.86381
2.77104 -4.19655
2.07566 -4.3673
2.60809 -3.34046
2.72331 -4.65419
2.0489 -4.13411
1.82375 -1.90429
2.28714 -0.440168
2.13073 -2.68119
2.21787 0.773374
3.30683 -0.925191
1.23132 -1.46894
2.39901 -1.92053
1.91217 -0.954036
2.10069 -1.70437
2.16888 -0.227279
2.28273 -2.90462
1.97053 -0.0934572
2.61307 -2.86065
3.07314 -3.26751
1.58754 -3.20147
2.45171 1.59443
1.94669 -5.66293
2.56678 -3.95062
2.45563 -4.91487
2.39555 -4.49833
2.60874 -4.63642
2.24775 -4.48521
2.98427 -3.48644
1.77509 -3.81475
2.17503 1.6641
2.33723 -5.78976
1.96333 -3.64189
2.13493 1.15036
3.15128 -3.50452
1.35661 -1.66322
2.35054 -1.54583
1.95617 -0.85175
2.08578 -1.80035
2.19323 -0.122035
2.42416 -3.03124
2.12304 -3.02829
2.17387 0.889382
3.30498 -1.49972
1.25079 -1.35351
2.40449 -2.08662
1.89954 -0.982156
2.10561 -1.68195
2.16245 -0.251119
2.25675 -2.86139
2.02861 0.186011
2.97296 -1.95745
1.75696 -4.51173
1.79239 -1.79474
2.26613 -0.657329
2.00679 -2.08761
2.27472 0.140427
2.94109 -2.2208
1.81974 -4.62612
2.18714 -3.29181
2.00236 0.235599
3.05553 -1.49194
1.61943 -4.07608
2.11071 1.57152
2.53491 -5.62549
1.73898 -3.15307
2.40386 1.49287
2.21096 -5.73544
2.2523 -4.00036
2.77539 -3.0674
2.13166 -5.0229
2.7755 -4.10539
2.07812 -4.41885
2.79238 -3.07851
2.08726 -4.96074
2.87163 -3.82088
1.95592 -4.22778
1.7929 -1.33855
2.16894 -1.32611
2.06477 -0.696055
2.05388 -1.92068
2.2282 -0.00838092
2.631 -2.95708
2.91001 -4.13025
1.78829 -3.67606
2.22053 1.77907
2.10892 -5.83068
2.24448 -3.93982
2.50591 -3.3703
3.14102 -2.44209
1.52653 -3.16535
2.48015 1.53189
1.94934 -5.64775
2.58039 -3.94923
2.41589 -4.92894
2.44008 -4.51538
2.50515 -4.7228
2.36416 -4.58913
2.62595 -4.58398
2.23219 -4.48868
3.01069 -3.31763
1.74065 -3.75419
2.20802 1.84748
2.01757 -5.82036
2.33554 -3.96001
3.10528 -2.22744
1.60824 -3.61509
2.29265 2.14679
1.55343 -5.36809
2.7062 -3.53038
2.21803 -4.97978
2.68019 -4.33652
2.18633 -4.54343
3.03949 -3.06709
1.70693 -3.7157
2.23097 1.96184
1.83392 -5.71218
2.53492 -3.88688
2.60983 -4.78061
2.21858 -4.36578
3.08756 -2.56743
1.63861 -3.61967
2.28434 2.10187
1.6104 -5.45194
2.70653 -3.58784
2.20546 -4.94978
2.71262 -4.29153
2.1485 -4.48644
3.07193 -2.52051
1.67006 -3.76816
2.21941 2.01434
1.77413 -5.66965
2.57763 -3.83291
2.4866 -4.92264
2.35665 -4.46086
2.73321 -4.42749
2.09934 -4.31479
2.58535 -3.35474
2.83795 -4.34015
1.90099 -3.91538
2.05148 0.845677
3.32528 -0.896611
1.2157 -1.17798
2.48478 -2.30221
2.00161 -2.62156
2.31796 0.81342
3.26839 -2.06712
1.29216 -1.61806
2.37229 -1.66318
1.93991 -0.882027
2.09117 -1.77758
2.1867 -0.144939
2.38934 -3.01416
1.89134 -2.1637
2.32662 0.0538415
2.91012 -2.36389
1.874 -4.74482
2.8044 -3.11284
2.05852 -4.89972
2.94752 -3.49473
1.85306 -4.05538
2.0007 0.625895
3.28543 0.119698
1.18366 -1.55046
2.41916 -1.80409
1.89751 -1.25137
2.1312 -1.22201
2.06245 -0.867728
2.04429 -1.56628
2.16182 -0.47576
2.08413 -2.37053
2.26167 0.544077
3.2594 -0.366307
1.2487 -2.0836
2.47687 -0.91159
2.24751 -3.05827
1.98621 0.0534715
2.82127 -2.4899
2.0879 -5.1106
2.78077 -4.03757
2.07539 -4.44809
2.85546 -2.94503
1.97415 -4.77377
3.02146 -2.69035
1.75497 -4.04655
2.07852 1.17044
3.14722 -3.57193
1.35398 -1.59548
2.34424 -1.65568
1.97001 -0.692348
2.10219 -2.09837
2.229 0.244934
3.03436 -1.75648
1.67016 -4.18937
2.02917 0.967807
3.30427 -1.86532
1.25697 -1.1552
2.4702 -2.33417
1.93884 -2.33563
2.33543 0.374157
3.22327 -0.594557
1.31546 -2.58464
2.56287 0.130396
3.21547 -2.47577
1.35761 -2.1189
2.44755 -0.801462
2.19207 -2.95124
2.10682 0.574393
3.25364 -0.0771261
1.22949 -2.05351
2.47688 -0.969111
2.20076 -2.99185
2.08425 0.49818
3.22281 -0.212297
1.27819 -2.47396
2.55644 -0.123117
3.25583 -1.25938
1.30753 -2.19344
2.48309 -0.693409
2.52105 -3.16239
3.15405 -2.00985
1.51197 -3.23785
2.46452 1.69597
1.79374 -5.54233
2.70852 -3.73972
2.17979 -4.86008
2.80689 -4.09728
2.03139 -4.30617
2.08302 -3.0636
2.2064 1.03549
3.21805 -2.87213
1.32421 -1.58988
2.35635 -1.68746
1.95834 -0.739758
2.09858 -2.02376
2.22199 0.15695
2.90474 -2.3339
1.88204 -4.78195
2.89548 -2.92599
1.9198 -4.60557
2.56583 -3.40385
2.89853 -4.11805
1.8253 -3.78248
2.16689 1.53357
2.56309 -5.56144
1.74143 -3.18017
2.39669 1.53541
2.16712 -5.74498
2.29779 -4.01452
3.05691 -2.30253
1.68948 -3.95169
2.14744 1.6882
2.31816 -5.8132
1.96564 -3.63699
2.13501 1.14663
3.15521 -3.47543
1.35457 -1.65342
2.3501 -1.56311
1.95774 -0.82901
2.08677 -1.84228
2.20019 -0.0694734
2.50792 -3.03333
3.05512 -2.14478
1.68249 -4.00323
2.12808 1.58285
2.50694 -5.6542
1.7718 -3.24328
2.36721 1.61547
2.1194 -5.76008
2.33256 -4.01186
3.11339 -2.3222
1.59229 -3.50752
2.34218 2.08416
1.56939 -5.35699
2.73115 -3.49952
2.16691 -4.93447
2.77839 -4.1441
2.07046 -4.38021
2.61933 -3.33109
2.66869 -4.76847
2.11806 -4.21531
2.35411 -3.38707
2.08308 -2.97011
2.2242 1.0192
3.21859 -2.85008
1.32497 -1.61202
2.35779 -1.65178
1.95493 -0.784766
2.09302 -1.93829
2.2128 0.0521243
2.72185 -2.81586
2.43982 -5.11752
2.36741 -4.35935
2.79005 -4.30978
2.02168 -4.19815
1.83288 -2.02338
2.31273 -0.255123
2.37307 -3.07055
1.86957 -1.99417
2.29844 -0.224011
2.38882 -3.07107
1.92319 -2.37408
2.34598 0.405819
3.24322 -0.54299
1.28363 -2.33466
2.52537 -0.423799
3.09248 -1.64131
1.59468 -3.82883
2.20661 2.13162
1.63666 -5.53371
2.65449 -3.67963
2.31264 -4.99355
2.55066 -4.47161
2.33636 -4.70731
2.61812 -4.55118
2.24575 -4.53099
2.94878 -3.66378
1.82498 -3.91241
2.11079 1.25763
3.03134 -4.23853
1.41475 -1.93159
2.38279 -1.06561
1.94231 -1.82151
2.24428 -0.316078
2.21012 -2.83516
2.10669 0.512876
3.22761 -0.212031
1.27237 -2.41941
2.54767 -0.244263
3.22822 -1.00082
1.33949 -2.57691
2.55425 0.111825
3.23799 -2.13964
1.33555 -2.05983
2.43991 -0.917419
2.07829 -2.6798
2.26262 0.851701
3.28655 -1.79431
1.27259 -1.50598
2.37736 -1.84948
1.93824 -0.774575
2.10334 -1.99679
2.21572 0.128207
2.85343 -2.50074
1.9898 -4.9721
2.96191 -3.34375
1.83963 -4.07133
2.0011 0.641034
3.29043 0.0925371
1.18218 -1.4954
2.42147 -1.88755
1.89323 -1.24319
2.13089 -1.24494
2.0667 -0.832409
2.04258 -1.63075
2.17605 -0.392865
2.13086 -2.57399
2.22487 0.701123
3.2979 -0.586903
1.22272 -1.59462
2.40181 -1.729
1.91202 -1.09889
2.10762 -1.44245
2.11417 -0.564356
2.06382 -2.1683
2.25859 0.303593
3.11967 -1.24004
1.52179 -3.63826
2.29525 2.28401
1.41438 -5.13938
2.48135 -3.58887
3.0951 -2.93424
1.58864 -3.29757
2.42316 1.77827
1.78646 -5.56161
2.69167 -3.75154
2.20864 -4.89516
2.73776 -4.26374
2.11698 -4.42989
2.98055 -2.61108
1.80383 -4.30823
1.83215 -0.427747
2.39842 -2.80654
1.85631 -1.69739
2.23233 -0.658794
2.00759 -2.0029
2.26064 0.0329438
2.74382 -2.79384
2.33348 -5.16304
2.48425 -4.37838
2.46931 -4.78688
2.3989 -4.57917
2.55905 -4.66251
2.30634 -4.55825
2.78229 -4.27748
2.04383 -4.25926
2.01245 -2.88246
2.29303 1.08851
3.07327 -3.91024
1.41818 -2.08655
2.42053 -0.80908
2.08939 -2.69062
2.25303 0.848148
3.29159 -1.68586
1.26653 -1.48498
2.38089 -1.88465
1.93397 -0.785518
2.10386 -1.9842
2.2137 0.113789
2.82794 -2.57373
2.05436 -5.05267
2.85094 -3.84453
1.98757 -4.3058
1.89906 -2.47563
2.36542 0.519557
3.28291 -0.825565
1.25168 -1.83419
2.41966 -1.33608
1.91962 -1.7281
2.22815 -0.485563
2.07399 -2.41613
2.27008 0.593147
3.27745 -0.4498
1.2347 -1.86312
2.43217 -1.29417
1.93227 -1.93855
2.27176 -0.179181
2.40951 -3.06573
2.04378 -2.84014
2.27503 1.02103
3.16984 -3.25871
1.35889 -1.80604
2.37347 -1.317
1.92884 -1.31646
2.13596 -1.05004
2.03368 -1.14917
2.0814 -1.10554
2.0604 -1.10583
2.06694 -1.13459
2.06943 -1.07706
2.06001 -1.17036
2.07742 -1.02875
2.05119 -1.24365
2.09312 -0.926374
2.03621 -1.41238
2.13123 -0.700393
2.02719 -1.84752
2.2252 -0.136292
2.42117 -3.04626
2.11705 -3.01712
2.18257 0.914405
3.29621 -1.73854
1.26242 -1.37686
2.39396 -2.04976
1.91377 -0.857856
2.10492 -1.88633
2.19858 -0.00123672
2.62011 -2.9565
2.97428 -3.84488
1.70874 -3.50337
2.31002 1.9383
1.77698 -5.62065
2.63353 -3.79721
2.32953 -4.96712
2.5365 -4.4936
2.35273 -4.71045
2.58689 -4.58544
2.28058 -4.56752
2.83659 -4.11145
1.97493 -4.16307
1.80026 -1.0657
2.14543 -1.77154
2.15785 -0.11865
2.42364 -3.01332
2.09309 -2.9619
2.21653 0.989208
3.24534 -2.55143
1.30679 -1.53492
2.36149 -1.78596
1.95641 -0.690182
2.11089 -2.13192
2.22718 0.285578
3.08008 -1.48416
1.59326 -3.91983
2.17327 2.01792
1.80137 -5.7181
2.52299 -3.87223
2.67048 -4.68337
2.14449 -4.29154
2.82008 -3.00424
2.0344 -4.89271
2.97524 -3.32463
1.81617 -4.00159
2.06772 1.03316
3.26789 -2.42309
1.2864 -1.28673
2.40058 -2.17218
1.89867 -0.937148
2.1066 -1.76873
2.17793 -0.142375
2.39115 -3.01051
1.89556 -2.19329
2.33051 0.10322
2.9894 -2.04091
1.74615 -4.40611
1.79742 -0.74539
2.21192 -2.38067
2.15175 0.398489
3.16047 -0.829821
1.42618 -3.26382
2.47623 1.80818
1.64881 -5.37151
2.79125 -3.46356
2.06656 -4.76231
3.02489 -3.0281
1.74174 -3.8544
2.17096 1.71088
2.26368 -5.82861
2.03891 -3.74786
1.99447 0.400137
3.19352 -0.348302
1.32945 -2.83321
2.57657 0.755505
2.57334 -5.35074
1.9413 -3.73605
2.11209 1.08867
3.21855 -2.9509
1.31864 -1.46421
2.35659 -1.88987
1.96531 -0.577468
2.1439 -2.35255
2.21657 0.500649
3.23002 -0.371058
1.2854 -2.44692
2.54885 -0.184163
3.243 -1.04177
1.31839 -2.38959
2.52601 -0.304346
3.16435 -1.21312
1.4576 -3.26567
2.46903 1.78867
1.68304 -5.42005
2.77828 -3.53054
2.08365 -4.76979
3.00764 -3.18093
1.76439 -3.87973
2.15366 1.58467
2.48729 -5.66668
1.80274 -3.32586
2.32984 1.6832
2.09531 -5.7766
2.33484 -3.99993
3.11349 -2.30628
1.59232 -3.51342
2.33968 2.09032
1.56576 -5.35349
2.72899 -3.49937
2.17152 -4.94041
2.76794 -4.16886
2.08331 -4.39915
2.76398 -3.13033
2.15142 -5.02768
2.74716 -4.17468
2.11163 -4.46491
3.00959 -2.54401
1.76525 -4.17013
1.9854 0.621204
3.28674 0.146646
1.18055 -1.51969
2.42118 -1.8511
1.89473 -1.25412
2.13228 -1.22398
2.06238 -0.86393
2.04425 -1.57389
2.16346 -0.465643
2.08891 -2.39533
2.25929 0.570481
3.26791 -0.376171
1.23973 -1.97419
2.45415 -1.10581
2.02512 -2.51922
2.30361 0.699279
3.29707 -1.11815
1.24837 -1.59841
2.39031 -1.71487
1.92264 -0.993817
2.0973 -1.60554
2.15116 -0.356552
2.1619 -2.645
2.19056 0.679859
3.29109 -0.368598
1.2154 -1.65178
2.4089 -1.64094
1.90761 -1.24983
2.12867 -1.20142
2.05981 -0.901799
2.04626 -1.50364
2.14783 -0.557434
2.05407 -2.1732
2.26432 0.301552
3.12221 -1.22659
1.51726 -3.61843
2.30517 2.27773
1.413 -5.12902
2.47072 -3.5877
3.1191 -2.67194
1.55996 -3.24984
2.44702 1.69992
1.82856 -5.58421
2.67127 -3.80523
2.23962 -4.90959
2.68167 -4.36915
2.1822 -4.51556
3.05895 -2.88817
1.68063 -3.67678
2.252 2.03207
1.72344 -5.6028
2.63616 -3.75835
2.33618 -4.97899
2.52539 -4.49042
2.36877 -4.72434
2.55367 -4.60841
2.31831 -4.60707
2.71622 -4.42146
2.12808 -4.37574
2.93083 -2.73884
1.86789 -4.51443
1.99711 -2.88443
2.30347 1.10242
3.0393 -4.09051
1.44029 -2.19202
2.44109 -0.608567
2.36089 -3.13378
1.86466 -1.96431
2.29295 -0.274953
2.30972 -3.01081
1.88935 -0.603023
2.19528 -2.45532
2.16747 0.488698
3.21644 -0.385315
1.30434 -2.60522
2.56917 0.181196
3.17561 -2.92426
1.39157 -2.22758
2.46442 -0.585173
2.53071 -3.14699
3.15831 -2.11036
1.50197 -3.15211
2.49053 1.50886
1.94848 -5.64111
2.58705 -3.94676
2.3983 -4.93243
2.46031 -4.51993
2.46599 -4.73413
2.4108 -4.61787
2.52074 -4.67446
2.35108 -4.60527
2.64464 -4.55147
2.2117 -4.47059
3.0531 -2.98421
1.68484 -3.66128
2.25696 2.02574
1.7267 -5.6032
2.63711 -3.75972
2.33304 -4.97799
2.52948 -4.48974
2.36306 -4.72064
2.56468 -4.60149
2.30575 -4.59456
2.75455 -4.3381
2.08066 -4.3143
2.44279 -3.41397
3.04766 -2.22281
1.69736 -4.03245
2.1105 1.44688
2.74405 -5.24092
1.58026 -2.65416
2.4916 0.410104
3.23991 -2.24734
1.32794 -1.93998
2.41342 -1.12329
1.9481 -2.00501
2.2807 -0.0616351
2.61429 -2.99763
2.9762 -3.82998
1.70822 -3.50541
2.30944 1.94034
1.77516 -5.61931
2.63458 -3.79511
2.32745 -4.96713
2.53911 -4.49252
2.34931 -4.70808
2.59405 -4.57896
2.27254 -4.55884
2.86329 -4.0214
1.93958 -4.10776
1.86258 -0.29989
2.49675 -2.86311
2.72875 -3.07698
2.28589 -5.11672
2.55001 -4.39555
2.34786 -4.75661
2.57601 -4.57612
2.2945 -4.59407
2.78125 -4.26937
2.04734 -4.27034
2.06136 -3.01027
2.23599 1.08784
3.14561 -3.47629
1.36919 -1.8162
2.37188 -1.29211
1.92956 -1.34213
2.14077 -1.00943
2.02696 -1.21896
2.09517 -1.00494
2.04259 -1.26441
2.09946 -0.908067
2.03289 -1.44057
2.13812 -0.665965
2.02996 -1.92222
2.23807 -0.0375432
2.59168 -3.00102
3.0834 -3.16534
1.5806 -3.19962
2.4545 1.5922
1.9424 -5.65898
2.57255 -3.94604
2.44043 -4.92241
2.41226 -4.505
2.56726 -4.68095
2.29429 -4.53037
2.83597 -4.12465
1.97329 -4.15433
1.80398 -0.979544
2.14843 -1.92099
2.1783 0.0547773
2.70716 -2.82733
2.51918 -5.04846
2.27613 -4.31421
3.06135 -2.99116
1.66485 -3.58403
2.29236 2.04686
1.66568 -5.51524
2.69338 -3.65327
2.22199 -4.94491
2.69083 -4.33568
2.17314 -4.51562
3.06553 -2.8007
1.67287 -3.67634
2.25396 2.04746
1.7026 -5.57993
2.6507 -3.73025
2.30609 -4.97787
2.56315 -4.47362
2.31971 -4.68835
2.66038 -4.4975
2.19736 -4.47361
3.06568 -2.84182
1.66956 -3.64967
2.26516 2.05487
1.68325 -5.55206
2.66866 -3.69717
2.26968 -4.96906
2.61357 -4.43509
2.26049 -4.62647
2.83215 -4.10729
1.98454 -4.18785
1.79551 -1.38829
2.17643 -1.24201
2.04628 -0.822375
2.0504 -1.68216
2.18419 -0.314509
2.19325 -2.75391
2.14266 0.60272
3.26393 -0.129852
1.22361 -1.94407
2.45373 -1.16107
2.00212 -2.42444
2.31339 0.567963
3.28088 -0.602207
1.24112 -1.84379
2.42577 -1.32404
1.92351 -1.81685
2.2475 -0.35868
2.17129 -2.75337
2.16861 0.689444
3.29277 -0.328264
1.21115 -1.61737
2.4083 -1.69614
1.90723 -1.19575
2.12049 -1.2899
2.07912 -0.771994
2.04001 -1.73879
2.19928 -0.256437
2.25329 -2.88065
2.02959 0.198914
2.9895 -1.87835
1.72999 -4.43237
1.78913 -0.847837
2.18205 -2.20618
2.17896 0.325948
3.10182 -1.30474
1.54972 -3.77048
2.23321 2.25575
1.48245 -5.30149
2.63445 -3.5628
2.43298 -5.00681
2.40512 -4.44862
2.61615 -4.64175
2.23725 -4.46514
3.01997 -3.26251
1.72705 -3.72496
2.22238 1.90751
1.91697 -5.77062
2.45031 -3.94318
2.90598 -4.0023
1.84498 -3.86765
2.12036 1.27758
2.99996 -4.38221
1.4323 -2.02526
2.40076 -0.896777
2.0016 -2.32375
2.3062 0.438127
3.23465 -0.496062
1.29101 -2.42776
2.54313 -0.226244
3.2267 -0.988351
1.34114 -2.5952
2.55639 0.154639
3.2203 -2.42092
1.35247 -2.09608
2.44343 -0.84442
2.14013 -2.84463
2.1894 0.817095
3.31039 -1.05176
1.23318 -1.39797
2.40592 -2.02579
1.90104 -1.00575
2.10542 -1.63477
2.15348 -0.311195
2.19918 -2.74266
2.13693 0.575937
3.25364 -0.13305
1.23471 -2.07648
2.48044 -0.927044
2.2557 -3.07126
1.9666 -0.0497977
2.68589 -2.76799
2.69415 -4.78518
2.05532 -4.10373
1.81348 -1.75491
2.25307 -0.669175
2.00337 -2.02356
2.26573 0.053241
2.78665 -2.70227
2.17384 -5.14034
2.6698 -4.25984
2.20279 -4.62475
2.9527 -3.60884
1.82624 -3.93377
2.09918 1.19317
3.11655 -3.76584
1.37096 -1.70072
2.3504 -1.47382
1.95162 -0.938568
2.08552 -1.6421
2.16318 -0.321774
2.18814 -2.72466
2.15293 0.620137
3.27049 -0.156241
1.21927 -1.86839
2.43954 -1.28942
1.94075 -2.03907
2.28933 -0.0290799
2.68749 -2.90633
2.58922 -4.95237
2.19524 -4.25964
2.9984 -2.52225
1.77736 -4.24001
1.91413 0.189647
3.08408 -1.2369
1.56093 -3.88832
2.18629 2.13716
1.64179 -5.55218
2.63959 -3.69968
2.34886 -4.99534
2.50635 -4.48441
2.39837 -4.74295
2.50125 -4.62592
2.38149 -4.6607
2.55654 -4.63311
2.31241 -4.58434
2.74682 -4.35997
2.08961 -4.32385
2.54684 -3.38241
3.01067 -3.58925
1.68296 -3.48132
2.32683 1.95484
1.73449 -5.56961
2.67429 -3.72894
2.24864 -4.94403
2.65257 -4.39857
2.21604 -4.56714
2.97653 -3.50047
1.79075 -3.85979
2.1514 1.52577
2.58839 -5.52949
1.71282 -3.09734
2.4265 1.39643
2.28983 -5.69902
2.17565 -3.96159
1.99326 -2.78333
2.31587 1.00008
3.13594 -3.49039
1.38375 -1.95171
2.39738 -1.06196
1.94923 -1.95861
2.2713 -0.121342
2.49826 -3.06833
3.02684 -2.25653
1.72513 -4.15086
2.02765 0.903313
3.32273 -1.3321
1.23287 -1.12354
2.5033 -2.35493
2.17278 -3.07098
2.10281 0.620332
3.27104 -0.0539527
1.21011 -1.82043
2.43427 -1.37066
1.92273 -1.8567
2.25652 -0.306854
2.22874 -2.87812
2.07014 0.381657
3.15723 -0.776352
1.42441 -3.28222
2.46994 1.8512
1.61791 -5.33426
2.78952 -3.42673
2.06967 -4.78876
3.00843 -3.1582
1.76484 -3.88935
2.1496 1.56304
2.52677 -5.61956
1.76496 -3.234
2.37279 1.60647
2.1202 -5.75732
2.33528 -4.01402
3.11441 -2.35403
1.58958 -3.48411
2.35269 2.0609
1.58157 -5.36706
2.73847 -3.49941
2.15199 -4.91398
2.81381 -4.05089
2.02596 -4.31337
2.07595 -3.04923
2.21583 1.05676
3.19337 -3.10243
1.33982 -1.66532
2.35743 -1.55609
1.95006 -0.885187
2.08675 -1.74828
2.18323 -0.185791
2.33393 -2.97215
1.86403 -0.888678
2.12687 -1.94649
2.19521 0.0803686
2.7587 -2.7353
2.28425 -5.17348
2.53651 -4.36383
2.37518 -4.78766
2.52289 -4.59641
2.35751 -4.6577
2.60269 -4.58902
2.26099 -4.53421
2.91231 -3.83377
1.87343 -3.99625
2.02431 0.733257
3.31357 -0.229073
1.18875 -1.28793
2.45567 -2.17539
1.88669 -1.84994
2.26264 -0.387342
2.15553 -2.72678
2.18894 0.733159
3.30307 -0.570136
1.2171 -1.5156
2.40366 -1.85269
1.90881 -1.03873
2.10405 -1.55632
2.13856 -0.414263
2.12515 -2.51265
2.23197 0.660373
3.28946 -0.465935
1.22341 -1.69738
2.41003 -1.56641
1.90832 -1.33491
2.14364 -1.06706
2.03301 -1.1155
2.07636 -1.16255
2.07114 -1.01827
2.05197 -1.27085
2.09808 -0.883419
2.0322 -1.49002
2.14893 -0.598261
2.0413 -2.07667
2.25826 0.170329
2.96256 -2.12306
1.7844 -4.53542
1.84762 -2.27553
2.35861 0.137991
3.08632 -1.53705
1.59188 -3.87681
2.18889 2.08469
1.70504 -5.62066
2.60702 -3.77082
2.42014 -4.96999
2.42762 -4.48415
2.54424 -4.70843
2.31897 -4.54708
2.76045 -4.33792
2.07056 -4.29275
2.28492 -3.35138
1.83122 -1.26964
2.14957 -1.34719
2.07783 -0.669979
2.05263 -1.96116
2.2355 0.040328
2.72323 -2.82288
2.42839 -5.12377
2.38057 -4.3646
2.7462 -4.42212
2.07762 -4.27301
2.26196 -3.32923
1.85703 -0.777149
2.15313 -2.18296
2.20167 0.331917
3.11434 -1.23318
1.52747 -3.67753
2.27625 2.29328
1.41865 -5.1619
2.50417 -3.58983
3.0189 -3.5044
1.68209 -3.50062
2.31983 1.97166
1.72327 -5.56225
2.67753 -3.71696
2.24401 -4.94406
2.6592 -4.38869
2.20863 -4.55837
2.99666 -3.38118
1.76364 -3.81063
2.18047 1.70888
2.25901 -5.82613
2.05038 -3.765
1.96651 0.243216
3.09136 -1.22269
1.55177 -3.83871
2.20536 2.20995
1.54718 -5.41761
2.66483 -3.59433
2.31279 -5.01482
2.54496 -4.46163
2.34541 -4.72108
2.59516 -4.57246
2.2718 -4.56159
2.86258 -4.02314
1.9407 -4.10998
1.85963 -0.323958
2.4719 -2.85984
2.38896 -3.31051
2.2719 -3.26485
1.86535 -0.716605
2.16619 -2.28371
2.19592 0.414964
3.17832 -0.727413
1.39139 -3.08253
2.53454 1.38653
1.96087 -5.62088
2.59939 -3.95337
2.36314 -4.93003
2.50347 -4.52406
2.3949 -4.72244
2.51237 -4.63222
2.36642 -4.64506
2.59168 -4.60618
2.27273 -4.5428
2.8772 -3.97443
1.92027 -4.07455
1.912 0.0567479
2.92704 -2.09633
1.8331 -4.73323
2.63454 -3.36629
2.56046 -4.93075
2.25242 -4.34152
3.07603 -2.81748
1.64837 -3.57491
2.30031 2.06714
1.6339 -5.47168
2.7097 -3.60361
2.19578 -4.93383
2.73553 -4.25047
2.12133 -4.44687
3.0131 -2.52979
1.76004 -4.15443
2.00192 0.720537
3.31377 -0.16585
1.18466 -1.26589
2.46544 -2.2008
1.90583 -2.07347
2.30579 -0.0454952
2.69538 -2.9007
2.54481 -5.01093
2.24903 -4.30145
3.09208 -2.58826
1.62824 -3.5693
2.30759 2.09238
1.59807 -5.42038
2.71956 -3.55428
2.18299 -4.93572
2.75364 -4.20712
2.10011 -4.4199
2.90181 -2.82476
1.90698 -4.61829
2.55007 -3.41587
2.96734 -3.81483
1.73842 -3.60696
2.26211 1.9221
1.85603 -5.71142
2.5359 -3.89955
2.59616 -4.79738
2.23528 -4.38195
3.07397 -2.81277
1.65343 -3.59636
2.29035 2.06979
1.6411 -5.48697
2.70199 -3.62128
2.20921 -4.94262
2.71079 -4.29875
2.15031 -4.48646
3.07277 -2.52825
1.66845 -3.75836
2.2234 2.02486
1.75727 -5.65213
2.5934 -3.81308
2.44349 -4.95167
2.40344 -4.48126
2.60034 -4.65227
2.25648 -4.49022
2.96178 -3.61043
1.80508 -3.86953
2.14096 1.44816
2.72527 -5.27127
1.60325 -2.75105
2.49153 0.633534
3.09194 -3.66169
1.43938 -2.32624
2.4742 -0.366967
2.89227 -2.50148
1.90822 -4.78682
2.95188 -2.79739
1.8482 -4.38973
1.78578 -1.50127
2.19981 -1.09228
2.01247 -1.07448
2.07647 -1.26946
2.0905 -0.850373
2.03402 -1.56398
2.16438 -0.494731
2.07442 -2.32581
2.26576 0.492883
3.24079 -0.403909
1.27472 -2.3286
2.52705 -0.437119
3.09014 -1.65643
1.59895 -3.84387
2.20056 2.10765
1.66941 -5.57539
2.63563 -3.72249
2.35158 -4.99003
2.50429 -4.48789
2.40085 -4.74225
2.49777 -4.62714
2.38587 -4.66309
2.54778 -4.63879
2.32236 -4.59377
2.71655 -4.42501
2.12698 -4.37183
2.91861 -2.77169
1.88395 -4.56048
2.21411 -3.31434
1.94401 -0.0875543
2.66146 -2.79232
2.84083 -4.39829
1.86762 -3.81857
2.12888 1.28417
2.9866 -4.43742
1.44072 -2.07201
2.41026 -0.811523
2.06173 -2.59046
2.279 0.778944
3.29678 -1.40585
1.25679 -1.5266
2.38459 -1.82399
1.92951 -0.857844
2.0974 -1.84924
2.19632 -0.0515626
2.53488 -3.02112
3.14881 -1.90554
1.52144 -3.32416
2.43321 1.86651
1.66866 -5.42718
2.76635 -3.53884
2.10077 -4.80509
2.96578 -3.44815
1.82197 -3.97518
2.0793 1.09006
3.22476 -2.91714
1.31352 -1.40565
2.36338 -1.98422
1.95663 -0.577647
2.15043 -2.36925
2.21136 0.508646
3.23254 -0.348957
1.28005 -2.41047
2.54322 -0.263964
3.21611 -1.0039
1.35917 -2.72149
2.56451 0.459925
2.97759 -4.22766
1.54389 -2.76013
2.51102 0.607675
3.0504 -3.89728
1.47341 -2.47153
2.49557 -0.0576815
3.21107 -0.918838
1.36093 -2.77336
2.56685 0.590214
2.82494 -4.79738
1.67701 -3.16661
2.42717 1.51795
2.11293 -5.72895
2.37804 -4.03365
3.05797 -3.12912
1.65414 -3.50262
2.32764 2.00786
1.67076 -5.49906
2.71092 -3.63312
2.18864 -4.91469
2.75748 -4.2078
2.09455 -4.40639
2.84499 -2.96321
1.9908 -4.81002
3.02974 -2.80547
1.74206 -3.9423
2.13578 1.52761
2.59582 -5.52434
1.69978 -3.0546
2.43928 1.3151
2.37097 -5.64595
2.08978 -3.88795
1.83154 -0.760697
2.17721 -2.27507
2.1859 0.392916
3.16077 -0.861306
1.42919 -3.26636
2.47474 1.81156
1.64832 -5.37194
2.79068 -3.46429
2.06734 -4.7639
3.0236 -3.03997
1.74348 -3.85641
2.16967 1.70163
2.27983 -5.8225
2.02068 -3.72373
2.03401 0.615004
3.27616 0.079285
1.19426 -1.69356
2.42249 -1.57885
1.90357 -1.46663
2.17153 -0.882049
2.00581 -1.45566
2.14829 -0.691443
2.02251 -1.86212
2.22964 -0.124645
2.44229 -3.05266
2.36378 -3.31239
2.03538 -2.83966
2.28137 1.02988
3.15371 -3.38263
1.36918 -1.85708
2.38048 -1.22687
1.92778 -1.51455
2.1777 -0.762087
2.00554 -1.70826
2.20356 -0.350544
2.16333 -2.69644
2.1841 0.698248
3.29551 -0.407791
1.21398 -1.59771
2.40597 -1.72629
1.90861 -1.14616
2.11366 -1.3694
2.0972 -0.661513
2.04611 -1.959
2.23794 0.029823
2.70779 -2.8514
2.50107 -5.06372
2.29858 -4.32956
3.00792 -3.39471
1.73439 -3.7099
2.22583 1.89904
1.92571 -5.77354
2.44401 -3.94732
2.92632 -3.91559
1.81865 -3.81935
2.15542 1.49484
2.6374 -5.44446
1.67463 -2.98858
2.45835 1.17724
2.51095 -5.50014
1.94299 -3.69747
2.12812 1.15693
3.14713 -3.53929
1.35818 -1.66432
2.35007 -1.54276
1.95643 -0.852374
2.08563 -1.79853
2.19297 -0.124433
2.42055 -3.03009
2.08861 -2.95286
2.22217 0.999131
3.23498 -2.67106
1.31417 -1.56804
2.35938 -1.72892
1.95679 -0.722884
2.10287 -2.06239
2.22441 0.203993
2.97671 -2.04287
1.76049 -4.47532
1.7783 -1.47188
2.19538 -1.15289
2.02291 -0.969723
2.06261 -1.43713
2.12877 -0.625368
2.0414 -2.01878
2.24959 0.0985152
2.83971 -2.55623
2.02209 -5.01079
2.91068 -3.61256
1.90899 -4.1796
1.8404 -0.454234
2.36026 -2.77458
1.87194 -0.900397
2.12147 -1.90439
2.19235 0.0295447
2.66954 -2.89233
2.71356 -4.72994
2.03707 -4.08826
1.80027 -1.34676
2.16848 -1.29607
2.05957 -0.740421
2.05038 -1.83228
2.21378 -0.123262
2.43251 -3.04335
2.22892 -3.20059
1.96641 0.00031703
2.76464 -2.62106
2.29709 -5.19096
2.5174 -4.35759
2.41059 -4.80035
2.47052 -4.59898
2.42883 -4.69754
2.46803 -4.6531
2.42167 -4.66778
2.48654 -4.66543
2.39488 -4.64759
2.53784 -4.65203
2.33292 -4.59862
2.68902 -4.47837
2.16001 -4.41169
3.05816 -2.43561
1.69263 -3.90111
2.16608 1.78305
2.15135 -5.85603
2.1584 -3.86934
1.82407 -1.76867
2.25465 -0.627884
2.0153 -2.12677
2.27692 0.201852
3.02813 -1.81833
1.68308 -4.21961
1.99932 0.775871
3.32551 -0.452479
1.19427 -1.15803
2.50813 -2.31149
2.19289 -3.10087
2.06449 0.460991
3.20737 -0.312642
1.30811 -2.67877
2.57623 0.362184
3.0166 -4.02927
1.51621 -2.67387
2.5131 0.399052
3.20469 -2.68998
1.36015 -2.0567
2.43096 -0.906605
2.05834 -2.60483
2.28102 0.794719
3.29352 -1.53602
1.26265 -1.52759
2.38182 -1.82009
1.93269 -0.834671
2.09804 -1.88791
2.20235 -0.00437001
2.61701 -2.96139
2.98791 -3.77536
1.69238 -3.46605
2.32934 1.93042
1.76091 -5.59428
2.65724 -3.76547
2.27923 -4.95443
2.60579 -4.45123
2.26873 -4.63028
2.81062 -4.17371
2.0124 -4.22872
1.84726 -2.15091
2.33614 -0.0455442
2.77536 -2.75876
2.20359 -5.14673
2.63392 -4.30596
2.24388 -4.6756
2.8272 -4.10669
1.99412 -4.21128
1.80631 -1.7222
2.24636 -0.730006
1.99136 -1.86524
2.24037 -0.170231
2.38491 -3.03964
1.88938 -2.15495
2.32561 0.0379549
2.8832 -2.45631
1.92428 -4.84762
3.0062 -2.75851
1.77879 -4.11173
2.02079 0.81014
3.32696 -0.655685
1.20376 -1.15629
2.5033 -2.31708
2.14903 -3.02492
2.14515 0.773896
3.31098 -0.618581
1.21314 -1.40135
2.41579 -2.02366
1.89175 -1.1355
2.11711 -1.42698
2.10729 -0.577309
2.0625 -2.1428
2.2564 0.272012
3.08713 -1.45905
1.58283 -3.87322
2.19081 2.1093
1.67324 -5.58545
2.62723 -3.73309
2.37284 -4.98765
2.47964 -4.4893
2.44117 -4.74897
2.44027 -4.62199
2.46983 -4.68923
2.41297 -4.64446
2.50774 -4.66937
2.36757 -4.62433
2.59973 -4.60485
2.26297 -4.52807
2.91332 -3.83131
1.87168 -3.99222
2.02875 0.758824
3.31856 -0.355419
1.19313 -1.24553
2.46829 -2.22602
1.91547 -2.15942
2.31861 0.0906638
2.94682 -2.21952
1.812 -4.59622
2.05711 -3.05583
2.231 1.11194
3.12475 -3.6272
1.38043 -1.86373
2.37813 -1.20645
1.92921 -1.52938
2.18077 -0.738263
2.00657 -1.76195
2.21463 -0.278776
2.23387 -2.85839
2.06672 0.357497
3.13961 -0.924544
1.46304 -3.4535
2.39119 2.14855
1.45141 -5.12981
2.54965 -3.55719
2.83827 -4.31126
1.91165 -3.9489
2.01886 0.664099
3.29492 0.0210123
1.18442 -1.4653
2.42255 -1.9322
1.8908 -1.24408
2.13159 -1.24913
2.06719 -0.825508
2.04249 -1.64405
2.17888 -0.375556
2.14304 -2.61582
2.21135 0.707984
3.29868 -0.553299
1.22005 -1.57843
2.40242 -1.75495
1.91129 -1.08621
2.10668 -1.46627
2.11935 -0.53253
2.07305 -2.23999
2.26038 0.394008
3.18866 -0.719068
1.37627 -2.98074
2.55476 1.12721
2.20224 -5.65659
2.35671 -4.07896
3.07242 -2.98873
1.63831 -3.48284
2.34007 2.00734
1.65577 -5.47316
2.72379 -3.60079
2.16797 -4.8989
2.79946 -4.10164
2.04284 -4.33247
2.24241 -3.31605
1.89254 -0.444151
2.30039 -2.72991
1.98312 -0.0949976
2.59318 -2.88454
3.13418 -2.71481
1.51801 -3.04206
2.50684 1.24981
2.22952 -5.67814
2.29596 -4.05051
3.07999 -2.26562
1.65288 -3.80125
2.20999 2.0272
1.76463 -5.66642
2.57873 -3.82655
2.48657 -4.92396
2.35642 -4.45987
2.73462 -4.42453
2.09754 -4.3124
2.56297 -3.37106
2.94296 -3.93621
1.76698 -3.66346
2.23244 1.84315
1.99978 -5.8026
2.37205 -3.96803
3.10611 -2.66067
1.59204 -3.39342
2.38827 1.93608
1.6677 -5.45622
2.74437 -3.57783
2.1335 -4.85247
2.88542 -3.8224
1.93088 -4.15789
1.8349 -0.52765
2.30364 -2.68474
1.98697 -0.0932469
2.59062 -2.88849
3.13956 -2.64985
1.51194 -3.03153
2.51023 1.22496
2.25044 -5.67059
2.27399 -4.04418
3.00446 -2.46326
1.76629 -4.2241
1.93788 0.343317
3.18503 -0.360955
1.3414 -2.92051
2.56959 0.983739
2.3186 -5.60938
2.23216 -4.04554
2.73946 -3.13748
2.22541 -5.0836
2.63006 -4.35038
2.24597 -4.65272
2.84171 -4.06669
1.97394 -4.17718
1.797 -1.16185
2.14871 -1.60933
2.12783 -0.31673
2.20175 -2.72741
2.1359 0.563457
3.24865 -0.146623
1.24145 -2.14392
2.49445 -0.802372
2.47833 -3.18434
3.01476 -2.31434
1.74347 -4.20655
1.97115 0.557858
3.26747 0.212701
1.18967 -1.73946
2.43022 -1.50594
1.90758 -1.63924
2.20987 -0.631049
2.0177 -2.03365
2.26185 0.0866033
2.83691 -2.56967
2.02865 -5.01735
2.90008 -3.65965
1.92309 -4.2019
1.81372 -0.750774
2.19546 -2.33471
2.16947 0.408066
3.16891 -0.777205
1.40936 -3.17927
2.50672 1.62004
1.77749 -5.49882
2.74276 -3.68287
2.12976 -4.79619
2.9338 -3.62913
1.8635 -4.03765
2.00399 0.633728
3.28748 0.102709
1.18351 -1.53077
2.41946 -1.83413
1.89638 -1.23955
2.1296 -1.24358
2.06697 -0.83539
2.04246 -1.62435
2.17474 -0.401453
2.12513 -2.55316
2.23074 0.693417
3.29672 -0.583036
1.22361 -1.61165
2.40228 -1.70205
1.91179 -1.1253
2.1104 -1.39748
2.10405 -0.624551
2.05106 -2.03654
2.24795 0.131627
2.89141 -2.39276
1.90785 -4.82962
2.98501 -2.757
1.80697 -4.23264
1.89468 0.0416361
2.93094 -2.07115
1.82513 -4.71834
2.55461 -3.42993
2.93241 -3.97449
1.78329 -3.70183
2.21322 1.77362
2.12498 -5.83473
2.22143 -3.926
2.23367 -3.26855
1.92878 -0.202694
2.51802 -2.8971
2.99818 -2.34698
1.76447 -4.29086
1.87807 -0.0361744
2.84596 -2.36594
2.02104 -5.05657
2.88283 -3.71011
1.94758 -4.25233
1.79276 -1.43881
2.18616 -1.17065
2.03002 -0.93712
2.05814 -1.48518
2.14029 -0.565168
2.05395 -2.15574
2.26238 0.280284
3.10059 -1.37475
1.55865 -3.78068
2.22839 2.23549
1.50649 -5.34232
2.6559 -3.56281
2.35431 -5.0265
2.49313 -4.46578
2.42434 -4.75784
2.46097 -4.62135
2.43817 -4.68847
2.45659 -4.65728
2.43691 -4.67015
2.46268 -4.66671
2.42653 -4.6623
2.48047 -4.66911
2.40223 -4.64996
2.52414 -4.65922
2.34869 -4.61194
2.64576 -4.5475
2.21071 -4.47098
3.05401 -2.97487
1.68372 -3.6601
2.25769 2.02802
1.72317 -5.59918
2.63994 -3.75476
2.32698 -4.97788
2.53697 -4.48708
2.35298 -4.71412


