-0.923541 1.91665
-0.97278 -4.58549
-1.26512 2.16355
-0.750403 -4.68696
-1.72178 2.19194
-0.392123 -4.73559
-1.78979 -1.42313
-0.613331 -1.29344
-1.44906 -1.65925
-1.388 -0.635444
-1.43368 -1.17115
-1.44871 -0.798309
-1.4041 -1.12613
-1.47897 -0.736894
-1.34348 -1.24941
-1.51836 -0.471203
-1.13389 -1.51577
-1.578 0.253451
0.218136 -1.07606
-0.327936 -3.32976
-1.7609 -1.25467
-0.701886 -1.35101
-1.74361 -0.768126
-0.59476 -1.39585
-1.52355 -1.55627
-1.31754 -0.911038
-1.55022 -0.694903
-1.19187 -1.41343
-1.57327 0.0523097
-0.247791 -1.33842
0.80646 -2.19329
-0.779328 -2.95207
-1.4884 1.59006
0.261044 -4.05417
0.162168 -1.91747
0.214355 -2.9696
0.428626 -2.408
-0.00246437 -2.72211
0.672807 -1.97011
-0.588304 -2.9632
-1.75049 1.38322
0.627209 -3.73284
-0.358158 -2.31847
-1.41252 -1.82249
-1.39221 -0.465868
-1.34161 -1.38651
-1.50347 -0.386629
-1.09556 -1.55541
-1.5862 0.359116
0.476007 -0.990555
-0.818905 -3.39046
-1.38899 1.73008
-0.0446456 -4.27982
-0.0503844 -1.7435
0.585001 -2.71661
-0.156867 -2.57372
0.287193 -1.43158
-0.228389 -3.17435
-0.977476 -2.0331
-1.52957 0.854145
1.0733 -1.99361
-1.53141 -3.07431
-1.09596 -0.474934
-1.45602 -1.41361
-1.41 -0.746694
-1.44154 -1.08767
-1.44138 -0.87595
-1.42726 -1.03871
-1.45628 -0.868403
-1.40673 -1.08358
-1.47739 -0.774964
-1.35671 -1.21355
-1.5125 -0.534395
-1.1899 -1.46854
-1.56387 0.092406
-0.186602 -1.30542
0.680315 -2.66535
-0.350042 -2.64013
-1.63868 -1.50196
-1.11081 -1.22709
-1.64197 0.0393083
-0.0595883 -1.20289
0.283778 -3.18689
0.35388 -2.32335
0.0740896 -2.77936
0.606505 -2.25238
-0.338761 -2.79436
-1.66436 -1.46112
-1.04606 -1.28166
-1.66462 0.164511
0.263482 -1.02682
-0.43182 -3.34598
-1.92046 0.290623
1.11702 -1.47221
-1.84043 -3.0135
-0.598605 -0.94638
-0.387112 -1.64012
-0.340749 -1.66033
0.110151 -1.41124
0.0523078 -3.1984
0.59301 -1.9197
-0.461903 -2.95232
-1.89316 0.408956
1.1287 -1.59642
-1.81194 -3.0007
-0.667614 -0.953324
-1.00972 -1.86892
-1.55308 0.711279
1.01958 -1.48695
-1.62753 -3.18569
-0.991008 -0.654138
-1.55911 -1.24639
-1.27532 -1.13305
-1.57153 -0.370525
-0.911541 -1.56775
-1.68447 0.538715
0.944991 -1.19759
-1.63069 -3.28324
-0.979266 -0.611786
-1.50079 -1.39626
-1.3602 -0.898337
-1.51512 -0.809631
-1.30208 -1.27089
-1.54154 -0.33546
-0.95551 -1.58136
-1.65357 0.55516
0.925778 -1.18354
-1.5994 -3.30442
-1.00827 -0.532491
-1.43832 -1.49535
-1.41838 -0.655401
-1.40423 -1.20432
-1.47528 -0.686279
-1.33269 -1.28595
-1.52144 -0.415741
-1.08204 -1.5487
-1.59379 0.379823
0.534547 -0.982377
-0.935022 -3.41287
-1.27062 1.46123
0.182425 -4.02406
0.262327 -1.85278
0.020193 -3.00626
0.629762 -1.89474
-0.542171 -2.97938
-1.8133 1.14606
0.870956 -3.30811
-0.866301 -2.69278
-1.4494 1.34065
0.590643 -3.62688
-0.210228 -2.26919
0.211587 -1.42054
-0.116316 -3.19288
0.123134 -1.52926
0.0938789 -3.14678
0.577637 -2.0797
-0.360047 -2.86945
-1.78099 -1.08289
-0.570166 -1.33346
-1.27882 -1.83011
-1.45881 -0.017531
-0.646932 -1.57961
-1.78693 -0.537732
-0.217864 -1.21452
0.701914 -2.6421
-0.40076 -2.66549
-1.8283 -0.765675
-0.181873 -1.15863
0.57269 -2.90603
-0.100305 -2.48656
0.63647 -1.6037
-0.715654 -3.13268
-1.54818 1.72174
0.119866 -4.22136
0.147767 -1.79107
0.182181 -3.02775
0.477462 -2.33606
-0.0979976 -2.74588
0.503479 -1.49691
-0.535109 -3.13978
-1.81787 1.21118
0.79975 -3.46826
-0.710887 -2.58198
-1.63509 1.39135
0.621802 -3.67627
-0.311132 -2.30776
-0.965275 -1.97252
-1.55166 0.844921
1.07713 -1.95962
-1.55292 -3.07515
-1.0781 -0.530788
-1.50459 -1.32213
-1.35937 -0.94161
-1.5183 -0.763898
-1.28312 -1.31049
-1.54684 -0.255457
-0.847393 -1.58611
-1.72397 0.495259
0.952974 -1.18613
-1.65399 -3.2739
-0.953695 -0.663321
-1.52674 -1.35513
-1.32675 -0.995035
-1.54501 -0.628593
-1.17257 -1.44673
-1.57536 0.120482
-0.0942585 -1.24662
0.401633 -3.08488
0.187962 -2.3933
0.348405 -2.72598
0.199312 -2.5847
0.382485 -2.62403
0.126802 -2.63029
0.510366 -2.4961
-0.0944072 -2.66874
0.56134 -1.53409
-0.615308 -3.1372
-1.69915 1.59321
0.3572 -4.06
0.01298 -2.004
0.553149 -2.68119
-0.110995 -2.58406
0.54626 -1.50303
-0.60667 -3.14815
-1.71199 1.5721
0.386051 -4.03391
-0.0188025 -2.03245
0.629281 -2.5366
-0.283086 -2.66957
-1.15556 -1.99393
-1.4653 0.404122
0.440778 -1.03353
-0.724623 -3.35887
-1.5194 1.83015
-0.0519866 -4.3545
-0.130564 -1.78726
0.755367 -2.23463
-0.6451 -2.89026
-1.67536 1.51356
0.462709 -3.92112
-0.0886065 -2.11153
0.743309 -2.05992
-0.692995 -2.96469
-1.59841 1.626
0.28419 -4.08625
0.107985 -1.93534
0.324481 -2.92115
0.271006 -2.48206
0.244389 -2.71102
0.342791 -2.58003
0.169804 -2.65904
0.446266 -2.54803
0.0160952 -2.65314
0.666848 -2.11387
-0.509693 -2.88804
-1.85528 0.820913
1.09592 -2.55407
-1.46618 -2.94385
-1.16173 -0.344019
-1.32859 -1.56712
-1.48398 -0.264219
-1.00485 -1.6064
-1.61921 0.540293
0.864929 -1.11757
-1.51472 -3.36187
-1.0633 -0.292825
-1.09783 -1.753
-1.54069 0.467928
0.647895 -1.01109
-1.13838 -3.43058
-1.16288 0.858574
0.870746 -2.8832
-0.79293 -2.76413
-1.50539 1.48479
0.428533 -3.87545
0.00875421 -2.07957
0.588815 -2.59755
-0.193026 -2.62858
-0.103718 -1.58618
0.633861 -2.67756
-0.255011 -2.60844
-0.782274 -1.9455
-1.69806 0.879848
1.09628 -2.25961
-1.51339 -3.00596
-1.12002 -0.45477
-1.44724 -1.41481
-1.41863 -0.717334
-1.42351 -1.13771
-1.45999 -0.78813
-1.38606 -1.162
-1.49331 -0.657742
-1.29079 -1.34457
-1.53804 -0.256005
-0.871061 -1.59161
-1.70656 0.538305
0.973718 -1.23869
-1.6658 -3.24797
-0.940723 -0.698611
-1.54845 -1.31125
-1.29388 -1.07636
-1.56457 -0.468363
-1.01978 -1.54305
-1.62576 0.468078
0.758421 -1.0235
-1.35745 -3.42764
-1.11252 0.186284
0.304089 -1.15666
-0.414955 -3.28738
-1.91808 0.0451349
0.964861 -1.05343
-1.75678 -3.24959
-0.804415 -0.828245
-1.42716 -1.60689
-1.41376 -0.578289
-1.37842 -1.28291
-1.49026 -0.558721
-1.24817 -1.42141
-1.54699 -0.0894879
-0.594989 -1.52609
-1.674 -1.19433
-0.998093 -1.36943
-1.67384 0.295606
0.54502 -0.952668
-0.977324 -3.43091
-1.23724 1.3492
0.296903 -3.89411
0.210871 -1.97813
0.156955 -2.95251
0.506347 -2.3438
-0.138893 -2.73944
0.269618 -1.45008
-0.191284 -3.17027
-0.573756 -1.88839
-1.82223 -0.360406
0.140929 -1.00712
-0.244759 -3.36655
-1.20382 -2.03537
-1.44155 0.270708
0.0629324 -1.19392
0.0116565 -3.28716
0.558511 -1.73876
-0.493998 -3.03225
-1.8685 0.808716
1.09635 -2.57173
-1.46605 -2.93935
-1.16258 -0.345319
-1.33093 -1.56399
-1.48325 -0.273025
-1.01709 -1.60344
-1.61333 0.522944
0.831565 -1.08501
-1.46689 -3.3871
-1.08352 -0.149968
-0.764827 -1.72562
-1.75775 0.518828
1.02388 -1.3211
-1.72351 -3.17823
-0.858442 -0.822536
-1.5563 -1.34534
-1.28004 -1.08452
-1.57252 -0.426754
-0.962646 -1.55672
-1.65487 0.526212
0.889864 -1.13002
-1.55851 -3.34145
-1.03748 -0.415723
-1.29964 -1.65217
-1.48351 -0.139741
-0.828097 -1.61635
-1.73162 0.50569
0.975384 -1.22422
-1.67759 -3.24552
-0.92555 -0.720816
-1.55172 -1.31322
-1.28835 -1.08471
-1.56748 -0.446873
-0.994143 -1.55089
-1.63794 0.500708
0.82958 -1.07156
-1.47193 -3.39053
-1.08063 -0.162108
-0.792811 -1.7347
-1.73476 0.613027
1.06598 -1.49488
-1.72401 -3.11724
-0.856918 -0.85014
-1.5842 -1.27415
-1.22827 -1.18575
-1.59132 -0.211615
-0.65882 -1.52805
-1.77853 -0.586877
-0.302483 -1.26199
0.826622 -1.91496
-0.952414 -3.09309
-1.30847 1.28089
0.512697 -3.66973
-0.0566243 -2.18425
0.720655 -2.17386
-0.594066 -2.89276
-1.74804 1.3544
0.663827 -3.67296
-0.421222 -2.3708
-1.76899 -1.01883
-0.600808 -1.357
-1.49262 -1.60356
-1.35106 -0.797251
-1.51197 -0.900946
-1.32748 -1.19956
-1.5337 -0.457853
-1.08868 -1.53389
-1.59399 0.357
0.485938 -0.98656
-0.840153 -3.39548
-1.36372 1.68948
-0.0184617 -4.24562
0.0350295 -1.71921
0.374846 -2.96392
0.209479 -2.45825
0.332367 -2.70363
0.216142 -2.59763
0.359197 -2.62888
0.160267 -2.63223
0.456121 -2.55189
0.00305443 -2.64947
0.676389 -2.05357
-0.555819 -2.92336
-1.79834 1.18602
0.837792 -3.37393
-0.787428 -2.64196
-1.53504 1.42821
0.53069 -3.75756
-0.136205 -2.19081
0.690836 -1.64359
-0.801532 -3.14071
-1.43584 1.64577
0.128903 -4.15552
0.200026 -1.79229
0.0917525 -3.03734
0.586923 -2.13858
-0.350651 -2.84335
-1.73831 -1.24696
-0.788514 -1.37025
-1.77505 -0.140821
0.185204 -1.01398
-0.313611 -3.35885
-1.69968 -1.45054
-0.944142 -1.32219
-1.71107 0.205818
0.490757 -0.942389
-0.881487 -3.4195
-1.31756 1.60528
0.0403946 -4.17348
0.171337 -1.71691
0.104349 -3.06911
0.572987 -2.15483
-0.319737 -2.83233
-1.57711 -1.65302
-1.22772 -1.03737
-1.60517 -0.362961
-0.801933 -1.54743
-1.76005 0.312966
0.80145 -0.987139
-1.4723 -3.42026
-1.07516 -0.147398
-0.729818 -1.7158
-1.78345 0.362637
0.917425 -1.09029
-1.64031 -3.31621
-0.966238 -0.614267
-1.48526 -1.43509
-1.37623 -0.83326
-1.49367 -0.917074
-1.35991 -1.14227
-1.51526 -0.593696
-1.21852 -1.42974
-1.55876 -0.00449455
-0.403917 -1.43153
0.0545149 -1.42064
0.166485 -3.1712
0.500904 -2.22543
-0.174555 -2.7943
-0.0956771 -1.59359
0.618613 -2.70442
-0.22024 -2.59005
-0.354221 -1.72821
-0.202224 -1.58321
0.796551 -2.0591
-0.813402 -3.00562
-1.44182 1.56624
0.251304 -4.04085
0.183212 -1.91088
0.174424 -2.97977
0.484549 -2.35464
-0.102018 -2.73644
0.491192 -1.48733
-0.519755 -3.14207
-1.83806 1.10205
0.89888 -3.2579
-0.937354 -2.73283
-1.38887 1.19807
0.732195 -3.3513
-0.470017 -2.48332
-1.86939 -0.152621
0.600263 -0.855295
-1.16034 -3.48887
-1.14533 0.817783
0.890088 -2.80809
-0.849812 -2.80708
-1.44076 1.41776
0.469776 -3.79153
-0.0255156 -2.12678
0.667662 -2.40666
-0.397369 -2.748
-1.84261 -0.690436
-0.0533787 -1.08466
0.185511 -3.2755
0.475794 -2.19147
-0.149703 -2.8121
0.120532 -1.49537
0.0801843 -3.16195
0.586238 -2.03049
-0.397195 -2.8956
-1.87049 -0.502721
0.250395 -0.924796
-0.477274 -3.3907
-1.89278 0.832743
1.07098 -2.73706
-1.38763 -2.91629
-1.20477 -0.114967
-0.924484 -1.72518
-1.63917 0.710875
1.05811 -1.57211
-1.67039 -3.13075
-0.940372 -0.76324
-1.60882 -1.1322
-1.1652 -1.29692
-1.60548 0.0214538
-0.215192 -1.30779
0.744997 -2.49
-0.534676 -2.76588
-1.83434 0.894597
1.06538 -2.69111
-1.37103 -2.93017
-1.20815 -0.0585665
-0.783012 -1.69965
-1.74882 0.530557
1.02185 -1.32327
-1.71817 -3.18157
-0.867175 -0.814004
-1.56242 -1.32471
-1.26971 -1.10948
-1.57674 -0.378347
-0.904556 -1.56487
-1.68967 0.5314
0.943548 -1.19171
-1.63124 -3.28501
-0.978521 -0.612029
-1.50009 -1.39818
-1.36097 -0.895335
-1.51422 -0.814635
-1.30499 -1.26533
-1.54053 -0.347542
-0.970887 -1.57866
-1.64496 0.544775
0.902026 -1.15209
-1.56968 -3.32904
-1.03062 -0.449645
-1.34668 -1.60824
-1.46755 -0.308046
-1.08783 -1.58555
-1.583 0.394454
0.547197 -0.985725
-0.956937 -3.4152
-1.25365 1.40073
0.246107 -3.95409
0.242241 -1.92394
0.0830641 -2.9778
0.597753 -2.14906
-0.365255 -2.84132
-1.78913 -1.03909
-0.51744 -1.31616
-0.799396 -1.86475
-1.70145 0.806912
1.10779 -2.01583
-1.60972 -3.02966
-1.02592 -0.687448
-1.6072 -1.0529
-1.15827 -1.32656
-1.60363 0.0608859
-0.141382 -1.26493
0.53863 -2.92618
-0.0391518 -2.47063
0.706157 -1.97767
-0.652672 -2.97975
-1.65469 1.58714
0.358504 -4.03467
0.0302756 -2.00487
0.516323 -2.73131
-0.0399909 -2.55903
0.694862 -1.89447
-0.670984 -3.01466
-1.62434 1.63529
0.282395 -4.10169
0.0984878 -1.93343
0.342611 -2.9117
0.244846 -2.48752
0.285361 -2.70298
0.281775 -2.59653
0.260589 -2.6527
0.305611 -2.61843
0.232244 -2.64259
0.345363 -2.61271
0.175119 -2.64242
0.434321 -2.56497
0.0380166 -2.64758
0.644505 -2.21511
-0.423652 -2.82717
-1.88667 -0.21063
0.615215 -0.844466
-1.1986 -3.49507
-1.13408 0.70232
0.973814 -2.41325
-1.1423 -2.99487
-1.24988 0.682959
1.01609 -1.83489
-1.45259 -3.14696
-1.13327 -0.223251
-1.07718 -1.73586
-1.55335 0.505496
0.735358 -1.03979
-1.29769 -3.42601
-1.12658 0.365094
0.763236 -1.20946
-1.23642 -3.36746
-1.15147 0.52612
0.964263 -1.60178
-1.44246 -3.22101
-1.12451 -0.161321
-0.907124 -1.74649
-1.64577 0.737005
1.07483 -1.66717
-1.66452 -3.10356
-0.949946 -0.765238
-1.61839 -1.08841
-1.13621 -1.33178
-1.61276 0.107244
-0.0169384 -1.18876
0.174266 -3.24706
0.489823 -2.19236
-0.170565 -2.81026
-0.0712916 -1.58186
0.553378 -2.81491
-0.0823484 -2.52311
0.661725 -1.67647
-0.722993 -3.10776
-1.54033 1.70782
0.133837 -4.20441
0.157591 -1.80109
0.169177 -3.0262
0.494612 -2.31804
-0.130208 -2.75219
0.320609 -1.44715
-0.270995 -3.16193
-1.37719 -1.93079
-1.39559 -0.319414
-1.21091 -1.55007
-1.5396 0.0824943
-0.268636 -1.36198
0.819047 -1.97308
-0.906154 -3.06187
-1.34675 1.39117
0.399627 -3.83219
0.0841156 -2.06386
0.426483 -2.80505
0.109001 -2.5329
0.521102 -2.52501
-0.102228 -2.65492
0.539218 -1.50937
-0.590256 -3.14272
-1.73744 1.50851
0.468696 -3.94754
-0.120361 -2.11971
0.740119 -1.83104
-0.80009 -3.07566
-1.4462 1.61875
0.178989 -4.11407
0.203195 -1.83956
0.108421 -3.01613
0.569939 -2.19838
-0.296627 -2.81099
-1.39937 -1.88107
-1.39115 -0.406529
-1.29839 -1.45551
-1.51744 -0.218004
-0.871307 -1.60293
-1.70402 0.554499
0.986809 -1.2695
-1.67525 -3.231
-0.929251 -0.723949
-1.56013 -1.28894
-1.27389 -1.11782
-1.57365 -0.380755
-0.915832 -1.56561
-1.68214 0.53778
0.940836 -1.1917
-1.62565 -3.28808
-0.984173 -0.59869
-1.49141 -1.41258
-1.37072 -0.861967
-1.50235 -0.873319
-1.33856 -1.19549
-1.52671 -0.492878
-1.13124 -1.50962
-1.5804 0.255118
0.22737 -1.07112
-0.345833 -3.33067
-1.82361 -0.98603
-0.328384 -1.21998
0.820397 -1.79468
-1.00023 -3.14288
-1.2717 1.16324
0.633115 -3.47005
-0.252583 -2.33818
-0.343596 -1.70604
-0.0296118 -1.48322
0.393452 -3.02313
0.192254 -2.4259
0.351043 -2.71053
0.192036 -2.5923
0.395926 -2.6132
0.10527 -2.63278
0.545745 -2.44635
-0.166009 -2.69192
0.0905321 -1.49691
0.13797 -3.15122
0.534073 -2.18518
-0.242718 -2.81292
-0.874314 -1.98774
-1.6096 0.958101
1.06204 -2.41167
-1.38915 -2.99859
-1.18825 -0.0914114
-0.841437 -1.71888
-1.70048 0.676573
1.07552 -1.58861
-1.70106 -3.10338
-0.895119 -0.825157
-1.61402 -1.15374
-1.15521 -1.29833
-1.60983 0.0420561
-0.160407 -1.27396
0.594881 -2.83929
-0.150345 -2.52237
0.382965 -1.42432
-0.380152 -3.16481
-1.88174 -0.522867
0.292018 -0.900407
-0.562148 -3.40192
-1.7806 1.49835
0.472481 -3.96711
-0.143558 -2.1262
0.705493 -1.66505
-0.819449 -3.13805
-1.41595 1.61373
0.15364 -4.12275
0.21377 -1.81537
0.0798589 -3.02719
0.598509 -2.10811
-0.384192 -2.86139
-1.84241 -0.734786
-0.0862688 -1.10018
0.276085 -3.22214
0.365103 -2.29972
0.0499904 -2.78743
0.634226 -2.15932
-0.427377 -2.84966
-1.89085 -0.132141
0.712185 -0.861711
-1.38138 -3.48244
-1.09514 0.14393
0.223935 -1.19152
-0.266878 -3.28232
-1.37948 -1.93967
-1.39275 -0.3251
-1.22044 -1.54341
-1.53701 0.0529166
-0.340015 -1.40402
0.618706 -1.38563
-0.817014 -3.23802
-1.4062 1.66287
0.0712545 -4.19189
0.173272 -1.74443
0.114399 -3.05671
0.562653 -2.18861
-0.288308 -2.81438
-1.3325 -1.9327
-1.41732 -0.168227
-0.984393 -1.64537
-1.62144 0.595549
0.941429 -1.23003
-1.60375 -3.286
-1.00619 -0.551934
-1.46166 -1.45659
-1.40011 -0.74779
-1.45321 -1.06467
-1.42753 -0.926183
-1.4497 -0.958786
-1.42605 -0.99301
-1.45598 -0.899891
-1.41165 -1.05681
-1.47267 -0.809259
-1.37221 -1.17376
-1.50383 -0.607875
-1.24849 -1.40224
-1.55003 -0.101654
-0.608004 -1.52986
-1.7085 -1.0558
-0.855432 -1.41475
-1.74644 0.213328
0.61627 -0.924287
-1.13961 -3.46205
-1.15653 0.869339
0.849202 -2.94373
-0.732535 -2.72163
-1.58298 1.49517
0.461648 -3.87373
-0.0554095 -2.11113
0.710976 -2.26659
-0.536265 -2.84141
-1.82793 0.984155
1.00756 -2.9246
-1.20686 -2.87648
-1.26052 0.446045
0.686129 -1.11442
-1.14127 -3.39411
-1.16905 0.833228
0.905902 -2.76912
-0.897098 -2.83537
-1.39579 1.3295
0.552347 -3.65677
-0.135668 -2.22365
0.675569 -1.61478
-0.787285 -3.14714
-1.45194 1.67036
0.11021 -4.18063
0.184753 -1.77688
0.110215 -3.04324
0.567534 -2.18623
-0.297496 -2.81633
-1.41005 -1.87186
-1.38576 -0.445067
-1.33473 -1.40506
-1.5051 -0.355577
-1.06223 -1.57183
-1.5979 0.431294
0.647016 -0.99035
-1.15202 -3.43925
-1.15723 0.820186
0.903664 -2.76866
-0.8907 -2.83308
-1.40118 1.34322
0.538162 -3.67971
-0.114583 -2.20626
0.721967 -1.7684
-0.795274 -3.09552
-1.44904 1.63508
0.158184 -4.13513
0.201631 -1.81954
0.101793 -3.02513
0.577062 -2.17488
-0.318379 -2.8236
-1.5638 -1.67525
-1.24763 -0.993825
-1.59602 -0.45183
-0.916685 -1.54802
-1.68541 0.515853
0.919089 -1.15416
-1.60375 -3.31265
-1.00337 -0.537987
-1.4388 -1.49714
-1.41774 -0.656321
-1.40538 -1.20208
-1.47439 -0.691243
-1.3359 -1.27977
-1.5201 -0.429239
-1.09663 -1.54097
-1.58886 0.347069
0.45444 -0.993246
-0.777602 -3.38295
-1.4424 1.79448
-0.0746181 -4.33174
-0.176406 -1.79755
0.776532 -1.88148
-0.853998 -3.07526
-1.38969 1.5182
0.263767 -4.00242
0.192987 -1.92733
0.164953 -2.97394
0.497006 -2.34374
-0.124643 -2.74015
0.36622 -1.44733
-0.341007 -3.15582
-1.78527 -1.12584
-0.56491 -1.32417
-1.22238 -1.85991
-1.47278 0.167825
-0.186884 -1.33326
0.696448 -2.61837
-0.394707 -2.67152
-1.81685 -0.843306
-0.289139 -1.2164
0.824304 -2.13303
-0.84662 -2.99386
-1.40996 1.50002
0.314663 -3.95888
0.150834 -1.97528
0.260144 -2.93348
0.360721 -2.46018
0.10954 -2.71388
0.550731 -2.40066
-0.189327 -2.71352
-0.163644 -1.62537
0.7659 -2.27011
-0.65519 -2.88246
-1.66189 1.52875
0.440114 -3.94211
-0.0564525 -2.08714
0.708605 -2.28909
-0.522706 -2.82907
-1.8439 0.869208
1.07573 -2.65114
-1.40242 -2.93495
-1.19527 -0.154536
-1.00686 -1.72709
-1.58931 0.629786
0.956408 -1.27969
-1.60576 -3.26775
-1.00616 -0.565867
-1.47937 -1.42346
-1.384 -0.818829
-1.48391 -0.950882
-1.37908 -1.09243
-1.50209 -0.687047
-1.28659 -1.33701
-1.54132 -0.248505
-0.85291 -1.58943
-1.71952 0.50976
0.961851 -1.20573
-1.66059 -3.26291
-0.946398 -0.681445
-1.53726 -1.33507
-1.31146 -1.03441
-1.55503 -0.551996
-1.1047 -1.50072
-1.59387 0.3028
0.365967 -1.0136
-0.608808 -3.35481
-1.70481 1.68206
0.238568 -4.19014
0.0812002 -1.89682
0.36153 -2.91299
0.219372 -2.48605
0.324551 -2.6936
0.224568 -2.60326
0.347558 -2.63077
0.176862 -2.63307
0.429528 -2.57277
0.0470305 -2.64489
0.633327 -2.25342
-0.387345 -2.80375
-1.83596 -0.760607
-0.13813 -1.1307
0.433519 -3.08644
0.142766 -2.39131
0.426038 -2.67992
0.0806947 -2.59425
0.579077 -2.40736
-0.234346 -2.71432
-0.673985 -1.90775
-1.79814 0.461611
1.03569 -1.31755
-1.74956 -3.15838
-0.812815 -0.861031
-1.50354 -1.48268
-1.3501 -0.87376
-1.52192 -0.81144
-1.29002 -1.28435
-1.54661 -0.292199
-0.893445 -1.58593
-1.69252 0.551694
0.969656 -1.23998
-1.65666 -3.25319
-0.951784 -0.678946
-1.54163 -1.32083
-1.30488 -1.05296
-1.55871 -0.517842
-1.07243 -1.52001
-1.60456 0.37492
0.544064 -0.978327
-0.95636 -3.4179
-1.25369 1.40362
0.241814 -3.95839
0.244658 -1.9194
0.0772787 -2.97963
0.603284 -2.12926
-0.383551 -2.85262
-1.83919 -0.75488
-0.117175 -1.11773
0.368147 -3.15012
0.239825 -2.35899
0.25361 -2.76913
0.341525 -2.55126
0.16349 -2.67345
0.459186 -2.53046
-0.00769354 -2.65896
0.680664 -1.99122
-0.59382 -2.95711
-1.743 1.40197
0.605416 -3.76185
-0.319127 -2.28805
-1.01781 -1.97597
-1.52275 0.747514
1.03762 -1.59997
-1.61144 -3.15752
-1.01141 -0.632984
-1.55654 -1.23765
-1.27977 -1.12998
-1.56922 -0.384339
-0.931902 -1.56625
-1.67168 0.542086
0.932287 -1.18351
-1.61293 -3.29766
-0.996132 -0.566271
-1.46665 -1.45316
-1.39525 -0.765566
-1.46253 -1.03441
-1.41495 -0.974072
-1.467 -0.883981
-1.39437 -1.09841
-1.4886 -0.727499
-1.32465 -1.27762
-1.52738 -0.396917
-1.05144 -1.55995
-1.6058 0.43965
0.675678 -0.994952
-1.20716 -3.44124
-1.1428 0.650138
1.00113 -2.15325
-1.29044 -3.07642
-1.20075 0.243476
0.220245 -1.17062
-0.273504 -3.29127
-1.43459 -1.89245
-1.3649 -0.523141
-1.4078 -1.28123
-1.46669 -0.653011
-1.33393 -1.2995
-1.51909 -0.411263
-1.08344 -1.54984
-1.59289 0.37809
0.529255 -0.98293
-0.924466 -3.41091
-1.27946 1.48928
0.1544 -4.05445
0.261627 -1.82091
0.00672325 -3.01992
0.623833 -1.8291
-0.564867 -3.01013
-1.78091 1.30421
0.712997 -3.60913
-0.523819 -2.44589
-1.85992 0.363849
1.06412 -1.34088
-1.79522 -3.10856
-0.718566 -0.913338
-1.22896 -1.80889
-1.48105 0.132468
-0.265111 -1.37793
0.817631 -1.96754
-0.905489 -3.06339
-1.347 1.39342
0.396575 -3.83592
0.0875122 -2.06086
0.418391 -2.81287
0.122004 -2.53031
0.498218 -2.55405
-0.0584722 -2.64267
0.660447 -1.72503
-0.692714 -3.08191
-1.58601 1.69089
0.186808 -4.17806
0.145755 -1.84732
0.21234 -2.99831
0.434339 -2.38882
-0.0170056 -2.72964
0.672063 -1.88954
-0.627216 -3.00369
-1.69011 1.54579
0.420466 -3.98125
-0.0451228 -2.06684
0.687154 -2.37464
-0.447406 -2.77457
-1.88976 0.0322866
0.868078 -0.957825
-1.62717 -3.3716
-0.975173 -0.557204
-1.42027 -1.53978
-1.42829 -0.578403
-1.35884 -1.30647
-1.50198 -0.48387
-1.17778 -1.49279
-1.56426 0.137137
-0.0850343 -1.24474
0.376585 -3.10724
0.224759 -2.38209
0.28478 -2.75248
0.293635 -2.56961
0.236274 -2.66756
0.34512 -2.60067
0.172215 -2.64845
0.440237 -2.55768
0.0275101 -2.64981
0.65615 -2.16847
-0.465264 -2.85554
-1.8896 0.345275
1.09852 -1.43432
-1.81997 -3.04958
-0.655009 -0.938688
-0.86925 -1.85242
-1.64737 0.843186
1.09631 -2.03769
-1.5743 -3.04215
-1.06258 -0.598885
-1.55781 -1.19033
-1.27606 -1.15452
-1.56913 -0.353635
-0.900804 -1.57068
-1.6909 0.53668
0.951194 -1.20476
-1.63921 -3.27593
-0.970547 -0.633088
-1.51447 -1.37218
-1.34346 -0.950776
-1.53175 -0.714509
-1.23953 -1.37063
-1.55935 -0.0970181
-0.57438 -1.51262
-1.59391 -1.4284
-1.20907 -1.15279
-1.60483 -0.202053
-0.601475 -1.50213
-1.66992 -1.20251
-1.01147 -1.3633
-1.66785 0.283903
0.506973 -0.957617
-0.900767 -3.41672
-1.29949 1.55504
0.0875093 -4.12412
0.229626 -1.75083
0.0239787 -3.05422
0.62129 -1.88494
-0.531195 -2.98061
-1.82728 1.07178
0.934167 -3.15577
-1.01918 -2.78411
-1.33477 0.994081
0.925316 -2.81968
-0.951814 -2.84232
-1.35716 1.19665
0.699334 -3.39737
-0.395998 -2.43174
-1.71895 -1.23764
-0.857492 -1.37767
-1.7494 0.145147
0.51778 -0.922629
-0.947367 -3.43763
-1.25775 1.43834
0.196181 -4.00476
0.262952 -1.86929
0.0266773 -2.9991
0.630729 -1.9263
-0.528152 -2.96384
-1.83168 1.036
0.963195 -3.0747
-1.09207 -2.82236
-1.30014 0.78918
1.03025 -2.10818
-1.38207 -3.08184
-1.17452 -0.0390449
-0.666573 -1.66818
-1.80955 -0.129141
0.35968 -0.926479
-0.658097 -3.39618
-1.62394 1.81508
0.036038 -4.33662
0.0234215 -1.76873
0.426031 -2.90573
0.12896 -2.4828
0.475035 -2.5989
-0.0111382 -2.62434
0.684878 -2.00069
-0.597783 -2.95486
-1.73745 1.41619
0.588469 -3.78393
-0.289739 -2.26504
-0.649624 -1.86835
-1.81626 0.23167
0.851359 -0.994284
-1.56918 -3.38545
-1.02364 -0.417994
-1.27675 -1.67683
-1.48889 -0.0586466
-0.674219 -1.5782
-1.79885 -0.314
0.0757947 -1.05399
-0.101207 -3.35009
0.15029 -1.5379
0.0495551 -3.1474
0.60256 -1.93566
-0.471319 -2.94768
-1.88757 0.508458
1.14785 -1.81769
-1.76993 -2.96887
-0.761489 -0.950505
-1.48585 -1.53885
-1.36574 -0.796789
-1.49839 -0.933545
-1.35491 -1.14284
-1.51899 -0.578675
-1.20263 -1.4455
-1.56278 0.0461877
-0.289257 -1.36619
0.807254 -1.79268
-0.97097 -3.13635
-1.28921 1.24504
0.538242 -3.62463
-0.0921607 -2.21508
0.735646 -1.90968
-0.749249 -3.03348
-1.51379 1.65772
0.184709 -4.14279
0.176493 -1.84424
0.155944 -3.01035
0.511207 -2.3059
-0.160072 -2.7567
0.0800576 -1.50639
0.163965 -3.1411
0.50414 -2.23945
-0.174122 -2.78767
-0.0847151 -1.58727
0.589052 -2.75807
-0.155088 -2.55627
0.317616 -1.42697
-0.277559 -3.17086
-1.43314 -1.88259
-1.36758 -0.520672
-1.40359 -1.28786
-1.46973 -0.635944
-1.32203 -1.32084
-1.52376 -0.36255
-1.02708 -1.57317
-1.61508 0.485094
0.771805 -1.0364
-1.37607 -3.421
-1.10895 0.127869
0.113909 -1.24119
-0.0538628 -3.27318
0.423419 -1.54318
-0.376999 -3.1097
-1.87037 -0.606361
0.16131 -0.960817
-0.308331 -3.38286
-1.67507 -1.51737
-1.01803 -1.28038
-1.67895 0.173023
0.326395 -0.996996
-0.55384 -3.35909
-1.79201 1.4359
0.54748 -3.87403
-0.249059 -2.21551
-0.0882422 -1.54951
0.577383 -2.7882
-0.128525 -2.5398
0.49588 -1.46025
-0.543847 -3.15645
-1.80556 1.27822
0.731544 -3.59138
-0.568233 -2.47536
-1.82285 0.770601
1.12271 -2.27767
-1.57933 -2.9712
-1.06609 -0.641364
-1.58977 -1.07649
-1.20211 -1.28222
-1.59077 -0.0692442
-0.432485 -1.434
-0.256995 -1.59668
0.741764 -1.60651
-0.931659 -3.1875
-1.30642 1.3735
0.36959 -3.84766
0.126528 -2.03945
0.332676 -2.8778
0.252383 -2.50578
0.279142 -2.69532
0.288864 -2.59962
0.251184 -2.65174
0.319223 -2.61591
0.212412 -2.64348
0.375876 -2.59989
0.129414 -2.64342
0.508485 -2.49252
-0.0926293 -2.67051
0.566717 -1.54058
-0.621236 -3.13575
-1.69005 1.60944
0.334431 -4.08054
0.0354843 -1.98217
0.495998 -2.76368
-0.00138663 -2.54451
0.682347 -2.1183
-0.53862 -2.89476
-1.82207 1.05078
0.956096 -3.08808
-1.07248 -2.81454
-1.30802 0.846218
1.01639 -2.32105
-1.28221 -3.03097
-1.21205 0.253887
0.226075 -1.1656
-0.285821 -3.29243
-1.52549 -1.78568
-1.29004 -0.848228
-1.56583 -0.713673
-1.16378 -1.42512
-1.58325 0.125831
-0.061298 -1.22456
0.303004 -3.1681
0.327839 -2.3404
0.11685 -2.77702
0.547235 -2.37549
-0.192301 -2.72495
-0.20828 -1.65164
0.790372 -1.88414
-0.883991 -3.08334
-1.36122 1.45369
0.324544 -3.92438
0.156173 -1.98977
0.256579 -2.92883
0.36497 -2.4612
0.103928 -2.71246
0.559067 -2.38747
-0.207541 -2.7205
-0.372181 -1.74707
-0.456244 -1.73455
-1.27153 -1.87511
-1.45269 0.0180016
-0.579982 -1.55451
-1.65759 -1.25814
-1.05323 -1.3325
-1.65213 0.220733
0.338096 -1.00281
-0.569369 -3.35717
-1.76806 1.51975
0.448414 -3.99019
-0.109314 -2.09907
0.748679 -1.93454
-0.765027 -3.03013
-1.49427 1.64259
0.190123 -4.12765
0.183804 -1.84938
0.145675 -3.00936
0.524507 -2.28752
-0.187674 -2.76497
-0.202161 -1.65084
0.792574 -1.93403
-0.863757 -3.06133
-1.38276 1.4913
0.29544 -3.96608
0.173719 -1.95921
0.212121 -2.95293
0.429863 -2.41595
-0.00159835 -2.71816
0.673018 -1.9774
-0.58517 -2.95964
-1.75524 1.36684
0.646314 -3.70554
-0.392737 -2.34575
-1.64802 -1.43571
-1.08789 -1.26374
-1.64713 0.107977
0.0934626 -1.11512
-0.0944554 -3.3253
0.204253 -1.52343
-0.0492361 -3.15218
0.489198 -1.5652
-0.471372 -3.10352
-1.88941 0.637854
1.14641 -2.18026
-1.66124 -2.94845
-0.963333 -0.826295
-1.6633 -0.867586
-0.950795 -1.45348
-1.68412 0.404417
0.758633 -0.997845
-1.37635 -3.43453
-1.10615 0.133871
0.145987 -1.22546
-0.119106 -3.27893
0.057344 -1.56104
0.241169 -3.09441
0.403831 -2.35505
0.0147531 -2.75238
0.663386 -2.03221
-0.539955 -2.92674
-1.8187 1.08801
0.924344 -3.17612
-0.993455 -2.77132
-1.34934 1.06264
0.86451 -3.02066
-0.781506 -2.72437
-1.52532 1.47623
0.455457 -3.85207
-0.0299674 -2.10661
0.670641 -2.40682
-0.403221 -2.74962
-1.85299 -0.603432
0.0702195 -1.01684
-0.115033 -3.36535
0.047244 -1.57338
0.269581 -3.07704
0.364876 -2.38119
0.0782742 -2.75002
0.599398 -2.2868
-0.312884 -2.77584
-1.498 -1.76938
-1.32465 -0.765562
-1.52922 -0.887187
-1.29418 -1.2497
-1.54858 -0.327701
-0.928856 -1.5812
-1.67027 0.559364
0.950795 -1.21731
-1.63089 -3.27618
-0.979638 -0.615876
-1.50616 -1.38464
-1.35397 -0.919922
-1.52185 -0.772004
-1.27889 -1.31189
-1.54888 -0.242653
-0.825287 -1.58364
-1.7395 0.445325
0.923101 -1.12699
-1.6289 -3.30931
-0.978919 -0.594427
-1.47864 -1.44057
-1.38335 -0.809652
-1.48316 -0.959236
-1.38112 -1.08446
-1.50057 -0.699097
-1.29391 -1.32458
-1.53915 -0.277291
-0.894834 -1.59037
-1.69062 0.558467
0.974417 -1.25142
-1.6599 -3.24716
-0.948155 -0.688107
-1.54685 -1.31024
-1.29655 -1.07225
-1.56312 -0.478875
-1.03198 -1.53865
-1.62038 0.449523
0.717283 -1.00462
-1.28579 -3.43874
-1.12647 0.407415
0.844537 -1.30737
-1.34678 -3.3314
-1.13482 0.172269
0.176967 -1.20447
-0.183336 -3.28407
-0.545305 -1.8813
-1.79465 -0.682325
-0.296861 -1.24444
0.829055 -2.0033
-0.915533 -3.05533
-1.34075 1.36494
0.431128 -3.79127
0.0480683 -2.09552
0.512931 -2.70424
-0.0410537 -2.57171
0.69243 -1.87778
-0.674615 -3.02167
-1.61833 1.64342
0.268702 -4.11285
0.108405 -1.92088
0.317222 -2.93027
0.282324 -2.47653
0.226066 -2.71471
0.370761 -2.56795
0.127608 -2.66001
0.514305 -2.4778
-0.106199 -2.67703
0.508907 -1.48927
-0.548999 -3.14481
-1.79848 1.30309
0.706225 -3.63187
-0.517161 -2.43638
-1.86327 0.283293
1.01455 -1.20021
-1.77001 -3.18347
-0.776266 -0.868833
-1.40004 -1.65236
-1.42759 -0.471909
-1.29845 -1.41997
-1.52293 -0.236203
-0.882829 -1.60002
-1.69669 0.561951
0.98529 -1.27139
-1.67104 -3.23308
-0.934714 -0.715489
-1.55847 -1.28953
-1.27685 -1.11306
-1.57232 -0.392339
-0.931022 -1.5641
-1.67272 0.539467
0.930476 -1.17986
-1.61142 -3.29973
-0.997409 -0.56185
-1.46263 -1.45972
-1.3988 -0.749783
-1.45515 -1.05959
-1.42506 -0.935337
-1.45332 -0.944314
-1.42018 -1.01423
-1.46316 -0.866502
-1.39698 -1.10275
-1.48613 -0.73209
-1.33026 -1.26866
-1.52491 -0.419281
-1.07716 -1.54858
-1.59607 0.388462
0.556816 -0.981171
-0.978996 -3.42046
-1.23765 1.33948
0.312366 -3.8779
0.197737 -1.99334
0.185315 -2.94301
0.466223 -2.39227
-0.0619257 -2.7218
0.627708 -1.65781
-0.666851 -3.10027
-1.62261 1.67891
0.221215 -4.16346
0.124594 -1.87831
0.266396 -2.96899
0.357065 -2.44242
0.109075 -2.72309
0.552592 -2.39319
-0.19492 -2.71716
-0.227903 -1.66246
0.765774 -1.71176
-0.922445 -3.15006
-1.31938 1.38329
0.373616 -3.8493
0.11922 -2.04177
0.347713 -2.86871
0.230256 -2.51029
0.314307 -2.6854
0.236853 -2.6078
0.329935 -2.63446
0.202289 -2.63325
0.389273 -2.59798
0.11034 -2.64157
0.539013 -2.45246
-0.153183 -2.68873
0.204289 -1.45845
-0.0839476 -3.17868
0.334213 -1.49961
-0.263144 -3.13767
-1.3004 -1.97864
-1.42165 -0.0509947
-0.768726 -1.6304
-1.76953 0.356601
0.879749 -1.05226
-1.58823 -3.3563
-1.01217 -0.479105
-1.36351 -1.5972
-1.45961 -0.36768
-1.16304 -1.54342
-1.5602 0.202974
0.0592487 -1.1627
-0.000906132 -3.30054
0.540129 -1.69152
-0.487563 -3.05108
-1.87474 0.762694
1.11414 -2.46665
-1.52582 -2.94514
-1.11958 -0.513227
-1.50585 -1.28693
-1.359 -0.961379
-1.51931 -0.743786
-1.2747 -1.32702
-1.54891 -0.221102
-0.7961 -1.58053
-1.75911 0.357414
0.857039 -1.03451
-1.55367 -3.37725
-1.036 -0.384474
-1.23685 -1.7009
-1.49995 0.0724038
-0.37635 -1.43655
0.302746 -1.32928
-0.309811 -3.21397
-1.65798 -1.53514
-1.06323 -1.25099
-1.66112 0.114526
0.1532 -1.07906
-0.220109 -3.3367
-0.95355 -2.04079
-1.54152 0.90048
1.07109 -2.17113
-1.46953 -3.04526
-1.14223 -0.314651
-1.26812 -1.6358
-1.50012 -0.0468694
-0.62858 -1.55766
-1.76034 -0.772011
-0.521801 -1.36052
-0.965932 -1.90346
-1.56859 0.804394
1.07396 -1.81524
-1.60018 -3.09555
-1.02984 -0.636518
-1.57187 -1.17559
-1.24865 -1.19687
-1.57953 -0.249535
-0.747087 -1.55612
-1.78761 0.100966
0.588511 -0.902223
-1.10092 -3.4663
-1.16879 0.991253
0.711757 -3.27532
-0.397986 -2.46725
-1.74529 -1.14591
-0.739591 -1.38024
-1.77613 -0.401039
-0.136006 -1.18022
0.464392 -3.04046
0.0925101 -2.41328
0.522874 -2.57223
-0.091186 -2.63297
0.590911 -1.56365
-0.652232 -3.13305
-1.64238 1.67599
0.232681 -4.16243
0.112579 -1.8889
0.29456 -2.95314
0.316556 -2.46034
0.171752 -2.72138
0.455114 -2.51177
-0.00742506 -2.66844
0.679683 -1.98523
-0.594736 -2.95955
-1.74149 1.40745
0.598778 -3.77094
-0.307768 -2.279
-0.880374 -1.95432
-1.61338 0.928887
1.07456 -2.30816
-1.44421 -3.01467
-1.16126 -0.252343
-1.17497 -1.69039
-1.52494 0.245191
0.0931775 -1.15463
-0.0693088 -3.30871
0.345187 -1.52085
-0.268389 -3.1269
-1.34172 -1.95315
-1.40935 -0.194448
-1.03496 -1.6386
-1.59589 0.524364
0.813337 -1.07628
-1.43479 -3.39744
-1.09473 -0.0543381
-0.489416 -1.60067
-1.2632 -1.86693
-1.45731 0.0424562
-0.517915 -1.52435
-1.31646 -1.82507
-1.44446 -0.141593
-0.901477 -1.63865
-1.67529 0.621433
1.01818 -1.37606
-1.68243 -3.18896
-0.921043 -0.756605
-1.58245 -1.23268
-1.23042 -1.19824
-1.58872 -0.205299
-0.658007 -1.52914
-1.77829 -0.590685
-0.306876 -1.26421
0.824166 -1.87277
-0.967974 -3.11037
-1.29569 1.24393
0.549519 -3.61159
-0.111296 -2.22779
0.719283 -1.76655
-0.790593 -3.09479
-1.45463 1.64162
0.15437 -4.14151
0.198966 -1.81596
0.104575 -3.02661
0.574031 -2.18158
-0.310435 -2.81978
-1.50874 -1.75942
-1.31373 -0.802795
-1.54363 -0.817802
-1.24926 -1.32506
-1.56186 -0.153096
-0.659872 -1.54278
-1.78414 -0.533944
-0.22845 -1.22201
0.730236 -2.56465
-0.481337 -2.72111
-1.88025 0.355817
1.09047 -1.41323
-1.81344 -3.06404
-0.672411 -0.933601
-0.987535 -1.86672
-1.56544 0.74871
1.04963 -1.61656
-1.63065 -3.14127
-0.991111 -0.681898
-1.58381 -1.1715
-1.22425 -1.2272
-1.58807 -0.165886
-0.601512 -1.51036
-1.67734 -1.1777
-0.985398 -1.37683
-1.67935 0.306727
0.579963 -0.950564
-1.04733 -3.44195
-1.19567 1.14477
0.535332 -3.58334
-0.0715344 -2.22106
0.732658 -2.03855
-0.679771 -2.96748
-1.61679 1.61706
0.304819 -4.07389
0.0874962 -1.95429
0.374108 -2.88419
0.197128 -2.5001
0.364125 -2.67152
0.164464 -2.61015
0.444598 -2.57151
0.0252648 -2.64241
0.658318 -2.16435
-0.471212 -2.85868
-1.88673 0.415016
1.12419 -1.5787
-1.80976 -3.00917
-0.673922 -0.950533
-1.04682 -1.86698
-1.53566 0.6361
0.934002 -1.26598
-1.56641 -3.29088
-1.03818 -0.46162
-1.37798 -1.56762
-1.45507 -0.426507
-1.22186 -1.49249
-1.54597 0.0226339
-0.382336 -1.42448
0.278572 -1.33381
-0.269748 -3.21585
-1.38487 -1.92954
-1.3915 -0.345746
-1.24302 -1.52214
-1.53159 -0.0213037
-0.507118 -1.49373
-1.17197 -1.89569
-1.48171 0.328078
0.252184 -1.08911
-0.374286 -3.3205
-1.88676 -0.54686
0.298076 -0.894059
-0.576572 -3.40517
-1.75799 1.57326
0.381059 -4.06517
-0.0346265 -2.02929
0.658985 -2.46922
-0.360061 -2.71438
-1.72385 -1.27357
-0.845934 -1.36996
-1.75554 0.0942756
0.4589 -0.928222
-0.832804 -3.4174
-1.37028 1.71537
-0.0468075 -4.27184
-0.0496474 -1.74104
0.582145 -2.72207
-0.150657 -2.57056
0.335754 -1.42767
-0.305008 -3.16785
-1.62021 -1.6114
-1.14864 -1.15651
-1.63373 -0.0928552
-0.329605 -1.36161
0.717543 -1.49867
-0.946333 -3.2277
-1.28944 1.34951
0.380501 -3.82694
0.118725 -2.05199
0.352826 -2.86191
0.222019 -2.51359
0.328079 -2.67968
0.216285 -2.61026
0.362057 -2.62174
0.154421 -2.63528
0.466241 -2.54137
-0.0147131 -2.65265
0.682975 -1.95916
-0.614121 -2.97466
-1.71196 1.4882
0.497784 -3.89581
-0.147482 -2.15168
0.683472 -1.61306
-0.804513 -3.15231
-1.43091 1.64614
0.123088 -4.15833
0.199716 -1.78695
0.089761 -3.03972
0.588732 -2.13118
-0.356969 -2.8474
-1.7635 -1.15244
-0.667031 -1.35883
-1.69902 -1.03721
-0.884126 -1.41954
-1.72974 0.286136
0.681163 -0.944568
-1.25598 -3.46038
-1.12825 0.508907
0.96755 -1.63839
-1.43091 -3.21208
-1.1311 -0.131697
-0.840541 -1.73391
-1.69779 0.695027
1.08274 -1.63873
-1.69465 -3.09157
-0.905542 -0.820802
-1.62179 -1.11743
-1.13177 -1.32634
-1.61576 0.110168
-0.00167866 -1.17897
0.134055 -3.26503
0.531059 -2.11064
-0.268774 -2.84766
-1.17874 -2.00215
-1.45629 0.338368
0.260797 -1.09235
-0.386005 -3.31831
-1.90225 -0.367758
0.535444 -0.831312
-1.05101 -3.48684
-1.1865 1.15469
0.503768 -3.62297
-0.021387 -2.18735
0.673686 -2.36252
-0.424493 -2.77205
-1.88077 -0.272087
0.5256 -0.84816
-1.01893 -3.47636
-1.20494 1.24711
0.396362 -3.76792
0.118528 -2.07828
0.363737 -2.84548
0.203984 -2.52131
0.358785 -2.66436
0.170015 -2.61458
0.436536 -2.5759
0.0379948 -2.64195
0.644276 -2.21941
-0.421476 -2.82498
-1.88505 -0.243237
0.574806 -0.843505
-1.11885 -3.48974
-1.15814 0.946891
0.754106 -3.18186
-0.492245 -2.54091
-1.87344 0.204049
0.974225 -1.11003
-1.74168 -3.24062
-0.829721 -0.8161
-1.48295 -1.51084
-1.37186 -0.797245
-1.49258 -0.946683
-1.36565 -1.11849
-1.51207 -0.628156
-1.24227 -1.39961
-1.55333 -0.0862279
-0.572169 -1.51423
-1.5874 -1.44425
-1.22131 -1.13112
-1.60096 -0.248923
-0.679186 -1.52875
-1.79033 -0.415358
-0.0805423 -1.14112
0.291636 -3.20019
0.344291 -2.31856
0.0859797 -2.78377
0.591328 -2.28729
-0.298539 -2.77345
-1.38744 -1.88803
-1.39724 -0.36432
-1.25374 -1.50623
-1.52983 -0.0600493
-0.585655 -1.52926
-1.65025 -1.27568
-1.07474 -1.31682
-1.64438 0.182078
0.235913 -1.046
-0.375309 -3.34011
-1.88974 -0.526365
0.331135 -0.880894
-0.641334 -3.41437
-1.65179 1.79355
0.0765533 -4.31591
0.0616447 -1.78233
0.348513 -2.96119
0.244833 -2.46084
0.277566 -2.71715
0.296102 -2.58747
0.237575 -2.65843
0.34106 -2.60646
0.179417 -2.64613
0.42825 -2.56773
0.0473973 -2.64756
0.633031 -2.25279
-0.387037 -2.80392
-1.83536 -0.764915
-0.144197 -1.13409
0.452399 -3.06595
0.113091 -2.40102
0.482251 -2.62495
-0.0146941 -2.61116
0.687196 -1.99247
-0.606442 -2.96039
-1.72441 1.45242
0.543742 -3.84058
-0.216517 -2.2071
0.245983 -1.40633
-0.17851 -3.19248
-0.448746 -1.82226
-1.37103 -1.81195
-1.41984 -0.327766
-1.18715 -1.55345
-1.54846 0.147689
-0.0982263 -1.25757
0.419557 -3.06512
0.160639 -2.40267
0.397896 -2.69508
0.123734 -2.59234
0.508242 -2.51549
-0.0852054 -2.65986
0.596067 -1.57772
-0.653522 -3.12786
-1.64076 1.67525
0.233147 -4.1611
0.113174 -1.88927
0.293557 -2.95346
0.317963 -2.45993
0.169624 -2.72142
0.458432 -2.50888
-0.0131011 -2.66918
0.68082 -1.9549
-0.611866 -2.97554
-1.7152 1.48147
0.506497 -3.88609
-0.160441 -2.16191
0.637048 -1.529
-0.762076 -3.17191
-1.48085 1.71323
0.0770853 -4.22495
0.146833 -1.75579
0.166885 -3.04492
0.498509 -2.30289
-0.141652 -2.75883
0.232327 -1.45839
-0.128746 -3.17416
0.0368503 -1.55965
0.284472 -3.07398
0.344846 -2.38875
0.108921 -2.75099
0.556078 -2.37373
-0.207377 -2.72657
-0.377301 -1.75045
-0.523699 -1.77216
-1.68161 -1.22903
-0.979661 -1.36612
-1.68447 0.292002
0.566751 -0.948188
-1.02309 -3.43944
-1.20841 1.21719
0.448194 -3.70636
0.0532046 -2.12778
0.513808 -2.69173
-0.0454382 -2.57753
0.689463 -1.84771
-0.684295 -3.03522
-1.60288 1.65997
0.238732 -4.13549
0.12794 -1.8936
0.266962 -2.96294
0.355483 -2.44614
0.112463 -2.72166
0.547274 -2.40246
-0.183087 -2.71241
-0.0971825 -1.58854
0.619628 -2.70409
-0.222202 -2.59061
-0.377487 -1.74186
-0.503482 -1.7606
-1.59468 -1.47116
-1.20638 -1.14029
-1.60756 -0.209419
-0.602984 -1.50129
-1.67318 -1.19052
-1.00004 -1.36978
-1.67273 0.29563
0.542126 -0.953207
-0.971315 -3.42977
-1.24147 1.36614
0.278295 -3.91554
0.224233 -1.95885
0.126895 -2.96248
0.546877 -2.27759
-0.227291 -2.7706
-0.655524 -1.9028
-1.81081 0.343795
0.956644 -1.13078
-1.6945 -3.26784
-0.901852 -0.737888
-1.53426 -1.37024
-1.31484 -1.01134
-1.5533 -0.58284
-1.12796 -1.48277
-1.58736 0.243648
0.216776 -1.07374
-0.3272 -3.33087
-1.75803 -1.26512
-0.715511 -1.35261
-1.75637 -0.656231
-0.463416 -1.34779
-0.331935 -1.63587
0.249778 -1.35859
-0.210962 -3.21092
-0.808919 -1.99421
-1.66263 0.961994
1.063 -2.48284
-1.38057 -2.98142
-1.19472 -0.070961
-0.796427 -1.70681
-1.73744 0.578056
1.04534 -1.4088
-1.72261 -3.14809
-0.859622 -0.834879
-1.57241 -1.30402
-1.25153 -1.14422
-1.58373 -0.303054
-0.801364 -1.56128
-1.75853 0.337844
0.830613 -1.01059
-1.51582 -3.39931
-1.05666 -0.275709
-1.03938 -1.76576
-1.5635 0.598526
0.89839 -1.1901
-1.53798 -3.32846
-1.05383 -0.370861
-1.24577 -1.68836
-1.49903 0.0409608
-0.449015 -1.47611
-0.564599 -1.77584
-1.77637 -0.770019
-0.445496 -1.32023
-0.0554658 -1.47079
0.449587 -2.97435
0.106021 -2.44631
0.506669 -2.57915
-0.0641319 -2.63035
0.655809 -1.70232
-0.696348 -3.09121
-1.57985 1.69749
0.174096 -4.18708
0.148366 -1.83623
0.202394 -3.00518
0.448524 -2.37451
-0.0422259 -2.73321
0.65487 -1.75321
-0.665888 -3.06436
-1.62711 1.65761
0.25249 -4.1342
0.112206 -1.9062
0.303136 -2.94269
0.303359 -2.46785
0.192927 -2.71883
0.421875 -2.53821
0.0478171 -2.66292
0.633427 -2.24265
-0.391767 -2.80896
-1.84587 -0.688757
-0.0346721 -1.07265
0.134221 -3.30017
0.527431 -2.09119
-0.271243 -2.85656
-1.20956 -1.99436
-1.44858 0.243077
-0.00968498 -1.23351
0.187823 -3.22694
0.47473 -2.22322
-0.135726 -2.79779
0.244775 -1.45976
-0.147537 -3.17128
-0.125963 -1.63807
0.705631 -2.49046
-0.448528 -2.7342
-1.88705 -0.00894285
0.819707 -0.919783
-1.55655 -3.41753
-1.02834 -0.369389
-1.18787 -1.73129
-1.51161 0.226231
0.0225468 -1.19771
0.0948665 -3.27007
0.562504 -2.01444
-0.363461 -2.89766
-1.79963 -1.00161
-0.453028 -1.28901
-0.0398537 -1.45993
0.404263 -3.02075
0.17693 -2.4264
0.376874 -2.69749
0.15335 -2.59502
0.459555 -2.56543
0.00201042 -2.6425
0.677367 -2.0539
-0.557627 -2.92377
-1.7959 1.19703
0.827298 -3.39536
-0.763567 -2.62549
-1.56449 1.43325
0.540045 -3.75971
-0.158473 -2.20132
0.615981 -1.50811
-0.733776 -3.1729
-1.51891 1.73608
0.0777441 -4.24407
0.130075 -1.76082
0.200352 -3.03539
0.453702 -2.35394
-0.0568202 -2.74162
0.630474 -1.67248
-0.663742 -3.09396
-1.6278 1.67146
0.233594 -4.15378
0.118842 -1.88934
0.282532 -2.95829
0.333632 -2.45432
0.145697 -2.72191
0.495871 -2.47131
-0.0800868 -2.68133
0.600815 -1.59081
-0.654705 -3.12305
-1.63928 1.67449
0.233672 -4.15978
0.113679 -1.88968
0.292758 -2.95367
0.319078 -2.45963
0.167945 -2.72143
0.461049 -2.50656
-0.0176021 -2.66979
0.681066 -1.93046
-0.624532 -2.98806
-1.69544 1.52833
0.444292 -3.95502
-0.0741512 -2.09194
0.731041 -2.17778
-0.614687 -2.89842
-1.71815 1.43598
0.565894 -3.8058
-0.247404 -2.23479
-0.104339 -1.55973
0.621928 -2.70864
-0.225491 -2.58955
-0.414008 -1.76299
-0.954178 -1.93292
-1.56824 0.839402
1.08004 -1.94449
-1.56552 -3.07386
-1.06697 -0.563241
-1.52932 -1.26846
-1.32517 -1.03996
-1.54535 -0.581809
-1.14619 -1.47511
-1.58105 0.199458
0.0998576 -1.13409
-0.0940948 -3.31758
0.210022 -1.52155
-0.0595675 -3.15222
0.454319 -1.53765
-0.429521 -3.11304
-1.90912 0.14885
1.01742 -1.16058
-1.79738 -3.17322
-0.721129 -0.890375
-1.18766 -1.82586
-1.49159 0.26055
0.082957 -1.16957
-0.0413134 -3.30146
0.453463 -1.56968
-0.410234 -3.09789
-1.90425 -0.124605
0.772727 -0.877544
-1.49213 -3.45432
-1.05995 -0.1827
-0.788562 -1.73843
-1.73733 0.608498
1.06552 -1.48971
-1.72549 -3.11782
-0.854366 -0.851712
-1.58156 -1.28317
-1.23372 -1.17568
-1.58973 -0.233124
-0.69375 -1.53867
-1.79594 -0.275896
0.107146 -1.04004
-0.166064 -3.35593
-0.39752 -1.8049
-0.88268 -1.92285
-1.61956 0.902534
1.08338 -2.21741
-1.48943 -3.02618
-1.13337 -0.379427
-1.36055 -1.54292
-1.46971 -0.377953
-1.15446 -1.54216
-1.56396 0.222881
0.114968 -1.1314
-0.1225 -3.31862
0.0118388 -1.58346
0.354075 -3.02288
0.24598 -2.42751
0.265743 -2.73497
0.316952 -2.57469
0.204504 -2.66453
0.39282 -2.5814
0.100815 -2.64882
0.555308 -2.42386
-0.18901 -2.70315
-0.148649 -1.61622
0.740246 -2.38603
-0.556395 -2.80808
-1.8057 1.08614
0.933429 -3.1407
-1.013 -2.78569
-1.33715 1.01212
0.908965 -2.87762
-0.903835 -2.81067
-1.39567 1.30507
0.588001 -3.60383
-0.194274 -2.26854
0.343977 -1.39737
-0.334751 -3.1798
-1.76656 -1.20594
-0.66787 -1.34974
-1.69371 -1.05828
-0.908067 -1.41471
-1.71659 0.315518
0.692355 -0.954004
-1.27185 -3.45694
-1.12563 0.458698
0.92061 -1.46675
-1.41776 -3.26928
-1.12545 -0.0674036
-0.632015 -1.66496
-1.8017 -0.422957
-0.0309574 -1.1072
0.150009 -3.28307
0.513771 -2.13135
-0.232464 -2.8374
-0.782892 -1.9604
-1.69408 0.898374
1.09039 -2.31549
-1.48547 -3.00066
-1.14015 -0.378333
-1.36365 -1.53531
-1.46894 -0.391152
-1.1678 -1.53211
-1.56056 0.18482
0.0170127 -1.18635
0.0990477 -3.27295
0.559303 -2.02404
-0.353632 -2.8924
-1.76605 -1.15134
-0.65603 -1.35537
-1.6738 -1.14437
-0.990849 -1.38335
-1.67514 0.314779
0.583825 -0.952417
-1.05358 -3.4421
-1.1927 1.12575
0.558585 -3.54807
-0.108831 -2.24845
0.715896 -1.76054
-0.786758 -3.09575
-1.45905 1.64746
0.150337 -4.1475
0.196561 -1.81224
0.106874 -3.02814
0.57149 -2.1868
-0.303969 -2.81679
-1.46023 -1.8201
-1.35506 -0.627601
-1.46542 -1.12544
-1.41372 -0.923561
-1.46487 -0.923878
-1.40273 -1.06141
-1.48135 -0.779718
-1.3517 -1.21854
-1.51563 -0.516023
-1.17147 -1.48459
-1.5685 0.14744
-0.0509215 -1.22324
0.276825 -3.18502
0.362789 -2.32159
0.0609219 -2.77802
0.622328 -2.20736
-0.38538 -2.8215
-1.83599 -0.7666
-0.141982 -1.1324
0.445161 -3.07404
0.124577 -2.39718
0.460363 -2.64827
0.0235911 -2.60323
0.659089 -2.18827
-0.462687 -2.84741
-1.89047 0.306565
1.07982 -1.35768
-1.81841 -3.07908
-0.662931 -0.929344
-0.903018 -1.85794
-1.62101 0.838708
1.0911 -1.98554
-1.57843 -3.05541
-1.05687 -0.603181
-1.55873 -1.19263
-1.27447 -1.15588
-1.56991 -0.348433
-0.893076 -1.57087
-1.696 0.531345
0.952091 -1.20309
-1.64206 -3.27489
-0.967431 -0.639368
-1.51765 -1.36706
-1.33929 -0.962629
-1.53532 -0.692188
-1.22321 -1.39173
-1.56329 -0.0405431
-0.461213 -1.45938
-0.647024 -1.81505
-1.81865 0.0916386
0.688558 -0.900989
-1.30381 -3.47499
-1.11516 0.370594
0.799138 -1.25062
-1.28549 -3.35373
-1.14414 0.368838
0.732026 -1.17812
-1.19194 -3.37611
-1.15947 0.667818
1.00423 -2.14864
-1.30018 -3.0775
-1.1983 0.213318
0.124265 -1.21723
-0.0865237 -3.28325
0.27002 -1.51132
-0.159126 -3.14546
-0.221791 -1.68896
0.763627 -1.71358
-0.916653 -3.14794
-1.32412 1.39764
0.358642 -3.86863
0.133582 -2.02683
0.314045 -2.89186
0.280238 -2.49732
0.23526 -2.70401
0.354767 -2.57947
0.15301 -2.6574
0.472885 -2.52506
-0.0292889 -2.65923
0.68092 -1.875
-0.652574 -3.01622
-1.65129 1.60932
0.327121 -4.06784
0.05746 -1.97495
0.445809 -2.81888
0.0843884 -2.52321
0.561115 -2.47056
-0.183399 -2.68211
-0.0667456 -1.57017
0.535754 -2.84316
-0.0479548 -2.50808
0.701094 -1.89168
-0.685305 -3.01994
-1.60303 1.65217
0.249713 -4.12441
0.123622 -1.90356
0.27974 -2.95408
0.336833 -2.45585
0.141665 -2.72064
0.501966 -2.4649
-0.0913628 -2.68377
0.56416 -1.54037
-0.616693 -3.13495
-1.69712 1.59604
0.353234 -4.06338
0.0172301 -2.00016
0.542554 -2.69781
-0.0896316 -2.57543
0.623213 -1.60232
-0.690665 -3.12705
-1.5849 1.71382
0.154218 -4.20862
0.143331 -1.82014
0.204103 -3.01117
0.44672 -2.37272
-0.0402361 -2.73439
0.656748 -1.763
-0.664192 -3.0603
-1.63 1.65308
0.259858 -4.12815
0.107728 -1.91288
0.314979 -2.93437
0.286014 -2.47405
0.219927 -2.71608
0.380254 -2.56304
0.11306 -2.6604
0.537654 -2.44585
-0.153154 -2.69175
0.201663 -1.4594
-0.0791722 -3.17864
0.35838 -1.5034
-0.297949 -3.13241
-1.56665 -1.70558
-1.24025 -0.993009
-1.60023 -0.438678
-0.892115 -1.5485
-1.70132 0.499758
0.923226 -1.15093
-1.61429 -3.30849
-0.993737 -0.563558
-1.45966 -1.46702
-1.4011 -0.737124
-1.44956 -1.07855
-1.43213 -0.906003
-1.4423 -0.988415
-1.43721 -0.949477
-1.44044 -0.96587
-1.43789 -0.961745
-1.4406 -0.957902
-1.43708 -0.968501
-1.44204 -0.950295
-1.43473 -0.978527
-1.44543 -0.935796
-1.42926 -0.999447
-1.45275 -0.903957
-1.41642 -1.04495
-1.46776 -0.832116
-1.38425 -1.14277
-1.4958 -0.665535
-1.28952 -1.34268
-1.53898 -0.253461
-0.865387 -1.59104
-1.71059 0.530429
0.970951 -1.23007
-1.66508 -3.25148
-0.941447 -0.695538
-1.54609 -1.31669
-1.2977 -1.06743
-1.56265 -0.486256
-1.03894 -1.53559
-1.61751 0.437812
0.691173 -0.995489
-1.23861 -3.44207
-1.13568 0.553473
0.99072 -1.78116
-1.41534 -3.17136
-1.14504 -0.103442
-0.792014 -1.71854
-1.73853 0.585763
1.0519 -1.43195
-1.7248 -3.1383
-0.855806 -0.841956
-1.57349 -1.30373
-1.24951 -1.14713
-1.58453 -0.295635
-0.790058 -1.55965
-1.76555 0.295942
0.792873 -0.978272
-1.46095 -3.42622
-1.07901 -0.112868
-0.631587 -1.6752
-1.80391 -0.397734
0.00701238 -1.08596
0.0534378 -3.3193
0.567933 -1.86794
-0.44326 -2.97052
-1.90042 0.205144
1.03638 -1.21452
-1.80518 -3.14545
-0.701421 -0.903866
-1.10318 -1.85387
-1.5153 0.499216
0.691877 -1.03382
-1.21181 -3.42765
-1.14449 0.629439
1.00462 -2.05717
-1.33351 -3.10143
-1.18516 0.118001
-0.17264 -1.39287
0.695285 -2.60218
-0.396222 -2.67764
-1.82207 -0.811957
-0.243696 -1.1921
0.747303 -2.52378
-0.530454 -2.75334
-1.83967 0.848591
1.0884 -2.57564
-1.44309 -2.94484
-1.17444 -0.274954
-1.22788 -1.65302
-1.51281 0.0806753
-0.331778 -1.40725
0.655291 -1.42045
-0.867356 -3.23688
-1.35328 1.55652
0.1607 -4.085
0.237025 -1.82407
0.0465157 -3.022
0.621775 -1.99323
-0.478827 -2.92636
-1.88224 0.566967
1.15043 -1.94801
-1.73336 -2.96108
-0.837321 -0.924109
-1.62551 -1.16283
-1.12804 -1.31568
-1.61936 0.106634
0.00194679 -1.17564
0.124015 -3.26938
0.539904 -2.0866
-0.293497 -2.85973
-1.40734 -1.87833
-1.38648 -0.434285
-1.3259 -1.4188
-1.50828 -0.321063
-1.01926 -1.58684
-1.61603 0.506506
0.80875 -1.06337
-1.43415 -3.40209
-1.09409 -0.0501153
-0.472486 -1.59151
-1.1059 -1.91929
-1.49915 0.516992
0.718865 -1.05149
-1.25487 -3.42252
-1.13626 0.494276
0.94806 -1.54804
-1.43414 -3.23988
-1.12457 -0.128625
-0.816159 -1.73
-1.71754 0.654392
1.07569 -1.56569
-1.71185 -3.1028
-0.877461 -0.840639
-1.60573 -1.1953
-1.17836 -1.26565
-1.6044 -0.032676
-0.322539 -1.36977
0.733844 -1.53145
-0.960595 -3.21976
-1.28118 1.30645
0.433243 -3.75993
0.0583602 -2.10413
0.49474 -2.72297
-0.0087215 -2.56379
0.68738 -2.06387
-0.573237 -2.92478
-1.77459 1.28318
0.740422 -3.55565
-0.575192 -2.48807
-1.81447 0.834509
1.10254 -2.44258
-1.49684 -2.96276
-1.13878 -0.425581
-1.42289 -1.44677
-1.43747 -0.623353
-1.36601 -1.27445
-1.50024 -0.524795
-1.20874 -1.46107
-1.55731 0.0398593
-0.317062 -1.38405
0.738256 -1.54404
-0.962269 -3.21587
-1.28075 1.30018
0.442104 -3.74872
0.047149 -2.11297
0.521068 -2.68777
-0.057745 -2.57929
0.679534 -1.77515
-0.703212 -3.06662
-1.57246 1.68663
0.184949 -4.17279
0.151787 -1.84529
0.200364 -3.00203
0.451012 -2.3742
-0.0459286 -2.73286
0.650441 -1.73389
-0.667909 -3.07205
-1.62342 1.66447
0.241533 -4.14343
0.11809 -1.89632
0.287167 -2.95367
0.32667 -2.45824
0.156749 -2.7211
0.478465 -2.49022
-0.048145 -2.67463
0.664224 -1.75991
-0.680771 -3.06591
-1.60497 1.6742
0.219878 -4.15551
0.132716 -1.87674
0.250211 -2.97547
0.379995 -2.43077
0.0733289 -2.7233
0.604162 -2.28977
-0.320206 -2.77583
-1.54755 -1.69675
-1.27021 -0.940351
-1.58309 -0.559896
-1.03686 -1.5159
-1.62295 0.423444
0.673685 -0.987723
-1.20845 -3.44387
-1.14198 0.647395
1.00137 -2.14563
-1.29364 -3.07848
-1.1996 0.234166
0.191909 -1.1837
-0.220097 -3.29025
-0.938433 -2.03474
-1.55242 0.92129
1.06775 -2.25095
-1.43934 -3.03138
-1.16064 -0.231438
-1.13299 -1.70947
-1.53661 0.362769
0.404292 -1.02077
-0.669454 -3.35731
-1.60574 1.81186
0.0312396 -4.33092
0.0253653 -1.7643
0.419432 -2.91306
0.139528 -2.47992
0.455876 -2.61832
0.0221016 -2.61819
0.66109 -2.16947
-0.474444 -2.85763
-1.8849 0.448923
1.13329 -1.65198
-1.79936 -2.99472
-0.69684 -0.953441
-1.20202 -1.8275
-1.4864 0.219127
-0.0336746 -1.23741
0.245417 -3.19847
0.403537 -2.2964
-0.0053989 -2.77913
0.665631 -1.91476
-0.601538 -2.98725
-1.72945 1.45335
0.541852 -3.84602
-0.215662 -2.20497
0.256449 -1.40374
-0.196244 -3.19152
-0.639324 -1.92246
-1.81857 0.279001
0.90917 -1.0554
-1.64571 -3.3258
-0.95962 -0.619997
-1.48237 -1.44434
-1.37878 -0.820287
-1.48936 -0.937064
-1.3693 -1.11677
-1.50925 -0.6401
-1.25337 -1.38606
-1.55039 -0.12486
-0.646198 -1.54348
-1.77352 -0.652147
-0.378803 -1.29944
0.565011 -1.33784
-0.744989 -3.24054
-1.49739 1.76164
0.023883 -4.27963
0.0670174 -1.74007
0.315975 -2.99546
0.293629 -2.44034
0.198557 -2.73291
0.415964 -2.53534
0.0552801 -2.6656
0.624056 -2.26899
-0.364122 -2.79255
-1.76973 -1.11508
-0.62993 -1.35231
-1.59953 -1.38088
-1.19827 -1.18281
-1.60658 -0.150537
-0.517912 -1.46773
-1.19819 -1.88425
-1.47563 0.247841
0.0296571 -1.20364
0.083984 -3.27065
0.568846 -1.98384
-0.388527 -2.91388
-1.86047 -0.609905
0.105122 -0.994233
-0.191834 -3.37445
-0.669319 -1.94902
-1.79649 0.514646
1.06952 -1.43602
-1.75967 -3.10759
-0.791258 -0.891305
-1.4876 -1.52164
-1.36552 -0.808513
-1.50042 -0.919688
-1.34966 -1.15772
-1.52188 -0.552414
-1.18123 -1.46708
-1.5678 0.11291
-0.130887 -1.27089
0.514835 -2.95599
0.00386037 -2.45448
0.673647 -2.22411
-0.476656 -2.83798
-1.88347 0.450526
1.1325 -1.64884
-1.79892 -2.99625
-0.698047 -0.95285
-1.20764 -1.82482
-1.48506 0.20162
-0.0816027 -1.26626
0.382728 -3.0959
0.215257 -2.38806
0.301883 -2.74532
0.268072 -2.57568
0.275045 -2.66166
0.28677 -2.61702
0.258729 -2.64245
0.305853 -2.62348
0.233215 -2.63998
0.343276 -2.61469
0.178542 -2.64172
0.428702 -2.56943
0.0472437 -2.64666
0.633169 -2.25289
-0.387257 -2.80393
-1.83582 -0.761661
-0.139576 -1.1315
0.438008 -3.08167
0.135785 -2.39358
0.439162 -2.66848
0.0592359 -2.59727
0.612306 -2.33545
-0.317843 -2.75678
-1.51978 -1.73712
-1.30314 -0.843935
-1.55619 -0.744478
-1.19831 -1.39285
-1.57415 0.0227506
-0.306463 -1.37206
0.776022 -1.64344
-0.984862 -3.18793
-1.2719 1.2247
0.542408 -3.61023
-0.095624 -2.22153
0.733419 -1.87892
-0.760307 -3.04734
-1.49788 1.6554
0.174814 -4.14415
0.183207 -1.83509
0.140124 -3.016
0.531813 -2.27235
-0.204977 -2.77216
-0.401 -1.76713
-0.829262 -1.90612
-1.66635 0.884858
1.09288 -2.21705
-1.51456 -3.01728
-1.11739 -0.453375
-1.44428 -1.42204
-1.42077 -0.704531
-1.41715 -1.15587
-1.46568 -0.756837
-1.36986 -1.20285
-1.50361 -0.581272
-1.23513 -1.42249
-1.5527 -0.0530897
-0.513835 -1.48884
-1.21354 -1.88014
-1.47148 0.200536
-0.102367 -1.28248
0.44757 -3.03025
0.116281 -2.41879
0.481219 -2.61887
-0.0148022 -2.61414
0.68696 -1.98946
-0.607417 -2.96177
-1.72287 1.45682
0.538178 -3.84743
-0.207828 -2.20018
0.327605 -1.39203
-0.312478 -3.18409
-1.66585 -1.51235
-1.04281 -1.26932
-1.66826 0.150295
0.247311 -1.03235
-0.402274 -3.34478
-1.91701 -0.118696
0.826388 -0.900886
-1.58303 -3.41357
-1.00944 -0.43531
-1.27964 -1.67993
-1.48712 -0.0666221
-0.692822 -1.58489
-1.80136 -0.157339
0.284604 -0.957369
-0.511502 -3.37588
-1.8526 1.14525
0.846021 -3.39378
-0.821619 -2.65326
-1.49796 1.39661
0.550498 -3.71073
-0.156576 -2.2161
0.612526 -1.50658
-0.72804 -3.17213
-1.527 1.73834
0.0809697 -4.24543
0.129404 -1.76363
0.202985 -3.0336
0.45004 -2.35793
-0.0501261 -2.7405
0.642174 -1.70734
-0.666621 -3.08159
-1.62451 1.66824
0.236746 -4.14886
0.119274 -1.89207
0.282938 -2.95709
0.33291 -2.45512
0.146966 -2.72165
0.493846 -2.4737
-0.0762755 -2.68043
0.611417 -1.60936
-0.663863 -3.118
-1.62573 1.68489
0.214216 -4.17207
0.124725 -1.8723
0.263387 -2.97242
0.36162 -2.43913
0.101666 -2.72365
0.563776 -2.3738
-0.220102 -2.72747
-0.524259 -1.8335
-1.72997 -1.05367
-0.774407 -1.40478
-1.77938 -0.125614
0.226415 -0.993132
-0.393707 -3.36302
-1.91239 -0.241442
0.697872 -0.840724
-1.3682 -3.49162
-1.09678 0.187305
0.364825 -1.14164
-0.522451 -3.29391
-1.83557 1.20105
0.799557 -3.48062
-0.716266 -2.58182
-1.62855 1.39588
0.614414 -3.68419
-0.296541 -2.29747
-0.786168 -1.92703
-1.69879 0.863587
1.10046 -2.20496
-1.53744 -3.01138
-1.10023 -0.517701
-1.50305 -1.3092
-1.36199 -0.942611
-1.51609 -0.769646
-1.28902 -1.30183
-1.54486 -0.277799
-0.880661 -1.58751
-1.70085 0.542948
0.971067 -1.23714
-1.66122 -3.25138
-0.946279 -0.688447
-1.54479 -1.31669
-1.29984 -1.06372
-1.56148 -0.495076
-1.04872 -1.53148
-1.61352 0.420801
0.652289 -0.985704
-1.16622 -3.44206
-1.15276 0.777394
0.93802 -2.62675
-1.00264 -2.90715
-1.31655 1.07747
0.811165 -3.13944
-0.642695 -2.62821
-1.71413 1.30106
0.737133 -3.52473
-0.55003 -2.4818
-1.83931 0.646597
1.13953 -1.97299
-1.70001 -2.98121
-0.898949 -0.87537
-1.65571 -0.987593
-1.0126 -1.41513
-1.65712 0.34498
0.595951 -0.960288
-1.07174 -3.44156
-1.18474 1.06979
0.627361 -3.43618
-0.229281 -2.33772
-0.0808986 -1.55374
0.561605 -2.81115
-0.0969497 -2.52618
0.626548 -1.59532
-0.701286 -3.13227
-1.56888 1.72056
0.135251 -4.21798
0.145085 -1.80422
0.19335 -3.02005
0.46197 -2.35511
-0.0684569 -2.73957
0.606189 -1.61663
-0.649665 -3.11193
-1.64777 1.6599
0.256534 -4.14099
0.101431 -1.91014
0.326299 -2.9294
0.269888 -2.47765
0.244745 -2.71316
0.342734 -2.57899
0.169593 -2.65957
0.446709 -2.54743
0.0152849 -2.65334
0.667519 -2.1099
-0.512765 -2.89037
-1.852 0.849197
1.08305 -2.62318
-1.42485 -2.93726
-1.18489 -0.222483
-1.14002 -1.69775
-1.53649 0.339718
0.348164 -1.03714
-0.563184 -3.34179
-1.77733 1.48141
0.49507 -3.93611
-0.170645 -2.15161
0.604864 -1.48618
-0.725946 -3.17939
-1.5293 1.74271
0.0766266 -4.25048
0.124081 -1.76162
0.212085 -3.03183
0.437675 -2.36838
-0.0287217 -2.73829
0.665545 -1.82162
-0.649827 -3.03484
-1.65368 1.61559
0.319122 -4.07786
0.0624081 -1.96745
0.43212 -2.83402
0.106969 -2.51771
0.521384 -2.53109
-0.100849 -2.65209
0.546368 -1.51545
-0.599402 -3.14181
-1.72347 1.54313
0.42437 -3.99474
-0.0630263 -2.07166
0.715187 -2.26992
-0.543874 -2.84281
-1.81872 1.03849
0.968656 -3.04678
-1.10374 -2.83145
-1.29476 0.756034
1.03069 -1.98643
-1.4268 -3.10843
-1.15219 -0.163596
-0.967631 -1.74212
-1.60777 0.691865
1.02823 -1.47052
-1.6548 -3.17485
-0.958891 -0.713973
-1.58413 -1.1978
-1.22528 -1.21675
-1.58894 -0.177271
-0.616109 -1.51522
-1.71473 -1.02161
-0.822762 -1.41858
-1.76252 0.120235
0.525469 -0.915884
-0.96718 -3.44326
-1.24245 1.38443
0.25225 -3.94252
0.241541 -1.93183
0.0876061 -2.97435
0.59322 -2.1654
-0.350383 -2.83213
-1.73307 -1.26324
-0.810893 -1.36972
-1.7693 -0.037511
0.310013 -0.964345
-0.548626 -3.37335
-1.80028 1.40993
0.576338 -3.83808
-0.295597 -2.2529
-0.695575 -1.88837
-1.78463 0.53443
1.06796 -1.44382
-1.75265 -3.11102
-0.804915 -0.883745
-1.51474 -1.46564
-1.33699 -0.915283
-1.53552 -0.735473
-1.23955 -1.36318
-1.56055 -0.101901
-0.579446 -1.51418
-1.61412 -1.37733
-1.16711 -1.21697
-1.61692 -0.0574022
-0.326338 -1.36687
0.723812 -1.51112
-0.951829 -3.22468
-1.28616 1.33302
0.400558 -3.80187
0.0968614 -2.07167
0.403813 -2.82046
0.143885 -2.52881
0.460389 -2.59349
0.00874846 -2.62915
0.67321 -2.09791
-0.529359 -2.89949
-1.83301 0.988741
1.00116 -2.9521
-1.19038 -2.86823
-1.26578 0.495912
0.788137 -1.18356
-1.30749 -3.37582
-1.13486 0.311695
0.614506 -1.1247
-0.987856 -3.36879
-1.23985 1.29023
0.391123 -3.79079
0.117558 -2.06852
0.361738 -2.85037
0.207664 -2.51894
0.35226 -2.66824
0.179993 -2.61359
0.420193 -2.58823
0.0645362 -2.63954
0.60914 -2.32173
-0.317167 -2.76223
-1.51874 -1.73919
-1.30418 -0.840107
-1.55508 -0.751365
-1.20335 -1.38691
-1.57296 0.00637975
-0.342789 -1.39297
0.620098 -1.38523
-0.820017 -3.23885
-1.40268 1.65764
0.0746916 -4.18712
0.178161 -1.74644
0.106927 -3.05644
0.570748 -2.16947
-0.309829 -2.8249
-1.50764 -1.76147
-1.31475 -0.79872
-1.54229 -0.825049
-1.25402 -1.3178
-1.56062 -0.170704
-0.690623 -1.55257
-1.79758 -0.260501
0.13413 -1.02582
-0.221432 -3.35976
-0.973603 -2.04563
-1.52862 0.867335
1.07294 -2.04455
-1.51322 -3.06658
-1.11072 -0.429096
-1.41073 -1.48358
-1.44306 -0.567913
-1.33226 -1.34137
-1.51503 -0.381799
-1.06577 -1.56265
-1.59828 0.418534
0.622255 -0.9855
-1.10552 -3.4364
-1.17255 0.963136
0.756576 -3.18432
-0.499186 -2.54375
-1.87107 0.282061
1.02938 -1.22801
-1.78426 -3.16034
-0.746539 -0.88821
-1.31391 -1.74642
-1.46007 -0.155378
-0.897433 -1.63156
-1.67968 0.611496
1.01361 -1.35857
-1.68213 -3.19523
-0.921245 -0.753109
-1.57931 -1.24168
-1.23704 -1.18688
-1.58672 -0.23065
-0.699746 -1.5418
-1.79688 -0.224079
0.176544 -1.0061
-0.304448 -3.36303
-1.65209 -1.56844
-1.07753 -1.2318
-1.65715 0.0793366
0.0706957 -1.12367
-0.0473238 -3.31989
0.426892 -1.55502
-0.375954 -3.10423
-1.86786 -0.626129
0.131937 -0.975676
-0.249712 -3.3799
-1.25178 -2.02066
-1.43 0.116638
-0.36995 -1.4538
0.318424 -1.32769
-0.335067 -3.21258
-1.77324 -1.18639
-0.634837 -1.34195
-1.60327 -1.36866
-1.19047 -1.19578
-1.60869 -0.122366
-0.465575 -1.44269
-0.644511 -1.81274
-1.81939 0.0676626
0.660525 -0.893773
-1.25224 -3.47858
-1.12531 0.529232
0.982771 -1.73231
-1.4196 -3.18538
-1.14071 -0.110086
-0.80125 -1.72212
-1.73073 0.613117
1.06245 -1.48385
-1.72177 -3.1228
-0.860803 -0.844926
-1.58516 -1.26878
-1.22621 -1.1902
-1.59182 -0.202942
-0.644836 -1.52345
-1.76365 -0.725263
-0.477219 -1.34456
-0.471253 -1.71665
-1.34963 -1.81943
-1.42993 -0.253625
-1.08693 -1.60918
-1.57811 0.411608
0.575981 -0.987907
-1.01152 -3.42299
-1.21741 1.2444
0.422541 -3.74248
0.0845011 -2.1016
0.440282 -2.77942
0.0839526 -2.54332
0.56551 -2.45446
-0.195867 -2.69015
-0.207183 -1.64866
0.791438 -1.89824
-0.879196 -3.07741
-1.36633 1.46263
0.317716 -3.93427
0.160639 -1.9826
0.245449 -2.93507
0.38126 -2.45168
0.0782187 -2.7132
0.596654 -2.31291
-0.298265 -2.76272
-1.37701 -1.89571
-1.4019 -0.327077
-1.21097 -1.54565
-1.54043 0.0801145
-0.272 -1.36368
0.818561 -1.94138
-0.920399 -3.07589
-1.33354 1.36014
0.428531 -3.79097
0.0529099 -2.09368
0.502206 -2.71793
-0.0212706 -2.5657
0.693179 -1.99469
-0.617587 -2.96295
-1.70788 1.49113
0.494073 -3.89844
-0.140991 -2.14729
0.701049 -1.65866
-0.813894 -3.13877
-1.42201 1.62402
0.145422 -4.1334
0.210116 -1.80743
0.0821522 -3.03075
0.59626 -2.11323
-0.377966 -2.85821
-1.82811 -0.83106
-0.223924 -1.17674
0.693737 -2.67334
-0.376391 -2.64621
-1.75529 -1.1438
-0.69872 -1.37005
-1.74948 -0.734559
-0.548258 -1.37967
-1.22807 -1.86293
-1.47025 0.151262
-0.233229 -1.36196
0.794763 -2.25643
-0.727153 -2.91353
-1.5589 1.60525
0.29191 -4.05771
0.118384 -1.9436
0.307703 -2.92654
0.29464 -2.47751
0.208422 -2.71436
0.397298 -2.55525
0.0871574 -2.66038
0.578054 -2.37816
-0.242636 -2.72776
-0.78448 -1.95393
-1.69413 0.893075
1.09215 -2.29727
-1.49404 -3.00271
-1.13419 -0.401939
-1.3914 -1.49983
-1.45549 -0.497062
-1.27193 -1.42895
-1.53467 -0.152844
-0.732743 -1.57575
-1.79249 0.0705427
0.563342 -0.899371
-1.05335 -3.46171
-1.18952 1.13561
0.538078 -3.57643
-0.0749383 -2.22486
0.733802 -2.0122
-0.694666 -2.98129
-1.59407 1.63646
0.267373 -4.10157
0.119062 -1.91982
0.295851 -2.94099
0.312989 -2.46744
0.179009 -2.71828
0.44327 -2.52294
0.0129521 -2.66552
0.669064 -2.08925
-0.525012 -2.90145
-1.838 0.957798
1.02166 -2.88229
-1.24604 -2.88932
-1.24957 0.32516
0.371267 -1.10505
-0.556804 -3.31163
-1.78654 1.43377
0.55221 -3.86424
-0.253643 -2.22105
-0.148624 -1.58387
0.729169 -2.43812
-0.515148 -2.77563
-1.85405 0.749001
1.12449 -2.33875
-1.57253 -2.95786
-1.0748 -0.630119
-1.58446 -1.08699
-1.21503 -1.26611
-1.58709 -0.11197
-0.517954 -1.4765
-1.21789 -1.8771
-1.47069 0.186448
-0.140764 -1.3059
0.564423 -2.87802
-0.090121 -2.49686
0.65636 -1.65201
-0.726489 -3.11762
-1.53446 1.71177
0.123955 -4.21048
0.156053 -1.79301
0.168106 -3.02967
0.496201 -2.31422
-0.134005 -2.75381
0.293011 -1.44888
-0.227846 -3.16617
-0.967851 -2.03115
-1.53549 0.870858
1.07406 -2.0574
-1.51184 -3.06339
-1.1122 -0.426655
-1.40868 -1.48597
-1.44438 -0.560103
-1.32624 -1.35141
-1.51733 -0.357751
-1.03716 -1.57389
-1.60975 0.47186
0.741107 -1.02047
-1.32365 -3.43151
-1.11977 0.289274
0.596619 -1.12446
-0.952469 -3.36261
-1.26434 1.38955
0.280329 -3.92446
0.216995 -1.95787
0.138234 -2.96259
0.532136 -2.30205
-0.194379 -2.75836
-0.267705 -1.6884
0.615326 -1.4233
-0.785983 -3.21689
-1.44561 1.70447
0.0549502 -4.22615
0.137727 -1.73964
0.175704 -3.04957
0.487233 -2.31352
-0.120695 -2.75501
0.379549 -1.45065
-0.359857 -3.15328
-1.84077 -0.841009
-0.16343 -1.13615
0.506163 -3.00348
0.0237441 -2.43187
0.644189 -2.33397
-0.377342 -2.77013
-1.80287 -0.952267
-0.415556 -1.27589
0.349147 -1.30732
-0.395059 -3.21864
-1.90373 -0.269943
0.633385 -0.833813
-1.24331 -3.50019
-1.12282 0.567256
0.998117 -1.90118
-1.37954 -3.14152
-1.16362 -0.00804359
-0.543912 -1.61434
-1.59525 -1.44429
-1.20605 -1.15067
-1.60658 -0.19814
-0.590001 -1.49705
-1.63106 -1.32648
-1.12665 -1.26822
-1.62804 0.0621063
-0.0615574 -1.2092
0.292985 -3.17919
0.341543 -2.33107
0.0941931 -2.77859
0.579801 -2.31519
-0.268203 -2.75765
-1.09391 -2.00842
-1.48286 0.578574
0.829246 -1.14031
-1.42449 -3.37724
-1.10235 -0.0351176
-0.449781 -1.57709
-0.855226 -1.9
-1.64658 0.887627
1.09021 -2.19624
-1.51285 -3.02372
-1.11766 -0.446011
-1.43592 -1.43711
-1.42704 -0.670597
-1.39824 -1.20479
-1.48047 -0.667356
-1.31697 -1.31266
-1.52776 -0.35232
-1.00726 -1.57733
-1.62465 0.512485
0.829576 -1.07783
-1.46764 -3.38942
-1.08277 -0.150817
-0.76508 -1.72588
-1.75752 0.520115
1.02462 -1.32342
-1.7238 -3.17718
-0.857957 -0.823379
-1.55637 -1.34548
-1.27992 -1.08466
-1.57259 -0.426325
-0.962082 -1.55683
-1.65518 0.526545
0.890734 -1.131
-1.55969 -3.34063
-1.03672 -0.419071
-1.3043 -1.64828
-1.48209 -0.156025
-0.857035 -1.61978
-1.71048 0.560708
1.00059 -1.29806
-1.68786 -3.21247
-0.912614 -0.754317
-1.56918 -1.27637
-1.25733 -1.14697
-1.58031 -0.314234
-0.824746 -1.56506
-1.74303 0.411946
0.890225 -1.08052
-1.59121 -3.34482
-1.011 -0.492206
-1.38267 -1.57429
-1.45101 -0.439769
-1.23897 -1.47686
-1.54149 -0.0330032
-0.505243 -1.48913
-1.14632 -1.90241
-1.48875 0.402743
0.451654 -1.02479
-0.750195 -3.3661
-1.48152 1.81737
-0.0675572 -4.34687
-0.166662 -1.79746
0.779114 -1.95612
-0.822144 -3.04127
-1.427 1.56663
0.234958 -4.04995
0.195871 -1.89574
0.146098 -2.98943
0.523112 -2.30081
-0.180542 -2.75881
-0.120672 -1.6046
0.68082 -2.56827
-0.374959 -2.68259
-1.76534 -1.10979
-0.647113 -1.35945
-1.65638 -1.21042
-1.05157 -1.34577
-1.6505 0.237259
0.367024 -0.993921
-0.623988 -3.36445
-1.68001 1.73125
0.168465 -4.24589
0.0994323 -1.83899
0.297493 -2.97012
0.31503 -2.45142
0.171177 -2.72591
0.456815 -2.50818
-0.0109744 -2.6698
0.680398 -1.96563
-0.605731 -2.96986
-1.72467 1.45653
0.538348 -3.8482
-0.208752 -2.20045
0.319902 -1.3928
-0.300166 -3.18484
-1.59539 -1.66141
-1.1946 -1.08283
-1.61908 -0.250835
-0.621014 -1.50137
-1.71468 -1.0168
-0.821491 -1.41937
-1.76305 0.117374
0.522961 -0.915843
-0.962392 -3.44254
-1.24595 1.39788
0.237746 -3.95868
0.248962 -1.91602
0.0690644 -2.98071
0.610576 -2.1009
-0.40902 -2.8689
-1.88032 -0.363284
0.432176 -0.862038
-0.832727 -3.44381
-1.3683 1.72829
-0.0674424 -4.28717
-0.120218 -1.76637
0.736396 -2.33426
-0.56577 -2.82866
-1.79208 1.16107
0.867175 -3.30197
-0.852174 -2.68813
-1.46249 1.36455
0.56786 -3.66758
-0.175512 -2.23923
0.501517 -1.42235
-0.576512 -3.17671
-1.75729 1.46811
0.517479 -3.89501
-0.192145 -2.17671
0.467761 -1.40193
-0.531083 -3.18006
-1.82295 1.2071
0.801092 -3.46894
-0.715356 -2.58411
-1.62923 1.39681
0.613313 -3.68626
-0.294865 -2.29596
-0.764366 -1.91899
-1.7201 0.81351
1.11065 -2.08401
-1.59621 -3.01723
-1.04259 -0.662064
-1.59649 -1.07665
-1.18699 -1.29592
-1.59564 -0.0245321
-0.335089 -1.38016
0.674461 -1.4383
-0.89491 -3.2369
-1.32807 1.48973
0.225536 -4.01064
0.231445 -1.89412
0.0870426 -2.99169
0.593327 -2.15271
-0.355894 -2.83827
-1.75653 -1.17828
-0.702448 -1.36493
-1.75067 -0.72047
-0.5339 -1.37485
-1.10671 -1.90039
-1.50322 0.508054
0.702708 -1.04256
-1.22782 -3.42516
-1.14146 0.578804
0.998725 -1.85817
-1.39978 -3.15111
-1.15478 -0.0653601
-0.702024 -1.68681
-1.80087 0.154495
0.708901 -0.917345
-1.33309 -3.4674
-1.11024 0.278823
0.59623 -1.12693
-0.949935 -3.36123
-1.26637 1.39609
0.273685 -3.93229
0.221237 -1.95087
0.128314 -2.96605
0.545191 -2.27852
-0.224193 -2.77002
-0.619164 -1.88531
-1.82699 0.0446712
0.659626 -0.889228
-1.25387 -3.48022
-1.12463 0.525051
0.980717 -1.71879
-1.42132 -3.18918
-1.13931 -0.113528
-0.807901 -1.72419
-1.72517 0.630324
1.06813 -1.51668
-1.71828 -3.11434
-0.866672 -0.844136
-1.59361 -1.2404
-1.20771 -1.22139
-1.59693 -0.13395
-0.523027 -1.47439
-1.25101 -1.86104
-1.4628 0.0794367
-0.422934 -1.47372
-0.269412 -1.60677
0.694756 -1.5086
-0.892089 -3.21144
-1.33424 1.48607
0.239623 -3.99969
0.22303 -1.90816
0.106774 -2.98558
0.57196 -2.21324
-0.294075 -2.80432
-1.37376 -1.902
-1.40258 -0.314558
-1.1968 -1.5574
-1.54382 0.124317
-0.163413 -1.29803
0.618184 -2.79262
-0.201569 -2.55147
-0.0963991 -1.57684
0.611774 -2.72205
-0.203729 -2.57964
-0.156215 -1.61204
0.75153 -2.34333
-0.596131 -2.83682
-1.75044 1.31788
0.707856 -3.59961
-0.503745 -2.43693
-1.86768 0.147071
0.908507 -1.01849
-1.66786 -3.32623
-0.93411 -0.662078
-1.49502 -1.43424
-1.36465 -0.864897
-1.50826 -0.855594
-1.32503 -1.22236
-1.53309 -0.434696
-1.07119 -1.54497
-1.59966 0.396141
0.579078 -0.980531
-1.02312 -3.42745
-1.21032 1.21157
0.460126 -3.69211
0.0368358 -2.1394
0.551238 -2.63666
-0.119064 -2.60433
0.496562 -1.47011
-0.539129 -3.15167
-1.81219 1.24511
0.765559 -3.53223
-0.638199 -2.52836
-1.73541 1.19045
0.859081 -3.28199
-0.820027 -2.67857
-1.49431 1.41057
0.52763 -3.74105
-0.120794 -2.18869
0.719668 -1.74638
-0.802687 -3.10522
-1.43917 1.62794
0.158299 -4.13005
0.205458 -1.81968
0.095511 -3.02521
0.583638 -2.15706
-0.337134 -2.83364
-1.67434 -1.44098
-1.0182 -1.30044
-1.67556 0.200453
0.368483 -0.984237
-0.6331 -3.36935
-1.66505 1.75612
0.13112 -4.27313
0.0955908 -1.81161
0.292186 -2.98261
0.323923 -2.44315
0.155953 -2.72879
0.480996 -2.48406
-0.0538157 -2.67714
0.656425 -1.72735
-0.683405 -3.07856
-1.59991 1.68325
0.204801 -4.16778
0.137918 -1.86335
0.234286 -2.98582
0.403013 -2.41458
0.0358601 -2.72519
0.648374 -2.14694
-0.459442 -2.86221
-1.89204 0.285984
1.07081 -1.32416
-1.81683 -3.09302
-0.668555 -0.924667
-0.932127 -1.86166
-1.60017 0.818882
1.08466 -1.89128
-1.59624 -3.07441
-1.03633 -0.637003
-1.57571 -1.15711
-1.23981 -1.21442
-1.58194 -0.213361
-0.690425 -1.5419
-1.79595 -0.291507
0.0882225 -1.04949
-0.126573 -3.35238
-0.0361678 -1.60813
0.481815 -2.89894
0.0464387 -2.48098
0.616325 -2.3817
-0.308674 -2.73637
-1.43941 -1.83521
-1.37026 -0.553725
-1.41816 -1.24735
-1.45998 -0.70481
-1.36301 -1.23795
-1.50583 -0.537782
-1.20566 -1.45818
-1.55915 0.0461172
-0.299029 -1.37308
0.790199 -1.69928
-0.984171 -3.16955
-1.27556 1.21973
0.555504 -3.59303
-0.117373 -2.23672
0.707738 -1.71692
-0.794172 -3.11299
-1.44801 1.64466
0.143252 -4.14849
0.199476 -1.80558
0.0988936 -3.03133
0.579951 -2.16293
-0.328303 -2.82996
-1.62626 -1.5557
-1.13795 -1.18612
-1.63499 -0.043498
-0.238886 -1.31012
0.787931 -2.32037
-0.687785 -2.87884
-1.61668 1.57095
0.369243 -4.00244
0.0351211 -2.01574
0.510194 -2.73527
-0.0295463 -2.55728
0.695743 -1.9557
-0.641892 -2.98419
-1.67011 1.56864
0.387013 -4.01015
-0.00247191 -2.03279
0.596176 -2.6011
-0.204994 -2.62886
-0.232949 -1.65952
0.758032 -1.6787
-0.924412 -3.16151
-1.31602 1.38259
0.369839 -3.85201
0.124003 -2.03854
0.337149 -2.87578
0.24593 -2.50685
0.289235 -2.69298
0.273943 -2.60242
0.2735 -2.6485
0.285793 -2.6238
0.261876 -2.63878
0.300334 -2.62637
0.241778 -2.63839
0.330017 -2.61959
0.198288 -2.64078
0.397246 -2.59009
0.0970903 -2.64367
0.560424 -2.41775
-0.199493 -2.70656
-0.265921 -1.68392
0.629175 -1.43594
-0.805087 -3.21663
-1.42249 1.67431
0.0732659 -4.19842
0.16846 -1.74729
0.124165 -3.0546
0.551625 -2.21354
-0.259936 -2.80111
-1.04928 -2.01269
-1.4995 0.691771
0.987422 -1.41901
-1.59328 -3.22657
-1.02258 -0.558238
-1.48912 -1.39392
-1.37487 -0.86227
-1.49847 -0.883075
-1.34673 -1.1789
-1.52242 -0.528546
-1.1651 -1.48343
-1.5714 0.161859
-0.0106233 -1.19883
0.166907 -3.24667
0.498112 -2.18128
-0.187672 -2.81476
-0.253683 -1.68401
0.681143 -1.50169
-0.868196 -3.20805
-1.35643 1.54216
0.1861 -4.06268
0.234234 -1.8505
0.06301 -3.01077
0.61321 -2.06113
-0.43156 -2.88936
-1.89555 -0.0296948
0.829694 -0.920657
-1.57593 -3.40936
-1.01543 -0.420908
-1.26479 -1.68905
-1.49145 -0.0170916
-0.587325 -1.54436
-1.66941 -1.21556
-1.01469 -1.359
-1.66696 0.277267
0.491842 -0.959731
-0.870745 -3.41099
-1.32925 1.62741
0.02473 -4.1925
0.141756 -1.71169
0.15447 -3.06486
0.515013 -2.26956
-0.179514 -2.77337
-0.125175 -1.6081
0.691939 -2.53879
-0.405932 -2.70302
-1.84727 -0.633213
0.0154506 -1.04768
0.0104232 -3.3415
0.540816 -1.71823
-0.474248 -3.03797
-1.88628 0.618917
1.14898 -2.11194
-1.68402 -2.9517
-0.926901 -0.863434
-1.66678 -0.899853
-0.951043 -1.44627
-1.68541 0.394919
0.74616 -0.990512
-1.35585 -3.43942
-1.11052 0.196916
0.346702 -1.14359
-0.491609 -3.29229
-1.87378 0.941487
1.01133 -2.95555
-1.2225 -2.87057
-1.25849 0.3948
0.558197 -1.08193
-0.907947 -3.37043
-1.29864 1.5148
0.145571 -4.07197
0.254529 -1.81025
0.0127587 -3.02562
0.624831 -1.85241
-0.55457 -2.99868
-1.79579 1.23799
0.782356 -3.48873
-0.667382 -2.55443
-1.69441 1.29939
0.741987 -3.50382
-0.55428 -2.48941
-1.83492 0.690358
1.13699 -2.08354
-1.66191 -2.97635
-0.960704 -0.815955
-1.65699 -0.905456
-0.984418 -1.44059
-1.66737 0.387268
0.695022 -0.976504
-1.2606 -3.44901
-1.12961 0.489275
0.949451 -1.55827
-1.43171 -3.23715
-1.12608 -0.122813
-0.803084 -1.7263
-1.72847 0.623445
1.06681 -1.50632
-1.72033 -3.11625
-0.863192 -0.845954
-1.59005 -1.25324
-1.21571 -1.20804
-1.5948 -0.163446
-0.576447 -1.49762
-1.58372 -1.44973
-1.22811 -1.11981
-1.59856 -0.274559
-0.720196 -1.53998
-1.79543 -0.0921673
0.345733 -0.938607
-0.625904 -3.38843
-1.67706 1.74661
0.147181 -4.26458
0.0957235 -1.82364
0.297676 -2.9756
0.31555 -2.44838
0.169492 -2.72733
0.459685 -2.505
-0.0160988 -2.67076
0.680898 -1.93776
-0.620539 -2.98427
-1.70167 1.5144
0.463135 -3.93485
-0.0991612 -2.11244
0.747044 -1.98753
-0.73531 -3.00288
-1.53594 1.6502
0.212345 -4.12722
0.163407 -1.86967
0.190638 -2.99421
0.463595 -2.36758
-0.0665132 -2.73358
0.61326 -1.62891
-0.655917 -3.10865
-1.63848 1.66842
0.241758 -4.15117
0.111363 -1.8968
0.30054 -2.94742
0.307595 -2.46475
0.185904 -2.72007
0.432933 -2.52991
0.0297447 -2.66441
0.654095 -2.16686
-0.461972 -2.85529
-1.89094 0.307406
1.08104 -1.36156
-1.81899 -3.07705
-0.661281 -0.93004
-0.892226 -1.85615
-1.62923 0.842315
1.09282 -2.00883
-1.57491 -3.0503
-1.06097 -0.596842
-1.55544 -1.19906
-1.28069 -1.14432
-1.56742 -0.374138
-0.926753 -1.56846
-1.67447 0.544118
0.938293 -1.19204
-1.62017 -3.29088
-0.989553 -0.585554
-1.48233 -1.4274
-1.38027 -0.826855
-1.48882 -0.933495
-1.36964 -1.1179
-1.50893 -0.640242
-1.25406 -1.38542
-1.55017 -0.127156
-0.650594 -1.54506
-1.77802 -0.608079
-0.32247 -1.27144
0.805126 -1.72682
-1.00242 -3.16494
-1.26649 1.16493
0.622773 -3.48451
-0.232576 -2.32416
-0.0945397 -1.56029
0.598611 -2.75013
-0.173816 -2.56267
0.159829 -1.46079
-0.00862865 -3.18119
0.567193 -1.69872
-0.531207 -3.055
-1.82481 1.12828
0.881837 -3.29027
-0.894339 -2.70857
-1.42378 1.28965
0.639505 -3.53642
-0.291226 -2.33754
-0.794106 -1.93238
-1.69049 0.881021
1.0956 -2.24814
-1.51425 -3.0088
-1.11894 -0.455993
-1.44806 -1.41396
-1.41791 -0.720387
-1.42524 -1.13293
-1.45836 -0.796555
-1.39031 -1.15068
-1.49028 -0.678312
-1.30438 -1.3219
-1.53377 -0.309434
-0.946326 -1.58819
-1.65765 0.565399
0.942969 -1.21075
-1.61857 -3.28514
-0.991724 -0.585069
-1.48465 -1.42161
-1.37807 -0.836629
-1.49233 -0.917819
-1.3621 -1.13827
-1.51381 -0.603064
-1.22636 -1.42085
-1.55688 -0.030577
-0.459969 -1.46122
-0.639141 -1.81152
-1.82071 0.0241702
0.609353 -0.885765
-1.1551 -3.47735
-1.14903 0.828506
0.883922 -2.83147
-0.831357 -2.79359
-1.4606 1.44468
0.44917 -3.82755
-0.00396568 -2.1037
0.621785 -2.52592
-0.27232 -2.67149
-1.04812 -2.00363
-1.50218 0.691089
0.987234 -1.41649
-1.59425 -3.22694
-1.02162 -0.560306
-1.49051 -1.39164
-1.37335 -0.867638
-1.50047 -0.873772
-1.34174 -1.19058
-1.52495 -0.505665
-1.1442 -1.50038
-1.57679 0.220659
0.138841 -1.11501
-0.173738 -3.32383
-0.462225 -1.83898
-1.48331 -1.6851
-1.35143 -0.741663
-1.50147 -0.96971
-1.35473 -1.12633
-1.52008 -0.590563
-1.20689 -1.43863
-1.56221 0.0310756
-0.322382 -1.38536
0.719163 -1.5064
-0.944901 -3.22472
-1.29092 1.35227
0.37857 -3.82989
0.120495 -2.04995
0.348574 -2.86514
0.228415 -2.51214
0.317683 -2.68357
0.231698 -2.6087
0.33799 -2.6315
0.190318 -2.63393
0.408273 -2.58671
0.0807943 -2.64287
0.585531 -2.37192
-0.25763 -2.73222
-0.956584 -1.99988
-1.54995 0.873917
1.07658 -2.06965
-1.5143 -3.05896
-1.11112 -0.435294
-1.41885 -1.47028
-1.43812 -0.600301
-1.35507 -1.29967
-1.50529 -0.476039
-1.16534 -1.50138
-1.56774 0.172476
0.00498664 -1.19099
0.127612 -3.26304
0.537289 -2.09808
-0.284262 -2.85406
-1.32645 -1.93994
-1.41859 -0.146331
-0.947418 -1.64881
-1.64279 0.627087
0.994853 -1.335
-1.65545 -3.22072
-0.955258 -0.692872
-1.56037 -1.26975
-1.27336 -1.12647
-1.57323 -0.371582
-0.907783 -1.56701
-1.68709 0.535965
0.94531 -1.19649
-1.632 -3.2829
-0.97788 -0.614706
-1.50245 -1.39361
-1.35824 -0.904645
-1.51727 -0.798277
-1.29511 -1.28366
-1.54389 -0.307049
-0.917892 -1.58562
-1.67637 0.562937
0.962063 -1.23534
-1.64362 -3.2626
-0.966558 -0.648792
-1.52725 -1.34563
-1.32636 -1.00051
-1.54526 -0.62226
-1.16874 -1.4509
-1.57619 0.1322
-0.065842 -1.22954
0.317672 -3.15668
0.307835 -2.35023
0.14887 -2.77554
0.499051 -2.44224
-0.0942364 -2.6945
0.547939 -1.52503
-0.596493 -3.1374
-1.72812 1.52979
0.441698 -3.97614
-0.0843702 -2.09005
0.740185 -2.11508
-0.661388 -2.93552
-1.6468 1.57408
0.374533 -4.01219
0.0187156 -2.02051
0.547109 -2.68437
-0.100294 -2.58199
0.587681 -1.54785
-0.65565 -3.13996
-1.63667 1.68523
0.217977 -4.17414
0.118962 -1.87593
0.276167 -2.966
0.34336 -2.44787
0.129998 -2.72328
0.520528 -2.44049
-0.127848 -2.69413
0.381475 -1.44367
-0.366809 -3.15625
-1.85697 -0.732336
-0.00629503 -1.04828
0.0556682 -3.33195
0.565002 -1.86959
-0.437321 -2.96894
-1.90106 0.128853
0.983142 -1.10057
-1.76461 -3.22528
-0.789123 -0.846471
-1.40661 -1.63937
-1.42488 -0.498267
-1.31955 -1.38854
-1.51615 -0.317019
-0.996994 -1.58842
-1.62773 0.533049
0.864514 -1.11284
-1.51698 -3.36278
-1.06182 -0.298296
-1.10721 -1.75097
-1.53738 0.444902
0.595063 -1.00316
-1.03793 -3.42125
-1.2037 1.16392
0.520716 -3.60788
-0.0499559 -2.20379
0.7152 -2.1909
-0.575406 -2.88066
-1.77499 1.25826
0.769119 -3.50138
-0.633436 -2.53325
-1.74057 1.17862
0.870114 -3.25888
-0.846961 -2.69591
-1.46552 1.37683
0.55274 -3.69108
-0.152094 -2.22025
0.626599 -1.52578
-0.743529 -3.16859
-1.50591 1.72798
0.0784217 -4.23672
0.136762 -1.75954
0.187232 -3.03914
0.47146 -2.33581
-0.0891921 -2.74687
0.538617 -1.52602
-0.579264 -3.13405
-1.75441 1.45627
0.533378 -3.87181
-0.213221 -2.19574
0.290172 -1.3964
-0.252405 -3.18819
-1.22274 -2.01577
-1.44003 0.207413
-0.115953 -1.29913
0.494577 -2.97319
0.0381698 -2.44551
0.623904 -2.38014
-0.323046 -2.73984
-1.54335 -1.69942
-1.27596 -0.927077
-1.57926 -0.587397
-1.06481 -1.50242
-1.61202 0.372895
0.554204 -0.975545
-0.978095 -3.42243
-1.23796 1.34302
0.307507 -3.88324
0.201863 -1.98852
0.176343 -2.94618
0.479048 -2.37819
-0.0856468 -2.72632
0.561994 -1.54682
-0.608906 -3.13087
-1.70934 1.56959
0.389373 -4.02859
-0.0208884 -2.03568
0.634423 -2.52434
-0.296286 -2.67733
-1.28732 -1.94793
-1.43255 -0.0151187
-0.680254 -1.60064
-1.80292 -0.206214
0.228382 -0.979474
-0.40569 -3.36857
-1.91998 -0.064123
0.883438 -0.947782
-1.66413 -3.35467
-0.936956 -0.63999
-1.47032 -1.47857
-1.38887 -0.76781
-1.46988 -1.01771
-1.40452 -1.00665
-1.47896 -0.827922
-1.36671 -1.17345
-1.50811 -0.59158
-1.23177 -1.42112
-1.55443 -0.0448551
-0.493744 -1.4787
-1.0224 -1.91589
-1.53523 0.710414
1.01319 -1.47817
-1.61804 -3.19392
-1.0008 -0.629875
-1.54462 -1.27862
-1.30056 -1.07936
-1.56017 -0.482371
-1.04241 -1.53613
-1.61563 0.433556
0.680122 -0.992538
-1.21807 -3.44254
-1.14007 0.617018
1.00412 -2.02595
-1.344 -3.10945
-1.1807 0.0885047
-0.263386 -1.44986
0.804156 -1.82962
-0.944059 -3.11763
-1.30959 1.31287
0.466113 -3.73218
0.00947733 -2.13422
0.604505 -2.54897
-0.234285 -2.65506
-0.601803 -1.86944
-1.82736 -0.142303
0.424145 -0.898661
-0.791216 -3.42319
-1.42175 1.79395
-0.095983 -4.33765
-0.255149 -1.83216
0.50017 -1.37287
-0.604732 -3.20139
-1.71305 1.5948
0.355734 -4.06923
0.00816958 -2.00293
0.563042 -2.66662
-0.131041 -2.59203
0.442372 -1.44456
-0.463514 -3.15631
-1.89654 0.587643
1.15292 -2.07666
-1.7027 -2.94754
-0.894837 -0.89262
-1.66359 -0.955897
-0.979372 -1.4298
-1.6724 0.375204
0.685069 -0.971101
-1.24417 -3.45083
-1.1327 0.54055
0.985526 -1.74277
-1.42112 -3.18189
-1.14076 -0.11609
-0.818515 -1.72644
-1.71647 0.653449
1.07441 -1.56009
-1.71163 -3.10485
-0.877827 -0.839439
-1.60511 -1.19697
-1.17989 -1.2637
-1.60399 -0.0375293
-0.332879 -1.37568
0.689295 -1.45705
-0.913503 -3.23459
-1.3129 1.44097
0.277024 -3.95135
0.206577 -1.94854
0.151374 -2.96597
0.514827 -2.32543
-0.158584 -2.74754
0.102155 -1.49684
0.115484 -3.15594
0.557369 -2.13164
-0.303106 -2.8406
-1.46904 -1.81223
-1.34818 -0.65899
-1.4827 -1.07172
-1.39016 -1.00804
-1.4928 -0.786306
-1.3348 -1.239
-1.52514 -0.45205
-1.10389 -1.53169
-1.58764 0.32645
0.406127 -1.00429
-0.684052 -3.36588
-1.58215 1.82848
-0.00474846 -4.34902
-0.0326958 -1.76652
0.55468 -2.75659
-0.0962927 -2.54979
0.616904 -1.58423
-0.689267 -3.13356
-1.58641 1.71649
0.151358 -4.21211
0.14196 -1.81797
0.205613 -3.01165
0.444713 -2.37403
-0.0368982 -2.73421
0.660125 -1.78085
-0.661088 -3.05289
-1.63528 1.64453
0.273602 -4.11667
0.0987121 -1.92539
0.33859 -2.91696
0.251187 -2.48472
0.274889 -2.70617
0.297444 -2.59288
0.237106 -2.65567
0.34112 -2.60778
0.17969 -2.64546
0.427672 -2.56845
0.0484197 -2.64734
0.63171 -2.25693
-0.38296 -2.80139
-1.82574 -0.828283
-0.234569 -1.18396
0.722972 -2.59733
-0.457082 -2.70115
-1.88549 0.0496895
0.870564 -0.963542
-1.6283 -3.36891
-0.974297 -0.561074
-1.42453 -1.53394
-1.42557 -0.594812
-1.37025 -1.28404
-1.49623 -0.532398
-1.22134 -1.45034
-1.55386 0.000358196
-0.407354 -1.43515
0.00928302 -1.44384
0.278241 -3.11532
0.356661 -2.3626
0.083587 -2.76058
0.592982 -2.29611
-0.298097 -2.76969
-1.38099 -1.89308
-1.40011 -0.341198
-1.2277 -1.53127
-1.53632 0.0266381
-0.397852 -1.43629
0.102655 -1.39819
0.0588035 -3.20277
0.590649 -1.93974
-0.447867 -2.94159
-1.89821 0.233296
1.05016 -1.25363
-1.8117 -3.12437
-0.684448 -0.913208
-1.01492 -1.86474
-1.55146 0.699344
1.00888 -1.44892
-1.62396 -3.20042
-0.993734 -0.639395
-1.54741 -1.27645
-1.29591 -1.08813
-1.56258 -0.462586
-1.02036 -1.54458
-1.6251 0.468781
0.758622 -1.0239
-1.35758 -3.42749
-1.11251 0.185813
0.302512 -1.15721
-0.412109 -3.28724
-1.91745 0.00525757
0.931958 -1.00632
-1.72157 -3.29472
-0.862581 -0.764807
-1.49041 -1.48122
-1.36616 -0.832233
-1.50312 -0.894614
-1.34117 -1.18217
-1.52604 -0.50999
-1.14477 -1.49872
-1.57689 0.21831
0.13359 -1.11768
-0.163155 -3.32318
-0.354935 -1.77821
-0.338142 -1.66761
0.11907 -1.4079
0.0340298 -3.20144
0.592672 -1.85285
-0.494905 -2.98566
-1.86802 0.778813
1.10993 -2.48426
-1.51216 -2.94603
-1.13026 -0.475192
-1.4732 -1.35518
-1.39629 -0.827808
-1.47252 -0.970765
-1.3973 -1.04715
-1.4865 -0.774922
-1.34215 -1.23407
-1.52076 -0.47718
-1.13306 -1.51409
-1.5787 0.254149
0.221318 -1.07439
-0.334086 -3.33005
-1.78461 -1.1641
-0.579333 -1.32407
-1.31816 -1.80142
-1.44809 -0.153622
-0.915099 -1.63696
-1.66649 0.622077
1.01083 -1.36122
-1.67484 -3.19921
-0.931155 -0.738739
-1.57743 -1.2397
-1.24069 -1.18304
-1.58528 -0.242567
-0.720302 -1.54746
-1.79575 -0.0723617
0.374626 -0.929358
-0.681801 -3.39718
-1.58529 1.84137
-0.0202019 -4.36374
-0.0714745 -1.77652
0.646789 -2.58909
-0.301742 -2.65384
-1.3134 -1.93121
-1.42571 -0.104941
-0.866312 -1.64491
-1.6985 0.606352
1.02738 -1.38485
-1.69719 -3.17555
-0.899897 -0.78662
-1.5844 -1.24283
-1.22689 -1.19878
-1.59043 -0.196768
-0.64031 -1.5227
-1.758 -0.769082
-0.530761 -1.36549
-1.05718 -1.90535
-1.52186 0.63044
0.92101 -1.24931
-1.54893 -3.30382
-1.04972 -0.411499
-1.31357 -1.63423
-1.48021 -0.190817
-0.913592 -1.62167
-1.67103 0.604525
0.998883 -1.32429
-1.66983 -3.21533
-0.937141 -0.722064
-1.56823 -1.26135
-1.25886 -1.15072
-1.5791 -0.314527
-0.828681 -1.56601
-1.74028 0.423265
0.898551 -1.0926
-1.60045 -3.33614
-1.00385 -0.518041
-1.41065 -1.53982
-1.43587 -0.546082
-1.33149 -1.35291
-1.51401 -0.373012
-1.05967 -1.56641
-1.60035 0.431509
0.651308 -0.990426
-1.1607 -3.43994
-1.15467 0.793552
0.925988 -2.68026
-0.961965 -2.88079
-1.34335 1.18208
0.70329 -3.38276
-0.402035 -2.43897
-1.74432 -1.14364
-0.74284 -1.3814
-1.77706 -0.376154
-0.103958 -1.16248
0.3667 -3.13878
0.240937 -2.36505
0.253845 -2.76625
0.340607 -2.55298
0.16526 -2.67274
0.456231 -2.53338
-0.00254964 -2.65813
0.678773 -2.01841
-0.577025 -2.94234
-1.76804 1.31577
0.704394 -3.61633
-0.503019 -2.43226
-1.86768 0.130869
0.893074 -1.00057
-1.64874 -3.34412
-0.954976 -0.616181
-1.46958 -1.47036
-1.39048 -0.768491
-1.4683 -1.02053
-1.40677 -1.0002
-1.47653 -0.839525
-1.37276 -1.15817
-1.50435 -0.620327
-1.25357 -1.39337
-1.54912 -0.120992
-0.643225 -1.54302
-1.77044 -0.680452
-0.414413 -1.3162
0.259372 -1.33003
-0.242053 -3.22069
-1.13594 -2.03787
-1.4617 0.472476
0.607607 -1.02918
-1.04365 -3.41254
-1.20237 1.14257
0.550533 -3.56463
-0.0970771 -2.23791
0.729453 -1.85051
-0.766707 -3.05896
-1.48834 1.65466
0.167521 -4.14622
0.186838 -1.82832
0.130781 -3.01973
0.543551 -2.2502
-0.232347 -2.78314
-0.726974 -1.93515
-1.75034 0.736278
1.11747 -1.91499
-1.66633 -3.02411
-0.951491 -0.803596
-1.64547 -0.973809
-1.0396 -1.41051
-1.64394 0.318718
0.514087 -0.965894
-0.908131 -3.41474
-1.29306 1.53484
0.10765 -4.10327
0.244647 -1.7703
0.00948932 -3.04404
0.619756 -1.82899
-0.557237 -3.00838
-1.79165 1.26066
0.758767 -3.53196
-0.617586 -2.51722
-1.76245 1.09814
0.942364 -3.08081
-1.0277 -2.80399
-1.32693 0.975231
0.93685 -2.7713
-0.986952 -2.8659
-1.33278 1.10898
0.789547 -3.19933
-0.592105 -2.58717
-1.78391 1.05582
0.971307 -3.00873
-1.10543 -2.84067
-1.29231 0.753316
1.03021 -1.98288
-1.42695 -3.10942
-1.15194 -0.163642
-0.967312 -1.74219
-1.60794 0.69227
1.02864 -1.47194
-1.65497 -3.17426
-0.958718 -0.714562
-1.58449 -1.19682
-1.22449 -1.218
-1.58917 -0.174355
-0.610979 -1.51328
-1.70247 -1.07718
-0.882454 -1.41121
-1.73193 0.268258
0.659144 -0.938007
-1.21597 -3.46195
-1.13662 0.632711
1.00196 -2.10956
-1.30765 -3.08813
-1.19435 0.19372
0.0672394 -1.2485
0.037222 -3.26308
0.579233 -1.8376
-0.478622 -2.98887
-1.88251 0.622916
1.14828 -2.10469
-1.68413 -2.95377
-0.926648 -0.862763
-1.66628 -0.90282
-0.953715 -1.44534
-1.68403 0.39434
0.742288 -0.989167
-1.34882 -3.44058
-1.11202 0.218392
0.411122 -1.12766
-0.60896 -3.30568
-1.70448 1.66059
0.267211 -4.16049
0.0705346 -1.92145
0.394911 -2.88066
0.167916 -2.4995
0.412308 -2.64423
0.0907556 -2.61429
0.566096 -2.42159
-0.207644 -2.70551
-0.355885 -1.7366
-0.242514 -1.60777
0.767077 -1.6947
-0.935116 -3.15896
-1.30867 1.35295
0.404072 -3.80853
0.087805 -2.07241
0.422345 -2.80545
0.114907 -2.53336
0.511071 -2.53751
-0.0829486 -2.64947
0.607377 -1.59358
-0.665493 -3.12443
-1.62277 1.69047
0.205297 -4.17933
0.127572 -1.86451
0.254352 -2.97873
0.374743 -2.4311
0.0807709 -2.7244
0.594045 -2.31295
-0.293677 -2.76201
-1.33797 -1.92461
-1.41637 -0.188435
-1.01665 -1.63973
-1.60504 0.552238
0.866862 -1.12687
-1.51263 -3.3593
-1.06492 -0.288661
-1.09183 -1.75398
-1.54293 0.482223
0.679629 -1.01951
-1.1971 -3.432
-1.147 0.676998
0.995432 -2.24646
-1.2457 -3.05023
-1.21578 0.375352
0.588403 -1.09707
-0.955948 -3.37337
-1.26029 1.3845
0.281449 -3.92134
0.217198 -1.95953
0.138614 -2.96183
0.531595 -2.30332
-0.193052 -2.75775
-0.252532 -1.6795
0.689524 -1.51439
-0.877555 -3.20586
-1.34801 1.51919
0.209009 -4.03654
0.231445 -1.87509
0.0785491 -3.00014
0.601162 -2.12057
-0.383507 -2.85616
-1.83987 -0.751239
-0.111065 -1.11422
0.349581 -3.16618
0.266034 -2.3492
0.210176 -2.77779
0.406801 -2.51911
0.0632969 -2.67538
0.614087 -2.29061
-0.337688 -2.77863
-1.65116 -1.49166
-1.08051 -1.25239
-1.65251 0.102018
0.0994844 -1.10995
-0.10848 -3.32757
0.111581 -1.54665
0.124888 -3.13505
0.548866 -2.16635
-0.274503 -2.82303
-1.21399 -1.99039
-1.44807 0.22845
-0.0508321 -1.25789
0.300264 -3.15993
0.330925 -2.34431
0.113783 -2.77461
0.551474 -2.36975
-0.201215 -2.72797
-0.309584 -1.71092
0.292226 -1.35449
-0.27913 -3.20509
-1.45589 -1.86243
-1.35244 -0.602226
-1.45815 -1.15606
-1.42226 -0.882999
-1.45119 -0.982755
-1.42607 -0.978872
-1.45523 -0.911178
-1.41407 -1.04569
-1.47016 -0.824708
-1.37926 -1.1548
-1.49932 -0.642145
-1.27313 -1.36781
-1.54368 -0.191273
-0.76767 -1.57876
-1.77613 0.247444
0.756702 -0.951252
-1.40608 -3.44677
-1.09502 0.0535206
-0.10219 -1.36785
0.504028 -2.94253
0.0191063 -2.46017
0.65439 -2.28926
-0.413475 -2.7963
-1.87453 -0.392287
0.374833 -0.880312
-0.71703 -3.42148
-1.52904 1.86181
-0.0871298 -4.38811
-0.261147 -1.84518
0.440525 -1.35991
-0.510952 -3.19669
-1.84913 1.06438
0.926631 -3.19398
-1.00578 -2.77119
-1.34351 1.02831
0.897581 -2.91878
-0.871542 -2.78794
-1.4256 1.36752
0.528481 -3.70542
-0.105283 -2.1933
0.73388 -1.84626
-0.77848 -3.06398
-1.47322 1.64359
0.169609 -4.13658
0.192943 -1.83025
0.121309 -3.01958
0.555004 -2.22856
-0.259568 -2.79444
-1.03922 -2.01201
-1.50405 0.715101
1.00983 -1.49228
-1.60333 -3.19709
-1.01591 -0.595767
-1.52397 -1.32014
-1.33212 -1.00146
-1.54102 -0.635966
-1.18528 -1.43687
-1.57179 0.0837446
-0.184645 -1.30161
0.673413 -2.68201
-0.332156 -2.62847
-1.52505 -1.71536
-1.29902 -0.866595
-1.56102 -0.707852
-1.17263 -1.42161
-1.58008 0.10329
-0.119555 -1.26009
0.477333 -3.00411
0.0686873 -2.43069
0.569616 -2.49561
-0.189746 -2.67168
-0.120397 -1.59833
0.677454 -2.57861
-0.365343 -2.67588
-1.72757 -1.25378
-0.829388 -1.37315
-1.76247 0.044274
0.407014 -0.936755
-0.733159 -3.3999
-1.50501 1.84574
-0.0852327 -4.3736
-0.243427 -1.83438
0.566975 -1.40607
-0.704663 -3.20569
-1.55799 1.75845
0.0754644 -4.26657
0.109096 -1.76522
0.242784 -3.02042
0.395202 -2.39989
0.0419886 -2.73392
0.642291 -2.166
-0.439749 -2.85
-1.89409 0.0307701
0.880685 -0.966754
-1.64625 -3.35799
-0.956682 -0.603747
-1.45523 -1.49425
-1.40263 -0.712079
-1.44132 -1.10963
-1.44167 -0.860694
-1.42468 -1.05278
-1.4593 -0.850458
-1.39964 -1.10634
-1.48362 -0.737428
-1.33608 -1.25888
-1.52225 -0.442918
-1.10308 -1.53485
-1.58731 0.330243
0.413996 -1.00243
-0.699091 -3.36843
-1.5583 1.83642
-0.0311111 -4.35824
-0.0867966 -1.77707
0.679067 -2.5125
-0.386985 -2.70633
-1.80876 -0.902056
-0.36195 -1.25232
0.716335 -1.4752
-0.958688 -3.23856
-1.2793 1.31936
0.410696 -3.78648
0.0864215 -2.0823
0.429002 -2.79627
0.10359 -2.53684
0.53116 -2.50983
-0.122637 -2.66192
0.436602 -1.45179
-0.449896 -3.15247
-1.90486 0.429377
1.14482 -1.70633
-1.80329 -2.97214
-0.68499 -0.961265
-1.14937 -1.84853
-1.49972 0.376127
0.394045 -1.03435
-0.642481 -3.34877
-1.6497 1.76703
0.111368 -4.28311
0.0925329 -1.79767
0.291644 -2.98791
0.325363 -2.44002
0.15293 -2.7301
0.485916 -2.47834
-0.0629267 -2.67917
0.641149 -1.6775
-0.681639 -3.09658
-1.60088 1.69168
0.193551 -4.1793
0.138749 -1.85363
0.228245 -2.99144
0.411898 -2.40673
0.0207852 -2.72664
0.661096 -2.07925
-0.513848 -2.90207
-1.85044 0.869395
1.07264 -2.67537
-1.3927 -2.93068
-1.20002 -0.125909
-0.945339 -1.72755
-1.62505 0.700591
1.044 -1.51906
-1.66487 -3.15208
-0.946931 -0.743449
-1.59843 -1.16185
-1.192 -1.26378
-1.59832 -0.062673
-0.396911 -1.41254
0.174073 -1.36635
-0.085027 -3.21954
0.308548 -1.5031
-0.222265 -3.14091
-0.895578 -2.01504
-1.58671 0.962012
1.05737 -2.41236
-1.37602 -3.0004
-1.1926 -0.050207
-0.73469 -1.68901
-1.7835 0.330682
0.881445 -1.0455
-1.5961 -3.35509
-1.0056 -0.497917
-1.38242 -1.57709
-1.45077 -0.437914
-1.23795 -1.4783
-1.54167 -0.0293942
-0.497792 -1.48551
-1.07503 -1.91416
-1.51229 0.592227
0.861126 -1.16391
-1.47621 -3.35725
-1.0845 -0.19117
-0.88914 -1.75475
-1.65649 0.746935
1.0835 -1.71868
-1.6621 -3.08859
-0.954138 -0.767622
-1.62324 -1.06552
-1.12025 -1.34868
-1.61702 0.150358
0.0875223 -1.1289
-0.075069 -3.31924
0.313356 -1.51767
-0.221793 -3.13396
-0.886739 -2.01235
-1.59393 0.967843
1.05548 -2.4372
-1.36639 -2.9952
-1.19687 -0.0221633
-0.660407 -1.66023
-1.80869 -0.197547
0.266986 -0.960168
-0.480883 -3.37479
-1.88841 0.865471
1.05384 -2.80756
-1.33881 -2.90536
-1.22346 0.0349
-0.534214 -1.59563
-1.52891 -1.57856
-1.3082 -0.920251
-1.55737 -0.663561
-1.16126 -1.44202
-1.5811 0.143275
-0.0280845 -1.20583
0.211106 -3.22555
0.446709 -2.2512
-0.0837916 -2.78968
0.536292 -1.53218
-0.571492 -3.13024
-1.76614 1.41725
0.579872 -3.81299
-0.28715 -2.25522
-0.601198 -1.84424
-1.82427 -0.212701
0.322601 -0.930252
-0.592699 -3.39003
-1.7316 1.63813
0.298233 -4.14263
0.0411797 -1.95028
0.470369 -2.80278
0.0453497 -2.528
0.624566 -2.3394
-0.338721 -2.75928
-1.64665 -1.49978
-1.09167 -1.24226
-1.64875 0.0788249
0.0408863 -1.14316
0.0224342 -3.30463
0.562035 -1.77035
-0.483323 -3.01743
-1.87862 0.694571
1.13546 -2.28934
-1.61044 -2.95055
-1.03294 -0.722634
-1.6299 -0.943365
-1.07612 -1.40461
-1.62701 0.269974
0.371987 -1.00066
-0.62781 -3.36186
-1.67372 1.74002
0.155152 -4.2552
0.0998738 -1.82872
0.291748 -2.97661
0.323696 -2.44645
0.157302 -2.72723
0.478635 -2.48718
-0.0493434 -2.67602
0.662467 -1.75241
-0.681421 -3.06883
-1.60374 1.67635
0.216292 -4.15843
0.13409 -1.87355
0.246155 -2.97807
0.385863 -2.42691
0.0638856 -2.72368
0.616584 -2.25713
-0.355073 -2.79547
-1.73773 -1.24015
-0.789413 -1.3717
-1.77495 -0.132614
0.196286 -1.00891
-0.334859 -3.35962
-1.79011 -1.14741
-0.549811 -1.31398
-1.08316 -1.89834
-1.51275 0.566269
0.818116 -1.11655
-1.41715 -3.38682
-1.10308 -0.00915171
-0.360922 -1.52521
0.234317 -1.35424
-0.18915 -3.21548
-0.57484 -1.892
-1.82351 -0.339922
0.170039 -0.992797
-0.302229 -3.3691
-1.64028 -1.59506
-1.105 -1.20273
-1.64829 0.0171985
-0.0797208 -1.21217
0.340261 -3.14544
0.277056 -2.35976
0.19715 -2.77292
0.425418 -2.50985
0.0343587 -2.67548
0.64948 -2.17817
-0.448345 -2.84748
-1.89395 0.135797
0.970239 -1.08481
-1.74868 -3.24441
-0.818089 -0.822152
-1.45968 -1.55419
-1.39147 -0.705227
-1.45213 -1.09444
-1.42935 -0.903169
-1.44527 -0.983478
-1.43335 -0.961634
-1.44589 -0.945371
-1.42959 -0.993054
-1.45207 -0.909878
-1.41803 -1.03832
-1.46601 -0.841796
-1.38863 -1.13037
-1.49261 -0.687415
-1.30375 -1.31879
-1.53453 -0.309522
-0.944535 -1.58799
-1.65881 0.565634
0.94458 -1.21298
-1.62058 -3.2833
-0.989845 -0.590364
-1.48872 -1.41463
-1.3738 -0.852525
-1.4984 -0.890737
-1.34819 -1.17318


