-0.879211 -2.08013
-2.9371 2.37858
-0.927792 -1.56859
-3.06733 1.92266
-1.00763 -0.789522
-3.2281 0.807751
-2.13386 0.596892
-2.37156 -2.81462
-2.37157 -0.0506272
-2.14982 -1.07316
-2.27534 -0.537018
-2.17703 -0.792285
-2.27567 -0.655905
-2.15041 -0.755153
-2.32654 -0.718407
-2.06429 -0.829952
-2.45121 -1.07767
-1.82226 -1.04857
-1.7642 -4.63098
-2.99533 -1.65672
-2.12414 0.38485
-2.41271 -2.5165
-2.03756 -0.034878
-2.40713 -2.79949
-2.31533 0.0479225
-2.24613 -1.06811
-2.11282 -0.593988
-2.41139 -1.00308
-1.88965 -0.974409
-2.24252 -3.76762
-1.94726 -5.65706
-2.85428 -0.55207
-1.28579 -1.40799
-3.13384 -2.96637
-2.27905 -4.53382
-2.74685 -4.05785
-2.35206 -4.98425
-2.73757 -3.56927
-1.9191 -5.4301
-2.89142 -1.19733
-1.3623 -0.848279
-2.87524 -4.70927
-2.69401 -2.76488
-2.41915 0.0133205
-2.09822 -1.17208
-2.35955 -0.601389
-2.04477 -0.922429
-2.46957 -1.15378
-1.78415 -1.06716
-1.48463 -4.84755
-2.91512 0.182412
-1.201 -1.56213
-3.22403 -1.34721
-2.32666 -4.0933
-2.40678 -5.23749
-2.73378 -3.19244
-1.91634 -4.79821
-2.94851 -2.24438
-2.61266 -1.02632
-1.60871 -1.33161
-1.6303 -5.89555
-2.50141 1.68232
-2.13104 -1.96681
-2.3196 -0.263019
-2.17529 -0.935291
-2.25256 -0.585436
-2.19984 -0.75394
-2.24595 -0.664422
-2.1927 -0.719184
-2.26434 -0.684007
-2.16099 -0.731758
-2.3134 -0.712661
-2.08394 -0.804648
-2.42581 -0.957896
-1.87934 -1.0172
-2.19124 -3.92229
-2.31222 -5.45402
-2.80037 -2.45063
-2.2423 0.293293
-2.37671 -1.40318
-1.87188 -0.789181
-2.05502 -4.2084
-2.80647 -4.08763
-2.35931 -4.8421
-2.72982 -3.76993
-2.13579 -5.35871
-2.84705 -2.31132
-2.22002 0.32124
-2.40081 -1.54723
-1.82518 -0.787688
-1.69543 -4.66827
-2.99419 -1.24186
-1.67324 -0.175151
-1.28024 -5.63177
-2.25738 2.23026
-2.22237 -3.04841
-2.44177 -3.23828
-2.43268 -3.35866
-2.04463 -4.51013
-2.89919 -3.26317
-1.95326 -5.31128
-2.89729 -1.6666
-1.65322 -0.29296
-1.34945 -5.72349
-2.28082 2.16412
-2.24798 -2.86316
-2.56627 -1.10131
-1.66207 -1.24976
-1.35442 -5.55836
-2.43768 2.00968
-2.1914 -2.15122
-2.23653 -0.136849
-2.31727 -1.00919
-2.01743 -0.751313
-2.49673 -1.69977
-1.69576 -0.876689
-1.22674 -5.30604
-2.44012 2.12636
-2.17439 -2.20651
-2.29545 -0.159019
-2.23123 -0.959508
-2.15584 -0.604586
-2.34506 -0.815704
-2.01775 -0.851961
-2.4974 -1.5524
-1.69877 -0.960071
-1.23204 -5.28241
-2.46506 2.08898
-2.14711 -2.17087
-2.34434 -0.235382
-2.14732 -0.976823
-2.29432 -0.589283
-2.13814 -0.801191
-2.33896 -0.716508
-2.0475 -0.856633
-2.47044 -1.20048
-1.77514 -1.05511
-1.42747 -4.88609
-2.8724 0.57826
-1.30709 -1.84522
-3.14064 -2.68942
-2.17356 -4.75788
-2.83896 -3.36118
-1.90878 -5.35656
-2.89982 -1.34072
-1.43856 -0.680693
-2.52843 -5.67723
-2.78207 -0.602338
-1.39902 -1.52263
-2.84695 -4.68839
-2.63411 -3.29749
-1.97111 -4.68184
-2.9382 -2.64335
-2.09985 -4.52673
-2.86677 -3.47113
-2.05902 -5.30685
-2.8715 -2.14291
-2.07984 0.296603
-2.37574 -2.91214
-2.47852 -0.346757
-1.94032 -1.23997
-2.48675 -2.5049
-1.9611 -0.0810091
-2.16445 -3.87668
-2.28392 -5.50081
-2.81431 -2.24156
-1.98709 0.179558
-2.11383 -3.96797
-2.51346 -5.13313
-2.68081 -3.46218
-1.7272 -5.27733
-2.90377 -0.522785
-1.2281 -1.26238
-3.20508 -2.13116
-2.22278 -4.53488
-2.78562 -3.89846
-2.27879 -5.10709
-2.77982 -3.22099
-1.77404 -5.09341
-2.93748 -1.14976
-1.41263 -0.675981
-2.65472 -5.42104
-2.78745 -1.25823
-1.37602 -1.11598
-2.85296 -4.74395
-2.67907 -2.9325
-2.60036 -1.12969
-1.61009 -1.2776
-1.60687 -5.88273
-2.48619 1.72956
-2.15092 -1.98441
-2.2784 -0.215057
-2.24314 -0.928429
-2.143 -0.629729
-2.3606 -0.834304
-1.99255 -0.884499
-2.50436 -1.88066
-1.69782 -0.761855
-1.21374 -5.30377
-2.42158 2.16101
-2.1912 -2.24736
-2.27465 -0.127132
-2.26668 -0.977035
-2.09763 -0.654262
-2.42459 -1.0286
-1.86705 -0.999895
-2.10221 -4.13452
-2.70274 -4.55067
-2.50023 -4.39583
-2.56474 -4.64128
-2.58379 -4.31029
-2.49375 -4.78742
-2.64222 -4.06191
-2.3415 -5.13859
-2.74969 -3.31091
-1.7477 -5.17082
-2.92538 -0.865994
-1.28241 -0.958708
-3.11109 -3.34462
-2.41564 -4.13598
-2.40997 -5.17714
-2.72284 -3.33695
-1.7415 -5.14337
-2.92911 -0.881518
-1.28993 -0.931392
-3.09348 -3.49367
-2.44678 -4.03605
-2.27816 -5.37542
-2.79894 -2.65431
-2.55616 -0.52905
-1.78997 -1.38698
-1.54295 -4.84155
-2.94081 -0.175065
-1.17337 -1.2932
-3.23968 -1.19364
-2.39225 -3.86686
-2.01099 -5.59274
-2.86764 -1.09349
-1.31951 -1.01867
-3.02564 -3.93025
-2.51827 -3.79132
-1.91677 -5.54341
-2.87572 -0.828616
-1.27401 -1.17539
-3.13875 -3.01459
-2.32406 -4.40315
-2.66988 -4.44165
-2.4933 -4.56958
-2.61727 -4.35535
-2.49696 -4.70691
-2.63328 -4.17086
-2.41322 -4.97725
-2.7023 -3.69327
-2.00886 -5.44663
-2.87938 -1.57691
-1.53943 -0.517372
-1.9532 -6.12976
-2.53577 1.38446
-2.08406 -1.85996
-2.40462 -0.468761
-2.01366 -1.0461
-2.49863 -1.37825
-1.71269 -1.04241
-1.23648 -5.19407
-2.53071 1.98425
-2.05984 -2.14153
-2.51861 -0.952957
-1.75511 -1.21804
-1.3467 -4.98046
-2.77494 1.18254
-1.5753 -2.1387
-2.29843 -5.79063
-2.81393 -0.752657
-1.33646 -1.38997
-3.02112 -3.85779
-2.45375 -4.08476
-2.34047 -5.28015
-2.76432 -3.01333
-2.28108 -4.02439
-2.35185 -5.35549
-2.77243 -2.81939
-2.61347 -1.73941
-1.57 -0.926934
-1.77658 -6.03703
-2.509 1.5636
-2.12417 -1.91319
-2.32373 -0.285592
-2.16461 -0.932775
-2.27133 -0.592994
-2.17052 -0.769184
-2.29077 -0.67539
-2.12427 -0.772603
-2.36661 -0.782136
-1.99549 -0.907481
-2.50563 -1.80254
-1.68909 -0.820258
-1.23176 -5.35589
-2.41114 2.15467
-2.20311 -2.26289
-2.25509 -0.108646
-2.29731 -1.00362
-2.04718 -0.708675
-2.4791 -1.39285
-1.73649 -1.00353
-1.26167 -5.05931
-2.643 1.72145
-1.86982 -2.18325
-1.73885 -4.75677
-2.98195 -1.38756
-1.7417 -0.071831
-1.12188 -5.2164
-2.33779 2.32678
-2.23142 -2.56119
-2.37172 -0.159908
-2.12644 -1.04156
-2.32227 -0.592014
-2.09813 -0.848175
-2.39817 -0.833493
-1.94201 -0.973828
-2.45718 -2.70451
-2.16516 0.116494
-2.43149 -1.61458
-1.78026 -0.818408
-1.39936 -4.87567
-2.85576 0.730068
-1.3542 -1.9311
-3.07156 -3.32953
-2.27735 -4.62501
-2.76558 -3.8849
-2.26195 -5.16418
-2.78949 -3.08555
-1.94143 -4.77456
-2.94295 -2.38963
-2.58388 -2.46742
-1.89909 -0.100989
-1.78857 -4.51589
-3.00339 -1.92387
-2.54764 -0.343559
-1.84218 -1.40272
-1.95937 -4.42735
-2.94147 -3.00746
-1.87377 -5.22787
-2.91606 -1.44459
-1.53808 -0.480432
-1.96339 -6.13457
-2.53547 1.37892
-2.08454 -1.85705
-2.40305 -0.465213
-2.01656 -1.04306
-2.49606 -1.34393
-1.72026 -1.05208
-1.24189 -5.14909
-2.56621 1.91373
-2.0053 -2.14876
-2.54713 -2.01014
-1.67803 -0.682898
-1.24808 -5.45153
-2.36199 2.18756
-2.23913 -2.4171
-2.25802 -0.0581216
-2.30308 -1.0359
-2.03277 -0.71392
-2.48963 -1.55355
-1.70853 -0.948016
-1.22525 -5.21977
-2.49756 2.04997
-2.10513 -2.1521
-2.43374 -0.467266
-1.97481 -1.11479
-2.51383 -1.91295
-1.69172 -0.745693
-1.22151 -5.34702
-2.40174 2.17453
-2.20971 -2.29168
-2.25387 -0.0983297
-2.301 -1.01233
-2.0402 -0.714632
-2.48459 -1.46315
-1.72195 -0.983017
-1.23493 -5.13838
-2.56284 1.9286
-2.00985 -2.15135
-2.55041 -1.91346
-1.65449 -0.77091
-1.32758 -5.6026
-2.3587 2.12212
-2.24951 -2.40524
-2.22954 -0.0473604
-2.34294 -1.09867
-1.96475 -0.791786
-2.47014 -2.51007
-1.97719 -0.0702797
-2.23517 -3.66306
-1.76379 -5.6002
-2.8227 0.193909
-1.40627 -1.81213
-2.90349 -4.38824
-2.53511 -3.83558
-2.00207 -5.53354
-2.87445 -1.26966
-1.37448 -0.853714
-2.82963 -4.88032
-2.72348 -2.49763
-2.07491 0.216607
-2.39344 -2.80847
-2.33982 0.0113726
-2.2057 -1.06031
-2.17976 -0.543937
-2.31946 -0.806197
-2.05533 -0.797523
-2.46528 -1.19466
-1.78296 -1.04652
-1.47326 -4.85294
-2.90811 0.257925
-1.2157 -1.61885
-3.21692 -1.51216
-2.2615 -4.30521
-2.66185 -4.56032
-2.51866 -4.41745
-2.56355 -4.6105
-2.58047 -4.35016
-2.51082 -4.72454
-2.62619 -4.16196
-2.40854 -4.99892
-2.70615 -3.65404
-1.96582 -5.45124
-2.88528 -1.36562
-1.42796 -0.72196
-2.58355 -5.56849
-2.7892 -0.926012
-1.36345 -1.33387
-2.93197 -4.35962
-2.5738 -3.59286
-1.7066 -5.34986
-2.882 -0.223009
-1.25211 -1.49865
-3.18642 -2.27121
-2.18631 -4.64312
-2.82577 -3.5798
-2.08573 -5.32466
-2.86302 -2.20911
-2.13693 0.322301
-2.43097 -2.24353
-1.8677 -0.349316
-1.7552 -4.57353
-3.00273 -1.67066
-2.19673 0.399939
-2.42001 -1.81606
-1.79543 -0.685024
-1.44108 -4.83167
-2.89542 0.422605
-1.24675 -1.72415
-3.1984 -1.87352
-2.16645 -4.59759
-2.8334 -3.59082
-2.10587 -5.30201
-2.85646 -2.33464
-2.30371 0.276975
-2.30201 -1.22201
-2.00274 -0.666905
-2.49134 -2.05532
-1.74299 -0.602238
-1.20369 -5.06069
-2.56415 1.96527
-2.00328 -2.17071
-2.54244 -2.12945
-1.71794 -0.560966
-1.17951 -5.21036
-2.43414 2.1824
-2.17392 -2.24023
-2.31064 -0.165097
-2.20892 -0.96443
-2.19099 -0.580694
-2.2948 -0.76442
-2.09926 -0.757663
-2.40858 -0.910992
-1.9119 -0.985307
-2.35942 -3.31923
-2.09095 -4.40637
-2.8496 -3.7018
-2.20068 -5.17047
-2.81815 -2.90071
-2.27995 -4.04102
-2.377 -5.31563
-2.75763 -2.95925
-2.4664 -3.27464
-2.33452 -3.77941
-1.87461 -5.61148
-2.85512 -0.367247
-1.29169 -1.50441
-3.13181 -2.94583
-2.2612 -4.58222
-2.76921 -3.91758
-2.28373 -5.11784
-2.77755 -3.21678
-1.77865 -5.07622
-2.93968 -1.20234
-1.44677 -0.61328
-2.48397 -5.75968
-2.76936 -0.324084
-1.45872 -1.66016
-2.63736 -5.31044
-2.7651 -2.20698
-1.82082 -0.0974307
-1.28868 -4.84846
-2.76776 1.31823
-1.59016 -2.17543
-2.24279 -5.83393
-2.80854 -0.509638
-1.36226 -1.53134
-2.97227 -4.10727
-2.49383 -3.9623
-2.17717 -5.46066
-2.83875 -2.15589
-1.96232 0.163684
-1.98629 -4.22604
-2.88285 -3.65803
-2.20065 -5.12677
-2.81824 -2.96936
-2.08323 -4.52462
-2.87705 -3.40538
-2.02368 -5.31628
-2.88123 -1.97495
-1.90393 0.111167
-1.64472 -4.61704
-2.99899 -1.00882
-1.51962 -0.423459
-2.07754 -6.12849
-2.58316 1.16583
-1.99913 -1.85456
-2.54118 -1.51036
-1.64638 -1.0376
-1.38078 -5.64522
-2.40177 2.03306
-2.22739 -2.22657
-2.1878 -0.102869
-2.38676 -1.1848
-1.88961 -0.875831
-2.20925 -3.85565
-2.16686 -5.59266
-2.847 -1.64288
-1.52225 -0.587282
-2.05443 -6.11369
-2.59461 1.14193
-1.97772 -1.86928
-2.53941 -1.9771
-1.6774 -0.709648
-1.25083 -5.45142
-2.36646 2.18112
-2.23722 -2.39807
-2.25081 -0.0602705
-2.3124 -1.0446
-2.01773 -0.732718
-2.49624 -1.72386
-1.6967 -0.861168
-1.2241 -5.30088
-2.43977 2.12945
-2.1744 -2.20838
-2.29618 -0.159156
-2.2302 -0.959676
-2.15745 -0.603274
-2.34278 -0.812362
-2.02158 -0.847426
-2.49508 -1.50796
-1.70469 -0.978741
-1.22998 -5.24367
-2.48863 2.05805
-2.11754 -2.15359
-2.40634 -0.378741
-2.03146 -1.06477
-2.47895 -1.14805
-1.77262 -1.08761
-1.41841 -4.89696
-2.86312 0.647596
-1.33291 -1.89006
-3.10516 -3.04689
-2.2266 -4.70516
-2.80584 -3.61043
-2.08334 -5.34269
-2.86368 -2.15858
-2.06637 0.282844
-2.35217 -3.07171
-2.5894 -1.76615
-1.59598 -0.903961
-1.62069 -5.94238
-2.44187 1.79749
-2.20582 -2.03631
-2.17175 -0.171651
-2.39619 -1.17891
-1.87784 -0.89934
-2.1427 -4.03255
-2.54554 -5.03693
-2.65004 -3.67241
-1.89699 -5.47557
-2.88606 -0.948438
-1.28923 -1.05842
-3.10203 -3.38416
-2.40609 -4.18072
-2.46096 -5.07186
-2.68671 -3.59412
-1.85606 -5.43972
-2.89017 -0.837752
-1.26929 -1.11868
-3.14409 -2.98522
-2.3292 -4.38126
-2.65562 -4.50259
-2.51178 -4.49686
-2.59065 -4.4792
-2.54221 -4.53493
-2.58116 -4.44125
-2.53853 -4.58727
-2.59238 -4.36671
-2.51147 -4.69671
-2.62307 -4.19903
-2.43001 -4.94237
-2.69074 -3.76902
-2.0852 -5.4212
-2.86313 -1.96448
-1.82531 -0.0208341
-1.2687 -4.8499
-2.74626 1.42492
-1.64212 -2.20004
-1.95393 -5.93135
-2.72661 0.622774
-1.67412 -1.95241
-1.57259 -5.75825
-2.56083 1.59379
-2.03816 -1.99167
-2.51922 -1.03227
-1.73911 -1.19751
-1.29105 -5.05575
-2.6812 1.57946
-1.79452 -2.18713
-1.37566 -5.1853
-2.71398 1.35372
-1.72746 -2.15338
-1.46555 -5.58193
-2.57287 1.65991
-2.01363 -2.04048
-2.54882 -1.54346
-1.63528 -1.02722
-1.42834 -5.71859
-2.40485 1.99133
-2.22907 -2.199
-2.17368 -0.11376
-2.40194 -1.23872
-1.86033 -0.896886
-2.01669 -4.28887
-2.8761 -3.64876
-2.19061 -5.1531
-2.82272 -2.89723
-2.25939 -4.10304
-2.47943 -5.12632
-2.68866 -3.48811
-1.75078 -5.33147
-2.89736 -0.531962
-1.23419 -1.28104
-3.19917 -2.21623
-2.22121 -4.55351
-2.79056 -3.85625
-2.25645 -5.14521
-2.79166 -3.10244
-1.89794 -4.84849
-2.94871 -2.09997
-2.45523 0.0293606
-2.05173 -1.25011
-2.44001 -0.819917
-1.88892 -1.07577
-2.26497 -3.70743
-1.80508 -5.61221
-2.8351 0.00777764
-1.3605 -1.72064
-3.01546 -3.80198
-2.4028 -4.29136
-2.55572 -4.80734
-2.60801 -4.08075
-2.34938 -5.15398
-2.74702 -3.29793
-1.75133 -5.13783
-2.93063 -0.947438
-1.31306 -0.876721
-3.03345 -3.92063
-2.53654 -3.69245
-1.7812 -5.47334
-2.87126 -0.316626
-1.26689 -1.48499
-3.16789 -2.54229
-2.2094 -4.64101
-2.81118 -3.65916
-2.13306 -5.29669
-2.84685 -2.44371
-2.43591 0.0377242
-2.08013 -1.21114
-2.39046 -0.65912
-1.99021 -0.983285
-2.50906 -1.79138
-1.68437 -0.831769
-1.24174 -5.38717
-2.40292 2.1539
-2.21136 -2.27982
-2.24475 -0.0974326
-2.31358 -1.02587
-2.01954 -0.739438
-2.49585 -1.68856
-1.69677 -0.882325
-1.22608 -5.29891
-2.44423 2.12199
-2.16992 -2.20038
-2.30319 -0.169197
-2.21835 -0.958097
-2.17677 -0.590941
-2.31494 -0.778726
-2.06753 -0.793733
-2.45021 -1.09125
-1.82109 -1.04305
-1.75335 -4.6408
-2.99528 -1.58746
-2.03423 0.328536
-2.22863 -3.61561
-1.69498 -5.54568
-2.81023 0.405729
-1.45523 -1.89919
-2.7528 -4.95153
-2.67421 -3.09775
-2.45314 -3.32065
-2.18256 -4.22467
-2.67888 -4.57244
-2.51329 -4.38901
-2.5557 -4.65761
-2.59127 -4.2841
-2.47974 -4.82688
-2.6538 -3.99366
-2.28929 -5.22449
-2.77983 -3.041
-2.10614 -4.46769
-2.85266 -3.62268
-2.15303 -5.23433
-2.83876 -2.63584
-2.61803 -1.40034
-1.55761 -1.15498
-1.89124 -6.0468
-2.5899 1.26822
-1.98983 -1.90667
-2.54491 -1.77567
-1.64303 -0.875436
-1.37927 -5.67085
-2.37628 2.06281
-2.24542 -2.31459
-2.1896 -0.0715501
-2.38914 -1.21261
-1.88179 -0.874328
-2.15934 -3.98917
-2.46444 -5.2158
-2.71228 -3.264
-1.83234 -4.92729
-2.95308 -1.68636
-1.90141 0.152734
-1.59283 -4.64774
-2.98762 -0.682294
-1.30897 -0.775773
-3.03947 -3.91096
-2.54955 -3.61858
-1.70774 -5.37365
-2.87609 -0.167722
-1.26449 -1.5437
-3.17415 -2.42416
-2.18881 -4.667
-2.82622 -3.54883
-2.05911 -5.34173
-2.87085 -2.06504
-1.97182 0.193715
-2.0185 -4.16563
-2.82458 -4.02792
-2.33921 -4.87509
-2.74307 -3.68292
-2.06089 -5.40152
-2.86954 -1.92296
-1.80327 -0.0527181
-1.19683 -4.9176
-2.63038 1.84412
-1.88505 -2.21374
-1.8279 -4.6668
-2.98176 -1.95463
-2.45571 0.0447632
-2.05412 -1.25445
-2.43565 -0.798738
-1.89927 -1.06906
-2.31967 -3.50588
-1.60752 -5.16731
-2.89295 -0.0377338
-1.23838 -1.54976
-3.20127 -1.97357
-2.17987 -4.59705
-2.8248 -3.63861
-2.1331 -5.2843
-2.84672 -2.46975
-2.47597 -0.0905016
-1.99846 -1.27448
-2.5121 -1.40328
-1.69238 -1.05253
-1.24973 -5.32602
-2.46087 2.07647
-2.1543 -2.16624
-2.32592 -0.208509
-2.17848 -0.961508
-2.24257 -0.572584
-2.21754 -0.753049
-2.21797 -0.667121
-2.23501 -0.704468
-2.20085 -0.695904
-2.25599 -0.692445
-2.1716 -0.719212
-2.29844 -0.703704
-2.10711 -0.778679
-2.39338 -0.85017
-1.94491 -0.959585
-2.46137 -2.66248
-2.11806 0.0922194
-2.44986 -2.0055
-1.77916 -0.59635
-1.31876 -4.90399
-2.77704 1.22785
-1.56842 -2.15071
-2.34683 -5.73879
-2.81658 -1.01017
-1.33333 -1.22441
-3.00782 -3.98284
-2.50192 -3.88726
-2.06382 -5.52963
-2.86636 -1.54159
-1.49295 -0.620644
-2.22817 -6.03549
-2.68 0.651345
-1.77771 -1.89387
-1.37971 -5.07159
-2.77006 1.14165
-1.589 -2.12737
-2.2096 -5.86376
-2.80019 -0.320203
-1.39827 -1.63351
-2.87909 -4.5348
-2.58736 -3.56932
-1.7015 -5.32252
-2.88729 -0.261352
-1.24258 -1.46227
-3.19517 -2.15428
-2.18904 -4.61478
-2.82113 -3.63788
-2.12799 -5.29274
-2.84865 -2.43425
-2.42914 0.0569091
-2.09326 -1.2023
-2.36627 -0.603666
-2.03515 -0.936827
-2.4802 -1.23782
-1.75623 -1.06217
-1.33427 -4.96651
-2.76821 1.23031
-1.59218 -2.15156
-2.2109 -5.85989
-2.80172 -0.343661
-1.39253 -1.62097
-2.89574 -4.46472
-2.57111 -3.64702
-1.75764 -5.43084
-2.8761 -0.305536
-1.25936 -1.47593
-3.17703 -2.42428
-2.1998 -4.64158
-2.81725 -3.62717
-2.11418 -5.30901
-2.85362 -2.35003
-2.31496 0.264172
-2.28553 -1.2
-2.03063 -0.63582
-2.49055 -1.70205
-1.70331 -0.867129
-1.21851 -5.25705
-2.46214 2.10703
-2.14873 -2.1811
-2.3445 -0.232417
-2.14776 -0.977927
-2.29337 -0.588056
-2.13978 -0.800082
-2.3364 -0.712964
-2.0518 -0.851806
-2.46559 -1.16429
-1.78765 -1.05604
-1.50554 -4.83214
-2.92816 0.0366213
-1.17952 -1.44707
-3.23358 -1.13696
-2.4202 -3.73718
-1.78283 -5.53205
-2.85482 -0.140787
-1.30665 -1.61441
-3.11659 -3.05045
-2.26308 -4.5993
-2.77094 -3.89154
-2.26874 -5.1454
-2.78569 -3.13447
-1.86011 -4.91084
-2.95044 -1.84491
-2.08519 0.341163
-2.37045 -2.93305
-2.50551 -0.476779
-1.87425 -1.28452
-2.20529 -3.91342
-2.2747 -5.49378
-2.81555 -2.25603
-2.01025 0.205996
-2.20612 -3.71147
-1.89755 -5.66634
-2.84337 -0.274198
-1.31894 -1.57909
-3.08869 -3.313
-2.31642 -4.48984
-2.70902 -4.23463
-2.42523 -4.80726
-2.68669 -3.94123
-2.26064 -5.24279
-2.79356 -2.93658
-2.33389 -3.8592
-2.02376 -5.61306
-2.86445 -1.06852
-1.31425 -1.04782
-3.04198 -3.81978
-2.49163 -3.89941
-2.07871 -5.52762
-2.86379 -1.60576
-1.52742 -0.55747
-2.02403 -6.12219
-2.57579 1.22385
-2.01397 -1.86193
-2.53067 -1.2545
-1.68668 -1.14173
-1.26996 -5.37121
-2.45845 2.05958
-2.15958 -2.15891
-2.31103 -0.191435
-2.20274 -0.953796
-2.2031 -0.580638
-2.27603 -0.75285
-2.12901 -0.728424
-2.36607 -0.800809
-1.99223 -0.903049
-2.50533 -1.86059
-1.69448 -0.778014
-1.21962 -5.32404
-2.41591 2.16138
-2.19725 -2.25708
-2.26545 -0.117161
-2.2814 -0.988299
-2.07345 -0.679443
-2.45341 -1.17812
-1.8015 -1.02688
-1.59705 -4.76627
-2.9693 -0.583054
-1.24298 -0.936554
-3.18023 -2.67524
-2.3218 -4.35347
-2.64565 -4.55732
-2.52613 -4.42842
-2.56339 -4.59496
-2.57838 -4.3706
-2.51898 -4.69289
-2.61794 -4.21098
-2.43721 -4.9277
-2.6857 -3.80024
-2.11584 -5.40406
-2.85437 -2.12452
-1.98126 0.195413
-2.07067 -4.06257
-2.68587 -4.64507
-2.52526 -4.27279
-2.49389 -4.87139
-2.64881 -3.94792
-2.24349 -5.29713
-2.80422 -2.77705
-2.60072 -2.12657
-1.68074 -0.559257
-1.23779 -5.45847
-2.33992 2.21493
-2.24607 -2.52008
-2.31134 -0.0729751
-2.22731 -1.00612
-2.15362 -0.584994
-2.35205 -0.837903
-2.00346 -0.863994
-2.50309 -1.73871
-1.68888 -0.860188
-1.23548 -5.35376
-2.41855 2.14289
-2.19691 -2.24386
-2.26041 -0.118186
-2.28814 -0.991748
-2.06286 -0.692203
-2.46456 -1.25619
-1.77414 -1.02594
-1.41648 -4.89038
-2.86369 0.64962
-1.33146 -1.88928
-3.10759 -3.0237
-2.22244 -4.71109
-2.80873 -3.58864
-2.06761 -5.35061
-2.86829 -2.07824
-1.97804 0.199568
-2.04955 -4.10541
-2.74976 -4.3947
-2.45213 -4.55043
-2.63885 -4.34132
-2.48349 -4.71804
-2.64292 -4.14095
-2.39528 -5.01368
-2.71431 -3.61026
-1.92541 -5.44511
-2.88939 -1.18582
-1.35616 -0.866085
-2.89866 -4.60955
-2.67393 -2.92477
-2.59042 -0.963226
-1.65178 -1.33042
-1.41212 -5.64459
-2.44832 1.94545
-2.18509 -2.10773
-2.23598 -0.151102
-2.3153 -0.999181
-2.02215 -0.748993
-2.49498 -1.6387
-1.69832 -0.910218
-1.22721 -5.28703
-2.45443 2.10798
-2.15879 -2.18559
-2.32294 -0.198265
-2.18481 -0.96199
-2.2317 -0.571908
-2.23407 -0.749893
-2.19282 -0.678236
-2.27232 -0.705737
-2.14453 -0.735938
-2.33959 -0.746332
-2.04015 -0.852431
-2.47888 -1.28151
-1.75141 -1.04489
-1.31268 -4.98781
-2.73705 1.37583
-1.66872 -2.18073
-1.77811 -5.88612
-2.65653 1.12031
-1.85699 -1.98828
-1.81864 -4.6573
-2.98446 -1.91718
-2.4206 0.143191
-2.12179 -1.20992
-2.3108 -0.512626
-2.13191 -0.847612
-2.3418 -0.701027
-2.04698 -0.865663
-2.47048 -1.1952
-1.77596 -1.05679
-1.4325 -4.88265
-2.87666 0.543384
-1.29534 -1.82248
-3.15441 -2.52972
-2.15667 -4.7606
-2.84835 -3.29855
-1.87433 -5.33351
-2.9048 -1.21837
-1.38694 -0.773033
-2.77346 -5.08237
-2.75756 -2.06274
-1.68312 -0.362577
-1.23321 -5.49756
-2.29991 2.24638
-2.24566 -2.74733
-2.49249 -0.510642
-1.88502 -1.2488
-2.27069 -3.70973
-1.80282 -5.6087
-2.83557 0.00772152
-1.35945 -1.71976
-3.01798 -3.78601
-2.39929 -4.30141
-2.56452 -4.78113
-2.60021 -4.12139
-2.3808 -5.09471
-2.72713 -3.45707
-1.78145 -5.34701
-2.89932 -0.67124
-1.2441 -1.19097
-3.18514 -2.4782
-2.2537 -4.51678
-2.75993 -4.02563
-2.33791 -5.00255
-2.74605 -3.51344
-1.87148 -5.40997
-2.89524 -1.00562
-1.30397 -0.983035
-3.06339 -3.6958
-2.47662 -3.94371
-2.14428 -5.49518
-2.84922 -1.94393
-1.76124 -0.139473
-1.13297 -5.08102
-2.44671 2.22011
-2.15305 -2.24632
-2.36138 -0.242484
-2.1225 -1.00213
-2.33484 -0.625431
-2.07326 -0.865647
-2.43496 -0.970516
-1.86459 -1.03592
-2.09496 -4.15347
-2.72627 -4.45639
-2.47277 -4.49986
-2.61409 -4.44462
-2.52213 -4.58249
-2.6017 -4.36156
-2.50569 -4.70237
-2.62729 -4.18593
-2.42228 -4.95934
-2.69615 -3.73322
-2.04913 -5.4364
-2.87176 -1.77855
-1.67384 -0.277848
-1.26865 -5.59025
-2.27642 2.23004
-2.23798 -2.90416
-2.58181 -1.55667
-1.5953 -1.04517
-1.6417 -5.94093
-2.4686 1.73725
-2.17518 -1.98803
-2.22543 -0.187994
-2.32275 -0.98912
-2.01351 -0.767913
-2.49817 -1.73006
-1.69452 -0.859693
-1.22672 -5.31557
-2.43318 2.13469
-2.18156 -2.21842
-2.28404 -0.144358
-2.25013 -0.965362
-2.12512 -0.629387
-2.38809 -0.904585
-1.94069 -0.937509
-2.44733 -2.77624
-2.25429 0.113223
-2.33819 -1.18124
-1.95717 -0.761544
-2.44956 -2.70309
-2.16907 0.112882
-2.42848 -1.57993
-1.78602 -0.829234
-1.43626 -4.85206
-2.88726 0.478663
-1.26745 -1.7698
-3.18224 -2.14709
-2.14209 -4.70716
-2.8555 -3.32263
-1.90979 -5.34319
-2.901 -1.37857
-1.4615 -0.636201
-2.40591 -5.86525
-2.74988 -0.00571974
-1.54562 -1.7814
-2.22478 -5.89581
-2.78366 -0.138305
-1.45521 -1.72552
-2.67986 -5.19314
-2.73967 -2.51956
-2.14706 0.266131
-2.43775 -2.0301
-1.79845 -0.558566
-1.40447 -4.83903
-2.86997 0.650085
-1.31499 -1.87359
-3.13215 -2.77352
-2.18209 -4.75677
-2.83414 -3.39175
-1.92679 -5.36449
-2.89718 -1.41167
-1.47299 -0.619741
-2.34214 -5.93971
-2.72639 0.259598
-1.63344 -1.85006
-1.73007 -5.90113
-2.60162 1.35197
-1.96892 -1.96204
-2.5207 -2.36997
-1.84721 -0.265705
-1.54852 -4.72035
-2.96519 -0.350246
-1.18674 -1.08834
-3.23785 -1.59313
-2.29403 -4.26213
-2.60486 -4.74633
-2.57508 -4.17481
-2.42016 -5.02583
-2.70168 -3.63013
-1.92769 -5.45276
-2.8884 -1.17476
-1.35139 -0.879108
-2.91627 -4.53063
-2.65751 -3.04323
-2.58617 -2.24269
-1.74308 -0.422524
-1.16893 -5.09719
-2.49165 2.12271
-2.10461 -2.1873
-2.4474 -0.507579
-1.94739 -1.14163
-2.49036 -2.42235
-1.90045 -0.189265
-1.86948 -4.43429
-2.98454 -2.49871
-2.08439 -4.5768
-2.88157 -3.31113
-1.955 -5.3274
-2.89588 -1.63841
-1.62592 -0.343166
-1.47337 -5.87642
-2.31382 2.05106
-2.27092 -2.6097
-2.33087 -0.0675971
-2.20171 -1.02021
-2.19317 -0.555194
-2.29657 -0.777837
-2.09386 -0.757818
-2.41674 -0.942362
-1.89458 -0.998886
-2.27763 -3.65412
-1.70413 -5.53126
-2.82149 0.30875
-1.41949 -1.85447
-2.87209 -4.51883
-2.56502 -3.70827
-1.83252 -5.49371
-2.87708 -0.543941
-1.25595 -1.34433
-3.17532 -2.52284
-2.23079 -4.584
-2.78969 -3.82686
-2.23756 -5.17993
-2.80137 -2.99294
-2.11886 -4.44627
-2.83876 -3.72419
-2.20605 -5.17502
-2.81574 -2.90955
-2.27026 -4.06949
-2.42589 -5.23261
-2.72666 -3.2155
-1.88856 -4.84079
-2.95169 -2.06347
-2.41963 0.129297
-2.12045 -1.20421
-2.31394 -0.518329
-2.12623 -0.851216
-2.35087 -0.715404
-2.03139 -0.882995
-2.48633 -1.34246
-1.73321 -1.03601
-1.25893 -5.0767
-2.6303 1.75557
-1.89411 -2.17684
-1.9463 -4.51308
-2.95183 -2.77808
-1.86924 -5.00725
-2.9388 -1.77203
-1.92686 0.177839
-1.74382 -4.52953
-3.00878 -1.65714
-2.22319 0.398171
-2.40302 -1.63121
-1.81747 -0.75421
-1.62189 -4.72171
-2.98083 -0.773958
-1.33178 -0.749367
-2.97245 -4.29328
-2.62612 -3.21936
-2.25362 -4.07406
-2.44957 -5.19447
-2.71172 -3.32032
-1.75823 -5.07285
-2.94011 -1.09522
-1.39055 -0.71148
-2.75466 -5.15026
-2.76754 -1.87555
-1.56932 -0.588395
-1.76993 -6.07505
-2.46003 1.66741
-2.19053 -1.95358
-2.18547 -0.198252
-2.3748 -1.09084
-1.92233 -0.869341
-2.37162 -3.23874
-2.3681 -3.62832
-1.64194 -5.38466
-2.84428 0.257357
-1.36044 -1.80007
-3.03192 -3.66972
-2.36457 -4.40803
-2.64547 -4.49748
-2.51608 -4.507
-2.5906 -4.46646
-2.53949 -4.55251
-2.58604 -4.41506
-2.52909 -4.62547
-2.60368 -4.30852
-2.48591 -4.7823
-2.6467 -4.05981
-2.34091 -5.13549
-2.74977 -3.31521
-1.74713 -5.17901
-2.92405 -0.847029
-1.27635 -0.97758
-3.12431 -3.22543
-2.39208 -4.20496
-2.49092 -5.00796
-2.66475 -3.73061
-1.9993 -5.46993
-2.87957 -1.46443
-1.47091 -0.646228
-2.35426 -5.92359
-2.7335 0.192268
-1.60898 -1.83603
-1.86859 -5.96186
-2.65678 1.04281
-1.85369 -1.96394
-1.81077 -4.66377
-2.98521 -1.86865
-2.35478 0.272954
-2.23473 -1.19194
-2.11126 -0.539068
-2.42108 -1.07416
-1.86311 -0.981784
-2.06785 -4.20297
-2.78962 -4.16886
-2.38578 -4.77544
-2.71013 -3.911
-2.24934 -5.2399
-2.7983 -2.91378
-2.36938 -3.72994
-1.77348 -5.54856
-2.84617 -0.0335959
-1.33283 -1.68144
-3.0739 -3.39774
-2.3203 -4.49736
-2.70877 -4.22726
-2.42295 -4.81715
-2.68868 -3.9246
-2.24724 -5.26119
-2.80037 -2.86493
-2.48061 -3.20846
-2.50218 -2.96501
-2.49034 -0.320747
-1.92952 -1.27229
-2.46458 -2.72809
-2.18678 0.128083
-2.41496 -1.48246
-1.81154 -0.844125
-1.61511 -4.73541
-2.97763 -0.720684
-1.30274 -0.804695
-3.05693 -3.79134
-2.52251 -3.73929
-1.83716 -5.51686
-2.87253 -0.495286
-1.26134 -1.38617
-3.17006 -2.56803
-2.22838 -4.59837
-2.79357 -3.79311
-2.21752 -5.20806
-2.81111 -2.88647
-2.36593 -3.74659
-1.8021 -5.56843
-2.84938 -0.128122
-1.31854 -1.63305
-3.09647 -3.22718
-2.29287 -4.54747
-2.7408 -4.06529
-2.35539 -4.98459
-2.73566 -3.57585
-1.92328 -5.43195
-2.89096 -1.21319
-1.36793 -0.836757
-2.85343 -4.79614
-2.71032 -2.6206
-2.22515 0.257621
-2.39055 -1.43925
-1.84888 -0.807846
-1.89048 -4.46883
-2.97588 -2.55702
-2.03519 -4.67342
-2.91066 -2.94372
-1.82734 -5.0965
-2.9347 -1.43153
-1.58463 -0.379936
-1.69555 -6.06141
-2.39801 1.8135
-2.2525 -2.12434
-2.10263 -0.169515
-2.46017 -1.68319
-1.74123 -0.832839
-1.24517 -5.04167
-2.63094 1.77306
-1.89113 -2.18509
-1.91175 -4.56157
-2.96557 -2.5231
-2.16418 -4.39222
-2.78714 -4.03257
-2.3414 -4.94492
-2.74297 -3.59829
-1.96349 -5.42931
-2.88732 -1.41798
-1.45838 -0.659979
-2.42343 -5.83964
-2.75721 -0.100504
-1.51618 -1.74937
-2.37861 -5.75363
-2.80807 -0.841672
-1.34135 -1.34942
-3.00185 -3.98553
-2.48694 -3.96213
-2.17502 -5.4659
-2.83967 -2.13294
-1.93709 0.131616
-1.85253 -4.42055
-2.99117 -2.42537
-2.17771 -4.36883
-2.76663 -4.14189
-2.38187 -4.84758
-2.71591 -3.80982
-2.16075 -5.34542
-2.83809 -2.42651
-2.3668 0.185925
-2.20303 -1.15608
-2.16936 -0.508272
-2.34215 -0.856515
-2.01316 -0.837899
-2.49959 -1.63421
-1.69272 -0.919016
-1.2349 -5.32405
-2.43962 2.11874
-2.17598 -2.20328
-2.29054 -0.155215
-2.23885 -0.960175
-2.14369 -0.614288
-2.3622 -0.845063
-1.98809 -0.886385
-2.50354 -1.95121
-1.70878 -0.704918
-1.19843 -5.2406
-2.44268 2.15249
-2.16775 -2.21678
-2.31485 -0.177759
-2.2004 -0.962371
-2.20544 -0.576112
-2.27335 -0.753788
-2.13275 -0.723992
-2.36078 -0.791229
-2.00147 -0.892359
-2.50436 -1.73034
-1.68712 -0.867083
-1.23924 -5.36527
-2.41573 2.1424
-2.19998 -2.24859
-2.25568 -0.113738
-2.29551 -0.999446
-2.0506 -0.705786
-2.47614 -1.36014
-1.74432 -1.01114
-1.28373 -5.02051
-2.68952 1.56718
-1.77571 -2.19393
-1.37216 -5.30633
-2.64346 1.57618
-1.87912 -2.12697
-1.87444 -4.60437
-2.97569 -2.27126
-2.57685 -2.5648
-1.98948 0.0357985
-2.22381 -3.68319
-1.81564 -5.63395
-2.83075 0.0285497
-1.37207 -1.73667
-2.98781 -3.96716
-2.43922 -4.18175
-2.44925 -5.07475
-2.69227 -3.57945
-1.84796 -5.43206
-2.89093 -0.815691
-1.26578 -1.13043
-3.15067 -2.91328
-2.31647 -4.40927
-2.67794 -4.41292
-2.48362 -4.60214
-2.62885 -4.29864
-2.47319 -4.78457
-2.65485 -4.04134
-2.32889 -5.15183
-2.75667 -3.26251
-1.7648 -5.09713
-2.93691 -1.09263
-1.38282 -0.730225
-2.78786 -5.04441
-2.75435 -2.09645
-1.70526 -0.321637
-1.17906 -5.35948
-2.32415 2.27978
-2.24159 -2.61532
-2.39283 -0.189337
-2.09143 -1.07294
-2.38216 -0.691888
-1.99414 -0.958628
-2.50778 -1.75847
-1.68408 -0.852696
-1.244 -5.38731
-2.40634 2.14812
-2.20881 -2.26973
-2.2457 -0.101294
-2.31155 -1.02146
-2.02327 -0.735849
-2.49441 -1.64339
-1.69893 -0.90678
-1.22625 -5.28318
-2.45569 2.10734
-2.15724 -2.18451
-2.32611 -0.203009
-2.17941 -0.963673
-2.24061 -0.57147
-2.22073 -0.752665
-2.21303 -0.668651
-2.2424 -0.703558
-2.18976 -0.701961
-2.27248 -0.694955
-2.14662 -0.739282
-2.33558 -0.738516
-2.04737 -0.84519
-2.47132 -1.21516
-1.77159 -1.05232
-1.40703 -4.90093
-2.85381 0.720539
-1.35924 -1.93255
-3.06134 -3.41119
-2.29428 -4.59142
-2.74899 -3.98697
-2.3172 -5.07075
-2.75902 -3.36909
-1.76756 -5.2873
-2.9083 -0.735763
-1.24955 -1.11599
-3.17537 -2.64323
-2.28407 -4.46068
-2.72147 -4.22499
-2.41859 -4.80566
-2.69083 -3.93205
-2.25516 -5.24766
-2.79621 -2.913
-2.38398 -3.67162
-1.68746 -5.45471
-2.84246 0.177903
-1.35859 -1.77394
-3.03112 -3.68297
-2.37033 -4.38915
-2.63281 -4.54777
-2.53132 -4.44412
-2.56552 -4.57158
-2.57358 -4.40267
-2.53159 -4.6439
-2.60448 -4.28596
-2.47637 -4.81724
-2.65518 -4.00243
-2.29749 -5.20947
-2.77513 -3.08887
-1.99847 -4.67213
-2.9273 -2.7824
-1.91748 -4.8763
-2.94118 -2.16125
-2.49835 -0.130852
-1.95851 -1.32111
-2.51684 -2.08485
-1.72555 -0.594743
-1.18382 -5.15758
-2.47595 2.12666
-2.12705 -2.18769
-2.39725 -0.342867
-2.05171 -1.05093
-2.45129 -0.965752
-1.84372 -1.07412
-1.94462 -4.41964
-2.94905 -2.94383
-1.86068 -5.19287
-2.92103 -1.44287
-1.55076 -0.452841
-1.88909 -6.13
-2.49573 1.52098
-2.14524 -1.88222
-2.27041 -0.24261
-2.24852 -0.914
-2.13745 -0.641624
-2.36719 -0.843469
-1.98165 -0.898392
-2.50185 -2.04425
-1.72947 -0.622042
-1.19001 -5.12993
-2.50288 2.08206
-2.09288 -2.1708
-2.4665 -0.597472
-1.90159 -1.17409
-2.35025 -3.39176
-1.8433 -4.80123
-2.96509 -1.88423
-2.23656 0.371626
-2.38985 -1.52249
-1.84199 -0.774431
-1.82071 -4.54814
-2.99389 -2.05958
-2.61924 -1.09273
-1.58894 -1.30962
-1.74003 -5.97282
-2.54182 1.51131
-2.07302 -1.92596
-2.44151 -0.572558
-1.9409 -1.11801
-2.47565 -2.57852
-2.02896 0.0108602
-2.37204 -3.03248
-2.58299 -1.20068
-1.62386 -1.23012
-1.52031 -5.80345
-2.45309 1.85213
-2.1875 -2.05552
-2.21545 -0.163404
-2.34099 -1.03111
-1.97992 -0.801498
-2.49086 -2.21673
-1.79444 -0.438674
-1.32894 -4.87232
-2.79832 1.12955
-1.51259 -2.11693
-2.61193 -5.29976
-2.75161 -2.47455
-2.11389 0.257238
-2.42902 -2.38229
-1.93419 -0.195712
-2.09526 -4.05969
-2.64664 -4.76725
-2.56269 -4.11569
-2.37329 -5.14417
-2.73492 -3.35663
-1.74084 -5.21362
-2.91772 -0.741733
-1.25025 -1.0741
-3.17303 -2.69226
-2.29746 -4.4298
-2.70016 -4.32587
-2.45402 -4.69782
-2.65997 -4.12944
-2.38829 -5.01075
-2.71802 -3.60252
-1.92262 -5.44252
-2.88983 -1.17934
-1.35421 -0.869644
-2.90579 -4.57839
-2.66766 -2.97092
-2.60846 -1.41633
-1.56853 -1.14194
-1.82055 -6.02905
-2.55613 1.41719
-2.05017 -1.90584
-2.48339 -0.787426
-1.83733 -1.18138
-1.91336 -4.47288
-2.96627 -2.67442
-1.92089 -4.89532
-2.93854 -2.15556
-2.47557 -0.0437426
-2.0086 -1.28187
-2.50265 -1.25591
-1.72372 -1.09639
-1.25079 -5.13106
-2.58916 1.85701
-1.9679 -2.1556
-2.45914 -2.96501
-2.49193 -0.352832
-1.92034 -1.27129
-2.43711 -2.93512
-2.46245 -0.246444
-1.98428 -1.21667
-2.5183 -1.66482
-1.66957 -0.924169
-1.2863 -5.48437
-2.39528 2.12101
-2.22274 -2.28354
-2.22203 -0.0874382
-2.34579 -1.08195
-1.9638 -0.802173
-2.4704 -2.51168
-1.9782 -0.0683757
-2.23852 -3.65147
-1.73993 -5.58145
-2.81906 0.264748
-1.42147 -1.84215
-2.86089 -4.56852
-2.57883 -3.64083
-1.75869 -5.42722
-2.87731 -0.322058
-1.25698 -1.46373
-3.17935 -2.39873
-2.19979 -4.63678
-2.81677 -3.63529
-2.12034 -5.30388
-2.85145 -2.38336
-2.35939 0.203993
-2.21632 -1.15944
-2.14642 -0.522198
-2.37396 -0.917661
-1.95708 -0.901419
-2.47562 -2.49511
-1.96177 -0.0906944
-2.17447 -3.85074
-2.22007 -5.56308
-2.8352 -1.88812
-1.67548 -0.306391
-1.26081 -5.5691
-2.2826 2.23311
-2.24114 -2.86048
-2.56991 -1.17199
-1.64587 -1.2273
-1.41412 -5.6653
-2.43289 1.96585
-2.20171 -2.13502
-2.20867 -0.135528
-2.35499 -1.07487
-1.95237 -0.825536
-2.45267 -2.69681
-2.16002 0.111266
-2.43472 -1.64616
-1.77482 -0.808559
-1.36723 -4.8977
-2.82351 0.947716
-1.44457 -2.04594
-2.85562 -4.5484
-2.55824 -3.76579
-1.91239 -5.52449
-2.87876 -0.870597
-1.27775 -1.13739
-3.12976 -3.11558
-2.34663 -4.34683
-2.62501 -4.61344
-2.5456 -4.35831
-2.52873 -4.71481
-2.61409 -4.19054
-2.42649 -4.96433
-2.69404 -3.73241
-2.04504 -5.43937
-2.87259 -1.75312
-1.65464 -0.312008
-1.3414 -5.70804
-2.28306 2.1689
-2.24867 -2.84772
-2.55795 -0.989817
-1.69329 -1.27568
-1.27779 -5.34519
-2.48915 2.0071
-2.12279 -2.12765
-2.38516 -0.331438
-2.07058 -1.02738
-2.42303 -0.842926
-1.90676 -1.03164
-2.34746 -3.38207
-1.86618 -4.76961
-2.96371 -2.03325
-2.45137 0.0487581
-2.06094 -1.24597
-2.42383 -0.754036
-1.92471 -1.04816
-2.42172 -2.98793
-2.53009 -0.585662
-1.8157 -1.32129
-1.74286 -4.6756
-2.99192 -1.49401
-1.90352 0.18088
-1.5835 -4.65056
-2.98541 -0.625679
-1.28229 -0.825544
-3.1059 -3.43217
-2.45383 -3.99467
-2.2189 -5.44075
-2.82496 -2.32941
-2.15067 0.308339
-2.43477 -2.07121
-1.81081 -0.51913
-1.46061 -4.8004
-2.91385 0.265416
-1.20411 -1.59957
-3.22221 -1.35123
-2.32502 -4.09613
-2.41163 -5.22922
-2.73066 -3.21653
-1.87391 -4.86589
-2.95242 -1.96408
-2.27186 0.34694
-2.35051 -1.35202
-1.91464 -0.744531
-2.29542 -3.55325
-1.59489 -5.31115
-2.84398 0.357281
-1.36823 -1.83629
-3.02042 -3.73654
-2.37572 -4.38367
-2.62673 -4.56721
-2.53768 -4.41944
-2.5546 -4.61294
-2.58625 -4.34223
-2.50551 -4.73572
-2.63055 -4.14209
-2.39616 -5.02614
-2.71454 -3.5929
-1.90443 -5.44106
-2.89076 -1.09065
-1.32566 -0.9366
-3.00205 -4.08965
-2.56204 -3.58797
-1.6939 -5.3299
-2.88304 -0.197237
-1.25112 -1.50788
-3.18784 -2.24263
-2.18367 -4.64339
-2.82743 -3.57039
-2.08006 -5.32732
-2.86478 -2.18122
-2.10386 0.308088
-2.40919 -2.61369
-2.11968 0.0533251
-2.45176 -1.91458
-1.7633 -0.670069
-1.2759 -4.95738
-2.70941 1.52266
-1.73036 -2.20225
-1.48591 -5.60595
-2.58001 1.62316
-2.0025 -2.03572
-2.54941 -1.76408
-1.63726 -0.886976
-1.40547 -5.70842
-2.38071 2.0374
-2.24507 -2.28838
-2.17802 -0.0812465
-2.40127 -1.25648
-1.85846 -0.890414
-2.00004 -4.31647
-2.89727 -3.48479
-2.11309 -5.23106
-2.85431 -2.50113
-2.55001 -0.452287
-1.81548 -1.38866
-1.73739 -4.68666
-2.99088 -1.4529
-1.85341 0.109758
-1.33061 -4.79363
-2.82612 1.01949
-1.43686 -2.06113
-2.88791 -4.40481
-2.51915 -3.93574
-2.14753 -5.47234
-2.84752 -2.02933
-1.84383 -0.0014602
-1.35014 -4.79827
-2.84101 0.914075
-1.39605 -2.01056
-2.99227 -3.86657
-2.38887 -4.3719
-2.61272 -4.60942
-2.55166 -4.36443
-2.52852 -4.70451
-2.61319 -4.20387
-2.43415 -4.94331
-2.6884 -3.7738
-2.08786 -5.42103
-2.86242 -1.97506
-1.83427 -0.0067865
-1.30351 -4.82544
-2.7908 1.20963
-1.53123 -2.14177
-2.53755 -5.45306
-2.78397 -2.06386
-1.72285 -0.261433
-1.15075 -5.26456
-2.34989 2.28937
-2.23161 -2.49918
-2.32681 -0.101431
-2.20018 -1.00305
-2.19867 -0.56056
-2.28698 -0.768408
-2.1097 -0.74268
-2.39452 -0.870372
-1.93915 -0.958862
-2.44742 -2.78164
-2.26077 0.110712
-2.3296 -1.16422
-1.97214 -0.74531
-2.47356 -2.44754
-1.93007 -0.150042
-2.03656 -4.17364
-2.80845 -4.10129
-2.36337 -4.82166
-2.72657 -3.80492
-2.16715 -5.33111
-2.83528 -2.48089
-2.44281 0.0127755
-2.06561 -1.21979
-2.41677 -0.738415
-1.93755 -1.0337
-2.4563 -2.73014
-2.19428 0.124243
-2.40767 -1.43246
-1.82643 -0.847807
-1.73092 -4.64342
-2.99658 -1.46259
-1.89713 0.175384
-1.54571 -4.67391
-2.97255 -0.382584
-1.19636 -1.03436
-3.23196 -1.79804
-2.27638 -4.34661
-2.67511 -4.48397
-2.49889 -4.51148
-2.6017 -4.44757
-2.52929 -4.57913
-2.59676 -4.3715
-2.51106 -4.68868
-2.62249 -4.20917
-2.43548 -4.92667
-2.68665 -3.79915
-2.11571 -5.40356
-2.8544 -2.12542
-1.98253 0.196906
-2.07651 -4.04993
-2.66562 -4.71521
-2.54612 -4.18299
-2.42881 -5.03295
-2.69775 -3.63027
-1.92095 -5.4541
-2.88858 -1.13677
-1.33871 -0.909015
-2.96042 -4.31665
-2.61168 -3.33015
-1.93529 -4.73385
-2.94794 -2.4093
-2.53394 -2.91895
-2.43643 -0.109505
-2.04919 -1.1806
-2.44747 -0.885703
-1.86513 -1.08133
-2.11062 -4.12465
-2.68378 -4.61925
-2.52049 -4.31565
-2.51932 -4.79126
-2.627 -4.08131
-2.35335 -5.12861
-2.74321 -3.35078
-1.74511 -5.22429
-2.91644 -0.74438
-1.25065 -1.0777
-3.17254 -2.69617
-2.29725 -4.43106
-2.70083 -4.32251
-2.45292 -4.70156
-2.66105 -4.12287
-2.3845 -5.01932
-2.72055 -3.5831
-1.9036 -5.43726
-2.89126 -1.09744
-1.32801 -0.929405
-2.99465 -4.1326
-2.57173 -3.5408
-1.68079 -5.2483
-2.89874 -0.311345
-1.22571 -1.39675
-3.20931 -1.94583
-2.20476 -4.5405
-2.79914 -3.83043
-2.24528 -5.15547
-2.79723 -3.05535
-1.97622 -4.71753
-2.9345 -2.62009
-2.17763 -4.34977
-2.75819 -4.1929
-2.39924 -4.79752
-2.70274 -3.90791
-2.24185 -5.25737
-2.80243 -2.85889
-2.48376 -3.19083
-2.53333 -2.72722
-2.16751 0.164707
-2.43189 -1.67259
-1.77784 -0.789542
-1.37734 -4.88752
-2.83515 0.875204
-1.41215 -2.01008
-2.94725 -4.1246
-2.45163 -4.17837
-2.44219 -5.08179
-2.69633 -3.55996
-1.8322 -5.41973
-2.8918 -0.763825
-1.25846 -1.16079
-3.16378 -2.75718
-2.28971 -4.46358
-2.71854 -4.2318
-2.42154 -4.80031
-2.68866 -3.944
-2.26416 -5.23564
-2.79161 -2.95965
-2.27836 -4.03925
-2.37612 -5.31793
-2.75832 -2.95191
-2.48033 -3.19641
-2.52443 -2.79948
-2.26177 0.15368
-2.33529 -1.19931
-1.95832 -0.750245
-2.44957 -2.69921
-2.16489 0.111236
-2.43143 -1.60845
-1.78062 -0.82129
-1.40227 -4.87402
-2.85836 0.710691
-1.34687 -1.91973
-3.0841 -3.2277
-2.25792 -4.65916
-2.78238 -3.77492
-2.19524 -5.25113
-2.82176 -2.73937
-2.59786 -2.19092
-1.71196 -0.482611
-1.17632 -5.26697
-2.38926 2.2314
-2.21308 -2.34659
-2.274 -0.0938694
-2.27429 -0.997311
-2.08235 -0.663372
-2.44395 -1.12606
-1.82313 -1.02063
-1.76397 -4.62867
-2.99561 -1.65797
-2.12783 0.386373
-2.41554 -2.47495
-2.00539 -0.0805094
-2.34638 -3.20305
-2.41865 -3.39909
-1.90448 -4.73318
-2.95735 -2.26255
-2.62588 -1.60308
-1.54685 -1.02749
-1.93305 -6.06767
-2.59364 1.22687
-1.98216 -1.89846
-2.54182 -1.92831
-1.66547 -0.753668
-1.28803 -5.5284
-2.36131 2.15301
-2.24407 -2.40672
-2.24158 -0.0522219
-2.32623 -1.06728
-1.99389 -0.7594
-2.49581 -2.04495
-1.73585 -0.615981
-1.19545 -5.0958
-2.5318 2.03098
-2.05241 -2.16599
-2.53464 -1.11648
-1.70302 -1.19779
-1.25668 -5.26754
-2.51205 1.99285
-2.08933 -2.13065
-2.46074 -0.584409
-1.9123 -1.16234
-2.39547 -3.16661
-2.54286 -2.59624
-2.01927 0.050481
-2.32758 -3.26726
-2.19311 -4.17136
-2.6238 -4.76873
-2.5706 -4.13272
-2.38819 -5.10567
-2.72436 -3.44977
-1.77144 -5.33406
-2.90034 -0.645997
-1.2409 -1.20255
-3.18951 -2.41142
-2.24611 -4.52535
-2.76734 -3.98669
-2.32027 -5.03732
-2.75657 -3.42484
-1.80316 -5.34981
-2.90129 -0.788155
-1.25911 -1.10959
-3.16068 -2.81571
-2.30653 -4.42321
-2.69101 -4.36049
-2.46616 -4.66077
-2.6481 -4.19608
-2.42456 -4.92319
-2.69288 -3.78733
-2.10959 -5.40405
-2.8562 -2.10218
-1.95993 0.170824
-1.96583 -4.2588
-2.91026 -3.44567
-2.10481 -5.22493
-2.8575 -2.48161
-2.53744 -0.371324
-1.8513 -1.37505
-2.03585 -4.30008
-2.86315 -3.71819
-2.21901 -5.12076
-2.80954 -3.0344
-1.96705 -4.7373
-2.9368 -2.55308
-2.31916 -3.94907
-2.19632 -5.52377
-2.83785 -1.98927
-1.77368 -0.126202
-1.14638 -5.02294
-2.50257 2.13505
-2.08615 -2.19768
-2.48894 -0.708721
-1.84662 -1.20816
-1.9923 -4.35889
-2.91197 -3.33635
-2.03313 -5.27834
-2.87993 -2.09547
-2.05253 0.280381
-2.31694 -3.26358
-2.17727 -4.20789
-2.67175 -4.60625
-2.52238 -4.34662
-2.53359 -4.73454
-2.61307 -4.16832
-2.41326 -5.00197
-2.70374 -3.65685
-1.96524 -5.45267
-2.88523 -1.35864
-1.42447 -0.728983
-2.60105 -5.53179
-2.78986 -1.02641
-1.36127 -1.27004
-2.92861 -4.38975
-2.58735 -3.51638
-1.68564 -5.21849
-2.90655 -0.40547
-1.21893 -1.31745
-3.21411 -1.91824
-2.21914 -4.50401
-2.78083 -3.95195
-2.30556 -5.05355
-2.76486 -3.36687
-1.77421 -5.29541
-2.90766 -0.755235
-1.25281 -1.10607
-3.17027 -2.70891
-2.29355 -4.44409
-2.70863 -4.2844
-2.43999 -4.74324
-2.67303 -4.04834
-2.33848 -5.11392
-2.7497 -3.34716
-1.74912 -5.23414
-2.91525 -0.746861
-1.25105 -1.08098
-3.17205 -2.7003
-2.29714 -4.43209
-2.70133 -4.31987
-2.45206 -4.7045
-2.66189 -4.11769
-2.38148 -5.02606
-2.72254 -3.56765
-1.88878 -5.43175
-2.89224 -1.03602
-1.31083 -0.972195
-3.0453 -3.81959
-2.50258 -3.84592
-1.99631 -5.54912
-2.87346 -1.18945
-1.34659 -0.924014
-2.93604 -4.43096
-2.63309 -3.20792
-2.26841 -4.03249
-2.37695 -5.32164
-2.75878 -2.94165
-2.50082 -3.07147
-2.59244 -1.20637
-1.61021 -1.23693
-1.59562 -5.87807
-2.47705 1.75489
-2.16238 -1.9964
-2.25555 -0.196369
-2.2791 -0.945487
-2.08509 -0.685253
-2.438 -1.07953
-1.83954 -1.01893
-1.89626 -4.48082
-2.97343 -2.56844
-2.02965 -4.68329
-2.91312 -2.90539
-1.84008 -5.04584
-2.939 -1.57276
-1.71898 -0.143689
-1.15235 -5.33316
-2.30085 2.31879
-2.23689 -2.75254
-2.50998 -0.612706
-1.83831 -1.27225
-1.92996 -4.45823
-2.9584 -2.78999
-1.85994 -5.05249
-2.93562 -1.66442
-1.7935 -0.0219403
-1.15705 -4.96395
-2.55164 2.04781
-2.01564 -2.19545
-2.55154 -1.92332
-1.65518 -0.763036
-1.32468 -5.59883
-2.35753 2.12559
-2.24972 -2.41136
-2.23272 -0.0464705
-2.33895 -1.09161
-1.97158 -0.783902
-2.47911 -2.39501
-1.89238 -0.219125
-1.83592 -4.47715
-2.99462 -2.24141
-2.5123 -3.08974
-2.59979 -1.4419
-1.5778 -1.1231
-1.75974 -6.00553
-2.52692 1.53373
-2.09682 -1.91708
-2.38704 -0.403065
-2.05205 -1.01779
-2.45309 -0.992103
-1.83609 -1.07252
-1.88255 -4.5031
-2.97818 -2.45841
-2.20696 -4.2908
-2.70018 -4.4539
-2.48198 -4.53216
-2.61657 -4.40122
-2.51038 -4.64191
-2.61756 -4.27054
-2.46573 -4.83381
-2.66286 -3.96703
-2.27003 -5.24795
-2.78984 -2.9488
-2.32135 -3.90139
-2.11075 -5.58348
-2.85687 -1.51245
-1.46323 -0.692258
-2.39818 -5.86731
-2.75245 -0.0224942
-1.53771 -1.77618
-2.26885 -5.86257
-2.79372 -0.33065
-1.40975 -1.6366
-2.83806 -4.7007
-2.62825 -3.34906
-1.84909 -4.87056
-2.95667 -1.83625
-2.11178 0.358954
-2.40593 -2.61775
-2.12696 0.0563986
-2.45 -1.84628
-1.75894 -0.715794
-1.27244 -4.97064
-2.69943 1.55691
-1.75254 -2.20255
-1.4137 -5.46466
-2.59274 1.66288
-1.97653 -2.07458
-2.51478 -2.4802
-1.92567 -0.115897
-1.98217 -4.26546
-2.89852 -3.52227
-2.13816 -5.20069
-2.84489 -2.64447
-2.61774 -1.72211
-1.56407 -0.940139
-1.81425 -6.05076
-2.5276 1.49497
-2.09651 -1.89965
-2.38418 -0.401705
-2.05621 -1.01187
-2.44728 -0.962556
-1.84972 -1.06573
-1.99016 -4.34925
-2.9117 -3.34835
-2.04123 -5.27413
-2.87769 -2.1379
-2.10207 0.313568
-2.40564 -2.64851
-2.15545 0.0748467
-2.43625 -1.62416
-1.7736 -0.822558
-1.36502 -4.90139
-2.82041 0.965556
-1.45315 -2.05443
-2.82838 -4.65622
-2.58651 -3.63264
-1.75777 -5.42131
-2.87856 -0.333499
-1.25476 -1.4539
-3.18157 -2.37282
-2.19953 -4.63253
-2.81649 -3.64168
-2.12528 -5.29951
-2.84968 -2.4103
-2.39515 0.137582
-2.1555 -1.16834
-2.25209 -0.489269
-2.2215 -0.792832
-2.20366 -0.653241
-2.26025 -0.71316
-2.16082 -0.717578
-2.3163 -0.722288
-2.07777 -0.808311
-2.43447 -0.996637
-1.86008 -1.02941
-2.05985 -4.22315
-2.80885 -4.06615
-2.35228 -4.86301
-2.73478 -3.72781
-2.09786 -5.38485
-2.85941 -2.10992
-1.98249 0.199684
-2.07414 -4.05462
-2.67353 -4.68837
-2.53809 -4.21807
-2.45545 -4.97106
-2.67848 -3.7607
-2.05836 -5.4426
-2.86956 -1.79814
-1.68465 -0.260117
-1.23332 -5.52212
-2.27909 2.25798
-2.23648 -2.88783
-2.58 -1.44461
-1.60215 -1.1089
-1.61331 -5.91003
-2.46649 1.76111
-2.17654 -2.00109
-2.22547 -0.183616
-2.32353 -0.992501
-2.01176 -0.768987
-2.49857 -1.75366
-1.69477 -0.845023
-1.22502 -5.31505
-2.43092 2.13904
-2.18361 -2.2234
-2.28147 -0.140515
-2.25449 -0.967668
-2.11797 -0.635724
-2.39782 -0.932312
-1.92195 -0.955787
-2.39276 -3.14247
-2.56829 -2.30064
-1.78229 -0.353351
-1.24182 -4.93175
-2.68066 1.65656
-1.78985 -2.21372
-1.3725 -5.23708
-2.68346 1.45773
-1.79606 -2.14798
-1.38158 -5.14348
-2.74038 1.25134
-1.66437 -2.14638
-1.7731 -5.88794
-2.65096 1.14621
-1.86921 -1.98602
-1.92442 -4.52735
-2.96139 -2.64151
-1.97641 -4.78112
-2.93063 -2.54208
-2.39304 -3.67378
-1.69032 -5.4533
-2.84433 0.156946
-1.35258 -1.76231
-3.04329 -3.60169
-2.35376 -4.43019
-2.66217 -4.43206
-2.49509 -4.58592
-2.61902 -4.33343
-2.48914 -4.73818
-2.6411 -4.12122
-2.38304 -5.04685
-2.72281 -3.53869
-1.85558 -5.41713
-2.89379 -0.899817
-1.27964 -1.06346
-3.12202 -3.21375
-2.37541 -4.26399
-2.55056 -4.85116
-2.61602 -4.01378
-2.29137 -5.25096
-2.78094 -2.99077
-2.25073 -4.11748
-2.50545 -5.07035
-2.66913 -3.61271
-1.84936 -5.4466
-2.88851 -0.780976
-1.26203 -1.1617
-3.15823 -2.81865
-2.29768 -4.45052
-2.70819 -4.2791
-2.43869 -4.7505
-2.67443 -4.03678
-2.33073 -5.12874
-2.7544 -3.30642
-1.74915 -5.17612
-2.92467 -0.864195
-1.28142 -0.963016
-3.11337 -3.32424
-2.41137 -4.14904
-2.42592 -5.14693
-2.71203 -3.41631
-1.73742 -5.26263
-2.90849 -0.616415
-1.23342 -1.1891
-3.19803 -2.29511
-2.24115 -4.51844
-2.76907 -3.98684
-2.3206 -5.0339
-2.75633 -3.43043
-1.80756 -5.35508
-2.90079 -0.799593
-1.26107 -1.10404
-3.15731 -2.85483
-2.31285 -4.41047
-2.681 -4.40301
-2.48011 -4.613
-2.63275 -4.27937
-2.46461 -4.81074
-2.66205 -3.99592
-2.29487 -5.20805
-2.77622 -3.08584
-2.00107 -4.66783
-2.92628 -2.80029
-1.89976 -4.91115
-2.94225 -2.03744
-2.31849 0.300397
-2.28683 -1.22149
-2.02541 -0.632996
-2.49182 -1.77696
-1.70381 -0.821325
-1.21341 -5.25768
-2.45389 2.12301
-2.15752 -2.19344
-2.32896 -0.204254
-2.17523 -0.966457
-2.24731 -0.571124
-2.21078 -0.756109
-2.22805 -0.663813
-2.22011 -0.70845
-2.22309 -0.68674
-2.22297 -0.696954
-2.22103 -0.692575
-2.22495 -0.693818
-2.2186 -0.694644
-2.22831 -0.692294
-2.21373 -0.696757
-2.23549 -0.690576
-2.20304 -0.701556
-2.25137 -0.689031
-2.17927 -0.715452
-2.28672 -0.696612
-2.1255 -0.760467
-2.36655 -0.787429
-1.99444 -0.906441
-2.5056 -1.82058
-1.69047 -0.807499
-1.22834 -5.34782
-2.41187 2.15721
-2.20203 -2.26265
-2.25737 -0.110082
-2.29392 -1.00015
-2.05279 -0.702268
-2.47426 -1.34205
-1.74912 -1.01455
-1.29987 -4.99795
-2.71855 1.45602
-1.71167 -2.19013
-1.55758 -5.70576
-2.58737 1.53843
-1.99239 -2.01159
-2.54542 -1.93118
-1.66249 -0.753206
-1.29798 -5.54928
-2.35908 2.14653
-2.24619 -2.4131
-2.24097 -0.049658
-2.3275 -1.07061
-1.99148 -0.761636
-2.49482 -2.08125
-1.74602 -0.581166
-1.20493 -5.04905
-2.57248 1.9484
-1.98977 -2.17389
-2.51833 -2.47286
-1.91835 -0.125743
-1.94173 -4.32967
-2.94156 -3.12481
-1.94291 -5.26725
-2.90229 -1.71091
-1.70821 -0.191431
-1.17314 -5.38653
-2.29313 2.30357
-2.2371 -2.7983
-2.54104 -0.8333
-1.74776 -1.29055
-1.32367 -5.0238
-2.73326 1.36985
-1.67871 -2.17627
-1.71715 -5.85159
-2.63331 1.2586
-1.90703 -1.9899
-2.22643 -3.92779
-2.26656 -5.49383
-2.81756 -2.24348
-2.00057 0.196639
-2.16853 -3.82447
-2.18439 -5.59577
-2.84382 -1.67357
-1.53616 -0.563756
-1.971 -6.12458
-2.5509 1.332
-2.05872 -1.86064
-2.45876 -0.670821
-1.89595 -1.14443
-2.31732 -3.52595
-1.59819 -5.21704
-2.8755 0.123132
-1.28029 -1.67353
-3.1623 -2.51017
-2.17656 -4.71214
-2.83603 -3.43735
-1.9736 -5.364
-2.89021 -1.63883
-1.61034 -0.376524
-1.55153 -5.9516
-2.34279 1.97175
-2.27475 -2.41523
-2.18545 -0.0342016
-2.399 -1.27676
-1.85844 -0.879458
-1.99551 -4.32291
-2.90228 -3.44348
-2.09249 -5.24579
-2.86161 -2.39698
-2.43159 0.0562865
-2.08977 -1.20695
-2.37254 -0.615763
-2.02397 -0.948846
-2.49122 -1.35316
-1.72544 -1.04027
-1.24626 -5.11911
-2.58986 1.86128
-1.96609 -2.15863
-2.45047 -3.02172
-2.55517 -0.756368
-1.74337 -1.33549
-1.31222 -5.05294
-2.70729 1.47096
-1.73872 -2.18327
-1.444 -5.53641
-2.57976 1.66405
-2.00079 -2.05347
-2.54885 -1.84442
-1.64572 -0.826355
-1.36497 -5.65654
-2.36768 2.08307
-2.24892 -2.35416
-2.20244 -0.0584193
-2.37555 -1.17386
-1.90668 -0.852113
-2.29578 -3.56772
-1.60184 -5.34192
-2.83707 0.389961
-1.38751 -1.85969
-2.97472 -4.01092
-2.43742 -4.20457
-2.47098 -5.02298
-2.67587 -3.69086
-1.96322 -5.46842
-2.88407 -1.30165
-1.39678 -0.787315
-2.73252 -5.20164
-2.77117 -1.83675
-1.55051 -0.624937
-1.88239 -6.10786
-2.51691 1.47646
-2.11371 -1.87861
-2.34099 -0.322239
-2.13271 -0.947032
-2.32476 -0.63381
-2.08537 -0.843794
-2.41899 -0.910242
-1.89813 -1.01017
-2.29972 -3.57528
-1.60605 -5.35206
-2.83586 0.389759
-1.3905 -1.8616
-2.9667 -4.05571
-2.44804 -4.17007
-2.43524 -5.10047
-2.70178 -3.51805
-1.79629 -5.38543
-2.89407 -0.655939
-1.24575 -1.21977
-3.18391 -2.47846
-2.2485 -4.53051
-2.76694 -3.98288
-2.31834 -5.04276
-2.75774 -3.41261
-1.79507 -5.33848
-2.90245 -0.770649
-1.2561 -1.11647
-3.16565 -2.75701
-2.29763 -4.44011
-2.70421 -4.30255
-2.44648 -4.72417
-2.66729 -4.08335
-2.36078 -5.07036
-2.7359 -3.46136
-1.79956 -5.36281
-2.89866 -0.734349
-1.25193 -1.15411
-3.17325 -2.64957
-2.27783 -4.47954
-2.73226 -4.16816
-2.39729 -4.86495
-2.70695 -3.81725
-2.15882 -5.35369
-2.83907 -2.40018
-2.32764 0.243154
-2.26549 -1.17793
-2.0646 -0.599588
-2.46915 -1.36667
-1.75268 -0.995886
-1.30977 -4.98176
-2.73651 1.38255
-1.6698 -2.18236
-1.77332 -5.88351
-2.65487 1.13095
-1.86074 -1.98856
-1.84998 -4.62178
-2.98094 -2.1225
-2.62054 -1.14679
-1.57947 -1.28647
-1.79067 -6.00024
-2.56068 1.42577
-2.04231 -1.91712
-2.49937 -0.892049
-1.79371 -1.19442
-1.56744 -4.80405
-2.95558 -0.366546
-1.18801 -1.12648
-3.23656 -1.58218
-2.29057 -4.26824
-2.61229 -4.72323
-2.56811 -4.20736
-2.44306 -4.97264
-2.68535 -3.74315
-2.04587 -5.4441
-2.87229 -1.74279
-1.64536 -0.329217
-1.38077 -5.76281
-2.29099 2.13428
-2.25634 -2.78451
-2.50563 -0.569272
-1.85386 -1.26985
-2.05524 -4.25485
-2.82825 -3.94693
-2.31049 -4.96063
-2.76116 -3.50491
-1.89179 -5.40806
-2.89524 -1.11835
-1.33746 -0.897253
-2.96348 -4.30406
-2.61052 -3.33463
-1.92528 -4.74921
-2.94995 -2.34351
-2.60291 -2.22432
-1.72798 -0.43638
-1.16365 -5.17949
-2.43034 2.20363
-2.17535 -2.25495
-2.31386 -0.164356
-2.20463 -0.967059
-2.19759 -0.576766
-2.28535 -0.759728
-2.11392 -0.742014
-2.388 -0.850993
-1.95197 -0.946562
-2.4736 -2.53619
-1.99489 -0.0391306
-2.28997 -3.45476
-1.62378 -5.0958
-2.91529 -0.273341
-1.20421 -1.35314
-3.22468 -1.6346
-2.25118 -4.37141
-2.70793 -4.35838
-2.45864 -4.64908
-2.65148 -4.20253
-2.42703 -4.91017
-2.69075 -3.80899
-2.13185 -5.38852
-2.84913 -2.22195
-2.09298 0.293825
-2.39871 -2.72703
-2.24229 0.0854584
-2.34874 -1.18712
-1.94143 -0.785171
-2.4145 -2.97415
-2.51898 -0.521255
-1.84552 -1.30814
-1.99023 -4.37126
-2.91555 -3.29574
-2.01028 -5.28507
-2.88597 -1.98354
-1.93385 0.154962
-1.81081 -4.46544
-3.00225 -2.11692
-2.61349 -2.1013
-1.66445 -0.581683
-1.28869 -5.56674
-2.3293 2.17924
-2.25374 -2.5619
-2.32669 -0.0790337
-2.20504 -1.01221
-2.18897 -0.560503
-2.30198 -0.779908
-2.08567 -0.767652
-2.42764 -0.9845
-1.87159 -1.01615
-2.13902 -4.05376
-2.57532 -4.9585
-2.62437 -3.81996
-2.06789 -5.46807
-2.86704 -1.7597
-1.64557 -0.333521
-1.37933 -5.76012
-2.29144 2.13505
-2.25643 -2.78157
-2.50318 -0.55575
-1.86024 -1.26647
-2.10399 -4.15722
-2.71791 -4.48441
-2.48145 -4.47173
-2.60109 -4.49868
-2.54033 -4.50958
-2.57711 -4.47646
-2.54907 -4.53656
-2.57741 -4.44254
-2.54082 -4.58502
-2.59063 -4.37125
-2.51373 -4.69017
-2.62096 -4.20975
-2.43605 -4.92707
-2.68634 -3.79942
-2.11566 -5.40379
-2.85442 -2.12461
-1.98156 0.195797
-2.07206 -4.05957
-2.68113 -4.66184
-2.53022 -4.25188
-2.47965 -4.90985
-2.6601 -3.87856
-2.17849 -5.36593
-2.83279 -2.43103
-2.34966 0.210736
-2.23058 -1.15864
-2.12299 -0.54256
-2.40454 -1.00318
-1.89881 -0.958216
-2.28899 -3.60793
-1.63701 -5.43449
-2.82271 0.420191
-1.42541 -1.89057
-2.86382 -4.54637
-2.56932 -3.69309
-1.81568 -5.48153
-2.87692 -0.487871
-1.25558 -1.37641
-3.17721 -2.4797
-2.22122 -4.60023
-2.79853 -3.76779
-2.20362 -5.22358
-2.81754 -2.8171
-2.49836 -3.10764
-2.59986 -1.62905
-1.57552 -1.00606
-1.75311 -6.01632
-2.50905 1.57932
-2.12363 -1.92096
-2.32654 -0.286976
-2.16041 -0.936006
-2.27804 -0.595103
-2.16029 -0.776655
-2.30631 -0.685357
-2.09991 -0.797276
-2.40218 -0.869885
-1.92898 -0.977279
-2.42177 -2.97169
-2.51282 -0.481129
-1.86298 -1.30075
-2.1264 -4.11171
-2.65157 -4.72591
-2.55257 -4.18063
-2.42635 -5.03284
-2.69901 -3.62727
-1.91933 -5.45313
-2.88877 -1.13149
-1.33713 -0.912478
-2.96566 -4.28953
-2.60577 -3.36332
-1.85964 -4.84769
-2.95715 -1.91429
-2.22794 0.370724
-2.39746 -1.56725
-1.82835 -0.771953
-1.71283 -4.65214
-2.99618 -1.35434
-1.78439 0.00808271
-1.12912 -5.01297
-2.48241 2.18281
-2.10977 -2.21623
-2.44702 -0.496321
-1.9504 -1.14236
-2.49513 -2.35954
-1.85888 -0.271776
-1.63449 -4.66443
-2.99112 -0.904043
-1.42591 -0.582225
-2.58862 -5.57919
-2.78463 -0.798442
-1.37658 -1.41558
-2.90309 -4.47551
-2.59271 -3.51063
-1.68761 -5.21438
-2.9079 -0.426023
-1.21859 -1.301
-3.21426 -1.92965
-2.22108 -4.50194
-2.77892 -3.96238
-2.31032 -5.04478
-2.76214 -3.39081
-1.78575 -5.32033
-2.90462 -0.762112
-1.25436 -1.11357
-3.1682 -2.72923
-2.29467 -4.44421
-2.70789 -4.28664
-2.44087 -4.7411
-2.6723 -4.05251
-2.34119 -5.10888
-2.74806 -3.36097
-1.75158 -5.25235
-2.91242 -0.721838
-1.24676 -1.10843
-3.1791 -2.60127
-2.28089 -4.4628
-2.72447 -4.21261
-2.41389 -4.81797
-2.69446 -3.90798
-2.2362 -5.27222
-2.80562 -2.81293
-2.55585 -2.67354
-2.10518 0.145132
-2.44161 -2.2585
-1.86149 -0.346241
-1.70724 -4.61569
-3.00097 -1.36075
-1.8173 0.0629129
-1.19543 -4.89438
-2.63974 1.82609
-1.8667 -2.22037
-1.67693 -4.81792
-2.97251 -0.980891
-1.41091 -0.63103
-2.661 -5.41325
-2.78674 -1.24015
-1.37464 -1.13059
-2.86023 -4.71285
-2.67146 -2.99065
-2.60799 -1.74572
-1.57585 -0.922065
-1.7407 -6.02007
-2.49269 1.62274
-2.1467 -1.93195
-2.27641 -0.230559
-2.24264 -0.920397
-2.14531 -0.631449
-2.35668 -0.825284
-1.99979 -0.876954
-2.50408 -1.77666
-1.68931 -0.836284
-1.23269 -5.35284
-2.41489 2.14967
-2.19989 -2.2535
-2.25801 -0.113509
-2.29236 -0.997161
-2.05564 -0.699686
-2.47162 -1.3165
-1.75603 -1.01899
-1.32678 -4.96686
-2.76053 1.27136
-1.6114 -2.16161
-2.10501 -5.91286
-2.77551 0.102149
-1.5046 -1.81694
-2.47819 -5.60394
-2.80573 -1.43521
-1.40277 -0.933058
-2.71952 -5.21385
-2.76906 -1.93106
-1.60402 -0.512431
-1.57377 -5.9536
-2.37025 1.92755
-2.26468 -2.27336
-2.13285 -0.0971793
-2.44361 -1.53106
-1.76943 -0.880436
-1.35941 -4.91426
-2.81116 1.01568
-1.47855 -2.07731
-2.74014 -4.9601
-2.66697 -3.17481
-2.25123 -4.08985
-2.47204 -5.14779
-2.6953 -3.43748
-1.73035 -5.26361
-2.90708 -0.572629
-1.22974 -1.22067
-3.20268 -2.20103
-2.23158 -4.5261
-2.77757 -3.94298
-2.30027 -5.07073
-2.76799 -3.3291
-1.76038 -5.24912
-2.914 -0.779778
-1.25725 -1.06474
-3.16195 -2.82238
-2.31554 -4.39662
-2.67266 -4.44095
-2.49183 -4.56895
-2.61806 -4.3549
-2.49648 -4.70729
-2.63362 -4.16984
-2.41261 -4.97852
-2.70272 -3.69047
-2.00601 -5.4471
-2.87984 -1.56286
-1.53112 -0.53231
-2.00266 -6.12731
-2.5619 1.2801
-2.03932 -1.85816
-2.49473 -0.882928
-1.8019 -1.18674
-1.62737 -4.75957
-2.97575 -0.764977
-1.31661 -0.78393
-3.01889 -4.0324
-2.57159 -3.51744
-1.68152 -5.19831
-2.90974 -0.42309
-1.21669 -1.29547
-3.21578 -1.90333
-2.22372 -4.491
-2.77411 -3.9942
-2.32469 -5.01549
-2.75372 -3.46563
-1.83585 -5.38324
-2.89817 -0.884275
-1.2767 -1.05749
-3.12743 -3.16765
-2.36871 -4.27963
-2.56644 -4.80605
-2.60227 -4.08566
-2.35243 -5.1529
-2.74549 -3.30539
-1.74899 -5.14783
-2.92899 -0.916095
-1.30069 -0.907176
-3.06698 -3.69358
-2.48794 -3.89042
-2.06253 -5.53644
-2.86631 -1.51265
-1.47651 -0.652786
-2.323 -5.95442
-2.72266 0.304993
-1.64749 -1.85949
-1.65541 -5.84784
-2.57505 1.4889
-2.01618 -1.96881
-2.54064 -1.36008
-1.66005 -1.11106
-1.33817 -5.55495
-2.41617 2.05151
-2.21084 -2.20457
-2.214 -0.112617
-2.35196 -1.08087
-1.95546 -0.817046
-2.45757 -2.64927
-2.10758 0.0811958
-2.44987 -2.1012
-1.80016 -0.513022
-1.39335 -4.84017
-2.86177 0.71715
-1.33788 -1.9137
-3.09987 -3.08745
-2.23132 -4.70207
-2.80275 -3.62952
-2.09626 -5.33581
-2.85966 -2.22375
-2.14312 0.322755
-2.43264 -2.17676
-1.84219 -0.418693
-1.61628 -4.69221
-2.98456 -0.772364
-1.34017 -0.729292
-2.94476 -4.43324
-2.65463 -3.03519
-2.59575 -2.0758
-1.66274 -0.618798
-1.29457 -5.57063
-2.33521 2.16972
-2.25348 -2.52878
-2.3025 -0.0590755
-2.24225 -1.0108
-2.12903 -0.604237
-2.38622 -0.911261
-1.94184 -0.931851
-2.44913 -2.75997
-2.23366 0.119803
-2.3644 -1.2481
-1.91 -0.806877
-2.29628 -3.55926
-1.59746 -5.32291
-2.84134 0.369971
-1.3756 -1.84551
-3.00364 -3.84187
-2.39891 -4.32023
-2.57706 -4.73703
-2.5881 -4.18698
-2.42724 -4.99331
-2.69551 -3.69055
-1.99449 -5.45374
-2.8813 -1.49147
-1.48951 -0.608591
-2.24807 -6.02315
-2.68721 0.59595
-1.75711 -1.8912
-1.339 -5.18625
-2.6715 1.53901
-1.81942 -2.15868
-1.44752 -5.02676
-2.84384 0.67546
-1.38466 -1.93893
-3.00295 -3.82002
-2.38465 -4.37372
-2.61619 -4.6005
-2.54846 -4.37622
-2.53442 -4.68497
-2.60746 -4.23412
-2.4513 -4.89853
-2.67566 -3.8605
-2.17314 -5.36104
-2.83441 -2.42708
-2.35057 0.210095
-2.22925 -1.15859
-2.12517 -0.540539
-2.40176 -0.993988
-1.90434 -0.953458
-2.31594 -3.50401
-1.60608 -5.16839
-2.89209 -0.0267798
-1.24029 -1.55759
-3.19981 -1.99548
-2.17743 -4.6066
-2.82752 -3.61293
-2.11597 -5.29833
-2.85296 -2.37944
-2.36033 0.203157
-2.21491 -1.15957
-2.14876 -0.520376
-2.37081 -0.910558
-1.9628 -0.895196
-2.48358 -2.39317
-1.8876 -0.223762
-1.80528 -4.51119
-3.00032 -2.02297
-2.61644 -1.02473
-1.60349 -1.33573
-1.66169 -5.9194
-2.51359 1.63368
-2.11461 -1.95163
-2.3539 -0.321188
-2.11528 -0.969178
-2.35231 -0.668357
-2.03976 -0.894574
-2.47712 -1.23594
-1.7606 -1.05694
-1.35256 -4.94739
-2.79311 1.10174
-1.52739 -2.11249
-2.53724 -5.45794
-2.78517 -2.03631
-1.70169 -0.30075
-1.18627 -5.39071
-2.31132 2.28118
-2.24248 -2.68529
-2.44785 -0.333442
-1.98534 -1.16843
-2.51646 -1.684
-1.67185 -0.91032
-1.27857 -5.46894
-2.39582 2.12738
-2.22145 -2.285
-2.22546 -0.0879575
-2.34117 -1.07269
-1.97192 -0.793232
-2.48098 -2.3741
-1.87861 -0.246342
-1.75787 -4.56074
-3.0038 -1.69983
-2.24571 0.387186
-2.38251 -1.49657
-1.85426 -0.768541
-1.9135 -4.43483
-2.96558 -2.74382
-1.87338 -5.0144
-2.93736 -1.78319
-1.93272 0.184529
-1.77752 -4.4967
-3.00714 -1.88632
-2.52632 -0.222367
-1.89913 -1.37348
-2.35514 -3.39973
-1.82917 -4.82135
-2.96531 -1.79083
-2.10399 0.359704
-2.39584 -2.71989
-2.23795 0.0842939
-2.35392 -1.19862
-1.93233 -0.794689
-2.38731 -3.14052
-2.56725 -2.31075
-1.78867 -0.340047
-1.26108 -4.91024
-2.713 1.53709
-1.72043 -2.21045
-1.5331 -5.67211
-2.58561 1.56516
-1.9947 -2.01995
-2.54656 -1.89877
-1.65578 -0.781196
-1.3231 -5.5924
-2.36076 2.12389
-2.24811 -2.3976
-2.22797 -0.0494885
-2.34462 -1.1008
-1.96203 -0.795294
-2.46608 -2.55614
-2.01682 -0.0138128
-2.35009 -3.16681
-2.49942 -2.93312
-2.4473 -0.160484
-2.02352 -1.19551
-2.48523 -1.12797
-1.76772 -1.10579
-1.39446 -4.91812
-2.83895 0.819206
-1.40117 -1.98862
-2.97218 -3.99195
-2.42091 -4.27436
-2.5345 -4.85787
-2.62507 -3.99736
-2.27938 -5.26289
-2.78697 -2.93869
-2.36746 -3.73438
-1.78123 -5.55479
-2.84686 -0.0569029
-1.32945 -1.66999
-3.07935 -3.3579
-2.31368 -4.51014
-2.71704 -4.18709
-2.40722 -4.86004
-2.70058 -3.84179
-2.17758 -5.33921
-2.83183 -2.49437
-2.44907 -0.00748647
-2.05287 -1.22891
-2.43893 -0.823977
-1.8895 -1.07254
-2.26754 -3.69839
-1.78619 -5.60072
-2.83216 0.0714063
-1.37296 -1.7513
-2.98872 -3.95798
-2.43557 -4.19555
-2.46346 -5.04332
-2.68186 -3.64885
-1.9175 -5.46253
-2.88768 -1.094
-1.32502 -0.945862
-3.00458 -4.07303
-2.55742 -3.61086
-1.70746 -5.36648
-2.87792 -0.184965
-1.26048 -1.52988
-3.17826 -2.37386
-2.18717 -4.66096
-2.82675 -3.55315
-2.06383 -5.33849
-2.86954 -2.0916
-2.0007 0.225594
-2.1491 -3.87285
-2.30703 -5.47941
-2.80575 -2.35039
-2.10735 0.280625
-2.41919 -2.5118
-2.02685 -0.0436656
-2.38801 -2.94494
-2.50411 -0.457251
-1.88048 -1.28433
-2.24588 -3.79422
-1.99365 -5.65278
-2.85847 -0.779508
-1.28311 -1.26157
-3.12769 -3.08625
-2.32152 -4.42479
-2.68133 -4.38689
-2.47643 -4.63363
-2.63804 -4.24619
-2.44956 -4.85652
-2.6742 -3.91477
-2.22804 -5.29895
-2.8105 -2.73276
-2.61581 -1.72365
-1.56604 -0.939067
-1.80209 -6.04629
-2.52197 1.51666
-2.10508 -1.90329
-2.3654 -0.358824
-2.09123 -0.981889
-2.3928 -0.758748
-1.96523 -0.97316
-2.49625 -2.24418
-1.80086 -0.411587
-1.34927 -4.85466
-2.82248 0.991671
-1.44731 -2.05875
-2.85124 -4.56388
-2.56145 -3.75288
-1.89572 -5.51966
-2.87881 -0.800642
-1.26925 -1.18302
-3.14741 -2.92416
-2.30899 -4.43459
-2.69406 -4.33945
-2.45985 -4.68549
-2.65495 -4.1541
-2.40222 -4.97946
-2.70866 -3.67203
-1.99265 -5.44648
-2.88203 -1.50453
-1.4987 -0.590372
-2.19456 -6.06005
-2.66124 0.772736
-1.82714 -1.89243
-1.64882 -4.81014
-2.97085 -0.831015
-1.33392 -0.762486
-2.96639 -4.32076
-2.62977 -3.19984
-2.30582 -3.91519
-2.14901 -5.56617
-2.85004 -1.70018
-1.56409 -0.502714
-1.80559 -6.1003
-2.46394 1.63769
-2.18666 -1.93641
-2.19034 -0.203655
-2.36751 -1.0677
-1.93652 -0.8569
-2.41804 -2.96809
-2.51066 -0.471752
-1.86808 -1.29728
-2.16329 -4.02457
-2.50454 -5.12552
-2.6811 -3.48618
-1.74025 -5.3167
-2.89835 -0.506513
-1.23189 -1.29198
-3.2018 -2.16535
-2.21801 -4.55203
-2.79243 -3.8493
-2.25319 -5.14904
-2.79331 -3.08746
-1.92166 -4.80915
-2.94606 -2.25706
-2.61414 -1.05846
-1.60144 -1.31992
-1.66877 -5.92654
-2.51432 1.62694
-2.11375 -1.94896
-2.35527 -0.324563
-2.11266 -0.970795
-2.35673 -0.676155
-2.03202 -0.902972
-2.48496 -1.31133
-1.73916 -1.04531
-1.274 -5.0463
-2.66515 1.64793
-1.82656 -2.18894
-1.46287 -5.01332
-2.85877 0.561261
-1.34162 -1.87364
-3.08655 -3.22371
-2.26246 -4.64374
-2.77771 -3.81296
-2.2199 -5.22082
-2.81039 -2.87
-2.41409 -3.54772
-1.63378 -5.18147
-2.89935 -0.169221
-1.22483 -1.46584
-3.21082 -1.85099
-2.20259 -4.52475
-2.79732 -3.85577
-2.25938 -5.13123
-2.78996 -3.13268
-1.85091 -4.9291
-2.95008 -1.77774
-1.99468 0.264659
-2.09029 -4.01045
-2.60396 -4.9075
-2.60535 -3.89817
-2.15357 -5.42212
-2.84364 -2.20129
-2.04085 0.251154
-2.29562 -3.36997
-1.79095 -4.85467
-2.96632 -1.5573
-1.82946 0.0566276
-1.24611 -4.85302
-2.71997 1.5433
-1.70237 -2.21864
-1.62625 -5.7739
-2.60817 1.41864
-1.95599 -2.00079
-2.47887 -2.79129
-2.25651 0.130913
-2.33824 -1.19166
-1.9554 -0.759118
-2.44505 -2.74114
-2.21468 0.118802
-2.38597 -1.32196
-1.86959 -0.836321
-2.0598 -4.20402
-2.799 -4.12551
-2.37173 -4.81096
-2.72086 -3.83632
-2.19156 -5.30851
-2.82526 -2.6079
-2.57825 -0.696695
-1.72179 -1.39124
-1.27874 -5.18565
-2.59505 1.80973
-1.96098 -2.14337
-2.43745 -3.09837
-2.59622 -1.55263
-1.57858 -1.05497
-1.7423 -6.00481
-2.51071 1.58302
-2.12095 -1.92419
-2.33335 -0.295782
-2.14909 -0.942784
-2.29665 -0.605342
-2.13126 -0.800456
-2.35056 -0.736877
-2.02713 -0.878495
-2.4903 -1.39855
-1.72122 -1.02032
-1.23891 -5.14277
-2.56581 1.91813
-2.00556 -2.15032
-2.54722 -2.0091
-1.6777 -0.683915
-1.24902 -5.45372
-2.36171 2.18696
-2.23937 -2.41795
-2.25801 -0.0578198
-2.30315 -1.03613
-2.03263 -0.71402
-2.48972 -1.55517
-1.70833 -0.947321
-1.22521 -5.22106
-2.49664 2.05139
-2.10635 -2.15248
-2.43117 -0.457989
-1.98034 -1.11005
-2.51457 -1.82005
-1.68022 -0.817209
-1.24988 -5.41745
-2.39209 2.15748
-2.22082 -2.30793
-2.23765 -0.0846441
-2.32554 -1.04853
-1.99831 -0.761853
-2.49764 -1.96947
-1.7183 -0.683925
-1.19373 -5.18488
-2.47317 2.11926
-2.13197 -2.18424
-2.38458 -0.31218
-2.07563 -1.03007
-2.41429 -0.808364
-1.92578 -1.01657
-2.41931 -2.9965
-2.53961 -0.654012
-1.78737 -1.32802
-1.5278 -4.84619
-2.9343 -0.0785821
-1.17467 -1.36836
-3.23716 -1.14131
-2.41536 -3.76394
-1.82611 -5.55986
-2.85888 -0.2905
-1.28932 -1.53302
-3.13823 -2.86636
-2.24444 -4.61343
-2.78532 -3.81377
-2.22592 -5.2037
-2.80726 -2.91846
-2.29997 -3.97599
-2.25821 -5.47069
-2.81685 -2.31339
-2.0947 0.278665
-2.4053 -2.67178
-2.17821 0.0848679
-2.41902 -1.47587
-1.80674 -0.855172
-1.58391 -4.75839
-2.96775 -0.515475
-1.22327 -0.984377
-3.20656 -2.29705
-2.28056 -4.41545
-2.70621 -4.32139
-2.45054 -4.69808
-2.66225 -4.12415
-2.38524 -5.01586
-2.71996 -3.58956
-1.91036 -5.43916
-2.8908 -1.12669
-1.33695 -0.908304
-2.9659 -4.28928
-2.60622 -3.36018
-1.86653 -4.83747
-2.95684 -1.95968
-2.2947 0.331209
-2.32138 -1.27993
-1.96595 -0.696447
-2.4534 -2.64508
-2.10663 0.0772988
-2.45006 -2.1044
-1.80076 -0.510326
-1.39555 -4.83846
-2.86385 0.701906
-1.33208 -1.9043
-3.10865 -3.00697
-2.21753 -4.72063
-2.81221 -3.55912
-2.04547 -5.36011
-2.87425 -1.96545
-1.86586 0.0506642
-1.44283 -4.74369
-2.91749 0.302694
-1.19703 -1.59908
-3.22466 -1.24022
-2.377 -3.9048
-2.08371 -5.57451
-2.86143 -1.45289
-1.43925 -0.734949
-2.52761 -5.67089
-2.7847 -0.654206
-1.38906 -1.49302
-2.87619 -4.57591
-2.60955 -3.43291
-1.73032 -5.06605
-2.93991 -0.949585
-1.3262 -0.831584
-2.99365 -4.16219
-2.59041 -3.43144
-1.74674 -5.02186
-2.94688 -1.10884
-1.41262 -0.663003
-2.65425 -5.42419
-2.7874 -1.24043
-1.37418 -1.12903
-2.86171 -4.70737
-2.67044 -2.99761
-2.60619 -1.82398
-1.58849 -0.85874
-1.6604 -5.97817
-2.45099 1.75523
-2.19732 -2.0057
-2.1822 -0.180508
-2.38186 -1.12252
-1.90702 -0.879092
-2.30653 -3.53035
-1.59318 -5.24292
-2.86537 0.210379
-1.30782 -1.73543
-3.12794 -2.88438
-2.21838 -4.68875
-2.80977 -3.61012
-2.08888 -5.33561
-2.86199 -2.19628
-2.11301 0.311524
-2.41793 -2.50454
-2.02305 -0.0505469
-2.38173 -2.9891
-2.55069 -0.773927
-1.74619 -1.323
-1.32009 -5.03656
-2.72366 1.40704
-1.70135 -2.17966
-1.59933 -5.75324
-2.59597 1.47784
-1.97807 -2.00174
-2.53081 -2.24287
-1.77282 -0.428724
-1.23511 -4.95521
-2.66139 1.71541
-1.82939 -2.20877
-1.46476 -5.01443
-2.85969 0.55171
-1.33889 -1.86852
-3.09097 -3.18678
-2.2558 -4.65466
-2.78324 -3.77627
-2.19703 -5.24792
-2.82093 -2.75106
-2.58871 -2.32456
-1.79127 -0.309163
-1.25895 -4.90658
-2.71212 1.54321
-1.72219 -2.21156
-1.52621 -5.66284
-2.58475 1.57368
-1.99595 -2.02214
-2.54717 -1.8759
-1.65167 -0.800292
-1.33966 -5.61859
-2.36314 2.10801
-2.2487 -2.38188
-2.21788 -0.0517784
-2.35724 -1.12729
-1.93984 -0.819418
-2.41869 -2.95475
-2.49535 -0.393619
-1.90667 -1.27335
-2.38495 -3.24172
-2.37851 -3.58937
-1.61994 -5.29499
-2.86275 0.166509
-1.31108 -1.72498
-3.12136 -2.95695
-2.23188 -4.6683
-2.79974 -3.68403
-2.13995 -5.29986
-2.84439 -2.46079
-2.45171 -0.00978399
-2.04875 -1.23421
-2.44577 -0.853832
-1.87405 -1.08327
-2.17342 -3.97652
-2.42423 -5.2871
-2.73868 -3.06261
-2.27212 -4.04535
-2.39118 -5.29548
-2.74954 -3.02674
-2.32352 -3.88408
-2.07749 -5.59893
-2.86097 -1.33497
-1.38865 -0.847035
-2.77185 -5.07444
-2.75363 -2.14216
-1.74187 -0.251088
-1.14086 -5.15206
-2.41291 2.24627
-2.18832 -2.30097
-2.30586 -0.139928
-2.22086 -0.972624
-2.17005 -0.58853
-2.3259 -0.793448
-2.04901 -0.813771
-2.47145 -1.23645
-1.76805 -1.04583
-1.38705 -4.9157
-2.83387 0.858826
-1.41553 -2.00765
-2.93637 -4.18237
-2.46629 -4.12775
-2.38776 -5.18742
-2.7333 -3.29035
-1.76364 -5.07687
-2.93964 -1.11886
-1.40139 -0.692839
-2.70661 -5.28847
-2.78044 -1.57186
-1.4425 -0.876218
-2.5223 -5.66006
-2.79027 -0.771806
-1.37001 -1.42182
-2.92649 -4.36628
-2.56633 -3.64128
-1.74605 -5.42021
-2.87563 -0.267764
-1.26136 -1.49642
-3.17557 -2.43244
-2.19713 -4.64938
-2.81966 -3.60533
-2.0989 -5.31978
-2.85879 -2.26997
-2.21053 0.328403
-2.40908 -1.61378
-1.81007 -0.774859
-1.5766 -4.75527
-2.96655 -0.476327
-1.21294 -1.01276
-3.21769 -2.09702
-2.26904 -4.415
-2.71447 -4.29477
-2.44066 -4.72405
-2.67104 -4.07476
-2.35574 -5.0778
-2.73893 -3.43993
-1.78617 -5.34321
-2.90063 -0.707977
-1.24778 -1.16326
-3.17939 -2.56862
-2.26739 -4.49507
-2.74438 -4.1081
-2.37323 -4.92421
-2.72359 -3.69338
-2.04266 -5.42249
-2.87353 -1.79115
-1.68977 -0.247582
-1.21842 -5.49145
-2.28104 2.26969
-2.23622 -2.87525
-2.57737 -1.34952
-1.6134 -1.1561
-1.55985 -5.85508
-2.45468 1.82
-2.18799 -2.03755
-2.20965 -0.168781
-2.34783 -1.04133
-1.9685 -0.81554
-2.4798 -2.40254
-1.89634 -0.210011
-1.85685 -4.4518
-2.98888 -2.39819
-2.25072 -4.17621
-2.56766 -4.90252
-2.61594 -3.93023
-2.20151 -5.36997
-2.82501 -2.4876
-2.40828 0.0978203
-2.1299 -1.17571
-2.29902 -0.513899
-2.14824 -0.829416
-2.31713 -0.674049
-2.08714 -0.820286
-2.4191 -0.921826
-1.89561 -1.00829
-2.28578 -3.62642
-1.66016 -5.47369
-2.82056 0.393351
-1.4287 -1.88429
-2.8498 -4.60543
-2.58519 -3.61545
-1.73773 -5.39627
-2.87944 -0.285336
-1.25454 -1.47572
-3.18276 -2.3418
-2.19386 -4.6397
-2.82077 -3.6108
-2.10512 -5.31375
-2.85672 -2.30644
-2.25886 0.310816
-2.36075 -1.35847
-1.89947 -0.766623
-2.22387 -3.79906
-2.03647 -5.65214
-2.85853 -0.960265
-1.29849 -1.14334
-3.08761 -3.46954
-2.4085 -4.18802
-2.46707 -5.05538
-2.68179 -3.62946
-1.89214 -5.4568
-2.88875 -0.980222
-1.29611 -1.02604
-3.08479 -3.52886
-2.43798 -4.07996
-2.33717 -5.29481
-2.76756 -2.97162
-2.38507 -3.65956
-1.67333 -5.43273
-2.84337 0.199564
-1.35818 -1.78038
-3.03343 -3.66526
-2.36571 -4.40223
-2.64204 -4.51205
-2.52044 -4.48892
-2.58372 -4.49663
-2.54966 -4.50989
-2.57179 -4.48041
-2.55289 -4.52982
-2.57389 -4.45378
-2.54551 -4.56828
-2.5851 -4.39688
-2.5243 -4.65234
-2.61007 -4.26895
-2.46724 -4.84092
-2.6624 -3.95954
-2.26293 -5.25914
-2.79362 -2.90837
-2.41132 -3.55532
-1.62987 -5.20022
-2.89339 -0.106513
-1.23576 -1.51668
-3.2028 -1.97172
-2.18486 -4.58678
-2.82022 -3.67459
-2.15566 -5.26416
-2.83796 -2.58755
-2.59132 -0.827164
-1.67606 -1.37571
-1.33478 -5.48816
-2.46574 1.98739
-2.15806 -2.11891
-2.30046 -0.192176
-2.21724 -0.946429
-2.18071 -0.593946
-2.30819 -0.770105
-2.07891 -0.781969
-2.43573 -1.01634
-1.85455 -1.02809
-2.01757 -4.29995
-2.87867 -3.623
-2.17817 -5.1695
-2.82821 -2.83118
-2.4058 -3.58918
-1.62699 -5.27906
-2.8709 0.086057
-1.28815 -1.67122
-3.15157 -2.64792
-2.1929 -4.7024
-2.82599 -3.50706
-2.02023 -5.36036
-2.88057 -1.85777
-1.77429 -0.0936593
-1.13909 -5.02965
-2.48761 2.16395
-2.10484 -2.20738
-2.4543 -0.529401
-1.93321 -1.15502
-2.46238 -2.7137
-2.17189 0.122448
-2.4269 -1.57404
-1.78847 -0.828897
-1.45107 -4.84233
-2.89855 0.376928
-1.23858 -1.69739
-3.20377 -1.77793
-2.18488 -4.53852
-2.81228 -3.76854
-2.21464 -5.19214
-2.81208 -2.90616
-2.30425 -3.96347
-2.23362 -5.49504
-2.82608 -2.17893
-1.94711 0.136833
-1.91364 -4.34084
-2.96005 -2.93572
-1.87609 -5.20018
-2.91854 -1.50895
-1.59209 -0.382339
-1.65241 -6.03286
-2.38081 1.86339
-2.26313 -2.20272
-2.10799 -0.136091
-2.45798 -1.68882
-1.74395 -0.826098
-1.25076 -5.02883
-2.64479 1.73257
-1.86493 -2.19047
-1.69394 -4.79957
-2.97615 -1.09618
-1.49064 -0.495927
-2.24322 -6.04091
-2.6713 0.686441
-1.79896 -1.88774
-1.46955 -4.96043
-2.87842 0.436107
-1.2877 -1.78211
-3.16081 -2.46719
-2.15611 -4.74819
-2.84854 -3.31385
-1.88748 -5.34046
-2.90322 -1.27055
-1.40879 -0.73265
-2.67532 -5.36231
-2.78513 -1.4403
-1.40692 -0.979564
-2.70657 -5.24171
-2.77133 -1.90756
-1.59145 -0.536244
-1.64286 -6.00633
-2.3993 1.84553
-2.24857 -2.13817
-2.11429 -0.157265
-2.4538 -1.5931
-1.75222 -0.869664
-1.28453 -4.98758
-2.70577 1.51927
-1.73957 -2.19728
-1.44935 -5.54366
-2.58121 1.65529
-1.99861 -2.05194
-2.54784 -1.88906
-1.65298 -0.789937
-1.33412 -5.61075
-2.36159 2.11402
-2.24887 -2.39041
-2.22232 -0.0500755
-2.35183 -1.11573
-1.94935 -0.809143
-2.44207 -2.78108
-2.26379 0.106158
-2.32499 -1.15417
-1.98037 -0.736886
-2.48277 -2.31295
-1.84451 -0.322183
-1.56855 -4.71389
-2.97165 -0.474257
-1.21656 -0.98841
-3.21394 -2.17824
-2.27514 -4.4117
-2.70855 -4.31756
-2.44868 -4.70078
-2.66372 -4.11784
-2.3816 -5.02347
-2.72234 -3.57173
-1.89329 -5.43331
-2.89199 -1.05517
-1.31599 -0.958854
-3.03072 -3.91524
-2.52364 -3.75992
-1.87043 -5.53004
-2.87451 -0.632491
-1.26112 -1.30117
-3.16617 -2.66057
-2.25327 -4.54962
-2.76803 -3.95795
-2.30581 -5.07122
-2.76507 -3.34175
-1.76197 -5.26123
-2.91213 -0.762407
-1.25383 -1.08359
-3.16795 -2.74649
-2.30229 -4.42439
-2.69449 -4.34882
-2.46194 -4.67306
-2.65224 -4.17378
-2.41284 -4.95265
-2.70123 -3.72767
-2.0498 -5.43309
-2.87168 -1.79076
-1.68417 -0.259222
-1.23492 -5.52582
-2.2785 2.25693
-2.23626 -2.89186
-2.58068 -1.4804
-1.59924 -1.08946
-1.6264 -5.9233
-2.4687 1.74785
-2.17439 -1.99358
-2.22842 -0.186842
-2.31884 -0.984602
-2.01993 -0.760003
-2.49599 -1.65245
-1.69682 -0.903758
-1.22816 -5.29732
-2.44856 2.11447
-2.16547 -2.19297
-2.31045 -0.179927
-2.20601 -0.958085
-2.19693 -0.580997
-2.28552 -0.75784
-2.11407 -0.742781
-2.38764 -0.849601
-1.95275 -0.945943
-2.47492 -2.52155
-1.98235 -0.0574226
-2.24994 -3.61015
-1.66526 -5.50075
-2.81221 0.441849
-1.45323 -1.90909
-2.76528 -4.90933
-2.66282 -3.17637
-2.26281 -4.05558
-2.41517 -5.2571
-2.73479 -3.14586
-2.03436 -4.59682
-2.91035 -3.05938
-1.84257 -5.22867
-2.91858 -1.27918
-1.44152 -0.649875
-2.51209 -5.70941
-2.77761 -0.491792
-1.42019 -1.58054
-2.78014 -4.91881
-2.68477 -2.97024
-2.60922 -1.71477
-1.57142 -0.94588
-1.7701 -6.03179
-2.50862 1.5688
-2.1246 -1.91542
-2.32319 -0.284153
-2.16567 -0.932558
-2.26954 -0.592265
-2.17329 -0.767394
-2.28653 -0.673241
-2.13085 -0.76635
-2.35684 -0.764081
-2.01266 -0.887972
-2.5002 -1.57413
-1.69408 -0.952756
-1.23649 -5.31377
-2.44953 2.10477
-2.1655 -2.1874
-2.3082 -0.179029
-2.20932 -0.956871
-2.1917 -0.583739
-2.29308 -0.761692
-2.10231 -0.75518
-2.40423 -0.896599
-1.92069 -0.977501
-2.3931 -3.14484
-2.56625 -2.32896
-1.8001 -0.315519
-1.30021 -4.87428
-2.76975 1.28918
-1.58602 -2.16762
-2.26028 -5.82092
-2.81075 -0.587509
-1.35167 -1.48737
-2.9948 -3.99111
-2.4719 -4.03626
-2.27772 -5.36241
-2.79753 -2.69019
-2.58956 -0.840523
-1.67607 -1.36913
-1.33334 -5.48636
-2.46503 1.98978
-2.15876 -2.12038
-2.29934 -0.190531
-2.21914 -0.946563
-2.17762 -0.595654
-2.3127 -0.774032
-2.07169 -0.79015
-2.44494 -1.06177
-1.83359 -1.03858
-1.8536 -4.53512
-2.98618 -2.25503
-2.54378 -2.86344
-2.3595 0.0651505
-2.18975 -1.09935
-2.20068 -0.518531
-2.29249 -0.792182
-2.0967 -0.746871
-2.41391 -0.936388
-1.89959 -0.993296
-2.30288 -3.56091
-1.59835 -5.31638
-2.84416 0.348829
-1.36723 -1.83301
-3.0222 -3.72566
-2.3736 -4.38889
-2.63065 -4.55272
-2.53328 -4.43797
-2.56265 -4.58203
-2.57692 -4.38742
-2.52523 -4.66709
-2.61121 -4.25026
-2.45835 -4.86985
-2.66966 -3.9091
-2.21901 -5.31379
-2.81495 -2.67448
-2.6087 -1.12749
-1.59874 -1.28601
-1.67453 -5.93485
-2.51229 1.62719
-2.11689 -1.9473
-2.34765 -0.311466
-2.12597 -0.960875
-2.33457 -0.641934
-2.06996 -0.861793
-2.44021 -0.998805
-1.852 -1.04204
-2.00172 -4.3281
-2.89872 -3.46369
-2.10109 -5.24158
-2.8586 -2.43733
-2.47995 -0.0995689
-1.991 -1.28234
-2.51739 -1.51342
-1.67598 -1.00752
-1.27701 -5.43822
-2.41796 2.10412
-2.20255 -2.22658
-2.24071 -0.113424
-2.31603 -1.02021
-2.01711 -0.746163
-2.49672 -1.71199
-1.69591 -0.869166
-1.22582 -5.30551
-2.43908 2.12854
-2.17535 -2.20866
-2.29412 -0.156993
-2.2335 -0.960098
-2.15214 -0.607237
-2.35034 -0.824144
-2.0087 -0.862523
-2.50165 -1.66378
-1.68975 -0.904628
-1.23804 -5.34489
-2.42914 2.12821
-2.18709 -2.22057
-2.27247 -0.134191
-2.26825 -0.973778
-2.09587 -0.65796
-2.42657 -1.03594
-1.863 -1.00288
-2.07368 -4.19355
-2.77774 -4.22719
-2.4041 -4.72379
-2.69469 -4.01446
-2.32063 -5.12825
-2.7594 -3.28595
-1.7535 -5.15288
-2.92853 -0.932533
-1.30563 -0.897257
-3.0541 -3.78341
-2.50672 -3.81777
-1.95208 -5.55098
-2.87513 -0.976966
-1.29555 -1.07718
-3.08941 -3.47734
-2.42024 -4.14273
-2.41577 -5.16223
-2.71835 -3.37468
-1.73389 -5.20439
-2.91841 -0.720258
-1.24629 -1.08498
-3.17907 -2.61378
-2.28659 -4.44858
-2.71526 -4.25821
-2.43039 -4.77002
-2.68114 -3.99806
-2.30431 -5.17382
-2.76974 -3.17092
-1.84514 -4.93
-2.95091 -1.74774
-1.9621 0.228895
-1.93077 -4.3057
-2.94534 -3.11784
-1.94626 -5.26344
-2.90192 -1.73466
-1.72892 -0.155632
-1.13854 -5.2641
-2.33034 2.31481
-2.23546 -2.59268
-2.38736 -0.184134
-2.09998 -1.06357
-2.36772 -0.661256
-2.02039 -0.930285
-2.49474 -1.41923
-1.7132 -1.01878
-1.23381 -5.19048
-2.52912 1.99002
-2.06184 -2.14292
-2.51583 -0.92697
-1.76408 -1.2193
-1.38744 -4.94041
-2.82603 0.892731
-1.43738 -2.02801
-2.87338 -4.47659
-2.54054 -3.84178
-2.01633 -5.52792
-2.87336 -1.35157
-1.40645 -0.784906
-2.68942 -5.31838
-2.78198 -1.5824
-1.44593 -0.862763
-2.50303 -5.69443
-2.78754 -0.661381
-1.38363 -1.48546
-2.89364 -4.50261
-2.59263 -3.52124
-1.68758 -5.23645
-2.90322 -0.378396
-1.22152 -1.34476
-3.21221 -1.93277
-2.21381 -4.51851
-2.78812 -3.90457
-2.283 -5.09479
-2.77744 -3.25041
-1.76198 -5.14281
-2.93045 -0.99866
-1.33165 -0.838634
-2.97764 -4.24553
-2.60595 -3.34999
-1.89333 -4.797
-2.95471 -2.13555
-2.53672 -0.310391
-1.86534 -1.38353
-2.14394 -4.07974
-2.59624 -4.89401
-2.60441 -3.93173
-2.19497 -5.38391
-2.82818 -2.43213
-2.3304 0.234962
-2.26045 -1.17197
-2.07335 -0.591233
-2.4611 -1.29535
-1.7729 -1.00617
-1.40577 -4.89575
-2.85444 0.720601
-1.35754 -1.93122
-3.06467 -3.3853
-2.28897 -4.60208
-2.75438 -3.95473
-2.30045 -5.10127
-2.76861 -3.28347
-1.75492 -5.17597
-2.92515 -0.897409
-1.29136 -0.937623
-3.09057 -3.51375
-2.44942 -4.02859
-2.26765 -5.38745
-2.80389 -2.59894
-2.49811 -0.199897
-1.94442 -1.30949
-2.49903 -2.38506
-1.87084 -0.240689
-1.69727 -4.61335
-3.00143 -1.30774
-1.76885 -0.0125702
-1.11496 -5.08332
-2.417 2.27119
-2.18018 -2.30517
-2.32638 -0.16502
-2.18725 -0.977826
-2.22481 -0.565486
-2.24588 -0.752554
-2.17415 -0.688301
-2.30024 -0.719202
-2.10119 -0.778249
-2.40279 -0.880794
-1.92589 -0.976842
-2.41152 -3.03682
-2.5751 -1.01313
-1.66481 -1.29302
-1.35343 -5.54741
-2.44533 2.00002
-2.18315 -2.1383
-2.2503 -0.147152
-2.29633 -0.982386
-2.05266 -0.711372
-2.47388 -1.33111
-1.75107 -1.01789
-1.30736 -4.98901
-2.73077 1.40518
-1.68344 -2.18499
-1.69844 -5.83765
-2.62763 1.29409
-1.9186 -1.99145
-2.30364 -3.68326
-1.72925 -5.54301
-2.82949 0.201109
-1.39094 -1.80494
-2.95003 -4.16005
-2.47882 -4.0556
-2.30287 -5.32357
-2.78388 -2.84183
-2.58129 -2.39499
-1.84132 -0.212267
-1.47318 -4.75808
-2.92952 0.138771
-1.17576 -1.48449
-3.23322 -1.03845
-2.47126 -3.49348
-1.70119 -5.0464
-2.94032 -0.814507
-1.28003 -0.927145
-3.11465 -3.32618
-2.41787 -4.12386
-2.39546 -5.20434
-2.73253 -3.26188
-1.79421 -5.00594
-2.94784 -1.38863
-1.59707 -0.345885
-1.62843 -6.02013
-2.36609 1.89643
-2.27062 -2.27407
-2.12189 -0.101438
-2.45103 -1.61788
-1.75465 -0.852364
-1.28951 -4.97776
-2.71587 1.48119
-1.71692 -2.19548
-1.53758 -5.68034
-2.58435 1.56442
-1.99706 -2.01744
-2.54774 -1.84041
-1.64638 -0.828811
-1.36236 -5.65186
-2.36797 2.08488
-2.24852 -2.35386
-2.2031 -0.0586262
-2.37471 -1.1711
-1.90831 -0.85077
-2.30343 -3.53822
-1.59244 -5.26537
-2.85795 0.265374
-1.32851 -1.77417
-3.09645 -3.17408
-2.2648 -4.62347
-2.77352 -3.85375
-2.24565 -5.18406
-2.79773 -3.008
-2.09761 -4.48993
-2.86266 -3.53814
-2.1047 -5.2756
-2.85695 -2.38503
-2.38928 0.152819
-2.16639 -1.16588
-2.23252 -0.486995
-2.25101 -0.79094
-2.15836 -0.681865
-2.32687 -0.751715
-2.05661 -0.824031
-2.4617 -1.15145
-1.79503 -1.05166
-1.55553 -4.79777
-2.95326 -0.303791
-1.1793 -1.17053
-3.24035 -1.40083
-2.32742 -4.1276
-2.44839 -5.15321
-2.70436 -3.41801
-1.73162 -5.24917
-2.91005 -0.612262
-1.23221 -1.18547
-3.19932 -2.27772
-2.24096 -4.51601
-2.76859 -3.99138
-2.32272 -5.02923
-2.75507 -3.44193
-1.81561 -5.36459
-2.89986 -0.820483
-1.26473 -1.09386
-3.15079 -2.92778
-2.325 -4.38474
-2.66026 -4.48687
-2.50663 -4.51546
-2.59808 -4.44717
-2.5311 -4.5797
-2.59574 -4.37199
-2.51168 -4.68814
-2.62205 -4.21047
-2.43623 -4.92498
-2.68611 -3.80261
-2.1191 -5.40141
-2.85335 -2.14323
-2.00163 0.217619
-2.15909 -3.84726
-2.24374 -5.54673
-2.82878 -1.99875
-1.75896 -0.159031
-1.1347 -5.08683
-2.44572 2.21921
-2.15444 -2.24666
-2.35832 -0.23648
-2.12799 -0.998534
-2.3255 -0.613633
-2.08882 -0.849567
-2.4129 -0.88382
-1.91173 -1.00043
-2.36237 -3.30771
-2.1355 -4.31394
-2.77885 -4.13568
-2.37781 -4.83503
-2.71799 -3.81776
-2.17088 -5.3336
-2.83402 -2.48686
-2.44674 0.000560492
-2.05772 -1.22556
-2.43062 -0.789392
-1.908 -1.05866
-2.35904 -3.3332
-2.04306 -4.49713
-2.89879 -3.28188
-1.96698 -5.3112
-2.89467 -1.7316
-1.7015 -0.209359
-1.18825 -5.42522
-2.28673 2.29324
-2.23614 -2.83879
-2.5642 -1.08968
-1.66688 -1.25119
-1.33822 -5.52499
-2.44118 2.01921
-2.18612 -2.15214
-2.24849 -0.141699
-2.29991 -0.988277
-2.04633 -0.717648
-2.47944 -1.38967
-1.73641 -1.00541
-1.26176 -5.05972
-2.64291 1.72156
-1.87002 -2.18314
-1.74054 -4.75513
-2.9821 -1.39841
-1.75251 -0.0540308
-1.11593 -5.15879
-2.36848 2.31145
-2.21737 -2.4383
-2.31742 -0.109089
-2.21146 -0.992906
-2.18174 -0.572576
-2.31079 -0.782801
-2.07252 -0.784442
-2.44439 -1.06165
-1.83435 -1.03738
-1.85946 -4.52811
-2.98482 -2.29651
-2.4873 -3.23751
-2.43475 -3.36147
-2.03602 -4.52609
-2.90567 -3.19272
-1.91389 -5.29821
-2.90457 -1.50307
-1.54829 -0.474291
-1.90238 -6.12973
-2.50516 1.49153
-2.1316 -1.8746
-2.29967 -0.269556
-2.20158 -0.91342
-2.21238 -0.595779
-2.25855 -0.739725
-2.15771 -0.707205
-2.32326 -0.735465
-2.06517 -0.819717
-2.45096 -1.08169
-1.82185 -1.04704
-1.76049 -4.6344
-2.99533 -1.63294
-2.09267 0.370001
-2.37457 -2.89201
-2.45711 -0.26587
-1.98742 -1.20092
-2.51686 -1.62433
-1.67173 -0.946542
-1.28216 -5.46851
-2.40175 2.11774
-2.21719 -2.26616
-2.22601 -0.0945781
-2.33927 -1.06553
-1.97589 -0.790268
-2.48535 -2.30639
-1.83899 -0.33173
-1.53692 -4.73446
-2.95915 -0.266646
-1.17332 -1.1612
-3.24311 -1.31154
-2.35487 -4.02609
-2.29439 -5.40107
-2.79712 -2.60592
-2.48399 -0.144816
-1.97592 -1.28438
-2.52191 -1.76795
-1.6682 -0.8612
-1.28541 -5.49768
-2.38295 2.13458
-2.23145 -2.32413
-2.22311 -0.0737085
-2.34676 -1.09158
-1.9607 -0.802402
-2.46499 -2.57044
-2.02965 0.00276985
-2.37692 -3.00398
-2.56465 -0.918074
-1.69732 -1.30816
-1.27697 -5.32432
-2.50273 1.98647
-2.10461 -2.12198
-2.42469 -0.445725
-1.99181 -1.09653
-2.51252 -1.64338
-1.6767 -0.930217
-1.26748 -5.43409
-2.40645 2.126
-2.21158 -2.25937
-2.23507 -0.100072
-2.32617 -1.04105
-1.99882 -0.764878
-2.498 -1.95648
-1.71566 -0.695103
-1.19507 -5.19915
-2.46574 2.12751
-2.14116 -2.19009
-2.36559 -0.268576
-2.11103 -1.00299
-2.35529 -0.660125
-2.03752 -0.902605
-2.47921 -1.25067
-1.75557 -1.05603
-1.33063 -4.96931
-2.76344 1.25408
-1.60421 -2.15744
-2.14451 -5.89699
-2.78646 -0.0568704
-1.45994 -1.75484
-2.67037 -5.21338
-2.74298 -2.49105
-2.11404 0.252987
-2.42986 -2.37168
-1.92753 -0.208538
-2.06429 -4.12642
-2.74548 -4.39964
-2.45443 -4.55035
-2.63741 -4.34409
-2.48492 -4.71484
-2.64171 -4.14687
-2.39883 -5.00583
-2.71193 -3.62791
-1.94309 -5.44808
-2.88782 -1.26505
-1.3855 -0.804654
-2.78161 -5.05114
-2.75216 -2.14988
-1.74639 -0.243707
-1.14108 -5.12868
-2.42873 2.23014
-2.17332 -2.26946
-2.32507 -0.174597
-2.18699 -0.972933
-2.22611 -0.56748
-2.24349 -0.75154
-2.17801 -0.686169
-2.29444 -0.715391
-2.11031 -0.768765
-2.38974 -0.843754
-1.95116 -0.951939
-2.47292 -2.54559
-2.003 -0.0276126
-2.3131 -3.35286
-1.87989 -4.74229
-2.96309 -2.13178
-2.57168 -0.539263
-1.76463 -1.41578
-1.39303 -4.96492
-2.82231 0.897138
-1.44761 -2.03388
-2.83981 -4.61533
-2.57696 -3.6765
-1.80162 -5.46773
-2.87741 -0.4506
-1.25492 -1.39537
-3.17886 -2.44626
-2.21505 -4.60926
-2.8038 -3.73228
-2.18241 -5.24733
-2.82696 -2.70713
-2.6111 -1.92834
-1.60681 -0.764595
-1.5526 -5.90047
-2.39888 1.90709
-2.24335 -2.17146
-2.13521 -0.134548
-2.43915 -1.4544
-1.78215 -0.904403
-1.43517 -4.86194
-2.88398 0.498621
-1.27596 -1.78655
-3.17451 -2.26284
-2.14157 -4.73375
-2.85633 -3.28199
-1.87759 -5.32828
-2.90521 -1.24803
-1.40116 -0.744418
-2.71045 -5.26973
-2.77844 -1.6561
-1.47136 -0.801087
-2.35938 -5.89786
-2.7498 0.0453379
-1.55319 -1.79815
-2.18917 -5.91677
-2.775 0.000872125
-1.49248 -1.78177
-2.52377 -5.53049
-2.79802 -1.66066
-1.48115 -0.742438
-2.29998 -5.96424
-2.72323 0.321551
-1.64841 -1.8647
-1.65357 -5.84568
-2.57503 1.49044
-2.01619 -1.96944
-2.54071 -1.36099
-1.65987 -1.11072
-1.33877 -5.55622
-2.41601 2.05118
-2.21104 -2.2047
-2.21361 -0.112501
-2.35248 -1.08208
-1.95451 -0.818031
-2.45579 -2.66618
-2.12581 0.0938063
-2.44909 -1.92672
-1.76804 -0.657095
-1.2905 -4.93951
-2.73352 1.42527
-1.67534 -2.19301
-1.75097 -5.87014
-2.64757 1.17813
-1.87692 -1.99008
-1.98668 -4.43635
-2.92645 -3.1319
-1.91575 -5.277
-2.90612 -1.55799
-1.59258 -0.393375
-1.64845 -6.02865
-2.38086 1.86586
-2.26286 -2.20385
-2.10891 -0.13514
-2.45754 -1.68156
-1.74459 -0.829444
-1.2531 -5.02551
-2.64946 1.71788
-1.85594 -2.19191
-1.6277 -4.8584
-2.96 -0.652619
-1.25244 -0.939837
-3.16577 -2.83768
-2.34089 -4.3185
-2.61125 -4.67495
-2.56166 -4.27606
-2.48479 -4.85364
-2.65271 -3.96327
-2.26089 -5.2697
-2.7952 -2.88085
-2.47049 -3.26397
-2.36617 -3.66131
-1.6759 -5.44871
-2.83889 0.229303
-1.3711 -1.79973
-3.00485 -3.847
-2.40475 -4.29681
-2.55847 -4.79602
-2.60522 -4.09807
-2.36309 -5.12845
-2.73845 -3.36847
-1.74532 -5.2423
-2.91336 -0.707308
-1.24427 -1.11383
-3.18267 -2.55325
-2.27496 -4.47155
-2.73166 -4.17859
-2.401 -4.85241
-2.70414 -3.84032
-2.17957 -5.33452
-2.8309 -2.51165
-2.47207 -0.0839344
-2.00528 -1.26646
-2.50593 -1.31036
-1.71168 -1.08151
-1.24086 -5.20187
-2.53209 1.97687
-2.05837 -2.13916
-2.52028 -0.969946
-1.7495 -1.21672
-1.32495 -5.0065
-2.74214 1.33801
-1.65721 -2.17284
-1.83857 -5.91233
-2.67923 0.972538
-1.80332 -1.98396
-1.45272 -4.99156
-2.85857 0.586632
-1.34303 -1.88204
-3.0852 -3.23234
-2.26319 -4.64376
-2.77724 -3.81495
-2.221 -5.21964
-2.80987 -2.87536
-2.40327 -3.59494
-1.62789 -5.29279
-2.86723 0.112847
-1.29772 -1.69208
-3.13938 -2.7799
-2.20817 -4.6924
-2.81624 -3.57215
-2.06424 -5.34672
-2.86931 -2.07401
-1.97685 0.198759
-2.04345 -4.11758
-2.7662 -4.32189
-2.43072 -4.62139
-2.66552 -4.20364
-2.42481 -4.89465
-2.69132 -3.82633
-2.15176 -5.37101
-2.84212 -2.33392
-2.23317 0.315393
-2.3882 -1.47052
-1.84888 -0.791117
-1.88267 -4.47718
-2.9788 -2.50037
-2.11778 -4.50283
-2.85126 -3.59371
-2.13104 -5.26091
-2.84738 -2.50944
-2.53503 -0.362844
-1.85665 -1.37097
-2.07837 -4.21971
-2.78744 -4.16733
-2.38572 -4.78128
-2.7105 -3.90322
-2.24305 -5.24901
-2.80148 -2.8791
-2.44178 -3.41553
-1.86699 -4.79229
-2.9613 -2.0121
-2.40464 0.168812
-2.14849 -1.19242
-2.26212 -0.48325
-2.20812 -0.800703
-2.22338 -0.644107
-2.23145 -0.715673
-2.20398 -0.689237
-2.25238 -0.694867
-2.1765 -0.71451
-2.29139 -0.700269
-2.11797 -0.767266
-2.37768 -0.81123
-1.97429 -0.928662
-2.49989 -2.1337
-1.75636 -0.533665
-1.21709 -5.00772
-2.61164 1.85464
-1.92331 -2.18935
-2.17043 -4.09412
-2.57538 -4.93727
-2.6198 -3.86251
-2.12028 -5.43968
-2.85389 -2.03932
-1.87616 0.0531913
-1.50604 -4.70994
-2.95311 -0.111153
-1.15897 -1.26618
-3.24402 -0.991218
-2.47933 -3.46737
-1.74452 -4.97736
-2.9529 -1.15908
-1.45658 -0.58
-2.43161 -5.83966
-2.75274 -0.0629181
-1.53113 -1.76247
-2.29976 -5.83681
-2.79898 -0.46376
-1.38414 -1.56856
-2.91117 -4.40592
-2.56151 -3.68471
-1.79548 -5.47142
-2.8752 -0.40435
-1.25849 -1.4273
-3.17581 -2.46953
-2.21174 -4.62159
-2.8075 -3.7
-2.16156 -5.26943
-2.83573 -2.59659
-2.5937 -0.858644
-1.66644 -1.36932
-1.36458 -5.55364
-2.45661 1.97402
-2.17159 -2.11639
-2.26883 -0.165373
-2.26691 -0.956974
-2.1011 -0.659836
-2.41899 -1.00069
-1.87996 -0.992703
-2.18816 -3.92782
-2.32627 -5.43667
-2.79393 -2.52694
-2.34308 0.203217
-2.23802 -1.15327
-2.11176 -0.556003
-2.41813 -1.05153
-1.87131 -0.979984
-2.12606 -4.0799
-2.62163 -4.82749
-2.58281 -4.03385
-2.29889 -5.26326
-2.77888 -2.97966
-2.29676 -3.97916
-2.2664 -5.46284
-2.81365 -2.35541
-2.14478 0.30113
-2.43501 -2.11839
-1.82221 -0.477225
-1.51251 -4.76486
-2.94484 -0.0875782
-1.16396 -1.31629
-3.24129 -1.02331
-2.46724 -3.5259
-1.66432 -5.12737
-2.91984 -0.459244
-1.21128 -1.23485
-3.21986 -1.87275
-2.23589 -4.4577
-2.75515 -4.10515
-2.37091 -4.91124
-2.72462 -3.70561
-2.05849 -5.41466
-2.86996 -1.87775
-1.75921 -0.127426
-1.12904 -5.09567
-2.43125 2.24109
-2.16875 -2.27147
-2.33649 -0.190889
-2.16778 -0.980105
-2.25788 -0.56784
-2.19579 -0.764739
-2.25035 -0.660049
-2.18701 -0.724588
-2.27243 -0.684657
-2.14892 -0.742216
-2.3313 -0.730808
-2.05499 -0.837487
-2.46269 -1.15088
-1.79381 -1.05388
-1.54736 -4.80359
-2.94962 -0.248443
-1.17402 -1.21603
-3.2415 -1.27485
-2.36376 -3.98658
-2.22835 -5.47377
-2.82536 -2.24268
-2.02718 0.22857
-2.26047 -3.5191
-1.58127 -5.2985
-2.84036 0.409762
-1.38066 -1.86082
-2.99391 -3.89764
-2.4104 -4.28861
-2.54985 -4.81895
-2.61249 -4.06164
-2.33413 -5.17967
-2.75619 -3.22143
-1.80346 -5.00108
-2.94777 -1.44408
-1.64119 -0.269941
-1.40691 -5.80722
-2.28656 2.11807
-2.2563 -2.81232
-2.52683 -0.701519
-1.79545 -1.29198
-1.58499 -4.80125
-2.96066 -0.472862
-1.20859 -1.04366
-3.22184 -1.99781
-2.2639 -4.41219
-2.71709 -4.28875
-2.43814 -4.72901
-2.67308 -4.06432
-2.34925 -5.09028
-2.74295 -3.40732
-1.76842 -5.3091
-2.90454 -0.689468
-1.24389 -1.15982
-3.18449 -2.5044
-2.26177 -4.49962
-2.74964 -4.08362
-2.363 -4.94704
-2.73028 -3.64231
-1.99305 -5.43349
-2.88275 -1.54385
-1.52481 -0.540781
-2.04033 -6.12188
-2.58142 1.19532
-2.00322 -1.8621
-2.53955 -1.44338
-1.65326 -1.07026
-1.35749 -5.59947
-2.40718 2.0459
-2.22067 -2.22019
-2.19928 -0.105373
-2.37214 -1.13604
-1.91786 -0.852921
-2.34829 -3.34897
-1.96998 -4.61813
-2.94079 -2.7277
-1.94052 -4.83925
-2.938 -2.31072
-2.6224 -1.30357
-1.55921 -1.21012
-1.89484 -6.04102
-2.5982 1.23874
-1.97408 -1.91207
-2.53402 -2.1385
-1.72781 -0.548412
-1.17826 -5.15383
-2.46991 2.14078
-2.13361 -2.19569
-2.38527 -0.310191
-2.07515 -1.03188
-2.41493 -0.809939
-1.92458 -1.01785
-2.41556 -3.02057
-2.56226 -0.854649
-1.71315 -1.32251
-1.2687 -5.22354
-2.558 1.89767
-2.02187 -2.13007
-2.55269 -1.59151
-1.62916 -1.00281
-1.45434 -5.75726
-2.40589 1.96992
-2.23034 -2.18601
-2.16634 -0.119636
-2.4095 -1.27055
-1.84524 -0.904978
-1.90313 -4.46142
-2.97065 -2.63893
-1.94507 -4.84821
-2.93588 -2.32142
-2.62291 -1.33455
-1.55595 -1.19364
-1.91098 -6.04559
-2.60362 1.20908
-1.96335 -1.91213
-2.51717 -2.396
-1.86557 -0.230531
-1.65175 -4.64769
-2.99517 -1.01832
-1.51054 -0.442295
-2.12996 -6.10935
-2.61129 1.03208
-1.94201 -1.8666
-2.46932 -2.83475
-2.31668 0.0827591
-2.25101 -1.08709
-2.10191 -0.597019
-2.42603 -1.06598
-1.85803 -0.994983
-2.03412 -4.2676
-2.85342 -3.8012
-2.25503 -5.06089
-2.79167 -3.22501
-1.76769 -5.14224
-2.93074 -1.03174
-1.34518 -0.811188
-2.93261 -4.47162
-2.65308 -3.06071
-2.57263 -2.41998
-1.86115 -0.181544
-1.58402 -4.68922
-2.97926 -0.589786
-1.25885 -0.881091
-3.15347 -2.99092
-2.37315 -4.23389
-2.52713 -4.92401
-2.63682 -3.89063
-2.17148 -5.38756
-2.83628 -2.35311
-2.23724 0.311358
-2.38379 -1.44637
-1.85736 -0.790179
-1.94782 -4.38848
-2.94468 -3.02653
-1.88975 -5.23976
-2.91302 -1.50315
-1.57136 -0.42446
-1.76863 -6.09462
-2.43601 1.71026
-2.21869 -1.99559
-2.13641 -0.198769
-2.43235 -1.35097
-1.8033 -0.929021
-1.58368 -4.76595
-2.96641 -0.505705
-1.21974 -0.996672
-3.2106 -2.22653
-2.275 -4.41959
-2.71204 -4.29829
-2.44246 -4.72202
-2.6697 -4.0802
-2.35905 -5.07165
-2.73688 -3.45602
-1.79644 -5.35836
-2.89911 -0.728121
-1.25095 -1.15636
-3.17473 -2.63035
-2.27525 -4.48357
-2.73536 -4.15297
-2.39133 -4.88016
-2.71119 -3.78632
-2.13079 -5.37588
-2.84913 -2.25111
-2.13604 0.31523
-2.43156 -2.23968
-1.86555 -0.354025
-1.7427 -4.58552
-3.00265 -1.58857
-2.08608 0.370329
-2.36173 -2.98221
-2.55653 -0.846822
-1.72295 -1.3149
-1.27251 -5.16195
-2.60062 1.80526
-1.95043 -2.15024
-2.38264 -3.38421
-1.9146 -4.70993
-2.9562 -2.33928
-2.58528 -2.46064
-1.89337 -0.109944
-1.75547 -4.54909
-3.00534 -1.69981
-2.25724 0.382093
-2.37044 -1.44048
-1.87639 -0.76201
-2.07404 -4.16831
-2.76179 -4.31002
-2.42895 -4.64422
-2.66996 -4.16741
-2.40753 -4.94247
-2.70385 -3.7329
-2.05996 -5.42682
-2.86943 -1.84984
-1.73093 -0.177383
-1.13775 -5.24329
-2.34428 2.30635
-2.23176 -2.52744
-2.34635 -0.122794
-2.16895 -1.0154
-2.25009 -0.55104
-2.21099 -0.765878
-2.22574 -0.65965
-2.22455 -0.709424
-2.21598 -0.688009
-2.23378 -0.694776
-2.20479 -0.698821
-2.24916 -0.690004
-2.18239 -0.712931
-2.28216 -0.694924
-2.13247 -0.753667
-2.35628 -0.768615
-2.01244 -0.885906
-2.50031 -1.5798
-1.69369 -0.949891
-1.23671 -5.31649
-2.4479 2.10662
-2.16732 -2.1896
-2.30487 -0.17451
-2.21489 -0.956701
-2.18264 -0.58827
-2.3063 -0.770884


