-2.57059 -2.70297
-0.808464 3.20099
-2.41014 -2.73577
-0.822665 3.67456
-2.1538 -2.65801
-0.915234 4.3897
-1.73159 0.480654
-2.28769 2.9519
-1.7978 1.42755
-2.14228 1.09619
-1.96098 1.27626
-2.0679 1.05315
-1.98698 1.32723
-2.07235 0.946312
-1.97171 1.52752
-2.12763 0.689129
-1.96277 2.12131
-2.26416 -0.0251359
-2.9063 2.67516
-1.57126 4.28167
-1.79481 0.48674
-2.21779 2.8659
-1.93772 0.305276
-2.25781 3.05321
-1.80379 1.20628
-2.09002 1.42013
-2.05185 0.750267
-1.97584 1.94905
-2.22596 0.167028
-2.49208 3.32995
-2.85449 4.34836
-1.5444 3.29736
-2.42161 -1.65583
-1.55003 5.46718
-2.52481 4.13322
-2.05766 5.03205
-2.48748 4.75662
-2.03363 4.63469
-2.86363 4.01934
-1.61387 3.69794
-2.25252 -1.61187
-1.95151 5.89361
-2.00343 3.93052
-1.75606 1.57042
-2.18852 0.972338
-1.92757 1.58963
-2.1571 0.666237
-1.96371 2.22199
-2.27889 -0.144846
-3.08364 1.95854
-1.35173 3.28902
-2.46202 -1.86913
-1.27337 4.97395
-2.45273 3.86758
-2.4486 5.13817
-2.00629 4.35017
-2.82202 3.33398
-1.69123 4.43177
-1.83339 2.64847
-2.38334 -0.60867
-3.09148 3.68248
-1.27337 1.61188
-2.32553 1.55875
-1.87531 1.32198
-2.10002 1.11425
-1.98375 1.21892
-2.0481 1.11309
-2.00471 1.23001
-2.04393 1.07344
-1.99923 1.30091
-2.06208 0.971691
-1.9781 1.48025
-2.11347 0.743976
-1.9576 1.97632
-2.23964 0.152524
-2.54617 3.31274
-2.54295 5.10612
-1.86635 4.06611
-1.77542 0.895627
-2.07273 2.04031
-2.18489 0.0242967
-2.67337 3.16543
-1.99692 5.22365
-2.47381 4.64239
-2.05622 4.76237
-2.69086 4.5489
-1.80404 4.13381
-1.77724 0.815111
-2.08112 2.20285
-2.19679 -0.132188
-2.95098 2.48777
-1.5164 4.08376
-2.04515 -0.822304
-3.26725 2.15388
-1.18291 0.89728
-2.42804 2.66007
-2.27837 3.49561
-2.29816 3.56295
-2.70722 3.42912
-1.84093 4.90564
-2.83135 3.98934
-1.6742 3.94568
-2.08261 -0.856552
-3.2421 2.52283
-1.20011 0.954998
-2.38619 2.59515
-1.88271 2.52545
-2.3526 -0.468653
-3.22392 2.33506
-1.2012 1.42258
-2.32042 1.88587
-1.88688 0.997732
-2.03668 1.63206
-2.1277 0.496057
-2.03527 2.61242
-2.2472 -0.525194
-3.25432 1.54586
-1.16336 1.44369
-2.34 1.86761
-1.8636 1.20407
-2.07589 1.31567
-2.03536 0.89967
-1.98089 1.63438
-2.15154 0.542127
-2.01131 2.52989
-2.26929 -0.479907
-3.24926 1.53725
-1.16552 1.51957
-2.35087 1.75171
-1.85556 1.39644
-2.12288 1.03963
-1.96226 1.36236
-2.08846 0.925564
-1.96402 1.56898
-2.14077 0.644693
-1.97144 2.24882
-2.27806 -0.180901
-3.11563 1.79658
-1.30711 3.03972
-2.54925 -1.3703
-1.51841 5.33043
-2.62632 4.04988
-1.91294 4.78862
-2.86683 3.90894
-1.62663 3.79401
-2.20421 -1.42264
-2.34456 5.85002
-1.6178 3.05789
-2.45632 -1.22455
-1.98207 5.80129
-2.11213 4.12424
-2.77421 3.38035
-1.74384 4.63187
-2.66742 3.61002
-1.89184 4.94949
-2.75007 4.28469
-1.75985 4.11651
-1.83341 0.361214
-2.29618 3.03881
-1.79954 1.89695
-2.27101 0.472002
-2.15697 3.09526
-1.9721 0.0688074
-2.56201 3.1899
-2.56992 5.08038
-1.82877 3.98458
-1.89205 0.0876432
-2.60814 3.11857
-2.34354 5.31313
-2.08148 4.38678
-2.98614 3.26718
-1.49323 3.46598
-2.37101 -1.89964
-1.38709 5.25962
-2.57139 3.97467
-2.00738 5.02081
-2.55798 4.67989
-1.96257 4.51074
-2.94137 3.20955
-1.56112 3.84008
-2.20112 -1.50421
-2.21056 5.9223
-1.72167 3.36272
-2.33706 -1.47835
-1.97755 5.86123
-2.03482 3.99902
-1.86097 2.656
-2.36886 -0.630846
-3.10579 3.5929
-1.26645 1.56246
-2.31704 1.63733
-1.88546 1.16538
-2.0629 1.34101
-2.04702 0.866854
-1.97519 1.69587
-2.16885 0.472098
-2.05691 2.74588
-2.21519 -0.564134
-3.25933 1.49293
-1.15904 1.38914
-2.33598 1.95217
-1.86635 1.12313
-2.05983 1.44449
-2.07255 0.724268
-1.97185 2.00648
-2.23917 0.102842
-2.63238 3.23906
-2.12987 5.30381
-2.32025 4.62351
-2.27239 5.01081
-2.23582 4.7808
-2.34763 4.9506
-2.16342 4.73993
-2.50408 4.87561
-2.00066 4.48285
-2.96461 3.21233
-1.52945 3.67633
-2.27978 -1.82756
-1.60581 5.62281
-2.37959 4.16104
-2.44329 5.08949
-2.02967 4.42057
-2.96641 3.1619
-1.52826 3.69611
-2.27181 -1.81223
-1.63702 5.66136
-2.34465 4.16396
-2.5703 4.94142
-1.8896 4.19004
-1.78371 2.23594
-2.35575 0.0387635
-3.05338 2.158
-1.39615 3.4857
-2.37323 -2.06239
-1.23464 4.97206
-2.37885 3.86165
-2.80212 4.45536
-1.62111 3.56712
-2.30316 -1.69312
-1.74364 5.74469
-2.26143 4.16608
-2.87167 4.13693
-1.57128 3.48263
-2.34851 -1.7842
-1.548 5.51189
-2.47787 4.13942
-2.15799 5.12544
-2.33677 4.75626
-2.20579 4.91047
-2.34061 4.88743
-2.17911 4.80298
-2.4317 4.91132
-2.07834 4.62411
-2.79661 4.29266
-1.68003 3.83824
-2.15531 -1.15337
-2.86882 4.88923
-1.34136 1.73125
-2.33238 1.32984
-1.87217 1.68967
-2.19815 0.621078
-1.98158 2.43797
-2.28858 -0.396717
-3.23649 1.44651
-1.16952 1.72525
-2.39609 1.43797
-1.89183 2.29104
-2.3241 -0.169056
-3.16361 1.60886
-1.24385 2.59086
-2.58812 -0.24392
-2.5658 5.40573
-1.61572 3.23113
-2.41835 -1.49627
-1.7448 5.68123
-2.34202 4.22549
-2.51095 5.00902
-1.95958 4.31927
-2.48463 3.67288
-2.50352 5.11088
-1.93281 4.21378
-1.94699 3.02488
-2.27672 -0.919377
-2.99879 4.29253
-1.30427 1.63624
-2.31995 1.50015
-1.87828 1.34412
-2.10482 1.07683
-1.97553 1.28579
-2.06593 1.02063
-1.98291 1.38698
-2.08835 0.865759
-1.96089 1.69254
-2.17318 0.49272
-2.04417 2.7029
-2.23274 -0.570061
-3.25825 1.62657
-1.16477 1.35522
-2.33082 2.00261
-1.8713 1.05111
-2.04748 1.56155
-2.10602 0.577673
-1.99857 2.37991
-2.27351 -0.334597
-3.20918 1.3809
-1.18774 2.09639
-2.49727 0.81868
-2.93397 2.72748
-1.54959 4.106
-2.00823 -0.632522
-3.28229 1.02471
-1.13055 1.15639
-2.3567 2.3117
-1.82306 1.4638
-2.14701 1.00098
-1.94724 1.45858
-2.11725 0.811849
-1.95142 1.82361
-2.20843 0.343471
-2.20591 3.1421
-1.853 0.68404
-2.07046 2.34466
-2.21532 -0.268893
-3.12731 1.68176
-1.28763 2.94971
-2.57075 -1.15735
-1.65161 5.48735
-2.53221 4.21407
-2.02737 4.95288
-2.57528 4.69094
-1.94085 4.44662
-2.80262 3.38589
-1.71288 4.49656
-2.07006 3.38073
-1.99242 -0.126272
-2.87992 2.63297
-1.59554 4.44483
-1.75227 2.13514
-2.34309 0.226046
-2.76052 3.08585
-1.77378 4.86974
-2.88364 3.6646
-1.6251 3.9005
-2.14376 -1.16739
-2.86088 4.92161
-1.34307 1.73045
-2.33159 1.32954
-1.87237 1.68291
-2.19627 0.629389
-1.97768 2.41086
-2.28959 -0.366912
-3.22862 1.41285
-1.17358 1.83949
-2.42637 1.25824
-2.04119 2.96659
-2.1957 -0.658213
-3.26241 1.80737
-1.1701 1.20626
-2.33054 2.23141
-1.85758 1.04494
-2.05051 1.59716
-2.11287 0.531443
-2.01738 2.50449
-2.26429 -0.452593
-3.24423 1.43454
-1.16421 1.62143
-2.37246 1.59793
-1.85374 1.78896
-2.22927 0.523951
-2.05417 2.79693
-2.21158 -0.590322
-3.26144 1.57622
-1.16157 1.32837
-2.33104 2.04482
-1.86937 1.04367
-2.04705 1.57835
-2.11018 0.556728
-2.00631 2.43696
-2.27107 -0.392449
-3.23002 1.37312
-1.17084 1.82904
-2.42449 1.2755
-2.02471 2.91812
-2.22365 -0.702714
-3.24156 2.29217
-1.19263 1.18624
-2.32173 2.25694
-1.86802 0.945847
-2.03839 1.76402
-2.15653 0.336672
-2.17119 3.04564
-1.96487 0.118133
-2.4875 3.21606
-2.98421 3.74885
-1.43023 2.9446
-2.53517 -1.04487
-1.90655 5.72409
-2.24944 4.25098
-2.80626 4.36697
-1.64117 3.67159
-2.25522 -1.57222
-2.00813 5.9083
-1.9463 3.84783
-1.85725 0.362914
-2.26977 3.01657
-1.80012 1.30024
-2.11063 1.27911
-2.01024 0.95548
-1.99417 1.54291
-2.12378 0.644184
-1.9741 2.22829
-2.27395 -0.158595
-3.08984 1.92402
-1.34294 3.24388
-2.48067 -1.79524
-1.30259 5.01644
-2.52305 3.87083
-2.17209 5.20195
-2.30428 4.69281
-2.27199 4.98106
-2.24138 4.80512
-2.32836 4.93999
-2.18552 4.77593
-2.43699 4.91919
-2.07158 4.60565
-2.82987 4.17634
-1.64457 3.75492
-2.21676 -1.44396
-2.28693 5.88194
-1.66711 3.21662
-2.40224 -1.43134
-1.87315 5.7823
-2.1942 4.16995
-3.00491 3.28426
-1.45971 3.28383
-2.44694 -1.72797
-1.42395 5.26382
-2.60839 3.9744
-1.94341 4.90373
-2.72979 4.37722
-1.77619 4.12645
-1.80789 0.54143
-2.1666 2.73707
-2.06893 -0.15442
-2.906 2.58441
-1.56512 4.31452
-1.76516 0.721018
-2.11129 2.42672
-2.17636 -0.272256
-3.10274 1.78354
-1.32037 3.15809
-2.51395 -1.64064
-1.36729 5.11094
-2.62106 3.87336
-1.93614 4.93433
-2.71246 4.40906
-1.79713 4.17861
-1.75227 1.10503
-2.08748 1.68939
-2.11256 0.410713
-2.09269 2.81168
-2.16346 -0.475282
-3.23174 1.15846
-1.15925 1.83591
-2.43135 1.26687
-2.06163 3.02611
-2.1556 -0.57114
-3.26073 1.24517
-1.14763 1.43202
-2.34572 1.88974
-1.85724 1.25763
-2.08888 1.24239
-2.01342 1.00848
-1.99965 1.44005
-2.09601 0.77461
-1.95994 1.89525
-2.22144 0.247242
-2.35465 3.30771
-2.66445 3.46599
-1.92665 5.06215
-2.62778 4.53317
-1.8946 4.41143
-2.48694 3.68445
-2.47904 5.13656
-1.96114 4.26155
-2.2611 3.59921
-2.41967 3.61635
-2.90644 4.09077
-1.51062 3.23396
-2.4509 -1.59403
-1.55079 5.44835
-2.54296 4.12843
-2.02572 4.98812
-2.55419 4.70348
-1.96451 4.50088
-2.93699 3.20511
-1.56665 3.87132
-2.18315 -1.41546
-2.3901 5.82171
-1.57754 2.90977
-2.48987 -0.948584
-2.22563 5.78217
-1.87259 3.80216
-2.00597 -0.377538
-3.17057 1.2355
-1.21499 2.55338
-2.59272 -0.165948
-2.6169 5.31261
-1.57799 3.11711
-2.45975 -1.3446
-1.8149 5.7126
-2.29684 4.23659
-2.66091 4.76372
-1.79439 4.01499
-1.90253 0.0118095
-2.72315 2.9698
-1.88781 5.1293
-2.62559 4.4895
-1.90093 4.45732
-2.67979 3.55874
-1.87586 4.93492
-2.77819 4.19565
-1.7298 4.05486
-1.93016 -0.162625
-2.97421 2.26079
-1.47732 4.00145
-2.12547 -1.23868
-2.76734 5.20979
-1.37425 1.90926
-2.37462 1.03776
-1.9707 2.65352
-2.29885 -0.620702
-3.21875 2.53768
-1.20711 1.31017
-2.30937 2.0576
-1.90015 0.823243
-2.02638 1.95688
-2.20161 0.121599
-2.52614 3.30726
-2.67491 4.87226
-1.7209 3.7606
-2.17706 -1.18765
-2.78623 5.13504
-1.37377 1.95141
-2.38768 0.974304
-2.04283 2.92073
-2.20339 -0.650579
-3.26119 1.81769
-1.17085 1.21909
-2.32901 2.21142
-1.86148 1.02133
-2.04664 1.63314
-2.1231 0.488996
-2.0394 2.62494
-2.2428 -0.528447
-3.25477 1.52937
-1.1625 1.44296
-2.3403 1.86898
-1.86326 1.20657
-2.07648 1.31225
-2.03432 0.904561
-1.98158 1.62512
-2.14898 0.55299
-2.00583 2.49714
-2.27322 -0.452025
-3.24532 1.48191
-1.16551 1.59298
-2.36552 1.64063
-1.85174 1.66072
-2.195 0.690729
-1.95596 2.25098
-2.28694 -0.173956
-3.12115 1.77612
-1.2998 2.99189
-2.56081 -1.25547
-1.59063 5.42069
-2.57968 4.14826
-1.96655 4.86673
-2.73262 4.38943
-1.76963 4.09943
-1.84129 0.32055
-2.33331 3.08815
-1.97107 2.96004
-2.26785 -0.843212
-3.10056 3.70862
-1.26522 1.41942
-2.29252 1.85582
-1.92416 0.791683
-2.019 1.98582
-2.211 0.092649
-2.59303 3.26666
-2.30866 5.30841
-2.12818 4.45551
-2.88249 4.00503
-1.58073 3.56946
-2.31283 -1.77556
-1.61939 5.61874
-2.39124 4.17287
-2.39133 5.1228
-2.08627 4.50327
-2.90989 3.84502
-1.55901 3.53816
-2.32993 -1.81858
-1.53924 5.51227
-2.47198 4.13397
-2.17551 5.13719
-2.31535 4.74281
-2.23873 4.94182
-2.28857 4.85837
-2.24589 4.8839
-2.29489 4.89376
-2.23079 4.85171
-2.32635 4.91711
-2.19087 4.79751
-2.41461 4.92314
-2.09539 4.64834
-2.73501 4.47649
-1.74676 3.98801
-1.98263 -0.381729
-3.1785 1.16071
-1.20262 2.46895
-2.58387 0.0351086
-2.86123 4.66984
-1.41303 2.49675
-2.51993 -0.0211005
-3.11895 3.33214
-1.26927 1.81211
-2.38084 1.26156
-1.90585 2.331
-2.32284 -0.233597
-3.19672 1.48861
-1.20408 2.23095
-2.52911 0.560491
-3.17451 1.95867
-1.24296 2.35685
-2.54677 0.302421
-3.16764 2.75817
-1.24406 1.85344
-2.40244 1.21142
-1.96995 2.69759
-2.29764 -0.66224
-3.19983 2.79653
-1.21928 1.31542
-2.30395 2.04402
-1.90884 0.779495
-2.0261 2.03653
-2.21548 0.0327123
-2.708 3.12574
-1.8945 5.10264
-2.63534 4.48856
-1.88959 4.42349
-2.50873 3.67984
-2.37598 5.2202
-2.07592 4.42946
-2.97482 3.40273
-1.50087 3.446
-2.37768 -1.87347
-1.40299 5.28106
-2.57397 3.98791
-1.99948 5.00334
-2.57913 4.65768
-1.94016 4.4649
-2.83877 3.33044
-1.67471 4.35188
-1.7311 1.68957
-2.22683 0.856143
-1.92139 1.96032
-2.25077 0.213368
-2.46878 3.34535
-2.95631 3.88699
-1.45716 3.04146
-2.51312 -1.25387
-1.7481 5.62592
-2.40191 4.26091
-2.28907 5.13156
-2.19803 4.65875
-2.49767 4.91089
-2.00225 4.46549
-2.95964 3.18699
-1.53712 3.72877
-2.25677 -1.75636
-1.73397 5.76137
-2.23677 4.13946
-2.96422 3.65733
-1.48673 3.27541
-2.44378 -1.68504
-1.4724 5.34229
-2.58957 4.03804
-1.96445 4.91793
-2.6901 4.47781
-1.81891 4.21289
-1.74065 1.62055
-2.20539 0.93165
-1.9209 1.71971
-2.19296 0.510889
-2.03978 2.70765
-2.23664 -0.581025
-3.25773 1.7034
-1.16786 1.32915
-2.32813 2.04188
-1.87343 1.01266
-2.04222 1.6278
-2.12404 0.497976
-2.03419 2.60292
-2.24857 -0.519507
-3.25372 1.53456
-1.1632 1.45632
-2.34178 1.84843
-1.86205 1.23374
-2.08253 1.27127
-2.02252 0.964667
-1.9911 1.51502
-2.11787 0.683646
-1.96597 2.12469
-2.26311 -0.0317301
-2.91386 2.6501
-1.56235 4.24775
-1.83726 0.207692
-2.48768 3.15477
-3.02659 3.473
-1.39608 2.84689
-2.55264 -0.822552
-2.09373 5.76665
-2.05556 4.10067
-2.27702 3.59496
-2.57961 3.56516
-2.15537 5.25772
-2.30763 4.65355
-2.28197 5.00083
-2.22702 4.77958
-2.36276 4.94894
-2.14754 4.7181
-2.5542 4.82209
-1.94658 4.38626
-2.658 3.57092
-1.91791 5.01437
-2.6706 4.46845
-1.84743 4.30581
-1.89133 2.85378
-2.34233 -0.864751
-2.91414 4.62806
-1.34305 1.92449
-2.38913 1.04025
-2.0089 2.8175
-2.25454 -0.699866
-3.22188 2.56412
-1.20629 1.2332
-2.31096 2.17887
-1.89152 0.819481
-2.02993 1.97946
-2.20358 0.0946716
-2.57654 3.27712
-2.39362 5.26452
-2.03382 4.33597
-2.88955 3.21125
-1.61959 4.14885
-1.91839 -0.179481
-3.00562 2.11573
-1.43795 3.83164
-2.22306 -1.79574
-1.72637 5.77272
-2.21874 4.11879
-3.00596 3.31509
-1.45474 3.24462
-2.46132 -1.66682
-1.45374 5.30058
-2.60801 4.00463
-1.94067 4.88287
-2.75184 4.32147
-1.75126 4.07014
-1.89165 0.0356626
-2.69509 3.01135
-1.97412 5.22996
-2.49337 4.61932
-2.03653 4.73546
-2.75349 4.38921
-1.73515 3.9868
-1.99531 -0.443848
-3.2143 0.961352
-1.16003 2.05567
-2.49634 0.893032
-2.86981 2.91902
-1.6225 4.38631
-1.72727 1.68659
-2.22667 0.866599
-1.92013 1.93581
-2.24576 0.245095
-2.40567 3.33968
-3.05036 2.75104
-1.41478 3.26724
-2.46146 -1.75091
-1.37492 5.16895
-2.61035 3.91142
-1.94864 4.94326
-2.68945 4.46521
-1.82186 4.22837
-1.74548 1.7988
-2.25543 0.688303
-1.97562 2.49696
-2.29515 -0.460206
-3.24714 1.65849
-1.17112 1.5046
-2.34576 1.77254
-1.85934 1.32436
-2.10404 1.13776
-1.98603 1.17972
-2.03892 1.17267
-2.0197 1.13631
-2.01922 1.21036
-2.0347 1.09083
-2.00554 1.27627
-2.0542 1.00205
-1.9847 1.42541
-2.09741 0.810521
-1.95779 1.81498
-2.20401 0.346477
-2.19737 3.1252
-1.87684 0.534937
-2.11781 2.64367
-2.15543 -0.359084
-3.16581 1.41442
-1.23105 2.59438
-2.59251 -0.26006
-2.52012 5.47243
-1.65594 3.34995
-2.36833 -1.57514
-1.76728 5.72841
-2.2838 4.19749
-2.75727 4.5324
-1.68803 3.77543
-2.18717 -1.26995
-2.63484 5.48378
-1.44008 2.32387
-2.47441 0.301549
-3.15967 1.83845
-1.25751 2.57714
-2.58217 -0.203172
-2.64701 5.26084
-1.55048 3.01915
-2.48728 -1.17052
-1.94025 5.76856
-2.17962 4.19154
-3.00608 3.23675
-1.46194 3.31567
-2.43509 -1.77497
-1.40148 5.23565
-2.60425 3.9548
-1.95247 4.93186
-2.69404 4.45998
-1.81606 4.21298
-1.74014 1.59156
-2.19731 0.971504
-1.92405 1.61351
-2.16437 0.640564
-1.971 2.30123
-2.28436 -0.241249
-3.16725 1.54597
-1.23682 2.56197
-2.58684 -0.175308
-2.64575 5.26011
-1.55354 3.03278
-2.48409 -1.1967
-1.91865 5.76063
-2.20116 4.20465
-2.9773 3.5367
-1.48029 3.28935
-2.44055 -1.71386
-1.45028 5.31068
-2.5974 4.01132
-1.95579 4.91264
-2.70608 4.43904
-1.80173 4.17848
-1.7502 1.1461
-2.09324 1.62194
-2.09476 0.49134
-2.04038 2.59315
-2.24333 -0.504123
-3.2516 1.45405
-1.161 1.51221
-2.35158 1.76427
-1.85479 1.39591
-2.1229 1.04167
-1.96251 1.35859
-2.08745 0.930604
-1.96479 1.55871
-2.13788 0.65699
-1.96843 2.2138
-2.27519 -0.138315
-3.07148 2.01549
-1.36824 3.37666
-2.42358 -1.98659
-1.23436 4.92678
-2.34386 3.83437
-2.96688 3.72891
-1.4687 3.15835
-2.48365 -1.49197
-1.57735 5.46025
-2.54253 4.14983
-2.02224 4.97335
-2.56852 4.69057
-1.94907 4.46856
-2.8696 3.28002
-1.6424 4.22101
-1.81926 0.369266
-2.30282 3.03811
-1.80863 2.03989
-2.30498 0.270879
-2.53461 3.34719
-2.57784 5.04992
-1.82923 3.99728
-1.87862 0.156199
-2.51443 3.1696
-2.8924 4.21798
-1.50402 3.15969
-2.47356 -1.46767
-1.63023 5.5314
-2.49026 4.19746
-2.10693 5.06516
-2.41244 4.78659
-2.11138 4.77032
-2.58003 4.76477
-1.92299 4.35828
-2.42724 3.68335
-2.79298 4.51225
-1.62029 3.54475
-2.31194 -1.70013
-1.71822 5.71801
-2.29406 4.17785
-2.74519 4.57061
-1.69938 3.79913
-2.1678 -1.17986
-2.81153 5.06629
-1.36309 1.8788
-2.3688 1.09311
-1.9364 2.48117
-2.31974 -0.437927
-3.24368 1.79087
-1.17739 1.4949
-2.34134 1.78506
-1.86322 1.26788
-2.08988 1.21625
-2.00757 1.04941
-2.00769 1.37105
-2.07611 0.862125
-1.96503 1.69916
-2.17337 0.479633
-2.05315 2.7369
-2.22019 -0.568863
-3.25943 1.54058
-1.16093 1.37123
-2.33366 1.97909
-1.86842 1.08879
-2.05369 1.49999
-2.08854 0.653557
-1.97955 2.17953
-2.26427 -0.105394
-3.01645 2.26149
-1.43997 3.72777
-2.2668 -1.95491
-1.46948 5.45758
-2.47632 4.08771
-2.18827 5.15599
-2.29788 4.72273
-2.27135 4.9672
-2.24458 4.81661
-2.31901 4.93377
-2.19662 4.79305
-2.40725 4.92858
-2.10264 4.65782
-2.70934 4.54184
-1.775 4.04887
-1.88892 0.0654714
-2.6484 3.07429
-2.1516 5.33665
-2.28925 4.58712
-2.35145 5.02621
-2.14936 4.66758
-2.59728 4.77343
-1.89675 4.28628
-2.01202 3.21474
-2.15981 -0.691987
-3.26766 1.77686
-1.16753 1.14274
-2.34077 2.32917
-1.83502 1.22981
-2.08773 1.32526
-2.03181 0.884056
-1.98116 1.66841
-2.15987 0.499467
-2.03639 2.65651
-2.24379 -0.554718
-3.25644 1.63819
-1.16595 1.37708
-2.33179 1.96868
-1.87109 1.07212
-2.05048 1.52454
-2.09586 0.623344
-1.98553 2.25779
-2.27085 -0.197917
-3.12125 1.7615
-1.29888 2.99364
-2.56066 -1.26098
-1.58591 5.41469
-2.5835 4.14227
-1.96194 4.85951
-2.74557 4.35434
-1.75543 4.06901
-1.88849 0.054289
-2.66752 3.04974
-2.07338 5.30517
-2.37385 4.62747
-2.18367 4.95806
-2.35386 4.86139
-2.16775 4.80566
-2.44981 4.8982
-2.06012 4.59665
-2.85982 4.05398
-1.61414 3.68552
-2.2577 -1.62572
-1.92144 5.87954
-2.03892 3.97765
-1.83973 2.54236
-2.3754 -0.462901
-3.20218 2.64817
-1.21707 1.45098
-2.31723 1.83499
-1.89061 1.00056
-2.03588 1.62042
-2.12535 0.510928
-2.02699 2.57107
-2.2559 -0.5027
-3.2518 1.52433
-1.16372 1.48743
-2.34621 1.80101
-1.85854 1.31068
-2.10091 1.15947
-1.99141 1.14259
-2.02965 1.22731
-2.0347 1.05596
-1.99961 1.33752
-2.07073 0.917903
-1.96987 1.58435
-2.14278 0.617952
-1.9796 2.31962
-2.28102 -0.26556
-3.1791 1.48986
-1.22165 2.43843
-2.5717 0.115332
-2.99039 4.1214
-1.34088 2.17139
-2.46426 0.638961
-2.87486 2.87938
-1.61514 4.37596
-1.72471 1.53733
-2.18504 1.07235
-1.93635 1.38689
-2.10178 0.925848
-1.9591 1.57184
-2.14308 0.647107
-1.97047 2.24623
-2.27829 -0.177354
-3.11286 1.81094
-1.311 3.06257
-2.54304 -1.42331
-1.48741 5.28896
-2.64004 4.00458
-1.89805 4.77379
-2.89021 3.78198
-1.60384 3.75481
-2.23039 -1.55703
-2.07577 5.92832
-1.86197 3.69161
-2.10155 -0.744058
-3.27408 1.80819
-1.16758 1.02697
-2.37257 2.49827
-1.82436 2.00839
-2.293 0.288511
-2.46451 3.36466
-2.95769 3.87625
-1.45676 3.04321
-2.51292 -1.25794
-1.74423 5.62257
-2.4057 4.25991
-2.2793 5.13174
-2.20823 4.67
-2.46664 4.93645
-2.03531 4.52101
-2.95549 3.51554
-1.52277 3.50521
-2.35013 -1.8738
-1.44559 5.36765
-2.54477 4.04558
-2.04214 5.04423
-2.50097 4.73644
-2.02076 4.61867
-2.89705 3.85776
-1.58087 3.62663
-2.29021 -1.75322
-1.68561 5.69988
-2.31099 4.17156
-2.68995 4.71228
-1.75808 3.92978
-2.02664 -0.555592
-3.25952 0.90413
-1.13088 1.47745
-2.35962 1.82452
-1.84771 1.45705
-2.14034 0.968
-1.94719 1.5155
-2.13207 0.735874
-1.95385 2.01358
-2.24876 0.111707
-2.63942 3.23497
-2.10095 5.29064
-2.35191 4.63905
-2.21386 4.97632
-2.31028 4.84545
-2.2214 4.87297
-2.33212 4.9067
-2.18593 4.79856
-2.42253 4.91851
-2.08741 4.63661
-2.76454 4.39359
-1.71451 3.91648
-2.07668 -0.79584
-3.26833 2.0584
-1.17875 0.953696
-2.39864 2.59515
-1.94557 2.81584
-2.3077 -0.787404
-3.08674 3.77268
-1.27203 1.50442
-2.30321 1.72111
-1.90448 0.977303
-2.02937 1.6408
-2.13316 0.490148
-2.03887 2.63501
-2.24275 -0.536261
-3.25549 1.55751
-1.16328 1.42258
-2.33744 1.89983
-1.86585 1.16054
-2.06672 1.38264
-2.05488 0.806432
-1.97194 1.82239
-2.20018 0.321858
-2.22257 3.16305
-1.81659 0.981959
-2.05718 1.79046
-2.15168 0.298051
-2.21195 3.11693
-1.85244 0.69794
-2.06691 2.3145
-2.21691 -0.245171
-3.10744 1.78943
-1.31569 3.11551
-2.52786 -1.54701
-1.41628 5.18596
-2.64799 3.91033
-1.89241 4.81221
-2.86528 3.89732
-1.63087 3.81611
-2.19114 -1.36366
-2.46756 5.73816
-1.53109 2.73652
-2.5091 -0.577724
-2.63451 5.33148
-1.52971 2.89923
-2.50757 -0.92435
-2.17831 5.78567
-1.93327 3.91387
-1.81972 0.587163
-2.13069 2.61951
-2.14127 -0.309513
-3.12049 1.65828
-1.2935 3.01694
-2.55693 -1.32712
-1.53591 5.34952
-2.61937 4.07291
-1.92042 4.79537
-2.85412 3.97015
-1.63937 3.8186
-2.18636 -1.33243
-2.52905 5.66011
-1.49405 2.57809
-2.50719 -0.229126
-3.02484 3.99598
-1.31368 1.96
-2.40974 1.00579
-2.11166 3.1125
-2.04985 -0.246864
-3.03693 2.04144
-1.40414 3.6321
-2.3079 -2.08495
-1.28721 5.12963
-2.49297 3.92515
-2.23797 5.20783
-2.23583 4.64365
-2.42749 4.97453
-2.07423 4.57447
-2.85856 4.06892
-1.61344 3.67702
-2.26146 -1.63672
-1.89839 5.86739
-2.06618 4.01045
-2.03981 3.24087
-2.11231 -0.534911
-3.24936 1.06611
-1.14408 1.6099
-2.37872 1.62083
-1.85347 1.85191
-2.24586 0.444656
-2.14345 3.05016
-2.01702 -0.0971068
-2.82097 2.8097
-1.6791 4.69805
-2.68299 3.61367
-1.86371 4.884
-2.83101 4.01173
-1.67186 3.92643
-2.09941 -0.929184
-3.18692 3.14678
-1.22925 1.03767
-2.33598 2.47622
-1.82365 1.29437
-2.10441 1.24545
-2.00652 1.00534
-2.00147 1.45213
-2.09838 0.756446
-1.96064 1.93798
-2.23037 0.195248
-2.45366 3.33764
-3.01962 3.48505
-1.40738 2.91108
-2.54515 -0.974275
-1.94734 5.73709
-2.21177 4.23538
-2.92988 3.83521
-1.52194 3.37676
-2.39981 -1.77935
-1.46164 5.35747
-2.56824 4.04416
-1.99845 4.97886
-2.597 4.64153
-1.92034 4.42052
-2.64665 3.58772
-1.93975 5.04644
-2.6235 4.55218
-1.89789 4.40974
-2.49717 3.6815
-2.43061 5.18226
-2.01537 4.34489
-2.84459 3.29343
-1.66733 4.34196
-1.72856 1.53794
-2.18451 1.06478
-1.93586 1.39988
-2.10522 0.908302
-1.9567 1.60909
-2.15343 0.602507
-1.98465 2.37716
-2.2827 -0.33079
-3.21252 1.39121
-1.18537 2.05277
-2.48528 0.897842
-2.77721 3.13196
-1.74192 4.75862
-2.87092 3.41166
-1.64541 4.14306
-1.90606 -0.104111
-2.90825 2.50012
-1.55691 4.32917
-1.75539 0.808672
-2.09366 2.2591
-2.18987 -0.171679
-2.99812 2.29742
-1.45957 3.8414
-2.21724 -1.73302
-1.82385 5.84784
-2.11248 4.04226
-2.51094 3.6366
-2.40691 5.20695
-2.03924 4.37501
-2.94994 3.13667
-1.55033 3.82562
-2.21087 -1.56283
-2.09799 5.93732
-1.82834 3.61727
-2.17664 -1.03898
-3.0053 4.31772
-1.29666 1.47384
-2.28803 1.74972
-1.92488 0.846494
-2.01657 1.86818
-2.18975 0.228646
-2.33629 3.2806
-2.37813 3.58847
-3.04824 3.11611
-1.39888 3.00752
-2.53498 -1.21067
-1.72089 5.5861
-2.4433 4.25782
-2.18545 5.10553
-2.31187 4.76331
-2.23809 4.9309
-2.29213 4.86621
-2.2397 4.87505
-2.30592 4.90168
-2.2164 4.83418
-2.35479 4.92526
-2.15887 4.75088
-2.50447 4.8711
-2.00094 4.48618
-2.96563 3.21966
-1.52773 3.66385
-2.28516 -1.84082
-1.58142 5.59158
-2.40525 4.1543
-2.36026 5.14177
-2.11824 4.5433
-2.80521 4.29088
-1.66425 3.78286
-2.19465 -1.33155
-2.51743 5.67292
-1.50294 2.62136
-2.50964 -0.323322
-2.92785 4.46856
-1.36043 2.1808
-2.46066 0.611149
-2.88047 2.86097
-1.60848 4.35333
-1.72839 1.27841
-2.12133 1.4456
-2.03942 0.722702
-1.98278 2.01708
-2.23587 0.0810229
-2.66365 3.19948
-2.01941 5.23842
-2.4466 4.65167
-2.08581 4.81377
-2.58967 4.73212
-1.91603 4.35785
-2.38634 3.67784
-2.97434 3.71929
-1.45565 3.09411
-2.50287 -1.36931
-1.65369 5.53821
-2.48743 4.21528
-2.10677 5.05858
-2.41504 4.78954
-2.10828 4.76299
-2.59245 4.74764
-1.90925 4.33189
-2.24222 3.59125
-2.1981 3.47374
-1.7863 1.92818
-2.28241 0.452525
-2.20267 3.18253
-1.84147 0.752659
-2.06013 2.21348
-2.21485 -0.153798
-3.00331 2.2893
-1.45424 3.80933
-2.23181 -1.80736
-1.69897 5.74406
-2.2534 4.13617
-2.928 3.87498
-1.51764 3.34248
-2.41323 -1.74505
-1.47215 5.3638
-2.57119 4.05102
-1.99214 4.96496
-2.61542 4.61591
-1.90043 4.3799
-2.39071 3.68172
-2.95578 3.8284
-1.47111 3.13452
-2.48914 -1.44252
-1.61475 5.50273
-2.51407 4.18484
-2.06436 5.02073
-2.48451 4.76577
-2.03606 4.63394
-2.86065 4.03345
-1.61669 3.70355
-2.2493 -1.59771
-1.97893 5.90382
-1.97246 3.88578
-1.79195 0.847155
-2.06965 2.10705
-2.19595 -0.0446203
-2.81064 2.91192
-1.69442 4.70359
-2.72714 3.56432
-1.80158 4.73123
-2.90626 3.37949
-1.60441 3.95965
-2.11204 -1.04849
-3.05702 4.08182
-1.27759 1.27818
-2.27677 2.07047
-1.95105 0.560538
-2.06044 2.48069
-2.22718 -0.392546
-3.21341 1.29649
-1.18003 2.05538
-2.48818 0.89347
-2.80504 3.07403
-1.70229 4.64957
-2.60747 3.66926
-2.01413 5.12683
-2.49503 4.69108
-2.03037 4.67215
-2.83044 4.14601
-1.65003 3.78722
-2.19854 -1.36673
-2.45032 5.7548
-1.54419 2.79203
-2.50587 -0.699112
-2.49091 5.56404
-1.63606 3.24716
-2.40641 -1.49768
-1.77435 5.71267
-2.30308 4.21665
-2.66294 4.76343
-1.79074 4.00478
-1.91743 -0.0616591
-2.83046 2.74125
-1.66437 4.67768
-2.59507 3.68666
-2.04207 5.15299
-2.4539 4.70795
-2.07307 4.75249
-2.66959 4.60242
-1.82592 4.17386
-1.74371 1.34191
-2.13173 1.31934
-2.00671 0.906043
-1.99096 1.64337
-2.14999 0.52025
-2.02275 2.58388
-2.25924 -0.517589
-3.25313 1.59934
-1.16597 1.44116
-2.33849 1.87065
-1.86518 1.18616
-2.07187 1.34182
-2.04312 0.862713
-1.97637 1.70632
-2.17096 0.457951
-2.06796 2.78653
-2.19763 -0.549731
-3.25744 1.35603
-1.15406 1.45527
-2.34578 1.8527
-1.85802 1.27618
-2.09292 1.2125
-2.0054 1.05544
-2.00937 1.36237
-2.0734 0.872809
-1.96633 1.67677
-2.16734 0.505834
-2.03411 2.6558
-2.24596 -0.557717
-3.25622 1.66677
-1.16711 1.36807
-2.33058 1.98217
-1.87226 1.05474
-2.04771 1.55336
-2.10398 0.587936
-1.99517 2.35224
-2.27383 -0.304881
-3.19526 1.4189
-1.20221 2.26066
-2.5377 0.499806
-3.1894 2.09137
-1.2279 2.09818
-2.48237 0.810972
-2.83378 3.00119
-1.66498 4.53822
-2.08791 3.42399
-1.93211 0.12969
-2.49819 3.19888
-2.95012 3.9431
-1.45679 3.01957
-2.51704 -1.20539
-1.78953 5.65837
-2.36196 4.26774
-2.40248 5.09526
-2.07964 4.50859
-2.91517 3.81239
-1.5547 3.53192
-2.3333 -1.82573
-1.52549 5.49218
-2.48476 4.12355
-2.14833 5.1238
-2.34761 4.75879
-2.19112 4.89539
-2.36685 4.89356
-2.14963 4.75909
-2.51594 4.85535
-1.98954 4.46951
-2.94767 3.18444
-1.55314 3.81303
-2.21627 -1.58161
-2.05904 5.9337
-1.86925 3.70083
-2.08722 -0.685253
-3.28002 1.42707
-1.15007 1.10621
-2.35733 2.38521
-1.81774 1.54603
-2.17034 0.898115
-1.93281 1.70554
-2.1857 0.512327
-2.03577 2.6838
-2.24247 -0.573588
-3.25679 1.71218
-1.16855 1.33912
-2.32821 2.0263
-1.87393 1.01711
-2.04257 1.61872
-2.12177 0.508965
-2.02817 2.57187
-2.25486 -0.502125
-3.25172 1.51592
-1.16343 1.49141
-2.34698 1.79506
-1.85796 1.32311
-2.10403 1.14198
-1.98679 1.1726
-2.03719 1.18331
-2.02253 1.12023
-2.01516 1.235
-2.04153 1.05592
-1.99719 1.33334
-2.07052 0.926437
-1.97061 1.56723
-2.13816 0.638999
-1.97342 2.25938
-2.27821 -0.194169
-3.12688 1.73912
-1.29136 2.94414
-2.57081 -1.13885
-1.66938 5.50729
-2.51573 4.22983
-2.05106 4.98336
-2.5226 4.74668
-1.9961 4.55269
-2.96049 3.40538
-1.52492 3.56271
-2.32667 -1.88159
-1.47254 5.42324
-2.51563 4.07927
-2.09363 5.09207
-2.41845 4.7674
-2.10662 4.77496
-2.585 4.75515
-1.91807 4.35079
-2.36886 3.67218
-3.02497 3.34386
-1.41671 3.02126
-2.52791 -1.23153
-1.72264 5.59258
-2.43702 4.25695
-2.20066 5.11348
-2.29387 4.75045
-2.26808 4.9528
-2.25106 4.83056
-2.30448 4.92448
-2.21429 4.81764
-2.36546 4.93137
-2.14676 4.729
-2.54633 4.8289
-1.95567 4.4046
-2.75384 3.45313
-1.76891 4.68221
-2.82741 3.41952
-1.6897 4.36041
-1.74016 1.8895
-2.2821 0.577802
-2.07643 2.914
-2.16409 -0.534781
-3.25214 1.19777
-1.14929 1.55925
-2.36565 1.69635
-1.84937 1.6161
-2.18326 0.752392
-1.94182 2.06699
-2.26437 0.0596626
-2.76987 3.03215
-1.75995 4.85333
-2.89041 3.58688
-1.61985 3.91708
-2.13514 -1.13517
-2.91887 4.71677
-1.32302 1.59182
-2.30242 1.55089
-1.89597 1.14792
-2.05692 1.35234
-2.05228 0.853156
-1.97296 1.72258
-2.1762 0.441783
-2.08275 2.83914
-2.17119 -0.51234
-3.24614 1.18848
-1.15198 1.64217
-2.38267 1.5698
-1.85943 1.95428
-2.26985 0.305841
-2.36956 3.3386
-2.87172 3.11048
-1.6318 4.29198
-1.7571 0.858654
-2.08455 2.15183
-2.18911 -0.0817168
-2.86315 2.77112
-1.62166 4.48376
-1.83959 2.70281
-2.38055 -0.68668
-3.02165 4.10995
-1.30262 1.74806
-2.35041 1.33578
-1.87072 1.85812
-2.24279 0.410607
-2.17532 3.11111
-1.92788 0.264574
-2.31313 3.11965
-1.88677 2.63184
-2.35409 -0.607446
-3.15388 3.21457
-1.24388 1.45941
-2.30709 1.80759
-1.90303 0.935551
-2.02649 1.72346
-2.15357 0.391984
-2.11567 2.91428
-2.10865 -0.363697
-3.15748 1.41586
-1.23958 2.68171
-2.59684 -0.480987
-2.2513 5.7098
-1.91674 3.92357
-1.83355 0.480603
-2.1872 2.82488
-2.01071 0.014403
-2.63044 3.14725
-2.19698 5.33561
-2.24375 4.55988
-2.47561 4.96371
-2.01929 4.47118
-2.97241 3.23856
-1.51681 3.59913
-2.31317 -1.89271
-1.47972 5.44232
-2.50225 4.08863
-2.12106 5.11389
-2.38026 4.76442
-2.15015 4.84412
-2.45605 4.87713
-2.05582 4.60178
-2.86174 4.04311
-1.61273 3.68416
-2.25868 -1.63075
-1.91217 5.87507
-2.04947 3.99053
-1.90174 2.82979
-2.33757 -0.834137
-2.96644 4.40972
-1.32138 1.79966
-2.35876 1.24503
-1.8856 2.09427
-2.2924 0.0914047
-2.79586 2.98822
-1.71637 4.7422
-2.82648 3.44993
-1.69184 4.34833
-1.73527 1.78241
-2.25273 0.726793
-1.95767 2.38678
-2.30042 -0.334637
-3.22275 1.4253
-1.17855 1.91448
-2.44649 1.13568
-2.23455 3.33991
-1.79203 1.94552
-2.28561 0.420729
-2.24944 3.24872
-1.78831 1.80514
-2.24852 0.609065
-2.01306 2.6641
-2.26436 -0.592245
-3.24893 1.99227
-1.18111 1.30056
-2.32127 2.08215
-1.88135 0.933109
-2.03337 1.76523
-2.15939 0.338071
-2.17119 3.04759
-1.96407 0.120905
-2.48377 3.21621
-2.99922 3.65426
-1.41862 2.91307
-2.54172 -0.974595
-1.96184 5.74505
-2.19347 4.22242
-2.97634 3.53583
-1.4822 3.2993
-2.43666 -1.72695
-1.44502 5.3053
-2.59708 4.00667
-1.95688 4.9171
-2.70082 4.45057
-1.80763 4.19136
-1.74313 1.31191
-2.12513 1.36613
-2.02029 0.834265
-1.98351 1.78045
-2.18578 0.360332
-2.16483 3.0528
-1.97461 0.0736952
-2.552 3.19705
-2.62821 4.97966
-1.76486 3.85167
-2.08524 -0.783339
-3.26968 2.00238
-1.17626 0.972685
-2.39073 2.5711
-1.89212 2.57284
-2.34967 -0.534462
-3.20294 2.68083
-1.2168 1.40286
-2.3113 1.90905
-1.89921 0.90366
-2.0262 1.79289
-2.16902 0.310015
-2.20865 3.12226
-1.85635 0.668415
-2.07329 2.3739
-2.21387 -0.291053
-3.14435 1.58855
-1.26372 2.79651
-2.59112 -0.768567
-1.9668 5.71505
-2.22261 4.26161
-2.87389 4.10351
-1.57522 3.51079
-2.33683 -1.7855
-1.56665 5.54261
-2.45465 4.15205
-2.21169 5.14792
-2.27529 4.71613
-2.31078 4.97901
-2.19912 4.76556
-2.41887 4.93417
-2.08945 4.62986
-2.76793 4.38545
-1.71036 3.90586
-2.08836 -0.847281
-3.24478 2.47433
-1.19796 0.96255
-2.38369 2.58536
-1.86933 2.44329
-2.35297 -0.349737
-3.23725 1.78848
-1.18106 1.58974
-2.35806 1.64024
-1.854 1.57047
-2.16974 0.804584
-1.93715 1.91283
-2.23431 0.252126
-2.37081 3.32214
-2.85382 3.14863
-1.65104 4.36648
-1.72894 1.67044
-2.22173 0.885186
-1.91901 1.87534
-2.23215 0.320908
-2.26804 3.24058
-1.81348 2.1686
-2.33245 0.0910181
-2.92365 2.65295
-1.55357 4.19117
-1.90967 -0.178577
-3.01085 2.0864
-1.43094 3.80261
-2.23585 -1.8642
-1.61806 5.66139
-2.33526 4.14898
-2.62452 4.85286
-1.82831 4.07211
-1.80695 0.589468
-2.13901 2.63612
-2.12793 -0.283012
-3.08975 1.81858
-1.33626 3.2635
-2.47381 -1.84243
-1.27606 4.96873
-2.45432 3.86534
-2.44378 5.14275
-2.01151 4.35779
-2.85662 3.27478
-1.65483 4.29077
-1.74865 0.981693
-2.08097 1.92365
-2.16106 0.148305
-2.42966 3.30566
-3.07047 2.87534
-1.37832 2.98216
-2.54439 -1.16328
-1.7384 5.59623
-2.43194 4.26713
-2.2077 5.11349
-2.28641 4.74664
-2.28078 4.95917
-2.23532 4.81434
-2.33396 4.93576
-2.18 4.77196
-2.44957 4.91214
-2.05857 4.58433
-2.87505 3.98872
-1.59837 3.64774
-2.27751 -1.69968
-1.77964 5.7867
-2.20468 4.13144
-3.01148 3.22087
-1.45396 3.27943
-2.44967 -1.72719
-1.41936 5.25421
-2.61054 3.9671
-1.94097 4.90191
-2.73446 4.36437
-1.77116 4.11613
-1.82275 0.436718
-2.23311 2.92395
-1.88662 0.550741
-2.10275 2.59281
-2.17871 -0.383874
-3.19019 1.31435
-1.20146 2.33262
-2.55592 0.34719
-3.15832 2.85754
-1.2507 1.87777
-2.4072 1.17029
-2.00352 2.82568
-2.2585 -0.714259
-3.21136 2.70373
-1.213 1.24401
-2.30721 2.15924
-1.89883 0.783803
-2.02978 2.04365
-2.21438 0.0235499
-2.7222 3.10148
-1.85992 5.05113
-2.70296 4.3558
-1.81746 4.27226
-1.77277 2.18445
-2.34841 0.126929
-2.92804 2.64688
-1.54915 4.16811
-1.93937 -0.321841
-3.14642 1.33104
-1.24475 2.79678
-2.59599 -0.786095
-1.9247 5.69333
-2.27172 4.28718
-2.68627 4.69732
-1.77036 3.97183
-1.974 -0.32767
-3.13896 1.40975
-1.25771 2.86595
-2.58811 -0.96225
-1.77867 5.60114
-2.41962 4.29343
-2.22371 5.1117
-2.26988 4.73802
-2.31048 4.96939
-2.20083 4.77397
-2.41081 4.93488
-2.09806 4.64525
-2.73286 4.48357
-1.74878 3.9915
-1.97709 -0.356668
-3.16161 1.26523
-1.2255 2.64631
-2.59885 -0.398064
-2.33017 5.6651
-1.83689 3.77979
-2.06743 -0.645787
-3.27854 1.19852
-1.1398 1.18622
-2.34765 2.26653
-1.83379 1.29148
-2.10162 1.23173
-2.00512 1.02615
-2.0049 1.41528
-2.08798 0.803225
-1.96107 1.82825
-2.20584 0.326687
-2.22314 3.16728
-1.81429 1.00441
-2.05935 1.75246
-2.14258 0.341276
-2.16039 3.01337
-1.99909 -0.0124142
-2.68322 3.07506
-1.9956 5.23967
-2.46912 4.63422
-2.06196 4.77955
-2.6636 4.60497
-1.83467 4.19803
-1.74233 1.65186
-2.21399 0.886993
-1.92045 1.84426
-2.22423 0.357267
-2.20972 3.15784
-1.83946 0.778576
-2.05662 2.16091
-2.2121 -0.102469
-2.92759 2.579
-1.54443 4.1929
-1.91246 -0.197652
-3.033 1.97988
-1.4026 3.67011
-2.29156 -2.0706
-1.31825 5.1989
-2.51389 3.95182
-2.15486 5.17447
-2.32828 4.72046
-2.22621 4.94511
-2.30329 4.86181
-2.22679 4.86774
-2.32633 4.90894
-2.19206 4.80422
-2.40881 4.92308
-2.10161 4.65973
-2.70943 4.54097
-1.77508 4.04948
-1.88819 0.0692321
-2.643 3.08037
-2.17544 5.34161
-2.26386 4.56947
-2.41979 5.00366
-2.07814 4.56305
-2.86364 4.05093
-1.60752 3.66054
-2.2699 -1.66732
-1.83876 5.83076
-2.13615 4.08106
-2.80364 3.32486
-1.70961 4.52456
-2.16562 3.53863
-1.774 1.66877
-2.21295 0.810461
-1.92916 2.01612
-2.25967 0.135577
-2.6253 3.25535
-2.15256 5.30964
-2.29641 4.61043
-2.32348 5.02159
-2.1796 4.71268
-2.49299 4.89702
-2.01051 4.49193
-2.97047 3.26407
-1.51849 3.59551
-2.3144 -1.89033
-1.48065 5.44284
-2.50251 4.0892
-2.1202 5.11301
-2.38148 4.76481
-2.14866 4.84186
-2.45989 4.8752
-2.05181 4.59471
-2.87543 3.98215
-1.59892 3.65252
-2.27543 -1.69453
-1.79042 5.79568
-2.19174 4.12313
-3.01323 3.08541
-1.4605 3.37409
-2.4132 -1.85679
-1.36219 5.18485
-2.58639 3.92848
-1.98878 5.0089
-2.58922 4.63797
-1.93026 4.44994
-2.77342 3.43246
-1.74553 4.60569
-2.59363 3.66836
-2.05379 5.16908
-2.43563 4.70818
-2.09306 4.79019
-2.59692 4.72963
-1.90658 4.33437
-2.23772 3.58732
-2.14468 3.39895
-1.83938 0.679209
-2.07965 2.38
-2.20815 -0.288841
-3.13863 1.6142
-1.27138 2.84992
-2.58623 -0.905761
-1.84431 5.65283
-2.35061 4.29989
-2.40939 5.08354
-2.0741 4.50594
-2.92549 3.7515
-1.54535 3.51424
-2.34217 -1.83863
-1.49655 5.44713
-2.5111 4.09793
-2.09703 5.08933
-2.41548 4.77037
-2.1096 4.77811
-2.57665 4.767
-1.92714 4.36768
-2.48808 3.67817
-2.47994 5.13651
-1.95975 4.25872
-2.24125 3.58109
-2.1606 3.42249
-1.80296 0.996005
-2.06245 1.79008
-2.1485 0.297057
-2.21147 3.11416
-1.85449 0.684531
-2.0695 2.3409
-2.216 -0.266491
-3.12579 1.69053
-1.2898 2.96277
-2.56815 -1.18964
-1.62941 5.4633
-2.55072 4.19204
-2.00257 4.91888
-2.6363 4.59938
-1.87523 4.31748
-2.02298 3.2459
-2.13384 -0.616195
-3.26932 1.30208
-1.14712 1.29788
-2.3373 2.09501
-1.85864 1.11017
-2.05962 1.4803
-2.08107 0.67668
-1.97671 2.1209
-2.25694 -0.0354514
-2.90621 2.67194
-1.57111 4.28328
-1.79318 0.498421
-2.21011 2.84575
-1.95977 0.212992
-2.3526 3.17406
-2.31398 3.55274
-2.82485 3.2294
-1.68378 4.47171
-1.91624 2.98972
-2.30736 -0.955141
-2.88259 4.76561
-1.3519 1.94063
-2.39123 1.00865
-2.03387 2.89876
-2.2174 -0.673275
-3.25284 2.05351
-1.18168 1.19888
-2.32565 2.24015
-1.86376 0.987788
-2.04268 1.69144
-2.13834 0.420425
-2.08766 2.81978
-2.16848 -0.493707
-3.23954 1.16852
-1.15481 1.73283
-2.40442 1.43002
-1.90942 2.42488
-2.33098 -0.35568
-3.23721 1.61336
-1.1754 1.66398
-2.3778 1.52982
-1.86059 1.92905
-2.26337 0.33616
-2.3092 3.29713
-2.12109 3.33746
-1.91981 0.222571
-2.37445 3.1675
-2.56693 3.54677
-2.22006 5.27687
-2.23737 4.5962
-2.46037 4.96601
-2.03749 4.50738
-2.96129 3.47001
-1.51755 3.49926
-2.35345 -1.87996
-1.43396 5.34755
-2.55162 4.0321
-2.03203 5.03543
-2.51828 4.72279
-2.0031 4.58553
-2.94095 3.58536
-1.54027 3.55811
-2.32581 -1.85365
-1.50529 5.46977
-2.49414 4.10824
-2.13225 5.11679
-2.36704 4.76384
-2.16602 4.86479
-2.41874 4.89115
-2.09457 4.66864
-2.71444 4.52491
-1.77049 4.0422
-1.90101 0.00261346
-2.74025 2.93798
-1.84289 5.06357
-2.70929 4.32665
-1.81212 4.27068
-1.76508 2.11004
-2.33367 0.241831
-2.69545 3.19559
-1.9132 5.11391
-2.60985 4.53319
-1.91579 4.47393
-2.78153 3.42507
-1.73638 4.5728
-2.44712 3.71828
-2.64718 4.87827
-1.77503 3.91685
-2.02115 -0.519626
-3.2467 0.887606
-1.13562 1.647
-2.39108 1.56609
-1.86642 2.07869
-2.29598 0.136697
-2.7315 3.1195
-1.8328 4.99434
-2.76876 4.18225
-1.74567 4.11773
-1.84599 0.276363
-2.38238 3.13157
-2.58231 3.53378
-2.16423 5.26673
-2.29653 4.64218
-2.30708 5.00926
-2.19873 4.74448
-2.43279 4.93436
-2.0742 4.6007
-2.83039 4.17624
-1.64361 3.75139
-2.2188 -1.45284
-2.26833 5.89085
-1.68294 3.26334
-2.3832 -1.46551
-1.87833 5.79537
-2.17517 4.15042
-3.00778 3.06716
-1.47006 3.43462
-2.38743 -1.90894
-1.35336 5.18921
-2.57217 3.93496
-2.01579 5.0475
-2.53202 4.69927
-1.99 4.56869
-2.95666 3.43517
-1.52874 3.56804
-2.32388 -1.87457
-1.48452 5.44216
-2.50652 4.09075
-2.11012 5.10389
-2.39559 4.76777
-2.13203 4.81604
-2.50568 4.8441
-2.00368 4.50888
-2.96862 3.28781
-1.52005 3.59217
-2.31552 -1.88805
-1.4816 5.44347
-2.50268 4.08982
-2.11954 5.11227
-2.38243 4.76514
-2.1475 4.84007
-2.46294 4.8736
-2.04862 4.58908
-2.8859 3.93277
-1.58851 3.62908
-2.28745 -1.73509
-1.71432 5.72791
-2.27998 4.1653
-2.8115 4.36775
-1.63016 3.63099
-2.2754 -1.63805
-1.87173 5.84699
-2.10488 4.055
-2.49555 3.64278
-2.47931 5.14218
-1.95831 4.25317
-2.21065 3.54899
-1.88026 2.66692
-2.35802 -0.650206
-3.11266 3.55133
-1.26301 1.53308
-2.31232 1.68379
-1.89227 1.0817
-2.04628 1.47131
-2.08512 0.695217
-1.97225 2.07729
-2.25194 0.019047
-2.80797 2.94247
-1.69823 4.70228
-2.73198 3.55781
-1.79549 4.7145
-2.89377 3.36366
-1.61925 4.04318
-2.03222 -0.687164
-3.28691 1.28963
-1.14267 1.04374
-2.37944 2.47393
-1.83292 2.11032
-2.31383 0.14193
-2.78336 3.02537
-1.73585 4.7872
-2.88073 3.432
-1.63484 4.07714
-1.98737 -0.481622
-3.2346 0.859523
-1.14043 1.80051
-2.42931 1.32635
-2.0252 2.92784
-2.22133 -0.703405
-3.24261 2.27684
-1.19185 1.18313
-2.32249 2.262
-1.86637 0.956224
-2.03953 1.7469
-2.15223 0.356187
-2.14905 2.9953
-2.0272 -0.114484
-2.8466 2.74618
-1.64115 4.58544
-2.2026 3.59808
-1.91289 2.81402
-2.33132 -0.811601
-3.00935 4.20652
-1.30391 1.69707
-2.3359 1.41039
-1.86861 1.60388
-2.17569 0.737076
-1.94554 2.08582
-2.2662 0.0330893
-2.81908 2.922
-1.68198 4.65349
-2.56585 3.69885
-2.12775 5.21777
-2.34524 4.69258
-2.20905 4.94677
-2.32457 4.8659
-2.20058 4.84103
-2.37624 4.91818
-2.13681 4.72273
-2.57209 4.79456
-1.92791 4.35485
-2.44124 3.68297
-2.72144 4.71515
-1.69325 3.72802
-2.20887 -1.34235
-2.47495 5.72182
-1.53241 2.75082
-2.50917 -0.608391
-2.59436 5.40586
-1.55802 2.99948
-2.48747 -1.12958
-1.99232 5.78724
-2.12227 4.14508
-2.87372 3.20264
-1.63479 4.23795
-1.80603 0.451818
-2.23619 2.91644
-1.88317 0.573939
-2.09366 2.5448
-2.19205 -0.380736
-3.19331 1.31676
-1.1987 2.29612
-2.54805 0.425047
-3.18468 2.43323
-1.23253 1.92168
-2.4273 1.10852
-2.13064 3.16804
-1.99061 -0.0363543
-2.72976 2.99569
-1.86127 5.0809
-2.68104 4.39365
-1.84204 4.33094
-1.94084 3.02926
-2.28099 -0.933635
-2.97201 4.41689
-1.31458 1.69999
-2.33291 1.39788
-1.87001 1.59359
-2.17257 0.748243
-1.94396 2.05178
-2.26054 0.0758606
-2.7321 3.10331
-1.83401 5.00163
-2.76223 4.20063
-1.75296 4.13431
-1.82179 0.429711
-2.24033 2.93775
-1.86767 0.663094
-2.06857 2.36617
-2.21786 -0.289285
-3.14578 1.58463
-1.26196 2.78264
-2.59198 -0.732746
-2.00116 5.72607
-2.18562 4.23853
-2.97655 3.52628
-1.48314 3.30772
-2.4335 -1.73844
-1.43983 5.29946
-2.59701 4.00183
-1.95762 4.92091
-2.69659 4.45953
-1.8124 4.20181
-1.74023 1.45183
-2.15937 1.16463
-1.96234 1.17816
-2.04555 1.20408
-2.02374 1.08188
-2.00776 1.29981
-2.05896 0.964861
-1.97846 1.49438
-2.11694 0.724796
-1.95913 2.02453
-2.24853 0.0933427
-2.67127 3.19444
-1.99315 5.21406
-2.48117 4.64306
-2.04819 4.74495
-2.72304 4.47308
-1.76819 4.05731
-1.8874 0.068491
-2.64515 3.0775
-2.16617 5.34002
-2.2737 4.57652
-2.39221 5.01606
-2.10694 4.60642
-2.75753 4.42553
-1.71924 3.91941
-2.07049 -0.766394
-3.2768 1.83936
-1.16859 0.966941
-2.3976 2.57752
-1.92934 2.74858
-2.32448 -0.736679
-3.10337 3.64626
-1.26579 1.49843
-2.30461 1.73439
-1.9034 0.975972
-2.02958 1.64511
-2.13408 0.484719
-2.04221 2.6503
-2.23868 -0.541372
-3.25612 1.55034
-1.16272 1.41594
-2.33695 1.91014
-1.86621 1.15058
-2.06477 1.39855
-2.05948 0.78499
-1.9711 1.8687
-2.21095 0.267212
-2.30878 3.26981
-2.06263 3.22038
-2.08647 -0.429926
-3.19993 1.15313
-1.18333 2.22824
-2.53624 0.563231
-3.18174 2.00916
-1.23545 2.24256
-2.52065 0.538099
-3.16702 1.93051
-1.25123 2.45927
-2.56561 0.0759778
-2.99404 4.10872
-1.33781 2.14905
-2.45879 0.67962
-2.7934 3.07849
-1.71853 4.70642
-2.77825 3.4985
-1.74187 4.54599
-2.36142 3.70098
-3.02304 3.35131
-1.41937 3.03368
-2.52496 -1.25864
-1.70329 5.5756
-2.45417 4.2476
-2.16527 5.09658
-2.33599 4.77548
-2.20282 4.89708
-2.34956 4.89441
-2.16831 4.7846
-2.46248 4.89722
-2.0461 4.56837
-2.90883 3.8185
-1.56554 3.57671
-2.31339 -1.80408
-1.5833 5.57701
-2.42398 4.15924
-2.29606 5.15656
-2.18581 4.62708
-2.55352 4.8534
-1.94081 4.3555
-2.51688 3.6675
-2.34887 5.23574
-2.10496 4.4657
-2.91507 3.83277
-1.55131 3.50926
-2.34287 -1.82701
-1.5085 5.46318
-2.50349 4.10839
-2.11028 5.09843
-2.39717 4.77086
-2.1299 4.8108
-2.51327 4.83798
-1.99555 4.49388
-2.96409 3.22286
-1.52986 3.67307
-2.28106 -1.82938
-1.60165 5.61737
-2.3843 4.16024
-2.42725 5.10218
-2.04701 4.44598
-2.97841 3.28294
-1.50478 3.51767
-2.34818 -1.90822
-1.41229 5.31717
-2.55523 4.01146
-2.03024 5.04048
-2.51783 4.72037
-2.00379 4.58884
-2.93831 3.6047
-1.54262 3.56089
-2.32426 -1.8493
-1.51265 5.48075
-2.48791 4.1144
-2.1447 5.12403
-2.35148 4.75893
-2.18616 4.89028
-2.37617 4.89438
-2.13954 4.74331
-2.54857 4.82068
-1.9543 4.40586
-2.75162 3.45661
-1.77168 4.69012
-2.84245 3.40236
-1.67426 4.2957
-1.73931 1.14906
-2.09662 1.63773
-2.09601 0.472649
-2.05103 2.64174
-2.2307 -0.521066
-3.25372 1.43507
-1.15917 1.48752
-2.34827 1.80225
-1.85673 1.33321
-2.10675 1.12915
-1.98327 1.19517
-2.04305 1.15111
-2.01384 1.16905
-2.02778 1.16159
-2.02146 1.16218
-2.02378 1.16622
-2.0238 1.15774
-2.02207 1.17158
-2.0255 1.15041
-2.02001 1.18228
-2.02844 1.13483
-2.01592 1.20589
-2.03487 1.10073
-2.00725 1.25908
-2.04966 1.02635
-1.98972 1.38246
-2.08503 0.864477
-1.96201 1.69472
-2.17333 0.488683
-2.04693 2.71363
-2.22899 -0.570561
-3.25871 1.60349
-1.16369 1.35786
-2.33148 1.99886
-1.87057 1.05924
-2.04879 1.5483
-2.10228 0.593795
-1.99345 2.33615
-2.27367 -0.287221
-3.18573 1.45346
-1.21316 2.36777
-2.55983 0.273021
-3.12431 3.21954
-1.27053 1.90384
-2.40775 1.1194
-2.03134 2.91241
-2.21764 -0.683178
-3.25038 2.11656
-1.1845 1.19099
-2.32515 2.2517
-1.86341 0.984943
-2.04255 1.69744
-2.13976 0.413301
-2.09362 2.83956
-2.15705 -0.472869
-3.2297 1.14933
-1.16015 1.86292
-2.43885 1.22317
-2.12676 3.1744
-1.99509 -0.0572899
-2.76333 2.93274
-1.78357 4.94584
-2.83634 3.91192
-1.67498 3.98569
-2.04769 -0.709528
-3.28571 1.43757
-1.14971 1.01768
-2.38542 2.50983
-1.85324 2.31294
-2.34396 -0.156824
-3.17894 1.57377
-1.22579 2.42511
-2.56763 0.147393
-3.03099 3.89878
-1.31962 2.07703
-2.44342 0.812456
-2.51959 3.42378
-2.58504 5.02916
-1.82577 3.99642
-1.88379 0.127134
-2.55386 3.15516
-2.66012 4.921
-1.72816 3.76573
-2.16973 -1.15071
-2.85449 4.93057
-1.34773 1.78566
-2.34589 1.24439
-1.87936 1.95867
-2.2648 0.27153
-2.40956 3.34935
-3.06027 2.77709
-1.39898 3.15755
-2.50029 -1.55209
-1.47613 5.30557
-2.62089 4.01368
-1.92195 4.83314
-2.81916 4.10447
-1.67761 3.90705
-2.11031 -0.969275
-3.14511 3.49864
-1.24651 1.11741
-2.3058 2.34672
-1.88381 0.794219
-2.035 2.04675
-2.21161 0.0186128
-2.72596 3.09381
-1.85143 5.03781
-2.72027 4.3141
-1.79876 4.23283
-1.73886 1.60016
-2.19996 0.962127
-1.92283 1.64002
-2.17168 0.608499
-1.98286 2.39942
-2.28544 -0.354942
-3.22304 1.3935
-1.17693 1.9171
-2.44794 1.13165
-2.24807 3.35567
-1.82841 2.32752
-2.35615 -0.148183
-3.18745 1.56526
-1.2166 2.32688
-2.54906 0.362959
-3.17537 2.62765
-1.23921 1.87711
-2.41133 1.17664
-2.01592 2.87139
-2.2404 -0.710286
-3.22796 2.49505
-1.20253 1.20888
-2.31455 2.21845
-1.88273 0.858387
-2.03173 1.91323
-2.19046 0.16834
-2.43082 3.31902
-3.06898 2.9344
-1.37723 2.94911
-2.54934 -1.08277
-1.80695 5.65091
-2.36517 4.28245
-2.37983 5.10388
-2.10435 4.54511
-2.83276 4.18757
-1.63649 3.72034
-2.23566 -1.52228
-2.1231 5.92496
-1.81977 3.60774
-2.18831 -1.0875
-2.9232 4.67318
-1.32527 1.66405
-2.3196 1.44222
-1.87715 1.41625
-2.12344 0.975635
-1.9548 1.48473
-2.12185 0.766693
-1.95295 1.93041
-2.23196 0.212616
-2.42846 3.33741
-3.06733 2.9602
-1.37828 2.9447
-2.54962 -1.07124
-1.81855 5.65944
-2.35324 4.28259
-2.41666 5.08292
-2.0654 4.49072
-2.94807 3.6043
-1.52519 3.48033
-2.35953 -1.85855
-1.44711 5.36349
-2.55001 4.04375
-2.03222 5.03136
-2.52025 4.72286
-2.00093 4.58018
-2.94569 3.54789
-1.53629 3.55532
-2.32766 -1.86086
-1.49427 5.45339
-2.50282 4.09861
-2.11565 5.10626
-2.38862 4.76789
-2.13998 4.82773
-2.4837 4.8611
-2.02687 4.55031
-2.9443 3.5889
-1.53393 3.52731
-2.33926 -1.86155
-1.47568 5.41946
-2.52215 4.07912
-2.07927 5.07722
-2.44085 4.7652
-2.08261 4.73229
-2.67158 4.60567
-1.82203 4.16105
-1.74936 1.19418
-2.10083 1.54242
-2.07293 0.59045
-2.0014 2.33215
-2.26802 -0.283782
-3.17955 1.47176
-1.22028 2.43609
-2.57172 0.120278
-2.99366 4.10423
-1.33922 2.16442
-2.46279 0.65208
-2.85139 2.94197
-1.64283 4.4736
-1.84772 2.73353
-2.37569 -0.730021
-2.98694 4.29054
-1.31652 1.81499
-2.36492 1.2258
-1.89435 2.19666
-2.30814 -0.0500316
-3.03641 2.2012
-1.41636 3.60186
-2.32082 -2.06992
-1.28746 5.12007
-2.49631 3.92075
-2.22954 5.20759
-2.24456 4.65128
-2.40386 4.98517
-2.09886 4.61284
-2.76751 4.39274
-1.7093 3.8994
-2.09416 -0.871952
-3.22929 2.68412
-1.20766 0.980657
-2.36993 2.5612
-1.82726 2.07743
-2.30831 0.193594
-2.67747 3.21098
-1.96533 5.17981
-2.52306 4.62335
-2.00476 4.65737
-2.8823 3.91553
-1.59823 3.67593
-2.26601 -1.67473
-1.83467 5.8302
-2.13764 4.08095
-2.81185 3.31016
-1.70048 4.49313
-2.02296 3.28352
-2.11837 -0.579162
-3.26248 1.14516
-1.14216 1.42294
-2.34719 1.90487
-1.85539 1.26831
-2.09169 1.22913
-2.00935 1.02916
-2.00397 1.40583
-2.08597 0.817163
-1.96139 1.79699
-2.19841 0.364169
-2.17169 3.07492
-1.95143 0.167135
-2.42386 3.20602
-3.03435 2.72363
-1.43815 3.42243
-2.39694 -1.94291
-1.30809 5.09862
-2.53645 3.90239
-2.11485 5.16146
-2.37338 4.73313
-2.16304 4.87946
-2.41584 4.88569
-2.09823 4.67917
-2.6955 4.56897
-1.79172 4.0879
-1.83016 0.404404
-2.25561 2.97299
-1.82899 0.949494
-2.05159 1.82926
-2.16275 0.255493
-2.27236 3.20756
-1.8084 2.10408
-2.32 0.185628
-2.73406 3.12539
-1.82575 4.97798
-2.78676 4.12472
-1.72604 4.07559
-1.91132 -0.0770677
-2.86112 2.65273
-1.61907 4.54322
-1.99762 3.24084
-2.16809 -0.737081
-3.25656 2.10382
-1.18241 1.10437
-2.3414 2.38498
-1.82855 1.28382
-2.10097 1.25277
-2.00974 0.99334
-1.99882 1.47147
-2.10416 0.733176
-1.96144 1.99537
-2.24178 0.125873
-2.59773 3.27521
-2.27628 5.31543
-2.1641 4.49616
-2.75114 4.47848
-1.71675 3.89039
-2.09547 -0.870161
-3.22981 2.67567
-1.20728 0.982131
-2.36948 2.55921
-1.82623 2.06345
-2.30544 0.213543
-2.63315 3.26599
-2.111 5.29067
-2.34224 4.63806
-2.22954 4.98659
-2.28898 4.83139
-2.25176 4.90278
-2.28208 4.87832
-2.2496 4.87478
-2.29258 4.89798
-2.23275 4.85072
-2.32387 4.91738
-2.19359 4.80044
-2.4083 4.92494
-2.10194 4.65905
-2.70948 4.54107
-1.77496 4.04908
-1.88874 0.0663722
-2.64711 3.07575
-2.15721 5.33802
-2.28327 4.58317
-2.3667 5.02355
-2.13348 4.64511
-2.65569 4.67069
-1.83177 4.15934
-1.74645 1.27711
-2.11702 1.41405
-2.0353 0.763547
-1.9804 1.92576
-2.2191 0.190319
-2.44017 3.33257
-3.05519 3.15807
-1.38273 2.88939
-2.55396 -0.932181
-1.95767 5.73579
-2.20655 4.23588
-2.94095 3.77107
-1.51227 3.35571
-2.40973 -1.7678
-1.45532 5.34085
-2.57718 4.03248
-1.98524 4.96061
-2.62792 4.59419
-1.88719 4.35455
-2.21656 3.56871
-1.94189 2.91678
-2.2988 -0.869385
-3.01458 4.1997
-1.29972 1.63637
-2.32165 1.50343
-1.87707 1.35419
-2.10759 1.06418
-1.97239 1.30945
-2.07251 0.989393
-1.97633 1.44416
-2.10484 0.794586
-1.95604 1.85415
-2.21376 0.301085
-2.26617 3.22839
-1.80452 2.06688
-2.31254 0.241196
-2.61244 3.29107
-2.19019 5.31354
-2.25761 4.58555
-2.42207 4.99716
-2.07666 4.56447
-2.86477 4.04521
-1.60654 3.65883
-2.27087 -1.6712
-1.83148 5.82576
-2.14464 4.08832
-2.86476 3.21109
-1.64384 4.28051
-1.76085 0.83031
-2.08686 2.20317
-2.1919 -0.12817
-2.93917 2.52837
-1.53009 4.14143
-1.9794 -0.516682
-3.25096 0.806948
-1.12896 1.58717
-2.38058 1.65854
-1.85137 1.84612
-2.24491 0.455244
-2.13137 3.023
-2.0492 -0.207293
-2.98501 2.27756
-1.46949 3.93015
-2.17181 -1.48743
-2.28202 5.90384
-1.64974 3.14611
-2.42623 -1.35122
-1.91089 5.78914
-2.16968 4.16187
-3.00621 3.06887
-1.47243 3.44668
-2.38215 -1.91607
-1.35443 5.19516
-2.57044 3.93856
-2.01844 5.04996
-2.52741 4.70349
-1.99471 4.57768
-2.95072 3.49885
-1.5328 3.55977
-2.3265 -1.86728
-1.48879 5.44647
-2.50559 4.09402
-2.111 5.10364
-2.39467 4.76817
-2.13302 4.81729
-2.50303 4.84639
-2.00648 4.51386
-2.96841 3.31602
-1.51865 3.57217
-2.32386 -1.8928
-1.46425 5.41308
-2.51844 4.07222
-2.08984 5.09058
-2.42337 4.76613
-2.10137 4.76656
-2.60245 4.72944
-1.89889 4.31416
-2.11898 3.43233
-1.86707 0.478947
-2.16044 2.78171
-2.06945 -0.175658
-2.93868 2.47044
-1.52592 4.16147
-1.95868 -0.425328
-3.21146 0.928505
-1.15994 2.08745
-2.50573 0.834506
-2.97683 2.58962
-1.50028 3.8938
-2.18648 -1.52118
-2.20385 5.93077
-1.71954 3.3516
-2.34147 -1.4773
-1.96833 5.85616
-2.04783 4.01618
-1.95253 3.01023
-2.27484 -0.902119
-3.02352 4.16751
-1.29495 1.58169
-2.31036 1.58837
-1.89012 1.164
-2.06149 1.33546
-2.04638 0.8754
-1.97577 1.67838
-2.16434 0.493053
-2.04145 2.6823
-2.23713 -0.56294
-3.2575 1.62636
-1.16507 1.3664
-2.3314 1.98534
-1.8711 1.06252
-2.0491 1.54154
-2.10053 0.602256
-1.99096 2.31357
-2.27327 -0.261982
-3.17049 1.51828
-1.23199 2.53065
-2.58406 -0.100376
-2.73815 5.04816
-1.48822 2.79774
-2.52477 -0.699471
-2.39226 5.66095
-1.73117 3.51281
-2.2818 -1.45768
-2.13724 5.90278
-1.8342 3.65376
-2.15214 -0.951661
-3.13131 3.57294
-1.25169 1.19904
-2.2917 2.21331
-1.921 0.638215
-2.04782 2.33726
-2.23409 -0.278705
-3.14984 1.57875
-1.25725 2.74207
-2.59356 -0.62794
-2.10749 5.74113
-2.06971 4.13392
-2.51418 3.64388
-2.38385 5.22104
-2.06525 4.4116
-2.98306 3.26165
-1.49867 3.49624
-2.35786 -1.90909
-1.3972 5.28589
-2.5636 3.99143
-2.01863 5.03135
-2.53749 4.70177
-1.98371 4.55116
-2.9624 3.34006
-1.52664 3.60063
-2.31106 -1.87378
-1.50432 5.47785
-2.48467 4.10933
-2.15514 5.13242
-2.33811 4.75172
-2.20499 4.91226
-2.34109 4.88649
-2.17871 4.80311
-2.43232 4.91089
-2.07772 4.62319
-2.79885 4.28518
-1.67765 3.83276
-2.15997 -1.17525
-2.82909 5.01656
-1.35582 1.82668
-2.3554 1.17688
-1.89591 2.17658
-2.30399 -0.0261262
-2.99912 2.35798
-1.46325 3.81938
-2.22676 -1.77042
-1.75706 5.79577
-2.18988 4.1045
-3.00866 3.03084
-1.47018 3.45239
-2.38015 -1.92414
-1.34968 5.18829
-2.56753 3.93574
-2.02544 5.06048
-2.51332 4.71364
-2.00924 4.6066
-2.92059 3.72181
-1.55884 3.58595
-2.31112 -1.81522
-1.57338 5.56649
-2.43089 4.15419
-2.27855 5.15857
-2.2039 4.64656
-2.49488 4.91781
-2.00441 4.4662
-2.96196 3.19072
-1.53383 3.70987
-2.26523 -1.78593
-1.68122 5.70945
-2.29669 4.15974
-2.75862 4.5361
-1.68404 3.76077
-2.19687 -1.31221
-2.5471 5.6292
-1.48709 2.55314
-2.50588 -0.174121
-3.07214 3.70417
-1.29113 1.86245
-2.38788 1.17148
-1.94657 2.57028
-2.31645 -0.541834
-3.23163 2.27166
-1.19605 1.35812
-2.31664 1.98743
-1.89117 0.914145
-2.02928 1.78561
-2.16589 0.316608
-2.19885 3.10368
-1.88347 0.503351
-2.13178 2.70508
-2.12835 -0.319984
-3.12563 1.61865
-1.28554 2.97431
-2.567 -1.22455
-1.60008 5.42798
-2.57559 4.15852
-1.97116 4.87149
-2.72191 4.41774
-1.78129 4.12381
-1.80564 0.56159
-2.15588 2.69812
-2.09368 -0.214862
-2.99799 2.24567
-1.45554 3.85444
-2.21163 -1.71251
-1.86189 5.87305
-2.06812 3.99583
-2.00947 3.16692
-2.17907 -0.730192
-3.2542 2.13055
-1.18391 1.12092
-2.3369 2.3597
-1.83616 1.19548
-2.08047 1.37826
-2.04727 0.809094
-1.97445 1.81917
-2.19842 0.323074
-2.21916 3.15686
-1.82405 0.911078
-2.05284 1.91442
-2.17816 0.159517
-2.42959 3.31335
-3.06996 2.89762
-1.37788 2.96944
-2.54641 -1.13241
-1.76413 5.61793
-2.40731 4.27555
-2.26499 5.12643
-2.2241 4.69011
-2.41949 4.96289
-2.08491 4.6022
-2.80809 4.26001
-1.66633 3.8022
-2.18332 -1.28407
-2.61677 5.51919
-1.4479 2.36046
-2.48081 0.22827
-3.1916 1.8246
-1.22108 2.19753
-2.51359 0.62681
-3.12219 2.03224
-1.30961 2.91524
-2.57055 -1.04599
-1.76363 5.60078
-2.42346 4.28322
-2.21983 5.1134
-2.27363 4.73925
-2.30385 4.96796
-2.20826 4.78298
-2.39279 4.93891
-2.11685 4.67566
-2.65996 4.65144
-1.8297 4.1622
-1.74615 1.28037
-2.11776 1.4095
-2.03388 0.770093
-1.98046 1.91182
-2.21617 0.206728
-2.40846 3.32675
-3.05129 2.74747
-1.41346 3.26088
-2.46397 -1.74107
-1.37906 5.17423
-2.61297 3.91364
-1.94394 4.93277
-2.7041 4.4329
-1.80567 4.19394
-1.74285 1.31531
-2.12593 1.36142
-2.01882 0.841427
-1.98409 1.76636
-2.18227 0.376735
-2.14519 3.00846
-2.02957 -0.128621
-2.86915 2.68248
-1.61047 4.48627
-1.83011 2.66073
-2.38525 -0.624321
-3.07225 3.80902
-1.28175 1.65197
-2.3322 1.49331
-1.86969 1.45988
-2.13652 0.927372
-1.94601 1.59346
-2.15273 0.636191
-1.9729 2.28983
-2.28201 -0.229001
-3.15696 1.5919
-1.25025 2.66562
-2.5928 -0.431484
-2.33061 5.66881
-1.8323 3.76779
-2.08131 -0.702195
-3.28104 1.49401
-1.15291 1.06777
-2.36639 2.44078
-1.81633 1.78631
-2.23728 0.587302
-2.01749 2.66906
-2.26021 -0.590454
-3.25078 1.94414
-1.17887 1.30311
-2.32235 2.07889
-1.87993 0.944808
-2.03447 1.74489
-2.15439 0.361409
-2.14479 2.98715
-2.03787 -0.151027
-2.90309 2.57963
-1.56767 4.33266
-1.74919 0.885616
-2.08515 2.11236
-2.18438 -0.0432841
-2.79221 2.94992
-1.7237 4.78211
-2.86861 3.43205
-1.64832 4.14384
-1.90291 -0.0869385
-2.88468 2.57664
-1.587 4.4384
-1.74149 2.01765
-2.31655 0.404325
-2.36643 3.36007
-2.88275 3.08746
-1.62004 4.24436
-1.80828 0.426371
-2.25699 2.95862
-1.83121 0.935268
-2.05042 1.85284
-2.16807 0.229117
-2.31298 3.25141
-2.06481 3.22363
-2.08162 -0.413433
-3.18967 1.20204
-1.19528 2.34502
-2.56107 0.318212
-3.13639 3.09756
-1.26401 1.89737
-2.40816 1.13297
-2.02573 2.89648
-2.2264 -0.694608
-3.24273 2.26304
-1.19141 1.19293
-2.32156 2.24686
-1.86926 0.941229
-2.03775 1.77079
-2.15832 0.329085
-2.18033 3.06485
-1.93822 0.231655
-2.34567 3.15668
-2.19698 3.44159
-1.77882 1.72317
-2.22744 0.731165
-1.94784 2.26222
-2.29275 -0.181763
-3.13471 1.71289
-1.28119 2.87258
-2.58192 -0.957788
-1.80882 5.62998
-2.3847 4.29689
-2.31193 5.1205
-2.17592 4.63953
-2.56457 4.83374
-1.92984 4.33909
-2.38834 3.67589
-2.96941 3.74994
-1.45959 3.10358
-2.49966 -1.38673
-1.64446 5.53007
-2.49394 4.20852
-2.096 5.04966
-2.43157 4.78707
-2.09071 4.73282
-2.65524 4.64111
-1.83962 4.19514
-1.74324 1.67965
-2.22176 0.848608
-1.9229 1.95851
-2.24981 0.213722
-2.46589 3.34528
-2.96881 3.81725
-1.44704 3.01252
-2.521 -1.19436
-1.78797 5.65459
-2.36619 4.26937
-2.3878 5.10303
-2.09526 4.53055
-2.86666 4.05021
-1.60187 3.63831
-2.28042 -1.69885
-1.77585 5.78233
-2.21086 4.13586
-3.00561 3.30599
-1.45632 3.25678
-2.45694 -1.68639
-1.44392 5.2884
-2.60892 3.99411
-1.94042 4.88755
-2.74794 4.33117
-1.75577 4.08075
-1.87547 0.121294
-2.57302 3.13942
-2.54851 5.1179
-1.84979 4.02199
-1.82925 0.454025
-2.2121 2.88339
-1.94338 0.272695
-2.29031 3.10237
-1.80558 2.02742
-2.3028 0.291994
-2.49201 3.36353
-2.81847 4.47254
-1.57938 3.4009
-2.37642 -1.72345
-1.56688 5.51817
-2.48152 4.15203
-2.14351 5.11178
-2.35603 4.76732
-2.17897 4.87771
-2.39242 4.89606
-2.12204 4.71391
-2.61065 4.73452
-1.88598 4.27741
-1.9427 3.02371
-2.28053 -0.927606
-2.98073 4.37692
-1.31128 1.6805
-2.32885 1.42924
-1.87154 1.51314
-2.15039 0.852108
-1.93983 1.77139
-2.19996 0.421587
-2.11507 2.94982
-2.09986 -0.351665
-3.14665 1.47166
-1.25418 2.78685
-2.59392 -0.750643
-1.97228 5.7152
-2.21862 4.26059
-2.88592 4.05
-1.56376 3.48232
-2.35044 -1.79667
-1.5303 5.48763
-2.49284 4.12565
-2.12802 5.10811
-2.37421 4.76899
-2.15666 4.84992
-2.44189 4.88449
-2.07042 4.62657
-2.80912 4.24706
-1.66743 3.8112
-2.17779 -1.26045
-2.66514 5.42751
-1.42416 2.23526
-2.45624 0.471872
-2.99228 2.4867
-1.47869 3.82722
-2.22182 -1.72313
-1.8321 5.85071
-2.10724 4.03898
-2.45516 3.64915
-2.68892 4.79819
-1.72566 3.80093
-2.15052 -1.08022
-2.98048 4.44969
-1.30375 1.48613
-2.28744 1.72546
-1.92409 0.864648
-2.01684 1.83179
-2.18203 0.270779
-2.26879 3.21402
-1.80409 2.05573
-2.31003 0.256704
-2.57685 3.32167
-2.35187 5.28352
-2.08316 4.40557
-2.98064 3.35299
-1.49552 3.44035
-2.38088 -1.87682
-1.39461 5.26488
-2.57647 3.97739
-1.99706 5.00355
-2.58212 4.65276
-1.93714 4.45973
-2.8192 3.36172
-1.69524 4.43076
-1.83778 2.66883
-2.38141 -0.639206
-3.06794 3.83942
-1.28335 1.65437
-2.33221 1.48863
-1.86968 1.4658
-2.1381 0.919276
-1.94501 1.61189
-2.15782 0.613979
-1.98031 2.35597
-2.28384 -0.30653
-3.20253 1.41249
-1.19515 2.17359
-2.51667 0.673076
-3.1131 2.0716
-1.3223 2.99243
-2.55595 -1.23454
-1.62622 5.4687
-2.54593 4.19012
-2.01001 4.93371
-2.61401 4.63499
-1.89958 4.36676
-2.33206 3.65957
-3.03618 2.85489
-1.4338 3.33058
-2.43461 -1.83165
-1.34983 5.14567
-2.58701 3.90723
-1.99236 5.02252
-2.57593 4.65179
-1.94457 4.48046
-2.87727 3.27107
-1.63439 4.18495
-1.8657 0.0938973
-2.62929 3.08574
-2.24577 5.34483
-2.18805 4.50371
-2.67904 4.66173
-1.79484 4.05764
-1.85755 0.244916
-2.4105 3.15284
-2.91042 3.002
-1.58889 4.13126
-1.95888 -0.38589
-3.18742 1.07731
-1.18907 2.36978
-2.56891 0.260641
-3.08636 3.524
-1.29177 1.97954
-2.42327 0.987773
-2.19828 3.2734
-1.81111 0.984553
-2.05913 1.79606
-2.15168 0.291071
-2.22023 3.13024
-1.83243 0.847989
-2.05196 2.02701
-2.19754 0.036973
-2.66954 3.17586
-2.00703 5.23148
-2.46109 4.64676
-2.0699 4.78707
-2.64209 4.64731
-1.85827 4.24484
-1.8 2.38163
-2.37528 -0.192056
-3.21798 1.59773
-1.18919 1.93271
-2.44764 1.10345
-2.26726 3.37384
-1.93318 2.86208
-2.31227 -0.838707
-3.02165 4.15427
-1.29784 1.64198
-2.32374 1.49653
-1.87537 1.38054
-2.11462 1.02907
-1.96448 1.377
-2.09148 0.901983
-1.96135 1.61754
-2.15408 0.586029
-1.99123 2.42081
-2.28106 -0.378181
-3.229 1.39375
-1.17248 1.83841
-2.42652 1.26021
-2.04097 2.96624
-2.19603 -0.658949
-3.26224 1.81365
-1.17039 1.2053
-2.33049 2.23283
-1.85751 1.04482
-2.05052 1.5975
-2.11295 0.531007
-2.01759 2.50568
-2.26414 -0.453565
-3.24441 1.43594
-1.16416 1.61856
-2.37182 1.60229
-1.8534 1.77649
-2.22603 0.540301
-2.03977 2.7431
-2.23322 -0.600489
-3.25774 1.7719
-1.17035 1.29559
-2.32629 2.09305
-1.87357 0.984719
-2.03943 1.67971
-2.13733 0.436353
-2.0753 2.77842
-2.19029 -0.526372
-3.25203 1.26969
-1.15274 1.54936
-2.36215 1.7104
-1.85007 1.56141
-2.16809 0.823042
-1.93603 1.86715
-2.22426 0.309145
-2.27098 3.23957
-1.8201 2.2299
-2.34241 -0.00205391
-3.06174 2.1101
-1.38439 3.43248
-2.39776 -2.03181
-1.23068 4.94217
-2.35032 3.8425
-2.93839 3.89045
-1.49315 3.22153
-2.4593 -1.58886
-1.53656 5.42337
-2.55896 4.11075
-2.00214 4.9564
-2.60807 4.63404
-1.90739 4.38903
-2.46516 3.68548
-2.59153 4.98467
-1.83456 4.03592
-1.83384 0.413315
-2.24353 2.95355
-1.85615 0.735876
-2.05613 2.2234
-2.21889 -0.165059
-3.02266 2.20731
-1.43013 3.69793
-2.27952 -2.00214
-1.4021 5.34841
-2.51539 4.02737
-2.11463 5.12692
-2.38349 4.75528
-2.14755 4.84626
-2.45905 4.87392
-2.05289 4.59781
-2.87059 4.00388
-1.60383 3.6639
-2.26951 -1.67301
-1.8312 5.82626
-2.14394 4.08729
-2.85928 3.22167
-1.64964 4.30352
-1.74252 1.06173
-2.0864 1.78595
-2.13261 0.299769
-2.20172 3.08743
-1.88484 0.50127
-2.13209 2.70779
-2.12749 -0.318937
-3.12443 1.6248
-1.2872 2.98473
-2.56472 -1.25019
-1.58332 5.40813
-2.58814 4.13768
-1.95614 4.84854
-2.76355 4.30291
-1.73569 4.02605
-1.95491 -0.269838
-3.0912 1.68971
-1.32545 3.26812
-2.473 -1.86609
-1.25872 4.93314
-2.395 3.8495
-2.7432 4.63353
-1.6804 3.71418
-2.22141 -1.40496
-2.34524 5.84219
-1.62468 3.08763
-2.44826 -1.27274
-1.94519 5.79239
-2.14723 4.15241
-2.96712 3.03982
-1.52825 3.76308
-2.24356 -1.72841
-1.79306 5.81395
-2.16498 4.09413
-2.95301 3.04351
-1.54556 3.85576
-2.19694 -1.50769
-2.21113 5.92392
-1.71897 3.35404
-2.34098 -1.47936
-1.96649 5.8558
-2.04947 4.01796
-1.96543 3.04963
-2.25556 -0.885204
-3.07646 3.8753
-1.27423 1.44716
-2.29269 1.80698
-1.92191 0.829613
-2.01796 1.90822
-2.19704 0.181579
-2.41858 3.32017
-3.06549 2.79027
-1.39032 3.0972
-2.51838 -1.42678
-1.55036 5.39948
-2.58539 4.10934
-1.96242 4.87814
-2.72783 4.39729
-1.77575 4.11557
-1.81885 0.465738
-2.21214 2.87424
-1.94639 0.262196
-2.30044 3.11648
-1.83501 2.31978
-2.35236 -0.145183
-3.18206 1.57544
-1.2226 2.38849
-2.56107 0.229379
-3.102 3.41297
-1.28254 1.93499
-2.41291 1.06385
-2.08658 3.06125
-2.10956 -0.437004
-3.20566 1.15491
-1.17866 2.16061
-2.51939 0.697064
-3.11228 2.07966
-1.3236 2.99778
-2.55467 -1.24695
-1.61824 5.46
-2.5522 4.18184
-2.00178 4.92238
-2.63464 4.60094
-1.87724 4.32239
-2.04811 3.30202
-2.07232 -0.414281
-3.18999 1.18954
-1.19421 2.34171
-2.56069 0.325171
-3.13973 3.06327
-1.26209 1.89432
-2.40795 1.13873
-2.0219 2.8847
-2.23231 -0.700811
-3.23716 2.3562
-1.19585 1.19809
-2.31883 2.2375
-1.87432 0.908089
-2.03481 1.82712
-2.17173 0.265188
-2.26675 3.20593
-1.79831 1.97266
-2.29106 0.375301
-2.3258 3.32403
-2.36584 3.5872
-3.05423 2.93985
-1.40148 3.09895
-2.5154 -1.42107
-1.56417 5.42028
-2.57295 4.12771
-1.97818 4.90247
-2.68461 4.49977
-1.82326 4.21529
-1.74218 1.68946
-2.22476 0.837464
-1.92415 1.99555
-2.25735 0.166722
-2.56475 3.30819
-2.43417 5.22927
-1.98963 4.27405
-2.49365 3.66526
-2.46523 5.15339
-1.97555 4.28271
-2.43796 3.67429
-2.7493 4.64263
-1.66385 3.65529
-2.25408 -1.52986
-2.07727 5.91762
-1.87562 3.7256
-2.06223 -0.588291
-3.26683 1.02161
-1.13441 1.3743
-2.34626 1.98058
-1.85376 1.233
-2.08423 1.2869
-2.0251 0.940954
-1.98774 1.559
-2.13015 0.630216
-1.97709 2.27085
-2.2774 -0.209141
-3.13776 1.68283
-1.27618 2.84764
-2.58521 -0.895354
-1.8596 5.66375
-2.33383 4.2979
-2.46419 5.04208
-2.0153 4.41856
-2.94678 3.15832
-1.55434 3.83424
-2.20572 -1.53437
-2.15292 5.93451
-1.77454 3.49605
-2.26548 -1.35024
-2.35028 5.81943
-1.64018 3.15501
-2.42808 -1.37033
-1.87966 5.77189
-2.20514 4.18608
-2.98429 3.48862
-1.47379 3.27508
-2.44689 -1.69833
-1.45282 5.30994
-2.6001 4.01125
-1.95169 4.90396
-2.71898 4.40834
-1.78746 4.14802
-1.77911 0.782068
-2.08645 2.26916
-2.19705 -0.187809
-3.02621 2.17847
-1.42465 3.67981
-2.28724 -2.02593
-1.36821 5.28818
-2.52493 3.9941
-2.10471 5.12832
-2.39397 4.75218
-2.13569 4.83145
-2.48857 4.85494
-2.02211 4.5437
-2.95204 3.52583
-1.52767 3.52412
-2.34169 -1.87159
-1.46093 5.39633
-2.53192 4.06403
-2.06323 5.06417
-2.46555 4.75633
-2.05702 4.68634
-2.76896 4.361
-1.71437 3.92922
-2.06628 -0.753512
-3.27974 1.74398
-1.16413 0.975013
-2.39615 2.56685
-1.91602 2.68916
-2.33582 -0.677571
-3.13352 3.40788
-1.25302 1.46264
-2.30378 1.79713
-1.90696 0.91785
-2.02421 1.75178
-2.16101 0.359806
-2.14948 3.00265
-2.02376 -0.104366
-2.8308 2.78726
-1.66408 4.65444
-2.52171 3.721
-2.28154 5.24634
-2.18014 4.55967
-2.63641 4.73579
-1.84578 4.16884
-1.74243 1.50805
-2.17386 1.0817
-1.9431 1.34733
-2.09004 0.972684
-1.96776 1.47607
-2.11569 0.761887
-1.95512 1.93626
-2.23232 0.203208
-2.44453 3.3386
-3.04373 3.27859
-1.39024 2.88762
-2.55197 -0.924426
-1.97561 5.74376
-2.18545 4.22119
-2.98809 3.43541
-1.47354 3.29482
-2.44014 -1.72986
-1.43537 5.28741
-2.60208 3.9926
-1.95091 4.91121
-2.71366 4.41915
-1.7937 4.16273
-1.76375 0.946678
-2.0754 1.96177
-2.17121 0.106927
-2.50951 3.30118
-2.78461 4.58877
-1.60883 3.4765
-2.34072 -1.71747
-1.64238 5.62742
-2.38964 4.1861
-2.38489 5.12341
-2.09385 4.5156
-2.88493 3.97021
-1.58316 3.5926
-2.30319 -1.76435
-1.64967 5.65678
-2.35573 4.17638
-2.5145 5.01469
-1.95243 4.30087
-2.36684 3.66535
-3.03235 3.27333
-1.41152 3.01894
-2.5297 -1.22942
-1.71885 5.58772
-2.44192 4.25577
-2.18963 5.10842
-2.30673 4.75948
-2.24643 4.93785
-2.28008 4.85693
-2.25714 4.8917
-2.27805 4.88284
-2.25364 4.87474
-2.2872 4.8961
-2.23958 4.85717
-2.31188 4.91236
-2.20782 4.819
-2.37517 4.92861
-2.13676 4.71549
-2.57876 4.78693
-1.92025 4.33957
-2.33512 3.65747
-3.04014 2.86344
-1.42748 3.28935
-2.4512 -1.77413
-1.37287 5.17362
-2.60564 3.91583
-1.95601 4.95583
-2.66992 4.5059
-1.84326 4.27291
-1.81445 2.48356
-2.382 -0.356592
-3.22651 2.17664
-1.19697 1.51137
-2.33563 1.75237
-1.86887 1.23225
-2.08067 1.26185
-2.02135 0.979229
-1.99319 1.48817
-2.11036 0.716772
-1.96199 2.0384
-2.24985 0.074067
-2.7084 3.13932
-1.88993 5.09203
-2.64652 4.47126
-1.87766 4.39748
-2.34292 3.66882
-3.04865 2.94473
-1.4104 3.15072
-2.4998 -1.52657
-1.50164 5.34435
-2.60706 4.05058
-1.93781 4.85235
-2.78325 4.23264
-1.71584 3.98882
-2.01133 -0.525509
-3.25011 0.866667
-1.13279 1.60168
-2.38197 1.63574
-1.85353 1.88441
-2.25419 0.403392
-2.20275 3.1652
-1.84883 0.704748
-2.06707 2.30581
-2.21627 -0.237184
-3.09929 1.83197
-1.32711 3.18005
-2.50569 -1.68145
-1.34998 5.08602
-2.60219 3.86945
-1.97083 5.00129
-2.61709 4.59233
-1.90131 4.39598
-2.46059 3.68703
-2.61392 4.94577
-1.80973 3.98644
-1.91372 -0.0308164
-2.78308 2.85527
-1.74716 4.88332
-2.88012 3.64138
-1.63149 3.94045
-2.11264 -1.02467
-3.08482 3.91636
-1.2683 1.22684
-2.28195 2.1592
-1.94045 0.567737
-2.06297 2.4767
-2.22484 -0.386273
-3.20953 1.30268
-1.18358 2.10277
-2.50078 0.80696
-2.96504 2.62607
-1.51391 3.95546
-2.14767 -1.31017
-2.6215 5.52574
-1.43789 2.28625
-2.46561 0.371256
-3.10391 2.03421
-1.33232 3.09177
-2.53163 -1.47119
-1.47386 5.27721
-2.63966 3.99078
-1.89908 4.78491
-2.88124 3.82864
-1.61308 3.77319
-2.21902 -1.50057
-2.18767 5.92125
-1.75115 3.44448
-2.29632 -1.42848
-2.15171 5.89423
-1.82898 3.648
-2.15994 -0.984445
-3.08972 3.85493
-1.26714 1.28462
-2.28155 2.06685
-1.94353 0.595362
-2.05061 2.40691
-2.23487 -0.340652
-3.19068 1.38292
-1.20473 2.31973
-2.55164 0.375904
-3.17313 2.65519
-1.24093 1.88199
-2.41214 1.16819
-2.02327 2.89484
-2.22922 -0.700474
-3.23914 2.32624
-1.19438 1.1941
-2.31998 2.24418
-1.87193 0.922439
-2.03605 1.80288
-2.16603 0.292583
-2.22744 3.14999
-1.81406 1.0158
-2.06029 1.73164
-2.13766 0.36527
-2.13523 2.95175
-2.06631 -0.238415
-3.02583 2.10438
-1.41928 3.69794
-2.27972 -2.02152
-1.38118 5.31476
-2.51964 4.00843
-2.11202 5.13029
-2.38535 4.75271
-2.14569 4.84531
-2.46271 4.87149
-2.04913 4.59154
-2.88272 3.94768
-1.59172 3.63652
-2.28369 -1.72308
-1.73687 5.74948
-2.25402 4.1562
-2.90494 3.98781
-1.5396 3.40072
-2.38683 -1.77935
-1.48521 5.40127
-2.54737 4.07529
-2.02952 5.01545
-2.53264 4.71697
-1.98772 4.55134
-2.96226 3.35862
-1.52561 3.58703
-2.31673 -1.87855
-1.49058 5.4553
-2.4978 4.09732
-2.12808 5.11687
-2.37161 4.76347
-2.16055 4.85827
-2.43091 4.88753
-2.08194 4.64716
-2.76386 4.39191
-1.71617 3.92271
-2.07025 -0.768153
-3.27651 1.8501
-1.16908 0.965003
-2.39827 2.58
-1.9345 2.77021
-2.31951 -0.755027
-3.0957 3.70358
-1.26881 1.50517
-2.30464 1.72215
-1.90282 0.986988
-2.03084 1.62529
-2.12884 0.508254
-2.0284 2.5824
-2.2544 -0.510406
-3.25267 1.54061
-1.16393 1.46932
-2.34332 1.82843
-1.86082 1.26199
-2.08907 1.22943
-2.01064 1.02866
-2.00347 1.40556
-2.08608 0.81802
-1.96134 1.79513
-2.19799 0.366489
-2.16876 3.06893
-1.95993 0.131342
-2.47083 3.21539
-3.04251 3.32643
-1.38669 2.84599
-2.55542 -0.823545
-2.07893 5.76408
-2.07381 4.12241
-2.50201 3.64702
-2.44154 5.17803
-2.00111 4.32037
-2.72175 3.48483
-1.81204 4.80519
-2.90548 3.57118
-1.59906 3.83136
-2.19456 -1.42191
-2.36142 5.84116
-1.60172 2.99984
-2.4714 -1.12319
-2.0633 5.81045
-2.03314 4.04305
-1.94693 2.99662
-2.28204 -0.907264
-3.00321 4.26755
-1.30296 1.63495
-2.32011 1.50307
-1.87824 1.34177
-2.10424 1.08032
-1.97632 1.27941
-2.06419 1.02923
-1.98479 1.37164
-2.08393 0.885197
-1.96317 1.6511
-2.16199 0.541582
-2.01267 2.55161
-2.26814 -0.498682
-3.25123 1.59281
-1.16664 1.47125
-2.34239 1.82464
-1.86178 1.25404
-2.08707 1.24007
-2.01378 1.01214
-2.00004 1.43299
-2.09411 0.78381
-1.95996 1.87362
-2.21662 0.273207
-2.30877 3.27271
-2.068 3.23231
-2.07268 -0.383996
-3.16947 1.30947
-1.22093 2.56277
-2.59202 -0.186035
-2.60096 5.34257
-1.58991 3.15446
-2.44714 -1.40128
-1.7828 5.69581
-2.32217 4.23599
-2.57017 4.92742
-1.89471 4.20863
-1.81824 2.48344
-2.38034 -0.36004
-3.22702 2.16913
-1.19653 1.50928
-2.33545 1.75573
-1.86905 1.22791
-2.07968 1.26835
-2.0232 0.969486
-1.99142 1.50527
-2.11529 0.696092
-1.96417 2.09209
-2.25851 0.00832725
-2.84093 2.86308
-1.65183 4.56449
-2.15096 3.52908
-1.77685 1.35111
-2.12721 1.24492
-1.99447 1.01587
-2.00681 1.44478
-2.09461 0.761182
-1.96137 1.92546
-2.2274 0.209485
-2.42453 3.33486
-3.06888 2.893
-1.37994 2.9848
-2.54356 -1.16863
-1.73566 5.59425
-2.43414 4.26589
-2.20306 5.11183
-2.29166 4.75049
-2.2714 4.95408
-2.24697 4.82679
-2.31175 4.92777
-2.20558 4.80672
-2.38486 4.93137
-2.12615 4.69647
-2.61903 4.72551
-1.87558 4.25409
-1.85396 2.68349
-2.37282 -0.665107
-3.06455 3.86706
-1.28427 1.64753
-2.33014 1.49815
-1.87101 1.43502
-2.12967 0.959541
-1.95086 1.52163
-2.13259 0.722948
-1.95564 2.04512
-2.25404 0.0721225
-2.7221 3.11814
-1.8568 5.04093
-2.71316 4.33354
-1.80624 4.24731
-1.74499 1.81554
-2.26028 0.667179
-1.98968 2.57522
-2.286 -0.53518
-3.2481 1.90022
-1.17861 1.37016
-2.32545 1.97528
-1.87922 1.00421
-2.03962 1.63329
-2.12658 0.492746
-2.03719 2.61954
-2.24512 -0.527761
-3.25463 1.54165
-1.16305 1.44065
-2.33975 1.87233
-1.86379 1.1989
-2.07478 1.32365
-2.03766 0.888271
-1.9794 1.65627
-2.15753 0.516451
-2.02583 2.60785
-2.25582 -0.533497
-3.25431 1.63706
-1.16684 1.40884
-2.33431 1.91973
-1.86912 1.11807
-2.05827 1.44825
-2.07416 0.719895
-1.97189 2.01682
-2.24112 0.0905834
-2.65857 3.20829
-2.03518 5.2504
-2.4273 4.65361
-2.10815 4.85052
-2.52222 4.81102
-1.98879 4.49444
-2.95944 3.21068
-1.53687 3.71502
-2.26259 -1.7735
-1.70184 5.73013
-2.27402 4.15415
-2.84554 4.24579
-1.59572 3.5427
-2.31949 -1.74947
-1.64077 5.63807
-2.37603 4.18001
-2.4373 5.09041
-2.03729 4.43449
-2.97615 3.20614
-1.51261 3.59326
-2.31618 -1.90168
-1.46541 5.41983
-2.51267 4.0752
-2.10187 5.10128
-2.40581 4.76638
-2.12068 4.79919
-2.53873 4.81216
-1.96842 4.44494
-2.88123 3.25409
-1.62973 4.17242
-1.88366 -0.0027203
-2.76832 2.8742
-1.77885 4.95316
-2.83364 3.91758
-1.67845 3.9967
-2.03495 -0.653252
-3.2829 1.14963
-1.13659 1.13155
-2.3584 2.34831
-1.81972 1.52551
-2.16433 0.922361
-1.93528 1.64296
-2.16882 0.587556
-1.99139 2.44702
-2.28225 -0.40575
-3.23711 1.43187
-1.1685 1.72042
-2.39523 1.44569
-1.88905 2.26932
-2.32215 -0.137992
-3.14059 1.71297
-1.27457 2.81359
-2.58762 -0.805407
-1.94407 5.70809
-2.24491 4.27171
-2.79486 4.40044
-1.65422 3.70652
-2.23551 -1.49282
-2.17179 5.91779
-1.7746 3.50681
-2.26141 -1.34378
-2.37004 5.80557
-1.62345 3.10057
-2.44624 -1.29471
-1.92264 5.78376
-2.17065 4.16984
-3.00804 3.09388
-1.46838 3.41311
-2.39639 -1.89043
-1.35725 5.18919
-2.57752 3.93345
-2.00516 5.03261
-2.55372 4.67913
-1.96751 4.52413
-2.95315 3.22628
-1.54526 3.74961
-2.24646 -1.70967
-1.81563 5.82789
-2.14329 4.07877
-2.83776 3.26191
-1.67242 4.39179
-1.75296 2.08509
-2.33085 0.294507
-2.59644 3.31428
-2.25292 5.31307
-2.19134 4.52794
-2.64257 4.73261
-1.83654 4.14501
-1.75006 1.20561
-2.1026 1.52221
-2.06746 0.616413
-1.99489 2.26674
-2.26607 -0.211214
-3.12683 1.72849
-1.29083 2.94648
-2.57057 -1.14558
-1.66367 5.50113
-2.52093 4.22497
-2.04346 4.97397
-2.53879 4.73174
-1.97926 4.52062
-2.96035 3.24093
-1.53467 3.68834
-2.27402 -1.80601
-1.64181 5.66513
-2.34175 4.16516
-2.58002 4.92614
-1.87886 4.17054
-1.75535 1.91204
-2.28508 0.523453
-2.13151 3.05279
-2.03795 -0.177893
-2.9442 2.43456
-1.51809 4.1391
-1.98741 -0.560753
-3.2658 0.834954
-1.12487 1.39115
-2.3521 1.95658
-1.84897 1.31106
-2.10303 1.17548
-1.99342 1.11663
-2.02398 1.26857
-2.046 0.99715
-1.98698 1.43836
-2.09992 0.790309
-1.9578 1.86131
-2.21471 0.290453
-2.28186 3.24613
-1.86041 2.5132
-2.36326 -0.437683
-3.22334 2.31793
-1.20125 1.44632
-2.32346 1.84948
-1.88293 1.0475
-2.04378 1.54778
-2.1045 0.597245
-1.99184 2.329
-2.2741 -0.279135
-3.18148 1.47122
-1.2183 2.41414
-2.568 0.17015
-3.04289 3.82528
-1.3137 2.05451
-2.4386 0.85327
-2.43583 3.44136
-3.00385 3.577
-1.42302 2.96759
-2.53444 -1.10221
-1.84299 5.68658
-2.31733 4.27211
-2.54636 4.95427
-1.9236 4.26472
-2.06339 3.32428
-2.03578 -0.281383
-3.07869 1.81586
-1.34717 3.35415
-2.43493 -1.98403
-1.22137 4.88807
-2.27787 3.78684
-2.98355 2.92353
-1.50652 3.7097
-2.26913 -1.84399
-1.60025 5.6227
-2.37674 4.15688
-2.45778 5.07788
-2.01362 4.39582
-2.92113 3.17698
-1.58502 3.98564
-2.10118 -1.01831
-3.10005 3.82673
-1.263 1.18294
-2.28776 2.23335
-1.92629 0.603113
-2.0567 2.41197
-2.22976 -0.339847
-3.18739 1.39025
-1.20828 2.35714
-2.55917 0.295228
-3.13437 3.12247
-1.26492 1.89303
-2.40652 1.1393
-2.01623 2.86529
-2.24102 -0.707177
-3.22886 2.47984
-1.20185 1.21001
-2.31478 2.21691
-1.88249 0.86067
-2.03177 1.90893
-2.18962 0.173195
-2.42182 3.31738
-3.06791 2.81385
-1.38551 3.0559
-2.529 -1.33516
-1.6108 5.46986
-2.54266 4.17748
-2.01708 4.95224
-2.59027 4.66715
-1.92542 4.41937
-2.66622 3.56734
-1.90116 4.9842
-2.71205 4.37857
-1.80222 4.21037
-1.73977 1.42754
-2.15323 1.20025
-1.97168 1.11098
-2.0295 1.30333
-2.05199 0.940996
-1.97849 1.54346
-2.12945 0.6605
-1.96888 2.19407
-2.2722 -0.115513
-3.04199 2.15266
-1.40751 3.57262
-2.33392 -2.08355
-1.26059 5.0577
-2.45479 3.90032
-2.40645 5.16562
-2.05473 4.4243
-2.98112 3.24938
-1.50259 3.52177
-2.34685 -1.91326
-1.40899 5.31284
-2.55522 4.00861
-2.03102 5.04259
-2.51573 4.72153
-2.00599 4.5934
-2.93341 3.63984
-1.54691 3.56597
-2.32142 -1.84109
-1.52652 5.50103
-2.4758 4.12527
-2.17004 5.13669
-2.32125 4.74499
-2.22973 4.93495
-2.3016 4.86717
-2.22781 4.86537
-2.32572 4.9101
-2.19257 4.80405
-2.40803 4.92351
-2.1024 4.66084
-2.70656 4.54787
-1.77825 4.05622
-1.87752 0.12596
-2.56311 3.14682
-2.60701 5.02382
-1.78516 3.8918
-2.03277 -0.557974
-3.25977 0.918008
-1.13153 1.47415
-2.35882 1.82939
-1.84806 1.44448
-2.13694 0.984818
-1.95005 1.47869
-2.12166 0.781011
-1.95181 1.89721
-2.22514 0.253909
-2.35106 3.30746
-2.62322 3.5098
-2.0289 5.18253
-2.4569 4.68544
-2.07152 4.76458
-2.6606 4.6175
-1.83659 4.19762
-1.74279 1.66915
-2.21884 0.863266
-1.9216 1.91439
-2.24036 0.269535
-2.35641 3.31786
-2.7073 3.4115
-1.84285 4.91702
-2.8211 4.02884
-1.68539 3.97021
-2.05371 -0.726187
-3.28445 1.54471
-1.15475 0.996578
-2.39144 2.53814
-1.88227 2.51269
-2.35205 -0.451648
-3.22859 2.23475
-1.19685 1.43484
-2.32387 1.86894
-1.88247 1.03959
-2.04286 1.56282
-2.1085 0.57868
-1.99778 2.37933
-2.27402 -0.334003
-3.2092 1.38171
-1.18777 2.09605
-2.49716 0.819297
-2.93278 2.73123
-1.55093 4.11153
-2.00174 -0.602747
-3.27628 0.930456
-1.12702 1.24719
-2.34828 2.17533
-1.8405 1.26206
-2.09352 1.26496
-2.01594 0.973863
-1.99435 1.50275
-2.11362 0.696313
-1.96453 2.09015
-2.258 0.0103215
-2.83649 2.87447
-1.65778 4.58316
-2.23937 3.63406
-2.29669 3.57146
-2.71482 3.41912
-1.82824 4.87852
-2.85951 3.86042
-1.64476 3.88884
-2.14185 -1.13727
-2.90861 4.75268
-1.32685 1.62402
-2.30884 1.49996
-1.88735 1.25661
-2.08188 1.19287
-2.00646 1.08711
-2.01442 1.30582
-2.05806 0.949824
-1.97721 1.5239
-2.12489 0.687422
-1.96369 2.12247
-2.2639 -0.0272585
-2.9089 2.66665
-1.56819 4.27003
-1.80887 0.387652
-2.2947 3.01982
-1.79589 1.79364
-2.24373 0.611403
-2.00782 2.63602
-2.27015 -0.575686
-3.2491 1.95709
-1.17995 1.32052
-2.32221 2.05154
-1.88132 0.948747
-2.03427 1.73482
-2.15227 0.373462
-2.13226 2.95574
-2.0701 -0.253341
-3.04447 2.01638
-1.39519 3.58253
-2.32978 -2.10491
-1.24591 5.03181
-2.42364 3.89025
-2.55693 5.00852
-1.88635 4.15329
-1.75243 1.84448
-2.26695 0.616985
-2.0261 2.73642
-2.24718 -0.62259
-3.25077 2.00548
-1.18082 1.26368
-2.32175 2.13959
-1.87746 0.932428
-2.03462 1.77341
-2.16052 0.327754
-2.18301 3.07142
-1.92989 0.269028
-2.30598 3.11289
-1.85131 2.43277
-2.36033 -0.319402
-3.23521 1.75978
-1.1815 1.63264
-2.36761 1.57524
-1.85486 1.74943
-2.21842 0.572337
-2.0142 2.63242
-2.26491 -0.566062
-3.2519 1.85918
-1.17565 1.3365
-2.3248 2.02819
-1.87855 0.980936
-2.03757 1.67807
-2.13788 0.439411
-2.07312 2.77153
-2.19382 -0.530852
-3.25338 1.2923
-1.15311 1.52629
-2.35763 1.74523
-1.85124 1.48069
-2.14594 0.929561
-1.94251 1.60006
-2.1555 0.632386
-1.97397 2.30456
-2.28294 -0.246355
-3.16916 1.53561
-1.23428 2.54262
-2.58504 -0.128682
-2.70425 5.13204
-1.51131 2.88396
-2.51475 -0.891289
-2.18878 5.77941
-1.92691 3.90627
-1.83467 0.482089
-2.18512 2.8203
-2.01591 -0.00340831
-2.65907 3.1153
-2.0781 5.2974
-2.37174 4.63367
-2.18525 4.95641
-2.35235 4.86236
-2.16932 4.80705
-2.44621 4.90016
-2.06385 4.6029
-2.84682 4.10806
-1.62744 3.71641
-2.24039 -1.55239
-2.06601 5.92326
-1.87796 3.72538
-2.0595 -0.575939
-3.2635 0.994054
-1.13416 1.42175
-2.35077 1.9084
-1.8519 1.30986
-2.10212 1.17218
-1.99322 1.12184
-2.02504 1.26
-2.04367 1.00929
-1.98944 1.41695
-2.09372 0.816886
-1.95884 1.79957
-2.19998 0.363967
-2.17342 3.07932
-1.94598 0.190385
-2.39503 3.19265
-2.84229 3.16261
-1.66305 4.41808
-1.77449 2.29389
-2.3699 -0.0321017
-3.14098 1.76212
-1.27648 2.79922
-2.58768 -0.765517
-1.98698 5.72455
-2.19809 4.24507
-2.94983 3.71309
-1.50523 3.34414
-2.41553 -1.76225
-1.45016 5.32875
-2.58282 4.02361
-1.97729 4.94979
-2.64687 4.5611
-1.8667 4.31336
-1.97606 3.12769
-2.22676 -0.86037
-3.14107 3.43957
-1.24804 1.28825
-2.29025 2.07231
-1.92966 0.657727
-2.03811 2.27913
-2.23753 -0.225867
-3.10913 1.79682
-1.31429 3.09905
-2.5328 -1.50911
-1.43742 5.21747
-2.65022 3.93503
-1.88828 4.78679
-2.88755 3.78594
-1.60782 3.76981
-2.22227 -1.52095
-2.14837 5.92794
-1.78828 3.53374
-2.24282 -1.28315
-2.51213 5.65963
-1.52071 2.72116
-2.5119 -0.541283
-2.66631 5.26489
-1.50927 2.82513
-2.5176 -0.762577
-2.34581 5.70282
-1.77047 3.6027
-2.22486 -1.2708
-2.56847 5.58405
-1.48305 2.55109
-2.50686 -0.167612
-3.07322 3.69584
-1.29071 1.86233
-2.388 1.17192
-1.94667 2.57099
-2.31639 -0.542608
-3.23146 2.27543
-1.19621 1.35758
-2.31653 1.9882
-1.89131 0.912822
-2.02918 1.788
-2.16646 0.313874
-2.20238 3.11012
-1.87366 0.560043
-2.10662 2.59156
-2.17426 -0.373177
-3.18199 1.34896
-1.21121 2.42298
-2.57227 0.147335
-3.00866 4.02232
-1.33173 2.13404
-2.45638 0.70894
-2.7424 3.17931
-1.80068 4.90311
-2.85683 3.84288
-1.65072 3.92137
-2.11606 -1.02034
-3.08724 3.8991
-1.2675 1.2272
-2.2823 2.15909
-1.93986 0.570474
-2.06215 2.47093
-2.22562 -0.382775
-3.20818 1.30771
-1.18499 2.1189
-2.50493 0.776939
-3.00914 2.46895
-1.46073 3.71915
-2.26937 -1.92512
-1.50097 5.49949
-2.45759 4.11018
-2.22832 5.16357
-2.255 4.69092
-2.35926 4.98633
-2.14657 4.69087
-2.581 4.792
-1.91601 4.3262
-2.25652 3.60334
-2.38279 3.61038
-3.03191 3.30004
-1.40925 2.9948
-2.53432 -1.17397
-1.76303 5.6251
-2.40056 4.27121
-2.28588 5.12885
-2.20187 4.665
-2.48419 4.92226
-2.01675 4.49035
-2.97172 3.28498
-1.51535 3.56993
-2.32528 -1.89884
-1.45555 5.39935
-2.52399 4.06355
-2.08049 5.08374
-2.43685 4.76348
-2.08704 4.74195
-2.65336 4.64166
-1.84241 4.20282
-1.74645 1.78319
-2.25079 0.707129
-1.96459 2.42643
-2.29904 -0.382096
-3.23569 1.47285
-1.17112 1.72926
-2.39648 1.43135
-1.89373 2.3048
-2.32516 -0.188766
-3.17624 1.55811
-1.2279 2.45916
-2.5735 0.0692264
-2.94796 4.32701
-1.36309 2.26947
-2.4843 0.450232
-3.11571 2.00997
-1.31695 2.98666
-2.55816 -1.22483
-1.62846 5.46972
-2.54532 4.19219
-2.01063 4.93385
-2.61301 4.63675
-1.90062 4.36867
-2.3456 3.66599
-3.04927 2.96358
-1.40831 3.12985
-2.50597 -1.48357
-1.52784 5.37749
-2.59398 4.08407
-1.95287 4.86989
-2.74804 4.34094
-1.7539 4.07003
-1.88901 0.0506584
-2.67299 3.04252
-2.05239 5.2926
-2.39747 4.63273
-2.14912 4.91939
-2.41715 4.86556
-2.09889 4.6942
-2.67824 4.60447
-1.81158 4.13109
-1.77342 0.860092
-2.07672 2.11673
-2.19164 -0.0517233
-2.81655 2.89571
-1.68556 4.67999
-2.65191 3.63954
-1.91735 4.98955
-2.68995 4.43564
-1.82543 4.25486
-1.765 2.09849
-2.33094 0.25785
-2.65756 3.24764
-2.02163 5.23111
-2.44696 4.65691
-2.08492 4.8088
-2.59551 4.72451
-1.9095 4.34476
-2.29598 3.63588
-2.85519 3.17517
-1.65112 4.34685
-1.72751 1.4756
-2.16795 1.15359
-1.95582 1.20977
-2.05417 1.1623
-2.01183 1.14476
-2.02353 1.20321
-2.03165 1.09854
-2.00799 1.26507
-2.05079 1.01656
-1.98791 1.39993
-2.08997 0.842085
-1.95993 1.74351
-2.1861 0.431076
-2.09694 2.88978
-2.14199 -0.455645
-3.21956 1.14732
-1.16728 1.99142
-2.4742 1.00709
-2.57771 3.40746
-2.27536 5.2969
-2.1716 4.51671
-2.70736 4.59072
-1.76523 3.99879
-1.95236 -0.237793
-3.05702 1.87942
-1.37269 3.51216
-2.36198 -2.11662
-1.202 4.91228
-2.26842 3.79017
-2.95059 2.98721
-1.54693 3.89926
-2.17302 -1.39384
-2.44247 5.77418
-1.54033 2.76422
-2.50683 -0.639422
-2.56577 5.45529
-1.57807 3.0659
-2.46979 -1.25209
-1.89873 5.75885
-2.21314 4.20637
-2.95431 3.69863
-1.49902 3.31981
-2.42564 -1.73741
-1.45605 5.33053
-2.58636 4.02602
-1.97117 4.93696
-2.66529 4.52723
-1.84646 4.2714
-1.81837 2.50585
-2.38241 -0.392775
-3.21837 2.36604
-1.20485 1.48043
-2.32698 1.79586
-1.87838 1.11612
-2.05558 1.43549
-2.07239 0.738314
-1.97033 1.97374
-2.23346 0.142984
-2.54904 3.30843
-2.52967 5.12475
-1.88109 4.09299
-1.75165 1.2568
-2.11176 1.43644
-2.04326 0.731209
-1.98052 1.99579
-2.23298 0.107817
-2.60978 3.26024
-2.22478 5.32158
-2.21911 4.54928
-2.5474 4.88502
-1.94185 4.34153
-2.46804 3.67884
-2.58403 4.99787
-1.84252 4.05085
-1.81098 0.571785
-2.14569 2.66754
-2.11403 -0.260278
-3.06027 1.96414
-1.37615 3.47437
-2.37924 -2.0842
-1.20968 4.91357
-2.28435 3.80083
-3.01312 2.89406
-1.46694 3.50202
-2.35995 -1.96262
-1.34134 5.18889
-2.55523 3.93921
-2.0519 5.09217
-2.46699 4.73805
-2.05686 4.69859
-2.75605 4.39643
-1.72903 3.96359
-2.02325 -0.564892
-3.26293 0.906155
-1.12971 1.4314
-2.35395 1.89461
-1.84958 1.35425
-2.11343 1.11059
-1.97704 1.22969
-2.05252 1.10419
-2.00143 1.24305
-2.04794 1.05657
-1.99499 1.32867
-2.07012 0.935508
-1.97153 1.5492
-2.13324 0.661165
-1.96807 2.19715
-2.27308 -0.118574
-3.0469 2.13062
-1.4011 3.54134
-2.34805 -2.08579
-1.24311 5.01099
-2.41293 3.88161
-2.61768 4.91071
-1.81793 4.02164
-1.8677 0.205746
-2.45339 3.16971
-3.07733 2.81494
-1.37028 2.95669
-2.55016 -1.10599
-1.77858 5.62768
-2.395 4.27987
-2.2953 5.12636
-2.19243 4.65584
-2.51248 4.8958
-1.98648 4.43899
-2.91467 3.20078
-1.59279 4.01158
-2.07612 -0.899718
-3.21899 2.83182
-1.21422 0.964662
-2.37361 2.58247
-1.83846 2.206
-2.33142 0.00634387
-3.02673 2.25889
-1.42985 3.65684
-2.29681 -2.03063
-1.35264 5.25518
-2.52898 3.97679
-2.10169 5.13072
-2.39654 4.74993
-2.13299 4.82888
-2.49497 4.84978
-2.01542 4.53201
-2.96151 3.43255
-1.52084 3.53111
-2.34009 -1.88499
-1.44883 5.37938
-2.5369 4.05237
-2.05633 5.05992
-2.47586 4.75058
-2.0465 4.66757
-2.80813 4.23422
-1.67215 3.83328
-2.16258 -1.19263
-2.79812 5.1079
-1.36745 1.90065
-2.37409 1.05661
-1.96114 2.61133
-2.30663 -0.583182
-3.22638 2.39712
-1.20108 1.32885
-2.31276 2.03089
-1.89584 0.862498
-2.02686 1.88215
-2.18714 0.206243
-2.36671 3.29767
-2.76978 3.31178
-1.74918 4.69188
-2.80833 3.4506
-1.70968 4.43447
-1.87218 2.81838
-2.35741 -0.834361
-2.91116 4.63142
-1.34605 1.95558
-2.39769 0.990071
-2.06982 3.00437
-2.1506 -0.543372
-3.25369 1.17141
-1.14726 1.5414
-2.36308 1.72391
-1.84923 1.56303
-2.16871 0.822301
-1.93593 1.87007
-2.22498 0.305713
-2.27675 3.24624
-1.84149 2.39561
-2.36034 -0.258037
-3.22683 1.60553
-1.18243 1.8108
-2.41441 1.30139
-1.97445 2.73746
-2.29177 -0.693115
-3.18858 2.93441
-1.22568 1.31654
-2.30108 2.03922
-1.91336 0.756826
-2.02671 2.07898
-2.22174 -0.0142978
-2.80159 2.94434
-1.70817 4.73517
-2.80579 3.47373
-1.7131 4.43357
-1.87677 2.83607
-2.35322 -0.852855
-2.89893 4.68084
-1.3507 1.97689
-2.40274 0.953443
-2.11796 3.11858
-2.0362 -0.197936
-2.97365 2.31809
-1.48271 3.99148
-2.13122 -1.26208
-2.72239 5.32048
-1.39212 2.02151
-2.40355 0.850362
-2.21128 3.27512
-1.7946 1.2007
-2.0911 1.44635
-2.05718 0.714788
-1.9779 2.02985
-2.24065 0.0700894
-2.69373 3.15861
-1.92915 5.14542
-2.57618 4.57131
-1.95084 4.54972
-2.94938 3.24368
-1.55005 3.76471
-2.23897 -1.67556
-1.87738 5.86796
-2.07206 4.00932
-2.07399 3.313
-2.02319 -0.226259
-3.01494 2.1309
-1.43117 3.76692
-2.25081 -1.92117
-1.52836 5.54682
-2.42378 4.12608
-2.32195 5.16009
-2.15711 4.58789
-2.66254 4.67405
-1.81962 4.12348
-1.77279 0.874567
-2.07553 2.08828
-2.18914 -0.0237911
-2.7648 3.01081
-1.7719 4.89217
-2.87312 3.72539
-1.63627 3.91834
-2.12612 -1.07843
-3.00711 4.3369
-1.29412 1.39611
-2.27766 1.87166
-1.94546 0.682546
-2.0251 2.19938
-2.23885 -0.144162
-3.02361 2.21494
-1.4298 3.68956
-2.28303 -2.00957
-1.39015 5.32699
-2.52031 4.01535
-2.1074 5.12442
-2.39221 4.75519
-2.13738 4.832
-2.48531 4.85778
-2.02546 4.54933
-2.94612 3.57438
-1.53247 3.52649
-2.33986 -1.86389
-1.47216 5.41398
-2.52458 4.07559
-2.07519 5.07394
-2.44702 4.76343
-2.07617 4.72087
-2.69578 4.55308
-1.79509 4.105
-1.81014 0.540071
-2.16562 2.7364
-2.07071 -0.159931
-2.9147 2.55595
-1.55465 4.27427
-1.81075 0.366308
-2.31545 3.04847
-1.84432 2.37234
-2.35612 -0.228619
-3.2177 1.54548
-1.1875 1.95167
-2.45402 1.07223
-2.34244 3.43131
-2.81597 3.2364
-1.69332 4.51155
-2.06801 3.38068
-1.99619 -0.14225
-2.90334 2.55938
-1.56602 4.33804
-1.7457 0.925071
-2.08356 2.04003
-2.17668 0.0278517
-2.65599 3.18523
-2.0564 5.27106
-2.40037 4.64851
-2.1425 4.90258
-2.4353 4.8641
-2.07971 4.65877
-2.75548 4.41329
-1.72601 3.9467
-2.04134 -0.641671
-3.28039 1.12089
-1.13567 1.17225
-2.35163 2.28783
-1.82842 1.3649
-2.12038 1.13198
-1.97732 1.19634
-2.04508 1.15623
-2.01409 1.15942
-2.02573 1.17705
-2.02536 1.13864
-2.01774 1.20191
-2.03339 1.10545
-2.00863 1.252
-2.04758 1.03581
-1.99188 1.36623
-2.08031 0.885012
-1.96444 1.65124
-2.16159 0.539893
-2.01351 2.55517
-2.26744 -0.501227
-3.25147 1.59699
-1.16668 1.46623
-2.34163 1.83227
-1.86244 1.24123
-2.08408 1.25886
-2.01913 0.983388
-1.99445 1.48208


