2.44765 -0.0556245
-0.930063 2.71731
2.50722 0.696071
-0.754205 1.62651
2.52322 1.73523
0.268103 1.64464
0.855646 4.39525
0.38354 2.55399
0.271341 3.93908
0.338414 3.38485
0.267649 3.6563
0.353076 3.5362
0.23365 3.57971
0.406338 3.57252
0.140426 3.52002
0.539565 3.58195
-0.124364 3.20838
1.00725 3.67775
1.94008 0.296344
0.225296 1.9818
0.800699 4.27296
0.118804 2.47703
0.807629 4.05528
0.341011 2.50829
0.388922 4.01753
0.18073 3.33066
0.511641 3.6891
-0.0523982 3.28749
0.864604 3.65257
1.46206 2.59363
1.40362 -0.34382
-0.63262 2.66754
2.18235 2.78329
1.19928 1.33277
1.79537 1.3357
1.54358 1.52155
1.66409 0.632996
1.36668 2.18634
1.55398 -0.257734
-0.492281 2.05058
2.04877 3.35915
1.15512 0.637424
0.422483 2.3047
0.21729 3.96278
0.414406 3.36775
0.123471 3.58485
0.556742 3.54522
-0.163817 3.13887
1.09433 3.69852
1.77302 -0.645098
-0.713104 2.80398
2.30455 2.262
0.968783 1.80474
1.65113 2.14495
1.50435 0.382215
1.01861 2.42021
1.87504 0.399182
0.609557 2.19106
-0.344351 3.06118
1.51281 3.62902
1.15396 -0.830384
0.455565 4.8191
0.351056 2.97303
0.283526 3.81882
0.32282 3.45049
0.28854 3.63329
0.325689 3.54875
0.276807 3.58548
0.3461 3.57356
0.243262 3.56591
0.394607 3.58117
0.161526 3.52882
0.509608 3.58294
-0.0634406 3.31032
0.881674 3.64244
1.62396 2.40048
1.43936 0.159727
0.298808 2.17282
0.582157 4.18804
-0.0676689 3.0361
0.932489 3.75313
1.86388 1.76407
1.4999 1.32563
1.70943 0.828117
1.47559 1.96987
1.57407 0.0742605
0.285046 2.13116
0.626328 4.21052
-0.112341 2.92111
1.0349 3.78785
1.92227 0.0613042
-0.14917 1.83435
1.48524 4.07934
1.1503 -1.24791
1.01736 5.23861
0.776484 2.79173
0.793322 2.61516
0.936226 2.64512
1.90107 1.14743
1.33481 1.99684
1.62757 -0.12254
-0.184458 1.93296
1.50382 4.0278
1.13004 -1.16678
0.96719 5.19828
0.574548 2.72481
-0.290246 3.07362
1.38151 3.6752
1.25093 -1.1384
0.624705 5.02097
0.278854 2.83902
0.449848 3.92256
0.0839414 3.33263
0.644447 3.65914
-0.234965 2.71733
1.31937 3.81054
1.33688 -1.28533
0.621419 5.06331
0.32716 2.8478
0.352735 3.89211
0.226836 3.40598
0.43662 3.66112
0.0878819 3.44811
0.622294 3.60429
-0.239314 2.82
1.30463 3.77841
1.3562 -1.27422
0.561605 5.02099
0.368306 2.89357
0.254861 3.82923
0.361274 3.4425
0.224041 3.61607
0.415833 3.55171
0.122515 3.51646
0.564912 3.57918
-0.17249 3.10415
1.11648 3.70919
1.72337 -0.79547
-0.621713 3.29323
2.17514 2.55446
1.20679 1.50195
1.81859 0.865352
1.33023 2.10424
1.59925 -0.223014
-0.404164 1.96767
1.90928 3.62922
1.09076 0.139453
-0.543201 2.95289
1.98986 3.14848
1.22647 0.68078
0.98155 2.49895
1.89985 0.69634
0.971732 2.25054
1.87712 1.2006
1.40234 1.89445
1.62113 0.0271346
0.183489 2.06703
0.844134 4.23338
0.46949 2.57332
0.0165319 3.69978
0.724731 3.4843
0.0567099 2.38511
0.930678 4.06305
1.61467 2.45255
1.42548 0.10673
0.106204 2.08264
0.965221 4.19652
1.71805 2.27981
1.46835 0.494581
1.21868 2.39441
1.61653 -0.463107
-0.664472 2.41589
2.26567 2.61145
1.11296 1.56423
1.82165 1.30864
1.51136 1.63041
1.65147 0.450421
1.13374 2.34963
1.73443 -0.239088
-0.421641 1.91836
1.96138 3.56821
1.10561 0.298024
-0.525522 2.40251
2.01818 3.28633
1.1828 0.636097
0.601603 2.38708
-0.340756 2.99993
1.50781 3.64984
1.15354 -0.857604
0.495065 4.85587
0.315717 2.94211
0.360836 3.86126
0.215025 3.4196
0.451112 3.65208
0.0603838 3.4289
0.665036 3.60721
-0.221811 2.58949
1.32774 3.85437
1.32922 -1.30404
0.664972 5.09585
0.309679 2.81564
0.394543 3.91803
0.16763 3.3776
0.521985 3.66182
-0.0766906 3.26152
0.911118 3.66096
1.8072 1.97373
1.51239 0.973644
1.68419 1.4803
1.62042 1.02509
1.6393 1.50094
1.63614 0.878314
1.57727 1.77784
1.60136 0.450372
1.16867 2.36021
1.68538 -0.352724
-0.573674 2.08148
2.18538 3.02068
1.17375 1.14205
1.64256 2.02151
1.53481 0.438007
1.15235 2.39222
1.69968 -0.342742
-0.562819 2.05622
2.17369 3.0639
1.1742 1.08933
1.58255 2.15094
1.50735 0.193002
0.537736 2.27736
-0.156174 3.51172
1.06961 3.57406
1.8012 -0.507765
-0.712705 2.41003
2.33694 2.31699
0.942307 1.77869
1.47183 2.42787
1.44659 -0.231584
-0.555362 2.20357
2.12181 3.13674
1.18713 0.94789
1.40847 2.379
1.47994 -0.327419
-0.615681 2.34893
2.19682 2.87258
1.18219 1.28067
1.76291 1.58548
1.57372 1.15801
1.68367 1.19913
1.62232 1.37187
1.65622 0.988039
1.6031 1.62792
1.62705 0.652445
1.4224 2.1396
1.54258 -0.145554
-0.302168 1.95943
1.7139 3.86011
1.04475 -0.508612
0.341426 4.64901
0.428837 3.06868
0.09427 3.6553
0.59516 3.50567
-0.232139 2.94575
1.26552 3.74397
1.41682 -1.25329
0.396895 4.89448
0.539642 3.02351
-0.196413 3.24176
1.15537 3.65941
1.62225 -1.00448
-0.318532 4.01915
1.71565 3.22835
1.21265 -0.0436261
-0.588768 2.70065
2.09742 3.0037
1.22539 1.01179
1.60832 2.06717
1.5268 0.313891
0.878557 2.39757
1.63206 2.26345
1.47526 0.258272
0.665842 2.34359
-0.344964 2.5066
1.60824 3.74961
1.09463 -0.68295
0.425669 4.75954
0.355688 2.99989
0.270314 3.80308
0.341202 3.45811
0.257741 3.62173
0.369484 3.55358
0.205494 3.56156
0.446382 3.57663
0.0646494 3.4613
0.654892 3.5928
-0.235183 2.63711
1.34092 3.83281
1.30723 -1.28444
0.689053 5.10379
0.293564 2.79601
0.430385 3.93506
0.115111 3.34586
0.598725 3.66197
-0.207616 2.95578
1.21189 3.75002
1.51939 -1.18286
0.0885952 4.59475
1.00223 3.26999
1.89151 0.0545803
-0.0879533 1.86447
1.36608 4.13219
1.31981 -1.4282
0.85268 5.23373
0.385391 2.72142
0.236925 3.8692
0.384981 3.41887
0.18145 3.60456
0.474499 3.54865
0.00561378 3.41175
0.752548 3.60589
0.227302 2.43265
0.644807 4.10016
-0.155621 2.84795
1.13116 3.80254
1.71414 -0.848435
-0.573031 3.45991
2.11043 2.69228
1.26114 1.28133
1.79304 1.16759
1.51452 1.70892
1.6322 0.375876
1.01609 2.37548
1.87963 0.485833
0.739926 2.23388
0.00950038 2.27222
1.04214 4.07999
1.9722 0.547122
0.531136 2.11484
-0.0939455 3.64905
0.943577 3.52147
1.93932 1.1421
1.24898 2.06998
1.67293 -0.178326
-0.295809 1.91245
1.72148 3.87079
1.04082 -0.499276
0.341343 4.64684
0.427483 3.06909
0.0976384 3.65831
0.589903 3.50469
-0.225575 2.97392
1.24686 3.73787
1.4494 -1.23622
0.303199 4.81237
0.663696 3.10081
-0.228446 2.45256
1.38351 3.88549
1.25391 -1.27254
0.799331 5.15922
0.295428 2.71996
0.44224 3.96602
0.0995852 3.32213
0.624163 3.66887
-0.229656 2.82831
1.28262 3.78084
1.39238 -1.2749
0.481388 4.96531
0.446932 2.95652
0.0509317 3.64322
0.664243 3.50737
-0.225022 2.55679
1.34383 3.86119
1.30595 -1.2981
0.710679 5.12037
0.292429 2.78104
0.435591 3.94189
0.107692 3.33844
0.610199 3.66336
-0.219906 2.89898
1.24795 3.76351
1.45141 -1.24517
0.312163 4.82308
0.654082 3.09379
-0.25796 2.50228
1.42649 3.84982
1.20252 -1.18107
0.804329 5.13437
0.272579 2.70699
0.489627 3.98057
0.0275945 3.26049
0.738631 3.67791
0.0697808 2.40526
0.904345 4.06166
1.3734 2.68446
1.41524 -0.567264
-0.534683 3.34895
2.00519 2.98784
1.26326 0.832426
1.44804 2.30596
1.48683 -0.209308
-0.484167 2.07533
2.02566 3.39479
1.14979 0.565093
0.170183 2.18019
0.825746 4.18811
0.359403 2.52633
0.339668 3.98783
0.24705 3.35781
0.414564 3.68769
0.128202 3.46506
0.563206 3.60642
-0.164412 3.11286
1.09882 3.7075
1.76477 -0.674347
-0.702962 2.89532
2.28773 2.29286
1.0072 1.78562
1.77041 1.76772
1.55366 1.01755
1.67632 1.42127
1.62844 1.0692
1.6429 1.44233
1.64139 0.954175
1.60393 1.657
1.62128 0.626215
1.39963 2.17482
1.54152 -0.206065
-0.419824 1.99963
1.92777 3.58986
1.10183 0.210831
-0.561176 2.66162
2.0465 3.13472
1.21596 0.810268
1.24903 2.47071
1.56502 -0.539635
-0.667348 2.75732
2.23572 2.56651
1.14134 1.57014
1.83232 1.07906
1.42817 1.91042
1.60598 0.0450736
0.225709 2.09224
0.758976 4.23238
-0.0417652 2.50926
1.037 3.9691
1.95856 0.360936
0.277547 2.00025
0.689264 4.26384
-0.132141 2.73132
1.11821 3.8514
1.76074 -0.73088
-0.677751 3.06946
2.25179 2.3644
1.0833 1.72518
1.84496 1.14461
1.4344 1.87136
1.61461 0.088857
0.344445 2.15086
0.481149 4.16293
0.0667392 3.20269
0.691848 3.71587
-0.167564 2.50951
1.24939 3.90881
1.47856 -1.27975
0.308065 4.83222
0.675227 3.09966
-0.182047 2.40204
1.31246 3.93113
1.36596 -1.34258
0.635297 5.09042
0.339294 2.84098
0.327796 3.88403
0.261443 3.41444
0.386205 3.66017
0.175806 3.50226
0.493422 3.60033
-0.0279554 3.35297
0.81482 3.62763
0.915479 2.69862
1.87797 1.42455
1.46232 1.67957
1.6556 0.318642
0.884183 2.35682
1.64298 2.23757
1.48154 0.303557
0.798852 2.39018
0.836407 2.60612
1.41508 2.55369
1.42958 -0.418279
-0.634552 2.80328
2.17681 2.74506
1.2056 1.35516
1.80316 1.23962
1.51949 1.65326
1.6439 0.441419
1.12554 2.35523
1.74456 -0.214572
-0.384816 1.90043
1.89802 3.67071
1.07852 0.0810916
-0.491049 3.21415
1.88281 3.24651
1.2097 0.365123
-0.0431069 2.08396
1.19787 4.10994
1.66402 -1.06059
-0.292927 4.09086
1.69169 3.23309
1.21095 -0.109012
-0.575633 2.91793
2.05925 3.01518
1.23928 0.928128
1.53309 2.2015
1.49884 0.0394355
0.087855 2.05554
1.00455 4.1963
1.91198 1.60192
1.44522 1.61822
1.67696 0.367025
0.959649 2.35765
1.88431 1.18088
1.38184 1.93029
1.62048 -0.0272962
0.0428035 2.00291
1.0959 4.18784
1.93518 -0.00752245
-0.296207 1.80723
1.76806 3.86457
1.03428 -0.380694
0.199312 4.48771
0.610825 3.18164
-0.292006 2.79416
1.42391 3.75027
1.20617 -1.11475
0.706596 5.0635
0.238105 2.77186
0.53684 3.95841
-0.0518752 3.17701
0.87956 3.69826
1.56091 2.49448
1.41583 -0.0561129
-0.327326 2.0091
1.74265 3.81398
1.05063 -0.398066
0.168612 4.46013
0.661767 3.20604
-0.232271 2.48231
1.38135 3.87526
1.2559 -1.26869
0.789461 5.15314
0.289666 2.72509
0.452619 3.96663
0.0837779 3.31184
0.648074 3.66911
-0.232726 2.7016
1.31877 3.81632
1.33845 -1.2885
0.622248 5.06484
0.327737 2.84734
0.351593 3.89183
0.228436 3.4064
0.434327 3.66116
0.0920724 3.4513
0.615862 3.60377
-0.235376 2.85478
1.28914 3.77011
1.38014 -1.27151
0.503708 4.98019
0.42201 2.93871
0.117995 3.71427
0.557246 3.48051
-0.175986 3.13491
1.11995 3.69806
1.71237 -0.820971
-0.595806 3.3809
2.13991 2.63395
1.24094 1.38204
1.80645 0.99966
1.4331 1.93951
1.59593 0.0269948
0.172653 2.06872
0.862109 4.22941
0.648861 2.64693
-0.321148 2.53233
1.54984 3.77792
1.11415 -0.852418
0.6011 4.92851
0.224485 2.85675
0.540217 3.92116
-0.0643997 3.17503
0.901354 3.69714
1.72986 2.19849
1.48632 0.579191
1.37381 2.28106
1.52318 -0.317153
-0.585674 2.2162
2.17264 2.999
1.18489 1.14193
1.66541 1.95337
1.54773 0.550475
1.34077 2.2813
1.54173 -0.355787
-0.611054 2.27036
2.2043 2.88366
1.17563 1.28152
1.75674 1.62599
1.57412 1.09971
1.67886 1.29821
1.63049 1.22677
1.65669 1.20406
1.6405 1.29786
1.65148 1.12877
1.63666 1.39652
1.64813 0.992755
1.61096 1.60494
1.62914 0.695194
1.46112 2.07612
1.54822 -0.0322675
-0.0278228 1.99658
1.20975 4.14495
1.65035 -1.10049
-0.224775 4.20376
1.5775 3.2928
1.20225 -0.44309
-0.239583 3.93901
1.43258 3.42335
1.23037 -0.876548
0.30486 4.70551
0.549036 3.08968
-0.21252 3.18217
1.19464 3.67566
1.54112 -1.13152
-0.0245114 4.45474
1.19408 3.33055
1.51341 -1.02676
-0.128062 4.28858
1.35311 3.35909
1.30111 -0.987244
0.27897 4.71253
0.614828 3.11186
-0.300875 2.75848
1.45076 3.75143
1.18218 -1.06177
0.697527 5.04344
0.226233 2.77686
0.555698 3.95623
-0.0823149 3.12992
0.94014 3.71264
1.90397 1.53623
1.4466 1.6528
1.66802 0.328131
0.892576 2.35379
1.68955 2.13521
1.50409 0.498984
1.2521 2.36413
1.58931 -0.456647
-0.661852 2.44652
2.25716 2.62862
1.12429 1.54408
1.82234 1.27232
1.50344 1.67204
1.64418 0.39236
1.03851 2.36969
1.85814 0.288757
0.455172 2.12895
0.164489 3.95688
0.49295 3.36791
-0.0521476 3.39825
0.853523 3.60768
1.39043 2.6427
1.41699 -0.514122
-0.579554 3.1711
2.07782 2.88174
1.25685 1.06882
1.70507 1.75967
1.57721 0.818907
1.58779 1.82363
1.58878 0.437982
1.15185 2.371
1.7051 -0.319946
-0.534783 2.01728
2.13617 3.17762
1.1717 0.937493
1.32624 2.44712
1.50559 -0.486058
-0.654156 2.75242
2.21381 2.64594
1.1712 1.48464
1.82254 1.10169
1.45283 1.86213
1.61069 0.124681
0.438038 2.2001
0.198131 3.97118
0.442888 3.36222
0.0619479 3.53376
0.652088 3.5583
-0.240306 2.63974
1.35061 3.82876
1.29319 -1.27399
0.707802 5.11125
0.285029 2.78118
0.449897 3.94498
0.0859162 3.3235
0.643129 3.66412
-0.234599 2.72612
1.31643 3.80824
1.34113 -1.28534
0.611663 5.05717
0.333623 2.85533
0.337769 3.88349
0.247662 3.41341
0.406219 3.65994
0.141934 3.48493
0.541726 3.60014
-0.125501 3.1994
1.0105 3.68097
1.93663 0.2531
0.158428 1.95024
0.931809 4.2653
1.33434 2.71828
1.43166 -0.645636
-0.481707 3.52831
1.92275 3.08847
1.2526 0.568752
0.798908 2.45006
0.890526 2.62484
1.78773 1.88246
1.53228 0.980418
1.67764 1.47587
1.62369 1.01123
1.63379 1.5301
1.63416 0.832094
1.55505 1.85444
1.58725 0.333544
0.945901 2.38883
1.87424 1.32429
1.44578 1.76625
1.63913 0.205281
0.638616 2.28624
-0.379606 2.75253
1.63046 3.65357
1.108 -0.551549
0.198149 4.52467
0.640506 3.17916
-0.279348 2.59871
1.44271 3.80887
1.18689 -1.12037
0.763725 5.09632
0.239842 2.72786
0.544156 3.97724
-0.0599223 3.15644
0.896698 3.70544
1.69232 2.28259
1.46872 0.417698
1.05925 2.43073
1.82509 0.0511747
0.0480569 1.94083
1.11334 4.21003
1.91133 -0.187556
-0.517508 1.88624
2.1471 3.20554
1.16046 0.93098
1.26052 2.48464
1.55016 -0.550258
-0.659479 2.83059
2.21951 2.59271
1.16191 1.53249
1.82836 1.03802
1.41599 1.94543
1.60081 -0.00222874
0.0983853 2.03253
0.997025 4.20951
1.87727 1.7852
1.48896 1.35107
1.71076 0.77694
1.43878 2.04268
1.5646 -0.0470537
-0.0469627 1.9855
1.24525 4.13491
1.56162 -1.25701
0.123642 4.65989
0.974639 3.2474
1.92631 0.402823
0.456651 2.10216
0.16833 3.96637
0.487808 3.36351
-0.0405979 3.41558
0.831424 3.60096
1.14736 2.71982
1.64282 -0.60881
-0.681582 2.81598
2.25635 2.46191
1.09967 1.66397
1.83918 1.15834
1.44843 1.84222
1.61764 0.135988
0.468315 2.21341
0.0951767 3.86944
0.598092 3.40848
-0.251604 2.91178
1.31339 3.745
1.33965 -1.25439
0.571684 5.02141
0.352957 2.88481
0.291022 3.85194
0.311901 3.43294
0.307541 3.6451
0.297742 3.54132
0.31968 3.59498
0.283004 3.56445
0.339127 3.58432
0.253773 3.56373
0.38034 3.58353
0.186322 3.54032
0.474649 3.58327
0.00852896 3.40273
0.748731 3.61022
0.189847 2.42175
0.712937 4.10016
-0.137755 2.58912
1.17021 3.89806
1.65046 -1.02557
-0.323529 4.02553
1.73419 3.20787
1.21902 0.0170987
-0.574216 2.48247
2.09799 3.08479
1.20872 0.948302
1.48155 2.29047
1.48278 -0.130975
-0.354104 1.99301
1.80169 3.75754
1.05906 -0.208679
-0.119168 4.06812
1.1568 3.4225
1.58687 -0.980196
-0.305533 4.02419
1.68152 3.25901
1.20368 -0.15139
-0.546354 3.09806
2.00073 3.07898
1.24224 0.755759
1.23473 2.46753
1.58074 -0.53319
-0.672792 2.69886
2.24815 2.54671
1.12442 1.59687
1.83387 1.13349
1.44758 1.85547
1.6143 0.122591
0.433108 2.19659
0.214803 3.98619
0.419403 3.35569
0.112903 3.58077
0.572257 3.54499
-0.191421 3.06801
1.1606 3.71768
1.62298 -1.02217
-0.296355 4.06156
1.68061 3.25043
1.20608 -0.148509
-0.551382 3.07417
2.01044 3.06723
1.24277 0.785738
1.30026 2.43676
1.52758 -0.500641
-0.659825 2.73295
2.22457 2.61712
1.15835 1.51972
1.82668 1.09322
1.4431 1.88159
1.60862 0.0923375
0.352209 2.15653
0.459469 4.15215
0.0954783 3.22619
0.646981 3.71402
-0.227584 2.72352
1.30273 3.81293
1.36335 -1.29071
0.568648 5.031
0.36826 2.88895
0.255554 3.83109
0.36029 3.44158
0.225828 3.6172
0.413313 3.55144
0.127244 3.5198
0.557911 3.57869
-0.159982 3.13461
1.08703 3.70054
1.79068 -0.58594
-0.723471 2.62661
2.32913 2.23822
0.919272 1.81508
1.35121 2.53288
1.46675 -0.51138
-0.626256 2.96845
2.15908 2.73356
1.22076 1.33638
1.80149 1.20895
1.51462 1.68382
1.63817 0.400963
1.05903 2.37012
1.83337 0.128479
0.193181 2.00604
0.850115 4.25787
0.493972 2.58532
-0.0619891 3.59339
0.870411 3.53419
1.60672 2.41751
1.43505 0.104122
0.125071 2.08865
0.93297 4.20342
1.44427 2.64905
1.39396 -0.412051
-0.614761 2.93289
2.13711 2.81158
1.23119 1.23691
1.77611 1.42299
1.56726 1.36623
1.67891 0.874993
1.53659 1.84979
1.59202 0.295315
0.860614 2.37351
1.48491 2.47151
1.43171 -0.226867
-0.564268 2.23361
2.1306 3.10287
1.1901 0.990314
1.48969 2.28872
1.4816 -0.11223
-0.318084 1.98357
1.73489 3.83111
1.04764 -0.431769
0.225448 4.5248
0.578842 3.15959
-0.261992 3.00166
1.32318 3.71311
1.32337 -1.23132
0.577337 5.01797
0.340651 2.87944
0.318883 3.86712
0.273749 3.42423
0.36695 3.65521
0.207206 3.51716
0.44913 3.60017
0.0607132 3.44898
0.662182 3.59781
-0.226291 2.60055
1.3334 3.8485
1.31993 -1.29803
0.678116 5.10169
0.302071 2.80526
0.411797 3.92685
0.142588 3.36336
0.558258 3.66164
-0.145211 3.13461
1.05737 3.70251
1.85806 -0.307769
-0.600004 2.00775
2.24772 2.86409
1.14155 1.34802
1.75433 1.67944
1.57033 1.04284
1.67264 1.39366
1.63181 1.09147
1.64438 1.41298
1.64346 0.992683
1.61453 1.59642
1.62964 0.712914
1.476 2.04852
1.55202 0.0160737
0.104684 2.04878
0.980711 4.20729
1.80183 2.06568
1.49986 0.889866
1.65781 1.65712
1.60721 0.770665
1.53774 1.93406
1.57009 0.231345
0.701563 2.33173
-0.209759 2.31379
1.3959 3.9331
1.24201 -1.2876
0.847525 5.18661
0.33752 2.70149
0.356099 3.94236
0.2231 3.37908
0.445646 3.67411
0.0720626 3.43027
0.647559 3.60913
-0.239315 2.68273
1.33712 3.81764
1.31126 -1.27882
0.671914 5.09202
0.298026 2.8086
0.419171 3.92759
0.131584 3.35793
0.574146 3.66101
-0.172458 3.06888
1.1213 3.72135
1.71508 -0.821134
-0.597159 3.37845
2.1421 2.62812
1.23919 1.39047
1.8073 0.986495
1.42512 1.95622
1.59415 0.00115499
0.10323 2.03657
0.987781 4.21065
1.83544 1.95469
1.50321 1.07921
1.70921 1.26352
1.60937 1.35434
1.66308 0.980233
1.59495 1.65369
1.62416 0.606978
1.37586 2.20203
1.54473 -0.258307
-0.500227 2.06362
2.0595 3.33218
1.16006 0.679064
0.583063 2.38379
-0.302726 3.14627
1.40809 3.64512
1.22575 -1.07219
0.597369 4.98452
0.27867 2.85965
0.446119 3.91377
0.0890461 3.34014
0.636021 3.65698
-0.235681 2.76173
1.31008 3.79737
1.34977 -1.28204
0.587271 5.04044
0.350185 2.87404
0.298741 3.85936
0.301315 3.42906
0.324569 3.64956
0.27258 3.53616
0.356663 3.59885
0.225263 3.54891
0.420987 3.58721
0.113728 3.49645
0.579571 3.58695
-0.195422 3.03725
1.17332 3.72694
1.59665 -1.07052
-0.196929 4.22165
1.50745 3.32632
1.21169 -0.640943
0.0119568 4.34177
0.977648 3.32758
1.9299 0.394906
0.431376 2.08859
0.254909 4.04373
0.366025 3.32842
0.221345 3.66022
0.415635 3.52785
0.122446 3.5256
0.564002 3.57459
-0.171728 3.10796
1.11442 3.70801
1.72795 -0.782693
-0.633199 3.25036
2.19058 2.5187
1.18778 1.55151
1.82451 0.843602
1.30219 2.13288
1.61055 -0.259222
-0.459584 1.99545
2.00549 3.46301
1.13276 0.47115
-0.17738 2.08521
1.42568 4.00956
1.21191 -1.29787
0.93225 5.22502
0.486691 2.71092
-0.0508755 3.57951
0.847535 3.53771
1.38833 2.63914
1.41892 -0.51583
-0.580499 3.16873
2.07955 2.87825
1.25656 1.07505
1.70913 1.74392
1.57854 0.844674
1.60118 1.77536
1.59724 0.512267
1.2696 2.31169
1.587 -0.415984
-0.641938 2.33735
2.24253 2.73033
1.14617 1.45102
1.80686 1.35913
1.53493 1.53091
1.66507 0.605422
1.33511 2.22002
1.56272 -0.31474
-0.561357 2.13882
2.14907 3.0946
1.18242 1.0268
1.52087 2.24943
1.48729 -0.0182313
-0.0882487 1.99538
1.30893 4.10249
1.41479 -1.39592
0.604171 5.08925
0.381326 2.86897
0.226973 3.81933
0.399368 3.44408
0.153392 3.57813
0.515451 3.55559
-0.0793802 3.29572
0.912313 3.64731
1.81943 1.92876
1.51349 1.04721
1.70027 1.332
1.61791 1.24326
1.66351 1.15227
1.63139 1.38903
1.65099 0.988733
1.60751 1.61688
1.62793 0.674506
1.4432 2.1072
1.54474 -0.087096
-0.168486 1.96142
1.46253 4.04026
1.17181 -1.25911
0.979441 5.23001
0.624056 2.74567
-0.33703 2.69663
1.54431 3.72633
1.12407 -0.825711
0.535838 4.87732
0.270677 2.9109
0.450642 3.89374
0.0801115 3.34319
0.648225 3.65297
-0.234454 2.69495
1.32401 3.81719
1.33056 -1.28661
0.637789 5.07389
0.317634 2.83526
0.374741 3.90456
0.195847 3.39298
0.481251 3.66144
0.00329888 3.36822
0.761083 3.62473
0.29568 2.45789
0.504041 4.07402
0.0194312 3.20839
0.760037 3.69954
0.230063 2.441
0.637379 4.09682
-0.151077 2.8741
1.11652 3.79471
1.74702 -0.755115
-0.659278 3.15142
2.22641 2.42883
1.13236 1.66003
1.84089 0.919643
1.32476 2.08839
1.60746 -0.21184
-0.379161 1.95416
1.86594 3.69387
1.07342 -0.00846023
-0.401516 3.5022
1.70863 3.37105
1.17212 -0.152088
-0.492861 3.29507
1.89799 3.19893
1.22308 0.434003
0.22644 2.18877
0.723794 4.19596
-0.118194 2.59146
1.13529 3.90583
1.7376 -0.815769
-0.612886 3.34103
2.16577 2.56684
1.21684 1.47787
1.81545 0.87534
1.34337 2.08966
1.59524 -0.20194
-0.367862 1.95508
1.84359 3.72201
1.06633 -0.082124
-0.301272 3.73766
1.5116 3.44324
1.18654 -0.70524
0.179539 4.54252
0.6996 3.19311
-0.0481507 2.35758
1.10004 4.01995
1.86445 -0.382389
-0.671818 2.14758
2.32315 2.51642
1.02744 1.66266
1.74129 1.85268
1.55196 0.855506
1.62096 1.73776
1.60122 0.596464
1.38001 2.21157
1.53994 -0.259884
-0.506249 2.07287
2.06785 3.31114
1.16361 0.711335
0.703872 2.43679
-0.144736 2.29751
1.28328 3.98397
1.43081 -1.34222
0.495141 4.99806
0.458759 2.94973
0.0189105 3.60911
0.718804 3.52142
0.000118608 2.38815
1.01441 4.03378
1.97062 0.91193
0.988404 2.19996
1.88059 1.0829
1.34312 2.01206
1.618 -0.13276
-0.211496 1.93278
1.55336 3.99647
1.09128 -1.02754
0.89294 5.13062
0.352508 2.66508
0.328119 3.94039
0.261494 3.38436
0.389912 3.67513
0.169683 3.49284
0.5029 3.60358
-0.0469032 3.32658
0.850497 3.637
1.32997 2.67691
1.44461 -0.626661
-0.519606 3.42281
1.98583 3.00389
1.26439 0.776672
1.35325 2.39419
1.50276 -0.420262
-0.651245 2.55212
2.22633 2.68995
1.16053 1.46518
1.81712 1.22105
1.49816 1.71399
1.63557 0.340442
0.943599 2.37183
1.86719 1.38307
1.46875 1.6882
1.65122 0.318652
0.887677 2.35895
1.66508 2.19196
1.49205 0.393039
1.03101 2.42416
1.86167 0.280368
0.429416 2.11506
0.252189 4.03546
0.369234 3.33258
0.214988 3.65547
0.424599 3.52915
0.105201 3.51248
0.589907 3.57696
-0.212457 2.9852
1.21713 3.73895
1.50671 -1.19197
0.125252 4.63447
0.939435 3.24427
1.93724 0.94865
1.11885 2.18079
1.78928 0.0307242
0.0677524 1.96164
1.07375 4.21546
1.97198 0.399301
0.29641 2.00389
0.646855 4.25647
-0.117509 2.86418
1.05751 3.80783
1.88578 -0.196825
-0.495163 1.88478
2.10862 3.29777
1.15398 0.79279
0.877381 2.49826
1.67702 2.18303
1.4936 0.432764
1.11837 2.4152
1.74258 -0.251079
-0.444675 1.92595
2.00203 3.49618
1.12303 0.437448
-0.294635 2.10499
1.64014 3.8685
1.06271 -0.700693
0.547455 4.85475
0.236594 2.90513
0.509936 3.90004
-0.017424 3.24827
0.811035 3.67385
0.817587 2.67365
1.25338 2.64258
1.51981 -0.661577
-0.57701 3.28087
2.08577 2.82298
1.26192 1.13045
1.74551 1.56639
1.58434 1.12145
1.67572 1.27713
1.63199 1.24587
1.6562 1.18017
1.63904 1.33107
1.65114 1.08134
1.62953 1.46885
1.64366 0.888942
1.57598 1.77075
1.60325 0.453374
1.1729 2.35788
1.6805 -0.360018
-0.581814 2.09811
2.1948 2.98658
1.17215 1.18345
1.67989 1.92157
1.55241 0.615824
1.42505 2.18575
1.5284 -0.173512
-0.374515 1.98316
1.84558 3.70903
1.07007 -0.0668189
-0.329912 3.67711
1.56856 3.42913
1.17187 -0.552453
0.00119511 4.30683
0.980092 3.33712
1.92825 0.365282
0.385472 2.06692
0.399949 4.14658
0.176538 3.26095
0.529292 3.72271
-0.0807682 3.23181
0.922198 3.67237
1.8539 1.79485
1.50602 1.26719
1.71206 0.927807
1.52659 1.83094
1.59893 0.289316
0.846545 2.36814
1.35508 2.57596
1.45324 -0.532233
-0.604315 3.08748
2.1214 2.79737
1.24337 1.21983
1.77472 1.40892
1.5678 1.37711
1.67751 0.861421
1.5309 1.86869
1.58836 0.267337
0.795161 2.35793
0.758891 2.57814
0.477996 2.46987
0.00528427 3.70973
0.746136 3.48164
0.244509 2.42885
0.614318 4.10106
-0.12818 2.95235
1.05668 3.77232
1.87776 -0.229499
-0.528161 1.91396
2.15646 3.17012
1.1636 0.974843
1.36432 2.42455
1.48818 -0.425343
-0.65093 2.61345
2.21918 2.6875
1.16746 1.45868
1.8175 1.19291
1.49024 1.74665
1.62971 0.294394
0.849166 2.35872
1.37214 2.56472
1.44648 -0.499767
-0.616394 3.00614
2.14126 2.77173
1.23194 1.27589
1.78895 1.31343
1.54714 1.52713
1.66194 0.633515
1.36956 2.18442
1.55301 -0.252943
-0.485893 2.04471
2.03868 3.38146
1.15098 0.600537
0.282739 2.23416
0.597132 4.1704
-0.090778 3.00151
0.979325 3.7619
1.96006 0.900584
1.00992 2.20339
1.88415 0.828118
1.15371 2.20572
1.74079 -0.141544
-0.245273 1.88776
1.63617 3.95409
1.05059 -0.786324
0.697005 4.9707
0.164966 2.76988
0.653797 3.94852
-0.191583 2.77198
1.21868 3.81522
1.51917 -1.20623
0.123307 4.63825
0.949601 3.24611
1.93965 0.781166
0.949635 2.22699
1.83894 1.54012
1.51872 1.44709
1.68551 0.680932
1.39008 2.14126
1.55544 -0.194755
-0.386033 1.97727
1.87037 3.67938
1.07758 0.013361
-0.433034 3.41488
1.77034 3.33273
1.18355 0.0304103
-0.581105 2.65373
2.08719 3.04588
1.22152 0.959151
1.53304 2.21091
1.49626 0.0335859
0.0669171 2.04725
1.04048 4.18764
1.97727 0.892852
0.948821 2.20096
1.82817 1.59841
1.52955 1.35697
1.69439 0.821655
1.48942 1.95568
1.57444 0.111947
0.388074 2.18439
0.353484 4.08918
0.234074 3.30196
0.44153 3.71413
0.0820784 3.42219
0.634001 3.61541
-0.241333 2.75918
1.32242 3.79491
1.33066 -1.27581
0.622553 5.06101
0.323142 2.84638
0.361399 3.89588
0.214672 3.40178
0.454108 3.66108
0.0553799 3.42095
0.673506 3.60989
-0.206612 2.54876
1.31032 3.87509
1.35986 -1.31836
0.615236 5.07005
0.343051 2.85459
0.31743 3.87477
0.275692 3.42025
0.364522 3.6571
0.211037 3.51762
0.443883 3.60075
0.0709097 3.45773
0.645963 3.59579
-0.241472 2.68672
1.34052 3.81518
1.30617 -1.27486
0.678408 5.09461
0.294123 2.80338
0.427841 3.93169
0.118739 3.34943
0.593144 3.66131
-0.200619 2.98253
1.19276 3.74354
1.55803 -1.13358
-0.0495364 4.4279
1.24414 3.33734
1.43305 -1.0655
0.0848138 4.54726
0.960705 3.27161
1.93826 0.618044
0.750939 2.20783
0.0897952 2.28758
0.915076 4.1155
1.40237 2.67134
1.40409 -0.508362
-0.568876 3.20599
2.05903 2.91532
1.25959 1.00413
1.65609 1.92167
1.55597 0.54667
1.33405 2.28305
1.54549 -0.363386
-0.615652 2.28162
2.20974 2.86201
1.17286 1.30636
1.76735 1.57459
1.57179 1.18279
1.68553 1.15551
1.61599 1.43773
1.65237 0.89152
1.56968 1.77989
1.60241 0.430336
1.13324 2.37068
1.73064 -0.260053
-0.454062 1.93674
2.0157 3.46721
1.12974 0.48739
-0.155644 2.08713
1.38596 4.02811
1.26728 -1.35981
0.882147 5.2243
0.401913 2.70711
0.195649 3.84305
0.442411 3.42697
0.0653672 3.51528
0.648404 3.56749
-0.242651 2.66327
1.34907 3.82085
1.29466 -1.27079
0.699968 5.10582
0.285846 2.78678
0.447182 3.94229
0.0898842 3.32737
0.636896 3.66341
-0.234856 2.75916
1.30898 3.79857
1.35163 -1.28291
0.584247 5.03875
0.352842 2.87643
0.292459 3.85541
0.309895 3.4311
0.310893 3.64653
0.292801 3.54016
0.327058 3.59608
0.271775 3.56203
0.355328 3.58556
0.227906 3.55578
0.416646 3.58409
0.121701 3.50322
0.567564 3.58559
-0.175923 3.09268
1.12506 3.71251
1.70393 -0.846846
-0.56833 3.46687
2.10239 2.71251
1.26505 1.24969
1.7872 1.23304
1.53616 1.61496
1.64765 0.51416
1.2356 2.30766
1.62076 -0.400957
-0.626346 2.24533
2.23469 2.79828
1.15418 1.3881
1.78894 1.47499
1.55877 1.35186
1.68371 0.878593
1.5335 1.85231
1.59201 0.286433
0.840196 2.36883
1.293 2.60721
1.49044 -0.62045
-0.579775 3.24256
2.08628 2.83515
1.25983 1.12206
1.74001 1.59904
1.58456 1.07232
1.66977 1.3613
1.63469 1.1228
1.64686 1.36941
1.64549 1.05229
1.62789 1.50317
1.63988 0.846075
1.5579 1.83797
1.59078 0.353637
0.988291 2.39049
1.89507 0.765378
1.06284 2.23659
1.84589 0.28882
0.487984 2.14928
0.0468678 3.8296
0.679619 3.42968
-0.180412 2.45953
1.28966 3.91615
1.40309 -1.32858
0.534517 5.0206
0.413185 2.91775
0.142369 3.74146
0.520418 3.47062
-0.101868 3.28819
0.955519 3.64924
1.94556 1.12416
1.22349 2.09118
1.6916 -0.170436
-0.281904 1.90496
1.69805 3.89526
1.04079 -0.578876
0.45037 4.75461
0.31047 2.98553
0.36429 3.84603
0.209917 3.42614
0.457223 3.64769
0.0484559 3.41976
0.684118 3.60905
-0.180573 2.50068
1.27629 3.9042
1.42518 -1.31458
0.46747 4.96866
0.478015 2.96994
-0.0345438 3.53674
0.815606 3.5525
1.00256 2.71091
1.87852 0.238968
0.302942 2.04515
0.617054 4.2372
-0.0958406 2.94675
1.00005 3.78211
1.96023 0.578949
0.620565 2.15625
-0.361994 2.99666
1.55941 3.62387
1.1346 -0.710877
0.34322 4.6976
0.461693 3.06131
0.00978117 3.5681
0.735359 3.53869
0.116112 2.39828
0.837215 4.08524
0.592662 2.61372
-0.325524 2.97164
1.47395 3.67377
1.17108 -0.954418
0.580641 4.94138
0.261712 2.87281
0.473991 3.91217
0.044109 3.30646
0.706418 3.6608
-0.10844 2.43998
1.169 3.9614
1.67521 -0.991111
-0.391477 3.90242
1.84673 3.10115
1.25278 0.372443
0.201997 2.16973
0.774697 4.2001
0.0250487 2.47398
0.947431 4.01387
1.78082 2.10272
1.49856 0.797982
1.60581 1.85663
1.57809 0.457885
1.18955 2.36228
1.65864 -0.396743
-0.619022 2.19193
2.23404 2.8245
1.15432 1.36606
1.77911 1.5355
1.56585 1.25902
1.68758 1.02604
1.58751 1.63299
1.63013 0.609165
1.37342 2.20102
1.54625 -0.260623
-0.502362 2.06521
2.06299 3.32434
1.16131 0.691775
0.629975 2.40533
-0.368993 2.75793
1.60509 3.66944
1.11107 -0.628592
0.298262 4.63813
0.506798 3.09785
-0.108106 3.39221
0.961576 3.61082
1.95255 0.948757
1.07597 2.18806
1.83803 0.269309
0.470156 2.14372
0.109629 3.89966
0.576502 3.3947
-0.224452 3.03228
1.23596 3.71997
1.46697 -1.21815
0.240832 4.75182
0.753112 3.15255
0.479835 2.50488
-0.00631825 3.6872
0.766573 3.49175
0.455004 2.51483
0.0708092 3.77543
0.632976 3.44978
-0.261876 2.71339
1.37643 3.79434
1.25755 -1.22311
0.724358 5.10504
0.266423 2.76492
0.48825 3.95768
0.0266729 3.27011
0.738433 3.6733
0.0707258 2.40486
0.903074 4.06226
1.35947 2.69187
1.42148 -0.593996
-0.518642 3.4083
1.9804 3.01928
1.26182 0.753119
1.29898 2.43066
1.53022 -0.497155
-0.660948 2.71409
2.22765 2.61447
1.15486 1.52524
1.82718 1.10197
1.44583 1.87321
1.61 0.103944
0.383286 2.17223
0.37082 4.10263
0.211717 3.29175
0.475068 3.71576
0.0208549 3.36639
0.733325 3.62835
0.0562313 2.39931
0.926505 4.05743
1.58691 2.49117
1.41554 0.0127145
-0.172625 1.99983
1.45327 4.02973
1.18129 -1.26751
0.967122 5.22838
0.582551 2.7337
-0.304756 3.01359
1.42075 3.6813
1.21216 -1.07267
0.633601 5.00793
0.255639 2.83022
0.49351 3.93164
0.0145838 3.26995
0.756953 3.6706
0.223054 2.43647
0.651286 4.0985
-0.159843 2.82371
1.14493 3.80962
1.68329 -0.926444
-0.473359 3.71919
1.96806 2.94744
1.2821 0.774937
1.39954 2.34818
1.49225 -0.323188
-0.607153 2.304
2.19085 2.90962
1.18342 1.24197
1.74189 1.68639
1.57489 0.99706
1.66047 1.48314
1.63016 0.955144
1.61283 1.63669
1.62287 0.66852
1.44167 2.11351
1.54343 -0.0942949
-0.187124 1.95925
1.4971 4.02124
1.13607 -1.1755
0.963002 5.1994
0.560752 2.7212
-0.26034 3.17022
1.30539 3.66363
1.34609 -1.21602
0.502223 4.96139
0.40401 2.93755
0.164021 3.75344
0.488839 3.46806
-0.032927 3.39208
0.819648 3.61092
0.99332 2.71299
1.8894 0.335167
0.452823 2.11561
0.176573 3.97101
0.475453 3.36145
-0.0120819 3.45308
0.778687 3.58655
0.516602 2.54806
-0.1291 3.49717
1.00723 3.57617
1.92373 0.175191
0.0541206 1.90692
1.11803 4.2239
1.90763 -0.215963
-0.54779 1.91386
2.18963 3.08171
1.16178 1.09641
1.55621 2.2047
1.49534 0.0935934
0.233661 2.12555
0.732119 4.22033
-0.104206 2.57503
1.11665 3.91758
1.78725 -0.664425
-0.711986 2.85941
2.30148 2.24819
0.967962 1.8111
1.6534 2.1408
1.50523 0.391197
1.03935 2.41964
1.85229 0.215551
0.326725 2.06698
0.553631 4.21371
-0.0240124 3.08832
0.850392 3.7415
1.21462 2.71995
1.54803 -0.705826
-0.568019 3.3397
2.07631 2.82668
1.26653 1.10814
1.73675 1.60676
1.5854 1.05466
1.6665 1.39342
1.63482 1.07494
1.63968 1.44548
1.64236 0.942099
1.59887 1.67896
1.61814 0.592617
1.36374 2.21938
1.54606 -0.28575
-0.536356 2.10876
2.11253 3.19722
1.17745 0.882622
1.23663 2.48825
1.57363 -0.549883
-0.668731 2.76911
2.23741 2.55511
1.13806 1.58033
1.83342 1.07622
1.42514 1.91603
1.60556 0.0359024
0.201204 2.0801
0.808172 4.23314
0.188455 2.48049
0.697462 4.07623
-0.158158 2.63681
1.19239 3.87325
1.59128 -1.12702
-0.110199 4.35579
1.36149 3.3419
1.29548 -0.963502
0.258338 4.68694
0.638926 3.12866
-0.285385 2.59964
1.4552 3.80313
1.17588 -1.0907
0.752773 5.08216
0.230176 2.73384
0.559321 3.97489
-0.0840509 3.11812
0.945221 3.71706
1.91663 1.44834
1.41219 1.76786
1.65208 0.163822
0.531624 2.23439
-0.126572 3.57187
1.00765 3.55181
1.91923 0.14553
0.011833 1.89066
1.19188 4.20111
1.72121 -0.947839
-0.478401 3.73197
1.98515 2.90875
1.28696 0.843009
1.51675 2.20226
1.50095 0.000811004
-0.0130118 2.01492
1.17849 4.14945
1.73005 -0.9087
-0.525082 3.61571
2.05045 2.79773
1.28434 1.07467
1.72906 1.62166
1.58737 1.01644
1.65791 1.46408
1.63313 0.969395
1.61527 1.61727
1.62576 0.693887
1.46279 2.07595
1.5478 -0.0289971
-0.019882 1.99946
1.19587 4.14942
1.68663 -1.02034
-0.366384 3.96158
1.81313 3.1315
1.24373 0.267812
-0.133857 2.05518
1.36112 4.05302
1.30965 -1.39103
0.826583 5.20963
0.34994 2.72329
0.323506 3.92004
0.267497 3.39563
0.379631 3.66954
0.186566 3.50277
0.478807 3.6028
0.00201132 3.38835
0.760895 3.61571
0.300588 2.45907
0.4932 4.07081
0.0351422 3.22445
0.733608 3.69638
0.0264475 2.4062
0.968472 4.04024
1.86691 1.80163
1.49648 1.30384
1.71296 0.858566
1.48971 1.93252
1.58069 0.130712
0.442876 2.2108
0.179502 3.95231
0.469492 3.37052
0.00228493 3.4675
0.753206 3.58131
0.250017 2.43826
0.601222 4.09663
-0.114153 2.99248
1.02274 3.76039
1.93482 0.190013
0.0493518 1.9004
1.12832 4.22285
1.88559 -0.341959
-0.65475 2.08587
2.31164 2.59517
1.05834 1.60475
1.77381 1.69177
1.55999 1.09441
1.68541 1.28782
1.62633 1.25781
1.6592 1.15034
1.6341 1.3818
1.65038 1.00447
1.61254 1.59007
1.6313 0.714319
1.47575 2.04754
1.55236 0.0163115
0.105723 2.04915
0.97892 4.20768
1.79152 2.09652
1.49724 0.835838
1.63028 1.7753
1.59158 0.589377
1.37711 2.22068
1.53875 -0.270241
-0.521377 2.09214
2.09001 3.2555
1.17148 0.796124
0.993425 2.51532
1.89317 0.537966
0.779337 2.23752
0.433941 2.42884
0.152563 3.87715
0.506161 3.40529
-0.0785553 3.34744
0.906184 3.6272
1.79722 2.00222
1.5115 0.920655
1.66684 1.59101
1.61456 0.859986
1.58513 1.78197
1.59887 0.466134
1.19632 2.35051
1.65337 -0.396717
-0.6193 2.197
2.23339 2.82433
1.15488 1.36547
1.77938 1.5331
1.56572 1.26226
1.6875 1.02092
1.58611 1.64057
1.62899 0.598267
1.3618 2.21478
1.54843 -0.284569
-0.533254 2.10294
2.10855 3.20889
1.17626 0.866304
1.19396 2.50179
1.62021 -0.525614
-0.681246 2.59445
2.27015 2.51055
1.0918 1.64057
1.82998 1.28565
1.4968 1.67973
1.64432 0.372718
1.00134 2.37114
1.88972 0.645859
0.938831 2.25811
1.82462 1.63584
1.53207 1.31068
1.69821 0.893381
1.52552 1.85539
1.59291 0.266561
0.793665 2.3561
0.738289 2.57035
0.232347 2.36105
0.657117 4.12886
-0.155753 2.80917
1.14081 3.81599
1.695 -0.900603
-0.509974 3.63205
2.02196 2.85993
1.2854 0.96421
1.65142 1.91441
1.55823 0.53872
1.32216 2.29202
1.5509 -0.379951
-0.626049 2.313
2.22098 2.81278
1.16584 1.36054
1.78657 1.47043
1.5605 1.34905
1.68332 0.885698
1.53748 1.84064
1.59415 0.304863
0.882164 2.37721
1.64276 2.24044
1.48082 0.301258
0.791672 2.38818
0.744421 2.57453
0.303339 2.39043
0.505802 4.09723
0.0206451 3.19815
0.760074 3.70448
0.226768 2.44037
0.643499 4.09704
-0.155489 2.8521
1.12993 3.80113
1.71667 -0.841395
-0.580736 3.43659
2.12096 2.67025
1.25481 1.3188
1.79872 1.09861
1.48603 1.80593
1.61561 0.231339
0.708115 2.32075
-0.175874 2.29553
1.33976 3.96336
1.3267 -1.35419
0.739097 5.15382
0.308518 2.7665
0.406223 3.93921
0.151522 3.36101
0.546475 3.6655
-0.122995 3.17919
1.00809 3.68869
1.94085 0.299232
0.22799 1.98283
0.795211 4.2729
0.0903093 2.47692
0.850147 4.04317
0.79434 2.68866
0.985336 2.6583
1.89795 0.474378
0.666158 2.20223
-0.375846 2.58033
1.65705 3.68929
1.09449 -0.510887
0.183431 4.5005
0.656573 3.19184
-0.247104 2.50666
1.4032 3.8578
1.22827 -1.22603
0.799867 5.14545
0.282255 2.71436
0.46944 3.97419
0.0585247 3.29
0.687907 3.67229
-0.174815 2.50864
1.26301 3.9051
1.45069 -1.29997
0.393408 4.908
0.563264 3.02934
-0.248558 3.1019
1.28219 3.6894
1.38303 -1.23502
0.444855 4.92525
0.473583 2.98371
-0.0223417 3.54922
0.792915 3.54696
0.723999 2.63294
0.112779 2.32533
0.866865 4.11184
0.879338 2.719
1.76103 1.98947
1.52365 0.814905
1.6101 1.81459
1.5869 0.502795
1.25996 2.32285
1.5928 -0.424315
-0.646145 2.3493
2.24723 2.70866
1.1407 1.47291
1.81065 1.3395
1.52849 1.5638
1.6606 0.555424
1.27889 2.27189
1.58982 -0.382779
-0.617735 2.24736
2.22018 2.84431
1.16535 1.33383
1.774 1.54844
1.56883 1.22976
1.68708 1.07609
1.60062 1.55691
1.64045 0.719298
1.47178 2.04703
1.55353 0.00899033
0.087378 2.04067
1.01114 4.201
1.92907 1.49222
1.403 1.76335
1.65739 0.160087
0.519805 2.22718
-0.0846152 3.63951
0.921878 3.52256
1.89468 1.54886
1.46001 1.61351
1.67247 0.390087
1.00756 2.36006
1.88629 0.595562
0.882261 2.25777
1.56168 2.36501
1.45124 0.0153072
-0.0780985 2.00827
1.28653 4.1068
1.46101 -1.3656
0.466782 4.98631
0.500684 2.97428
-0.0971299 3.4439
0.938317 3.5916
1.92394 1.34764
1.37213 1.87545
1.64115 0.0182602
0.163146 2.05146
0.884668 4.23222
0.884093 2.72819
1.78496 1.91031
1.5294 0.949939
1.66994 1.53572
1.62061 0.92513
1.60913 1.6742
1.61664 0.623131
1.39984 2.17764
1.54061 -0.207785
-0.423707 2.0023
1.93433 3.57888
1.10478 0.233531
-0.556556 2.57694
2.04841 3.16131
1.20876 0.793487
1.17982 2.49504
1.63993 -0.498525
-0.678567 2.48111
2.27857 2.53123
1.08539 1.63182
1.8226 1.36535
1.51926 1.57241
1.66169 0.528696
1.2419 2.2966
1.61733 -0.395141
-0.622185 2.23597
2.22984 2.81837
1.15808 1.36634
1.78272 1.50797
1.56369 1.29827
1.68635 0.963851
1.56828 1.72539
1.6152 0.475429
1.20261 2.3404
1.64848 -0.396566
-0.619524 2.20167
2.23275 2.82432
1.15543 1.36476
1.77957 1.53113
1.56563 1.26484
1.68742 1.01687
1.58498 1.64655
1.62808 0.589681
1.35238 2.22538
1.55068 -0.3027
-0.554128 2.13392
2.13755 3.12602
1.18202 0.982541
1.45007 2.33955
1.47681 -0.225685
-0.518074 2.12175
2.07531 3.276
1.1709 0.753336
0.872464 2.49259
1.6441 2.25121
1.47803 0.298699
0.780398 2.38538
0.599912 2.51446
-0.338525 2.95216
1.5068 3.66491
1.15202 -0.871069
0.518268 4.87626
0.296189 2.92377
0.401601 3.87961
0.155584 3.39192
0.536133 3.65112
-0.105933 3.2166
0.97081 3.67613
1.95678 0.89243
1.01206 2.20539
1.88383 0.801375
1.12928 2.21887
1.76843 -0.0668141
-0.115281 1.90113
1.39603 4.1011
1.26541 -1.39504
0.93155 5.25538
0.504296 2.724
-0.104779 3.49535
0.954709 3.57414
1.94849 1.01575
1.14176 2.15689
1.76652 -0.0364376
-0.0475888 1.92306
1.27323 4.15064
1.50518 -1.33675
0.339706 4.87957
0.654996 3.07745
-0.256449 2.49464
1.42579 3.85287
1.20328 -1.18453
0.806964 5.13667
0.27514 2.70589
0.485006 3.98024
0.0348506 3.26731
0.726588 3.67659
-0.00918823 2.40692
1.02195 4.02228
1.97269 0.744027
0.798801 2.19832
0.624617 2.51439
-0.359296 2.75363
1.58357 3.68471
1.11486 -0.695099
0.380796 4.7258
0.411066 3.03314
0.139813 3.70574
0.525372 3.48801
-0.110029 3.26816
0.973147 3.65643
1.95721 0.817375
0.934201 2.21627
1.79467 1.77212
1.54221 1.09255
1.69374 1.26986
1.62036 1.30363
1.66114 1.07317
1.62065 1.503
1.64239 0.82779
1.54557 1.8721
1.5846 0.29744
0.865263 2.37688
1.52462 2.42644
1.43784 -0.109752
-0.388803 2.02478
1.85779 3.67809
1.0787 -0.0137385
-0.409905 3.48294
1.72589 3.35994
1.17517 -0.100506
-0.536049 3.11681
1.97898 3.11524
1.2374 0.680886
1.03452 2.50003
1.85053 0.157479
0.213357 2.01005
0.812207 4.26095
0.194274 2.48476
0.686557 4.07563
-0.166134 2.6793
1.19478 3.85589
1.58099 -1.13776
-0.0795845 4.39608
1.30572 3.34086
1.35225 -1.03796
0.227137 4.67966
0.708981 3.15651
0.0268614 2.35221
0.986805 4.06044
1.92055 1.51415
1.4202 1.72051
1.66132 0.223119
0.668704 2.29163
-0.351388 2.51039
1.62112 3.73933
1.09259 -0.641955
0.374669 4.70806
0.409 3.03934
0.144494 3.7077
0.51853 3.48784
-0.0954098 3.29321
0.942682 3.64757
1.92445 1.36255
1.37603 1.86381
1.64244 0.0328826
0.200694 2.06953
0.812965 4.23688
0.217386 2.487
0.646552 4.0777
-0.161932 2.8368
1.14573 3.80442
1.67986 -0.932759
-0.463542 3.74116
1.95321 2.96973
1.27962 0.723696
1.29606 2.42589
1.53382 -0.495529
-0.662069 2.69863
2.23059 2.61086
1.15142 1.53124
1.82771 1.10952
1.44796 1.86625
1.6112 0.113434
0.40857 2.18492
0.293689 4.0498
0.312489 3.32641
0.316978 3.69474
0.281408 3.51467
0.346058 3.60967
0.241718 3.54884
0.398504 3.58987
0.15464 3.52141
0.519873 3.58495
-0.0842387 3.27762
0.923194 3.65412
1.86454 1.74269
1.49982 1.34602
1.70714 0.79686
1.45768 2.01025
1.56782 0.0102741
0.1061 2.04512
0.979894 4.20923
1.79554 2.08488
1.49829 0.85655
1.64169 1.72987
1.59824 0.659698
1.45099 2.11708
1.53953 -0.0800785
-0.15832 1.96467
1.44299 4.04968
1.19498 -1.30009
0.975137 5.24112
0.612443 2.74478
-0.336831 2.78533
1.52649 3.70734
1.13568 -0.855042
0.542826 4.88965
0.270602 2.90467
0.451973 3.89648
0.078214 3.34059
0.651342 3.65369
-0.23284 2.67862
1.32498 3.82276
1.32971 -1.28903
0.643101 5.07791
0.315475 2.83132
0.379876 3.9077
0.188553 3.38941
0.491737 3.66146
-0.0172286 3.34412
0.79768 3.63253
0.698314 2.62802
-0.106798 2.30829
1.21391 4.00394
1.58401 -1.18058
-0.0228599 4.47873
1.215 3.3256
1.47834 -1.04709
-0.0341483 4.40976
1.17735 3.34026
1.54339 -1.00311
-0.211281 4.16955
1.50778 3.33854
1.209 -0.647723
0.0295941 4.36442
0.946529 3.31463
1.942 0.872808
1.03729 2.21003
1.87152 0.542756
0.850215 2.26162
1.29296 2.59941
1.49236 -0.61544
-0.585536 3.22003
2.09538 2.81945
1.25692 1.15251
1.75334 1.52885
1.58213 1.18369
1.68055 1.17169
1.62168 1.40238
1.65385 0.948305
1.59174 1.68845
1.61787 0.565993
1.33099 2.25242
1.55614 -0.343033
-0.594059 2.21131
2.18821 2.95689
1.18021 1.19918
1.70721 1.82655
1.56533 0.77054
1.56343 1.9102
1.57185 0.309723
0.891648 2.38614
1.70189 2.10911
1.50898 0.552102
1.34077 2.3005
1.53632 -0.369728
-0.62332 2.31803
2.21549 2.82808
1.16993 1.34138
1.78152 1.49618
1.56456 1.30643
1.68541 0.953568
1.56529 1.73937
1.61269 0.455735
1.17191 2.35415
1.68265 -0.354135
-0.575233 2.08573
2.1869 3.01454
1.17365 1.1493
1.64987 2.0032
1.53835 0.471094
1.21398 2.36865
1.6283 -0.436146
-0.650262 2.32415
2.25809 2.68187
1.12807 1.50414
1.81279 1.35021
1.52768 1.5587
1.66189 0.559729
1.28307 2.26798
1.58738 -0.379072
-0.615303 2.24235
2.2172 2.85594
1.16722 1.32067
1.7692 1.57251
1.5708 1.19074
1.68616 1.14108
1.61344 1.4599
1.65064 0.859074
1.55537 1.83114
1.59294 0.353346
0.987346 2.3897
1.89528 0.777724
1.07519 2.23254
1.83269 0.207257
0.358418 2.09016
0.465647 4.17351
0.08998 3.21185
0.657377 3.71907
-0.222884 2.67193
1.30665 3.83049
1.35933 -1.29841
0.588522 5.04652
0.355079 2.87397
0.287775 3.85379
0.316267 3.43184
0.300664 3.64431
0.307682 3.54242
0.304769 3.59294
0.305282 3.56815
0.306364 3.58053
0.303837 3.57416
0.308044 3.57772
0.301556 3.57531
0.311314 3.57745
0.29671 3.57488
0.318439 3.57819
0.285962 3.57304
0.334138 3.57984
0.2618 3.56771
0.368793 3.58214
0.205872 3.54933
0.447217 3.58311
0.0633939 3.45777
0.657167 3.59421
-0.23272 2.6255
1.33918 3.83757
1.31023 -1.28836
0.68741 5.10406
0.295426 2.79754
0.426438 3.93353
0.120999 3.34974
0.589984 3.66185
-0.196218 2.99754
1.18115 3.73988
1.58231 -1.09741
-0.138822 4.3073
1.40433 3.34339
1.2613 -0.885578
0.233413 4.64204
0.656298 3.14853
-0.249424 2.49947
1.4101 3.85763
1.2204 -1.21487
0.804462 5.14439
0.281768 2.71058
0.471215 3.97596
0.0559609 3.28715
0.692113 3.67292
-0.162748 2.49204
1.24637 3.9167
1.48671 -1.27525
0.285592 4.81173
0.707548 3.11843
0.0204043 2.3483
0.997911 4.05858
1.94727 1.29525
1.30774 1.97105
1.65327 -0.101689
-0.130828 1.93508
1.40776 4.08065
1.2448 -1.37053
0.947463 5.25344
0.538819 2.72961
-0.204457 3.30732
1.17208 3.63722
1.58175 -1.0635
-0.185474 4.23263
1.48161 3.33497
1.21975 -0.708984
0.0884081 4.447
0.85401 3.26837
1.60116 2.40229
1.43928 0.097502
0.117414 2.08411
0.94691 4.20144
1.57262 2.52213
1.40761 -0.0405826
-0.313264 2.00839
1.71535 3.8404
1.04891 -0.487906
0.299215 4.60683
0.481743 3.10096
-0.0422924 3.49075
0.830851 3.57089
1.17047 2.7159
1.60865 -0.653772
-0.649575 3.02548
2.20272 2.56899
1.17829 1.52974
1.82644 0.946863
1.36992 2.03693
1.59562 -0.134226
-0.227963 1.93887
1.58127 3.97504
1.07514 -0.941271
0.827285 5.07845
0.237042 2.67087
0.562889 4.0016
-0.0837842 3.10574
0.946908 3.72203
1.91967 1.42628
1.4021 1.79568
1.64895 0.124807
0.435242 2.18784
0.210697 3.98476
0.425305 3.35617
0.10027 3.57026
0.591523 3.5476
-0.220047 2.97225
1.23531 3.74045
1.47143 -1.22287
0.238846 4.75178
0.758359 3.1545
0.543407 2.53371
-0.208905 3.3486
1.18303 3.62362
1.55658 -1.09374
-0.104411 4.3467
1.33425 3.34866
1.32063 -1.00872
0.261332 4.70267
0.647275 3.12701
-0.271605 2.54751
1.44094 3.82754
1.18818 -1.13761
0.783246 5.1113
0.250502 2.7157
0.528245 3.98149
-0.0338487 3.1914
0.847043 3.69532
1.22942 2.71399
1.53121 -0.707944
-0.548887 3.39322
2.04532 2.88423
1.27135 0.998311
1.66536 1.88409
1.56259 0.601354
1.40456 2.20582
1.53054 -0.22061
-0.455113 2.02832
1.98572 3.48534
1.12878 0.414167
-0.314352 2.11007
1.67724 3.83657
1.05803 -0.579764
0.39689 4.7121
0.371426 3.02506
0.233126 3.77417
0.392581 3.46913
0.166049 3.57629
0.498264 3.55963
-0.0428829 3.34762
0.841251 3.62864
1.23444 2.70863
1.52644 -0.705441
-0.546 3.3992
2.04022 2.89414
1.27154 0.979716
1.64903 1.93243
1.55457 0.518745
1.29288 2.31632
1.56598 -0.415359
-0.6446 2.37684
2.24013 2.7207
1.14816 1.45615
1.80963 1.33085
1.52834 1.57017
1.65935 0.547961
1.27044 2.27881
1.59524 -0.388657
-0.621209 2.25299
2.22475 2.82723
1.16219 1.35324
1.78035 1.51593
1.56531 1.28261
1.68666 0.989755
1.57713 1.68624
1.62176 0.532695
1.28364 2.28947
1.58095 -0.396612
-0.630292 2.29736
2.23091 2.78739
1.15764 1.39271
1.79351 1.43779
1.55377 1.40513
1.67927 0.79724
1.49054 1.97014
1.5702 0.10302
0.360549 2.17128
0.432935 4.13583
0.130211 3.25151
0.594409 3.71318
-0.191889 2.98463
1.17438 3.74536
1.59846 -1.07364
-0.195131 4.22557
1.50531 3.32637
1.21241 -0.64623
0.0175799 4.34983
0.968337 3.32345
1.9374 0.529458
0.62483 2.16899
-0.36954 2.95094
1.58115 3.62484
1.12706 -0.656399
0.288421 4.63572
0.525638 3.10497
-0.155605 3.30417
1.0636 3.64206
1.8297 -0.416917
-0.677111 2.19894
2.32078 2.49979
1.0261 1.67278
1.74497 1.84129
1.55268 0.876105
1.6305 1.69694
1.60714 0.658477
1.44377 2.12196
1.54035 -0.0965776
-0.19632 1.95917
1.51389 4.01115
1.12111 -1.13077
0.944951 5.17993
0.498769 2.70068
-0.0868231 3.52922
0.918366 3.56026
1.87487 1.67238
1.49049 1.44058
1.69686 0.648895
1.34395 2.18942
1.56599 -0.283304
-0.520161 2.0758
2.09258 3.25627
1.1704 0.800001
0.997435 2.51605
1.89007 0.492905
0.71978 2.2232
-0.157634 2.27826
1.3134 3.98061
1.37443 -1.36236
0.644013 5.10228
0.341772 2.83595
0.323155 3.8836
0.267818 3.41511
0.376785 3.65988
0.191278 3.50903
0.471664 3.60071
0.0161899 3.40483
0.736155 3.61034
0.0860201 2.40022
0.881863 4.0712
1.11467 2.75043
1.69142 -0.532204
-0.694502 2.5166
2.29828 2.43374
1.03733 1.70709
1.79139 1.63756
1.55425 1.20071
1.69388 1.0988
1.59974 1.53969
1.64358 0.735715
1.48213 2.02403
1.55734 0.0459614
0.191979 2.08862
0.821377 4.22788
0.285318 2.50462
0.513447 4.05986
0.00289901 3.19841
0.78714 3.69994
0.505668 2.55053
-0.0950048 3.552
0.936613 3.5535
1.92554 1.3187
1.35934 1.90411
1.63986 -0.0189178
0.0684428 2.00819
1.05373 4.20114
1.97996 0.696553
0.713742 2.17559
-0.225037 2.30316
1.4289 3.92248
1.20195 -1.22954
0.868898 5.17853
0.349446 2.68931
0.330833 3.9343
0.257689 3.38736
0.395106 3.67356
0.161022 3.48933
0.5151 3.60307
-0.0718414 3.29054
0.899007 3.6498
1.74373 2.15893
1.4935 0.646172
1.46507 2.16525
1.52193 -0.0861586
-0.196982 1.96485
1.51263 4.00965
1.12219 -1.13229
0.944108 5.18006
0.496357 2.70015
-0.0794734 3.54052
0.903647 3.55536
1.81445 1.93307
1.51507 1.02777
1.69606 1.37144
1.62022 1.18357
1.6607 1.24555
1.64007 1.24969
1.65189 1.1937
1.64278 1.3013
1.65025 1.12977
1.63761 1.39226
1.64805 1.00041
1.61321 1.59226
1.63073 0.713781
1.47579 2.04796
1.55223 0.0160764
0.104938 2.04883
0.980287 4.2074
1.7994 2.07307
1.4993 0.876996
1.65189 1.68515
1.60401 0.728098
1.50831 2.00608
1.55643 0.112979
0.375807 2.18285
0.388191 4.10966
0.188771 3.28367
0.508448 3.71467
-0.0425343 3.29146
0.846973 3.65193
1.2756 2.69878
1.48506 -0.69031
-0.511063 3.47963
1.97964 2.99837
1.26715 0.766276
1.34183 2.40144
1.50768 -0.438738
-0.654761 2.5947
2.2275 2.66727
1.15839 1.48428
1.82063 1.18489
1.48374 1.76418
1.62714 0.266222
0.787011 2.34342
0.642028 2.53047
-0.349685 2.61091
1.59182 3.72574
1.10454 -0.705844
0.427355 4.76636
0.357947 2.99786
0.265655 3.80135
0.347559 3.45864
0.246975 3.61801
0.384544 3.55432
0.179459 3.54932
0.482916 3.5769
-0.00902964 3.38473
0.779509 3.61599
0.499554 2.54242
-0.074657 3.58478
0.89591 3.53916
1.78037 2.04343
1.5094 0.837569
1.62806 1.76827
1.59348 0.589267
1.37592 2.22088
1.53929 -0.271921
-0.523214 2.09426
2.09275 3.24852
1.17232 0.806628
1.02595 2.51786
1.85995 0.2103
0.296472 2.04876
0.630287 4.2387
-0.108511 2.91084
1.03047 3.79272
1.93031 0.129572
-0.0475355 1.86307
1.29963 4.16527
1.45456 -1.39166
0.516649 5.03059
0.457545 2.93659
0.0226306 3.61693
0.712301 3.51812
-0.0402023 2.39301
1.07478 4.01173
1.91382 -0.0958295
-0.392712 1.82685
1.94249 3.63351
1.08673 0.205607
-0.556771 2.78423
2.02574 3.13482
1.22183 0.767721
1.17808 2.49136
1.64304 -0.492351
-0.676934 2.4587
2.27895 2.54044
1.08664 1.6256
1.8216 1.37055
1.52103 1.56384
1.66291 0.54167
1.25825 2.28537
1.60454 -0.392245
-0.62214 2.24735
2.22743 2.82111
1.16009 1.36135
1.78222 1.50786
1.56405 1.29675
1.68631 0.966716
1.56938 1.72088
1.61596 0.482142
1.21277 2.33525
1.63815 -0.40483
-0.627374 2.23256
2.23895 2.78993
1.15041 1.3995
1.79064 1.47032
1.55733 1.3621
1.68318 0.86179
1.52523 1.87735
1.58729 0.247964
0.748292 2.34348
0.184495 2.3277
0.751652 4.13605
-0.046328 2.49059
1.05044 3.97382
1.94327 0.16619
-0.0179679 1.86901
1.24899 4.18596
1.57459 -1.25299
0.096577 4.63252
1.02292 3.26552
1.85432 -0.169163
-0.413517 1.86092
1.96805 3.57957
1.10127 0.302105
-0.528627 2.41884
2.02088 3.27509
1.1854 0.65026
0.660973 2.41331
-0.339642 2.51258
1.5951 3.75645
1.09794 -0.721791
0.46955 4.80306
0.314811 2.9655
0.358972 3.85197
0.21763 3.42489
0.446789 3.64988
0.0683725 3.43669
0.652208 3.60525
-0.236612 2.65613
1.33864 3.82668
1.30992 -1.28272
0.6804 5.09822
0.296004 2.80242
0.424348 3.93119
0.124004 3.35242
0.585421 3.66144
-0.189795 3.01865
1.16447 3.73457
1.61813 -1.03639
-0.271598 4.10429
1.63888 3.27435
1.20069 -0.272175
-0.440243 3.48571
1.80625 3.27086
1.20259 0.161273
-0.476646 2.21595
1.96826 3.44486
1.14353 0.410812
-0.257112 2.08782
1.57378 3.92281
1.08434 -0.913675
0.766601 5.04136
0.192335 2.71141
0.626874 3.98053
-0.169595 2.89287
1.14771 3.78277
1.66907 -0.950295
-0.434204 3.8039
1.90785 3.03302
1.26917 0.569791
0.881428 2.46942
1.68709 2.15632
1.49934 0.478527
1.21258 2.38497
1.6258 -0.448978
-0.657649 2.36215
2.2633 2.64532
1.11937 1.53676
1.81745 1.33056
1.51981 1.59407
1.65693 0.505415
1.21379 2.315
1.64221 -0.387384
-0.611935 2.18752
2.22347 2.86046
1.16189 1.32448
1.7657 1.59858
1.57137 1.15435
1.68464 1.20142
1.62185 1.37118
1.65647 0.987797
1.60282 1.6288
1.62696 0.650879
1.4209 2.14185
1.5425 -0.149602
-0.310705 1.96075
1.72991 3.84448
1.0453 -0.455539
0.266207 4.56914
0.522846 3.12713
-0.146826 3.31471
1.04452 3.63867
1.86977 -0.225362
-0.513546 1.90663
2.13358 3.23015
1.16089 0.889466
1.16892 2.51231
1.65076 -0.492869
-0.677818 2.44956
2.28151 2.53478
1.08248 1.63123
1.81982 1.39318
1.52568 1.53447
1.66733 0.58416
1.30754 2.2446
1.57469 -0.352269
-0.595391 2.20025
2.193 2.94769
1.17795 1.21342
1.71477 1.80162
1.56766 0.813792
1.59013 1.82785
1.58738 0.440449
1.15665 2.37009
1.69888 -0.332362
-0.550017 2.03931
2.15637 3.11721
1.17427 1.01916
1.48285 2.30478
1.4785 -0.136695
-0.371835 2.00122
1.83334 3.71739
1.06836 -0.101699
-0.284241 3.77465
1.47881 3.44797
1.20015 -0.787561
0.260148 4.64165
0.592944 3.12617
-0.285072 2.90855
1.38829 3.72526
1.24288 -1.16037
0.675271 5.05836
0.259906 2.79927
0.492594 3.94432
0.0178336 3.26755
0.752332 3.67241
0.181098 2.42459
0.726554 4.09707
-0.112187 2.54201
1.14087 3.92546
1.73091 -0.840384
-0.589339 3.41951
2.13454 2.63594
1.24548 1.37083
1.80486 1.00816
1.43973 1.92632
1.59729 0.0482455
0.230076 2.09683
0.749113 4.23099
-0.0689238 2.53164
1.07261 3.94857
1.89764 -0.177331
-0.484804 1.87194
2.09468 3.33421
1.14907 0.73919
0.689342 2.43432
-0.231617 2.34295
1.42724 3.90817
1.20318 -1.222
0.856131 5.17066
0.330502 2.69057
0.374001 3.95354
0.198453 3.36842
0.48138 3.67451
0.00446719 3.36461
0.759623 3.62649
0.280054 2.45227
0.53817 4.08339
-0.0298717 3.1482
0.848142 3.71451
1.22026 2.71714
1.5416 -0.706814
-0.560751 3.36046
2.0646 2.84885
1.26893 1.06659
1.71404 1.70998
1.58207 0.889224
1.62026 1.6935
1.61022 0.634249
1.41661 2.15966
1.539 -0.169211
-0.35417 1.97211
1.8101 3.75573
1.05889 -0.187469
-0.146547 4.02326
1.20872 3.43524
1.49003 -1.08784
0.00332148 4.46769
1.1214 3.32157
1.65228 -0.833611
-0.544432 3.50165
2.06035 2.8114
1.27721 1.086
1.73118 1.62063
1.58656 1.02401
1.66001 1.44939
1.63363 0.991809
1.62161 1.58023
1.63033 0.747658
1.50305 1.99272
1.56118 0.111623
0.376504 2.18195
0.386562 4.109
0.190926 3.28448
0.505326 3.71479
-0.0365595 3.29942
0.835731 3.64926
1.14785 2.72275
1.64159 -0.612092
-0.680351 2.8285
2.254 2.46543
1.10342 1.65969
1.83956 1.1383
1.44055 1.86455
1.61426 0.103885
0.383997 2.17142
0.369086 4.10183
0.213996 3.29253
0.471722 3.7158
0.0271034 3.37274
0.722757 3.6266
-0.0132869 2.40149
1.03012 4.02221
1.97115 0.601028
0.614171 2.14839
-0.349454 3.05588
1.52554 3.62431
1.14852 -0.795808
0.422509 4.78447
0.380921 2.99898
0.214086 3.77076
0.41858 3.46783
0.115715 3.54318
0.571696 3.56422
-0.186936 3.07225
1.15065 3.71725
1.6455 -0.979098
-0.376691 3.9159
1.81452 3.14194
1.24072 0.264801
-0.154475 2.05353
1.39797 4.0362
1.25148 -1.35259
0.90927 5.23315
0.447073 2.70947
0.068068 3.72557
0.635936 3.47151
-0.258624 2.70245
1.37223 3.79953
1.26292 -1.232
0.723319 5.10713
0.269237 2.76637
0.482751 3.95637
0.0353139 3.2787
0.724008 3.67146
-0.0225324 2.40845
1.04186 4.01509
1.96234 0.388556
0.311652 2.01571
0.607821 4.24448
-0.0839062 2.96981
0.974294 3.77597
1.95627 1.02158
1.12508 2.15991
1.78596 0.0304612
0.0724381 1.96482
1.06508 4.21719
1.97815 0.548925
0.512579 2.10397
-0.0253568 3.74913
0.810249 3.47287
1.00879 2.7071
1.87058 0.179891
0.208258 2.00023
0.825254 4.26351
0.281901 2.50707
0.519792 4.06026
-0.00664688 3.1877
0.803947 3.70246
0.699012 2.63251
-0.100395 2.30753
1.20345 4.00787
1.60977 -1.13795
-0.121179 4.34871
1.38908 3.33761
1.27333 -0.911818
0.239972 4.6554
0.652962 3.14331
-0.258163 2.51712
1.42236 3.84622
1.20679 -1.18587
0.799971 5.13363
0.271301 2.70998
0.491368 3.97968
0.0247141 3.25818
0.743375 3.67826
0.104792 2.40924
0.850713 4.07613
0.751974 2.67601
0.442437 2.45921
0.120125 3.83921
0.55501 3.42156
-0.181414 3.144
1.13033 3.6941
1.68703 -0.881963
-0.523231 3.5897
2.03833 2.83564
1.28337 1.01926
1.69366 1.77614
1.57748 0.770587
1.55689 1.9152
1.57166 0.290239
0.846324 2.37667
1.35998 2.57368
1.45093 -0.523721
-0.607259 3.06819
2.12609 2.79148
1.24084 1.23312
1.77841 1.3851
1.56351 1.41471
1.67447 0.80359
1.49987 1.95386
1.57246 0.13434
0.447477 2.21536
0.163334 3.93653
0.493095 3.37747
-0.0515632 3.39606
0.852613 3.60857
1.38001 2.64904
1.4206 -0.535875
-0.567676 3.22705
2.05895 2.90827
1.26095 1.00934
1.66251 1.90155
1.55936 0.579986
1.37866 2.23762
1.53313 -0.280284
-0.538511 2.11948
2.11344 3.19073
1.1786 0.889491
1.25709 2.47995
1.55467 -0.547002
-0.662147 2.80789
2.22478 2.58381
1.15538 1.54533
1.82983 1.04747
1.418 1.93861
1.60194 0.00640046
0.121605 2.04281
0.95608 4.21761
1.6259 2.44978
1.42615 0.138539
0.200172 2.12639
0.793254 4.21589
0.109859 2.46907
0.823596 4.05476
0.492188 2.56911
-0.0544993 3.60783
0.856075 3.52792
1.48236 2.56626
1.40627 -0.283807
-0.619672 2.47121
2.18314 2.8621
1.19336 1.27002
1.76731 1.54494
1.57312 1.21185
1.68526 1.11146
1.60924 1.50056
1.64658 0.802132
1.52634 1.91997
1.57593 0.216635
0.666683 2.31635
-0.349665 2.51302
1.61667 3.74158
1.09348 -0.655091
0.390309 4.7242
0.392198 3.02723
0.185435 3.74246
0.459197 3.47754
0.0322177 3.46531
0.704483 3.58543
-0.100337 2.42311
1.16129 3.97106
1.69758 -0.941044
-0.46858 3.74048
1.96513 2.94678
1.28289 0.768381
1.39007 2.35654
1.49409 -0.343679
-0.620586 2.35359
2.20432 2.84762
1.17804 1.31115
1.77438 1.52691
1.56916 1.25247
1.68636 1.04179
1.59291 1.60654
1.63379 0.648808
1.41295 2.14822
1.5437 -0.166796
-0.344239 1.96752
1.79252 3.7773
1.05437 -0.246958
-0.0523201 4.16873
1.03113 3.38261
1.85139 -0.227893
-0.49633 1.90399
2.10417 3.29992
1.15501 0.783642
0.858187 2.49284
1.54286 2.4141
1.4393 -0.0585649
-0.282664 1.99206
1.66252 3.89281
1.05114 -0.665532
0.535356 4.83785
0.240907 2.9162
0.500521 3.89506
-0.00225665 3.26802
0.783636 3.668
0.497597 2.54492
-0.0687343 3.59292
0.884178 3.53539
1.70965 2.22758
1.48115 0.501096
1.2418 2.37881
1.59576 -0.465223
-0.665043 2.45893
2.26048 2.61065
1.11863 1.56051
1.82383 1.27304
1.50177 1.67555
1.64384 0.38576
1.02647 2.37059
1.87061 0.393603
0.612707 2.19417
-0.350764 3.03309
1.52986 3.62892
1.1458 -0.788489
0.420137 4.78075
0.382178 3.00095
0.211 3.76812
0.422904 3.46869
0.10708 3.53627
0.584745 3.56568
-0.207244 3.00944
1.20233 3.73278
1.53571 -1.15821
0.0236055 4.51794
1.11334 3.30867
1.6683 -0.796682
-0.589349 3.3656
2.12449 2.68589
1.25104 1.31324
1.79829 1.12817
1.49644 1.76981
1.62204 0.283578
0.828317 2.3563
1.15517 2.64228
1.64437 -0.569134
-0.687721 2.68829
2.27248 2.45704
1.07757 1.67869
1.83088 1.31414
1.50142 1.65182
1.64955 0.409956
1.066 2.36466
1.82507 0.0870174
0.123636 1.97513
0.97938 4.24131
1.76121 2.18348
1.48602 0.683866
1.50685 2.10124
1.53058 0.0434586
0.15143 2.07613
0.894887 4.21907
1.01841 2.75417
1.85472 0.051425
-0.0118973 1.90557
1.22325 4.18074
1.63368 -1.1454
-0.142802 4.32792
1.43671 3.32909
1.24302 -0.808613
0.169698 4.55889
0.738678 3.20136
0.298173 2.42909
0.50643 4.08443
0.0175785 3.20149
0.764095 3.70218
0.265395 2.45287
0.567403 4.08775
-0.0714173 3.08403
0.929371 3.73294
1.85955 1.78031
1.50264 1.29779
1.71106 0.874833
1.50116 1.90587
1.58512 0.174719
0.561967 2.2679
-0.231359 3.36495
1.23756 3.61428
1.45109 -1.18519
0.224583 4.72539
0.765704 3.1644
0.632016 2.57326
-0.352232 2.67467
1.5831 3.71043
1.11038 -0.716075
0.423935 4.76609
0.363746 3.0001
0.252715 3.79362
0.365315 3.4614
0.21602 3.60485
0.427729 3.55609
0.0999867 3.49831
0.59894 3.5827
-0.222887 2.93988
1.24677 3.74955
1.45137 -1.2397
0.304238 4.81448
0.663589 3.10015
-0.228839 2.45298
1.38414 3.88509
1.25307 -1.27148
0.799928 5.15919
0.295421 2.71951
0.442351 3.96621
0.0994336 3.32194
0.624405 3.66891
-0.229784 2.82705
1.28316 3.78115
1.39152 -1.27517
0.483685 4.96706
0.444536 2.95471
0.0574637 3.65067
0.653397 3.50438
-0.242263 2.61353
1.36185 3.83443
1.27837 -1.26608
0.732274 5.12241
0.279158 2.76262
0.464974 3.95498
0.0633559 3.3027
0.678798 3.66763
-0.196572 2.54652
1.29175 3.88169
1.39264 -1.31753
0.541522 5.02164
0.402263 2.91158
0.170694 3.76623
0.478965 3.46265
-0.0117368 3.42071
0.780636 3.60031
0.526753 2.5534
-0.160945 3.43946
1.07553 3.59718
1.79263 -0.546358
-0.720171 2.51389
2.33492 2.27075
0.925224 1.80029
1.37708 2.51423
1.45722 -0.461829
-0.638072 2.83976
2.1818 2.71466
1.20225 1.38687
1.80921 1.17437
1.49595 1.74509
1.62845 0.306096
0.875322 2.36456
1.59013 2.33277
1.4584 0.10643
0.191245 2.11393
0.813449 4.21845
0.235547 2.4895
0.613546 4.07701
-0.133289 2.95334
1.06591 3.77076
1.85779 -0.332193
-0.624422 2.04785
2.27547 2.75032
1.11505 1.46527
1.785 1.56069
1.56135 1.25309
1.68976 1.02736
1.58592 1.63583
1.62998 0.602506
1.36591 2.20964
1.54769 -0.276032
-0.522585 2.08883
2.09318 3.24972
1.17186 0.806403
1.02276 2.51778
1.86389 0.238896
0.342719 2.07084
0.512814 4.19848
0.0287063 3.15391
0.756523 3.72679
0.180093 2.429
0.726836 4.09506
-0.111419 2.5403
1.14012 3.92639
1.73308 -0.834626
-0.595336 3.40064
2.14261 2.61816
1.23897 1.39914
1.80778 0.966478
1.41375 1.97961
1.59193 -0.034453
0.00929504 1.9977
1.15049 4.16878
1.8089 -0.662664
-0.717802 2.8537
2.30991 2.21138
0.937998 1.82814
1.50632 2.3933
1.44955 -0.134793
-0.414161 2.03446
1.9041 3.61162
1.09662 0.1426
-0.55063 2.90118
2.00684 3.13277
1.22702 0.729262
1.10904 2.50099
1.74025 -0.299767
-0.516067 1.97879
2.11485 3.2447
1.16509 0.847248
1.08918 2.52053
1.76751 -0.22657
-0.418988 1.90257
1.96233 3.57275
1.10407 0.29622
-0.528782 2.41625
2.02174 3.27437
1.18541 0.652539
0.667957 2.41634
-0.321525 2.46381
1.57029 3.78905
1.10282 -0.810479
0.576873 4.90184
0.233553 2.87784
0.520764 3.91214
-0.0336909 3.22259
0.84173 3.6821
1.18251 2.72133
1.59047 -0.676078
-0.625488 3.13775
2.16546 2.64743
1.21791 1.41472
1.8126 1.02272
1.43443 1.92707
1.59896 0.0396018
0.207881 2.08524
0.794306 4.23257
0.106377 2.47118
0.828123 4.05245
0.541075 2.58966
-0.205993 3.34066
1.17599 3.62651
1.57168 -1.07437
-0.155355 4.27583
1.4267 3.34437
1.24639 -0.839743
0.206381 4.60368
0.687106 3.1708
-0.123624 2.37601
1.2176 3.97364
1.56531 -1.19979
0.0344561 4.54729
1.11298 3.30171
1.66863 -0.793571
-0.59216 3.35567
2.12834 2.67824
1.24851 1.32639
1.80021 1.10561
1.48642 1.80145
1.61667 0.236131
0.71946 2.32456
-0.0943489 2.27629
1.20517 4.02095
1.61053 -1.14063
-0.118478 4.35322
1.38505 3.33751
1.27645 -0.919327
0.242795 4.66013
0.650609 3.14104
-0.26374 2.53025
1.42981 3.83841
1.19904 -1.16674
0.794183 5.12519
0.263125 2.71148
0.506289 3.98111
0.00117571 3.23353
0.783751 3.68396
0.483505 2.5398
-0.0231602 3.65739
0.797053 3.50524
0.814022 2.66261
1.20871 2.65342
1.56877 -0.656043
-0.622844 3.12618
2.15964 2.67026
1.22274 1.38736
1.80945 1.06802
1.45915 1.86822
1.60695 0.129412
0.449739 2.20706
0.158399 3.9338
0.500549 3.37863
-0.0686622 3.37096
0.885904 3.6182
1.67352 2.31124
1.46205 0.347133
0.879658 2.41681
1.64987 2.23092
1.48298 0.326718
0.860804 2.40654
1.50989 2.44683
1.4342 -0.155882
-0.472321 2.08866
1.99878 3.43938
1.14108 0.476989
-0.11959 2.08744
1.323 4.05649
1.3754 -1.39321
0.684317 5.13632
0.334723 2.809
0.343027 3.90138
0.240488 3.40314
0.41779 3.66441
0.121855 3.47083
0.571285 3.60182
-0.179195 3.07706
1.13393 3.71722
1.68425 -0.895656
-0.507102 3.63227
2.0155 2.87447
1.28485 0.938711
1.62669 1.98263
1.54571 0.42074
1.12188 2.39559
1.74146 -0.244189
-0.433092 1.92054
1.98223 3.53274
1.11438 0.3688
-0.436888 2.21097
1.88986 3.56714
1.11134 0.146803
-0.562823 2.78383
2.03836 3.10855
1.22485 0.813839
1.29205 2.4476
1.53138 -0.513256
-0.659499 2.76279
2.22233 2.61202
1.16035 1.52104
1.82698 1.07687
1.43583 1.9002
1.60602 0.0650584
0.278855 2.11931
0.643638 4.21719
-0.125582 2.86989
1.07058 3.80344
1.85696 -0.34716
-0.637764 2.07394
2.28945 2.68672
1.09591 1.52494
1.7904 1.55901
1.55776 1.27212
1.69044 0.992325
1.57443 1.69027
1.62153 0.522511
1.26946 2.29961
1.59042 -0.406008
-0.634976 2.30492
2.23712 2.76335
1.15197 1.41894
1.79946 1.40537
1.54654 1.45819
1.67404 0.715404
1.43443 2.08397
1.55427 -0.0852687
-0.15277 1.96117
1.43469 4.05558
1.20572 -1.31749
0.971546 5.24528
0.602281 2.74294
-0.330472 2.86354
1.49908 3.69617
1.1525 -0.912578
0.57453 4.92629
0.256895 2.87814
0.48131 3.91059
0.0319069 3.29616
0.726332 3.66261
-0.00522903 2.40473
1.01669 4.02506
1.97183 0.846072
0.918061 2.20705
1.72965 2.00534
1.52718 0.705915
1.52597 2.03397
1.54557 0.132011
0.417314 2.20713
0.260562 4.02018
0.356395 3.34096
0.238635 3.66329
0.392046 3.52917
0.166358 3.5527
0.500335 3.57188
-0.0456858 3.3395
0.847004 3.63178
1.29656 2.69025
1.46788 -0.670148
-0.508505 3.47492
1.97245 3.01397
1.26482 0.73844
1.27879 2.44041
1.54457 -0.513981
-0.663823 2.72817
2.23154 2.59448
1.14893 1.54472
1.82945 1.09178
1.43816 1.88985
1.60807 0.0776317
0.313005 2.13637
0.562084 4.19476
-0.0397063 3.0771
0.87783 3.74249
1.50376 2.562
1.40348 -0.231932
-0.591458 2.3358
2.15702 2.99234
1.19544 1.12372
1.66768 1.93881
1.55059 0.567533
1.36413 2.25762
1.53491 -0.313036
-0.574889 2.18339
2.16161 3.04293
1.18471 1.089
1.60884 2.0918
1.52053 0.299323
0.837213 2.38982
1.28041 2.61378
1.50001 -0.632883
-0.579896 3.25106
2.08763 2.82866
1.26004 1.12982
1.74414 1.57672
1.58431 1.10697
1.6743 1.30148
1.63318 1.21037
1.65469 1.23393
1.64322 1.2509
1.65019 1.19949
1.6442 1.28894
1.64972 1.14982
1.64032 1.36085
1.64902 1.04637
1.62404 1.51976
1.63889 0.817949
1.54286 1.88427
1.58201 0.281567
0.828051 2.36893
1.16396 2.642
1.63155 -0.587517
-0.68202 2.76781
2.25896 2.47379
1.09871 1.65781
1.83762 1.18202
1.45879 1.81278
1.62214 0.179215
0.57867 2.26506
-0.279114 3.24952
1.35005 3.63024
1.28702 -1.15556
0.558421 4.98238
0.332385 2.89192
0.334639 3.86962
0.251992 3.42118
0.399024 3.65636
0.154232 3.49326
0.523847 3.59923
-0.0901439 3.26289
0.935782 3.65948
1.90502 1.51564
1.44202 1.67446
1.66438 0.298154
0.83367 2.34346
1.20175 2.63382
1.58163 -0.636033
-0.642859 3.02939
2.19097 2.60751
1.19273 1.48425
1.82137 0.978684
1.39738 1.994
1.59476 -0.0676268
-0.07209 1.96881
1.29353 4.12111
1.4515 -1.37844
0.504122 5.01721
0.464774 2.9454
0.0024101 3.59054
0.747898 3.52938
0.232803 2.4285
0.636062 4.10184
-0.148814 2.87956
1.11102 3.79342
1.75985 -0.716065
-0.684811 3.02478
2.26129 2.3455
1.06433 1.7433
1.83908 1.2735
1.48236 1.71891
1.6391 0.308259
0.87412 2.36071
1.5792 2.34952
1.45439 0.0686781
0.0741251 2.06131
1.0237 4.18699
1.96032 1.20537
1.2352 2.05932
1.68882 -0.150716
-0.240925 1.90655
1.61971 3.95955
1.05699 -0.832339
0.738268 5.00529
0.170421 2.73221
0.655418 3.96644
-0.188635 2.77066
1.21324 3.81685
1.5309 -1.19331
0.08334 4.59378
1.01695 3.27354
1.86626 -0.107481
-0.330561 1.83874
1.81962 3.79508
1.04692 -0.198888
-0.0918892 4.10456
1.10146 3.40875
1.70255 -0.753001
-0.641557 3.18589
2.19874 2.51642
1.17834 1.5642
1.82744 0.864053
1.31195 2.11857
1.60755 -0.243833
-0.435755 1.98095
1.96524 3.53793
1.11478 0.3305
-0.480946 2.27948
1.95891 3.43726
1.14691 0.397241
-0.269999 2.08931
1.59812 3.90548
1.07393 -0.838321
0.697668 4.98424
0.175228 2.77019
0.638236 3.95118
-0.184587 2.83992
1.18876 3.79576
1.57865 -1.12157
-0.0991122 4.36596
1.33668 3.34383
1.31866 -1.00254
0.257105 4.69699
0.65186 3.13042
-0.261459 2.52109
1.42788 3.84249
1.20101 -1.17323
0.797778 5.12886
0.266729 2.70997
0.499949 3.98091
0.0112556 3.24428
0.766283 3.68139
0.302741 2.46474
0.487051 4.06721
0.0437841 3.2336
0.719214 3.69454
-0.0567866 2.42043
1.09123 3.99382
1.8742 -0.324848
-0.630432 2.04616
2.28494 2.71695
1.10337 1.49854
1.787 1.56679
1.55987 1.25357
1.69039 1.02413
1.58442 1.64207
1.62912 0.592748
1.35518 2.22181
1.5501 -0.297086
-0.547779 2.12385
2.12893 3.15161
1.1807 0.947424
1.38294 2.40356
1.48437 -0.384637
-0.642286 2.49993
2.21789 2.74104
1.16955 1.41466
1.80753 1.29698
1.52535 1.60127
1.65373 0.507821
1.22054 2.31304
1.63529 -0.392978
-0.617752 2.20805
2.22849 2.83523
1.15875 1.35103
1.77613 1.54607
1.56754 1.23894
1.68748 1.05966
1.59647 1.58225
1.63725 0.682455
1.44249 2.10104
1.54672 -0.0839195
-0.158467 1.96246
1.44422 4.04992
1.19354 -1.29826
0.976283 5.24094
0.616169 2.74578
-0.337716 2.75662
1.53378 3.71268
1.1312 -0.841224
0.536612 4.88178
0.273178 2.90992
0.446376 3.89356
0.0869326 3.34802
0.637767 3.65256
-0.236442 2.7509
1.31422 3.80008
1.34365 -1.28206
0.601323 5.04953
0.339719 2.86315
0.323391 3.87463
0.267517 3.41987
0.376658 3.65751
0.191508 3.51018
0.47121 3.60017
0.0170499 3.40596
0.734655 3.60997
0.074887 2.39894
0.898892 4.0665
1.3094 2.71449
1.45156 -0.672874
-0.482666 3.5393
1.92831 3.07559
1.25554 0.590917
0.876825 2.47183
1.66115 2.21422
1.48673 0.368483
0.968332 2.42333
1.89709 0.965474
1.23444 2.1334
1.66917 -0.231179
-0.395921 1.93552
1.90563 3.64661
1.08554 0.11736
-0.52604 3.05681
1.95317 3.18177
1.22318 0.574702
0.658848 2.40326
-0.346135 2.53177
1.60398 3.74403
1.09706 -0.689351
0.427135 4.76223
0.355178 2.99857
0.271566 3.80417
0.339472 3.45763
0.260668 3.62283
0.365364 3.55327
0.212473 3.56451
0.436632 3.57657
0.0836477 3.47757
0.624948 3.58905
-0.242918 2.80103
1.3163 3.78198
1.33859 -1.27208
0.599001 5.04487
0.337923 2.86443
0.327084 3.87583
0.262432 3.41886
0.384221 3.65798
0.179097 3.50471
0.488666 3.59991
-0.018301 3.36527
0.79711 3.62336
0.70079 2.62845
-0.0888571 2.30527
1.18512 4.01515
1.65626 -1.04902
-0.299595 4.07415
1.69899 3.23048
1.21176 -0.0883477
-0.58263 2.84698
2.07545 3.00286
1.23535 0.970167
1.57929 2.1215
1.51538 0.203041
0.57723 2.29393
-0.279063 3.24186
1.34978 3.63258
1.28732 -1.15733
0.560176 4.98409
0.331435 2.89058
0.336844 3.87098
0.248927 3.42013
0.403546 3.65666
0.146487 3.4889
0.534981 3.59936
-0.112398 3.2243
0.982255 3.67272
1.95773 0.686833
0.77775 2.20318
0.37592 2.39961
0.326532 4.01596
0.266007 3.34391
0.388452 3.69498
0.172164 3.48516
0.500521 3.60819
-0.0414561 3.33238
0.84034 3.63505
1.21726 2.71272
1.54617 -0.702402
-0.569127 3.33405
2.07767 2.82518
1.26603 1.11212
1.73855 1.59808
1.58534 1.06865
1.66879 1.36887
1.6349 1.11087
1.64519 1.38851
1.645 1.02441
1.62186 1.54725
1.63551 0.782763
1.52356 1.93948
1.57132 0.195531
0.609929 2.29357
-0.351736 2.98756
1.53524 3.63984
1.14161 -0.783142
0.42491 4.78324
0.375603 2.99747
0.226421 3.77906
0.401456 3.46547
0.149217 3.56736
0.522293 3.56008
-0.0929254 3.2723
0.940004 3.65569
1.91687 1.42833
1.40705 1.78632
1.6493 0.139294
0.471657 2.20602
0.0860364 3.86129
0.61301 3.41254
-0.263327 2.8237
1.35519 3.76338
1.28287 -1.2303
0.672723 5.07759
0.28193 2.80492
0.450946 3.93607
0.0834539 3.32601
0.646206 3.66219
-0.234139 2.70903
1.31977 3.81338
1.33659 -1.28661
0.623869 5.06525
0.326042 2.84598
0.355392 3.89377
0.223121 3.40448
0.442009 3.66126
0.0779789 3.44021
0.637654 3.60574
-0.242669 2.73592
1.33072 3.80072
1.31897 -1.27399
0.647218 5.07569
0.3081 2.82723
0.395604 3.91417
0.165914 3.37892
0.52411 3.66066
-0.0810245 3.25509
0.919793 3.66316
1.84727 1.822
1.50886 1.22302
1.71301 1.00443
1.55617 1.7215
1.61883 0.451177
1.16058 2.35549
1.69702 -0.328025
-0.544366 2.03323
2.14829 3.14059
1.17377 0.987296
1.42805 2.36592
1.47631 -0.284121
-0.583719 2.24771
2.16205 3.01499
1.18896 1.1128
1.64446 2.00611
1.53824 0.453835
1.18288 2.38116
1.66233 -0.402575
-0.623955 2.20172
2.23988 2.80082
1.14953 1.39167
1.7865 1.49845
1.56094 1.31999
1.68583 0.92749
1.55426 1.78047
1.60545 0.393832
1.06459 2.38226
1.82446 0.0741635
0.0977059 1.96324
1.02576 4.23183
1.95165 1.31712
1.30789 1.96312
1.65544 -0.0933474
-0.111364 1.93924
1.37241 4.09679
1.30096 -1.40856
0.868938 5.23437
0.397724 2.71556
0.205606 3.84835
0.4284 3.42563
0.0948989 3.54182
0.601891 3.56035
-0.230254 2.91988
1.26593 3.75272
1.41728 -1.25679
0.400996 4.89887
0.53572 3.02034
-0.187069 3.26366
1.13368 3.65345
1.67007 -0.907498
-0.483154 3.68558
1.97853 2.93669
1.28222 0.807463
1.45401 2.29037
1.48953 -0.187951
-0.447549 2.04076
1.96691 3.51245
1.12262 0.354452
-0.432038 2.20047
1.88333 3.57997
1.10765 0.122184
-0.554973 2.88427
2.01664 3.11883
1.22825 0.760622
1.18923 2.48656
1.62966 -0.506406
-0.679475 2.52025
2.27525 2.52562
1.08838 1.63355
1.82556 1.33406
1.51123 1.61469
1.65504 0.467208
1.15747 2.34039
1.7046 -0.30419
-0.513379 1.99502
2.10494 3.26092
1.16479 0.817313
1.01056 2.51883
1.87768 0.3533
0.520387 2.15187
-0.0669066 3.68151
0.888671 3.50503
1.7529 2.11778
1.50079 0.701098
1.52505 2.05613
1.53973 0.114591
0.3621 2.18013
0.425997 4.13003
0.13911 3.25811
0.581034 3.71282
-0.172887 3.04363
1.126 3.72997
1.7062 -0.846541
-0.570001 3.46331
2.10501 2.70643
1.26379 1.25964
1.78916 1.21244
1.5298 1.64488
1.64289 0.470149
1.17343 2.34004
1.68408 -0.343532
-0.562884 2.06583
2.17117 3.06665
1.17522 1.08339
1.57773 2.15938
1.50553 0.175391
0.485303 2.25207
0.0273696 3.78468
0.711034 3.44985
-0.0277098 2.38297
1.0589 4.02159
1.94331 0.14227
-0.0605883 1.85305
1.3256 4.15727
1.4 -1.42403
0.673959 5.14093
0.351451 2.81972
0.304015 3.87964
0.293946 3.41814
0.337102 3.65621
0.253526 3.52953
0.384208 3.60124
0.17949 3.52956
0.485137 3.58716
-0.0125014 3.37691
0.786129 3.61898
0.57338 2.57498
-0.288979 3.12968
1.37532 3.65979
1.25795 -1.13818
0.606685 5.00937
0.290403 2.85341
0.425359 3.91216
0.121199 3.36009
0.588052 3.65678
-0.19451 3.00587
1.17626 3.73759
1.59254 -1.08068
-0.177073 4.25196
1.4727 3.33399
1.22382 -0.729507
0.106975 4.47256
0.826169 3.25324
1.3407 2.6462
1.44464 -0.59436
-0.549164 3.32121
2.03256 2.93754
1.26567 0.930473
1.58916 2.08292
1.52452 0.253167
0.723308 2.35278
-0.0456831 2.27721
1.1259 4.04827
1.81542 -0.601937
-0.729367 2.67636
2.3336 2.18961
0.888203 1.83334
1.09523 2.61096
1.74378 -0.340814
-0.56963 2.03873
2.19003 3.02605
1.17002 1.14392
1.63611 2.03972
1.53108 0.407769
1.09116 2.40635
1.78362 -0.114836
-0.2305 1.87325
1.61501 3.97614
1.05717 -0.859063
0.772156 5.02993
0.18309 2.70349
0.643475 3.982
-0.181146 2.82589
1.18527 3.80162
1.58785 -1.10924
-0.1303 4.32336
1.39295 3.34256
1.26969 -0.907419
0.243157 4.6572
0.646958 3.1406
-0.271354 2.55181
1.43917 3.82678
1.18987 -1.14049
0.782729 5.11186
0.251041 2.7163
0.527139 3.98116
-0.0321418 3.19379
0.843836 3.69461
1.19303 2.72065
1.57607 -0.688509
-0.606402 3.21208
2.13611 2.70879
1.24051 1.31656
1.79904 1.16566
1.50655 1.72758
1.62984 0.342552
0.951356 2.37455
1.87858 1.26898
1.42349 1.83199
1.62976 0.111411
0.404606 2.17769
0.307715 4.06132
0.294099 3.32023
0.347786 3.70296
0.235776 3.50301
0.411803 3.61281
0.131166 3.49795
0.554983 3.59068
-0.152405 3.14712
1.07014 3.69713
1.82859 -0.439535
-0.690995 2.24978
2.33115 2.42857
0.991841 1.71879
1.66908 2.08749
1.51687 0.469862
1.20554 2.38096
1.63492 -0.43734
-0.650713 2.31818
2.25984 2.67837
1.12599 1.50842
1.81281 1.35475
1.52827 1.55385
1.66268 0.566376
1.29069 2.26153
1.58294 -0.372257
-0.610774 2.23328
2.21159 2.87742
1.17042 1.29601
1.75928 1.62007
1.5733 1.11338
1.68069 1.27346
1.62885 1.26383
1.65788 1.14766
1.63468 1.38271
1.65006 1.0048
1.61289 1.58892
1.6314 0.716363
1.47737 2.04436
1.55284 0.0217742
0.121056 2.056
0.951867 4.21284
1.59839 2.48926
1.41577 0.0439259
-0.0930637 2.01435
1.30887 4.09424
1.41239 -1.39407
0.60662 5.09013
0.378751 2.86694
0.233447 3.82419
0.390426 3.44243
0.170562 3.58925
0.490805 3.55402
-0.0279075 3.36938
0.813043 3.62074
0.900774 2.6946
1.84023 1.6653
1.51987 1.33487
1.70062 0.839599
1.49324 1.93919
1.57801 0.132382
0.445783 2.213
0.169498 3.94274
0.484056 3.37472
-0.0309225 3.42494
0.813538 3.59744
0.931495 2.70054
1.90227 1.16993
1.3431 1.97995
1.62736 -0.102429
-0.138335 1.94153
1.41798 4.07261
1.22953 -1.35295
0.960485 5.25254
0.572448 2.73702
-0.285646 3.08543
1.3698 3.67486
1.26379 -1.15611
0.616983 5.0212
0.288794 2.8457
0.429889 3.91611
0.11451 3.35458
0.598156 3.65748
-0.207793 2.95774
1.21192 3.74933
1.5192 -1.18282
0.0888765 4.59501
1.00169 3.2698
1.89237 0.0608668
-0.078129 1.86736
1.3483 4.13983
1.35263 -1.43126
0.784967 5.20292
0.342872 2.74848
0.33533 3.91779
0.251295 3.39564
0.403316 3.66913
0.147082 3.48392
0.534796 3.60205
-0.111586 3.22478
0.980641 3.6726
1.958 0.71417
0.81155 2.20905
0.795119 2.58213
0.939347 2.64384
1.9036 1.10183
1.306 2.03988
1.63462 -0.171456
-0.287796 1.92567
1.70044 3.88521
1.04229 -0.564037
0.42539 4.73156
0.335759 3.0047
0.311527 3.82042
0.284552 3.44956
0.348054 3.642
0.23733 3.53254
0.406301 3.59773
0.140798 3.51007
0.540213 3.58709
-0.124772 3.20569
1.00836 3.67872
1.93892 0.281411
0.202274 1.97082
0.847374 4.27265
0.451324 2.56915
0.0734754 3.76548
0.628048 3.45404
-0.262039 2.74399
1.36957 3.78606
1.26565 -1.22691
0.709791 5.09803
0.269715 2.77617
0.479756 3.95207
0.039564 3.28445
0.716717 3.66987
-0.0620589 2.41878
1.10022 3.99178
1.85343 -0.425362
-0.694372 2.23232
2.33877 2.40393
0.973306 1.73348
1.59986 2.23915
1.48292 0.185321
0.473799 2.25208
0.0662284 3.82961
0.644669 3.42733
-0.256877 2.63753
1.38527 3.81774
1.24778 -1.22599
0.752088 5.12095
0.267293 2.745
0.491028 3.96594
0.0233469 3.26317
0.744623 3.67567
0.115911 2.41073
0.833417 4.0803
0.559711 2.59952
-0.256841 3.21636
1.29584 3.65121
1.35941 -1.21394
0.468287 4.936
0.439418 2.9642
0.0707701 3.6619
0.631671 3.50017
-0.256268 2.73619
1.35915 3.79206
1.27918 -1.24326
0.699346 5.09703
0.277167 2.78525
0.463965 3.94605
0.0639783 3.30731
0.677141 3.66561
-0.199947 2.55335
1.29607 3.87776
1.38439 -1.3176
0.559699 5.03387
0.385896 2.89743
0.2126 3.80109
0.419534 3.45152
0.113557 3.54749
0.57435 3.56159
-0.191829 3.05953
1.16262 3.72041
1.61905 -1.03015
-0.281026 4.08767
1.65446 3.26612
1.20223 -0.226448
-0.487261 3.34038
1.89205 3.19449
1.22465 0.422807
0.201632 2.1764
0.773016 4.19753
0.0186874 2.47512
0.956511 4.01039
1.83192 1.93745
1.50684 1.08101
1.70795 1.26197
1.61017 1.35282
1.66286 0.984036
1.59636 1.64717
1.62509 0.616795
1.3862 2.18914
1.54342 -0.235356
-0.466744 2.03191
2.0067 3.44678
1.13755 0.486607
-0.11539 2.0891
1.31513 4.05919
1.39051 -1.38993
0.647272 5.11354
0.350818 2.83592
0.302967 3.87389
0.295412 3.42124
0.334516 3.65446
0.257497 3.53117
0.378481 3.60073
0.18922 3.53424
0.471433 3.58713
0.0154127 3.40892
0.736957 3.60841
0.0931694 2.40096
0.870922 4.07418
0.985026 2.73991
1.89775 0.406628
0.554056 2.15843
-0.183834 3.48727
1.13251 3.5826
1.65885 -0.908591
-0.472278 3.7057
1.96016 2.96703
1.27897 0.742311
1.33091 2.40452
1.5139 -0.452561
-0.657072 2.61956
2.22887 2.65162
1.15614 1.498
1.82281 1.16398
1.47436 1.79338
1.62236 0.22263
0.685786 2.31028
-0.29458 2.39154
1.53655 3.83457
1.1147 -0.93043
0.704328 5.01192
0.193486 2.7664
0.611043 3.95694
-0.15914 2.95032
1.1155 3.76565
1.74096 -0.763885
-0.651454 3.18245
2.21566 2.45625
1.15071 1.62908
1.83594 0.872815
1.30134 2.12295
1.61405 -0.250393
-0.4436 1.98297
1.9795 3.51333
1.12084 0.379167
-0.402515 2.17021
1.83331 3.65566
1.08671 -0.0515114
-0.392526 3.53582
1.69394 3.37521
1.17123 -0.192663
-0.45453 3.42182
1.82713 3.26262
1.20536 0.218694
-0.385072 2.11735
1.81645 3.69489
1.07599 -0.122354
-0.282542 3.7828
1.47758 3.44639
1.20104 -0.789444
0.260351 4.64232
0.593059 3.126
-0.28522 2.90777
1.38874 3.72537
1.24239 -1.15972
0.675611 5.05837
0.259587 2.79897
0.493228 3.94451
0.0168279 3.26646
0.754054 3.67267
0.195838 2.42861
0.700787 4.09857
-0.152949 2.6331
1.184 3.87676
1.61151 -1.09372
-0.185192 4.24877
1.49505 3.32549
1.2163 -0.670765
0.0422268 4.38501
0.928325 3.30484
1.92773 1.18251
1.29672 2.02035
1.64714 -0.151601
-0.242771 1.92086
1.6169 3.95612
1.05872 -0.83627
0.738424 5.00638
0.17122 2.73222
0.654198 3.96665
-0.188342 2.77599
1.21134 3.81525
1.53454 -1.18838
0.0697328 4.5781
1.04005 3.28217
1.82188 -0.327124
-0.593312 2.02251
2.23325 2.90389
1.15161 1.29972
1.73739 1.74089
1.56979 0.935059
1.64509 1.5944
1.62101 0.795861
1.54404 1.90223
1.5772 0.270176
0.799988 2.36274
0.824058 2.60068
1.28808 2.62551
1.49035 -0.635749
-0.567446 3.29184
2.06733 2.86568
1.26474 1.05949
1.70582 1.74842
1.5788 0.830741
1.59355 1.80215
1.59268 0.470241
1.20575 2.34909
1.64264 -0.408851
-0.630206 2.23694
2.24261 2.77568
1.14703 1.41486
1.79422 1.45227
1.55384 1.3922
1.68093 0.814515
1.49994 1.94631
1.5745 0.140321
0.464984 2.22365
0.103435 3.87585
0.584699 3.40529
-0.235236 2.98814
1.2656 3.72966
1.41483 -1.24789
0.393349 4.88988
0.542142 3.02612
-0.20221 3.2275
1.16898 3.66311
1.59308 -1.05495
-0.213409 4.19224
1.53305 3.32078
1.2051 -0.573743
-0.0662042 4.2269
1.11232 3.37897
1.67583 -0.804799
-0.587445 3.37893
2.1231 2.68509
1.25217 1.31125
1.79795 1.12845
1.49698 1.76858
1.6222 0.285726
0.833082 2.35742
1.20841 2.63332
1.57333 -0.641468
-0.634679 3.06747
2.17788 2.6354
1.2063 1.44346
1.81648 1.00872
1.42138 1.9512
1.59702 0.000133514
0.102349 2.03537
0.989644 4.2106
1.84438 1.92176
1.50233 1.13361
1.71456 1.15875
1.59321 1.50751
1.65079 0.755907
1.49073 1.99932
1.56212 0.0813928
0.294172 2.13905
0.603756 4.20376
-0.0900598 2.98249
0.982124 3.76953
1.96115 0.865474
0.972056 2.20973
1.86952 1.27076
1.43821 1.80617
1.63117 0.155509
0.517519 2.23375
-0.0783721 3.64744
0.909256 3.51868
1.85164 1.77767
1.50837 1.27425
1.71063 0.918958
1.52409 1.84102
1.59691 0.275493
0.814725 2.36078
1.00243 2.64107
1.88114 0.303791
0.41914 2.10252
0.288327 4.06582
0.321023 3.31783
0.303421 3.6952
0.300712 3.5159
0.317434 3.60723
0.285597 3.55884
0.335894 3.58709
0.258675 3.5636
0.373546 3.58404
0.197851 3.5452
0.458517 3.58346
0.0410678 3.43673
0.693506 3.59984
-0.149075 2.46093
1.23226 3.93357
1.52082 -1.24536
0.177683 4.70514
0.871638 3.20618
1.74092 2.11355
1.50345 0.667078
1.48972 2.11951
1.52895 -0.00550774
0.0161476 2.01797
1.13136 4.16697
1.85378 -0.47943
-0.720937 2.36219
2.35429 2.26005
0.89094 1.801
1.06693 2.6089
1.79013 -0.187464
-0.371167 1.8776
1.88104 3.70279
1.06971 0.0174713
-0.417402 3.45494
1.7387 3.35497
1.17665 -0.0645037
-0.557813 2.99414
2.02175 3.07078
1.23886 0.807533
1.33029 2.41993
1.51014 -0.46366
-0.65689 2.66609
2.22443 2.64669
1.16042 1.49676
1.82333 1.1389
1.4653 1.82269
1.61737 0.180432
0.582142 2.26802
-0.288805 3.22204
1.37349 3.63258
1.26066 -1.12362
0.57946 4.98726
0.306042 2.87471
0.391177 3.89545
0.171698 3.39026
0.514519 3.65654
-0.0628287 3.28457
0.883414 3.65284
1.6302 2.39136
1.44173 0.181687
0.369905 2.20905
0.396057 4.10688
0.177794 3.28258
0.523768 3.71233
-0.0720669 3.24956
0.90421 3.66611
1.7663 2.1006
1.5019 0.754075
1.57236 1.94794
1.56098 0.303403
0.873867 2.38611
1.59395 2.32889
1.45928 0.118638
0.228684 2.1322
0.739183 4.21759
-0.0908007 2.55309
1.1013 3.93117
1.82874 -0.513279
-0.723119 2.43435
2.34787 2.25148
0.896465 1.80609
1.13124 2.60666
1.68711 -0.476346
-0.674476 2.3636
2.28884 2.54746
1.07606 1.62678
1.8115 1.4641
1.5396 1.4348
1.6801 0.73243
1.44174 2.06624
1.5569 -0.0597913
-0.0874236 1.97552
1.31611 4.10791
1.40262 -1.404
0.640927 5.11458
0.360209 2.84198
0.280592 3.86015
0.325878 3.42806
0.285372 3.64261
0.329474 3.54396
0.271213 3.58657
0.353878 3.57286
0.230756 3.56242
0.41206 3.58111
0.130086 3.51
0.555062 3.58434
-0.153697 3.14672
1.0728 3.69711
1.82259 -0.464309
-0.701946 2.30623
2.33704 2.37219
0.964086 1.75067
1.57058 2.29233
1.47041 0.0785627
0.139323 2.08614
0.910944 4.21059
1.20821 2.75173
1.55019 -0.72296
-0.555077 3.38733
2.05756 2.85695
1.27091 1.04541
1.70148 1.75902
1.57831 0.808543
1.58102 1.84406
1.58514 0.404527
1.09104 2.38641
1.78723 -0.0911659
-0.18761 1.87798
1.53408 4.031
1.10439 -1.1028
0.952652 5.17463
0.520765 2.70489
-0.152745 3.41756
1.05634 3.60402
1.8371 -0.372238
-0.64674 2.10969
2.29481 2.64888
1.08568 1.5569
1.79242 1.563
1.55629 1.27479
1.69091 0.985833
1.57178 1.70113
1.61978 0.506054
1.24676 2.315
1.60758 -0.413663
-0.637575 2.2964
2.24289 2.74766
1.14631 1.43761
1.80235 1.39483
1.543 1.47848
1.6719 0.683535
1.40845 2.12606
1.55188 -0.157466
-0.316647 1.95844
1.74242 3.83315
1.04595 -0.415116
0.207938 4.50385
0.602812 3.17391
-0.28842 2.84676
1.40606 3.73944
1.224 -1.13999
0.695189 5.06415
0.247664 2.78233
0.517944 3.95328
-0.0221324 3.2191
0.823304 3.68561
0.955649 2.7108
1.91381 0.805708
1.05233 2.22649
1.85764 0.386235
0.636588 2.20888
-0.382734 2.82135
1.62711 3.63434
1.11297 -0.545694
0.174021 4.49883
0.677646 3.19907
-0.172899 2.41049
1.29269 3.93461
1.4015 -1.33656
0.54922 5.03324
0.40261 2.90679
0.170263 3.76728
0.479547 3.46204
-0.0130685 3.41929
0.783023 3.60081
0.554065 2.56542
-0.240741 3.2672
1.25714 3.64162
1.41989 -1.20873
0.32524 4.82141
0.620363 3.08061
-0.303977 2.71713
1.46645 3.7584
1.16908 -1.03333
0.693918 5.03352
0.220011 2.7788
0.565521 3.95506
-0.0977635 3.10255
0.97242 3.72104
1.9571 0.945714
1.06013 2.19052
1.85381 0.381837
0.639403 2.21154
-0.384311 2.79551
1.63451 3.6371
1.11078 -0.528748
0.156756 4.47704
0.702575 3.21356
-0.0304243 2.35779
1.07216 4.02906
1.92406 -0.0283151
-0.306112 1.81219
1.78463 3.84491
1.03706 -0.323932
0.11155 4.38305
0.744515 3.25434
0.342946 2.45097
0.398109 4.03901
0.169357 3.31621
0.529569 3.69319
-0.0862451 3.23431
0.931892 3.6709
1.89026 1.61088
1.47151 1.54396
1.68388 0.48899
1.15881 2.32627
1.70611 -0.293128
-0.497885 1.98008
2.08174 3.31846
1.15747 0.730041
0.718828 2.44436
-0.0275954 2.28596
1.09419 4.05526
1.89038 -0.258305
-0.576877 1.95543
2.22507 2.95985
1.1536 1.24364
1.6977 1.88203
1.55718 0.698447
1.50947 2.04379
1.5459 0.0885498
0.296797 2.14468
0.59604 4.20031
-0.0818469 3.00201
0.963766 3.76368
1.94511 1.19261
1.26355 2.04371
1.66733 -0.162111
-0.262724 1.91339
1.65787 3.92665
1.04671 -0.707278
0.60461 4.89477
0.193792 2.85628
0.588682 3.91736
-0.140057 3.0287
1.06396 3.74173
1.85406 -0.340444
-0.629472 2.06004
2.28023 2.72735
1.10891 1.487
1.78824 1.55164
1.55937 1.2724
1.68974 0.994651
1.57587 1.68526
1.62226 0.530636
1.28039 2.29157
1.58311 -0.398845
-0.631412 2.29924
2.23238 2.78168
1.15635 1.39898
1.79502 1.42948
1.55206 1.41865
1.67805 0.776315
1.47747 1.99991
1.56522 0.0548294
0.224231 2.10255
0.75804 4.2284
-0.0439352 2.50982
1.04021 3.96789
1.95493 0.308061
0.198023 1.96212
0.858393 4.27464
0.549541 2.60961
-0.230531 3.27992
1.23294 3.64063
1.46206 -1.18994
0.20914 4.71298
0.79308 3.17756
0.978257 2.68542
1.90353 0.533263
0.740407 2.22269
0.00434183 2.27054
1.05064 4.0778
1.96585 0.400547
0.319695 2.01819
0.588047 4.23865
-0.0622997 3.01607
0.927707 3.76251
1.83919 1.87151
1.50984 1.15643
1.71251 1.12237
1.58837 1.55231
1.64489 0.694955
1.44677 2.08783
1.54914 -0.0668483
-0.114031 1.97093
1.36309 4.08781
1.31403 -1.40773
0.838725 5.2207
0.36532 2.72174
0.287095 3.90081
0.316774 3.40642
0.302114 3.65609
0.304855 3.53624
0.309509 3.5965
0.298055 3.56566
0.317212 3.58271
0.287512 3.57108
0.332077 3.58077
0.264947 3.56796
0.364372 3.58221
0.213217 3.55214
0.436973 3.5832
0.0833018 3.47478
0.62577 3.59032
-0.243039 2.79686
1.31747 3.78312
1.33694 -1.27214
0.602893 5.04739
0.335143 2.86141
0.333543 3.87964
0.25351 3.41606
0.397491 3.65903
0.156867 3.4935


