1.89575 -2.01055
0.673117 5.29469
2.07253 -2.23514
0.407314 4.21316
2.30277 -2.41804
1.39965 3.91845
2.75725 3.79675
1.83695 4.39795
2.23828 5.25898
2.09693 4.89768
2.13634 5.14545
2.16145 4.93803
2.08179 5.16761
2.2147 4.84995
1.98277 5.28068
2.31441 4.56855
1.63099 5.38118
2.61687 3.28676
1.95416 -0.133602
1.4882 4.20281
2.69343 3.97489
1.57817 4.65117
2.63108 3.94072
1.78485 4.42879
2.35377 5.04412
1.94831 5.11969
2.3308 4.66548
1.72702 5.37085
2.53808 3.72892
2.47928 1.72424
1.54593 1.08668
0.933647 5.17118
2.59072 -1.1626
1.98636 2.27501
2.21555 0.501169
2.19847 1.35909
1.97609 0.807063
2.3293 2.01222
1.65254 0.794868
0.82619 4.57084
2.7303 -0.740491
1.72997 2.08097
1.77892 4.19946
2.204 5.3701
2.14999 4.75139
1.99187 5.34013
2.31403 4.51787
1.56775 5.36183
2.66097 2.99692
1.62256 0.0834156
0.910298 5.31689
2.45977 -1.57106
2.00576 2.98413
2.40587 1.04944
1.83474 1.17361
2.23604 3.06414
1.96901 0.0990982
1.88732 3.854
1.36629 5.41358
2.76805 1.44828
1.21558 1.2137
2.66284 5.05689
1.96096 4.67492
2.20589 5.18687
2.10771 4.95509
2.14486 5.09811
2.14448 4.99388
2.11868 5.09724
2.16906 4.96689
2.0847 5.14506
2.20884 4.87664
2.00379 5.25464
2.2937 4.63619
1.72553 5.397
2.54406 3.67677
2.46899 1.14661
1.73191 1.24578
1.62514 4.26583
2.54135 4.61073
1.61823 5.2105
2.60366 3.53018
2.34323 0.270742
2.12439 1.45694
2.04869 0.712726
2.30593 1.63797
1.76822 0.880618
1.59756 4.25206
2.57587 4.49243
1.53291 5.16171
2.6616 3.19796
1.88252 -0.126199
1.07712 4.29459
2.87613 1.46443
1.06136 0.918609
3.05721 3.08571
2.2107 3.77193
2.16308 3.67429
2.26111 3.33698
2.1839 0.114419
2.25986 2.08166
1.72895 0.667837
1.0813 4.39226
2.86641 1.40031
1.07588 1.00235
3.02959 3.29525
2.0475 4.17139
1.42294 5.39456
2.75084 1.95497
1.17347 0.868129
2.82539 4.55464
1.8528 4.70609
2.36553 4.87772
1.86564 5.24892
2.41013 4.33727
1.33804 5.07763
2.77009 2.17462
1.17931 0.643011
2.83636 4.565
1.89639 4.64354
2.28429 5.07879
2.01411 5.09177
2.26756 4.82081
1.91147 5.31214
2.3778 4.3789
1.37362 5.1632
2.75727 2.2346
1.19591 0.620895
2.7902 4.75688
1.94656 4.60656
2.18697 5.24442
2.13509 4.88252
2.08689 5.20099
2.21467 4.82288
1.96623 5.30411
2.33098 4.50932
1.54635 5.34238
2.67303 2.9207
1.55497 0.146716
1.19005 5.72848
2.54098 -1.07712
2.04492 2.31342
2.0889 0.366502
2.29022 2.11348
1.68462 0.699505
0.879635 4.47767
2.79835 -0.213186
1.51601 1.93008
1.13216 5.40283
2.68761 -0.425094
1.78749 1.95244
2.24032 3.18134
2.05901 0.0686555
2.15441 3.13421
2.1943 0.203436
2.25671 1.85895
1.77347 0.740754
1.48239 4.3001
2.70364 3.83399
1.91355 4.28001
1.94158 5.55048
2.40415 4.09008
1.48637 4.63561
2.69501 3.54748
2.48093 1.17936
1.70747 1.25503
1.41715 4.37097
2.74965 3.42913
2.45592 0.802949
1.85384 1.30642
2.32919 2.49697
1.61518 0.554788
0.803795 4.94522
2.54183 -1.48218
2.01321 2.56437
2.2135 0.407236
2.21923 1.47778
1.91638 0.79491
2.27483 2.73484
1.73492 0.3408
0.843024 4.43526
2.78246 -0.421999
1.58148 1.99613
0.932754 4.90285
2.71681 -0.585214
1.74654 2.02415
1.95012 3.96543
1.34598 5.36166
2.77241 1.46444
1.20547 1.19537
2.69929 4.94791
1.92091 4.71201
2.27979 5.05088
2.0092 5.11693
2.27507 4.78688
1.88044 5.33575
2.40643 4.27249
1.3011 4.96622
2.78405 2.13657
1.16757 0.641839
2.86909 4.41891
1.87022 4.65037
2.32414 4.99936
1.95423 5.16409
2.32889 4.63344
1.69506 5.3764
2.56505 3.58936
2.39011 0.479198
2.02253 1.33681
2.22941 0.895277
2.0782 1.02898
2.22281 1.04724
2.03991 0.949358
2.2836 1.28366
1.89729 0.936637
2.29532 2.63763
1.6802 0.428628
0.759251 4.61414
2.64159 -1.24027
1.90973 2.26371
2.36997 1.07702
1.86587 1.11357
2.29725 2.69076
1.68913 0.395252
0.759785 4.5885
2.65245 -1.20137
1.89261 2.24156
2.39034 1.29202
1.77582 1.09492
1.86219 4.01554
1.71634 5.6218
2.61433 3.07877
1.67577 0.0606196
0.755382 4.95002
2.46645 -1.72335
1.98019 3.03118
2.43576 1.68588
1.60699 1.05189
0.825249 4.72511
2.67465 -0.994649
1.85333 2.15423
2.40092 1.89679
1.5928 0.932656
0.824292 4.87255
2.60822 -1.24912
1.95995 2.29719
2.27753 0.632737
2.10151 1.19917
2.14895 0.860534
2.18053 1.08503
2.07907 0.910837
2.24848 1.18179
1.96883 0.921188
2.33651 1.82896
1.68345 0.870564
0.976454 4.44836
2.8488 0.561746
1.25163 1.57911
2.53114 5.32853
2.05668 4.59277
1.99253 5.42002
2.32714 4.41672
1.42905 5.25956
2.73609 2.38468
1.24176 0.536595
2.64897 5.23028
2.12486 4.36615
1.57644 5.4624
2.67407 2.78682
1.44073 0.282425
1.7581 6.11875
2.69769 0.705168
1.53325 1.61542
0.98897 5.19033
2.64814 -0.851249
1.89621 2.09338
2.37391 1.1988
1.82321 1.09103
2.14562 3.40418
2.43372 1.11863
1.78155 1.19996
1.98266 3.82868
1.1495 4.94599
2.81295 1.03534
1.22557 1.39398
2.6244 5.13102
1.97431 4.68154
2.19002 5.2049
2.12487 4.92583
2.1162 5.14689
2.18015 4.91433
2.05221 5.20417
2.2459 4.76986
1.89608 5.34964
2.39524 4.29474
1.30671 5.01192
2.78189 2.08895
1.15981 0.687484
2.88372 4.33645
1.84957 4.66129
2.35586 4.92567
1.89764 5.21728
2.38118 4.45191
1.45625 5.25259
2.72005 2.58079
1.32658 0.395378
2.32272 5.86779
2.49213 3.27058
1.87294 -0.0308516
1.1484 4.29893
2.86605 1.93735
1.11697 0.570069
2.99563 3.7308
1.89878 4.48858
2.18677 5.29426
2.14521 4.82847
2.0477 5.26361
2.25691 4.70066
1.82568 5.39028
2.45999 4.04121
1.6588 4.51492
2.55212 4.4239
1.46412 5.13591
2.70534 2.86645
1.53403 0.145561
1.30188 5.85196
2.57762 -0.830902
2.00277 2.10421
2.16821 0.492488
2.24335 1.47943
1.88634 0.827591
2.22035 3.05891
1.99497 0.100978
1.99802 3.63794
1.39918 4.58267
2.74882 3.1665
2.03083 -0.199827
1.79889 3.93612
1.82464 5.65078
2.53917 3.47647
2.18838 -0.023011
2.24411 2.34846
1.7301 0.52821
0.964198 4.40439
2.85169 0.52621
1.25208 1.59056
2.53037 5.32824
2.05577 4.59535
1.9965 5.41686
2.32325 4.42876
1.44615 5.2778
2.72843 2.45409
1.26757 0.491451
2.55834 5.46026
2.23874 4.13203
1.24147 4.85512
2.80645 1.91493
1.12739 0.770455
2.95198 3.94031
1.82348 4.61437
2.37472 4.90815
1.87544 5.22315
2.40018 4.39076
1.38608 5.16464
2.75139 2.31713
1.21889 0.563054
2.72529 4.9982
2.03135 4.50852
1.95081 5.47287
2.37339 4.24985
1.28531 4.94068
2.79016 2.07352
1.15407 0.679955
2.89935 4.26062
1.84318 4.65414
2.36188 4.91602
1.88849 5.2225
2.38923 4.42407
1.42267 5.2154
2.73581 2.44778
1.26567 0.482388
2.56817 5.4401
2.22986 4.15138
1.23228 4.90947
2.80702 1.75151
1.12392 0.90327
2.94715 3.92519
1.79931 4.63625
2.41267 4.80106
1.78911 5.26997
2.47458 4.09267
1.50612 4.64046
2.68208 3.63407
2.47625 2.0319
1.47702 0.944792
1.29536 5.74152
2.65057 -0.450517
1.85846 1.9343
2.39347 1.7598
1.63529 0.972781
0.843885 4.59238
2.74004 -0.650001
1.70207 2.05591
1.51301 4.39376
2.68077 3.89169
1.80686 4.41515
2.30729 5.14014
2.01354 5.03569
2.26038 4.87654
1.95241 5.26769
2.33888 4.52138
1.55726 5.34296
2.6654 2.98149
1.61019 0.0931645
0.95594 5.39807
2.46907 -1.50493
2.02324 2.89086
2.32871 0.613669
2.05202 1.2281
2.21053 0.914926
2.09394 1.01316
2.20706 1.02799
2.06422 0.949809
2.25705 1.18236
1.95875 0.930962
2.33845 1.90612
1.66335 0.847067
0.876911 4.51017
2.78892 -0.281735
1.54855 1.95319
1.00028 5.14771
2.68128 -0.665777
1.82443 2.03196
2.36559 2.41622
1.56591 0.640592
0.935664 5.26226
2.53645 -1.34105
2.03124 2.49827
2.1521 0.348242
2.27139 1.78119
1.77276 0.787068
1.53014 4.28195
2.659 4.10355
1.44175 4.79987
2.71496 3.1888
1.9762 -0.183127
1.54204 4.16893
2.62979 4.3172
1.44157 5.03044
2.71417 2.90989
1.59074 0.080224
1.04854 5.5489
2.48982 -1.36521
2.04864 2.6916
2.17289 0.311436
2.26219 1.75594
1.79015 0.780276
1.65667 4.20117
2.4671 4.868
1.8025 5.18947
2.45831 4.22645
1.32223 4.87381
2.77583 2.42715
1.26985 0.412938
2.56831 5.45237
2.24612 4.10537
1.26663 4.79229
2.80023 2.18412
1.17809 0.560263
2.85192 4.51863
1.90396 4.62211
2.26266 5.1266
2.04558 5.04142
2.22974 4.92411
2.0062 5.21938
2.28805 4.67764
1.77369 5.38938
2.50295 3.87083
2.26618 3.40441
2.25507 0.213424
2.21588 1.63856
1.87762 0.744247
2.13571 3.37729
2.42921 1.07924
1.79908 1.20202
2.09152 3.58051
2.1878 3.57165
2.45314 1.88496
1.53541 0.994869
0.985258 5.29572
2.58301 -1.12894
1.99705 2.26741
2.19057 0.465387
2.22877 1.45558
1.91084 0.814012
2.27244 2.75901
1.74624 0.321645
0.872066 4.41196
2.80795 -0.176999
1.48701 1.915
1.2847 5.60885
2.71175 0.00672852
1.67135 1.83795
1.27679 4.46262
2.81402 2.59605
1.44233 0.160989
1.80882 6.14331
2.69615 0.801521
1.50953 1.5815
1.08712 5.38215
2.65378 -0.689166
1.87654 2.02809
2.39053 1.46535
1.72234 1.05381
1.38971 4.36282
2.76645 3.29245
2.30694 0.0918603
2.19101 1.67985
1.90022 0.697619
2.18205 3.19678
2.19017 0.176442
2.25926 1.9277
1.75605 0.722365
1.32721 4.34991
2.80011 2.96582
1.86557 -0.183593
0.922346 4.30885
2.85203 0.327608
1.29013 1.68089
2.37234 5.60689
2.22959 4.27744
1.31297 5.16864
2.78075 1.77906
1.15049 0.945583
2.88068 4.27853
1.7935 4.71887
2.43738 4.68004
1.68597 5.29522
2.56005 3.68915
2.47938 1.37359
1.64872 1.20268
0.971338 4.49923
2.83951 0.451999
1.296 1.64765
2.33906 5.66003
2.27249 4.1702
1.24935 4.88176
2.80327 1.92512
1.13017 0.770481
2.94585 3.97706
1.82046 4.62499
2.38226 4.88441
1.85785 5.23661
2.4157 4.33041
1.33409 5.06365
2.77146 2.17614
1.17921 0.638516
2.83726 4.56226
1.8967 4.64246
2.28334 5.08105
2.01558 5.08951
2.26589 4.82565
1.91627 5.30852
2.37339 4.39455
1.39084 5.18902
2.75046 2.29389
1.21231 0.584975
2.74354 4.93288
2.00556 4.54263
2.03403 5.41692
2.29272 4.49634
1.55481 5.3679
2.67124 2.90893
1.54211 0.162354
1.24919 5.79429
2.5621 -0.943856
2.02449 2.18831
2.12407 0.426291
2.28181 1.76988
1.76276 0.806471
1.47313 4.31017
2.71135 3.77529
2.07486 3.99416
1.18272 4.95981
2.81179 1.26905
1.17857 1.24983
2.78434 4.62973
1.8129 4.78738
2.4274 4.66245
1.67374 5.30539
2.57104 3.62265
2.43652 0.761623
1.88886 1.28944
2.35988 2.00074
1.6182 0.840192
0.800866 4.74267
2.63869 -1.17811
1.91606 2.2381
2.35673 0.994017
1.90651 1.11561
2.34718 2.10584
1.61471 0.779732
0.797731 4.79823
2.60956 -1.28485
1.95654 2.313
2.28734 0.656754
2.08425 1.18567
2.17607 0.890657
2.14086 1.03567
2.14239 0.948355
2.16467 1.01524
2.11885 0.952135
2.19203 1.04221
2.07784 0.936929
2.24425 1.1532
1.98251 0.926205
2.33175 1.69661
1.72258 0.903923
1.25761 4.3832
2.82724 2.54627
1.42263 0.171007
1.91327 6.14426
2.69416 1.24742
1.38713 1.39714
1.80066 5.99002
2.6971 1.79116
1.2528 1.07514
2.52408 5.43159
2.15445 4.37405
1.5385 5.42953
2.69325 2.64748
1.35606 0.382683
2.18026 6.00765
2.59517 2.6567
1.37638 0.496705
2.03083 6.07485
2.65798 2.09372
1.26119 0.895152
2.50788 5.49572
2.20887 4.2443
1.29055 5.14312
2.78695 1.673
1.15242 1.01448
2.87023 4.31073
1.78509 4.73653
2.4492 4.63229
1.64021 5.28969
2.59526 3.50338
2.28861 0.121163
2.20189 1.68205
1.88513 0.71186
2.13997 3.35674
2.4117 0.910698
1.87154 1.21543
2.33493 2.39155
1.60467 0.62265
0.818395 4.97327
2.54685 -1.44932
2.01313 2.53025
2.20363 0.401838
2.22867 1.50913
1.89594 0.798793
2.23097 2.99878
1.9328 0.129555
1.74221 4.05091
2.15939 5.46103
2.20872 4.59591
1.76875 5.44418
2.51821 3.75593
2.47017 1.97243
1.49602 0.970023
1.18268 5.60662
2.62262 -0.735596
1.93203 2.04055
2.31266 0.845779
2.00077 1.10981
2.29978 1.253
1.88844 0.967618
2.29045 2.68797
1.69844 0.389761
0.771622 4.54712
2.68171 -1.06983
1.84081 2.18372
2.39029 2.17076
1.5536 0.799143
0.946391 5.2544
2.55674 -1.26505
2.02011 2.39619
2.15632 0.384292
2.26632 1.69676
1.79976 0.803441
1.75386 4.1164
2.19164 5.40838
2.16964 4.69422
1.92031 5.39552
2.38218 4.29317
1.3028 5.01653
2.78338 2.0522
1.15401 0.714865
2.89526 4.27127
1.83697 4.66413
2.37308 4.88432
1.86401 5.241
2.41091 4.3418
1.34179 5.08461
2.76865 2.18611
1.18211 0.636575
2.82921 4.59698
1.90445 4.6383
2.27005 5.10626
2.03394 5.06297
2.24467 4.88351
1.97133 5.25942
2.32199 4.56926
1.62653 5.3757
2.61931 3.27632
1.94108 -0.130742
1.41511 4.23245
2.7547 3.54161
2.47211 2.16501
1.45981 0.869679
1.4159 5.86457
2.67528 -0.124473
1.76533 1.84578
2.11164 3.60284
2.22744 3.44676
2.36271 0.552187
2.03253 1.28141
2.2264 0.916782
2.0752 1.01607
2.22955 1.06894
2.02543 0.944785
2.29869 1.36516
1.85537 0.937986
2.18401 3.2401
2.22743 0.221939
2.23536 1.70408
1.83636 0.754176
1.94263 3.85127
1.21208 5.17088
2.79222 0.965745
1.28273 1.46651
2.38414 5.62185
2.24917 4.21034
1.24915 4.99982
2.79999 1.6946
1.13462 0.96673
2.91781 4.07588
1.77885 4.68976
2.44843 4.6663
1.67084 5.28842
2.57117 3.63768
2.45179 0.898364
1.82952 1.27731
2.26157 2.95847
1.85356 0.172123
1.30831 4.29721
2.81262 2.89952
1.80678 -0.155803
0.736613 4.42103
2.68625 -1.12648
1.83196 2.20526
2.37466 2.38249
1.55507 0.669132
0.972069 5.32725
2.54434 -1.27698
2.03047 2.43523
2.13978 0.357027
2.27712 1.82444
1.75561 0.782846
1.39075 4.33791
2.76707 3.31812
2.35057 0.2204
2.12783 1.49499
2.03407 0.698068
2.31414 1.76515
1.72534 0.857305
1.23498 4.38333
2.8353 2.41184
1.32464 0.270476
2.37309 5.82263
2.47129 3.35051
1.98157 -0.068147
1.7337 4.03282
2.16588 5.45872
2.20345 4.60481
1.78566 5.44341
2.50393 3.81917
2.39503 2.76066
1.58 0.426586
0.945136 5.31973
2.5107 -1.40621
2.03812 2.63119
2.17553 0.33283
2.25883 1.70767
1.80617 0.788878
1.78358 4.08285
2.07073 5.53143
2.2968 4.38045
1.39734 5.24366
2.75084 2.2055
1.1921 0.659565
2.79608 4.7251
1.93092 4.62546
2.22327 5.1862
2.09284 4.96602
2.16399 5.06887
2.1198 5.04051
2.15596 5.02497
2.11621 5.07682
2.16741 4.98448
2.09245 5.12647
2.19883 4.90558
2.02869 5.22327
2.26878 4.71251
1.82493 5.38132
2.45909 4.05243
1.62147 4.54588
2.59245 4.2294
1.3815 4.92186
2.74654 2.72077
1.44743 0.209154
1.75588 6.12765
2.69455 0.633534
1.55824 1.63749
0.917058 4.98733
2.66589 -0.875779
1.86592 2.1061
2.39994 1.64601
1.65893 1.01769
0.938732 4.49068
2.82828 0.214676
1.37024 1.76228
1.95757 5.93721
2.60687 2.78411
1.43108 0.371598
1.77204 6.11031
2.70135 0.837936
1.49011 1.56984
1.18603 5.53102
2.67144 -0.453915
1.82144 1.95034
2.35842 2.45963
1.57565 0.607553
0.907411 5.20985
2.5304 -1.39027
2.03039 2.54844
2.16756 0.34875
2.26243 1.71228
1.8006 0.793105
1.74849 4.12085
2.21024 5.38459
2.14961 4.73683
1.98139 5.35297
2.32463 4.48198
1.51468 5.32845
2.69254 2.76631
1.43522 0.271684
1.79462 6.12699
2.69911 0.843153
1.49267 1.56736
1.17182 5.51199
2.66835 -0.492586
1.83165 1.96181
2.37691 2.25223
1.56006 0.743559
0.933278 5.23798
2.54902 -1.30473
2.02436 2.4396
2.15485 0.369179
2.26847 1.73016
1.78875 0.797357
1.66545 4.19596
2.44874 4.91871
1.83655 5.17037
2.42959 4.34361
1.34752 5.0789
2.76599 2.23757
1.19473 0.598841
2.79729 4.73494
1.94486 4.6042
2.18817 5.24395
2.134 4.88392
2.08875 5.19858
2.21268 4.82782
1.97148 5.29931
2.32601 4.52542
1.56972 5.3558
2.65853 3.02179
1.64767 0.0596952
0.830533 5.1551
2.45066 -1.67232
1.9775 3.09503
2.42478 2.09731
1.52457 0.869596
1.05822 5.44263
2.58245 -1.04945
1.99916 2.22363
2.18166 0.468054
2.23604 1.47553
1.89631 0.818376
2.24231 2.94439
1.87895 0.167666
1.46816 4.24731
2.71391 3.81496
1.93712 4.24672
1.83267 5.58044
2.50464 3.69656
2.46963 1.20905
1.71155 1.23187
1.43693 4.36184
2.73722 3.53913
2.48935 1.78712
1.51741 1.07044
1.05529 5.4073
2.60195 -0.973677
1.97265 2.16344
2.23557 0.575339
2.16092 1.2588
2.05301 0.817457
2.29154 1.42562
1.84541 0.912335
2.12629 3.43726
2.452 1.64211
1.60058 1.08642
0.828474 4.75481
2.66632 -1.02341
1.86909 2.16531
2.402 1.61825
1.66447 1.02882
0.970347 4.47396
2.84313 0.480309
1.28162 1.62854
2.40494 5.56361
2.19969 4.33881
1.42214 5.3212
2.74509 2.17228
1.18951 0.699683
2.79824 4.70712
1.91891 4.64106
2.25002 5.13792
2.05908 5.02617
2.21344 4.96034
2.03772 5.1791
2.25595 4.77265
1.88811 5.3473
2.40155 4.27751
1.30108 4.9775
2.78403 2.11564
1.16351 0.659647
2.87756 4.37398
1.86008 4.65499
2.3397 4.96451
1.9277 5.19083
2.35385 4.54909
1.58354 5.34452
2.64651 3.12193
1.75568 -0.031923
0.70464 4.54914
2.59873 -1.47025
1.95889 2.41771
2.30147 0.667981
2.06584 1.18448
2.20164 0.923731
2.10161 1.007
2.19907 1.01926
2.0763 0.951368
2.24287 1.14041
1.98804 0.929268
2.32886 1.64515
1.73982 0.913884
1.40283 4.3461
2.75948 3.37515
2.41345 0.496848
1.99163 1.3493
2.2723 1.00168
1.99735 1.0099
2.31608 1.4303
1.81613 0.948596
2.00438 3.75557
1.2055 4.73006
2.82166 1.85749
1.11359 0.775713
2.9804 3.75791
1.85212 4.54657
2.30402 5.0897
2.00135 5.08353
2.27859 4.80624
1.89116 5.32195
2.39584 4.31724
1.32044 5.05147
2.77685 2.10574
1.16453 0.685463
2.87153 4.39555
1.8579 4.66246
2.34528 4.94841
1.91627 5.20256
2.36442 4.51113
1.53289 5.31588
2.67842 2.90374
1.54322 0.155636
1.24694 5.79273
2.5606 -0.951923
2.02628 2.19547
2.12055 0.421665
2.28375 1.79734
1.7538 0.801286
1.39681 4.33771
2.76348 3.35038
2.38927 0.373848
2.05108 1.39027
2.17453 0.785902
2.17136 1.12381
2.07897 0.887911
2.25341 1.21164
1.95397 0.917398
2.33747 1.98514
1.64793 0.816546
0.823592 4.58443
2.72346 -0.779403
1.74712 2.09103
1.93492 3.996
1.43908 5.45942
2.74958 1.85678
1.17965 0.948864
2.79931 4.64274
1.86014 4.71825
2.35993 4.88355
1.87287 5.24708
2.404 4.35805
1.35455 5.11413
2.76393 2.21165
1.18895 0.625611
2.81067 4.6758
1.92479 4.62388
2.23183 5.17432
2.08301 4.98235
2.17885 5.03923
2.09785 5.08164
2.18603 4.95747
2.06396 5.16628
2.23072 4.82606
1.95143 5.30517
2.34355 4.4772
1.49911 5.30769
2.69988 2.72078
1.40591 0.302774
1.94498 6.12291
2.68899 1.51592
1.32368 1.25735
2.17042 5.89492
2.49735 3.3517
1.98007 -0.0814702
1.70772 4.05725
2.26187 5.33213
2.09883 4.82317
2.10039 5.2266
2.2063 4.81399
1.96949 5.30925
2.32883 4.51006
1.54852 5.34467
2.67187 2.92785
1.56097 0.140991
1.16223 5.69513
2.53139 -1.13549
2.05068 2.37726
2.08412 0.343516
2.28698 2.20316
1.67806 0.656463
0.836341 4.51366
2.75649 -0.582553
1.65911 2.04062
1.14774 4.52213
2.84764 1.7233
1.08839 0.807218
3.0242 3.42661
1.97582 4.32174
1.83749 5.55931
2.49318 3.76339
2.46845 1.97945
1.49654 0.965236
1.18084 5.6049
2.62171 -0.742189
1.9339 2.04352
2.30925 0.830707
2.0091 1.11257
2.28998 1.20361
1.91474 0.966934
2.32677 2.33041
1.61679 0.646388
0.794434 4.86707
2.571 -1.41132
1.99522 2.44486
2.22441 0.463006
2.19823 1.38785
1.96815 0.797152
2.32676 2.1156
1.63819 0.749023
0.793849 4.66573
2.66228 -1.10203
1.87671 2.19757
2.4004 1.50969
1.69799 1.05686
1.19908 4.4102
2.84441 2.16974
1.19053 0.447859
2.83479 4.6212
1.94831 4.57341
2.16127 5.29022
2.16501 4.81192
2.01474 5.29275
2.28862 4.61422
1.70547 5.40234
2.56151 3.58442
2.38013 0.434424
2.04544 1.35256
2.19163 0.824348
2.14166 1.07829
2.12941 0.917964
2.18828 1.05826
2.07759 0.92725
2.24664 1.16595
1.97582 0.924419
2.33451 1.75817
1.70334 0.889929
1.10801 4.41187
2.86248 1.56695
1.07323 0.884892
3.04233 3.23962
2.09089 4.0845
1.23149 5.10648
2.79807 1.30258
1.19555 1.25614
2.73076 4.82891
1.87202 4.75859
2.35642 4.86716
1.86617 5.25999
2.41055 4.3262
1.32985 5.05908
2.77315 2.15602
1.17466 0.65164
2.8483 4.51076
1.88395 4.65022
2.30497 5.03719
1.9836 5.13169
2.3 4.72473
1.80744 5.36542
2.47103 4.0213
1.72776 4.45436
2.45334 4.78971
1.7624 5.24521
2.49408 4.03724
1.66434 4.51753
2.54653 4.444
1.47845 5.15309
2.69744 2.91815
1.57758 0.105012
1.09842 5.61648
2.5073 -1.26982
2.05533 2.5505
2.10931 0.299457
2.28318 2.12755
1.69184 0.683619
0.898824 4.46034
2.81387 -0.0443914
1.45179 1.86826
1.48232 5.79856
2.73188 0.705484
1.46903 1.62309
1.31452 5.67774
2.70083 -0.0459822
1.70278 1.84496
1.56702 4.34941
2.62837 4.20754
1.40102 4.91226
2.736 2.84613
1.55439 0.102361
1.21723 5.76667
2.54468 -1.03972
2.04253 2.28025
2.09099 0.378453
2.29128 2.071
1.68957 0.718146
0.910273 4.45891
2.82043 0.044061
1.42062 1.83294
1.66728 5.90586
2.72021 1.48364
1.28351 1.25294
2.37599 5.66686
2.29323 4.07712
1.37751 4.68558
2.75473 2.96475
1.73506 -0.07449
0.690842 4.69426
2.51174 -1.71004
1.9949 2.7985
2.34596 0.720621
2.00218 1.1923
2.28497 1.13363
1.94212 0.980293
2.34185 1.97309
1.64511 0.827145
0.821377 4.59414
2.71809 -0.809657
1.76019 2.09906
2.04206 3.79645
1.26199 4.68819
2.8061 2.28853
1.21933 0.456353
2.74393 4.95987
2.03814 4.48461
1.91036 5.49452
2.41245 4.1139
1.43475 4.67855
2.724 3.26483
2.13071 -0.152506
2.14782 3.07763
2.16268 0.181277
2.26793 2.05918
1.72163 0.688479
1.05481 4.40041
2.86601 1.20263
1.09758 1.15008
2.98334 3.59573
1.85141 4.50487
2.28232 5.14694
2.03489 5.02636
2.23768 4.92237
1.99766 5.22349
2.2959 4.65784
1.74668 5.39151
2.52564 3.76867
2.45859 2.17725
1.47357 0.854293
1.33861 5.79669
2.65489 -0.371922
1.84078 1.90901
2.38518 2.07861
1.57392 0.837505
0.870234 5.06913
2.56464 -1.3303
2.0079 2.41542
2.18838 0.415349
2.23912 1.5321
1.87673 0.807251
2.17711 3.24057
2.24215 0.250458
2.22084 1.62012
1.87599 0.756594
2.13861 3.3699
2.42178 0.999385
1.83254 1.20905
2.24416 3.03248
1.93126 0.116471
1.71573 4.07607
2.25687 5.33418
2.1028 4.81933
2.09352 5.23488
2.21347 4.79657
1.94995 5.32583
2.34723 4.44982
1.46297 5.27853
2.71878 2.56261
1.31631 0.414089
2.36555 5.81032
2.45192 3.45333
2.13563 -0.0306177
2.21433 2.73675
1.83641 0.2729
1.33489 4.30215
2.7995 3.04391
1.98952 -0.22178
1.56014 4.15325
2.60272 4.44032
1.5063 5.12262
2.67712 3.12149
1.79708 -0.0807401
0.757824 4.41615
2.71078 -0.985015
1.78173 2.15686
2.17803 3.44
2.42195 0.956089
1.84587 1.21945
2.28747 2.79185
1.73421 0.314263
0.82346 4.44636
2.76398 -0.577692
1.64122 2.04097
1.04108 4.57695
2.84516 0.872411
1.19534 1.42139
2.73065 4.79229
1.84099 4.80078
2.39991 4.73064
1.74407 5.30972
2.51526 3.88853
2.1981 3.63768
2.41856 2.42302
1.50266 0.680308
1.2281 5.70082
2.60886 -0.755548
1.95467 2.0505
2.26848 0.692555
2.09437 1.15928
2.16912 0.897953
2.14691 1.03413
2.1353 0.945969
2.17384 1.02501
2.10486 0.9446
2.21073 1.07527
2.04562 0.928865
2.28118 1.2872
1.89896 0.932297
2.29664 2.62499
1.67589 0.438352
0.757942 4.63121
2.63296 -1.27193
1.92242 2.28367
2.35139 0.941682
1.92871 1.12295
2.35089 1.82526
1.66761 0.892395
0.914828 4.48601
2.81749 0.0393868
1.42872 1.83697
1.61732 5.88399
2.72732 1.26112
1.32769 1.37467
2.14884 5.89547
2.50149 3.34544
1.9713 -0.0814591
1.66096 4.09955
2.40518 5.0584
1.91943 5.0866
2.3543 4.63484
1.68012 5.35966
2.57415 3.55626
2.34993 0.307704
2.10916 1.42612
2.07861 0.723619
2.28286 1.45623
1.84638 0.891632
2.11547 3.4672
2.43865 2.08762
1.5102 0.886882
1.12607 5.54177
2.60027 -0.902454
1.97366 2.12758
2.23137 0.57906
2.16431 1.259
2.04856 0.818983
2.29515 1.44632
1.83515 0.912691
2.0782 3.57606
2.1279 3.7377
1.88346 4.21186
1.93539 5.57075
2.41644 4.0333
1.67253 4.49396
2.53365 4.50807
1.52998 5.19662
2.66649 3.12452
1.78505 -0.0661902
0.737207 4.44884
2.67745 -1.15698
1.84844 2.21743
2.39819 2.04553
1.56466 0.867006
0.894722 5.12579
2.56509 -1.29855
2.00964 2.39638
2.18065 0.411301
2.2459 1.56195
1.86026 0.809065
2.11402 3.45792
2.44154 2.03018
1.51738 0.917748
1.08251 5.47337
2.59271 -0.981804
1.98564 2.17523
2.20799 0.521441
2.20132 1.34874
1.97551 0.813586
2.32986 2.00289
1.65363 0.799252
0.830102 4.56422
2.73605 -0.703035
1.71487 2.07116
1.63383 4.3239
2.5451 4.56694
1.58367 5.20453
2.62881 3.38079
2.12608 -0.115934
2.1615 3.02555
2.09275 0.140312
2.24006 2.64739
1.76742 0.357248
1.00406 4.36973
2.86517 0.865934
1.15491 1.37406
2.84848 4.31569
1.72898 4.80336
2.50934 4.3735
1.4007 5.09825
2.74036 2.55081
1.31847 0.382119
2.36533 5.8156
2.45787 3.42404
2.09006 -0.0567547
2.13346 3.17995
2.27974 0.359174
2.16771 1.42378
1.99764 0.754377
2.32501 1.93256
1.67361 0.818601
0.901206 4.48295
2.81055 -0.0592012
1.46244 1.87526
1.41846 5.74687
2.72773 0.458627
1.54007 1.70896
0.977893 5.14568
2.65836 -0.818159
1.87677 2.08138
2.39316 1.46601
1.7192 1.05755
1.36694 4.37011
2.7787 3.16589
2.12648 -0.177901
2.12443 3.17326
2.29359 0.400118
2.14486 1.37364
2.04216 0.758329
2.30655 1.59147
1.78033 0.893806
1.70628 4.17091
2.35212 5.14501
1.98274 5.02645
2.28919 4.82891
1.89692 5.30447
2.3891 4.35276
1.34814 5.11498
2.76677 2.16504
1.17856 0.658792
2.83628 4.5613
1.89255 4.64855
2.29207 5.06217
2.0025 5.10818
2.28031 4.7836
1.87312 5.33716
2.41268 4.25144
1.29993 4.92534
2.78476 2.20044
1.18269 0.585844
2.83503 4.5852
1.91195 4.62401
2.25155 5.14375
2.05924 5.02103
2.21224 4.96585
2.04106 5.17333
2.2523 4.78386
1.90023 5.3396
2.39046 4.31793
1.31991 5.0558
2.77712 2.09303
1.16251 0.695576
2.87562 4.37335
1.85272 4.66479
2.3529 4.93034
1.90208 5.21463
2.37726 4.46535
1.47318 5.26896
2.71155 2.65033
1.3645 0.347815
2.14942 6.03441
2.61591 2.48429
1.31686 0.624984
2.30307 5.85641
2.47153 3.39508
2.04454 -0.0733388
1.99685 3.60494
1.47993 4.53765
2.70313 3.59959
2.48228 1.9326
1.4906 0.99872
1.20662 5.63301
2.63142 -0.663171
1.9125 2.00988
2.34572 1.02544
1.90875 1.09188
2.34502 2.12721
1.61406 0.767545
0.797743 4.80967
2.60414 -1.30281
1.96309 2.32876
2.27547 0.616439
2.1082 1.21014
2.1369 0.847746
2.19764 1.1151
2.04929 0.902788
2.28186 1.30903
1.89152 0.92754
2.28112 2.74069
1.72699 0.343608
0.818538 4.45803
2.75661 -0.628687
1.66273 2.05476
1.16959 4.51558
2.84385 1.87887
1.10533 0.6907
3.00488 3.62036
1.90709 4.45594
2.14438 5.35549
2.19162 4.72106
1.91652 5.38036
2.3828 4.3047
1.30967 5.03706
2.78089 2.0593
1.15616 0.714967
2.88979 4.29875
1.8397 4.66631
2.37026 4.88974
1.86891 5.23841
2.40666 4.35741
1.35434 5.11162
2.76394 2.21569
1.18986 0.622161
2.80846 4.68546
1.92782 4.62115
2.22559 5.18484
2.0906 4.96863
2.16711 5.06332
2.11545 5.04863
2.16211 5.01188
2.10636 5.09511
2.18038 4.95452
2.06857 5.16537
2.22641 4.83368
1.96072 5.29793
2.33493 4.50503
1.53873 5.33625
2.67739 2.89091
1.53013 0.171074
1.3091 5.85575
2.58278 -0.801113
1.99466 2.08385
2.18521 0.519561
2.22329 1.39694
1.93437 0.823895
2.31053 2.43208
1.63713 0.571544
0.773105 4.77775
2.58677 -1.39494
1.97922 2.40303
2.25261 0.534197
2.15375 1.28267
2.05558 0.803277
2.29127 1.43602
1.84264 0.909357
2.11158 3.48168
2.42418 2.29293
1.50083 0.763649
1.21046 5.66879
2.61156 -0.76065
1.95086 2.05261
2.27627 0.713933
2.0798 1.14822
2.19157 0.929068
2.11176 1.00391
2.18726 1.0052
2.09452 0.956836
2.2201 1.08508
2.03157 0.930748
2.29486 1.35403
1.86307 0.935033
2.20937 3.13446
2.0774 0.0946458
2.20198 2.89988
1.9296 0.168186
1.77647 4.01799
2.01525 5.58185
2.35792 4.19148
1.29052 4.83916
2.78985 2.27372
1.20681 0.510786
2.77439 4.8413
1.99116 4.54702
2.06428 5.39371
2.26347 4.57469
1.68199 5.41789
2.58376 3.45056
2.18444 -0.0466599
2.23867 2.42597
1.73998 0.481458
0.974897 4.39433
2.85607 0.619326
1.22314 1.53469
2.63889 5.06253
1.9322 4.74331
2.27716 5.03822
2.0073 5.12812
2.27803 4.77228
1.86659 5.34489
2.4191 4.22386
1.30632 4.87311
2.78274 2.3262
1.22552 0.48348
2.71774 5.03941
2.06003 4.45949
1.83622 5.5141
2.47986 3.85674
2.31929 3.17637
1.92349 0.0537205
1.5813 4.17516
2.57868 4.52242
1.55812 5.16837
2.64436 3.3137
2.03761 -0.154182
1.88345 3.81775
1.32427 5.36916
2.77489 1.26221
1.24465 1.32199
2.54845 5.33492
2.07944 4.53036
1.88721 5.48139
2.42817 4.07403
1.54603 4.59733
2.65566 3.85043
2.02242 4.08782
1.34964 5.33093
2.77185 1.59475
1.18319 1.10462
2.77669 4.6946
1.85059 4.74872
2.37906 4.81896
1.82088 5.28041
2.44962 4.1764
1.35192 4.78607
2.76366 2.71977
1.47036 0.170209
1.64561 6.09628
2.67665 0.191341
1.69977 1.75419
1.5379 4.35847
2.65763 4.05276
1.49079 4.72584
2.68835 3.4915
2.41991 0.574461
1.96265 1.32621
2.3143 1.19489
1.89028 1.00328
2.30593 2.57749
1.65506 0.479228
0.759068 4.72619
2.59248 -1.39917
1.9721 2.3946
2.2672 0.572635
2.12875 1.24343
2.09994 0.819332
2.24519 1.23361
1.95683 0.900661
2.33624 1.99276
1.64791 0.81193
0.822136 4.58629
2.72143 -0.792301
1.75218 2.09452
1.9777 3.92337
1.22447 5.17138
2.79291 1.06664
1.25724 1.40997
2.4969 5.43078
2.12617 4.46111
1.71547 5.49526
2.57517 3.42872
2.13804 -0.0849034
2.19371 2.85249
1.92178 0.18824
1.7599 4.03947
2.09371 5.52413
2.27733 4.42521
1.46969 5.32268
2.71991 2.49551
1.28429 0.47144
2.49333 5.59585
2.31429 3.93531
1.8974 4.22765
1.91692 5.57223
2.43201 3.98085
1.88112 4.27142
2.01609 5.51846
2.334 4.31077
1.31062 5.08761
2.78092 1.95741
1.14769 0.800156
2.90157 4.21405
1.81523 4.67888
2.40412 4.79816
1.79187 5.27713
2.47299 4.09236
1.50684 4.63943
2.68165 3.63823
2.47351 2.07936
1.47152 0.917952
1.33389 5.78415
2.65856 -0.352478
1.8316 1.90513
2.37458 2.25557
1.56255 0.739382
0.924771 5.22094
2.54803 -1.31748
2.02422 2.45
2.15739 0.368436
2.26701 1.72038
1.79297 0.79788
1.69777 4.16915
2.36937 5.11116
1.96037 5.05401
2.31391 4.7562
1.82243 5.34452
2.45561 4.09771
1.49133 4.64656
2.6914 3.56122
2.4849 1.27967
1.67132 1.23526
1.119 4.44664
2.85813 1.60714
1.07714 0.867264
3.03762 3.28885
2.0565 4.16018
1.38583 5.35439
2.76209 1.80238
1.1699 0.967091
2.82628 4.52565
1.82989 4.73169
2.39911 4.7785
1.78099 5.29024
2.48312 4.04087
1.65647 4.52195
2.55553 4.40554
1.45081 5.11981
2.71257 2.81741
1.49517 0.182839
1.49776 6.01233
2.64228 -0.283619
1.84997 1.86749
2.38886 1.92376
1.60058 0.907372
0.814783 4.82891
2.61702 -1.23303
1.948 2.27987
2.30073 0.712369
2.05376 1.16039
2.22375 0.974944
2.06074 0.984406
2.25389 1.15061
1.97217 0.937632
2.3358 1.7638
1.7004 0.890127
1.08899 4.41614
2.86371 1.42962
1.07721 0.988881
3.02841 3.3115
2.03597 4.19549
1.48867 5.4524
2.72652 2.24439
1.20989 0.675134
2.73677 4.93597
1.99089 4.57201
2.08657 5.36545
2.23989 4.64144
1.7838 5.42005
2.50045 3.85447
2.31491 3.20208
1.95398 0.0395987
1.73542 4.046
2.17421 5.44647
2.19365 4.62917
1.82523 5.43624
2.46929 3.96581
1.94162 4.19043
1.73574 5.58652
2.58671 3.28184
1.91584 -0.105106
1.30099 4.26651
2.81812 2.88062
1.79737 -0.152435
0.718084 4.45186
2.65395 -1.27687
1.88772 2.27239
2.39807 1.38576
1.73815 1.08467
1.54979 4.29826
2.64055 4.18468
1.40798 4.89088
2.73226 2.91196
1.62185 0.0380947
0.933192 5.36758
2.4572 -1.55491
2.00736 2.98842
2.40526 1.04127
1.83798 1.17459
2.2473 3.00921
1.90985 0.130943
1.61026 4.16524
2.53146 4.69208
1.67807 5.20824
2.55783 3.78156
2.42515 2.55348
1.50255 0.596975
1.25974 5.74771
2.61034 -0.715927
1.94991 2.03125
2.27767 0.725849
2.07483 1.14184
2.19984 0.944021
2.09773 0.994458
2.20702 1.03897
2.06097 0.944272
2.26183 1.20156
1.94736 0.930791
2.3379 2.02568
1.63964 0.801251
0.806253 4.63308
2.68875 -0.971682
1.82594 2.14746
2.36547 2.45672
1.56675 0.61608
0.938983 5.27343
2.53373 -1.34568
2.0327 2.50974
2.15154 0.344152
2.2719 1.79151
1.76968 0.784793
1.50343 4.29477
2.68529 3.9495
1.64217 4.5872
2.57599 4.27127
1.38044 4.97151
2.74743 2.64199
1.38423 0.283471
2.07104 6.0871
2.65578 2.06419
1.26585 0.919368
2.48432 5.53762
2.23118 4.19705
1.24367 5.00315
2.80112 1.64595
1.1374 1.002
2.90857 4.11605
1.77269 4.70519
2.45769 4.62744
1.63414 5.28282
2.59909 3.48765
2.26703 0.0728109
2.2228 1.80736
1.82857 0.704915
1.84205 4.00179
1.76613 5.63422
2.57965 3.27901
1.90623 -0.0971539
1.25454 4.27616
2.83675 2.60621
1.50499 0.0826391
1.49791 6.02542
2.63303 -0.347145
1.87483 1.88309
2.38587 1.52128
1.71086 1.03253
1.27885 4.39065
2.81844 2.66391
1.5214 0.0792665
1.40839 5.95836
2.60527 -0.59903
1.94848 1.97552
2.28005 0.753674
2.0641 1.12749
2.2176 0.981201
2.06597 0.97836
2.24905 1.14036
1.9809 0.935804
2.33228 1.69112
1.72344 0.906284
1.26632 4.38156
2.82406 2.59834
1.46604 0.129501
1.6917 6.11943
2.6822 0.324343
1.65907 1.7214
1.17825 4.47974
2.84453 1.97289
1.12336 0.610367
2.97803 3.83266
1.87032 4.54141
2.27181 5.14877
2.04381 5.02231
2.22801 4.94087
2.01539 5.20346
2.2784 4.71031
1.81377 5.37961
2.46806 4.02017
1.73241 4.44922
2.44494 4.81571
1.78246 5.23862
2.47745 4.10982
1.46627 4.67386
2.7057 3.4212
2.3535 0.259003
2.11652 1.46246
2.05867 0.707639
2.29994 1.58788
1.78897 0.884517
1.76174 4.11629
2.16997 5.43298
2.19236 4.64472
1.84338 5.42886
2.45256 4.03472
1.68085 4.49411
2.52404 4.54279
1.55843 5.21609
2.64821 3.23825
1.9226 -0.137829
1.29397 4.26397
2.82146 2.84254
1.75357 -0.123632
0.68282 4.63267
2.5306 -1.67936
1.99444 2.70641
2.30878 0.599049
2.07753 1.22698
2.17494 0.867704
2.14861 1.0541
2.12753 0.931385
2.18701 1.04844
2.08203 0.93225
2.24046 1.14621
1.98906 0.924718
2.32849 1.64585
1.74005 0.913133
1.40394 4.34566
2.75883 3.38135
2.41996 0.534512
1.97383 1.34103
2.29815 1.10526
1.93622 1.00559
2.34342 1.98339
1.64116 0.825322
0.814254 4.61484
2.70381 -0.890163
1.79347 2.12177
2.25227 3.15466
2.01288 0.0657359
2.0267 3.5607
1.8332 4.25512
2.12128 5.44393
2.23108 4.58218
1.72568 5.43671
2.55222 3.60113
2.39605 0.515821
2.00593 1.32512
2.25607 0.964997
2.02691 1.01006
2.28714 1.25792
1.90117 0.948404
2.30551 2.55556
1.65281 0.492495
0.760807 4.73102
2.59255 -1.39626
1.97223 2.39305
2.26659 0.571564
2.12966 1.24445
2.09843 0.818663
2.24693 1.23914
1.9531 0.901018
2.3358 2.03122
1.64117 0.796194
0.806966 4.62707
2.69172 -0.957692
1.81979 2.14288
2.35048 2.58809
1.59664 0.518158
0.858157 5.11529
2.5193 -1.47726
2.02594 2.64173
2.20883 0.376201
2.22857 1.5312
1.88997 0.792498
2.21061 3.09575
2.0427 0.0951169
2.13708 3.2159
2.30304 0.414074
2.13198 1.35686
2.06441 0.760891
2.28957 1.46251
1.8368 0.900209
2.07658 3.57854
2.11134 3.77921
1.63662 4.46176
2.56865 4.39368
1.4491 5.10592
2.71281 2.83168
1.50881 0.167472
1.42916 5.96365
2.62073 -0.492062
1.91337 1.93291
2.34255 1.04142
1.90721 1.08319
2.3429 2.16561
1.61128 0.74744
0.800114 4.84109
2.59193 -1.33876
1.97682 2.36531
2.25087 0.542226
2.15352 1.27679
2.05755 0.805932
2.28919 1.42168
1.84926 0.909781
2.14117 3.38891
2.42993 1.08004
1.798 1.20293
2.08604 3.59521
2.11692 3.76767
1.70953 4.40265
2.46215 4.79088
1.75968 5.23726
2.49566 4.03797
1.6612 4.52062
2.55034 4.42704
1.46584 5.13903
2.70447 2.87083
1.53738 0.142585
1.28539 5.83555
2.57185 -0.870935
2.01148 2.13257
2.15016 0.465069
2.26178 1.58372
1.83509 0.827034
2.00528 3.73805
1.23118 4.70049
2.81595 2.07307
1.14804 0.611339
2.92279 4.15794
1.85143 4.62389
2.33984 4.9808
1.93448 5.1773
2.34707 4.57791
1.62119 5.35913
2.62048 3.28448
1.95514 -0.135579
1.49102 4.20126
2.69056 3.99235
1.55213 4.67593
2.6496 3.80734
2.18814 3.69679
2.29322 3.21119
1.99583 0.0386536
1.93378 3.76164
1.14835 5.0207
2.80382 0.847088
1.28755 1.51239
2.36451 5.64426
2.26428 4.17775
1.24449 4.90861
2.80387 1.8422
1.12607 0.837625
2.94832 3.94009
1.81025 4.62827
2.39657 4.8473
1.82755 5.25346
2.44187 4.22785
1.31494 4.87677
2.77901 2.37632
1.24621 0.449419
2.65103 5.24184
2.14413 4.32139
1.47357 5.39194
2.72644 2.32811
1.22697 0.60407
2.68981 5.10023
2.06145 4.47377
1.85174 5.50797
2.46506 3.91932
2.1227 3.83352
1.51541 4.54725
2.67866 3.75706
2.25125 3.50147
2.38654 0.650046
1.97838 1.26149
2.30364 1.17697
1.90773 0.992926
2.32594 2.36141
1.6168 0.628869
0.795107 4.87911
2.56562 -1.42625
1.99925 2.46575
2.21978 0.448216
2.20566 1.41339
1.95151 0.797322
2.31881 2.29608
1.62887 0.654382
0.782205 4.77799
2.59882 -1.34376
1.96782 2.35667
2.26969 0.59146
2.12111 1.22857
2.11435 0.829652
2.22732 1.1812
1.9938 0.898877
2.32699 1.65878
1.73824 0.90731
1.38358 4.35161
2.77054 3.26901
2.28021 0.0274904
2.21777 1.83437
1.82946 0.689063
1.83008 4.01581
1.82949 5.63457
2.52838 3.5424
2.29069 0.155698
2.19533 1.63405
1.90563 0.717204
2.2106 3.07673
2.02773 0.0983907
2.10169 3.34705
2.44405 1.37074
1.69079 1.1555
1.21387 4.4166
2.83955 2.25657
1.22962 0.39026
2.72287 5.04305
2.07877 4.41979
1.74496 5.5197
2.55781 3.49937
2.24126 0.0429909
2.23888 1.9478
1.77891 0.684471
1.45788 4.30494
2.72311 3.70092
2.25708 3.4921
2.36965 0.562352
2.0221 1.2819
2.24127 0.949034
2.04853 1.00685
2.26351 1.16698
1.95609 0.94353
2.33935 1.90576
1.66236 0.848468
0.87416 4.51337
2.7862 -0.306983
1.55847 1.96115
0.9714 5.0696
2.68702 -0.681366
1.81467 2.04053
2.3419 2.62918
1.6143 0.482465
0.816023 5.00918
2.52248 -1.51882
2.01935 2.65372
2.22926 0.408166
2.20495 1.44375
1.94382 0.786997
2.31001 2.41146
1.63746 0.582448
0.773415 4.76816
2.59181 -1.37908
1.97433 2.38581
2.26039 0.558219
2.13962 1.25755
2.08142 0.811761
2.26579 1.30763
1.9104 0.905458
2.30536 2.53531
1.65075 0.504807
0.762433 4.73544
2.59264 -1.39344
1.97231 2.39148
2.26609 0.570774
2.13039 1.24523
2.09722 0.818166
2.2483 1.24356
1.95016 0.901313
2.33524 2.06225
1.63636 0.782808
0.798929 4.65983
2.67047 -1.06061
1.86183 2.1801
2.40374 1.75527
1.62477 0.987819
0.829169 4.64184
2.70975 -0.831813
1.77876 2.10347
2.1731 3.44985
2.43316 1.07519
1.79585 1.20889
2.07751 3.61818
1.99332 4.02897
1.32957 5.32126
2.77605 1.46572
1.19951 1.18801
2.71987 4.88141
1.89808 4.7302
2.31626 4.97122
1.94919 5.18894
2.33515 4.59767
1.65118 5.37135
2.59924 3.40395
2.12336 -0.105047
2.16338 3.02081
2.0852 0.137848
2.23172 2.71774
1.79999 0.30369
1.1362 4.34078
2.86471 1.82345
1.09133 0.668085
3.03215 3.42299
1.99406 4.29794
1.75729 5.56164
2.56072 3.44715
2.15561 -0.0648586
2.2187 2.6688
1.8086 0.318738
1.21016 4.33157
2.84745 2.30092
1.26571 0.329995
2.60576 5.38072
2.22501 4.14382
1.23076 4.90239
2.80765 1.75373
1.12322 0.899806
2.94897 3.91527
1.8011 4.63233
2.40937 4.81204
1.79812 5.26627
2.46693 4.12527
1.4332 4.69927
2.7239 3.23917
2.08525 -0.176525
2.02671 3.50453
2.0116 3.98338
1.23218 5.16388
2.79371 1.15146
1.23602 1.35919
2.58352 5.24457
2.03028 4.60691
2.04931 5.3795
2.27286 4.56978
1.6669 5.4112
2.59447 3.39533
2.10292 -0.114098
2.12051 3.21287
2.3344 0.525851
2.07033 1.27949
2.17212 0.837839
2.16008 1.08063
2.10561 0.911596
2.21789 1.10879
2.02697 0.918976
2.3008 1.39832
1.843 0.933024
2.13037 3.4278
2.45095 1.5024
1.64269 1.12892
0.917237 4.5271
2.81042 -0.00416997
1.45364 1.85687
1.46689 5.78833
2.7308 0.636764
1.48907 1.64837
1.20331 5.54351
2.68049 -0.369945
1.79386 1.92868
2.27012 3.04167
1.89231 0.122229
1.48803 4.23352
2.69574 3.9377
1.64894 4.58416
2.56939 4.30246
1.38922 5.00993
2.74345 2.63476
1.37527 0.298839
2.1122 6.06406
2.63811 2.2665
1.27652 0.780674
2.45886 5.6071
2.28729 4.04392
1.44606 4.63259
2.71974 3.3588
2.28493 0.0594259
2.2118 1.77454
1.85042 0.698491
1.96674 3.79937
1.14474 4.95148
2.812 0.984419
1.2389 1.42513
2.57355 5.25701
2.03084 4.61341
2.05393 5.3733
2.26794 4.5847
1.68982 5.41549
2.57692 3.49062
2.2453 0.041659
2.23698 1.93394
1.784 0.68623
1.49898 4.28753
2.68889 3.93439
1.67025 4.5615
2.54606 4.41547
1.45386 5.13131
2.71141 2.81482
1.49156 0.187826
1.51557 6.02357
2.64761 -0.22596
1.83181 1.85232
2.37198 2.26418
1.5649 0.732127
0.917605 5.20701
2.54684 -1.32934
2.02425 2.46043
2.15961 0.367422
2.26574 1.71267
1.79644 0.798102
1.72375 4.14558
2.29382 5.25725
2.05562 4.91453
2.1887 5.07239
2.09734 5.05652
2.18161 4.9821
2.07737 5.13939
2.21479 4.87232
1.99531 5.26083
2.30163 4.61398
1.69421 5.39447
2.56912 3.5516
2.33769 0.268438
2.13049 1.46146
2.03882 0.713477
2.31142 1.70053
1.7451 0.871915
1.40275 4.3423
2.75969 3.3779
2.41753 0.519812
1.98068 1.34414
2.28846 1.06273
1.9603 1.00652
2.3401 1.73382
1.70315 0.90555
1.11918 4.41118
2.8612 1.64451
1.0753 0.826685
3.04381 3.25417
2.08219 4.10712
1.26628 5.18143
2.79033 1.37858
1.19343 1.22057
2.73875 4.80865
1.8697 4.75513
2.35828 4.86497
1.86356 5.26076
2.41278 4.31843
1.32507 5.0449
2.7749 2.15157
1.17324 0.651282
2.85232 4.49298
1.88073 4.65108
2.30984 5.02736
1.97618 5.14048
2.30748 4.70154
1.78006 5.37229
2.49476 3.92039
2.10332 3.88581
1.30261 4.67856
2.79041 2.54896
1.36244 0.268903
2.19025 6.01628
2.60179 2.58517
1.3497 0.552628
2.15596 6.00143
2.59138 2.71353
1.40068 0.449888
1.91271 6.10782
2.69225 1.51308
1.31945 1.25708
2.19325 5.87637
2.47739 3.44286
2.11565 -0.0548286
2.17927 2.9585
2.00938 0.138038
2.08231 3.41996
2.42188 2.29237
1.50353 0.762214
1.1961 5.6514
2.60736 -0.795924
1.95914 2.0706
2.25985 0.662615
2.1121 1.17865
2.14012 0.866404
2.18917 1.09161
2.06659 0.910176
2.2624 1.22617
1.93914 0.924122
2.33472 2.13281
1.62586 0.751921
0.790823 4.73968
2.62754 -1.23456
1.93219 2.27112
2.33155 0.841375
1.98146 1.13117
2.31716 1.34239
1.8415 0.971299
2.15005 3.36973
2.40722 0.865901
1.89041 1.22049
2.35285 2.10819
1.60749 0.785792
0.804727 4.84524
2.59602 -1.31885
1.97287 2.3486
2.2569 0.561707
2.14234 1.25639
2.07812 0.812763
2.26887 1.31907
1.90338 0.90661
2.29502 2.62714
1.67864 0.435128
0.75942 4.61841
2.64006 -1.24521
1.91205 2.26682
2.36671 1.0506
1.87777 1.11526
2.31923 2.50669
1.62918 0.537949
0.781222 4.85639
2.55817 -1.46687
2.00225 2.50699
2.22316 0.441534
2.20388 1.4151
1.95326 0.794697
2.31943 2.28275
1.62893 0.661859
0.782571 4.77282
2.60175 -1.33385
1.96458 2.34737
2.27529 0.609799
2.11021 1.21475
2.13291 0.843389
2.20327 1.12648
2.03908 0.901
2.29212 1.36173
1.86386 0.92905
2.20857 3.13665
2.08089 0.0956405
2.20743 2.8664
1.90205 0.189787
1.64631 4.14577
2.46004 4.90892
1.82643 5.16814
2.43782 4.31787
1.33204 5.03445
2.77182 2.22045
1.1894 0.599961
2.81321 4.67185
1.92877 4.61645
2.22139 5.19315
2.09593 4.95796
2.1583 5.08108
2.12807 5.02344
2.14352 5.05114
2.13521 5.03922
2.14042 5.04279
2.13619 5.04448
2.14076 5.03853
2.13478 5.04907
2.14324 5.03251
2.13079 5.05749
2.1491 5.01994
2.1216 5.07559
2.16196 4.99184
2.10034 5.11478
2.18953 4.92738
2.04814 5.19744
2.24872 4.77048
1.89368 5.34914
2.39717 4.28934
1.30458 5.00116
2.78268 2.09499
1.16043 0.680436
2.88297 4.34207
1.8517 4.65964
2.35252 4.93406
1.90415 5.21185
2.37533 4.47318
1.48311 5.27771
2.70636 2.69218
1.38951 0.318249
2.02823 6.09965
2.66836 1.90561
1.27062 1.02288
2.45079 5.58199
2.24966 4.16447
1.23944 4.90353
2.8054 1.81499
1.1245 0.855915
2.95005 3.92344
1.80846 4.62664
2.3984 4.84361
1.82423 5.25468
2.44469 4.21688
1.32009 4.85711
2.77702 2.43756
1.27617 0.401033
2.54567 5.50371
2.27379 4.03596
1.43853 4.63411
2.72405 3.32086
2.2304 -0.0444246
2.2404 2.1575
1.74621 0.608652
1.13435 4.37575
2.86198 1.78051
1.08562 0.712683
3.03739 3.3609
2.02239 4.23943
1.59391 5.51685
2.67413 2.729
1.40059 0.337855
1.95931 6.11576
2.68551 1.61425
1.30506 1.20112
2.27075 5.80914
2.41227 3.69867
2.46418 1.2294
1.71156 1.21919
1.42812 4.36402
2.74294 3.49176
2.48984 1.33091
1.64945 1.22801
0.984847 4.49522
2.84429 0.561192
1.26225 1.5882
2.48712 5.42042
2.10847 4.51044
1.81216 5.49359
2.49423 3.81631
2.40446 2.68989
1.54957 0.486389
1.05824 5.50083
2.54119 -1.19895
2.03855 2.39387
2.11376 0.351909
2.28629 1.98121
1.71139 0.744664
1.04109 4.41058
2.86437 1.09154
1.11691 1.23225
2.94141 3.84831
1.75546 4.65776
2.46873 4.62437
1.6297 5.27379
2.6014 3.48264
2.26159 0.0610687
2.2271 1.84294
1.81524 0.700466
1.74708 4.11276
2.20646 5.39149
2.15426 4.72576
1.96676 5.36487
2.33859 4.43755
1.45077 5.27313
2.72533 2.49622
1.28529 0.46053
2.49186 5.60046
2.31824 3.9228
1.95727 4.13798
1.60548 5.55055
2.67438 2.69097
1.37718 0.372984
2.07276 6.07408
2.64937 2.16317
1.26641 0.850493
2.49179 5.53485
2.23634 4.1778
1.2367 4.95337
2.8044 1.69821
1.12932 0.952757
2.93111 4.00439
1.78357 4.6692
2.43921 4.70704
1.70785 5.28794
2.54179 3.78618
2.42968 2.50621
1.49316 0.632169
1.299 5.78508
2.6252 -0.597048
1.91694 1.97949
2.33759 0.991222
1.92839 1.09037
2.34932 1.89373
1.65333 0.866652
0.853698 4.54336
2.76277 -0.502799
1.63695 2.01802
1.02378 4.58683
2.84081 0.724341
1.23577 1.51266
2.58992 5.19986
1.99594 4.66908
2.15027 5.25918
2.16852 4.83528
2.0247 5.27277
2.27775 4.65333
1.7582 5.40135
2.51799 3.79461
2.4302 2.48976
1.4915 0.643649
1.3041 5.78886
2.62771 -0.577623
1.91101 1.97208
2.34695 1.05063
1.89949 1.08691
2.33807 2.25982
1.60702 0.696175
0.807462 4.90455
2.56928 -1.39835
1.99801 2.44195
2.21719 0.451082
2.20747 1.41485
1.94881 0.799016
2.31724 2.32277
1.62948 0.638784
0.781078 4.78393
2.59448 -1.35916
1.97237 2.3713
2.26208 0.567088
2.13555 1.24961
2.08908 0.815646
2.25729 1.27403
1.93043 0.903552
2.32612 2.28429
1.62024 0.669384
0.789851 4.82729
2.58501 -1.37548
1.98268 2.39651
2.24333 0.515622
2.16774 1.30768
2.03015 0.799793
2.31111 1.58941
1.77564 0.901389
1.67803 4.19574
2.42491 4.9782
1.87616 5.14249
2.39516 4.47588
1.48226 5.26494
2.70544 2.71603
1.40579 0.29728
1.94805 6.12314
2.68854 1.52416
1.3223 1.25284
2.17801 5.88952
2.49136 3.37918
2.01957 -0.0837937
1.89118 3.81708
1.29921 5.3346
2.77851 1.17394
1.25881 1.36941
2.489 5.45349
2.14257 4.42705
1.63832 5.47569
2.63159 3.10024
1.71349 0.0136398
0.706057 4.74383
2.50862 -1.69554
1.99744 2.8054
2.34361 0.70712
2.00874 1.19564
2.27609 1.09768
1.96329 0.980586
2.33899 1.75787
1.69822 0.896649
1.07999 4.41901
2.86389 1.36277
1.08233 1.03938
3.01666 3.38634
1.98159 4.29617
1.78632 5.5658
2.53808 3.55717
2.3206 0.230125
2.15527 1.50872
1.99181 0.712424
2.32124 2.08385
1.64993 0.755018
0.808981 4.59937
2.70369 -0.901719
1.79411 2.12582
2.25475 3.14432
1.99936 0.0679824
1.98005 3.67218
1.24208 4.67802
2.81357 2.17286
1.1766 0.533955
2.86007 4.4892
1.90419 4.61572
2.25898 5.13573
2.05102 5.03141
2.22252 4.94278
2.02158 5.19954
2.27254 4.72499
1.83253 5.37387
2.45157 4.08653
1.51918 4.6238
2.67395 3.70733
2.38887 2.86314
1.62574 0.340171
0.81478 5.04583
2.49823 -1.58163
2.01559 2.79283
2.29748 0.534002
2.10725 1.26714
2.12293 0.81162
2.22208 1.18183
1.99983 0.893587
2.32385 1.62259
1.75177 0.912308
1.49827 4.3088
2.6905 3.90718
1.73602 4.49608
2.45502 4.76288
1.7438 5.25596
2.50987 3.96085
1.93397 4.20979
1.78742 5.58915
2.54537 3.50096
2.23377 0.0360554
2.24221 1.99146
1.76673 0.674493
1.3534 4.33848
2.78776 3.11748
2.07336 -0.20746
1.95929 3.66191
1.18654 4.72704
2.82614 1.72809
1.10596 0.869204
2.98694 3.67873
1.85763 4.52293
2.28228 5.13916
2.03285 5.03393
2.24104 4.91126
1.9891 5.23433
2.30436 4.63051
1.71043 5.39168
2.5554 3.62523
2.42851 0.711206
1.91311 1.29263
2.35881 1.69209
1.69283 0.945443
1.08157 4.4242
2.86332 1.36837
1.08259 1.037
3.01639 3.3896
1.97953 4.30003
1.7972 5.56547
2.52892 3.60093
2.38051 0.452919
2.04014 1.3431
2.20171 0.843171
2.12491 1.06044
2.15562 0.94205
2.15055 1.00896
2.13791 0.961985
2.16636 1.00842
2.11876 0.956212
2.19109 1.0385
2.08008 0.938682
2.24129 1.14427
1.98869 0.926259
2.32862 1.64577
1.73992 0.913361
1.40308 4.34596
2.75933 3.37661
2.41502 0.505708
1.98742 1.34722
2.27861 1.02426
1.98328 1.00824
2.32735 1.53466
1.77271 0.940403
1.6953 4.18491
2.38434 5.07436
1.93808 5.08235
2.33713 4.68063
1.73748 5.36375
2.52834 3.78096
2.44411 2.35703
1.47448 0.738158
1.36891 5.83971
2.65379 -0.344305
1.8389 1.89841
2.38294 2.11609
1.57035 0.817682
0.883649 5.10936
2.55955 -1.32972
2.0129 2.42727
2.17908 0.399685
2.24873 1.58503
1.85053 0.807065
2.06782 3.5877
2.0299 3.95762
1.18573 5.03797
2.80498 1.10857
1.22458 1.36523
2.6277 5.1275
1.97541 4.67692
2.18574 5.21273
2.13004 4.91459
2.1062 5.16355
2.19192 4.88564
2.02621 5.23842
2.27259 4.69253
1.80255 5.38954
2.47907 3.9687
1.92631 4.21566
1.81806 5.58883
2.51986 3.62207
2.40421 0.577736
1.97947 1.30778
2.29556 1.11225
1.93693 1.00019
2.34303 1.9872
1.64088 0.823313
0.813306 4.61716
2.70201 -0.900122
1.79749 2.12474
2.2711 3.06897
1.91035 0.105714
1.57694 4.18415
2.58719 4.48529
1.53258 5.15123
2.66108 3.21285
1.90417 -0.136301
1.18691 4.28116
2.85839 2.19487
1.21664 0.384716
2.76695 4.89674
2.03259 4.48058
1.9165 5.49443
2.40735 4.1301
1.39865 4.70858
2.74256 3.0551
1.83449 -0.138719
0.835241 4.34523
2.79785 -0.359842
1.53644 1.97548
1.05279 5.25704
2.68269 -0.576003
1.81371 2.0007
2.33996 2.63373
1.61766 0.477539
0.808744 4.9879
2.52441 -1.52272
2.01804 2.64855
2.23049 0.412059
2.20305 1.43679
1.94817 0.786894
2.31388 2.36061
1.63259 0.614794
0.777954 4.77882
2.59276 -1.36924
1.97383 2.37924
2.26025 0.560001
2.1393 1.25615
2.08224 0.812452
2.26484 1.30349
1.91275 0.905299
2.3085 2.5045
1.64361 0.527063
0.767069 4.76595
2.58433 -1.41139
1.98081 2.41611
2.25168 0.527904
2.15627 1.289
2.05047 0.801481
2.29581 1.46588
1.82865 0.908868
2.04132 3.66799
1.58146 4.486
2.62543 4.11818
1.4303 4.78847
2.72191 3.1421
1.91761 -0.170311
1.21765 4.27284
2.84996 2.38915
1.33299 0.247104
2.34225 5.86666
2.50095 3.20701
1.7963 0.0215904
0.828292 4.38048
2.78454 -0.454825
1.57999 2.00597
0.936177 4.91852
2.71414 -0.593771
1.75288 2.02547
2.00322 3.86947
1.15702 4.94936
2.81295 1.08804
1.21395 1.36256
2.66662 5.01535
1.92858 4.72604
2.2752 5.05134
2.01326 5.11569
2.27117 4.79531
1.89029 5.3304
2.39757 4.30457
1.31272 5.02827
2.77966 2.09861
1.16224 0.684741
2.8777 4.36637
1.85396 4.66167
2.35023 4.93801
1.90772 5.20945
2.37214 4.48412
1.49729 5.28969
2.69875 2.75182
1.4281 0.274848
1.83345 6.13103
2.69945 1.00673
1.44604 1.50383
1.43901 5.80778
2.7151 0.322909
1.59737 1.74607
0.90675 4.7209
2.75489 -0.414288
1.64534 1.98887
1.07104 4.55091
2.85077 1.13623
1.13398 1.24184
2.90331 4.07075
1.73141 4.73518
2.50287 4.45216
1.46814 5.17966
2.70605 2.80889
1.48089 0.204357
1.56755 6.05308
2.66225 -0.0492379
1.77516 1.81009
2.17107 3.42112
2.41688 0.919574
1.86296 1.22077
2.32355 2.51362
1.62393 0.538502
0.789132 4.89351
2.5495 -1.48033
2.00792 2.53934
2.21869 0.423701
2.21152 1.44548
1.93507 0.794539
2.3028 2.49791
1.65097 0.524306
0.764161 4.72072
2.60178 -1.36258
1.96281 2.36135
2.28171 0.62362
2.09958 1.20557
2.14989 0.857735
2.18018 1.08642
2.07908 0.910002
2.24865 1.18281
1.96832 0.92104
2.33662 1.83406
1.6821 0.86905
0.9686 4.45158
2.846 0.497745
1.27127 1.61521
2.4504 5.48664
2.14813 4.44155
1.65047 5.47584
2.62222 3.16341
1.78398 -0.0411157
0.74854 4.43962
2.69326 -1.07429
1.81835 2.18608
2.34205 2.66433
1.6209 0.458343
0.804292 4.97955
2.52278 -1.5325
2.01746 2.66033
2.23635 0.419904
2.19604 1.41743
1.96253 0.785002
2.32277 2.20437
1.63167 0.70398
0.785167 4.72957
2.6249 -1.253
1.93557 2.28183
2.3264 0.813602
1.99556 1.13609
2.30167 1.24551
1.88864 0.972236
2.29252 2.67409
1.69207 0.401371
0.765527 4.57041
2.66618 -1.14077
1.86944 2.21263
2.40441 1.64241
1.65489 1.02493
0.92458 4.50198
2.81941 0.0899122
1.4151 1.81754
1.69723 5.91813
2.71446 1.61063
1.26363 1.17847
2.4704 5.52102
2.19835 4.29658
1.36403 5.25898
2.76574 1.92181
1.15999 0.864071
2.8633 4.38566
1.82223 4.70778
2.40269 4.78415
1.78301 5.28517
2.48097 4.05398
1.61471 4.5564
2.59928 4.18907
1.38769 4.8696
2.74357 2.82477
1.54372 0.108046
1.27048 5.82465
2.56301 -0.921341
2.02327 2.17317
2.1261 0.432766
2.28039 1.74713
1.77006 0.810895
1.53579 4.28125
2.6532 4.13378
1.42472 4.83493
2.72375 3.06577
1.80615 -0.11112
0.762858 4.40244
2.72021 -0.934844
1.76065 2.14193
2.03089 3.82411
1.19568 4.76356
2.82214 1.73753
1.10958 0.873072
2.97952 3.72813
1.8423 4.55001
2.32112 5.05557
1.97692 5.11471
2.3045 4.72876
1.80715 5.36184
2.47073 4.02564
1.71219 4.46919
2.47916 4.70582
1.69524 5.25476
2.54831 3.7852
2.42673 2.53545
1.49892 0.610421
1.27483 5.7624
2.61609 -0.67109
1.93776 2.01043
2.30101 0.811588
2.0239 1.11338
2.27222 1.13178
1.95707 0.965093
2.34026 1.84987
1.67409 0.869039
0.930429 4.47163
2.82797 0.178902
1.37771 1.77632
1.91654 5.94344
2.63063 2.60606
1.34245 0.506733
2.20821 5.96776
2.56279 2.899
1.51126 0.29969
1.34554 5.87397
2.60786 -0.644266
1.9484 1.99712
2.28024 0.74622
2.06608 1.13161
2.214 0.972445
2.07278 0.981512
2.24033 1.11512
1.99875 0.935942
2.32179 1.55074
1.77439 0.927778
1.69557 4.1835
2.38294 5.07785
1.9402 5.07978
2.33499 4.6878
1.74589 5.36304
2.52135 3.81351
2.39614 2.75962
1.57838 0.42804
0.951243 5.33087
2.51179 -1.39683
2.03887 2.62072
2.17006 0.329561
2.26249 1.73566
1.79472 0.786576
1.69807 4.16777
2.36784 5.11476
1.96256 5.05112
2.31153 4.76363
1.83033 5.34132
2.44865 4.12579
1.42727 4.69782
2.72732 3.21091
2.04561 -0.188772
1.8758 3.82435
1.35934 5.41182
2.7692 1.39828
1.22412 1.24487
2.63036 5.14353
1.99428 4.64054
2.13372 5.29063
2.18781 4.7844
1.97013 5.32838
2.33065 4.48904
1.52054 5.32858
2.68866 2.80139
1.46037 0.243745
1.66464 6.09472
2.68479 0.316448
1.65624 1.72592
1.15762 4.48637
2.84858 1.82919
1.09683 0.716833
3.01781 3.5143
1.94416 4.38646
1.99563 5.49534
2.34313 4.30975
1.30951 5.07703
2.78123 1.97289
1.14823 0.786539
2.90167 4.21752
1.81816 4.67612
2.39989 4.81088
1.80277 5.27297
2.46374 4.13128
1.42124 4.7093
2.73017 3.17041
1.98471 -0.19103
1.578 4.14617
2.57534 4.54937
1.57801 5.17597
2.63062 3.39766
2.15832 -0.0922801
2.21101 2.71476
1.83527 0.282561
1.34052 4.30179
2.79667 3.07522
2.03234 -0.220075
1.78008 3.95689
1.92295 5.63258
2.45171 3.85793
2.32146 3.15844
1.90423 0.065164
1.4797 4.23063
2.70316 3.89584
1.73397 4.5017
2.4594 4.7471
1.73116 5.25859
2.5202 3.91307
2.10533 3.88612
1.30844 4.67464
2.78809 2.58764
1.39005 0.238805
2.05887 6.09858
2.66258 1.9628
1.26939 0.987325
2.46017 5.57105
2.24566 4.17035
1.23786 4.92209
2.80519 1.76853
1.12525 0.894316
2.94501 3.94118
1.79932 4.63968
2.41357 4.79664
1.78568 5.27165
2.47752 4.07972
1.53982 4.61485
2.65982 3.80726
2.15608 3.78841
1.85104 4.25977
2.08079 5.47753
2.27136 4.48208
1.55319 5.37865
2.67422 2.87306
1.51132 0.19518
1.40006 5.93619
2.61449 -0.556052
1.9301 1.95806
2.31454 0.886635
1.98618 1.0963
2.31661 1.36474
1.83531 0.965115
2.11816 3.47075
2.43977 2.07121
1.51179 0.896078
1.11567 5.52566
2.59854 -0.921221
1.97659 2.13845
2.22558 0.564243
2.1739 1.27885
2.03048 0.815935
2.30954 1.55717
1.78655 0.907219
1.76719 4.11276
2.15123 5.45368
2.2121 4.59921
1.76846 5.44214
2.51799 3.75871
2.46843 2.00804
1.49071 0.951145
1.21601 5.65078
2.62984 -0.661116
1.91493 2.00858
2.34173 1.00203
1.92047 1.09284
2.34898 1.98039
1.63515 0.833955
0.808392 4.64349
2.68725 -0.973769
1.82891 2.14797
2.3718 2.39253
1.55838 0.660539
0.96057 5.30723
2.5417 -1.29773
2.03101 2.45558
2.14275 0.353111
2.27587 1.81714
1.75882 0.783162
1.41627 4.32959
2.75171 3.45988
2.4827 1.1383
1.71823 1.26739
1.51994 4.32907
2.67229 3.99582
1.56703 4.65344
2.63935 3.89124
1.92998 4.24135
1.84476 5.58116
2.49485 3.73731
2.47769 1.65279
1.56759 1.11195
0.868702 4.98708
2.60777 -1.18652
1.96271 2.26672
2.26732 0.614789
2.1173 1.21187
2.12407 0.841454
2.21372 1.1457
2.02075 0.900391
2.30843 1.4667
1.81401 0.928004
1.97384 3.81457
1.14744 4.95319
2.81202 1.00233
1.2348 1.41486
2.58943 5.2194
2.01328 4.63593
2.1003 5.32536
2.22145 4.70662
1.86908 5.39213
2.4242 4.16554
1.35314 4.76802
2.76363 2.74708
1.49683 0.142228
1.51052 6.02614
2.64216 -0.271114
1.84826 1.86299
2.38788 1.95548
1.59476 0.893525
0.821403 4.8779
2.60181 -1.2752
1.96757 2.31825
2.26385 0.588783
2.12797 1.23197
2.10416 0.82599
2.23924 1.21268
1.97017 0.900543
2.33558 1.86037
1.67711 0.858806
0.938363 4.4653
2.83263 0.248365
1.35312 1.74377
2.0531 5.9051
2.54015 3.19252
1.77776 0.0125326
0.764284 4.43439
2.71177 -0.96605
1.77928 2.1505
2.16422 3.48351
2.45256 1.43793
1.66034 1.14938
1.00842 4.47287
2.85294 0.771263
1.19941 1.46052
2.71817 4.82737
1.84871 4.80164
2.39179 4.75173
1.76514 5.30698
2.49784 3.96578
1.92566 4.22013
1.82644 5.58757
2.51244 3.65632
2.44049 0.835753
1.86183 1.27588
2.33482 2.425
1.60491 0.603527
0.820229 4.98553
2.54246 -1.45936
2.01525 2.54956
2.20413 0.396716
2.22911 1.51493
1.89379 0.797784
2.22459 3.03059
1.96633 0.112263
1.89082 3.85032
1.34923 5.3938
2.77114 1.38012
1.22479 1.25357
2.6276 5.14941
1.99599 4.63948
2.13028 5.29469
2.19137 4.77624
1.96023 5.33656
2.34 4.45882
1.47723 5.29403
2.71194 2.61658
1.34404 0.378082
2.24291 5.95543
2.55551 2.92466
1.53061 0.279576
1.2494 5.77856
2.57508 -0.88958
2.00773 2.14026
2.15836 0.47006
2.25487 1.54558
1.85389 0.826722
2.09965 3.50346
2.37516 2.72587
1.59352 0.440594
0.888955 5.20375
2.5073 -1.47495
2.03013 2.68892
2.21683 0.375255
2.222 1.51236
1.90332 0.788708
2.24433 2.92437
1.86424 0.181939
1.39235 4.27632
2.76868 3.37821
2.43798 0.645137
1.92162 1.32483
2.35411 1.54778
1.73871 0.97808
1.45648 4.33245
2.7241 3.66695
2.34136 3.14153
1.86216 0.0821886
1.23763 4.30028
2.84098 2.48936
1.39957 0.18381
2.0323 6.11647
2.67307 1.78556
1.28556 1.10097
2.37403 5.6929
2.32109 3.9843
1.71931 4.43324
2.45837 4.78627
1.75817 5.24268
2.49728 4.02633
1.69969 4.4864
2.49963 4.63101
1.63291 5.24779
2.59604 3.53863
2.3469 0.286787
2.11707 1.44282
2.06286 0.716788
2.29609 1.54765
1.80474 0.888868
1.87779 3.97197
1.59066 5.57968
2.6912 2.4971
1.28625 0.519943
2.47244 5.626
2.32606 3.90705
2.03737 3.99557
1.20819 5.0937
2.8 1.1478
1.22517 1.35052
2.62537 5.13677
1.98089 4.66884
2.17277 5.23294
2.14484 4.88328
2.07633 5.20869
2.22506 4.80056
1.94029 5.32491
2.3552 4.42985
1.4356 5.24944
2.7316 2.45341
1.26754 0.485849
2.55977 5.45812
2.23844 4.13205
1.24125 4.85564
2.80649 1.91251
1.12718 0.772343
2.95224 3.93813
1.82331 4.61412
2.37486 4.90795
1.87525 5.22323
2.40035 4.39016
1.38547 5.1637
2.75164 2.31508
1.21825 0.564278
2.72725 4.99156
2.02885 4.51184
1.9592 5.46834
2.36539 4.27599
1.29073 4.99575
2.78777 2.00783
1.14669 0.741303
2.91044 4.18487
1.82523 4.66097
2.38704 4.85232
1.83651 5.25561
2.43469 4.25074
1.30871 4.91862
2.78123 2.27042
1.20408 0.534847
2.7788 4.81965
1.98029 4.56185
2.09665 5.36092
2.23086 4.66018
1.81351 5.41541
2.47477 3.96284
1.95137 4.17606
1.68463 5.57598
2.62366 3.05967
1.66072 0.0695392
0.789235 5.04908
2.45678 -1.70439
1.9764 3.07634
2.42878 2.01053
1.53599 0.914942
0.996234 5.32982
2.57575 -1.14308
2.00548 2.28655
2.17371 0.437942
2.24746 1.54364
1.86338 0.816277
2.13268 3.40043
2.44251 1.26925
1.72416 1.17835
1.50715 4.3278
2.68359 3.9321
1.68716 4.5435
2.52547 4.50592
1.52556 5.20104
2.66996 3.09322
1.74822 -0.0389265
0.696943 4.59128
2.56993 -1.56116
1.98202 2.52334
2.27529 0.55324
2.1254 1.25608
2.10098 0.812598
2.24551 1.23918
1.95475 0.899294
2.33587 2.01762
1.64359 0.801721
0.811771 4.61197
2.70222 -0.902382
1.79714 2.12561
2.26933 3.07751
1.91974 0.100025
1.6256 4.15055
2.49994 4.79594
1.75042 5.19988
2.50062 4.05161
1.61546 4.56042
2.59882 4.18802
1.38776 4.86779
2.74355 2.8274
1.54647 0.105244
1.25736 5.81101
2.55832 -0.951911
2.02894 2.19883
2.115 0.417288
2.28637 1.83636
1.74154 0.793318
1.29345 4.36475
2.81431 2.7664
1.63034 -0.0190316
0.925401 5.36387
2.44782 -1.58375
1.99401 3.06046
2.43646 1.56557
1.64058 1.09118
0.896207 4.54116
2.7946 -0.185224
1.52114 1.92229
1.10469 5.3595
2.68328 -0.493985
1.80394 1.97259
2.3094 2.83574
1.71824 0.303099
0.77462 4.50784
2.69868 -0.996166
1.80674 2.15832
2.30538 2.89577
1.75075 0.253767
0.839387 4.42014
2.7834 -0.42759
1.57982 1.9978
0.935003 4.91618
2.71392 -0.59729
1.75366 2.0265
2.00934 3.85757
1.15555 4.90073
2.81757 1.18276
1.18541 1.2938
2.7624 4.70483
1.82841 4.78852
2.4113 4.70776
1.7197 5.30885
2.53482 3.80024
2.41151 2.65361
1.53353 0.517408
1.12546 5.59325
2.56269 -1.05656
2.02285 2.25703
2.13199 0.408589
2.27864 1.76395
1.76804 0.803325
1.51142 4.29272
2.6779 3.99337
1.56465 4.65799
2.64102 3.87699
1.97514 4.16929
1.60518 5.54249
2.67257 2.71561
1.3917 0.352833
2.00207 6.10343
2.67457 1.82173
1.2768 1.07552
2.41746 5.63001
2.27765 4.10011
1.31269 4.74244
2.78336 2.53871
1.34602 0.295876
2.26222 5.9489
2.55331 2.92543
1.53176 0.280261
1.24282 5.77117
2.57304 -0.904299
2.01063 2.15097
2.15246 0.460868
2.26061 1.58184
1.83701 0.825758
2.01465 3.71758
1.30215 4.64606
2.79221 2.57969
1.38955 0.235736
2.06288 6.09728
2.66142 1.97772
1.26882 0.977626
2.46386 5.56598
2.2433 4.17493
1.23758 4.93551
2.80481 1.74044
1.1266 0.917985
2.94002 3.96325
1.79287 4.65091
2.42425 4.76092
1.75536 5.28084
2.50292 3.968
1.91273 4.24019
1.89105 5.57511
2.45428 3.90033
2.19219 3.64247
2.40275 2.56427
1.52947 0.576033
1.12346 5.58214
2.56836 -1.03682
2.01662 2.23589
2.144 0.424969
2.27042 1.67766
1.79969 0.815037
1.76605 4.10477
2.14623 5.4608
2.21793 4.58417
1.74353 5.44282
2.53886 3.66134
2.45568 0.966966
1.80375 1.26719
2.15266 3.40804
2.42896 1.05437
1.80717 1.20726
2.13736 3.4483
2.45243 1.55444
1.62549 1.11522
0.860719 4.60253
2.75181 -0.545894
1.66646 2.02795
1.20461 4.50119
2.83602 2.12269
1.16631 0.51181
2.8909 4.35078
1.88866 4.61111
2.28017 5.10214
2.02437 5.06909
2.2548 4.86135
1.94907 5.27967
2.34286 4.50107
1.52968 5.32681
2.68222 2.8599
1.50562 0.195274
1.43198 5.96227
2.62429 -0.467918
1.90482 1.92471
2.3552 1.13097
1.86515 1.07874
2.28314 2.7779
1.73594 0.319762
0.832667 4.43931
2.77337 -0.502272
1.61186 2.01975
0.943608 4.70774
2.78499 -0.110014
1.53263 1.90021
1.04678 5.25841
2.67602 -0.623506
1.83073 2.01378
2.37677 2.27938
1.55782 0.728995
0.945348 5.26527
2.5482 -1.29381
2.0259 2.43516
2.15035 0.366302
2.27125 1.7557
1.77907 0.794317
1.58768 4.25024
2.58843 4.44437
1.5009 5.13259
2.68135 3.07693
1.74343 -0.0413185
0.694415 4.61832
2.55401 -1.60564
1.99044 2.59003
2.27591 0.534002
2.12978 1.27081
2.09098 0.804142
2.25761 1.28335
1.92724 0.901291
2.32307 2.32899
1.62162 0.64269
0.788326 4.8353
2.57891 -1.39629
1.98804 2.41948
2.23563 0.492431
2.18086 1.3394
2.00412 0.797217
2.32463 1.78395
1.70836 0.867355
1.12321 4.40619
2.86108 1.67691
1.07678 0.800713
3.04368 3.26748
2.07417 4.12623
1.30287 5.24406
2.78253 1.49079
1.18487 1.15833
2.76857 4.71314
1.84844 4.75823
2.38364 4.80142
1.80621 5.28784
2.46232 4.12328
1.43607 4.69491
2.72246 3.25721
2.11299 -0.162851
2.10747 3.24727
2.38487 0.76481
1.94617 1.21984
2.34094 1.47834
1.77389 0.975289
1.73917 4.14792
2.25808 5.31192
2.09567 4.84595
2.11551 5.19889
2.18892 4.8609
2.01646 5.26001
2.28337 4.65294
1.75262 5.39885
2.52212 3.77823
2.44983 2.28819
1.47185 0.784003
1.36953 5.83458
2.65754 -0.317467
1.82845 1.8922
2.36916 2.32001
1.56422 0.699138
0.92756 5.2346
2.54313 -1.32956
2.02723 2.47112
2.15503 0.359515
2.26906 1.74689
1.78389 0.793489
1.62403 4.22632
2.53077 4.66597
1.65948 5.21493
2.57266 3.6988
2.48265 1.57731
1.58342 1.14393
0.8425 4.85537
2.63926 -1.10782
1.91608 2.2066
2.35326 0.985457
1.913 1.11314
2.34931 2.02904
1.62533 0.81501
0.798343 4.70994
2.64958 -1.14222
1.89855 2.21758
2.38088 1.19794
1.81577 1.10185
2.11664 3.49593
2.42109 2.33401
1.50179 0.737078
1.21366 5.67619
2.61 -0.764889
1.95347 2.05487
2.27103 0.698054
2.09005 1.15633
2.17571 0.906056
2.13693 1.02434
2.15045 0.959582
2.15187 0.999108
2.13907 0.968383
2.16321 1.00194
2.12445 0.961422
2.18284 1.02525
2.09392 0.944678
2.22372 1.09982
2.02283 0.927263
2.30343 1.40851
1.83695 0.934536
2.1037 3.50872
2.37916 2.69944
1.58178 0.463177
0.925743 5.27563
2.51293 -1.42018
2.03556 2.63135
2.18177 0.340517
2.25398 1.67078
1.8215 0.791701
1.88972 3.94328
1.50134 5.52572
2.73045 2.08038
1.19207 0.804724
2.77652 4.76554
1.9166 4.6601
2.2629 5.1074
2.04026 5.05996
2.23806 4.89682
1.98478 5.24631
2.30922 4.60963
1.68322 5.38971
2.57708 3.51306
2.2833 0.11697
2.20659 1.69991
1.87461 0.713191
2.09886 3.4869
2.39381 2.5833
1.54238 0.556775
1.06622 5.50229
2.55107 -1.15719
2.03172 2.34291
2.12158 0.373251
2.28434 1.88962
1.73223 0.773189
1.20433 4.38083
2.84521 2.22677
1.21938 0.398348
2.75532 4.9341
2.04127 4.47196
1.88899 5.50386
2.4328 4.03866
1.66211 4.50632
2.54732 4.44846
1.48269 5.15578
2.6949 2.9374
1.59508 0.0887016
1.02422 5.5107
2.48438 -1.4021
2.04353 2.74305
2.20726 0.343295
2.23491 1.58261
1.86817 0.78736
2.13065 3.40187
2.44434 1.30835
1.70984 1.17155
1.37908 4.37642
2.77173 3.22549
2.20816 -0.0959299
2.23439 2.38579
1.74505 0.496078
1.01571 4.38538
2.86489 0.934007
1.14295 1.33307
2.87926 4.17277
1.71982 4.77297
2.51606 4.37229
1.403 5.09551
2.73898 2.57058
1.32944 0.367168
2.31817 5.87749
2.50047 3.22615
1.81821 0.00369613
0.901005 4.34472
2.83696 0.125649
1.36492 1.78579
1.99509 5.92348
2.57975 2.96818
1.55977 0.216942
1.12893 5.64122
2.52999 -1.16999
2.04967 2.40503
2.0906 0.336828
2.28684 2.17132
1.68165 0.670284
0.853928 4.49587
2.77558 -0.429424
1.59886 1.99805
0.92762 4.78015
2.75367 -0.371381
1.64285 1.97542
1.05902 4.55603
2.84957 1.03905
1.15363 1.30893
2.85283 4.31294
1.73814 4.79211
2.50055 4.41608
1.43355 5.1478
2.72468 2.66127
1.37949 0.31256
2.08438 6.0768
2.64879 2.15461
1.2673 0.857601
2.4868 5.54321
2.2406 4.1686
1.23622 4.92682
2.80544 1.74731
1.12567 0.910807
2.94267 3.94975
1.7954 4.64546
2.41986 4.77626
1.76844 5.27723
2.492 4.01674
1.73634 4.45017
2.43957 4.82988
1.79357 5.2349
2.4682 4.14869
1.39349 4.74036
2.74397 2.99782
1.75538 -0.0846849
0.69049 4.59073
2.56121 -1.59385
1.98614 2.56289
2.27736 0.546484
2.12501 1.26072
2.10023 0.810034
2.24684 1.24485
1.95147 0.899135
2.33528 2.05299
1.6379 0.786676
0.801113 4.64925
2.67702 -1.03022
1.84941 2.16825
2.39893 1.98286
1.57617 0.89524
0.85826 5.01871
2.57689 -1.30647
1.99651 2.37589
2.2074 0.455556
2.21556 1.42916
1.93465 0.804523
2.30531 2.47768
1.64615 0.539159
0.766661 4.7411
2.59563 -1.37775
1.96971 2.37859
2.26948 0.583795
2.12339 1.23433
2.10969 0.825567
2.23334 1.19801
1.98157 0.899075
2.33247 1.75979
1.70529 0.886412
1.11817 4.40931
2.86149 1.63944
1.07491 0.82979
3.04415 3.24966
2.08523 4.1002
1.25423 5.1576
2.79292 1.34805
1.19516 1.23606
2.73261 4.8269
1.87377 4.7546
2.35332 4.87677
1.87392 5.25442
2.40368 4.35257
1.34962 5.10573
2.76584 2.19559
1.18492 0.634956
2.82123 4.63059
1.91229 4.6336
2.25606 5.13184
2.05246 5.03424
2.22161 4.94211
2.02218 5.19979
2.27203 4.72577
1.83371 5.37358
2.45055 4.0905
1.50844 4.63177
2.68088 3.65197
2.46177 2.24767
1.46184 0.815382
1.41925 5.87398
2.67229 -0.144967
1.7744 1.8493
2.169 3.4328
2.42694 1.01355
1.82226 1.21352
2.2084 3.19434
2.13337 0.111973
2.25682 2.40328
1.71195 0.518085
0.875027 4.44644
2.80234 -0.202663
1.50466 1.92549
1.18947 5.48781
2.69637 -0.276478
1.75013 1.91136
1.9982 3.86895
1.15822 4.96827
2.81105 1.05426
1.22505 1.38638
2.62623 5.12745
1.97342 4.68167
2.19138 5.20304
2.12335 4.92873
2.11894 5.14236
2.17688 4.92205
2.05902 5.19455
2.23868 4.79003
1.91859 5.33473
2.37455 4.36837
1.36282 5.14978
2.76159 2.18997
1.18513 0.649334
2.81853 4.63809
1.91127 4.63695
2.25929 5.12492
2.04797 5.04201
2.22749 4.92724
2.00984 5.21574
2.28451 4.68791
1.78698 5.38711
2.49155 3.92053
2.10519 3.88082
1.31861 4.66675
2.78399 2.65505
1.44246 0.184259
1.79638 6.13855
2.69637 0.772412
1.51721 1.59182
1.05248 5.32079
2.64983 -0.755919
1.88813 2.05387
2.38125 1.30213
1.78276 1.07871
1.89881 3.96053
1.49844 5.51977
2.731 2.08115
1.19165 0.803085
2.77806 4.76013
1.91534 4.66078
2.26504 5.10346
2.03738 5.06433
2.24155 4.88774
1.97664 5.2551
2.31704 4.58443
1.64812 5.38238
2.60369 3.36721
2.06709 -0.131103
2.01392 3.5495
1.77462 4.31804
2.30707 5.17749
2.02414 4.99884
2.24341 4.93284
1.99698 5.21575
2.29576 4.66462
1.75379 5.38983
2.51948 3.79814
2.42413 2.54443
1.50273 0.602758
1.25647 5.74334
2.60991 -0.721393
1.95093 2.03389
2.27568 0.718986
2.07898 1.14507
2.19346 0.93329
2.10833 1.00104
2.19226 1.01329
2.08616 0.952923
2.23096 1.11036
2.01112 0.929086
2.31314 1.47783
1.80538 0.932532
1.92365 3.90508
1.33061 5.35678
2.77485 1.35648
1.2237 1.26286
2.63153 5.13679
1.98948 4.64843
2.14661 5.2731
2.17402 4.81674
2.00733 5.29326
2.29497 4.6005
1.68422 5.39876
2.57804 3.49961
2.26176 0.0714451
2.22628 1.82626
1.81988 0.704375
1.78365 4.07388
2.06009 5.54118
2.30829 4.3471
1.35202 5.17878
2.7673 2.04396
1.16257 0.759688
2.86768 4.39346
1.84299 4.68213
2.37084 4.87926
1.86278 5.24555
2.41226 4.33353
1.33561 5.07043
2.77096 2.17273
1.17866 0.642589
2.83826 4.55692
1.89481 4.64415
2.28685 5.07389
2.01049 5.09671
2.27156 4.80946
1.89997 5.32029
2.38832 4.34121
1.33784 5.0967
2.77062 2.1326
1.17142 0.677426
2.85383 4.47931
1.8731 4.65914
2.32361 4.99577
1.95325 5.16724
2.32999 4.62823
1.68866 5.37598
2.57014 3.56289
2.35613 0.332145
2.09694 1.4079
2.10113 0.734219
2.26084 1.3468
1.90435 0.887982
2.28994 2.65995
1.6927 0.407917
0.768612 4.56373
2.67224 -1.11211
1.85858 2.2004
2.40392 1.83074
1.60524 0.96137
0.815203 4.77174
2.64351 -1.13617
1.90881 2.2173
2.36619 1.06976
1.87232 1.10978
2.30855 2.60039
1.65477 0.467511
0.758183 4.73632
2.58652 -1.41841
1.97775 2.41532
2.25855 0.544325
2.14509 1.27009
2.07061 0.806424
2.27722 1.35992
1.88144 0.907704
2.24914 2.93244
1.86023 0.180302
1.36362 4.28453
2.78528 3.21525
2.23675 -0.0598177
2.23806 2.15551
1.74972 0.605993
1.15486 4.37197
2.85842 1.91923
1.11114 0.610261
3.0024 3.66897
1.90671 4.46684
2.15432 5.3407
2.18064 4.74819
1.95178 5.35636
2.34979 4.41651
1.42086 5.23798
2.7386 2.38228
1.24082 0.533596
2.65308 5.21967
2.12087 4.37254
1.59355 5.47147
2.66394 2.86234
1.49533 0.222826
1.47545 5.99155
2.63962 -0.325418
1.86067 1.88022
2.391 1.73874
1.64367 0.976408
0.866012 4.55347
2.76988 -0.428868
1.61233 1.99714
0.94421 4.69708
2.78799 -0.0855125
1.52152 1.89206
1.09385 5.34584
2.67964 -0.532509
1.81505 1.98349
2.34368 2.5998
1.60715 0.503975
0.830592 5.04588
2.52179 -1.50301
2.02166 2.64729
2.22126 0.395478
2.21456 1.47572
1.92279 0.789395
2.28375 2.66581
1.70319 0.397079
0.783657 4.52261
2.70332 -0.957483
1.79654 2.14547
2.26295 3.11034
1.95641 0.0811615
1.80357 3.97286
1.86102 5.64121
2.50548 3.63908
2.41922 0.678174
1.93347 1.29052
2.34696 1.48322
1.76569 0.98336
1.68262 4.19957
2.4181 4.993
1.88627 5.13489
2.38615 4.50858
1.52283 5.29714
2.68274 2.88719
1.53122 0.165713
1.30611 5.85349
2.58122 -0.810938
1.9972 2.09032
2.17989 0.510674
2.22987 1.42157
1.91923 0.825189
2.29141 2.62002
1.68257 0.435636
0.763524 4.59755
2.65338 -1.19109
1.89123 2.23687
2.39138 1.30916
1.76932 1.09257
1.81132 4.08081
1.98208 5.58427
2.38447 4.11739
1.40659 4.69284
2.739 3.11054
1.91074 -0.175537
1.17042 4.27821
2.86291 2.09377
1.17126 0.452908
2.88701 4.38606
1.90632 4.59258
2.24294 5.17206
2.07323 4.98964
2.19088 5.01837
2.0801 5.11055
2.2079 4.90507
2.01912 5.22812
2.27766 4.69125
1.79653 5.38833
2.48385 3.95071
1.99452 4.10519
1.44579 5.43826
2.74515 1.98074
1.1784 0.858408
2.81203 4.61312
1.86776 4.69861
2.34453 4.92974
1.9081 5.21757
2.37237 4.47649
1.48793 5.283
2.70394 2.70976
1.40041 0.305986
1.97396 6.11692
2.68318 1.64846
1.30056 1.18162
2.29467 5.78489
2.39131 3.77114
2.45367 2.13976
1.4845 0.871585
1.27062 5.72416
2.63794 -0.55527
1.89182 1.96733
2.37318 1.26616
1.80292 1.07457
2.02703 3.72212
1.34892 4.62029
2.77233 2.86929
1.65156 -0.0134453
0.844527 5.20281
2.4393 -1.68156
1.96319 3.16736
2.3365 2.89631
1.70678 0.278517
0.74627 4.57322
2.64207 -1.26228
1.90819 2.27296
2.3734 1.10036
1.85474 1.11308
2.27075 2.86572
1.79046 0.244919
1.01284 4.35286
2.86838 0.949325
1.1333 1.31328
2.90262 4.0521
1.72035 4.7404
2.51367 4.4076
1.43142 5.1347
2.72507 2.67346
1.38842 0.300297
2.04161 6.09715
2.665 1.94802
1.26852 0.995774
2.46314 5.56432
2.24067 4.18303
1.23861 4.9569
2.80383 1.70536
1.1295 0.948527
2.93103 4.00619
1.78426 4.66891
2.43836 4.70971
1.7103 5.28791
2.53983 3.79559
2.41597 2.62097
1.52238 0.543796
1.17294 5.65205
2.5792 -0.944638
2.00328 2.16781
2.16903 0.471788
2.24604 1.50746
1.87517 0.8239
2.18262 3.22235
2.21316 0.203044
2.24636 1.78365
1.80342 0.747825
1.71778 4.14614
2.30844 5.23267
2.03858 4.94184
2.21534 5.01678
2.05619 5.12666
2.23266 4.85441
1.96689 5.28178
2.328 4.53583
1.58158 5.35925
2.65043 3.07895
1.70619 0.00892532
0.712859 4.79458
2.49151 -1.72377
1.99157 2.89963
2.39431 0.984367
1.86804 1.17186
2.31909 2.5338
1.63175 0.521195
0.778433 4.85088
2.55715 -1.47362
2.00246 2.51345
2.22442 0.441824
2.20265 1.41248
1.95555 0.794108
2.32075 2.25856
1.62907 0.675479
0.783357 4.76345
2.60718 -1.3151
1.95834 2.33068
2.28625 0.647468
2.08804 1.19108
2.16948 0.881201
2.15116 1.04708
2.12634 0.935131
2.18745 1.04669
2.08202 0.933312
2.24023 1.14495
1.98971 0.924935
2.32812 1.64023
1.74202 0.914097
1.42079 4.34003
2.74846 3.47449
2.48709 1.23793
1.68173 1.24899
1.2018 4.42825
2.84223 2.17144
1.18967 0.452951
2.83639 4.61319
1.9455 4.57637
2.16816 5.28089
2.15759 4.82823
2.03314 5.27261
2.27051 4.6676
1.77986 5.4
2.49979 3.87486
2.2562 3.44078
2.31352 0.357767
2.1347 1.39872
2.04937 0.742614
2.30307 1.5772
1.78834 0.892106
1.76494 4.11366
2.15846 5.44598
2.20454 4.61676
1.79787 5.43911
2.49278 3.86983
2.27614 3.36359
2.19021 0.111796
2.25826 2.05374
1.73522 0.676105
1.12958 4.38405
2.86205 1.74094
1.08108 0.744998
3.04176 3.30968
2.05018 4.18074
1.4319 5.40131
2.7477 1.9999
1.17602 0.837818
2.82126 4.5798
1.86361 4.69641
2.34912 4.92087
1.90031 5.22313
2.37933 4.45211
1.45684 5.25423
2.71987 2.58074
1.32649 0.395766
2.32303 5.86735
2.4918 3.2722
1.87501 -0.0319775
1.15904 4.29753
2.86389 2.00688
1.13788 0.520414
2.95799 3.98723
1.87356 4.56563
2.28 5.12391
2.03057 5.04825
2.24566 4.89288
1.97534 5.25153
2.31782 4.58569
1.64905 5.38202
2.60288 3.37237
2.07468 -0.128645
2.03898 3.48244
2.15327 3.65877
2.26251 3.3286
2.1719 0.10183
2.26053 2.17552
1.71645 0.630748
0.977267 4.41444
2.85387 0.612029
1.22966 1.54332
2.61519 5.12727
1.95984 4.7152
2.22819 5.13404
2.07681 5.02043
2.19439 4.99164
2.06799 5.13866
2.22336 4.85977
1.97948 5.27475
2.31658 4.56868
1.62959 5.3796
2.61766 3.28322
1.94965 -0.132665
1.46314 4.21394
2.71695 3.82414
1.89757 4.30626
2.01475 5.50928
2.33213 4.32378
1.32234 5.1129
2.77702 1.98524
1.15195 0.786284
2.89238 4.26528
1.82215 4.68132
2.39638 4.81678
1.80868 5.27181
2.45881 4.15064
1.38786 4.74228
2.74687 2.96593
1.71857 -0.0568658
0.702743 4.77876
2.48485 -1.75126
1.98483 2.94607
2.41926 1.2336
1.76175 1.15214
1.802 4.0974
2.03182 5.55401
2.33435 4.27632
1.28597 5.02242
2.78922 1.9193
1.13984 0.811521
2.91944 4.11491
1.8087 4.66585
2.40878 4.79377
1.78631 5.27635
2.47744 4.07582
1.55055 4.60645
2.65221 3.86211
1.99278 4.1412
1.50972 5.48569
2.72025 2.28111
1.21926 0.655608
2.70795 5.03387
2.0282 4.52522
1.97478 5.4565
2.34976 4.32801
1.32487 5.10367
2.77592 2.02462
1.15541 0.755984
2.8869 4.30145
1.8318 4.67693
2.38335 4.8521
1.83877 5.25771
2.433 4.25462
1.30812 4.92589
2.78143 2.25447
1.19879 0.54798
2.79306 4.76324
1.96214 4.58096
2.14325 5.3071
2.1829 4.77598
1.96985 5.33378
2.33158 4.48206
1.51105 5.32227
2.69407 2.75905
1.43063 0.276103
1.81856 6.12951
2.69959 0.945714
1.46302 1.52841
1.33754 5.713
2.69976 -0.0197875
1.69995 1.83632
1.54008 4.36355
2.65594 4.05779
1.4853 4.73143
2.69152 3.46129
2.38426 0.387532
2.05309 1.38024
2.17375 0.789871
2.17117 1.12103
2.08001 0.889351
2.25197 1.20624
1.95729 0.917359
2.33761 1.9507
1.65476 0.829738
0.843747 4.54883
2.75286 -0.582832
1.66749 2.03962
1.20932 4.5008
2.83469 2.15304
1.17722 0.490507
2.86513 4.47788
1.91162 4.60234
2.24014 5.17185
2.07551 4.98865
2.18828 5.02255
2.08391 5.10472
2.20337 4.91609
2.02892 5.2157
2.26776 4.72075
1.83335 5.37731
2.45144 4.08399
1.52603 4.61851
2.66942 3.74266
2.31886 3.23062
1.97644 0.0266596
1.83268 3.9258
1.68153 5.6295
2.64318 2.86723
1.4898 0.248258
1.49358 6.00107
2.64692 -0.254672
1.83756 1.86147
2.37961 2.15135
1.56897 0.797227
0.89123 5.13288
2.55596 -1.33181
2.0161 2.4375
2.17373 0.39006
2.25394 1.61892
1.8351 0.805774
1.98563 3.77609
1.15348 4.82867
2.82378 1.31085
1.15064 1.19334
2.86438 4.2891
1.75276 4.76889
2.4853 4.48963
1.50006 5.21682
2.68876 2.92266
1.57234 0.116572
1.1181 5.64149
2.51467 -1.22955
2.05549 2.49501
2.09502 0.309633
2.28362 2.20407
1.68243 0.651359
0.847046 4.49918
2.76931 -0.484246
1.61969 2.01375
0.961153 4.66283
2.80539 0.108388
1.4459 1.82117
1.50384 5.81942
2.73139 0.764896
1.45422 1.60036
1.40058 5.76385
2.71411 0.237442
1.61878 1.77126
0.957393 4.61078
2.81418 0.169559
1.4132 1.79311
1.70191 5.92244
2.71378 1.61562
1.26357 1.17594
2.47078 5.52074
2.19837 4.29627
1.36358 5.25842
2.76589 1.92004
1.15988 0.86521
2.86347 4.38451
1.82184 4.70801
2.40318 4.78269
1.7817 5.28556
2.48207 4.04926
1.62938 4.54459
2.58493 4.26456
1.38398 4.96559
2.74548 2.67234
1.4057 0.258842
1.96554 6.125
2.68606 1.56383
1.31626 1.23109
2.21106 5.86435
2.46477 3.49479
2.19757 0.0212771
2.25054 2.1994
1.72797 0.605978
1.01952 4.39866
2.86379 0.946827
1.14283 1.3282
2.87966 4.17215
1.72053 4.7721
2.51538 4.37566
1.40534 5.09957
2.7379 2.57767
1.33313 0.362984
2.30175 5.89705
2.51422 3.15577
1.73838 0.0662741
0.716936 4.56195
2.60952 -1.41769
1.94882 2.37601
2.31469 0.730834
2.03317 1.16075
2.25109 1.03854
2.00994 0.975451
2.30895 1.40635
1.83136 0.943449
2.08305 3.56757
2.17814 3.59877
2.4276 2.31044
1.49566 0.75588
1.24158 5.7065
2.61972 -0.686762
1.93323 2.01803
2.30973 0.84254
2.00497 1.10824
2.29537 1.2317
1.89998 0.966867
2.30948 2.52762
1.64428 0.51422
0.766075 4.77061
2.58071 -1.42362
1.98391 2.42972
2.24745 0.514116
2.16395 1.30522
2.0358 0.79844
2.30738 1.55611
1.78932 0.904153
1.78456 4.09347
2.07998 5.52194
2.28654 4.41008
1.44243 5.2948
2.73221 2.38574
1.24241 0.543377
2.64515 5.23927
2.12759 4.36229
1.56554 5.4561
2.68028 2.73896
1.40929 0.318675
1.91924 6.12422
2.6929 1.41741
1.34297 1.3105
2.06226 5.95594
2.57571 2.93128
1.53135 0.257916
1.25644 5.78921
2.57501 -0.883421
2.00769 2.13675
2.15836 0.471257
2.2547 1.54369
1.85462 0.826965
2.10314 3.49335
2.3966 2.56271
1.53652 0.572917
1.08904 5.5338
2.5587 -1.10721
2.02589 2.29556
2.12893 0.393687
2.28086 1.8084
1.75472 0.793504
1.39553 4.33739
2.76426 3.34388
2.3819 0.341108
2.0673 1.40621
2.14603 0.753707
2.21073 1.19862
2.00837 0.876869
2.31961 1.59187
1.7652 0.913863
1.60853 4.24801
2.55987 4.5543
1.57711 5.1901
2.63238 3.37198
2.11668 -0.123133
2.14131 3.12051
2.21209 0.235462
2.24433 1.73398
1.81774 0.759209
1.83061 4.02289
1.83807 5.63273
2.5206 3.57981
2.34508 0.316264
2.11219 1.42065
2.07561 0.726518
2.28496 1.46554
1.84124 0.89246
2.09219 3.53492
2.29719 3.16117
1.94294 0.0596122
1.70254 4.0813
2.29525 5.27402
2.05942 4.8961
2.17828 5.09789
2.1132 5.02372
2.15849 5.03439
2.1163 5.06974
2.16586 4.99167
2.09636 5.11814
2.19383 4.91898
2.04003 5.20794
2.25712 4.7469
1.86634 5.36412
2.42201 4.1974
1.32116 4.82474
2.77716 2.48849
1.30602 0.35592
2.43034 5.72426
2.40268 3.63805
2.41596 0.722657
1.924 1.27265
2.35383 1.60644
1.7222 0.962191
1.30777 4.37732
2.80716 2.83764
1.70219 -0.0762444
0.728683 4.90678
2.45106 -1.78626
1.95405 3.14787
2.32145 2.97629
1.77049 0.202936
0.876448 4.38832
2.81556 -0.112937
1.45836 1.88996
1.44891 5.77039
2.7307 0.584935
1.5026 1.66681
1.13424 5.44399
2.66857 -0.542033
1.83663 1.97975
2.38389 2.15497
1.56337 0.80015
0.909748 5.17577
2.55549 -1.3113
2.01807 2.42668
2.16686 0.385652
2.25927 1.65176
1.81994 0.804996
1.89344 3.93909
1.48156 5.51056
2.73745 1.99117
1.18548 0.864541
2.79006 4.69968
1.88856 4.68879
2.314 4.99901
1.96227 5.16527
2.32191 4.64881
1.71642 5.37901
2.54817 3.67269
2.46793 1.12399
1.74026 1.24951
1.69989 4.20856
2.38906 5.05567
1.92836 5.09705
2.34701 4.64463
1.6948 5.36388
2.56306 3.61099
2.41697 0.628759
1.95044 1.30385
2.33051 1.31538
1.83489 0.997973
2.13889 3.41118
2.4424 1.25556
1.72857 1.18145
1.54782 4.30757
2.64363 4.16303
1.41226 4.86543
2.73018 2.96562
1.68357 -0.0175548
0.755065 4.97514
2.45035 -1.75646
1.95945 3.13873
2.35292 2.7911
1.64172 0.374305
0.773573 4.89834
2.52433 -1.56756
2.01223 2.67373
2.25413 0.453812
2.17154 1.35699
2.01119 0.782756
2.32208 1.75839
1.71775 0.871295
1.19215 4.3931
2.84768 2.14054
1.17999 0.462037
2.86211 4.49912
1.92149 4.59155
2.21801 5.20942
2.10223 4.93947
2.14562 5.10791
2.14577 4.9849
2.11458 5.10743
2.17484 4.95197
2.07327 5.16397
2.22195 4.8418
1.97035 5.28993
2.32593 4.53372
1.58022 5.35995
2.65155 3.07
1.69657 0.0170947
0.724687 4.85006
2.47834 -1.73629
1.98473 2.97298
2.42634 1.33812
1.72109 1.13813
1.44913 4.34924
2.72915 3.61331
2.43184 2.57704
1.49796 0.583623
1.29076 5.78278
2.61834 -0.642908
1.93196 1.99793
2.31164 0.858331
1.99804 1.10392
2.3036 1.27754
1.87659 0.966927
2.26444 2.86152
1.79886 0.241971
1.05668 4.3449
2.87176 1.27411
1.07996 1.07929
3.01803 3.35737
2.00001 4.26004
1.68393 5.55344
2.61729 3.12346
1.72955 0.00772849
0.699915 4.65376
2.54502 -1.6193
1.99493 2.62561
2.2774 0.526993
2.13005 1.27583
2.08922 0.801444
2.2599 1.29333
1.92154 0.901486
2.31775 2.39995
1.62706 0.598103
0.782462 4.82784
2.57466 -1.41746
1.99092 2.4397
2.23332 0.481515
2.18561 1.35389
1.99389 0.796123
2.32744 1.87222
1.68399 0.843057
0.96186 4.45087
2.84394 0.447432
1.28638 1.64215
2.38448 5.59422
2.22141 4.29232
1.33685 5.21022
2.77379 1.85064
1.15405 0.904029
2.87515 4.31764
1.80556 4.71326
2.42298 4.72532
1.72889 5.29507
2.52577 3.85465
2.29325 3.3028
2.09224 0.0356854
2.19296 2.92447
1.961 0.152402
1.91406 3.817
1.23593 5.2309
2.78712 0.983908
1.28842 1.46364
2.35666 5.66299
2.28075 4.13096
1.27872 4.79505
2.79564 2.25957
1.203 0.508159
2.78684 4.7961
1.97886 4.55887
2.09667 5.36213
2.23108 4.65874
1.81178 5.41598
2.47632 3.95628
1.97656 4.13492
1.54444 5.51345
2.70533 2.42426
1.25919 0.559599
2.57673 5.40663
2.20219 4.22118
1.27146 5.10994
2.79199 1.60943
1.15323 1.05158
2.86548 4.32352
1.78042 4.74528
2.45529 4.60713
1.61554 5.28325
2.61341 3.40126
2.1379 -0.10138
2.18579 2.89434
1.95875 0.163699
1.91711 3.81342
1.22431 5.20948
2.78868 0.952766
1.29293 1.47805
2.33566 5.68995
2.3019 4.07592
1.39436 4.67488
2.74644 3.06337
1.85684 -0.153508
0.914562 4.31544
2.8479 0.261946
1.3127 1.7159
2.26694 5.74016
2.34203 3.98371
1.76557 4.39172
2.36768 5.0304
1.93341 5.12758
2.34465 4.62548
1.67603 5.36635
2.57858 3.52608
2.30648 0.17271
2.17896 1.58617
1.93958 0.711211
2.28004 2.65911
1.70725 0.397251
0.792852 4.50598
2.71826 -0.872926
1.76273 2.12044
2.05516 3.76958
1.36944 4.6166
2.76241 2.98323
1.78002 -0.112528
0.706318 4.49582
2.62269 -1.39757
1.93154 2.34978
2.34462 0.877211
1.95613 1.13408
2.33853 1.53426
1.76019 0.957712
1.61293 4.24907
2.55398 4.57498
1.59216 5.19773
2.62199 3.43113
2.20275 -0.0410856
2.24276 2.30098
1.73294 0.549073
0.997029 4.39719
2.86055 0.781574
1.18083 1.43588
2.77602 4.61773
1.78617 4.82477
2.45812 4.5394
1.54798 5.26234
2.66073 3.09992
1.74457 -0.0307033
0.696899 4.6037
2.56424 -1.57591
1.98558 2.54571
2.27347 0.541258
2.13043 1.26592
2.09144 0.806783
2.25661 1.27806
1.93 0.901512
2.32537 2.29452
1.62053 0.663269
0.789516 4.82928
2.58356 -1.38042
1.984 2.40185
2.24135 0.509744
2.17113 1.31538
2.02355 0.798938
2.3153 1.63522
1.75813 0.895787
1.53268 4.29062
2.65728 4.10616
1.43992 4.80174
2.71596 3.17776
1.96052 -0.18056
1.45597 4.21093
2.72295 3.78799
1.98859 4.16402
1.55894 5.5158
2.69694 2.51211
1.29113 0.497449
2.45673 5.6573
2.34721 3.84077
2.29788 3.23652
2.01378 0.0304896
1.99452 3.63209
1.39368 4.58468
2.75165 3.13669
1.98874 -0.200864
1.58599 4.13964
2.56124 4.60326
1.61561 5.19167
2.60412 3.54587
2.36799 0.361628
2.07718 1.38973
2.13502 0.754989
2.22217 1.22043
1.98804 0.879638
2.33014 1.7445
1.7119 0.887538
1.16463 4.40008
2.85397 1.95828
1.12037 0.592527
2.98624 3.78552
1.88245 4.51837
2.23721 5.21334
2.08736 4.94526
2.16357 5.08355
2.12365 5.02567
2.1485 5.04415
2.12862 5.05096
2.14972 5.02414
2.12214 5.07198
2.16068 4.99605
2.10297 5.10955
2.18617 4.93589
2.05521 5.1872
2.24121 4.79179
1.91726 5.33356
2.3755 4.36668
1.36109 5.14646
2.76223 2.18539
1.18402 0.651799
2.82144 4.62551
1.90789 4.6394
2.26552 5.11338
2.03968 5.05497
2.23783 4.90093
1.9871 5.24262


