-1.92317 -3.61066
-1.55019 4.32633
-1.80307 -3.22123
-1.65365 4.7449
-1.62301 -2.59561
-1.87454 5.28778
-1.85847 0.793029
-2.71897 1.21348
-2.08574 1.43269
-2.2912 0.36956
-2.18677 0.956282
-2.22819 0.529162
-2.21593 0.933468
-2.21243 0.437979
-2.2402 1.12147
-2.20784 0.106476
-2.33978 1.58667
-2.18091 -0.779959
-3.044 -1.38183
-2.42148 4.1225
-1.91148 0.682627
-2.65631 1.38466
-1.993 0.251548
-2.71625 1.3779
-2.05025 1.24491
-2.31022 0.744551
-2.16179 0.340001
-2.31889 1.42648
-2.18728 -0.536407
-2.91572 0.713685
-3.28787 -0.314395
-2.22043 3.41862
-2.00426 -2.4179
-2.61831 5.04821
-3.07034 1.04106
-2.92076 3.3002
-3.15184 1.53411
-2.83505 3.12597
-3.23961 -0.514012
-2.35014 3.58614
-1.88849 -1.96236
-2.99541 4.18924
-2.69045 2.7545
-2.07815 1.63101
-2.30303 0.155141
-2.21738 1.2732
-2.2256 0.0138111
-2.35848 1.65853
-2.17031 -0.907883
-3.01768 -2.57039
-2.0564 3.75666
-1.99504 -2.68673
-2.30027 5.25553
-2.98197 1.17804
-3.19201 1.89974
-2.76599 3.0259
-3.10678 -0.661242
-2.54398 3.95354
-2.3348 2.29452
-2.16276 -1.5344
-3.29614 -1.79464
-1.67489 2.43783
-2.50304 0.16877
-2.12822 1.18524
-2.26314 0.493228
-2.19398 0.859001
-2.224 0.623295
-2.21201 0.817315
-2.21375 0.603743
-2.22056 0.884109
-2.20924 0.482485
-2.2366 1.07043
-2.20707 0.183362
-2.30989 1.49208
-2.19468 -0.583286
-2.94595 0.493369
-3.24216 1.48221
-2.61319 3.23829
-1.97058 1.05174
-2.40763 1.24083
-2.13161 -0.537559
-2.99652 -0.10557
-2.91139 3.6204
-3.12464 1.52858
-2.87308 3.13487
-3.23396 0.545347
-2.578 3.45269
-1.95732 0.983045
-2.44259 1.33415
-2.11246 -0.685737
-3.03672 -1.68234
-2.34084 4.08851
-1.8725 -0.875263
-3.13356 -3.38463
-1.45853 1.89829
-2.76148 0.545225
-2.80638 1.59091
-2.83111 1.56447
-3.05941 -0.105649
-2.74261 3.88791
-3.21812 -0.376407
-2.44321 3.6372
-1.89545 -0.982366
-3.18068 -3.08742
-1.48511 1.93355
-2.72312 0.651104
-2.35091 2.08417
-2.16575 -1.34657
-3.14311 -3.07943
-1.57449 2.35247
-2.55649 0.405893
-2.07857 0.90658
-2.30818 1.0383
-2.17338 -0.0384423
-2.4814 1.75145
-2.07944 -1.11047
-3.03167 -3.60454
-1.54419 2.41104
-2.56665 0.331265
-2.09758 1.11842
-2.28108 0.704235
-2.17607 0.493199
-2.26639 1.17951
-2.19936 -0.0642449
-2.44904 1.75783
-2.10371 -1.13279
-3.02803 -3.58343
-1.56051 2.47693
-2.55391 0.218995
-2.12611 1.28624
-2.26681 0.378943
-2.20326 1.01888
-2.22082 0.382174
-2.24175 1.17122
-2.20967 0.0398328
-2.36912 1.65857
-2.1633 -0.932408
-3.00714 -2.80397
-1.97154 3.61891
-2.14353 -2.56494
-2.56839 5.02338
-3.11591 0.571924
-2.77517 3.599
-3.22347 -0.58228
-2.37783 3.63129
-1.88621 -1.70171
-3.2474 2.70821
-2.23699 3.08364
-2.10518 -2.19086
-3.00093 4.03043
-2.80148 2.54497
-3.08853 -0.423599
-2.62057 3.96355
-3.06673 0.161636
-2.78794 3.76895
-3.22304 0.144789
-2.54094 3.55413
-1.91984 0.506893
-2.73968 1.24081
-2.17242 1.79714
-2.27396 -0.434441
-2.65385 1.7279
-1.97712 -0.00904186
-2.93491 0.360245
-3.25337 1.35133
-2.57028 3.28165
-1.91705 0.170526
-2.95058 0.135534
-3.15703 2.42177
-2.82563 2.81292
-3.1802 -1.46097
-2.20884 3.65081
-1.92434 -2.47346
-2.44827 5.25833
-3.07156 0.762519
-2.88358 3.45769
-3.18056 1.19649
-2.76257 3.26528
-3.14863 -1.27499
-2.33311 3.80759
-1.86914 -1.75924
-3.17525 3.28023
-2.37572 3.09141
-1.97494 -2.06408
-3.00812 4.08253
-2.72506 2.70588
-2.35755 2.23409
-2.14859 -1.51068
-3.28853 -1.90761
-1.65943 2.40268
-2.51089 0.24863
-2.10785 1.04096
-2.27588 0.756191
-2.17904 0.440168
-2.27306 1.23951
-2.19968 -0.160914
-2.52086 1.78515
-2.04881 -1.06014
-3.02551 -3.65506
-1.52995 2.36635
-2.5786 0.400548
-2.08507 1.04898
-2.29206 0.840601
-2.1728 0.270112
-2.32613 1.479
-2.1855 -0.618836
-2.98496 0.10485
-3.01692 3.21911
-3.02617 2.12186
-3.06101 2.52647
-2.99813 2.52691
-3.09871 2.20375
-2.9429 2.75967
-3.18143 1.52823
-2.78513 3.13059
-3.16073 -1.38404
-2.27732 3.74563
-1.87004 -2.1958
-2.69024 5.02102
-2.98569 1.62845
-3.18073 1.89573
-2.79497 2.99961
-3.15352 -1.41712
-2.27994 3.76347
-1.86685 -2.16507
-2.72145 4.96733
-2.96392 1.76132
-3.23076 1.27883
-2.65253 3.2602
-2.22127 2.09409
-2.25761 -0.98608
-3.03497 -2.32677
-2.13074 3.84306
-1.89684 -2.60488
-2.26675 5.32257
-2.9345 1.45512
-3.27817 -0.0142852
-2.33226 3.47046
-1.91158 -2.14629
-2.81776 4.73264
-2.91008 2.06498
-3.26262 -0.496403
-2.27635 3.50989
-1.9286 -2.32814
-2.62473 5.08545
-3.04307 1.23392
-3.0053 3.01238
-3.05912 2.13551
-3.00042 2.71276
-3.08366 2.19539
-2.96427 2.74316
-3.14404 1.84696
-2.86458 2.97469
-3.24902 -0.066635
-2.42847 3.54359
-1.89766 -1.37819
-3.38155 -0.136712
-1.75745 2.4554
-2.46781 -0.00881695
-2.19226 1.47681
-2.2477 -0.127436
-2.41049 1.77034
-2.13255 -1.12085
-3.00779 -3.56416
-1.60299 2.65669
-2.53 -0.136293
-2.31587 1.8873
-2.19849 -1.04827
-2.99991 -3.12817
-1.83227 3.32664
-2.36578 -1.89514
-3.30437 1.5328
-2.26684 3.2228
-2.03029 -2.289
-2.80743 4.68659
-2.97267 1.80743
-3.20755 1.56944
-2.72683 3.14633
-2.96889 0.941858
-3.22004 1.65424
-2.6887 3.15348
-2.48893 2.2843
-2.0307 -1.48466
-3.34955 -1.053
-1.70692 2.42099
-2.48897 0.146097
-2.13456 1.19597
-2.26004 0.453178
-2.19969 0.929323
-2.2209 0.509699
-2.22354 0.98843
-2.21004 0.337671
-2.26154 1.27181
-2.20654 -0.156738
-2.50395 1.79071
-2.06075 -1.10819
-3.04625 -3.58552
-1.52874 2.33002
-2.58385 0.450722
-2.07593 0.98181
-2.3037 0.958646
-2.17175 0.0770188
-2.41289 1.68371
-2.13267 -1.03483
-2.98476 -3.46259
-1.6894 2.96543
-2.49009 -0.880447
-3.06687 -1.48148
-2.37204 4.036
-1.87804 -0.645744
-2.96132 -3.99758
-1.45984 2.18343
-2.65478 0.569224
-2.11253 1.40848
-2.27775 0.287247
-2.20899 1.12742
-2.22202 0.224461
-2.2778 1.39315
-2.20586 -0.35948
-2.69609 1.60456
-1.99456 0.728468
-2.45988 1.46438
-2.10173 -0.835804
-2.9943 -2.91746
-1.93779 3.57192
-2.19535 -2.47675
-2.70177 4.8073
-3.08822 1.05512
-2.88588 3.3498
-3.19238 1.12796
-2.73553 3.28736
-3.10484 -0.547261
-2.57247 3.94638
-2.64206 2.18436
-1.95765 -0.207327
-3.0232 -1.28493
-2.47053 4.19037
-2.17789 2.08361
-2.2817 -0.815242
-3.03263 -0.519262
-2.68575 4.0506
-3.19267 -0.780085
-2.39587 3.71526
-1.88628 -1.3636
-3.38278 -0.0829472
-1.7588 2.45243
-2.46722 -0.00658471
-2.1912 1.47116
-2.24781 -0.116338
-2.40273 1.7608
-2.13859 -1.1013
-2.99883 -3.54189
-1.62823 2.754
-2.51915 -0.354613
-2.54833 1.98385
-2.0174 -1.08494
-3.07674 -3.52072
-1.50539 2.1904
-2.62332 0.603035
-2.0639 1.00595
-2.31232 0.977117
-2.16861 0.0251523
-2.44904 1.72327
-2.10493 -1.09933
-3.00941 -3.60828
-1.57857 2.56956
-2.54183 0.0468398
-2.19574 1.59457
-2.25309 -0.282198
-2.52788 1.82861
-2.04143 -1.07132
-3.03968 -3.62561
-1.52074 2.30906
-2.59132 0.478055
-2.07304 0.980064
-2.30637 0.97215
-2.17112 0.0509156
-2.42881 1.70444
-2.12059 -1.07174
-2.99313 -3.56833
-1.62378 2.74771
-2.52088 -0.336942
-2.5277 1.99641
-2.03026 -1.1871
-3.14412 -3.18933
-1.52207 2.14958
-2.62179 0.648532
-2.0542 0.90572
-2.333 1.13102
-2.16637 -0.230791
-2.65518 1.65057
-1.9804 0.0454745
-2.89365 0.664141
-3.25627 -1.22496
-2.05988 3.34339
-2.19104 -2.289
-2.934 4.22829
-2.91667 2.1592
-3.26606 -0.0760843
-2.36735 3.5063
-1.89765 -1.93755
-3.03752 4.00774
-2.63414 2.86411
-1.93937 0.461803
-2.71803 1.31471
-2.06442 1.32707
-2.30039 0.587111
-2.16692 0.595614
-2.26011 1.07843
-2.19694 0.0826095
-2.36747 1.63673
-2.16429 -0.904924
-3.01514 -2.61716
-2.04047 3.73352
-2.02127 -2.68189
-2.33292 5.23557
-3.02547 0.902333
-3.02779 3.00763
-3.02767 2.22223
-3.05571 2.51079
-3.00592 2.52109
-3.08478 2.27258
-2.96393 2.70417
-3.14856 1.82969
-2.85666 2.98506
-3.24755 -0.278894
-2.38515 3.56183
-1.89185 -1.74727
-3.21701 2.9587
-2.30577 3.10249
-2.03035 -2.19719
-2.92005 4.37067
-2.86576 2.30127
-3.19211 -1.54385
-2.14733 3.56737
-2.00943 -2.5399
-2.47948 5.18418
-3.0931 0.607702
-2.81747 3.58304
-3.22717 0.283266
-2.55532 3.51966
-1.93214 0.702305
-2.59808 1.4574
-2.01194 -0.397523
-3.02906 -1.42757
-2.42247 4.16083
-1.93023 0.929377
-2.50409 1.40721
-2.07218 -0.741618
-2.99879 -2.74923
-2.00505 3.69773
-2.07177 -2.65992
-2.40466 5.18437
-3.0837 0.499846
-2.81756 3.62537
-3.22295 0.377873
-2.58069 3.50266
-1.99005 1.2655
-2.35622 0.947727
-2.14676 -0.0653762
-2.55842 1.72833
-2.02606 -0.866511
-2.95962 -3.68324
-1.6146 2.76638
-2.52397 -0.365063
-2.57369 1.96655
-2.00288 -0.922152
-2.98672 -3.78256
-1.52768 2.41643
-2.57437 0.327639
-2.10226 1.17403
-2.2777 0.616682
-2.17888 0.628427
-2.24584 0.987872
-2.19948 0.25015
-2.29716 1.42591
-2.19825 -0.465017
-2.82454 1.20762
-3.04121 0.0963864
-2.83304 3.7382
-3.19632 0.818118
-2.69533 3.39807
-2.97226 0.939519
-3.20987 1.77146
-2.71784 3.10291
-2.81264 1.7152
-2.91885 1.15714
-3.2727 -0.685737
-2.1808 3.43337
-2.03599 -2.45012
-2.61554 5.03274
-3.08034 0.96401
-2.89083 3.37755
-3.18226 1.22506
-2.76225 3.25288
-3.14569 -1.25647
-2.3433 3.81996
-1.87152 -1.64839
-3.27037 2.50439
-2.17693 3.04746
-2.17704 -2.0857
-3.16131 3.14374
-2.57105 3.0358
-1.92264 -0.436396
-2.94324 -3.34985
-1.79964 3.33172
-2.38228 -1.85726
-3.31774 1.25709
-2.21519 3.21035
-2.08636 -2.28902
-2.86524 4.50325
-2.94536 1.98039
-3.25255 0.787477
-2.54943 3.39296
-1.91159 0.0884135
-2.99253 -0.422123
-2.81653 3.90027
-3.18791 0.805234
-2.70809 3.41118
-3.06529 0.0813327
-2.77364 3.80643
-3.22359 -0.0283756
-2.50656 3.58444
-1.90183 -0.107775
-3.01179 -1.90588
-2.29358 4.10352
-1.85931 -1.38033
-3.38154 0.504203
-1.8195 2.56323
-2.44584 -0.339638
-2.44069 1.9548
-2.10014 -1.31541
-3.17278 -2.96026
-1.55859 2.24564
-2.57879 0.556004
-2.05739 0.740938
-2.35838 1.30337
-2.16133 -0.506983
-2.93284 0.568753
-3.27792 0.777693
-2.44677 3.38985
-1.90803 -1.45436
-3.37926 0.378777
-1.82694 2.59993
-2.44369 -0.423723
-2.54144 1.94721
-2.02452 -1.09763
-3.07783 -3.5097
-1.50851 2.20123
-2.61882 0.59486
-2.06272 0.979092
-2.31584 1.01356
-2.16868 -0.0322916
-2.48666 1.74892
-2.07562 -1.10181
-3.02925 -3.61472
-1.54328 2.41126
-2.56709 0.331234
-2.09777 1.1211
-2.28091 0.700177
-2.17615 0.499416
-2.26525 1.17089
-2.1994 -0.0495841
-2.43914 1.74902
-2.11155 -1.12204
-3.01744 -3.59063
-1.57437 2.54273
-2.54455 0.097709
-2.17097 1.5
-2.25778 -0.0679041
-2.35779 1.69944
-2.17095 -0.950959
-3.00651 -2.84062
-1.95628 3.58962
-2.17148 -2.51677
-2.64215 4.91538
-3.10522 0.822082
-2.82768 3.48745
-3.23068 0.27641
-2.54545 3.517
-1.91877 0.458653
-2.7729 1.1454
-2.49543 2.17343
-2.0378 -1.40428
-3.30438 -1.82987
-1.63143 2.27795
-2.53209 0.47319
-2.07058 0.664414
-2.35801 1.34367
-2.16308 -0.552851
-2.96635 0.280354
-3.13438 2.55665
-2.86992 2.70321
-3.24691 -0.610729
-2.29989 3.55776
-1.90393 -2.2339
-2.70013 4.98328
-2.99504 1.59104
-3.15471 2.12587
-2.84917 2.87188
-3.23502 -0.818121
-2.27642 3.57814
-1.90882 -2.30897
-2.61781 5.10685
-3.03856 1.25431
-3.01901 2.95681
-3.04322 2.20947
-3.02744 2.61144
-3.04561 2.3774
-3.02228 2.55104
-3.05567 2.37401
-3.0069 2.5873
-3.07966 2.26732
-2.9712 2.69828
-3.1356 1.92266
-2.88061 2.93382
-3.24612 0.308445
-2.5078 3.49386
-1.90351 -0.391114
-2.93499 -3.42575
-1.77277 3.27393
-2.41128 -1.69218
-3.34277 -0.19832
-1.96231 3.00128
-2.3595 -1.52312
-3.25338 -2.09091
-1.70885 2.61833
-2.48906 -0.206463
-2.33384 1.88311
-2.18615 -1.09214
-2.99619 -3.34848
-1.72937 3.06434
-2.46637 -1.1582
-3.06096 -3.00944
-1.78765 3.12567
-2.43331 -1.38966
-3.18477 -2.59867
-1.69415 2.68528
-2.49496 -0.308957
-2.44797 1.98852
-2.09186 -1.34344
-3.2052 -2.74602
-1.57057 2.23726
-2.57272 0.564144
-2.05631 0.687917
-2.37236 1.36218
-2.15568 -0.609238
-3.00974 -0.27282
-2.81675 3.86254
-3.19325 0.762069
-2.69374 3.42061
-2.98481 0.851322
-3.16156 2.24098
-2.82914 2.85828
-3.19636 -1.34149
-2.21153 3.6204
-1.93387 -2.47007
-2.46533 5.24158
-3.07527 0.759043
-2.87495 3.47191
-3.18911 1.09407
-2.73823 3.30168
-3.11512 -0.738904
-2.51668 3.93565
-2.07967 1.77578
-2.31017 -0.0340612
-2.27928 1.56823
-2.21356 -0.568068
-2.90384 0.811591
-3.26474 -1.02381
-2.10058 3.37595
-2.13933 -2.3746
-2.80015 4.63988
-3.01659 1.60091
-3.09214 2.53251
-2.95223 2.58898
-3.1835 1.57388
-2.78324 3.11429
-3.15418 -1.37268
-2.29319 3.771
-1.86565 -2.08604
-2.81341 4.77138
-2.88914 2.13544
-3.23191 -1.1696
-2.16846 3.51114
-2.01482 -2.49913
-2.53334 5.13711
-3.09272 0.721158
-2.8351 3.52734
-3.22194 0.513225
-2.60339 3.46939
-2.07482 1.7018
-2.30806 0.079588
-2.23564 1.38767
-2.22432 -0.194919
-2.50157 1.80629
-2.06168 -1.12629
-3.0582 -3.54629
-1.52661 2.30343
-2.58884 0.485491
-2.07063 0.947033
-2.31157 1.02098
-2.17099 -0.0278723
-2.47893 1.74767
-2.08147 -1.10964
-3.02961 -3.60699
-1.54644 2.42255
-2.56453 0.312756
-2.10174 1.145
-2.27812 0.654348
-2.17795 0.573392
-2.25277 1.06505
-2.19957 0.12709
-2.34281 1.58113
-2.17898 -0.782037
-3.04387 -1.42916
-2.40813 4.11637
-1.89486 0.374577
-2.8834 0.627163
-3.23268 -1.56199
-2.01263 3.3194
-2.2417 -2.18401
-3.07174 3.62349
-2.7576 2.70917
-2.82255 1.65782
-3.00822 0.502519
-3.02616 3.10083
-3.02317 2.18679
-3.06549 2.48458
-2.99212 2.55809
-3.1079 2.14354
-2.9284 2.80117
-3.20185 1.28695
-2.72911 3.22986
-3.05488 0.180491
-2.81835 3.73354
-3.20965 0.595838
-2.64144 3.45738
-2.41631 2.30491
-2.08813 -1.6128
-3.36223 -0.478436
-1.79505 2.61974
-2.45617 -0.383151
-2.49825 1.96927
-2.05363 -1.26165
-3.17833 -2.96437
-1.54332 2.17756
-2.60093 0.631705
-2.04988 0.756345
-2.36506 1.31059
-2.15798 -0.5322
-2.95826 0.352437
-3.17979 2.1937
-2.78317 2.93133
-3.12238 -1.03193
-2.43635 3.91446
-1.88936 -0.097946
-3.00426 -2.12524
-2.22965 4.04547
-1.83311 -2.0403
-2.80968 4.80054
-2.87352 2.18524
-3.19756 -1.53439
-2.13593 3.54469
-2.03043 -2.53296
-2.51057 5.14738
-3.09788 0.625567
-2.81184 3.57772
-3.22997 0.154832
-2.526 3.54227
-1.90723 0.129262
-2.98343 -0.281285
-2.89634 3.69791
-3.13252 1.43567
-2.8546 3.18146
-3.24184 0.180596
-2.49854 3.52163
-1.9022 -0.467246
-2.91988 -3.69852
-1.65676 2.96086
-2.50233 -0.827822
-3.06453 -1.09055
-2.48152 4.08475
-2.07601 1.78102
-2.31191 -0.0260821
-2.2739 1.55282
-2.21557 -0.53127
-2.86298 1.04328
-3.12881 -2.01987
-2.10628 3.63329
-2.01562 -2.59634
-2.42162 5.21373
-3.0838 0.565497
-2.82815 3.59282
-3.21953 0.509801
-2.60838 3.47242
-2.11123 1.83351
-2.30104 -0.234689
-2.41652 1.82867
-2.12602 -1.18556
-3.04634 -3.51454
-1.56276 2.4577
-2.55405 0.249289
-2.11603 1.22176
-2.27032 0.500251
-2.18868 0.823781
-2.22772 0.690686
-2.20662 0.710248
-2.21954 0.767299
-2.20986 0.639451
-2.22095 0.850246
-2.20872 0.52477
-2.23181 1.01315
-2.20695 0.273584
-2.28113 1.37118
-2.20316 -0.345658
-2.68725 1.62075
-1.98646 0.560772
-2.54696 1.53905
-2.04089 -0.757686
-2.96974 -3.23633
-1.82159 3.34649
-2.36586 -1.9205
-3.28926 1.76797
-2.32096 3.22886
-1.98037 -2.21764
-2.83263 4.65379
-2.93017 2.00406
-3.26707 0.232861
-2.42349 3.47819
-1.90085 -1.5423
-3.35543 1.25764
-1.95347 2.81414
-2.3852 -1.15722
-3.03483 -2.99543
-1.84178 3.29663
-2.36896 -1.84799
-3.32587 1.09453
-2.17457 3.18657
-2.13621 -2.23919
-2.96578 4.1481
-2.85958 2.36437
-3.18509 -1.57213
-2.15506 3.58892
-1.99268 -2.54369
-2.45582 5.2102
-3.08745 0.614595
-2.82892 3.57356
-3.22119 0.486533
-2.60124 3.47706
-2.06911 1.67971
-2.30926 0.130596
-2.21895 1.2996
-2.22639 -0.0241187
-2.37814 1.69808
-2.15714 -0.993956
-2.99155 -3.17716
-1.82064 3.31099
-2.37683 -1.84429
-3.32506 1.09994
-2.17961 3.19151
-2.1294 -2.24915
-2.94902 4.21288
-2.87643 2.29908
-3.21902 -1.29005
-2.16563 3.53421
-2.00741 -2.51212
-2.50958 5.16252
-3.09284 0.673851
-2.82795 3.55074
-3.22436 0.421695
-2.58418 3.49051
-1.99588 1.30265
-2.3485 0.883393
-2.14781 0.0393573
-2.48175 1.72371
-2.08036 -1.0847
-3.01585 -3.63538
-1.55501 2.47501
-2.55657 0.225107
-2.12541 1.28747
-2.26719 0.380392
-2.20278 1.01541
-2.22096 0.388488
-2.2405 1.16164
-2.20972 0.056381
-2.3606 1.64052
-2.16879 -0.893181
-3.0209 -2.48408
-2.08679 3.80158
-1.94679 -2.6743
-2.25815 5.28671
-2.90739 1.56763
-3.24466 -1.1491
-2.13182 3.45002
-2.077 -2.46476
-2.63875 4.9766
-3.08364 0.977512
-2.88582 3.37947
-3.18842 1.15689
-2.74537 3.27765
-3.12315 -0.905339
-2.46757 3.91584
-1.90985 0.540555
-2.74401 1.21795
-2.20553 1.88809
-2.26265 -0.674832
-2.94471 0.558698
-3.25288 1.30107
-2.57289 3.28945
-1.9188 0.252537
-2.90248 0.533812
-3.28607 -0.55834
-2.16168 3.38645
-2.07426 -2.41858
-2.693 4.89381
-3.0603 1.21675
-2.96041 3.15417
-3.11143 1.8561
-2.91269 2.95675
-3.20726 1.14567
-2.70691 3.28011
-2.93496 1.16822
-3.28259 0.0559696
-2.32753 3.4551
-1.91681 -2.17304
-2.79383 4.78638
-2.93354 1.95519
-3.26684 0.307475
-2.43674 3.46932
-1.90239 -1.42723
-3.38114 0.224576
-1.80407 2.55282
-2.45151 -0.283638
-2.38406 1.91806
-2.14771 -1.2345
-3.06579 -3.43403
-1.56661 2.44244
-2.55323 0.27177
-2.10886 1.16922
-2.27378 0.594776
-2.18176 0.673504
-2.23959 0.916367
-2.20019 0.365394
-2.26589 1.26675
-2.20435 -0.166956
-2.51653 1.78946
-2.05168 -1.07611
-3.03312 -3.63263
-1.52828 2.34832
-2.5817 0.425928
-2.08048 1.01758
-2.29736 0.897321
-2.17219 0.177457
-2.36288 1.58705
-2.16672 -0.839744
-3.03332 -2.10102
-2.21228 3.95909
-1.83738 -2.26616
-2.55181 5.22927
-3.03346 1.21098
-3.03069 2.92195
-3.02862 2.26367
-3.05295 2.50513
-3.00997 2.51618
-3.07781 2.30505
-2.97427 2.67518
-3.132 1.95529
-2.88726 2.91569
-3.24288 0.458004
-2.54056 3.46695
-1.91049 0.158781
-2.96688 -0.052977
-3.03712 3.16133
-3.00005 2.21642
-3.11382 2.23121
-2.92095 2.76374
-3.21852 1.07497
-2.67484 3.30631
-2.57077 2.23932
-1.98432 -1.02601
-3.07423 -3.56171
-1.49102 2.13557
-2.64713 0.633493
-2.07954 1.19916
-2.29161 0.680784
-2.17056 0.489847
-2.27269 1.20432
-2.19792 -0.117422
-2.49003 1.77958
-2.07165 -1.12424
-3.04728 -3.57088
-1.53395 2.34849
-2.57862 0.425014
-2.07957 0.998793
-2.29934 0.923671
-2.17229 0.136599
-2.38135 1.62896
-2.15505 -0.925925
-3.00421 -2.84845
-1.9558 3.59246
-2.17042 -2.52027
-2.63735 4.92276
-3.10645 0.802832
-2.8231 3.49702
-3.23194 0.199844
-2.52903 3.53097
-1.90811 0.15057
-2.97392 -0.145409
-2.97872 3.4164
-3.06077 1.91896
-2.99385 2.82054
-3.08761 2.1292
-2.9571 2.78467
-3.15281 1.76586
-2.84709 3.0165
-3.24325 -0.479364
-2.3481 3.57607
-1.88988 -1.98537
-2.97166 4.27886
-2.72425 2.67915
-2.32065 2.19992
-2.18292 -1.40557
-3.18287 -2.8251
-1.59416 2.36055
-2.54546 0.381759
-2.08203 0.900781
-2.3055 1.03175
-2.17429 -0.0213862
-2.46797 1.74476
-2.08985 -1.11558
-3.02712 -3.60236
-1.5528 2.44995
-2.5593 0.266885
-2.11292 1.21277
-2.27187 0.524375
-2.18613 0.782774
-2.23049 0.754547
-2.20361 0.61314
-2.22742 0.910799
-2.20612 0.420656
-2.24899 1.16873
-2.20639 0.0147517
-2.38791 1.6894
-2.15039 -1.00315
-2.98814 -3.26237
-1.784 3.22358
-2.41723 -1.59786
-3.31847 -1.08638
-1.83925 2.83439
-2.43706 -0.894252
-3.06073 -1.13384
-2.47378 4.09411
-2.04667 1.66672
-2.31823 0.237168
-2.18766 1.09809
-2.23083 0.348763
-2.23849 1.18517
-2.21181 0.0357193
-2.36793 1.65913
-2.1641 -0.93038
-3.00811 -2.78354
-1.97918 3.6322
-2.13 -2.58499
-2.53588 5.06374
-3.11627 0.489166
-2.76165 3.63319
-3.21494 -0.754287
-2.35234 3.65125
-1.88174 -1.86781
-3.08724 3.78325
-2.54337 2.98565
-1.93045 -0.934395
-3.08201 -3.57963
-1.46914 2.03072
-2.69748 0.636119
-2.21227 1.829
-2.25723 -0.6286
-2.90444 0.839174
-3.2637 -1.03555
-2.10056 3.37806
-2.13847 -2.37695
-2.79664 4.64859
-3.01879 1.58571
-3.08591 2.56988
-2.96096 2.55967
-3.16929 1.71705
-2.81646 3.04717
-3.20489 -1.19437
-2.24055 3.62475
-1.91373 -2.40147
-2.51607 5.21548
-3.06762 0.911155
-2.91205 3.35924
-3.15651 1.46716
-2.82314 3.15646
-3.2306 -0.750523
-2.3104 3.60166
-1.89118 -2.16212
-2.76576 4.86405
-2.94349 1.88988
-3.26008 0.630481
-2.50617 3.4234
-1.90648 -0.622393
-2.93171 -3.94595
-1.52101 2.474
-2.57246 0.239393
-2.13089 1.3505
-2.26697 0.280538
-2.2192 1.17079
-2.21948 0.130039
-2.31371 1.52905
-2.19405 -0.637706
-2.98839 0.0736301
-2.99508 3.31248
-3.04892 2.01029
-3.01698 2.72272
-3.05734 2.28785
-3.00434 2.63402
-3.08155 2.23916
-2.96807 2.71643
-3.13966 1.8881
-2.87305 2.9528
-3.24844 0.131653
-2.46976 3.52021
-1.90186 -0.921143
-3.11899 -3.43405
-1.46543 1.95347
-2.73127 0.607942
-2.45069 2.13791
-2.07688 -1.46381
-3.3082 -1.73062
-1.6535 2.34492
-2.51598 0.348513
-2.08874 0.852578
-2.30425 1.06337
-2.1764 -0.0565847
-2.48805 1.75751
-2.07419 -1.10761
-3.03405 -3.60477
-1.54013 2.39214
-2.57051 0.360973
-2.09146 1.07945
-2.28618 0.777245
-2.17416 0.375331
-2.29325 1.34201
-2.19597 -0.353921
-2.71119 1.56448
-2.01965 1.04016
-2.35173 1.10142
-2.15586 -0.247641
-2.69589 1.56864
-1.99664 0.740729
-2.45193 1.45275
-2.10714 -0.821882
-3.00203 -2.7686
-1.99308 3.66937
-2.09786 -2.63093
-2.45901 5.1414
-3.10525 0.40509
-2.76426 3.67554
-3.2208 -0.580555
-2.38524 3.63863
-1.88695 -1.62536
-3.3025 2.13131
-2.10661 2.99664
-2.25517 -1.87798
-3.33051 1.18597
-2.13533 3.13002
-2.19341 -2.12036
-3.13119 3.32528
-2.63617 2.94659
-1.95009 0.716549
-2.55195 1.48462
-2.03912 -0.685735
-2.98723 -2.89687
-1.95544 3.62002
-2.15631 -2.55661
-2.58587 4.99638
-3.11572 0.61384
-2.78181 3.58115
-3.2268 -0.492652
-2.39251 3.62155
-1.88896 -1.58983
-3.32517 1.82244
-2.04635 2.93405
-2.31476 -1.62728
-3.31486 -1.31613
-1.77588 2.68996
-2.46415 -0.471481
-2.62481 1.87791
-1.98052 -0.427386
-3.00798 -2.30865
-2.16449 3.94747
-1.84467 -2.46455
-2.34066 5.35335
-3.01636 1.05307
-3.07212 2.76948
-2.97475 2.44507
-3.15203 1.89849
-2.85311 2.95654
-3.24501 -0.466218
-2.34599 3.57109
-1.89071 -2.00282
-2.95307 4.34532
-2.7494 2.61676
-2.59565 2.17778
-1.9765 -0.79382
-2.95296 -3.81528
-1.55811 2.58005
-2.55003 0.0419603
-2.2069 1.64359
-2.25104 -0.385185
-2.63646 1.73931
-1.98215 -0.237162
-3.02046 -0.930248
-2.58219 4.17612
-3.07617 0.0970514
-2.75571 3.80766
-3.22156 -0.363894
-2.43788 3.62831
-1.89528 -1.07668
-3.25458 -2.52358
-1.52712 1.97798
-2.66932 0.745101
-2.0822 1.27387
-2.28979 0.578675
-2.17304 0.642439
-2.24939 0.992479
-2.19801 0.230592
-2.30535 1.45601
-2.19552 -0.527095
-2.89306 0.864076
-3.23127 -1.52193
-2.03419 3.354
-2.21015 -2.26869
-2.96536 4.10525
-2.88885 2.28157
-3.24343 -0.919185
-2.21636 3.52507
-1.96666 -2.45455
-2.52732 5.17244
-3.08125 0.813494
-2.86997 3.45953
-3.19668 1.00831
-2.71592 3.32999
-3.05114 0.237522
-2.83976 3.68761
-3.19703 0.846649
-2.69746 3.3875
-2.97803 0.89777
-3.18853 1.99777
-2.77157 2.99445
-3.11218 -0.784201
-2.50909 3.94615
-2.04991 1.6597
-2.3165 0.233132
-2.18962 1.10916
-2.23027 0.326946
-2.24334 1.21904
-2.21153 -0.0240766
-2.40196 1.71818
-2.14001 -1.05615
-2.98795 -3.47374
-1.67905 2.92969
-2.49588 -0.788081
-3.04943 -0.567382
-2.64167 4.05812
-3.14519 -0.845407
-2.45591 3.85093
-1.89326 -0.0124535
-3.01649 -1.48168
-2.41847 4.18993
-1.93831 1.01911
-2.46171 1.33926
-2.10025 -0.698339
-3.02991 -1.99737
-2.24953 4.01228
-1.84004 -1.9773
-2.89554 4.5648
-2.7875 2.49092
-2.9789 0.817904
-3.17829 2.10836
-2.79383 2.93985
-3.1412 -1.35126
-2.32166 3.81897
-1.86594 -1.82777
-3.10375 3.70875
-2.50449 3.01974
-1.93453 -1.33638
-3.35658 -1.07512
-1.66968 2.28831
-2.51047 0.414884
-2.08108 0.705752
-2.33521 1.26369
-2.17168 -0.396398
-2.80788 1.25553
-2.88764 1.29434
-3.18614 -1.83541
-2.04475 3.44749
-2.16184 -2.40752
-2.77251 4.68912
-3.04176 1.43769
-3.02022 2.90223
-3.04446 2.23449
-3.02517 2.60737
-3.04923 2.36854
-3.01672 2.56858
-3.06406 2.33674
-2.99442 2.62902
-3.09894 2.16155
-2.94171 2.78216
-3.18092 1.5242
-2.78591 3.13192
-3.16242 -1.38534
-2.27361 3.73934
-1.87167 -2.21888
-2.66549 5.06048
-3.00071 1.52663
-3.1387 2.26069
-2.87824 2.79164
-3.25323 -0.107765
-2.40593 3.53844
-1.8954 -1.60795
-3.32063 1.88028
-2.06182 2.95382
-2.29998 -1.70066
-3.34354 -0.618063
-1.85807 2.81459
-2.42982 -0.901701
-3.0607 -1.16875
-2.46437 4.09257
-2.0023 1.45127
-2.33787 0.680238
-2.14737 0.348735
-2.33631 1.45934
-2.17922 -0.626351
-2.99656 -0.0462997
-2.92976 3.55617
-3.10974 1.6443
-2.90256 3.06971
-3.2074 1.08693
-2.70172 3.29997
-2.90809 1.31782
-3.24676 -1.19013
-2.109 3.42132
-2.11196 -2.42911
-2.71244 4.83748
-3.06157 1.23803
-2.95917 3.15068
-3.11352 1.84735
-2.9093 2.96262
-3.21154 1.08282
-2.69214 3.30183
-2.79857 1.77437
-2.74822 1.84578
-2.16753 1.84988
-2.27867 -0.480307
-2.70088 1.64144
-1.99783 0.80666
-2.42904 1.39922
-2.12195 -0.747702
-3.03121 -2.02562
-2.2392 3.99707
-1.83763 -2.06926
-2.7838 4.85763
-2.89964 2.07511
-3.24887 -0.891364
-2.20652 3.50623
-1.9824 -2.46335
-2.53702 5.15366
-3.08412 0.804973
-2.86307 3.4707
-3.20292 0.914794
-2.69408 3.35988
-2.91154 1.30399
-3.25512 -1.04842
-2.12946 3.42647
-2.08955 -2.44376
-2.67579 4.91322
-3.07253 1.11332
-2.92345 3.2708
-3.15159 1.55132
-2.83663 3.11775
-3.24036 -0.493105
-2.35343 3.58431
-1.88862 -1.9437
-3.01643 4.10409
-2.66005 2.81504
-1.97513 0.980621
-2.4172 1.29707
-2.12748 -0.617467
-3.0316 -0.830586
-2.59513 4.14159
-3.09279 -0.12028
-2.68225 3.8786
-3.15821 -1.02606
-2.38992 3.80586
-1.88342 -1.19928
-3.34332 -1.44284
-1.6159 2.13865
-2.55863 0.667402
-2.04979 0.424544
-2.47659 1.58857
-2.08839 -0.959365
-2.97321 -3.52517
-1.67475 2.9381
-2.49704 -0.800565
-3.05514 -0.720334
-2.59159 4.08298
-3.04195 0.445762
-2.90672 3.50317
-3.14544 1.46753
-2.83925 3.16052
-3.24295 -0.296172
-2.39537 3.57394
-1.892 -1.64461
-3.29514 2.21417
-2.12772 3.01708
-2.23174 -1.95434
-3.28744 1.94167
-2.28626 3.19255
-2.02153 -2.25823
-2.83514 4.62279
-2.94602 1.94573
-3.25362 0.77819
-2.5448 3.39503
-1.91009 -0.000689904
-3.01438 -1.00834
-2.56701 4.19796
-3.03758 0.506629
-2.93081 3.42769
-3.12357 1.6456
-2.88313 3.07335
-3.231 0.667868
-2.60178 3.42315
-2.02641 1.47287
-2.32309 0.560594
-2.15532 0.566188
-2.27566 1.16149
-2.1943 -0.0766167
-2.4671 1.76546
-2.08964 -1.13536
-3.03963 -3.5729
-1.54609 2.4061
-2.56616 0.338128
-2.09558 1.10099
-2.28274 0.733862
-2.17533 0.446459
-2.27584 1.24443
-2.19871 -0.176892
-2.53609 1.78216
-2.03831 -1.00611
-3.00289 -3.71203
-1.53793 2.43091
-2.56799 0.302762
-2.10625 1.18689
-2.27538 0.584176
-2.18118 0.68326
-2.23931 0.905742
-2.20006 0.380132
-2.26287 1.24678
-2.20457 -0.131885
-2.48823 1.78537
-2.07272 -1.13199
-3.05172 -3.55614
-1.5333 2.33921
-2.58014 0.437889
-2.07734 0.982625
-2.3024 0.95203
-2.17206 0.089806
-2.40542 1.6726
-2.13818 -1.01347
-2.98435 -3.37601
-1.73328 3.09261
-2.4615 -1.22724
-3.08895 -3.01945
-1.72571 2.9193
-2.47892 -0.836636
-3.05874 -0.886146
-2.54248 4.09524
-2.66241 2.15985
-1.95664 0.123264
-2.89739 0.61327
-3.27067 -0.967491
-2.09623 3.35881
-2.15053 -2.35086
-2.83691 4.54236
-2.99255 1.75739
-3.15694 2.06581
-2.84547 2.89687
-3.23243 -0.858982
-2.27174 3.58204
-1.91001 -2.32276
-2.60321 5.12505
-3.0446 1.19753
-2.99853 3.04564
-3.0664 2.09523
-2.9881 2.75633
-3.10115 2.09645
-2.93686 2.81919
-3.18505 1.4675
-2.77482 3.156
-3.14775 -1.31711
-2.32168 3.80339
-1.86665 -1.85492
-3.07682 3.84585
-2.55053 2.97291
-1.93005 -0.856213
-3.02429 -3.79037
-1.46818 2.11941
-2.66789 0.614794
-2.12322 1.48425
-2.27659 0.149923
-2.24228 1.34886
-2.21925 -0.174794
-2.4944 1.80059
-2.06731 -1.13525
-3.05917 -3.53736
-1.52913 2.31171
-2.58619 0.474859
-2.07183 0.949468
-2.31021 1.01341
-2.17126 -0.0139196
-2.46898 1.74211
-2.08919 -1.11249
-3.02574 -3.606
-1.55329 2.45382
-2.55879 0.260435
-2.11471 1.22376
-2.27107 0.503394
-2.18798 0.816568
-2.22832 0.702936
-2.20589 0.691241
-2.22087 0.795761
-2.20878 0.596441
-2.22483 0.913495
-2.2075 0.427584
-2.24649 1.15404
-2.20671 0.0422503
-2.3725 1.66126
-2.16105 -0.942648
-3.00332 -2.88657
-1.94002 3.56177
-2.19862 -2.46376
-2.71907 4.77445
-3.08102 1.13135
-2.90775 3.2915
-3.17097 1.38193
-2.79406 3.19055
-3.1897 -1.27114
-2.25283 3.66572
-1.89511 -2.35006
-2.54809 5.19692
-3.05584 1.04858
-2.95594 3.21627
-3.1119 1.82144
-2.91022 2.97568
-3.20852 1.11914
-2.70198 3.28928
-2.89592 1.37871
-3.21133 -1.61407
-2.06253 3.42904
-2.15337 -2.40169
-2.77499 4.68868
-3.03774 1.46193
-3.03164 2.85185
-3.03074 2.29481
-3.04839 2.50905
-3.01658 2.50065
-3.06699 2.3553
-2.9902 2.62675
-3.10663 2.12308
-2.92974 2.81059
-3.19841 1.32429
-2.73896 3.21517
-3.0893 -0.295708
-2.64874 3.93287
-3.12359 -0.64193
-2.52999 3.90543
-2.12346 1.91602
-2.30057 -0.389112
-2.56468 1.84625
-2.01584 -0.914013
-2.97526 -3.7635
-1.55327 2.52924
-2.5543 0.134537
-2.16102 1.47065
-2.26015 0.00865805
-2.31409 1.59843
-2.19612 -0.717842
-3.02898 -0.588552
-2.67231 4.07658
-3.18359 -0.849873
-2.39465 3.73948
-1.8855 -1.31892
-3.37862 -0.462775
-1.71517 2.35843
-2.48571 0.23474
-2.11295 1.00442
-2.27343 0.779772
-2.18057 0.417053
-2.27615 1.26495
-2.1997 -0.202462
-2.55607 1.77619
-2.02521 -0.913562
-2.97104 -3.73866
-1.57139 2.60089
-2.54384 -0.00484432
-2.23006 1.70855
-2.24373 -0.552062
-2.83953 1.17343
-3.09671 -1.00099
-2.47192 3.99317
-1.94887 1.05659
-2.43608 1.28835
-2.11578 -0.628267
-3.03685 -1.13755
-2.49841 4.15882
-2.34939 2.32043
-2.14699 -1.58401
-3.33139 -1.24949
-1.72642 2.52056
-2.48124 -0.0605564
-2.22154 1.60929
-2.24278 -0.40175
-2.66946 1.6812
-1.97782 0.239756
-2.76493 1.23468
-2.3731 2.15307
-2.14223 -1.45299
-3.25059 -2.32252
-1.61985 2.33799
-2.53372 0.395116
-2.08003 0.823013
-2.31683 1.13176
-2.17405 -0.181772
-2.59294 1.73114
-2.0046 -0.651598
-2.966 -3.19574
-1.84549 3.41047
-2.3304 -2.0856
-3.16555 3.00409
-2.62562 2.9998
-1.94178 0.603403
-2.62789 1.45329
-1.99744 -0.135369
-2.96853 0.0613658
-3.06703 2.99577
-2.96568 2.36629
-3.17917 1.69433
-2.79641 3.06509
-3.16883 -1.40864
-2.25278 3.71031
-1.88315 -2.32617
-2.55736 5.19478
-3.04935 1.10783
-2.97841 3.13517
-3.0878 1.97131
-2.95181 2.86953
-3.15306 1.72885
-2.84496 3.03367
-3.24247 -0.493663
-2.34671 3.57809
-1.8897 -1.9916
-2.96427 4.30599
-2.73404 2.65534
-2.41996 2.26105
-2.09015 -1.57724
-3.35278 -0.83764
-1.75266 2.54107
-2.47113 -0.148484
-2.27569 1.75425
-2.22193 -0.77052
-3.03606 -0.725272
-2.61906 4.11309
-3.12805 -0.622273
-2.5295 3.89138
-2.09999 1.84122
-2.30591 -0.199407
-2.38334 1.79479
-2.15214 -1.10609
-2.99812 -3.50693
-1.64686 2.81508
-2.51133 -0.502051
-2.74999 1.63968
-2.17524 1.85109
-2.27533 -0.512215
-2.74436 1.53168
-2.14679 1.74953
-2.28207 -0.272823
-2.47415 1.84895
-2.08006 -1.20485
-3.10002 -3.36568
-1.53324 2.2642
-2.59116 0.534302
-2.06246 0.867542
-2.32946 1.14486
-2.16875 -0.236986
-2.65551 1.65189
-1.98027 0.0493729
-2.89135 0.678388
-3.24844 -1.34276
-2.04416 3.33701
-2.20778 -2.25854
-2.97699 4.06272
-2.87429 2.33652
-3.21842 -1.28582
-2.16905 3.53864
-2.00233 -2.51161
-2.5043 5.16999
-3.09189 0.672689
-2.82951 3.55029
-3.22337 0.45122
-2.59098 3.4841
-2.02045 1.44989
-2.32655 0.612303
-2.15281 0.479315
-2.29455 1.28214
-2.19224 -0.287899
-2.65197 1.67514
-1.97998 -0.0105081
-2.93005 0.403789
-3.26969 1.04197
-2.49745 3.34971
-1.91075 -0.929745
-3.11074 -3.46682
-1.46676 1.97309
-2.72196 0.620162
-2.36664 2.09625
-2.15201 -1.38703
-3.18835 -2.81419
-1.58484 2.31798
-2.55428 0.450308
-2.07123 0.806231
-2.32901 1.18362
-2.17088 -0.282476
-2.69454 1.58273
-1.99439 0.709187
-2.46712 1.47728
-2.0967 -0.848942
-2.98749 -3.04581
-1.88825 3.47589
-2.2767 -2.26618
-2.9753 4.02767
-2.90062 2.26005
-3.25838 -0.522863
-2.28471 3.52368
-1.91981 -2.30024
-2.64505 5.06208
-3.03098 1.33309
-3.04477 2.83184
-3.01291 2.34393
-3.08022 2.36242
-2.97124 2.64971
-3.14004 1.91149
-2.8733 2.94181
-3.24892 0.11201
-2.46459 3.52231
-1.90158 -0.987429
-3.17422 -3.12313
-1.48458 1.94253
-2.71979 0.653523
-2.32583 2.05525
-2.18706 -1.26035
-3.06253 -3.40292
-1.58784 2.52338
-2.53943 0.121312
-2.15641 1.42509
-2.25953 0.0828606
-2.28286 1.49463
-2.2085 -0.495482
-2.83753 1.15886
-3.09348 -0.900046
-2.50062 4.00307
-2.07443 1.76483
-2.31164 0.00100545
-2.26217 1.50992
-2.21915 -0.439012
-2.75554 1.46439
-2.23265 1.97639
-2.25039 -0.882227
-3.04943 -1.4723
-2.39074 4.09244
-1.88254 -0.0799804
-3.00215 -2.16449
-2.21844 4.03547
-1.83042 -2.1236
-2.70671 5.01672
-2.95535 1.78727
-3.2469 0.995046
-2.5855 3.34493
-1.94016 0.743117
-2.56081 1.47144
-2.03379 -0.633727
-2.99811 -2.67004
-2.03835 3.76041
-2.00809 -2.69852
-2.3016 5.24654
-2.98258 1.17056
-3.18988 1.92218
-2.77106 3.01487
-3.11549 -0.848493
-2.48999 3.93829
-1.96451 1.17252
-2.39301 1.13459
-2.13607 -0.384121
-2.87249 0.934482
-3.15833 -2.05848
-2.02244 3.46008
-2.17654 -2.40146
-2.78758 4.64716
-3.03631 1.48764
-3.03629 2.82619
-3.02528 2.3205
-3.05767 2.46506
-3.00352 2.54863
-3.08761 2.24851
-2.95955 2.72121
-3.15499 1.77436
-2.84385 3.01363
-3.24051 -0.582975
-2.32847 3.58099
-1.89136 -2.09005
-2.85212 4.65655
-2.86622 2.24144
-3.18517 -1.60596
-2.14168 3.57418
-2.0115 -2.54667
-2.47396 5.18667
-3.09313 0.594727
-2.81539 3.58929
-3.2276 0.25562
-2.54961 3.5251
-1.92502 0.588756
-2.67697 1.37399
-1.99713 0.553362
-2.52717 1.54752
-2.05392 -0.832827
-2.96521 -3.40386
-1.74613 3.15645
-2.44702 -1.38986
-3.19627 -2.50591
-1.70465 2.69858
-2.49102 -0.351918
-2.49572 1.98979
-2.05397 -1.28256
-3.19568 -2.8472
-1.55143 2.18014
-2.59497 0.630675
-2.04918 0.712679
-2.37637 1.35772
-2.15324 -0.613251
-3.01377 -0.346313
-2.78231 3.931
-3.20908 0.394067
-2.61284 3.51508
-2.20322 2.07812
-2.26798 -0.901668
-3.05072 -1.49547
-2.38296 4.08437
-1.88011 -0.255019
-2.94704 -3.18638
-1.87158 3.5022
-2.27687 -2.29381
-2.94165 4.15086
-2.93755 2.10163
-3.25564 0.639838
-2.52321 3.42313
-1.90653 -0.329864
-2.95612 -3.11081
-1.89593 3.54345
-2.24099 -2.39223
-2.81874 4.53571
-3.0331 1.55079
-3.0465 2.76641
-3.01311 2.37682
-3.0784 2.35809
-2.97382 2.6487
-3.13524 1.94441
-2.88192 2.92302
-3.24611 0.321797
-2.50999 3.4914
-1.9037 -0.359549
-2.94374 -3.29203
-1.82639 3.39853
-2.34609 -2.03534
-3.20766 2.66757
-2.54001 3.11439
-1.92189 -0.781659
-2.98731 -3.89364
-1.47397 2.20179
-2.64092 0.569843
-2.08977 1.25036
-2.28527 0.575836
-2.1757 0.66163
-2.24539 0.956432
-2.19858 0.291635
-2.28601 1.37309
-2.20098 -0.365144
-2.71232 1.56537
-2.0219 1.06274
-2.34658 1.06802
-2.15681 -0.192275
-2.64197 1.66254
-1.98352 -0.131287
-2.98719 -0.196543
-2.91324 3.63482
-3.12046 1.54331
-2.88007 3.12699
-3.2281 0.695989
-2.6127 3.41668
-2.0819 1.72334
-2.30637 0.0236655
-2.25769 1.48303
-2.21985 -0.391088
-2.70145 1.60263
-2.00093 0.83147
-2.41713 1.37103
-2.12908 -0.702027
-3.03945 -1.52838
-2.38362 4.11338
-1.8813 -0.100971
-2.99605 -2.32191
-2.17017 3.98085
-1.83507 -2.415
-2.37961 5.34888
-3.0335 0.984509
-3.01158 3.05292
-3.04769 2.14743
-3.01979 2.65929
-3.05564 2.3238
-3.007 2.61134
-3.07827 2.26276
-2.97314 2.69814
-3.13204 1.94597
-2.88688 2.92031
-3.24279 0.457198
-2.54073 3.46719
-1.91059 0.16328
-2.96474 -0.0274792
-3.05383 3.07813
-2.98052 2.29919
-3.15221 1.94567
-2.85386 2.93651
-3.2447 -0.498942
-2.33822 3.57123
-1.89151 -2.0467
-2.90348 4.50825
-2.81068 2.43909
-3.09542 -0.583337
-2.57494 3.97475
-2.73705 1.99313
-2.11053 1.67231
-2.29206 -0.0289973
-2.29527 1.59137
-2.2062 -0.649257
-2.98352 0.142987
-3.03315 3.14183
-3.00863 2.20355
-3.09545 2.33769
-2.94912 2.68657
-3.17843 1.58616
-2.79376 3.10605
-3.17196 -1.38704
-2.2535 3.70416
-1.88448 -2.32725
-2.55821 5.19305
-3.0496 1.1071
-2.97767 3.13762
-3.08863 1.96674
-2.95042 2.87329
-3.15505 1.71199
-2.84091 3.04205
-3.23964 -0.587925
-2.32979 3.58349
-1.89073 -2.08109
-2.86171 4.63078
-2.85603 2.28037
-3.16434 -1.67907
-2.16458 3.63847
-1.96247 -2.5483
-2.4139 5.25161
-3.07268 0.67505
-2.86833 3.5096
-3.19165 1.04021
-2.72837 3.32084
-3.09664 -0.392975
-2.6172 3.94058
-3.03369 0.50248
-2.94174 3.39862
-3.1125 1.7197
-2.90351 3.03072
-3.21112 1.05406
-2.69061 3.31117
-2.79485 1.78709
-2.69816 1.96799
-1.98275 0.751974
-2.47285 1.46387
-2.09286 -0.832923
-2.98887 -3.00554
-1.90495 3.51064
-2.24958 -2.34669
-2.87641 4.37552
-2.99077 1.81896
-3.1592 2.03139
-2.84114 2.91318
-3.22782 -0.93755
-2.26083 3.58705
-1.91421 -2.35458
-2.57183 5.15978
-3.05623 1.07728
-2.95779 3.20298
-3.11058 1.83498
-2.91281 2.96762
-3.20569 1.16147
-2.71162 3.27441
-2.9719 0.931435
-3.2104 1.76765
-2.71632 3.10513
-2.79616 1.77124
-2.71338 1.9332
-2.01123 1.07869
-2.35557 1.08729
-2.15332 -0.240421
-2.69508 1.56837
-1.99584 0.725849
-2.4585 1.46438
-2.10266 -0.835715
-2.99498 -2.9058
-1.94212 3.57979
-2.18795 -2.49185
-2.68021 4.84785
-3.09551 0.966637
-2.86247 3.40786
-3.21197 0.814524
-2.66434 3.38841
-2.58428 2.2297
-1.97827 -0.906705
-2.99965 -3.79733
-1.50181 2.29586
-2.60426 0.491055
-2.0766 1.05515
-2.29829 0.867584
-2.17071 0.213253
-2.35027 1.5512
-2.17384 -0.768419
-3.04343 -1.38311
-2.42165 4.12404
-1.91229 0.695222
-2.64748 1.39559
-1.9936 0.131594
-2.80034 1.13196
-2.8398 1.50274
-3.09123 -0.727741
-2.54531 4.00087
-2.45951 2.33997
-2.04673 -1.58968
-3.36866 -0.26018
-1.80582 2.62142
-2.45209 -0.411305
-2.531 1.95715
-2.03089 -1.1492
-3.11143 -3.35705
-1.51453 2.17211
-2.62153 0.624719
-2.05844 0.94781
-2.32327 1.06664
-2.1678 -0.122034
-2.55621 1.74856
-2.02652 -0.892697
-2.96482 -3.71624
-1.59109 2.67909
-2.53422 -0.168578
-2.35341 1.94403
-2.17035 -1.20421
-3.03469 -3.4867
-1.59674 2.5957
-2.53361 -0.015922
-2.22642 1.68662
-2.24444 -0.512193
-2.79281 1.36011
-2.67084 2.00048
-1.96378 0.222928
-2.81348 1.05064
-2.99761 0.543596
-3.07217 2.87621
-2.96767 2.41107
-3.17045 1.75888
-2.81563 3.03143
-3.20046 -1.24407
-2.23513 3.63028
-1.91506 -2.41446
-2.50291 5.22577
-3.06944 0.875573
-2.90346 3.3869
-3.16447 1.38741
-2.80479 3.19031
-3.20887 -1.09108
-2.26465 3.63155
-1.89949 -2.32619
-2.58296 5.15615
-3.04772 1.15138
-2.98649 3.0979
-3.07946 2.02273
-2.96606 2.82671
-3.13278 1.88842
-2.88355 2.94935
-3.24289 0.426406
-2.53589 3.4736
-1.9087 0.0839883
-2.99693 -0.512065
-2.77189 3.98898
-3.20778 0.350905
-2.6085 3.52824
-2.18359 2.03685
-2.27785 -0.77696
-3.01416 -0.181682
-2.83234 3.81326
-3.18617 0.896424
-2.72197 3.37937
-3.09984 -0.432825
-2.60429 3.94099
-2.95331 1.11306
-3.26366 0.906283
-2.51698 3.3716
-1.90872 -0.582041
-2.92316 -3.89204
-1.55743 2.62198
-2.54885 -0.0345337
-2.25797 1.78726
-2.23251 -0.747288
-3.02198 -0.376224
-2.75219 3.97132
-3.2164 0.00840849
-2.53017 3.59071
-1.91448 0.413698
-2.81249 1.0002
-3.00459 0.474038
-3.03361 3.0744
-3.0141 2.22168
-3.08297 2.39386
-2.96737 2.63837
-3.14855 1.85505
-2.85763 2.97337
-3.24781 -0.281386
-2.38375 3.5613
-1.89179 -1.75897
-3.20681 3.03749
-2.32694 3.10353
-2.01063 -2.17279
-2.92608 4.36285
-2.84946 2.35357
-3.15875 -1.66147
-2.18372 3.66935
-1.9346 -2.52204
-2.40731 5.27261
-3.06541 0.737591
-2.89414 3.44749
-3.16864 1.31704
-2.79248 3.21989
-3.19258 -1.23845
-2.25696 3.66232
-1.89431 -2.33782
-2.56121 5.18373
-3.05228 1.09177
-2.96925 3.16692
-3.09789 1.91271
-2.93469 2.91482
-3.17716 1.5048
-2.79184 3.13833
-3.17486 -1.36672
-2.25418 3.69846
-1.88572 -2.32816
-2.55909 5.19134
-3.04981 1.10675
-2.97709 3.13946
-3.08928 1.96317
-2.94933 2.87622
-3.15662 1.69855
-2.83769 3.04867
-3.23702 -0.66144
-2.31707 3.58752
-1.89239 -2.14137
-2.79262 4.80401
-2.92218 1.99831
-3.26891 -0.100422
-2.35114 3.49963
-1.90087 -2.03679
-2.9303 4.41661
-2.7844 2.52356
-2.97053 0.881886
-3.21096 1.77328
-2.7143 3.10562
-2.76984 1.853
-2.37439 2.19505
-2.13745 -1.4953
-3.28509 -1.96127
-1.65083 2.38089
-2.51575 0.294881
-2.09805 0.960766
-2.28668 0.895003
-2.17708 0.217342
-2.3391 1.53033
-2.17989 -0.714751
-3.03516 -0.802648
-2.59786 4.13101
-3.09441 -0.144868
-2.67468 3.88367
-3.14924 -0.975447
-2.41698 3.8359
-1.88694 -0.739603
-3.00553 -3.89113
-1.44957 2.06965
-2.69784 0.597093
-2.23744 1.88803
-2.24617 -0.793062
-3.0353 -0.650855
-2.64209 4.09423
-3.15357 -0.880807
-2.4356 3.82606
-1.88907 -0.481258
-2.91303 -3.84788
-1.59084 2.7547
-2.5329 -0.318734
-2.52978 2.00184
-2.02842 -1.18195
-3.14217 -3.20172
-1.52077 2.14757
-2.62318 0.649394
-2.05477 0.917388
-2.3308 1.11552
-2.16666 -0.205274
-2.63083 1.68527
-1.98692 -0.273134
-3.02391 -1.07698
-2.53216 4.18733
-2.77283 1.91109
-2.42564 2.22115
-2.08966 -1.54386
-3.34091 -1.14448
-1.718 2.47451
-2.48429 0.0354665
-2.17396 1.41866
-2.25188 0.0174867
-2.32031 1.60327
-2.19273 -0.742352
-3.03784 -0.862443
-2.57646 4.13684
-3.02236 0.633083
-3.00076 3.17477
-3.05374 2.06657
-3.00877 2.72262
-3.06989 2.24498
-2.98511 2.68991
-3.11113 2.07319
-2.92189 2.84082
-3.20761 1.1955
-2.70992 3.26348
-2.94368 1.11487
-3.27758 0.487536
-2.41908 3.43068
-1.90422 -1.64908
-3.30413 2.09095
-2.11034 3.00573
-2.24985 -1.89989
-3.32042 1.40473
-2.17721 3.15644
-2.14355 -2.20991
-3.00567 3.9874
-2.81215 2.52544
-3.11274 -0.963335
-2.46457 3.9461
-1.91421 0.63296
-2.67778 1.35916
-1.9986 0.578963
-2.51214 1.54013
-2.06444 -0.86299
-2.96707 -3.41771
-1.7368 3.12787
-2.45534 -1.31161
-3.14105 -2.83487
-1.69668 2.75902
-2.49381 -0.458021
-2.648 1.85772
-1.97255 -0.132029
-3.00055 -0.43601
-2.78854 3.94697
-3.2032 0.511367
-2.64184 3.48965
-2.4851 2.30378
-2.03128 -1.50627
-3.35657 -0.862577
-1.72799 2.4634
-2.48005 0.0361701
-2.1732 1.4076
-2.25158 0.033949
-2.313 1.58185
-2.19623 -0.695621
-3.01965 -0.387568
-2.75438 3.97277
-3.21589 0.0474771
-2.53879 3.58438
-1.92296 0.5849
-2.68432 1.35978
-2.00247 0.68189
-2.4623 1.48488
-2.09996 -0.857642
-2.98754 -3.05462
-1.88411 3.4665
-2.2835 -2.24399
-3.00127 3.92002
-2.87175 2.37337
-3.21699 -1.29134
-2.17138 3.54365
-1.99804 -2.51186
-2.49899 5.17688
-3.09104 0.670385
-2.83072 3.55047
-3.22252 0.474803
-2.59647 3.47889
-2.04367 1.56784
-2.31588 0.373792
-2.17016 0.878096
-2.23836 0.697825
-2.19993 0.659309
-2.22686 0.862598
-2.20565 0.485059
-2.23942 1.08019
-2.20624 0.160224
-2.31969 1.5241
-2.19062 -0.650665
-3.00012 -0.0807897
-2.90706 3.62655
-3.12917 1.49879
-2.86444 3.14988
-3.23911 0.361551
-2.53681 3.49033
-1.90982 0.164236
-2.96552 -0.0378612
-3.04741 3.11081
-2.98814 2.26742
-3.1374 2.06379
-2.88135 2.86905
-3.24989 0.179713
-2.474 3.51097
-1.9024 -0.884314
-3.08813 -3.57889
-1.45868 1.9753
-2.72757 0.600413
-2.42644 2.13136
-2.09805 -1.46969
-3.29584 -1.87167
-1.6468 2.34704
-2.51926 0.353199
-2.08765 0.853889
-2.30517 1.06605
-2.17611 -0.062968
-2.49321 1.75908
-2.07027 -1.10125
-3.03319 -3.6114
-1.53836 2.38674
-2.57197 0.369421
-2.08994 1.07086
-2.28755 0.794006
-2.17381 0.347912
-2.30091 1.37859
-2.19414 -0.422673
-2.78784 1.34437
-2.60857 2.09719
-1.97566 -0.653043
-2.94392 -3.5321
-1.71025 3.08661
-2.4715 -1.18003
-3.07235 -3.02075
-1.75955 3.03595
-2.45695 -1.14528
-3.05299 -2.98634
-1.81417 3.2035
-2.40646 -1.60436
-3.3182 -1.11038
-1.8324 2.81959
-2.44045 -0.849117
-3.04953 -0.666683
-2.61434 4.08209
-3.11007 -0.380204
-2.60374 3.90772
-2.89603 1.42323
-3.21159 -1.60107
-2.06708 3.43475
-2.14659 -2.41262
-2.75724 4.73039
-3.04672 1.38897
-3.00524 2.96917
-3.06187 2.14951
-2.99617 2.71546
-3.09047 2.16457
-2.95386 2.76989
-3.16027 1.7132
-2.83232 3.04342
-3.23023 -0.825674
-2.2888 3.59477
-1.89922 -2.25747
-2.66437 5.04538
-3.01323 1.45717
-3.10081 2.51992
-2.93862 2.61259
-3.20662 1.30615
-2.71949 3.22616
-2.9877 0.812045
-3.14738 2.3579
-2.85566 2.78669
-3.23565 -0.848852
-2.26482 3.57119
-1.9168 -2.34729
-2.58435 5.14385
-3.0534 1.11383
-2.96842 3.16304
-3.09938 1.90818
-2.93233 2.91889
-3.18061 1.4696
-2.7834 3.15359
-3.16217 -1.37644
-2.27705 3.74227
-1.87067 -2.20024
-2.68601 5.02778
-2.98853 1.6101
-3.17316 1.9686
-2.81168 2.96146
-3.17892 -1.41611
-2.22791 3.66961
-1.90614 -2.42336
-2.47957 5.24936
-3.06814 0.849409
-2.90308 3.39596
-3.16381 1.38802
-2.80587 3.1903
-3.21066 -1.06911
-2.26709 3.62901
-1.89913 -2.31905
-2.59086 5.147
-3.04498 1.17978
-2.99613 3.05856
-3.06886 2.08037
-2.98392 2.77095
-3.10708 2.0602
-2.92729 2.84419
-3.19836 1.31039
-2.73818 3.22009
-3.08865 -0.28411
-2.65226 3.931
-3.12877 -0.719159
-2.50623 3.8956
-1.98753 1.32587
-2.35379 0.885869
-2.1454 0.0221186
-2.49816 1.7285
-2.06801 -1.0658
-3.01379 -3.65511
-1.54868 2.45471
-2.56092 0.261106
-2.11557 1.23431
-2.2708 0.486875
-2.18934 0.842062
-2.22699 0.66431
-2.20803 0.749175
-2.2173 0.709668
-2.2126 0.72552
-2.21509 0.722914
-2.21359 0.716472
-2.21475 0.731118
-2.21356 0.706821
-2.21511 0.744204
-2.213 0.687912
-2.21623 0.771963
-2.21177 0.646498
-2.21917 0.833127
-2.20964 0.55422
-2.22794 0.968613
-2.20731 0.345008
-2.26278 1.27074
-2.20594 -0.160136
-2.50787 1.79058
-2.05789 -1.09923
-3.04279 -3.59886
-1.52826 2.33349
-2.58364 0.446107
-2.07682 0.989758
-2.30231 0.945533
-2.17182 0.0984493
-2.40126 1.66544
-2.14121 -0.999874
-2.98542 -3.31261
-1.76318 3.17276
-2.43675 -1.45255
-3.23804 -2.16878
-1.72718 2.69689
-2.48256 -0.388089
-2.53156 1.9738
-2.0293 -1.15739
-3.1203 -3.3153
-1.51559 2.16215
-2.62319 0.633956
-2.05764 0.946307
-2.32424 1.0714
-2.16758 -0.130939
-2.564 1.74487
-2.02166 -0.849418
-2.95721 -3.67788
-1.6205 2.78947
-2.5214 -0.41869
-2.64636 1.87388
-1.97226 -0.158241
-3.00898 -0.613705
-2.70665 4.07648
-3.2082 -0.437505
-2.45103 3.6651
-1.89498 -0.790163
-3.02847 -3.81393
-1.45106 2.03934
-2.70795 0.599544
-2.28988 1.99534
-2.21477 -1.09441
-3.00151 -3.21982
-1.78519 3.20679
-2.42013 -1.56283
-3.30236 -1.39056
-1.80299 2.78288
-2.45323 -0.70983
-2.94843 0.661731
-3.25356 1.25884
-2.57011 3.29795
-1.91763 0.218824
-2.92414 0.372277
-3.27775 0.86895
-2.45339 3.37629
-1.90913 -1.40858
-3.38104 -0.0473806
-1.77322 2.49383
-2.4622 -0.109051
-2.24642 1.66608
-2.23401 -0.563327
-2.86711 1.03489
-3.13775 -2.05547
-2.07258 3.57059
-2.07794 -2.55599
-2.52972 5.10145
-3.10681 0.575803
-2.78955 3.60162
-3.23038 -0.263338
-2.43895 3.60049
-1.89643 -1.13239
-3.29135 -2.15219
-1.55774 2.03079
-2.62654 0.759428
-2.03918 0.75263
-2.38081 1.34627
-2.15033 -0.609836
-3.01462 -0.366465
-2.77369 3.94685
-3.21172 0.295069
-2.59159 3.53686
-2.06964 1.68911
-2.30952 0.116557
-2.22278 1.32262
-2.22607 -0.0669349
-2.40458 1.73903
-2.1377 -1.0814
-2.99318 -3.52405
-1.64589 2.8192
-2.5116 -0.509463
-2.76189 1.60484
-2.27309 2.06393
-2.22491 -1.12234
-3.00413 -3.2654
-1.75857 3.13286
-2.44527 -1.35654
-3.16762 -2.69779
-1.69426 2.71189
-2.49491 -0.360873
-2.51297 1.98799
-2.04133 -1.23427
-3.17012 -3.02697
-1.53532 2.15968
-2.61024 0.646375
-2.04998 0.805659
-2.3546 1.25756
-2.16145 -0.443385
-2.87549 0.938199
-3.16704 -2.02321
-2.01538 3.43445
-2.19399 -2.35871
-2.84854 4.48617
-2.99708 1.75382
-3.14447 2.16171
-2.86896 2.83899
-3.25086 -0.287148
-2.37241 3.55364
-1.89197 -1.85262
-3.11842 3.61012
-2.49621 3.03472
-1.93463 -1.40139
-3.3738 -0.50373
-1.73069 2.41834
-2.47862 0.107532
-2.14673 1.25446
-2.25583 0.330212
-2.21952 1.12946
-2.21738 0.179095
-2.29812 1.4693
-2.19977 -0.518453
-2.87712 0.957984
-3.17037 -2.00287
-2.01547 3.4291
-2.19619 -2.35131
-2.85861 4.45736
-2.98952 1.79893
-3.16353 2.00146
-2.8324 2.93153
-3.21545 -1.11633
-2.238 3.60043
-1.92333 -2.41303
-2.51656 5.20904
-3.07042 0.888616
-2.90288 3.38373
-3.16564 1.37917
-2.80231 3.19356
-3.20522 -1.13174
-2.26086 3.63734
-1.89956 -2.3363
-2.57113 5.16963
-3.05136 1.11108
-2.97342 3.14928
-3.09358 1.94034
-2.94211 2.89466
-3.16694 1.60585
-2.81558 3.09285
-3.21111 -1.10551
-2.25381 3.62008
-1.90796 -2.36518
-2.54995 5.18703
-3.05973 1.02204
-2.94351 3.25588
-3.12521 1.72995
-2.88627 3.02909
-3.23263 0.660553
-2.59655 3.42448
-2.00399 1.34304
-2.33997 0.805381
-2.14909 0.167632
-2.40651 1.64168
-2.13772 -0.982494
-2.98545 -3.27358
-1.78234 3.22328
-2.4181 -1.59458
-3.3173 -1.11047
-1.83651 2.83076
-2.43835 -0.880632
-3.05849 -0.995738
-2.51338 4.10135
-2.36121 2.32379
-2.13587 -1.60256
-3.34364 -0.993808
-1.75125 2.56073
-2.472 -0.180815
-2.30087 1.81054
-2.20816 -0.917221
-3.03354 -2.22502
-2.16926 3.90133
-1.85696 -2.48333
-2.33911 5.34536
-3.01765 1.03734
-3.06659 2.80078
-2.9818 2.41807
-3.13939 2
-2.87688 2.89993
-3.24987 0.1175
-2.4626 3.52007
-1.9016 -1.01969
-3.20045 -2.9487
-1.4968 1.94908
-2.70656 0.685377
-2.22704 1.87558
-2.25137 -0.740155
-3.00643 -0.0976101
-2.88136 3.69383
-3.1508 1.31436
-2.8185 3.23194
-3.23242 -0.652508
-2.33348 3.60292
-1.88726 -2.04335
-2.90038 4.52041
-2.81169 2.43416
-3.09745 -0.62773
-2.5622 3.975
-2.5909 2.25577
-1.97315 -0.842311
-2.97157 -3.84037
-1.52098 2.41368
-2.57799 0.332984
-2.10273 1.18636
-2.27743 0.599621
-2.17949 0.653857
-2.24299 0.951598
-2.19956 0.307114
-2.28065 1.34893
-2.2022 -0.317875
-2.66062 1.66854
-1.97871 0.112849
-2.85187 0.89572
-3.11663 -1.9559
-2.15465 3.71779
-1.93541 -2.57234
-2.35265 5.28985
-3.03879 0.86586
-2.98235 3.18569
-3.07825 1.98064
-2.96658 2.84605
-3.13009 1.89712
-2.88791 2.94378
-3.23976 0.534348
-2.56038 3.45203
-1.9251 0.548244
-2.70087 1.33305
-2.02369 0.989193
-2.35447 1.14439
-2.15649 -0.307528
-2.75276 1.42878
-2.21697 1.93809
-2.25827 -0.77872
-3.02439 -0.384042
-2.74404 3.98035
-3.21663 -0.102852
-2.50734 3.6088
-1.9024 -0.000963387
-3.01641 -1.19074
-2.50706 4.20878
-2.5648 2.29815
-1.98246 -1.0805
-3.121 -3.35278
-1.4973 2.08614
-2.65719 0.667789
-2.0842 1.25531
-2.28854 0.593029
-2.17334 0.625662
-2.25084 1.01348
-2.19818 0.198651
-2.31623 1.49671
-2.1915 -0.608687
-2.97057 0.266211
-3.11501 2.68596
-2.90148 2.60714
-3.25508 0.23507
-2.46683 3.49561
-1.90293 -1.02111
-3.19935 -2.95519
-1.49675 1.95079
-2.70593 0.685639
-2.2237 1.86716
-2.25285 -0.717655
-2.98989 0.116722
-3.00191 3.27752
-3.04263 2.0468
-3.02904 2.67154
-3.04131 2.3602
-3.02931 2.54051
-3.04481 2.41333
-3.02315 2.53202
-3.05489 2.38519
-3.00802 2.57957
-3.07813 2.27703
-2.97352 2.6904
-3.13204 1.94905
-2.88699 2.91879
-3.24283 0.457007
-2.54056 3.4672
-1.91051 0.159874
-2.96638 -0.0468945
-3.0411 3.14197
-2.9955 2.23618
-3.12288 2.16959
-2.90626 2.80402
-3.23446 0.764394
-2.60364 3.39726
-2.01679 1.41545
-2.3291 0.668818
-2.15156 0.389726
-2.31818 1.39782
-2.18641 -0.501113
-2.88371 0.911559
-3.19614 -1.85003
-2.00904 3.37612
-2.22344 -2.2656
-2.97244 4.07064
-2.88543 2.29992
-3.23865 -1.00301
-2.20449 3.527
-1.97584 -2.47151
-2.51916 5.17401
-3.08455 0.769961
-2.85741 3.48976
-3.20641 0.848807
-2.6798 3.38023
-2.77728 1.84606
-2.46588 2.22028
-2.05579 -1.50275
-3.34227 -1.17404
-1.7029 2.42684
-2.49071 0.143114
-2.13543 1.20645
-2.25985 0.436658
-2.20154 0.954715
-2.22026 0.469886
-2.22877 1.04742
-2.20967 0.242972
-2.28681 1.40476
-2.20222 -0.404914
-2.75217 1.46287
-2.20716 1.91796
-2.26279 -0.717552
-2.98192 0.215474
-3.0588 3.00779
-2.97917 2.33151
-3.15251 1.93288
-2.85308 2.94223
-3.24436 -0.507079
-2.33711 3.57203
-1.89153 -2.05202
-2.89728 4.52722
-2.8178 2.41586
-3.10942 -0.91803
-2.47943 3.95658
-1.94674 1.02648
-2.44685 1.3185
-2.10954 -0.670417
-3.03722 -1.60735
-2.36256 4.10439
-1.87638 -0.493252
-2.9122 -3.95348
-1.54004 2.57483
-2.55781 0.0610871
-2.2042 1.64386
-2.25222 -0.37485
-2.62316 1.75782
-1.98718 -0.394788
-3.02003 -1.94689
-2.27404 4.06302
-1.84984 -1.68041
-3.2176 2.99021
-2.27898 3.08551
-2.06161 -2.20166
-2.94842 4.2558
-2.84769 2.37924
-3.15826 -1.6531
-2.18792 3.67458
-1.9295 -2.51416
-2.4093 5.27506
-3.06499 0.746695
-2.89643 3.44045
-3.16664 1.33871
-2.79742 3.21123
-3.19985 -1.17937
-2.2588 3.64777
-1.89756 -2.3385
-2.56545 5.17714
-3.05227 1.09735
-2.96981 3.16373
-3.09738 1.91656
-2.93558 2.91217
-3.17597 1.51715
-2.79471 3.13291
-3.17928 -1.35211
-2.24938 3.6855
-1.89103 -2.35198
-2.53952 5.20801
-3.05635 1.03328
-2.95308 3.22825
-3.1147 1.801
-2.90516 2.98809
-3.21423 1.02979
-2.68134 3.31934
-2.68591 2.07024
-1.96844 0.535697
-2.60153 1.50636
-2.0085 -0.41531
-3.02755 -1.63501
-2.3628 4.12852
-1.8766 -0.377496
-2.91326 -3.70171
-1.66268 2.98911
-2.49839 -0.897926
-3.06643 -1.75003
-2.29293 3.9738
-1.85494 -1.73986
-3.17236 3.31074
-2.37203 3.08795
-1.97834 -2.0744
-3.00077 4.11021
-2.73735 2.67739
-2.49048 2.25903
-2.0324 -1.46678
-3.34136 -1.23376
-1.68841 2.38496
-2.49775 0.235963
-2.11127 1.02973
-2.27384 0.755665
-2.18008 0.448211
-2.27037 1.22499
-2.20007 -0.133666
-2.49831 1.78378
-2.06528 -1.11376
-3.04588 -3.58185
-1.53112 2.33979
-2.58125 0.437344
-2.07783 0.991218
-2.30134 0.939742
-2.17203 0.109149
-2.39537 1.65552
-2.14541 -0.980023
-2.98864 -3.20663
-1.81049 3.29023
-2.38798 -1.78433
-3.34033 0.568628
-2.0819 3.12326
-2.24447 -2.01177
-3.24498 2.41103
-2.41027 3.1816
-1.93803 -1.91155
-3.12404 3.54527
-2.51548 3.031
-1.93167 -1.21173
-3.29688 -2.04815
-1.57779 2.09787
-2.59376 0.716197
-2.04027 0.550551
-2.44191 1.52124
-2.11381 -0.890865
-2.98854 -3.07702
-1.87238 3.43833
-2.30275 -2.17634
-3.07664 3.55917
-2.77341 2.68666
-2.98209 0.809295
-3.16654 2.20971
-2.81856 2.88107
-3.1778 -1.44873
-2.21891 3.66441
-1.91307 -2.44795
-2.46142 5.25738
-3.06976 0.803893
-2.89334 3.428
-3.17226 1.29522
-2.7849 3.22771
-3.18016 -1.31167
-2.26118 3.69203
-1.88498 -2.30629
-2.58364 5.16433
-3.04216 1.18991
-3.00458 3.02669
-3.0592 2.12778
-3.0002 2.71672
-3.0838 2.19302
-2.96402 2.74465
-3.14434 1.8442
-2.86399 2.97615
-3.24898 -0.0807148
-2.42559 3.54503
-1.89725 -1.40595
-3.38205 0.116227
-1.78797 2.51813
-2.45695 -0.18472
-2.29847 1.79172
-2.20942 -0.888332
-3.04021 -1.97117
-2.24857 3.98783
-1.84049 -2.02849
-2.83685 4.72835
-2.85156 2.275
-3.15336 -1.68323
-2.18708 3.68332
-1.9266 -2.51532
-2.40407 5.27919
-3.06281 0.75719
-2.90317 3.4243
-3.16003 1.40335
-2.81285 3.18487
-3.2206 -0.928125
-2.28499 3.61569
-1.89555 -2.2607
-2.65466 5.06256
-3.01667 1.4274
-3.08996 2.58807
-2.95407 2.56081
-3.18299 1.58929
-2.78491 3.10806
-3.15593 -1.38187
-2.28704 3.76296
-1.86666 -2.12901
-2.7641 4.88256
-2.93217 1.93476
-3.26839 0.228382
-2.41769 3.47646
-1.90058 -1.59777
-3.33036 1.72677
-2.03587 2.92566
-2.32347 -1.58488
-3.2907 -1.68616
-1.73769 2.63478
-2.47817 -0.289819
-2.40768 1.95726
-2.12689 -1.3029
-3.13651 -3.14795
-1.55766 2.30029
-2.57156 0.485949
-2.06679 0.831688
-2.33002 1.17037
-2.16974 -0.269581
-2.68454 1.60187
-1.98599 0.521994
-2.56775 1.54019
-2.02746 -0.663365
-2.98333 -2.94133
-1.94055 3.59574
-2.18107 -2.5133
-2.6509 4.89705
-3.10453 0.844789
-2.83181 3.47623
-3.2295 0.339276
-2.55878 3.50465
-1.934 0.722998
-2.58368 1.4634
-2.02 -0.501163
-3.02146 -2.02322
-2.24855 4.03028
-1.83948 -1.94838
-2.92772 4.46405
-2.74822 2.6011
-2.56045 2.21324
-1.99198 -1.10095
-3.12418 -3.32837
-1.5018 2.09957
-2.6498 0.666232
-2.07421 1.16968
-2.29566 0.738602
-2.16887 0.395738
-2.29459 1.33341
-2.19489 -0.348438
-2.70778 1.5715
-2.01272 0.968498
-2.37055 1.20308
-2.15077 -0.418675
-2.87375 0.93936
-3.16164 -2.04543
-2.0197 3.45025
-2.18331 -2.38537
-2.8108 4.58883
-3.02243 1.58844
-3.07581 2.62105
-2.97493 2.51509
-3.14522 1.92466
-2.86535 2.93925
-3.24975 -0.136158
-2.41108 3.54821
-1.89538 -1.5447
-3.35128 1.35773
-1.96693 2.83204
-2.37674 -1.2278
-3.04749 -3.15861
-1.73828 3.01449
-2.46765 -1.06255
-3.04812 -2.71826
-1.95056 3.51054
-2.21467 -2.39702
-2.8074 4.57871
-3.03376 1.53
-3.04424 2.78169
-3.01575 2.36367
-3.07394 2.38263
-2.98029 2.62759
-3.12484 2.01892
-2.90013 2.87926
-3.23368 0.7356
-2.60258 3.40481
-2.01714 1.41867
-2.32883 0.663535
-2.15166 0.398091
-2.31574 1.38733
-2.18719 -0.481244
-2.86256 1.02526
-3.12869 -2.02611
-2.10398 3.6304
-2.01913 -2.59577
-2.42602 5.20939
-3.08569 0.555661
-2.82293 3.60043
-3.22228 0.427594
-2.58994 3.49111
-2.02085 1.45317
-2.3263 0.60672
-2.15298 0.488253
-2.29247 1.27021
-2.19257 -0.266581
-2.6304 1.70595
-1.9862 -0.289479
-3.02557 -1.21083
-2.48995 4.18676
-2.33445 2.31147
-2.16135 -1.55122
-3.3073 -1.64033
-1.68988 2.46279
-2.49621 0.103494
-2.14876 1.30477
-2.25692 0.260555
-2.23231 1.23271
-2.21701 0.00278352
-2.37754 1.68488
-2.15761 -0.978596
-2.99404 -3.10459
-1.85191 3.38236
-2.33634 -2.03857
-3.20856 2.66779
-2.53436 3.11777
-1.92242 -0.856705
-3.03535 -3.76342
-1.46348 2.08181
-2.68349 0.620166
-2.1657 1.67483
-2.27012 -0.257766
-2.4783 1.84042
-2.07734 -1.19292
-3.09323 -3.39757
-1.53168 2.2688
-2.59133 0.528671
-2.06346 0.879768
-2.32665 1.12707
-2.1692 -0.206802
-2.62639 1.69282
-1.98858 -0.325414
-3.02675 -1.41693
-2.42781 4.16891
-1.94734 1.09339
-2.42953 1.25855
-2.11915 -0.587345
-3.02777 -0.729656
-2.63183 4.12241
-3.14729 -0.824543
-2.45837 3.84475
-1.89387 0.00769436
-3.01653 -1.33581
-2.46251 4.20501
-2.14786 2.01419
-2.29441 -0.61143
-2.84116 1.19782
-3.09875 -1.06313
-2.45395 3.98483
-1.91138 0.607953
-2.69932 1.31922
-2.02288 0.973339
-2.3578 1.16464
-2.15573 -0.340801
-2.78747 1.31831
-2.61072 2.09298
-1.97491 -0.629195
-2.94693 -3.45807
-1.74293 3.17478
-2.44537 -1.42638
-3.22426 -2.28538
-1.72018 2.69935
-2.48519 -0.380233
-2.52463 1.97836
-2.03376 -1.18766
-3.14005 -3.2087
-1.52222 2.15685
-2.61992 0.642454
-2.05434 0.899476
-2.33372 1.13766
-2.16635 -0.241024
-2.66491 1.63477
-1.98001 0.191945
-2.79281 1.14543
-2.74188 1.82863
-2.1243 1.70516
-2.2885 -0.126243
-2.35363 1.72817
-2.17376 -0.972334
-3.00286 -2.93718
-1.91779 3.51593
-2.23765 -2.36982
-2.84624 4.4668
-3.01186 1.68779
-3.10481 2.43828
-2.9341 2.65473
-3.20975 1.24828
-2.70857 3.24717
-2.90904 1.30925
-3.24925 -1.15169
-2.11406 3.42203
-2.10667 -2.43268
-2.70383 4.85594
-3.06437 1.20807
-2.95026 3.18204
-3.12321 1.77949
-2.89197 3.00255
-3.22938 0.751507
-2.61593 3.4013
-2.0877 1.74361
-2.30518 -0.0255039
-2.28011 1.56325
-2.21293 -0.565229
-2.90202 0.822498
-3.25971 -1.1175
-2.08668 3.37008
-2.15518 -2.35452
-2.83509 4.54438
-2.99551 1.74233
-3.14924 2.1293
-2.86015 2.85975
-3.24613 -0.513676
-2.3296 3.56628
-1.89368 -2.0963
-2.84852 4.66477
-2.87114 2.223
-3.19593 -1.53696
-2.1395 3.55167
-2.02387 -2.53568
-2.50034 5.15969
-3.09667 0.616083
-2.81248 3.58155
-3.22945 0.177535
-2.53139 3.53862
-1.90988 0.230469
-2.93308 0.287699
-3.2473 1.46404
-2.59288 3.25215
-1.93345 0.590247
-2.65542 1.41427
-1.99154 0.21373
-2.7467 1.30118
-2.20086 1.88516
-2.26484 -0.653466
-2.92134 0.73365
-3.2894 -0.0836332
-2.26809 3.42971
-1.95975 -2.35173
-2.64085 5.04395
-3.0474 1.22641
-2.99323 3.05536
-3.07313 2.06754
-2.97697 2.78888
-3.11743 1.99668
-2.91028 2.88559
-3.2197 0.996426
-2.66527 3.33061
-2.4855 2.29489
-2.03202 -1.50051
-3.35437 -0.924278
-1.72142 2.45068
-2.48273 0.0701512
-2.15985 1.34198
-2.25375 0.168792
-2.25953 1.38186
-2.21356 -0.279366
-2.59874 1.75718
-2.00005 -0.622041
-2.96979 -3.11582
-1.87804 3.48083
-2.28166 -2.26257
-2.97918 4.00967
-2.89777 2.27335
-3.25587 -0.605848
-2.27014 3.52498
-1.92777 -2.34258
-2.60624 5.11032
-3.04985 1.1663
-2.98213 3.10743
-3.0848 1.9976
-2.95721 2.8504
-3.14574 1.79081
-2.85948 3.00215
-3.24819 -0.147251
-2.41358 3.55245
-1.89544 -1.51351
-3.36274 1.0903
-1.92338 2.76515
-2.40262 -0.982962
-3.05759 -1.87406
-2.26286 3.96421
-1.84529 -1.97975
-2.90209 4.54157
-2.78327 2.50562
-2.94666 1.04194
-3.2735 0.677423
-2.45776 3.40827
-1.90721 -1.30954
-3.36577 -0.891095
-1.67828 2.29037
-2.50582 0.400142
-2.08374 0.721684
-2.32892 1.23622
-2.1735 -0.345078
-2.75146 1.44488
-2.2048 1.91031
-2.26374 -0.699264
-2.9659 0.376547
-3.15725 2.37228
-2.83007 2.81953
-3.19125 -1.39336
-2.20605 3.6261
-1.93559 -2.48076
-2.45545 5.24679
-3.07499 0.742942
-2.87328 3.47976
-3.19001 1.07862
-2.73512 3.30715
-3.1098 -0.634297
-2.54693 3.94292
-2.34188 2.29934
-2.156 -1.55146
-3.31012 -1.60487
-1.69175 2.46291
-2.4954 0.100282
-2.14982 1.3094
-2.25664 0.250463
-2.23485 1.24904
-2.21682 -0.0268626
-2.39492 1.71404
-2.14515 -1.0411
-2.98672 -3.41452
-1.71058 3.02469
-2.47767 -1.04177
-3.05009 -2.65494
-1.97596 3.5563
-2.17187 -2.48717
-2.67868 4.85985
-3.09236 0.985431
-2.87031 3.39359
-3.20526 0.930769
-2.69114 3.35334
-2.86992 1.50422
-3.13857 -1.90103
-2.13407 3.65142
-1.98225 -2.5853
-2.3964 5.24591
-3.06951 0.660898
-2.87324 3.50695
-3.18629 1.1048
-2.74418 3.29901
-3.1257 -0.945174
-2.45469 3.90759
-1.89701 0.227259
-2.95759 0.0314176
-3.10038 2.819
-2.91897 2.52921
-3.24588 0.654924
-2.55738 3.42233
-1.91805 0.365727
-2.83427 0.912116
-3.09925 -1.23367
-2.40849 3.96996
-1.88396 -0.346011
-2.92581 -3.51087
-1.74202 3.20393
-2.44052 -1.49102
-3.26878 -1.83889
-1.7602 2.73564
-2.47014 -0.526653
-2.71362 1.715
-2.01571 1.05325
-2.35417 1.10038
-2.15461 -0.252885
-2.7039 1.55067
-2.00795 0.901169
-2.38991 1.28702
-2.14323 -0.560047
-2.99604 -0.0838569
-2.91987 3.59244
-3.1177 1.58289
-2.88691 3.10562
-3.22307 0.813218
-2.63879 3.38514
-2.26052 2.16972
-2.23064 -1.20833
-3.02344 -3.39902
-1.65988 2.81925
-2.50652 -0.527338
-2.77798 1.55188
-2.44958 2.20367
-2.07105 -1.51433
-3.3384 -1.23004
-1.70229 2.43409
-2.49095 0.131936
-2.13887 1.23066
-2.25881 0.392541
-2.2076 1.02476
-2.21886 0.35696
-2.24842 1.21427
-2.20907 -0.0380231
-2.41467 1.73264
-2.1304 -1.08722
-2.99596 -3.55318
-1.62703 2.75426
-2.51959 -0.35378
-2.54811 1.98423
-2.01752 -1.08631
-3.07766 -3.51694
-1.50547 2.18925
-2.62354 0.604109
-2.06383 1.006
-2.31238 0.977362
-2.1686 0.0246284
-2.4494 1.72359
-2.10464 -1.09968
-3.00971 -3.60848
-1.57798 2.56705
-2.54215 0.0518075
-2.19321 1.58572
-2.25364 -0.261471
-2.50783 1.83129
-2.05566 -1.13257
-3.06905 -3.51384
-1.52253 2.27069
-2.59647 0.525384
-2.06566 0.924715
-2.31874 1.06639
-2.1699 -0.107512
-2.53999 1.75552
-2.03701 -0.970335
-2.98668 -3.72752
-1.55453 2.51683
-2.55438 0.155169
-2.15166 1.42666
-2.2616 0.100803
-2.27381 1.46303
-2.21132 -0.426691
-2.75735 1.45386
-2.24895 2.00845
-2.24101 -0.977686
-3.03136 -2.39037
-2.1109 3.82
-1.92013 -2.64279
-2.25782 5.30543
-2.91295 1.54892
-3.25649 -0.934613
-2.16394 3.45612
-2.04283 -2.46922
-2.59968 5.04868
-3.08686 0.888247
-2.86868 3.43333
-3.20174 0.956246
-2.70083 3.34612
-2.95899 1.02464
-3.24993 1.20774
-2.58381 3.30271
-1.92971 0.548353
-2.68925 1.35975
-2.00653 0.76349
-2.42786 1.41717
-2.12291 -0.766468
-3.02767 -2.15753
-2.19854 3.95342
-1.8384 -2.33291
-2.47685 5.29458
-3.04703 1.02068
-2.97627 3.16541
-3.08828 1.95345
-2.95042 2.87986
-3.15434 1.71473
-2.84221 3.04058
-3.24068 -0.5545
-2.33583 3.58173
-1.89019 -2.05024
-2.89715 4.52843
-2.81714 2.4175
-3.10825 -0.887623
-2.48818 3.95997
-1.97416 1.24905
-2.37258 1.02059
-2.14193 -0.198819
-2.6837 1.58201
-1.98671 0.517522
-2.56844 1.54113
-2.02699 -0.660524
-2.98374 -2.93252
-1.94394 3.60213
-2.17505 -2.52476
-2.63412 4.92446
-3.1084 0.780797
-2.81701 3.50776
-3.2332 0.0918766
-2.506 3.54892
-1.90196 -0.244291
-2.97802 -2.74247
-2.02987 3.78136
-2.00332 -2.71408
-2.28023 5.2492
-2.94272 1.38759
-3.27597 0.347226
-2.40639 3.44998
-1.90238 -1.72729
-3.24651 2.70126
-2.24801 3.09266
-2.09103 -2.20395
-2.97342 4.1469
-2.83067 2.44813
-3.13422 -1.4802
-2.29215 3.81568
-1.86075 -2.03346
-2.86687 4.63501
-2.83279 2.35216
-3.12772 -1.41167
-2.32325 3.85213
-1.86534 -1.75258
-3.17589 3.27896
-2.37202 3.09107
-1.97761 -2.07474
-2.99942 4.11612
-2.73884 2.67349
-2.50711 2.25239
-2.02123 -1.40572
-3.31968 -1.63284
-1.64469 2.29184
-2.52369 0.439497
-2.07568 0.699029
-2.3434 1.28951
-2.16866 -0.450364
-2.86791 0.984105
-3.14237 -2.07463
-2.05402 3.53544
-2.11251 -2.51573
-2.6064 4.99835
-3.1021 0.77715
-2.8267 3.50771
-3.22937 0.302189
-2.55304 3.51298
-1.92717 0.619819
-2.65385 1.40809
-1.99201 0.19902
-2.75591 1.27591
-2.27687 2.04286
-2.22277 -1.10949
-3.00324 -3.23412
-1.77548 3.179
-2.43002 -1.48596
-3.25841 -1.96823
-1.74368 2.70883
-2.47638 -0.442109
-2.59788 1.9178
-1.99207 -0.710914
-2.9469 -3.55875
-1.69333 3.03252
-2.48359 -1.03478
-3.05099 -2.647
-1.97807 3.55882
-2.16883 -2.49226
-2.67088 4.87405
-3.09468 0.954956
-2.86251 3.41266
-3.2113 0.822649
-2.66671 3.38616
-2.61243 2.1956
-1.96759 -0.609115
-2.94508 -3.46595
-1.74135 3.17318
-2.44632 -1.42046
-3.22036 -2.31786
-1.7179 2.69907
-2.48605 -0.37565
-2.51973 1.98076
-2.03704 -1.20698
-3.15228 -3.13745
-1.52723 2.15691
-2.61645 0.645126
-2.05234 0.862643
-2.34157 1.18655
-2.16488 -0.322975
-2.74869 1.44656
-2.18516 1.85862
-2.27119 -0.560314
-2.80841 1.31928
-2.87951 1.33838
-3.16087 -1.94819
-2.06388 3.51834
-2.11147 -2.50297
-2.62113 4.98007
-3.09788 0.839211
-2.84224 3.47441
-3.22251 0.548931
-2.60712 3.45945
-2.08863 1.75353
-2.30538 -0.0418441
-2.28772 1.58807
-2.21005 -0.620086
-2.95639 0.417165
-3.19849 2.00817
-2.74069 3.02611
-2.97315 0.902259
-3.20447 1.83842
-2.73202 3.07423
-2.94016 1.12228
-3.28069 0.323246
-2.38257 3.44332
-1.90442 -1.90166
-3.08643 3.77157
-2.55974 2.97352
-1.92828 -0.724673
-2.95383 -3.92295
-1.50469 2.37734
-2.59049 0.386242
-2.09503 1.16212
-2.28217 0.661522
-2.17566 0.549183
-2.2581 1.10624
-2.19919 0.0560337
-2.37732 1.66025
-2.1578 -0.951613
-2.99949 -2.96689
-1.90874 3.50191
-2.25072 -2.33622
-2.8895 4.336
-2.9797 1.88061
-3.18537 1.7837
-2.78438 3.04308
-3.14309 -1.32569
-2.32651 3.81727
-1.86718 -1.79355
-3.13978 3.50541
-2.44123 3.06554
-1.9452 -1.78868
-3.24581 2.66845
-2.27286 3.11262
-2.05954 -2.22094
-2.92294 4.34364
-2.87592 2.27389
-3.21475 -1.34677
-2.15755 3.53472
-2.01466 -2.51748
-2.51152 5.1564
-3.09439 0.662487
-2.82349 3.55773
-3.22638 0.347947
-2.56784 3.50602
-1.9528 0.952658
-2.45822 1.36646
-2.10271 -0.728522
-3.02478 -2.18876
-2.1906 3.94893
-1.8399 -2.36965
-2.43777 5.31891
-3.0472 0.963571
-2.96975 3.20054
-3.09427 1.9104
-2.93983 2.9117
-3.16882 1.58223
-2.81104 3.10356
-3.20483 -1.17284
-2.24805 3.62998
-1.90795 -2.37895
-2.53378 5.20296
-3.06305 0.973883
-2.93017 3.30169
-3.13866 1.62439
-2.86046 3.08386
-3.2455 0.095293
-2.47194 3.52992
-1.90146 -0.864988
-3.07435 -3.63852
-1.45614 1.9869
-2.72479 0.598692
-2.40572 2.12203
-2.11671 -1.45569
-3.27191 -2.13203
-1.62865 2.33034
-2.52962 0.39836
-2.07992 0.800634
-2.32018 1.15844
-2.17384 -0.224789
-2.63241 1.68891
-1.98608 -0.257609
-3.02211 -0.985413
-2.56261 4.18185
-2.99959 0.823275
-3.1067 2.62663
-2.92324 2.59105
-3.23438 0.883149
-2.61591 3.36619
-2.05572 1.6085
-2.31174 0.274374
-2.18576 1.05221
-2.23042 0.413415
-2.22793 1.09208
-2.21193 0.191133
-2.30083 1.46834
-2.19836 -0.52637
-2.88748 0.89888
-3.20989 -1.73713
-2.01516 3.36257
-2.22346 -2.25403
-2.98646 4.01638
-2.86865 2.36312
-3.2081 -1.39041
-2.16097 3.55101
-2.00428 -2.5231
-2.49315 5.17748
-3.09246 0.644099
-2.82419 3.56486
-3.22525 0.377473
-2.57523 3.50031
-1.97042 1.11542
-2.39566 1.1771
-2.13622 -0.440779
-2.92162 0.629775
-3.29057 0.131946
-2.30586 3.42705
-1.93485 -2.25724
-2.71957 4.92953
-2.99627 1.6048
-3.15085 2.15216
-2.85658 2.85491
-3.24255 -0.638991
-2.30608 3.57059
-1.89881 -2.20189
-2.73044 4.93081
-2.97312 1.7273
-3.21057 1.55725
-2.71839 3.15513
-2.89346 1.38196
-3.20362 -1.68338
-2.05767 3.43587
-2.15496 -2.40543
-2.77125 4.69588
-3.04056 1.44197
-3.02348 2.88886
-3.04053 2.25169
-3.03179 2.58077
-3.03989 2.40843
-3.03093 2.51413
-3.04298 2.43108
-3.02577 2.5171
-3.05112 2.40441
-3.0136 2.55846
-3.06966 2.32014
-2.98615 2.6508
-3.11221 2.08325
-2.92062 2.8365
-3.21018 1.16261
-2.70161 3.27534
-2.87156 1.49197
-3.14186 -1.91614
-2.12113 3.62917
-2.00425 -2.58608
-2.42076 5.22147
-3.0818 0.587684
-2.83565 3.57823
-3.2154 0.617796
-2.63247 3.44585
-2.29029 2.21443
-2.20634 -1.34666
-3.11922 -3.16589
-1.58743 2.4363
-2.54365 0.268008
-2.10687 1.12917
-2.27504 0.65217
-2.17968 0.587245
-2.24955 1.03977
-2.19988 0.170816
-2.32436 1.52726
-2.18815 -0.668445
-3.01221 -0.267108
-2.81155 3.86924
-3.1967 0.703981
-2.68028 3.43666
-2.87858 1.47084
-3.15898 -1.91863
-2.08105 3.54573
-2.0821 -2.5358
-2.55739 5.07235
-3.10494 0.654217
-2.80443 3.56635
-3.23227 -0.0336644
-2.4838 3.57017
-1.89995 -0.566142
-2.92138 -3.9191
-1.54628 2.58407
-2.5548 0.041397
-2.21282 1.66842
-2.24973 -0.43801
-2.69792 1.62982
-1.99499 0.753472
-2.45051 1.44613
-2.1081 -0.814234
-3.00491 -2.7084
-2.01497 3.70555
-2.05884 -2.66673
-2.38563 5.19934
-3.0721 0.577041
-2.85421 3.56144
-3.2 0.895345
-2.69757 3.36831
-2.95642 1.04313
-3.25617 1.0889
-2.55609 3.33281
-1.91276 0.0316345
-3.00717 -0.740655
-2.66787 4.1318
-3.18711 -0.774844
-2.40822 3.73109
-1.8882 -1.1816
-3.32995 -1.65809
-1.59792 2.10385
-2.57765 0.710869
-2.04278 0.453223
-2.47774 1.5787
-2.08778 -0.948711
-2.9724 -3.50325
-1.68686 2.97586
-2.49038 -0.899866
-3.06634 -1.6767
-2.31542 3.99433
-1.86343 -1.48586
-3.35495 1.33914
-1.94462 2.78624
-2.39142 -1.08159
-3.03968 -2.6292
-2.00309 3.62391
-2.11379 -2.58648
-2.52274 5.0854
-3.11378 0.48348
-2.76436 3.6376
-3.21789 -0.689243
-2.36314 3.64522
-1.88335 -1.79712
-3.16026 3.36711
-2.41368 3.08357
-1.954 -1.92432
-3.13214 3.48679
-2.51047 3.04027
-1.93169 -1.25529
-3.3225 -1.71009
-1.60777 2.15643
-2.5613 0.650014
-2.0502 0.468265
-2.45631 1.56329
-2.10333 -0.939584
-2.97644 -3.37183
-1.74663 3.14121
-2.44919 -1.35643
-3.17097 -2.67378
-1.69672 2.71411
-2.49399 -0.369163
-2.52253 1.98406
-2.03481 -1.1991
-3.14843 -3.16131
-1.52514 2.15484
-2.61839 0.645819
-2.05305 0.879012
-2.33817 1.16558
-2.16555 -0.287949
-2.71227 1.54014
-2.02379 1.0723
-2.34357 1.05035
-2.15743 -0.161876
-2.61343 1.69795
-1.99475 -0.457404
-3.01261 -2.22479
-2.18939 3.97323
-1.83506 -2.34873
-2.4534 5.31264
-3.04642 0.99297
-2.97508 3.17649
-3.08901 1.9447
-2.949 2.8857
-3.15613 1.69835
-2.83848 3.04862
-3.2378 -0.639157
-2.32103 3.58647
-1.89175 -2.12303
-2.8135 4.75513
-2.90348 2.08517
-3.25545 -0.726758
-2.23536 3.50945
-1.9573 -2.42113
-2.55439 5.15194
-3.07411 0.916762
-2.89823 3.3825
-3.17194 1.32375
-2.78781 3.2155
-3.18307 -1.30209
-2.25784 3.68343
-1.88832 -2.32365
-2.56849 5.17953
-3.04811 1.13056
-2.98368 3.11252
-3.08225 2.00466
-2.96127 2.8419
-3.13959 1.8372
-2.87107 2.9775
-3.2478 0.134019
-2.47218 3.5208
-1.90189 -0.88521
-3.08969 -3.57241
-1.45876 1.97307
-2.72843 0.599637
-2.4342 2.13374
-2.09119 -1.47032
-3.30139 -1.80704
-1.65076 2.34941
-2.51714 0.344807
-2.08919 0.863771
-2.30258 1.04819
-2.17641 -0.0321289
-2.47101 1.74899
-2.08737 -1.11757
-3.0301 -3.59885
-1.54956 2.43348
-2.5621 0.294463
-2.10589 1.16977
-2.27553 0.606603
-2.18038 0.650405
-2.24257 0.952611
-2.1998 0.307487
-2.28028 1.34766
-2.20231 -0.315051
-2.65753 1.67367
-1.97891 0.066449
-2.88313 0.726804
-3.21693 -1.70881
-2.0044 3.33376
-2.24339 -2.19328
-3.06128 3.67453
-2.7743 2.6662
-2.9752 0.859002
-3.1944 1.95029
-2.75706 3.02204
-3.07672 -0.138752
-2.70323 3.90078
-3.18874 -0.928661
-2.36236 3.72002
-1.87902 -1.67919
-3.25623 2.63404
-2.21326 3.07076
-2.13356 -2.15915
-3.0586 3.75732
-2.73155 2.74026
-2.48387 2.26424
-2.03677 -1.48884
-3.34767 -1.0864
-1.70552 2.42151
-2.48959 0.147617
-2.1341 1.19423
-2.26024 0.457237
-2.19915 0.922589
-2.22112 0.520486
-2.22222 0.972307
-2.2102 0.363276
-2.25584 1.23515
-2.207 -0.0914839
-2.45391 1.7697
-2.09952 -1.14396
-3.03774 -3.56653
-1.55238 2.43243
-2.56082 0.2949
-2.10521 1.16148
-2.27593 0.619617
-2.17981 0.630354
-2.24487 0.981607
-2.1997 0.261802
-2.2933 1.40971
-2.19935 -0.4331
-2.78833 1.34624
-2.61454 2.08951
-1.97335 -0.58607
-2.95462 -3.30696
-1.80667 3.33227
-2.37835 -1.86858
-3.31377 1.34391
-2.23179 3.21582
-2.06749 -2.29614
-2.83848 4.58693
-2.96169 1.88724
-3.22838 1.27222
-2.65962 3.25865
-2.29324 2.20561
-2.20456 -1.34447
-3.11826 -3.17198
-1.58663 2.43492
-2.54412 0.270832
-2.10623 1.12538
-2.27547 0.659503
-2.17934 0.575409
-2.25126 1.05695
-2.19988 0.142897
-2.33562 1.56156
-2.18276 -0.740142
-3.03999 -0.99028
-2.53684 4.14629
-2.72519 2.03376
-2.05495 1.41466
-2.30655 0.518338
-2.16569 0.678913
-2.25213 0.97387
-2.19603 0.243532
-2.30366 1.4449
-2.19588 -0.508709
-2.87418 0.971017
-3.16039 -2.04228
-2.02432 3.45964
-2.17504 -2.40282
-2.78516 4.65349
-3.03747 1.4783
-3.03295 2.84213
-3.02933 2.30311
-3.05076 2.49735
-3.01326 2.51344
-3.07218 2.32946
-2.98257 2.65143
-3.11868 2.04634
-2.9101 2.8608
-3.22295 0.954925
-2.65339 3.34364
-2.35706 2.27149
-2.14533 -1.54682
-3.31292 -1.57537
-1.69128 2.4558
-2.49563 0.113193
-2.1453 1.28257
-2.25758 0.302143
-2.22313 1.16678
-2.21756 0.119077
-2.32072 1.54804
-2.19085 -0.681035
-3.01647 -0.336844
-2.77821 3.9333
-3.21102 0.336921
-2.59987 3.52738
-2.11389 1.84773
-2.30078 -0.263481
-2.44097 1.84817
-2.10604 -1.21769
-3.08509 -3.4046
-1.54413 2.32931
-2.57545 0.449732
-2.07368 0.92806
-2.3106 1.03169
-2.17195 -0.0381342
-2.48407 1.75121
-2.07745 -1.10714
-3.03114 -3.60813
-1.54334 2.40863
-2.5673 0.335226
-2.09679 1.11395
-2.28167 0.712978
-2.17577 0.479004
-2.26918 1.19954
-2.19921 -0.098733
-2.47363 1.7741
-2.08429 -1.13864
-3.04615 -3.56073
-1.54076 2.37616
-2.57183 0.38429
-2.08635 1.03912
-2.29156 0.847378
-2.17324 0.262855
-2.32802 1.48654
-2.18474 -0.633082
-2.99509 -0.0203296
-2.94285 3.51144
-3.09828 1.72295
-2.9243 3.01753
-3.1814 1.41753
-2.77864 3.17477
-3.15789 -1.36018
-2.29047 3.76083
-1.86692 -2.11307
-2.78352 4.84019
-2.91635 2.01288
-3.26682 -0.319979
-2.30723 3.50575
-1.91352 -2.22977
-2.72022 4.94121
-2.98664 1.65301
-3.17728 1.92092
-2.8028 2.98474
-3.16548 -1.44226
-2.24823 3.71395
-1.88376 -2.3404
-2.54168 5.21042
-3.05339 1.05827
-2.96317 3.19371
-3.10396 1.87136
-2.92404 2.94316
-3.19123 1.34802
-2.75529 3.20388
-3.125 -0.971947
-2.44871 3.90896
-1.8938 0.11382
-3.0021 -0.666783
-2.70438 4.09452
-3.20771 -0.422109
-2.45577 3.66513
-1.89524 -0.718147
-2.98149 -3.93923
-1.46066 2.15519
-2.66223 0.587326
-2.12107 1.46397
-2.27649 0.183689
-2.23293 1.29562
-2.22023 -0.0750087
-2.41945 1.75118
-2.12635 -1.11093
-3.00574 -3.57439
-1.60116 2.65346
-2.53077 -0.128374
-2.30983 1.87771
-2.20259 -1.02014
-3.00568 -2.96536
-1.90098 3.47524
-2.26798 -2.28084
-2.958 4.0977
-2.91721 2.18788
-3.26552 -0.00640606
-2.38413 3.50364
-1.89716 -1.8291
-3.14932 3.42517
-2.4432 3.07332
-1.94333 -1.77387
-3.25556 2.57956
-2.24937 3.10529
-2.08572 -2.21459
-2.95589 4.21467
-2.84973 2.38099
-3.16316 -1.64987
-2.17836 3.65527
-1.94438 -2.53067
-2.41056 5.26483
-3.06831 0.714613
-2.88405 3.47238
-3.17797 1.21426
-2.76849 3.25926
-3.15725 -1.32262
-2.30367 3.77059
-1.86631 -2.02534
-2.886 4.57667
-2.81521 2.41422
-3.10342 -0.769298
-2.52205 3.97037
-2.16934 2.04308
-2.28515 -0.731071
-2.97633 0.293469
-3.09962 2.77374
-2.92534 2.53264
-3.2373 0.854108
-2.6047 3.37439
-2.00665 1.3509
-2.33768 0.785964
-2.1496 0.200609
-2.38998 1.61123
-2.14921 -0.923209
-3.00159 -2.89169
-1.93999 3.56453
-2.19728 -2.46781
-2.71356 4.78528
-3.08331 1.10743
-2.90082 3.31061
-3.17797 1.30552
-2.77636 3.22117
-3.16321 -1.34978
-2.2838 3.74451
-1.86962 -2.16535
-2.72584 4.95738
-2.96226 1.77284
-3.2338 1.22855
-2.64106 3.27665
-2.1398 1.90248
-2.2931 -0.436614
-2.62847 1.7775
-1.98379 -0.346774
-3.02458 -1.67877
-2.35231 4.12767
-1.87469 -0.545164
-2.92353 -4.01133
-1.49917 2.40181
-2.59027 0.351409
-2.1054 1.23359
-2.2763 0.530715
-2.183 0.758262
-2.23359 0.799455
-2.20163 0.54119
-2.23588 1.01738
-2.20522 0.252149
-2.28944 1.40583
-2.20102 -0.415282
-2.76579 1.42134
-2.33148 2.12892
-2.17879 -1.35328
-3.14014 -3.08434
-1.57901 2.37363
-2.55224 0.37183
-2.08447 0.954135
-2.29847 0.957933
-2.17411 0.0955403
-2.39878 1.66444
-2.14296 -0.994989
-2.98627 -3.28317
-1.77646 3.20669
-2.4243 -1.54872
-3.29629 -1.48359
-1.79358 2.77149
-2.45709 -0.666762
-2.8994 0.992666
-3.23835 -1.40137
-2.05798 3.37441
-2.1805 -2.32792
-2.88135 4.40156
-2.9647 1.92651
-3.21911 1.38926
-2.69089 3.21476
-2.62737 2.16585
-1.96335 -0.423747
-2.99224 -2.61929
-2.06454 3.81776
-1.95537 -2.70191
-2.23982 5.27778
-2.85604 1.77418
-3.1237 -1.61531
-2.26446 3.81738
-1.85912 -2.18386
-2.68587 5.03511
-2.98318 1.63681
-3.18749 1.82944
-2.77921 3.03336
-3.13309 -1.19586
-2.37897 3.86799
-1.8805 -1.15162
-3.32273 -1.77573
-1.5849 2.07087
-2.59454 0.742082
-2.03806 0.511557
-2.46169 1.55017
-2.09971 -0.925993
-2.97607 -3.35224
-1.75682 3.16952
-2.44016 -1.43545
-3.22728 -2.26384
-1.72016 2.69445
-2.48519 -0.370724
-2.51212 1.98282
-2.04234 -1.23341
-3.16812 -3.03852
-1.53492 2.1614
-2.61013 0.644614
-2.05021 0.807957
-2.35387 1.25431
-2.1617 -0.437596
-2.8695 0.970483
-3.14729 -2.07519
-2.04226 3.50933
-2.13591 -2.47993
-2.66682 4.89993
-3.08833 0.992057
-2.87852 3.38269
-3.19705 1.05078
-2.71945 3.31438
-3.05899 0.143731
-2.80086 3.76417
-3.21776 0.364503
-2.59023 3.51184
-2.03886 1.54928
-2.31771 0.41624
-2.16527 0.804943
-2.244 0.811928
-2.1961 0.484177
-2.24825 1.11708
-2.20407 0.0804814
-2.35741 1.62489
-2.17068 -0.868321
-3.02847 -2.27581
-2.15639 3.89351
-1.8642 -2.52536
-2.30476 5.34511
-2.98875 1.18889
-3.17111 2.08791
-2.81336 2.92289
-3.17487 -1.44528
-2.22684 3.67708
-1.90427 -2.424
-2.47607 5.25306
-3.06766 0.847899
-2.90399 3.39473
-3.16276 1.39745
-2.80823 3.18644
-3.21386 -1.02882
-2.27155 3.62434
-1.89851 -2.30577
-2.60563 5.12905
-3.03943 1.23422
-3.01528 2.97616
-3.04735 2.18833
-3.02037 2.64042
-3.05546 2.33331
-3.00727 2.60623
-3.07807 2.26577
-2.97345 2.6962
-3.13164 1.94935
-2.88761 2.9184
-3.24235 0.473653
-2.54437 3.46396
-1.91239 0.230222
-2.92835 0.331072
-3.26507 1.1588
-2.52033 3.32791
-1.91084 -0.637269
-2.93405 -3.9402
-1.52098 2.47037
-2.57276 0.245209
-2.12888 1.33993
-2.26745 0.301832
-2.21478 1.13609
-2.2198 0.190234
-2.2913 1.4473
-2.20214 -0.46986
-2.82216 1.22015
-3.02465 0.292773
-2.92673 3.48981
-3.12163 1.62108
-2.88415 3.08608
-3.22849 0.715708
-2.61408 3.41122
-2.08543 1.73617
-2.30567 -0.00685354
-2.27119 1.53317
-2.21599 -0.498799
-2.82743 1.20761
-3.05655 -0.115424
-2.74604 3.89013
-3.21916 -0.309238
-2.45649 3.62917
-1.89664 -0.816278
-3.04489 -3.75648
-1.45166 2.0154
-2.71677 0.596789
-2.34828 2.07577
-2.16837 -1.33256
-3.12933 -3.14953
-1.57287 2.36809
-2.5559 0.383602
-2.08267 0.948927
-2.30046 0.97139
-2.17379 0.0716345
-2.41219 1.68539
-2.13314 -1.03573
-2.98489 -3.46226
-1.68936 2.9651
-2.49013 -0.879677
-3.06687 -1.47411
-2.37414 4.03735
-1.87835 -0.608395
-2.94357 -4.01469
-1.47384 2.26924
-2.62557 0.508058
-2.08977 1.21307
-2.28517 0.621351
-2.17459 0.596077
-2.25305 1.04789
-2.19867 0.147275
-2.33554 1.55923
-2.18274 -0.7373
-3.03947 -0.964533
-2.54488 4.14548
-2.80402 1.8111
-2.83159 1.5749
-3.06203 -0.143693
-2.72835 3.90556
-3.21188 -0.571206
-2.40951 3.66231
-1.89027 -1.33543
-3.37935 -0.395518
-1.72459 2.3815
-2.48127 0.180138
-2.12586 1.10797
-2.26364 0.597951
-2.18769 0.704804
-2.23301 0.850881
-2.20228 0.475938
-2.24376 1.10548
-2.20549 0.112152
-2.34068 1.58523
-2.18034 -0.780821
-3.04397 -1.39804
-2.4169 4.12045
-1.90477 0.575264
-2.73541 1.23362
-2.15076 1.72444
-2.27903 -0.257921
-2.46528 1.84313
-2.08726 -1.20717
-3.09453 -3.38299
-1.53596 2.28334
-2.58649 0.510923
-2.06528 0.879923
-2.3247 1.12019
-2.16978 -0.192397
-2.61202 1.70961
-1.99497 -0.477629
-3.00769 -2.35663
-2.14777 3.92321
-1.8573 -2.53216
-2.28744 5.35064
-2.96766 1.30306
-3.23413 1.37143
-2.64361 3.24384
-2.12516 1.85534
-2.29668 -0.318333
-2.49659 1.86454
-2.06202 -1.18434
-3.10293 -3.36887
-1.526 2.23133
-2.60145 0.57091
-2.05925 0.875245
-2.33185 1.14765
-2.16774 -0.247579
-2.66792 1.63071
-1.98022 0.239128
-2.75899 1.25481
-2.30995 2.0902
-2.19763 -1.25866
-3.05705 -3.40638
-1.59634 2.56119
-2.53461 0.0471664
-2.18947 1.56161
-2.25381 -0.217494
-2.46938 1.82327
-2.08514 -1.18646
-3.08028 -3.44315
-1.53508 2.30211
-2.5842 0.487082
-2.06893 0.911166
-2.31706 1.06994
-2.17085 -0.106576
-2.53719 1.75697
-2.03885 -0.982357
-2.9909 -3.7231
-1.5505 2.49573
-2.55737 0.192963
-2.13797 1.36129
-2.26425 0.237554
-2.2308 1.24601
-2.21839 -0.00720152
-2.38098 1.69289
-2.1552 -0.993961
-2.99079 -3.19154
-1.81475 3.29761
-2.38373 -1.80675
-3.33591 0.767644
-2.11715 3.15161
-2.2041 -2.11805
-3.13697 3.28236
-2.63011 2.95929
-1.94296 0.602428
-2.62563 1.45668
-1.99826 -0.160815
-2.97992 -0.0739705
-2.98062 3.39546
-3.06049 1.93069
-2.99462 2.81391
-3.08682 2.13563
-2.95839 2.78004
-3.15097 1.78167
-2.85078 3.00843
-3.24529 -0.391792
-2.36443 3.5706
-1.8901 -1.88732
-3.07977 3.81496
-2.56147 2.96709
-1.9284 -0.708937
-2.94791 -3.92036
-1.51345 2.42047
-2.58102 0.323756
-2.1075 1.22639
-2.27504 0.530621
-2.18379 0.762694
-2.23286 0.790429
-2.20204 0.556046
-2.23391 0.995307
-2.20533 0.287594
-2.27917 1.35708
-2.20332 -0.322135
-2.66261 1.66603
-1.97864 0.142811
-2.8311 0.992416
-3.08965 -0.840713
-2.51939 4.0122
-2.22443 2.15899
-2.25505 -1.0776
-3.01376 -2.94272
-1.89997 3.46033
-2.27496 -2.25318
-2.99111 3.96662
-2.88131 2.33474
-3.23375 -1.07342
-2.19651 3.53124
-1.98098 -2.48246
-2.51276 5.17632
-3.08639 0.741596
-2.84985 3.50784
-3.21162 0.748271
-2.65724 3.40937
-2.52886 2.27867
-2.00431 -1.31595
-3.28027 -2.15707
-1.59132 2.18134
-2.56824 0.626394
-2.05062 0.547321
-2.42442 1.50583
-2.12576 -0.859929
-3.00403 -2.77292
-1.98881 3.65774
-2.10792 -2.61754
-2.48214 5.12032
-3.11059 0.408622
-2.75675 3.67062
-3.21423 -0.739744
-2.35827 3.6541
-1.88212 -1.82066
-3.13566 3.51858
-2.45867 3.0596
-1.94037 -1.68222
-3.31541 1.89705
-2.09511 3.00311
-2.26343 -1.86074
-3.33702 1.00751
-2.10462 3.10784
-2.22858 -2.0348
-3.22362 2.62452
-2.45719 3.15388
-1.92914 -1.63012
-3.33502 1.60874
-2.03206 2.93092
-2.32526 -1.58339
-3.28989 -1.69536
-1.7373 2.63521
-2.47832 -0.289878
-2.40788 1.95751
-2.12671 -1.30332
-3.13703 -3.14534
-1.5577 2.29964
-2.57162 0.486811
-2.06666 0.830344
-2.33037 1.17238
-2.16967 -0.273061
-2.6881 1.59486
-1.98849 0.587341
-2.52974 1.5355
-2.0525 -0.813816
-2.9669 -3.34699
-1.7718 3.22326
-2.42313 -1.57819
-3.31143 -1.22263
-1.82427 2.81521
-2.44394 -0.821519
-3.03795 -0.390898
-2.71201 3.99969
-3.20766 -0.567119
-2.42015 3.67318
-1.89161 -1.18562
-3.32832 -1.67806
-1.59728 2.10508
-2.57788 0.709675
-2.04281 0.456643
-2.47612 1.57692
-2.08898 -0.948016
-2.97257 -3.49416
-1.69116 2.98845
-2.48792 -0.933619
-3.06318 -1.96204
-2.2281 3.91332
-1.84468 -2.24851
-2.58484 5.18798
-3.02576 1.2978
-3.05832 2.77967
-2.9954 2.40366
-3.11199 2.17823
-2.92306 2.7877
-3.2123 1.1555
-2.69613 3.2785
-2.81028 1.73343
-2.89435 1.29047
-3.20767 -1.66874
-2.05127 3.41984
-2.16783 -2.37912
-2.81124 4.5968
-3.01748 1.61204
-3.08964 2.54314
-2.95587 2.5792
-3.17739 1.63642
-2.79794 3.08556
-3.17594 -1.38297
-2.24623 3.69024
-1.89099 -2.36013
-2.52995 5.21719
-3.05823 1.00592
-2.94548 3.25576
-3.12249 1.74518
-2.89101 3.02051
-3.22842 0.760191
-2.6194 3.39911
-2.10918 1.81918
-2.30104 -0.208176
-2.39564 1.80601
-2.14272 -1.13768
-3.01163 -3.54737
-1.60519 2.65854
-2.52912 -0.14199
-2.31981 1.89301
-2.19575 -1.06563
-2.99773 -3.21454
-1.79345 3.23362
-2.41044 -1.63488
-3.33078 -0.781802
-1.87691 2.88606
-2.41766 -1.08677
-3.04145 -2.69794
-1.97024 3.55956
-2.17506 -2.48686
-2.68061 4.85483
-3.09234 0.989094
-2.87078 3.39168
-3.20499 0.936022
-2.69224 3.35167
-2.87983 1.45947
-3.16229 -1.91267
-2.07542 3.53219
-2.09396 -2.52169
-2.58444 5.03584
-3.10291 0.727399
-2.81839 3.53179
-3.23109 0.181902
-2.52802 3.53556
-1.90786 0.146613
-2.97589 -0.172064
-2.96208 3.47997
-3.07638 1.8296
-2.96404 2.91904
-3.12753 1.88079
-2.89096 2.95104
-3.2361 0.629983
-2.58326 3.43095
-1.96244 1.0268
-2.42411 1.28477
-2.12302 -0.611946
-3.03216 -0.865192
-2.584 4.14696
-3.06274 0.243378
-2.81359 3.71889
-3.21498 0.492679
-2.6158 3.48147
-2.18143 2.02801
-2.27874 -0.757634
-3.00104 0.00564419
-2.93005 3.54426
-3.11083 1.64572
-2.90109 3.06956
-3.20947 1.05757
-2.69459 3.30991
-2.84217 1.61736
-3.09853 -0.892718
-2.49715 3.9884
-2.03766 1.61175
-2.32019 0.342557
-2.17082 0.917418
-2.23738 0.645096
-2.20214 0.735657
-2.22154 0.751403
-2.20893 0.652696
-2.22081 0.83586
-2.20874 0.544085
-2.22969 0.986164
-2.20702 0.315877
-2.26994 1.31243
-2.20508 -0.2361
-2.57521 1.76974
-2.01338 -0.800552
-2.95218 -3.62971
-1.65119 2.89584
-2.50745 -0.678719
-2.98076 0.42166
-3.11129 2.67898
-2.91009 2.5941
-3.24976 0.491189
-2.52405 3.45556
-1.90577 -0.213274
-2.99179 -2.4853
-2.11562 3.90486
-1.87891 -2.61928
-2.22755 5.32996
-2.85033 1.80922
-3.11741 -1.42817
-2.33229 3.88286
-1.8677 -1.60857
-3.29372 2.25778
-2.1194 3.00193
-2.24284 -1.9148
-3.31246 1.55752
-2.2059 3.16985
-2.10971 -2.24903
-2.93443 4.27525
-2.88479 2.25888
-3.23365 -1.10196
-2.18687 3.52364
-1.99263 -2.49023
-2.51789 5.16469
-3.08885 0.728129
-2.84323 3.51874
-3.21633 0.649208
-2.63462 3.43603
-2.29738 2.22226
-2.20025 -1.37412
-3.14554 -3.03686
-1.5887 2.40017
-2.54531 0.324646
-2.09333 1.01774
-2.28727 0.844812
-2.1752 0.281118
-2.31912 1.45856
-2.18848 -0.573998
-2.94696 0.479607
-3.23756 1.54924
-2.62901 3.21658
-2.01731 1.38902
-2.32919 0.699145
-2.15183 0.346078
-2.3308 1.44931
-2.18187 -0.598825
-2.9752 0.209
-3.08283 2.88455
-2.94755 2.448
-3.2083 1.34888
-2.7178 3.21369
-2.95966 1.00965
-3.24785 1.24746
-2.5925 3.292
-1.9402 0.721003
-2.57108 1.4731
-2.02734 -0.583592
-3.00709 -2.45727
-2.1116 3.86817
-1.89732 -2.63673
-2.23444 5.31812
-2.86273 1.76013
-3.13359 -1.77089
-2.19347 3.72896
-1.90501 -2.49462
-2.39719 5.29612
-3.05611 0.809671
-2.92714 3.35697
-3.13648 1.60858
-2.86248 3.09216
-3.24438 0.172323
-2.4896 3.51963
-1.90214 -0.622714
-2.9336 -3.96154
-1.51122 2.43353
-2.58078 0.304302
-2.11372 1.26613
-2.27246 0.455853
-2.19077 0.883044
-2.22574 0.605677
-2.21185 0.835065
-2.21375 0.581203
-2.22231 0.91529
-2.20882 0.435401
-2.24395 1.13825
-2.20702 0.071322
-2.35735 1.6292
-2.17077 -0.872913
-3.02735 -2.31003
-2.14519 3.87953
-1.87421 -2.56123
-2.2812 5.33894
-2.95948 1.33878
-3.25254 1.05457
-2.56862 3.33649
-1.91907 0.314121
-2.86443 0.764775
-3.15195 -2.12086
-2.0108 3.45185
-2.19048 -2.37775
-2.82334 4.55374
-3.01546 1.63843
-3.09524 2.50567
-2.94799 2.60693
-3.18972 1.50348
-2.76728 3.14519
-3.13363 -1.15384
-2.38995 3.87076
-1.88258 -1.00292
-3.21916 -2.82943
-1.49972 1.92797
-2.71265 0.686343
-2.25905 1.94846
-2.23471 -0.940686
-3.03804 -2.15043
-2.19075 3.92106
-1.84619 -2.39569
-2.41876 5.32495
-3.04674 0.93753
-2.96811 3.21239
-3.09548 1.89897
-2.93756 2.91941
-3.17176 1.55275
-2.80425 3.1169
-3.19456 -1.26303
-2.24368 3.64892
-1.90438 -2.38544
-2.52084 5.21713
-3.06407 0.947109
-2.92465 3.32205
-3.14389 1.57887
-2.84983 3.10586
-3.2456 -0.148825
-2.42132 3.55812
-1.89611 -1.42559
-3.38099 0.308728
-1.81195 2.56545
-2.44877 -0.325078
-2.42599 1.94937
-2.11245 -1.30773
-3.15399 -3.06347
-1.55668 2.26877
-2.57646 0.527383
-2.06111 0.781061
-2.34542 1.24745
-2.16576 -0.406475
-2.83069 1.15849
-3.07486 -0.439927
-2.63535 3.99197
-3.11847 -0.539726
-2.55888 3.90968
-2.3953 2.3268
-2.10435 -1.63035
-3.36132 -0.462087
-1.8035 2.64233
-2.45325 -0.444228
-2.5758 1.9278
-2.00411 -0.888867
-2.97176 -3.78416
-1.54804 2.51526
-2.55735 0.161205
-2.15129 1.42975
-2.26192 0.0986236
-2.27425 1.46548
-2.21123 -0.431132
-2.76238 1.43869
-2.29561 2.08524
-2.20847 -1.21396
-3.02873 -3.43895
-1.6308 2.71877
-2.51862 -0.286947
-2.45842 2.00528
-2.08209 -1.35145
-3.22193 -2.62623
-1.57655 2.23129
-2.56991 0.57003
-2.05576 0.660368
-2.38037 1.39147
-2.1519 -0.66059
-3.03199 -0.773679
-2.61145 4.12918
-3.12089 -0.516475
-2.56137 3.90048
-2.402 2.3284
-2.09807 -1.63291
-3.3632 -0.379167
-1.81154 2.65419
-2.4503 -0.48507
-2.63036 1.86303
-1.9788 -0.358716
-3.02081 -1.87374
-2.29622 4.08506
-1.8595 -1.41153
-3.37593 0.770483
-1.85596 2.63314
-2.4329 -0.558178
-2.72287 1.67406
-2.04183 1.25907
-2.31568 0.760951
-2.15946 0.300197
-2.3349 1.48108
-2.18075 -0.647033
-3.00706 -0.194612
-2.84939 3.78487
-3.17316 1.06165
-2.76089 3.32651
-3.15816 -1.29625
-2.31035 3.77243
-1.86683 -1.98113
-2.93804 4.41225
-2.75336 2.59767
-2.63301 2.12669
-1.96355 -0.352755
-3.01143 -2.16059
-2.21208 4.0066
-1.83143 -2.20281
-2.61534 5.15795
-3.00752 1.4389
-3.11781 2.42169
-2.91251 2.68789
-3.2388 0.735384
-2.58803 3.40433
-1.96458 1.03973
-2.4182 1.26764
-2.12616 -0.584546
-3.02266 -0.578014
-2.68829 4.0713
-3.19708 -0.700916
-2.40805 3.70368
-1.88884 -1.25394
-3.36046 -1.07598
-1.65282 2.22309
-2.52457 0.529894
-2.06751 0.532398
-2.40058 1.48304
-2.14129 -0.802056
-3.02938 -2.15809
-2.19672 3.94734
-1.83969 -2.34693
-2.46307 5.30336
-3.04798 0.994085
-2.97092 3.18887
-3.09368 1.91906
-2.94107 2.90626
-3.16736 1.59733
-2.81441 3.09666
-3.20968 -1.12118
-2.25245 3.62234
-1.90798 -2.36848
-2.5461 5.19091
-3.06059 1.0102
-2.94013 3.26761
-3.12865 1.70394
-2.87982 3.04315
-3.23733 0.525182
-2.56601 3.45553
-1.93371 0.696891
-2.59726 1.45996
-2.01232 -0.405871
-3.02898 -1.48171
-2.40669 4.15327
-1.90239 0.554281
-2.75423 1.18163
-2.29362 2.06105
-2.21069 -1.18071
-3.01498 -3.42313
-1.66193 2.83794
-2.50536 -0.569067
-2.8377 1.32719
-3.08761 -0.684302
-2.55991 4.00614
-2.64059 2.19043
-1.9577 -0.22806
-3.02358 -1.42861
-2.42745 4.17661
-1.95172 1.13204
-2.41555 1.21119
-2.12615 -0.514239
-2.98976 -0.0223893
-2.96114 3.45309
-3.08083 1.82708
-2.95667 2.93181
-3.13835 1.80657
-2.87153 2.99221
-3.24681 0.183189
-2.48421 3.51461
-1.90234 -0.722386
-2.97579 -3.94084
-1.46754 2.19303
-2.64727 0.570558
-2.09883 1.31944
-2.28141 0.453502
-2.18498 0.856976
-2.22944 0.663122
-2.2065 0.741282
-2.21851 0.72634
-2.21134 0.698283
-2.2169 0.764547
-2.21149 0.653673
-2.21895 0.824434
-2.20976 0.566453
-2.22667 0.951159
-2.20744 0.372175
-2.25684 1.23217
-2.2064 -0.0917076
-2.45516 1.77
-2.09856 -1.14406
-3.03851 -3.56571
-1.55147 2.42788
-2.56162 0.302436
-2.1034 1.15004
-2.27706 0.641191
-2.17873 0.595709
-2.24941 1.03213


