-0.486624 3.38871
-0.415614 -1.58997
-0.713197 3.32754
0.00173886 -1.15023
-1.04855 3.26929
0.555811 -0.546028
-1.72185 0.418288
-0.407399 0.350308
-1.48304 -0.280374
-1.20537 0.42086
-1.37055 0.0535856
-1.30081 0.34128
-1.33216 0.060475
-1.31416 0.414769
-1.29712 -0.074786
-1.28558 0.652077
-1.11086 -0.33085
-1.16316 1.28228
0.51766 2.176
0.113588 -0.222746
-1.66378 0.472237
-0.530133 0.165451
-1.53816 0.755648
-0.392468 0.299424
-1.53415 -0.117841
-1.19823 0.168087
-1.36689 0.521543
-1.16218 -0.253732
-1.2062 1.11311
0.0509242 1.0045
1.16571 2.36038
-0.66332 -0.962473
-0.863119 2.54673
1.08888 0.491854
0.5381 1.42644
0.751651 0.935232
0.876334 1.61075
0.443863 0.649474
1.01531 2.31877
-0.36112 -0.632446
-1.09731 2.44866
1.36182 1.0505
-0.0824198 0.123499
-1.47437 -0.434911
-1.1694 0.558042
-1.32256 -0.177328
-1.25212 0.702522
-1.07018 -0.353826
-1.14598 1.37838
0.700585 2.75308
-0.648272 -1.19359
-0.778246 2.72299
0.813119 0.0366966
0.288927 1.11261
1.08344 1.6684
0.220391 0.407975
0.612079 2.02376
0.222822 0.0241852
-0.972426 -0.64659
-0.995978 1.78969
1.32105 2.87842
-1.70027 -1.26754
-0.865328 0.535658
-1.44263 -0.097999
-1.2524 0.349326
-1.35983 0.121602
-1.31194 0.277024
-1.33539 0.144422
-1.32409 0.296034
-1.32546 0.0939715
-1.32169 0.385043
-1.30332 -0.0395285
-1.29571 0.598669
-1.16955 -0.295654
-1.18885 1.13685
0.123001 1.15602
1.1589 1.84065
-0.0428305 -0.0212181
-1.62279 0.090967
-1.03333 -0.103476
-1.26555 1.1757
0.262243 1.50115
0.877548 0.945365
0.788364 1.53187
0.548959 0.77055
1.0125 2.00918
-0.00656306 -0.0649198
-1.63503 0.161669
-0.964687 -0.124158
-1.25429 1.2997
0.549905 2.30902
-0.0400236 -0.439687
-1.42138 1.77574
1.22132 3.36706
-1.99165 -0.781534
-0.351425 0.668201
-0.131433 0.497121
-0.0712067 0.574638
0.444298 1.68504
0.606183 0.552763
0.94152 2.22249
-0.167026 -0.37873
-1.37604 1.81303
1.26158 3.2768
-1.96801 -0.813464
-0.43803 0.55078
-1.0008 -0.550715
-1.04329 1.66698
1.15937 3.22811
-1.79791 -1.25816
-0.782565 0.437901
-1.50139 0.14544
-1.20136 -0.0205042
-1.30661 0.783847
-0.835234 -0.25579
-1.18673 1.6249
1.03872 3.36658
-1.79588 -1.34588
-0.760706 0.485048
-1.48113 -0.0345022
-1.23855 0.200213
-1.36359 0.398677
-1.25797 -0.113948
-1.27272 0.778345
-0.894991 -0.302467
-1.15837 1.60711
1.0233 3.3503
-1.76151 -1.39954
-0.778579 0.53511
-1.4417 -0.174811
-1.23898 0.425553
-1.34903 0.00324952
-1.29885 0.449021
-1.29331 -0.108592
-1.27485 0.697167
-1.05237 -0.344968
-1.14764 1.40254
0.737706 2.86916
-0.830473 -1.37595
-0.698376 2.45761
0.993096 0.419194
0.633996 1.66611
0.524055 0.570034
0.966977 2.30314
-0.286565 -0.54915
-1.18003 2.29303
1.47037 1.59756
-0.821506 -0.954866
-0.854492 2.271
1.30057 1.09051
0.118409 0.454742
0.542418 1.88257
0.383751 0.240103
0.465245 1.62171
0.646197 0.647164
0.956511 2.08168
-0.0267456 -0.1389
-1.6393 0.620892
-0.354618 0.390951
-1.33028 -0.537175
-1.12385 0.966013
-0.478141 0.0722429
-1.5147 0.982115
0.0882914 1.16501
1.17292 1.88712
-0.114316 -0.136427
-1.59855 0.912446
0.129789 1.28481
1.11185 1.53086
0.284944 0.566418
0.919842 2.53646
-0.534803 -0.930173
-0.903329 2.69837
0.986958 0.25629
0.511199 1.48325
0.726414 0.85279
0.910828 1.73947
0.323388 0.449013
0.800414 2.38368
-0.246898 -0.590979
-1.17468 2.35645
1.44861 1.40547
-0.590795 -0.674222
-1.0012 2.37505
1.34225 1.08628
-0.016964 0.225389
-0.950772 -0.59554
-1.01625 1.7918
1.31561 2.91115
-1.72356 -1.24535
-0.857191 0.494051
-1.46916 0.0222201
-1.24738 0.166627
-1.35561 0.435339
-1.24539 -0.152289
-1.25785 0.845032
-0.751635 -0.205707
-1.22736 1.6342
1.04077 3.38796
-1.82023 -1.30998
-0.740643 0.459649
-1.49615 0.0268525
-1.2261 0.107589
-1.34655 0.563606
-1.14548 -0.280182
-1.19186 1.17025
0.225969 1.39385
0.981263 1.1776
0.62248 1.1849
0.851598 1.28817
0.664109 1.1013
0.868159 1.40311
0.587615 0.94243
0.970462 1.69213
0.316575 0.490872
0.851057 2.45916
-0.374027 -0.747157
-1.03448 2.61862
1.19113 0.584384
0.379155 1.07086
1.04652 1.64293
0.282995 0.496839
0.834424 2.45658
-0.358226 -0.734234
-1.04681 2.60549
1.21266 0.627397
0.343779 0.988233
1.08723 1.85239
0.0571606 0.10353
-1.20336 -0.683495
-1.03277 1.33865
0.683241 2.64906
-0.502705 -1.02071
-0.877117 2.81885
0.832106 0.00154691
0.195245 0.916906
1.13353 2.25405
-0.460354 -0.708689
-1.02161 2.52255
1.25659 0.770599
0.264384 0.796801
1.08863 2.36459
-0.525559 -0.825011
-0.949383 2.60498
1.12336 0.498161
0.481213 1.3068
0.864375 1.14378
0.726846 1.28874
0.736177 1.11644
0.819262 1.36045
0.642545 1.00814
0.91832 1.55475
0.4565 0.718195
1.03758 2.20417
-0.25022 -0.449832
-1.2668 2.07078
1.47285 2.43869
-1.63005 -1.22384
-0.90842 0.629563
-1.3425 -0.318069
-1.20534 0.781816
-0.962633 -0.354376
-1.13353 1.56245
0.969815 3.31457
-1.66165 -1.52655
-0.791317 0.720177
-1.10127 -0.501707
-1.08374 1.43824
0.814459 3.04776
-1.14393 -1.59378
-0.673664 1.83379
1.36996 1.92917
-0.704159 -0.893738
-0.885372 2.43151
1.21005 0.766716
0.380378 1.01538
1.06286 1.75079
0.178088 0.307962
0.221277 1.11374
1.12005 1.76562
0.0894107 0.189347
-0.693108 -0.38797
-1.13018 1.93364
1.40236 2.68529
-1.68203 -1.22875
-0.88748 0.543707
-1.43443 -0.10811
-1.25374 0.378131
-1.35353 0.0686114
-1.30887 0.358949
-1.32205 0.0197395
-1.30828 0.487499
-1.26032 -0.174473
-1.25047 0.83596
-0.784106 -0.234983
-1.20445 1.64903
1.0671 3.37308
-1.83349 -1.27066
-0.731924 0.439283
-1.50612 0.0860649
-1.20931 0.0301178
-1.3245 0.703352
-0.972968 -0.314623
-1.15445 1.50639
0.883752 3.2253
-1.45641 -1.65013
-0.744862 1.15566
0.596624 2.27925
-0.0282962 -0.389811
-1.4729 1.60389
1.01361 3.51885
-1.91964 -1.15404
-0.589654 0.469577
-1.45179 -0.265859
-1.21643 0.482243
-1.33969 -0.0750502
-1.2819 0.558923
-1.22783 -0.248398
-1.21792 0.975058
-0.403441 0.198162
-1.58451 0.356363
-0.919265 -0.167674
-1.23158 1.41419
0.738968 2.91451
-0.893901 -1.43767
-0.679832 2.3455
1.07918 0.615916
0.595665 1.48207
0.681255 0.84303
0.939163 1.78312
0.267501 0.369131
0.598307 1.97483
0.274654 0.0999458
-0.394273 -0.0260084
-1.49777 1.16105
0.446085 2.07859
0.245002 -0.0648324
-1.26794 -0.709424
-1.04154 1.20758
0.385644 1.76153
0.575469 0.446792
0.882743 2.2967
-0.202875 -0.472404
-1.27951 2.07984
1.47741 2.42422
-1.62995 -1.22037
-0.909611 0.62816
-1.34445 -0.314281
-1.20682 0.774232
-0.978018 -0.358988
-1.13241 1.54229
0.94184 3.29038
-1.60172 -1.57925
-0.783495 0.843316
-0.652611 -0.209171
-1.24891 1.69541
1.12022 3.37331
-1.8914 -1.12628
-0.654862 0.410964
-1.52026 0.0731875
-1.19634 0.0185345
-1.32109 0.743178
-0.901063 -0.289006
-1.16558 1.58377
0.987981 3.34214
-1.71366 -1.47261
-0.788057 0.622145
-1.32568 -0.397168
-1.17497 0.881577
-0.728883 -0.206859
-1.23117 1.65195
1.06446 3.38774
-1.84522 -1.25363
-0.717978 0.433216
-1.50941 0.0891316
-1.20522 0.0214945
-1.32173 0.722537
-0.941155 -0.305829
-1.15731 1.54563
0.937415 3.29885
-1.6074 -1.57904
-0.782934 0.833417
-0.692141 -0.252043
-1.2113 1.74361
1.19253 3.28326
-1.89284 -1.06463
-0.657623 0.388203
-1.52897 0.161713
-1.16062 -0.0739224
-1.28452 0.925621
-0.489979 0.0924864
-1.52039 0.935174
-0.0123629 0.954675
1.12258 2.60274
-0.915637 -1.26098
-0.744684 2.23149
1.23727 0.98218
0.310002 0.819615
1.09319 2.24555
-0.380287 -0.615279
-1.09863 2.41885
1.37976 1.12721
-0.169628 -0.0318908
-1.61581 0.639369
-0.396989 0.320055
-1.5146 -0.190471
-1.2066 0.273163
-1.38213 0.329348
-1.27028 -0.0471256
-1.29565 0.677665
-1.05835 -0.335683
-1.15292 1.38337
0.706569 2.77522
-0.681542 -1.2296
-0.759956 2.68382
0.83265 0.0821161
0.38447 1.30501
0.92695 1.20182
0.655881 1.18891
0.830485 1.27334
0.685169 1.12531
0.845011 1.36084
0.627086 1.00417
0.928678 1.56871
0.439562 0.694337
1.03394 2.26326
-0.316412 -0.554313
-1.16203 2.31197
1.45821 1.51456
-0.704264 -0.822444
-0.915127 2.37534
1.2779 0.943181
0.209867 0.652105
0.967533 2.59757
-0.670569 -1.07654
-0.817921 2.61355
0.975143 0.296594
0.565226 1.58619
0.619944 0.688931
0.974889 2.05595
-0.0168465 -0.109258
-1.64539 0.435086
-0.647196 0.0315065
-1.41113 1.229
0.484515 2.16269
0.142193 -0.201211
-1.66057 0.230518
-0.843373 -0.0918369
-1.28138 1.38933
0.702258 2.82308
-0.74281 -1.30165
-0.727412 2.60372
0.878017 0.183181
0.52904 1.58213
0.642077 0.698074
0.965725 2.02141
0.0268426 -0.0411044
-1.60079 -0.109965
-1.12991 0.0419359
-1.33262 0.828843
-0.685952 -0.123457
-1.29519 1.53731
0.90047 3.32726
-1.60393 -1.60267
-0.774047 0.850749
-0.603251 -0.153819
-1.30227 1.60819
0.994645 3.41778
-1.80344 -1.36635
-0.746023 0.493374
-1.47465 -0.080417
-1.23968 0.260011
-1.36949 0.297708
-1.2916 0.0156589
-1.31238 0.557152
-1.19578 -0.262188
-1.20753 1.05383
-0.145487 0.620169
0.388629 1.56406
0.739343 0.762175
0.913687 1.85173
0.227209 0.273078
0.23081 1.125
1.1118 1.72575
0.135739 0.269748
-0.0898175 0.499714
0.103904 0.912287
1.12998 2.44674
-0.70995 -1.03814
-0.827493 2.52204
1.07429 0.488495
0.559646 1.47236
0.707365 0.861293
0.920711 1.73951
0.316573 0.445075
0.78932 2.36865
-0.222392 -0.560971
-1.20682 2.28403
1.48169 1.66376
-0.92652 -1.05658
-0.821706 2.11921
1.36108 1.4292
-0.233639 -0.18748
-1.48274 1.3831
0.753659 3.10119
-1.16483 -1.63782
-0.663881 1.80046
1.36865 2.00887
-0.788317 -0.994411
-0.839196 2.35587
1.22784 0.860613
0.34328 0.917072
1.09498 1.99896
-0.0993324 -0.165803
-1.59074 0.98738
0.266383 1.61218
0.786172 0.748438
0.884957 1.83109
0.264168 0.316216
0.46026 1.64188
0.632691 0.616777
0.955202 2.13105
-0.0780443 -0.22537
-1.56571 1.15944
0.528834 2.37185
-0.0993091 -0.543797
-1.29472 2.13479
1.49711 2.25943
-1.53841 -1.26357
-0.902647 0.828253
-0.871138 -0.385149
-1.11464 1.72949
1.2067 3.2084
-1.84215 -1.15195
-0.743426 0.381952
-1.51808 0.294757
-1.11013 -0.165295
-1.24018 1.12104
0.0898624 1.0954
1.17778 2.05472
-0.304537 -0.447788
-1.23714 2.10269
1.48175 2.29263
-1.51793 -1.28406
-0.893601 0.879875
-0.675466 -0.21393
-1.23945 1.69344
1.11947 3.3687
-1.88635 -1.13698
-0.664065 0.408969
-1.52119 0.0959387
-1.19046 -0.00425994
-1.31287 0.783912
-0.825603 -0.247249
-1.19245 1.62444
1.03634 3.36948
-1.79633 -1.34692
-0.759886 0.48542
-1.48088 -0.0367107
-1.23864 0.202974
-1.36397 0.394067
-1.25997 -0.108349
-1.27479 0.768111
-0.914757 -0.311589
-1.15359 1.58993
1.00086 3.34166
-1.7272 -1.4513
-0.78727 0.595428
-1.36913 -0.33583
-1.20124 0.734175
-1.06513 -0.374511
-1.13543 1.40582
0.746447 2.88944
-0.864972 -1.40583
-0.689047 2.39612
1.04209 0.52712
0.621882 1.57889
0.597081 0.698569
0.986069 2.06658
-0.038737 -0.138512
-1.63501 0.664339
-0.284541 0.497947
-0.711869 -0.353596
-1.14646 1.87241
1.35173 2.90118
-1.78341 -1.13786
-0.829659 0.384201
-1.49871 0.346385
-1.10744 -0.187995
-1.22931 1.15022
0.174337 1.28162
1.08372 1.4698
0.36174 0.698589
1.0432 2.36716
-0.459777 -0.759156
-0.998274 2.58712
1.18499 0.600986
0.399376 1.10547
1.02159 1.55544
0.372037 0.652523
1.01838 2.41124
-0.483395 -0.806071
-0.969865 2.62426
1.1262 0.487712
0.470577 1.289
0.881908 1.17824
0.699333 1.23797
0.779856 1.19271
0.75728 1.24417
0.743838 1.17603
0.786687 1.27412
0.710703 1.13067
0.827705 1.34632
0.645919 1.02648
0.909628 1.52469
0.482947 0.76368
1.03809 2.09627
-0.12796 -0.252383
-1.50855 1.37706
0.760159 3.13756
-1.2205 -1.66327
-0.6715 1.68158
1.34497 2.41676
-1.21007 -1.35156
-0.78168 1.60116
1.24165 2.9359
-1.60709 -1.39703
-0.85193 0.749706
-1.07281 -0.483396
-1.08629 1.48022
0.87368 3.17273
-1.37555 -1.65158
-0.723971 1.32916
0.928484 3.07341
-1.29931 -1.60527
-0.718081 1.48208
1.15006 3.05596
-1.58956 -1.46253
-0.829385 0.811363
-0.849992 -0.385432
-1.11484 1.75844
1.24202 3.15072
-1.83693 -1.13396
-0.755224 0.371875
-1.51602 0.33881
-1.08236 -0.190131
-1.22585 1.1966
0.306022 1.60099
0.766162 0.742352
0.897995 1.85475
0.235241 0.274567
0.258541 1.184
1.07416 1.55972
0.312782 0.584734
0.95208 2.52282
-0.550867 -0.933714
-0.897708 2.68183
0.997063 0.279559
0.522362 1.49596
0.710809 0.830979
0.92376 1.78015
0.28119 0.381213
0.643099 2.07692
0.158596 -0.05828
-1.45399 -0.5451
-1.13779 0.678995
-1.20789 -0.353887
-1.17066 1.10766
0.0254352 0.943582
1.12917 2.54635
-0.847912 -1.19122
-0.76513 2.34334
1.16875 0.76307
0.466422 1.17709
0.947654 1.37146
0.551681 0.958514
0.985977 1.69119
0.304248 0.481402
0.830066 2.43887
-0.333254 -0.700666
-1.07352 2.56023
1.26978 0.758663
0.224991 0.726438
1.04068 2.53278
-0.678795 -1.04792
-0.82761 2.58121
1.018 0.372491
0.57314 1.55985
0.635925 0.72804
0.970797 1.98631
0.0572069 0.0152165
-1.47 -0.489563
-1.15431 0.605427
-1.28957 -0.253328
-1.22353 0.846549
-0.785754 -0.243807
-1.19902 1.65957
1.08323 3.36552
-1.84362 -1.24238
-0.72296 0.426979
-1.51152 0.117457
-1.19668 -0.00928673
-1.31087 0.778609
-0.840653 -0.25799
-1.18507 1.62163
1.03466 3.36552
-1.79033 -1.35608
-0.763861 0.493043
-1.47581 -0.0572773
-1.24078 0.234518
-1.36715 0.338669
-1.28092 -0.037632
-1.29808 0.644178
-1.10667 -0.325881
-1.16478 1.2858
0.524913 2.19877
0.0870417 -0.259501
-1.64707 0.764624
-0.0418472 0.936956
1.09255 2.68732
-0.982511 -1.33568
-0.727313 2.11398
1.30049 1.24148
0.0662353 0.329528
-0.0755751 0.536517
0.301925 1.34319
0.959139 1.1987
0.631924 1.17467
0.851476 1.30117
0.657089 1.08385
0.879902 1.432
0.56244 0.900384
0.994161 1.78124
0.223669 0.334759
0.429949 1.5797
0.700806 0.722187
0.936763 1.93517
0.134733 0.125611
-0.825849 -0.525273
-1.04387 1.93394
1.41267 2.52119
-1.53804 -1.32463
-0.880544 0.854023
-0.757624 -0.29827
-1.17111 1.75855
1.22278 3.21714
-1.87172 -1.08355
-0.699976 0.369878
-1.52722 0.287911
-1.09873 -0.16596
-1.23885 1.14189
0.152999 1.2351
1.11833 1.60453
0.222954 0.446182
0.693246 2.21508
-0.00278458 -0.283065
-1.57831 1.16863
0.557756 2.47644
-0.230442 -0.718896
-1.11059 2.58651
1.27891 0.748957
0.195835 0.67466
0.982427 2.60516
-0.699564 -1.10329
-0.803954 2.58028
0.99239 0.339872
0.581451 1.59726
0.603181 0.671667
0.979353 2.09659
-0.0638652 -0.185383
-1.60111 0.959101
0.232796 1.53101
0.877173 0.916445
0.795952 1.56654
0.520621 0.721029
1.01894 2.11907
-0.130355 -0.269029
-1.49339 1.43609
0.819545 3.29044
-1.47896 -1.6843
-0.735641 1.1238
0.533126 2.09085
0.192037 -0.0859045
-1.45773 -0.549569
-1.13647 0.672855
-1.21781 -0.346992
-1.17545 1.08119
-0.0634767 0.767173
0.867424 2.67992
-0.677698 -1.13816
-0.793849 2.63932
0.920876 0.213459
0.53347 1.56658
0.651684 0.721251
0.962667 1.98087
0.0697323 0.0310119
-1.4055 -0.580574
-1.12201 0.815818
-0.941145 -0.371063
-1.1237 1.61251
1.04466 3.33378
-1.76752 -1.37804
-0.780052 0.518923
-1.45664 -0.122449
-1.2432 0.341487
-1.36574 0.149492
-1.31035 0.227784
-1.33865 0.223396
-1.32404 0.17703
-1.33106 0.272538
-1.32437 0.117773
-1.32542 0.355163
-1.31069 0.000760204
-1.30572 0.535049
-1.22467 -0.233899
-1.22342 0.968259
-0.421312 0.173429
-1.57952 0.50663
-0.741314 -0.0819299
-1.30708 1.44262
0.777384 3.06827
-1.1393 -1.61037
-0.666398 1.84994
1.36595 1.85868
-0.614342 -0.780358
-0.947591 2.4601
1.2424 0.800288
0.305491 0.865269
1.1037 2.16369
-0.297584 -0.483116
-1.21693 2.16985
1.4913 2.04057
-1.30721 -1.29006
-0.837075 1.35575
0.859628 3.02466
-1.15539 -1.57707
-0.682996 1.80187
1.37263 2.0572
-0.858544 -1.0681
-0.811575 2.26263
1.27207 1.0317
0.213095 0.634431
0.950845 2.59453
-0.64673 -1.05636
-0.829392 2.63953
0.962181 0.263894
0.548192 1.5667
0.643754 0.719573
0.966528 1.99065
0.0567508 0.011254
-1.47969 -0.47282
-1.15833 0.571293
-1.31892 -0.195411
-1.24604 0.72801
-1.03102 -0.355755
-1.13963 1.45001
0.809627 3.06436
-1.16269 -1.60723
-0.674289 1.7951
1.3707 2.05497
-0.848939 -1.05928
-0.814515 2.27706
1.2645 1.0021
0.238816 0.687839
1.01473 2.55175
-0.668038 -1.04856
-0.828925 2.59951
1.00156 0.3392
0.569542 1.57052
0.629705 0.712242
0.97283 2.01433
0.0275095 -0.0347931
-1.59329 -0.145158
-1.14248 0.0799723
-1.34669 0.752654
-0.839539 -0.24531
-1.19235 1.60684
1.01182 3.36546
-1.76549 -1.40259
-0.774061 0.533666
-1.44251 -0.175597
-1.23859 0.424381
-1.34968 0.00585984
-1.29922 0.444484
-1.29542 -0.102058
-1.27695 0.68559
-1.06928 -0.343164
-1.15091 1.37047
0.686408 2.71003
-0.583002 -1.12169
-0.817938 2.78485
0.795578 -0.0192024
0.139087 0.81508
1.0782 2.55164
-0.764154 -1.12771
-0.789251 2.47643
1.07597 0.522142
0.571561 1.48063
0.695032 0.847351
0.930467 1.7675
0.286848 0.39773
0.682156 2.16491
0.054089 -0.199771
-1.65224 0.601597
-0.346933 0.407493
-1.26863 -0.579084
-1.09279 1.13264
0.122478 1.13341
1.16316 1.89569
-0.104689 -0.126823
-1.60885 0.841485
0.00516165 1.01857
1.16694 2.43192
-0.763695 -1.08083
-0.806892 2.45151
1.11715 0.600462
0.531676 1.36611
0.796188 1.03069
0.817336 1.46142
0.58076 0.868511
0.990249 1.8191
0.194715 0.27743
0.151093 0.961422
1.14933 2.24376
-0.477151 -0.723546
-1.00913 2.53037
1.24027 0.735921
0.302362 0.877576
1.10622 2.14397
-0.278346 -0.451473
-1.24921 2.0945
1.48034 2.33658
-1.55584 -1.26786
-0.901671 0.793801
-0.980819 -0.445638
-1.09008 1.61702
1.06651 3.31348
-1.77092 -1.35907
-0.78278 0.506299
-1.46677 -0.0790522
-1.24398 0.276101
-1.36842 0.262958
-1.30017 0.0661181
-1.32308 0.474516
-1.25431 -0.170698
-1.25146 0.84496
-0.759447 -0.214229
-1.22077 1.64067
1.05128 3.3841
-1.8275 -1.29147
-0.735442 0.449678
-1.50131 0.0545728
-1.21881 0.0699768
-1.33666 0.630984
-1.0729 -0.314503
-1.16507 1.33769
0.626747 2.52243
-0.31678 -0.799909
-1.03309 2.71368
1.10733 0.395339
0.448328 1.27824
0.90228 1.20805
0.671069 1.19186
0.820335 1.2655
0.69553 1.13767
0.833222 1.33988
0.646386 1.03452
0.906297 1.51203
0.493667 0.7825
1.03581 2.0516
-0.0769521 -0.168665
-1.60272 0.930402
0.17794 1.3982
1.01453 1.22386
0.571081 1.09974
0.922769 1.44299
0.526993 0.872646
1.01718 1.86028
0.132105 0.184451
-0.537105 -0.206087
-1.29235 1.7052
1.12696 3.39231
-1.91555 -1.06962
-0.605187 0.430035
-1.50121 -0.0918567
-1.22294 0.213295
-1.37 0.404943
-1.24772 -0.129646
-1.26655 0.816546
-0.813397 -0.252846
-1.19044 1.64448
1.06488 3.36619
-1.8241 -1.28686
-0.74133 0.447238
-1.50215 0.0702649
-1.21591 0.0527633
-1.33153 0.660243
-1.03602 -0.320067
-1.15763 1.40797
0.743084 2.89019
-0.863447 -1.40611
-0.68887 2.39948
1.03869 0.520031
0.623817 1.58662
0.590309 0.687176
0.987222 2.08961
-0.0642299 -0.180604
-1.60362 0.940243
0.200395 1.45234
0.960773 1.09279
0.6746 1.30203
0.757005 1.10255
0.812956 1.37472
0.637637 0.989156
0.927748 1.58686
0.427408 0.668646
1.02556 2.31596
-0.370678 -0.640593
-1.08899 2.46033
1.34931 1.01003
-0.0293795 0.219832
-1.02222 -0.631583
-1.01054 1.68453
1.19964 3.1582
-1.78253 -1.25145
-0.802097 0.442175
-1.49725 0.14798
-1.2055 -0.0165425
-1.30802 0.770949
-0.861974 -0.272266
-1.17576 1.61424
1.02731 3.35995
-1.77636 -1.37898
-0.771336 0.513298
-1.46072 -0.114488
-1.24263 0.324495
-1.36769 0.180631
-1.30915 0.18176
-1.33757 0.294702
-1.31659 0.0731454
-1.32062 0.43109
-1.28322 -0.107095
-1.27544 0.717339
-1.01566 -0.342482
-1.1443 1.46405
0.827961 3.11023
-1.24392 -1.63789
-0.688203 1.61931
1.30564 2.65841
-1.40807 -1.41904
-0.821194 1.17143
0.528044 2.10076
0.184522 -0.101813
-1.50812 -0.462872
-1.1567 0.497546
-1.36867 -0.0497235
-1.28317 0.46625
-1.29734 -0.117906
-1.27173 0.698292
-1.05429 -0.34626
-1.14729 1.40028
0.734387 2.85892
-0.813998 -1.36077
-0.70361 2.48583
0.971082 0.372088
0.629753 1.6868
0.509609 0.539167
0.950494 2.34201
-0.316986 -0.60496
-1.13196 2.40223
1.40766 1.21903
-0.315928 -0.272101
-1.36028 1.72551
1.15159 3.41044
-1.95582 -0.951219
-0.496197 0.509722
-1.26932 -0.540286
-1.10828 1.10714
0.029334 0.93828
1.12694 2.54848
-0.846665 -1.1911
-0.76513 2.34582
1.16669 0.757638
0.469987 1.18575
0.940993 1.35414
0.566618 0.984784
0.96975 1.63611
0.359874 0.575285
0.960091 2.4831
-0.507012 -0.870767
-0.935289 2.67177
1.04738 0.3493
0.514082 1.44081
0.755263 0.918199
0.878629 1.63247
0.426532 0.617478
0.999619 2.37753
-0.415981 -0.721549
-1.03089 2.56448
1.23189 0.692557
0.314662 0.913162
1.10527 2.05087
-0.170802 -0.278678
-1.45516 1.5435
0.931747 3.45785
-1.78513 -1.43327
-0.745414 0.537961
-1.4324 -0.224587
-1.23008 0.49238
-1.32454 -0.106744
-1.27428 0.626656
-1.15948 -0.314837
-1.17866 1.17381
0.235896 1.41447
0.960003 1.12805
0.66155 1.26053
0.788293 1.1654
0.765485 1.28014
0.719488 1.12473
0.825318 1.35273
0.643571 1.01802
0.914145 1.53891
0.470244 0.742125
1.03905 2.1479
-0.186892 -0.348083
-1.38664 1.76105
1.19888 3.37589
-1.97589 -0.851591
-0.420466 0.58332
-0.80827 -0.425018
-1.09573 1.85531
1.34863 2.86956
-1.74687 -1.19239
-0.853797 0.44132
-1.48795 0.182441
-1.20657 -0.0367072
-1.30049 0.793814
-0.821339 -0.248202
-1.19231 1.63018
1.04439 3.36951
-1.80511 -1.32922
-0.754649 0.472806
-1.48865 -0.000694255
-1.23342 0.150382
-1.35564 0.486127
-1.20877 -0.21266
-1.23018 0.980838
-0.374674 0.243641
-1.57015 0.0704641
-1.13266 -0.0511794
-1.29331 0.948214
-0.410316 0.205519
-1.58315 0.344087
-0.935152 -0.170825
-1.22946 1.39796
0.715458 2.8399
-0.774565 -1.32922
-0.715678 2.55307
0.916812 0.261223
0.590769 1.67348
0.538712 0.557736
0.958411 2.2961
-0.269296 -0.527977
-1.20254 2.24443
1.48652 1.77982
-1.04533 -1.15778
-0.804851 1.90762
1.40015 2.03986
-0.941202 -1.13171
-0.795249 2.1229
1.34296 1.36187
-0.129041 -0.0134037
-1.6288 0.405961
-0.739085 -0.0548109
-1.32493 1.39567
0.716196 2.89088
-0.844572 -1.40166
-0.689669 2.43794
1.00246 0.444437
0.636476 1.65599
0.530855 0.585127
0.97344 2.28144
-0.267259 -0.51569
-1.21168 2.21897
1.49102 1.87376
-1.14922 -1.22523
-0.808287 1.69801
1.31677 2.7315
-1.52539 -1.39108
-0.855065 0.907317
-0.511982 -0.0245937
-1.43385 1.29384
0.610411 2.5865
-0.38598 -0.906542
-0.960774 2.81862
0.930669 0.112049
0.374609 1.24698
0.96778 1.31366
0.56785 1.02327
0.955857 1.57101
0.417904 0.678335
1.03073 2.3158
-0.377222 -0.647237
-1.08283 2.46953
1.3394 0.979052
0.0099715 0.29291
-0.500673 -0.140301
-1.35608 1.55949
0.931283 3.40014
-1.72104 -1.50213
-0.77303 0.629416
-1.3042 -0.426502
-1.16031 0.951893
-0.515271 0.0305114
-1.46981 1.15065
0.390619 1.90498
0.441994 0.2182
0.493097 1.67015
0.591183 0.567712
0.95216 2.22709
-0.182191 -0.396035
-1.35149 1.87699
1.3316 3.11346
-1.93168 -0.84814
-0.555075 0.417211
-1.49578 -0.152974
-1.22104 0.281738
-1.37753 0.2909
-1.28664 0.011946
-1.31203 0.572159
-1.18032 -0.276763
-1.19886 1.09835
0.000335091 0.898502
1.08257 2.66858
-0.938299 -1.30218
-0.73256 2.19869
1.2502 1.03809
0.268075 0.728942
1.05284 2.4655
-0.604547 -0.948984
-0.879148 2.62343
1.03363 0.364706
0.546066 1.50397
0.69185 0.815006
0.936996 1.81602
0.24129 0.318558
0.419764 1.55121
0.729565 0.771009
0.919031 1.84794
0.226768 0.27674
0.243303 1.15228
1.09577 1.6479
0.220641 0.419983
0.638219 2.08685
0.150966 -0.0744457
-1.50509 -0.457296
-1.15872 0.500861
-1.36588 -0.0581846
-1.28187 0.481836
-1.28907 -0.140762
-1.26398 0.740045
-0.986603 -0.341302
-1.14201 1.5112
0.894687 3.23613
-1.48207 -1.64188
-0.752962 1.09937
0.437177 1.82743
0.486564 0.331838
0.742568 2.19918
-0.00940826 -0.259318
-1.59015 1.09408
0.46003 2.16032
0.15617 -0.196652
-1.65531 0.142134
-0.929829 -0.10884
-1.2637 1.32354
0.595208 2.45946
-0.227978 -0.691622
-1.12626 2.53718
1.32502 0.878953
0.0624613 0.404639
0.238207 1.1726
1.09119 1.61168
0.254154 0.4824
0.788853 2.39866
-0.257321 -0.613732
-1.15569 2.40368
1.41962 1.24903
-0.380619 -0.370879
-1.25017 1.98504
1.42672 2.69921
-1.75247 -1.12453
-0.866481 0.401909
-1.48961 0.305146
-1.14988 -0.152338
-1.24974 1.03447
-0.182365 0.563209
0.0363138 0.790079
0.997126 2.71128
-0.869046 -1.28001
-0.733918 2.33803
1.14228 0.721907
0.511552 1.27689
0.864395 1.17997
0.710435 1.24154
0.771695 1.18595
0.765462 1.25503
0.733306 1.15979
0.800743 1.29928
0.688601 1.09429
0.857019 1.40584
0.592803 0.940732
0.968024 1.69134
0.31918 0.493651
0.856242 2.46366
-0.383716 -0.757984
-1.02571 2.62973
1.17395 0.550501
0.403553 1.13042
1.00844 1.5045
0.418917 0.736816
1.05114 2.22575
-0.293887 -0.509458
-1.20154 2.21982
1.4884 1.85604
-1.12143 -1.21036
-0.805451 1.75615
1.35634 2.54217
-1.4003 -1.38924
-0.830096 1.17803
0.5326 2.11663
0.16677 -0.127055
-1.5787 -0.276881
-1.15592 0.206722
-1.38464 0.526835
-1.13137 -0.263803
-1.19717 1.18202
0.260861 1.47996
0.894488 0.984456
0.764519 1.47463
0.600393 0.851865
0.982434 1.82994
0.192244 0.266336
0.0969376 0.850516
1.08912 2.57113
-0.810194 -1.17242
-0.771401 2.41025
1.1174 0.630127
0.538897 1.36728
0.791255 1.02698
0.821839 1.46825
0.573786 0.858631
0.995391 1.84128
0.17046 0.236963
-0.113849 0.45081
-0.226552 0.295873
-1.32836 -0.573114
-1.10998 0.992459
-0.385254 0.202236
-1.58579 0.286504
-0.982099 -0.167532
-1.23131 1.32974
0.604704 2.47738
-0.253161 -0.722281
-1.0981 2.59631
1.26197 0.712199
0.23753 0.761576
1.06777 2.4673
-0.630052 -0.973411
-0.864446 2.60571
1.03474 0.378075
0.554154 1.51493
0.679425 0.797371
0.945948 1.85043
0.204559 0.258622
0.104477 0.863694
1.10106 2.53609
-0.781531 -1.13516
-0.785728 2.44736
1.09894 0.575899
0.554555 1.42174
0.745683 0.939327
0.878901 1.60795
0.444331 0.652988
1.01684 2.31372
-0.356758 -0.625074
-1.10314 2.43715
1.37221 1.08752
-0.130076 0.0387108
-1.61655 0.151346
-1.0125 -0.126174
-1.25351 1.23507
0.410396 1.88959
0.444927 0.238699
0.544562 1.78922
0.464771 0.382916
0.799525 2.30426
-0.154708 -0.450741
-1.32757 1.97753
1.42078 2.80669
-1.83317 -0.994277
-0.782518 0.307138
-1.50065 0.556857
-0.871347 -0.200568
-1.21547 1.51371
0.87795 3.24802
-1.48031 -1.65143
-0.748896 1.107
0.466147 1.90558
0.400045 0.20658
0.399241 1.46417
0.808809 0.921229
0.843171 1.60069
0.470582 0.669188
1.01937 2.25778
-0.291281 -0.524698
-1.19306 2.24819
1.48327 1.754
-1.00806 -1.13015
-0.807056 1.9785
1.3967 1.81702
-0.689685 -0.856855
-0.902385 2.42506
1.23031 0.808058
0.336199 0.920077
1.09757 2.00339
-0.107825 -0.178434
-1.57735 1.06217
0.383509 1.92531
0.427053 0.187447
0.389206 1.43442
0.837023 0.975931
0.808613 1.51614
0.54904 0.792191
1.01268 1.97408
0.0285307 -0.00387041
-1.55001 -0.301236
-1.1729 0.285348
-1.39413 0.358989
-1.24529 -0.101693
-1.27684 0.791447
-0.859862 -0.281086
-1.17097 1.62739
1.04732 3.35825
-1.79656 -1.33898
-0.761928 0.481057
-1.48366 -0.0197642
-1.23715 0.179993
-1.36064 0.433375
-1.24107 -0.155092
-1.25648 0.856938
-0.721514 -0.17889
-1.25027 1.61332
1.00741 3.39469
-1.79218 -1.37247
-0.756948 0.501047
-1.46954 -0.0919929
-1.24125 0.282715
-1.36964 0.256125
-1.30047 0.0735385
-1.32459 0.464066
-1.2598 -0.15808
-1.25658 0.82059
-0.815788 -0.257539
-1.18749 1.64808
1.07078 3.36328
-1.82767 -1.2771
-0.738761 0.442158
-1.50449 0.0846001
-1.21126 0.0343764
-1.32582 0.693945
-0.98788 -0.317489
-1.1541 1.48562
0.855006 3.17294
-1.35678 -1.65846
-0.715861 1.37302
1.00213 3.12151
-1.45641 -1.58501
-0.77022 1.12925
0.492801 1.98558
0.312135 0.08018
-0.354005 0.0293908
-1.55485 0.902371
-0.00500585 0.98018
1.14311 2.53807
-0.863413 -1.19976
-0.762706 2.31543
1.18929 0.82079
0.427967 1.0852
1.01291 1.56677
0.372391 0.64418
1.0133 2.41985
-0.488052 -0.815334
-0.964414 2.63063
1.11516 0.467827
0.480387 1.31711
0.858395 1.12717
0.738107 1.31238
0.716311 1.0819
0.846088 1.4156
0.593359 0.929014
0.97078 1.71014
0.302144 0.463238
0.80346 2.39963
-0.267729 -0.620253
-1.14669 2.41908
1.40736 1.19574
-0.30658 -0.254385
-1.38008 1.67253
1.08287 3.46301
-1.93336 -1.06642
-0.561285 0.469514
-1.43263 -0.324429
-1.20408 0.575331
-1.28298 -0.226973
-1.23269 0.837186
-0.80088 -0.253204
-1.19161 1.65763
1.08275 3.36178
-1.83939 -1.2497
-0.727909 0.429559
-1.5102 0.114749
-1.19887 -0.00459366
-1.31256 0.76848
-0.860535 -0.269892
-1.17715 1.61312
1.02527 3.36039
-1.77461 -1.38253
-0.771936 0.516359
-1.45819 -0.123594
-1.2424 0.339049
-1.36643 0.155072
-1.31008 0.218905
-1.33874 0.237396
-1.32315 0.156345
-1.33001 0.30388
-1.3201 0.0719854
-1.31949 0.425269
-1.28729 -0.0971776
-1.27872 0.697892
-1.04627 -0.343351
-1.1476 1.41187
0.751745 2.91102
-0.898898 -1.43565
-0.680963 2.3339
1.09094 0.641992
0.583571 1.44655
0.71266 0.89743
0.90991 1.68459
0.367209 0.532008
0.922971 2.47917
-0.462703 -0.830823
-0.965671 2.67029
1.08021 0.39245
0.494227 1.37771
0.810457 1.02359
0.810661 1.46556
0.581755 0.863177
0.990566 1.82702
0.187501 0.264356
0.0726577 0.802447
1.03569 2.6668
-0.860569 -1.25191
-0.743586 2.34399
1.1469 0.72532
0.503689 1.26091
0.87862 1.20943
0.686867 1.19854
0.807908 1.25239
0.709963 1.15753
0.815362 1.3075
0.67544 1.08118
0.870372 1.42965
0.569884 0.905621
0.989093 1.76643
0.240685 0.362405
0.538903 1.83872
0.4244 0.307362
0.660993 2.06269
0.164802 -0.0345869
-1.3756 -0.633528
-1.09817 0.917022
-0.649352 -0.143998
-1.29287 1.58394
0.962509 3.39368
-1.74496 -1.45817
-0.77238 0.581155
-1.38494 -0.315367
-1.20843 0.680839
-1.15038 -0.353342
-1.15991 1.22481
0.380546 1.77968
0.56254 0.419425
0.860219 2.29977
-0.189557 -0.465973
-1.29275 2.05229
1.46591 2.53104
-1.69605 -1.16495
-0.899507 0.491759
-1.46284 0.0484982
-1.2514 0.151342
-1.35174 0.451073
-1.23943 -0.168151
-1.25129 0.873642
-0.681633 -0.141464
-1.28465 1.5702
0.94464 3.37402
-1.70456 -1.5084
-0.780042 0.652066
-1.26241 -0.459119
-1.1389 1.06875
-0.110526 0.670148
0.6146 2.13515
0.113137 -0.153369
-1.6453 0.100683
-0.980384 -0.107203
-1.26316 1.25658
0.462083 2.04204
0.272886 -0.00769928
-0.940081 -0.634225
-0.997533 1.84004
1.36216 2.72956
-1.63171 -1.30217
-0.881233 0.662242
-1.28773 -0.400169
-1.16734 0.969911
-0.451396 0.118402
-1.55139 0.782559
-0.293624 0.454686
-0.945457 -0.547156
-1.03806 1.76311
1.27806 3.02664
-1.77277 -1.2088
-0.824044 0.426876
-1.49677 0.211886
-1.18534 -0.0778264
-1.28392 0.883781
-0.612531 -0.058881
-1.36407 1.42008
0.756172 3.0382
-1.07945 -1.58234
-0.660505 1.97814
1.32456 1.46206
-0.12922 -0.0356338
-1.62773 0.513609
-0.583488 0.0882843
-1.47404 1.05361
0.180212 1.36158
1.03562 1.29485
0.515593 0.990265
0.996617 1.66425
0.315745 0.513937
0.87853 2.48844
-0.433527 -0.815466
-0.981986 2.67507
1.09224 0.404606
0.482138 1.34659
0.838371 1.07823
0.771715 1.3832
0.65541 0.980259
0.92039 1.59155
0.429185 0.664704
1.02365 2.31879
-0.371745 -0.643285
-1.08713 2.46438
1.34555 0.997563
-0.0141185 0.24812
-0.831938 -0.50832
-1.05215 1.90889
1.39756 2.62063
-1.60331 -1.29868
-0.887819 0.712964
-1.18764 -0.462437
-1.12024 1.23302
0.412405 1.85605
0.474635 0.291183
0.673076 2.06755
0.154917 -0.0418133
-1.41859 -0.588928
-1.12088 0.789719
-1.0058 -0.394471
-1.11774 1.52886
0.928833 3.26891
-1.56076 -1.60409
-0.775534 0.928785
-0.265953 0.329995
-1.31758 -0.570737
-1.10835 1.01595
-0.299829 0.334732
-1.37194 -0.513129
-1.14046 0.853559
-0.830407 -0.300213
-1.16209 1.68533
1.13055 3.31917
-1.85225 -1.19217
-0.719089 0.405462
-1.51841 0.187608
-1.16548 -0.0831573
-1.28084 0.927519
-0.488971 0.092934
-1.52112 0.932253
-0.0177256 0.94406
1.11183 2.63188
-0.937347 -1.28644
-0.738092 2.19472
1.25765 1.05846
0.24478 0.682332
1.01236 2.54879
-0.660712 -1.04089
-0.83299 2.60637
0.999355 0.331914
0.566469 1.56773
0.633408 0.716611
0.971382 2.00467
0.0385008 -0.0168516
-1.5584 -0.280419
-1.17021 0.251359
-1.39039 0.425566
-1.21105 -0.175444
-1.2458 0.939375
-0.492687 0.0796169
-1.51176 0.979653
0.07597 1.13725
1.18098 1.98098
-0.228511 -0.323389
-1.37736 1.75299
1.18796 3.38345
-1.97074 -0.876869
-0.441471 0.560719
-0.970953 -0.535667
-1.04622 1.70922
1.21199 3.16027
-1.80264 -1.21311
-0.788062 0.413035
-1.50601 0.231496
-1.16429 -0.106684
-1.27077 0.956904
-0.411018 0.199163
-1.58338 0.373012
-0.904337 -0.165377
-1.23345 1.42945
0.760457 2.97996
-1.00178 -1.52135
-0.665129 2.13491
1.23671 1.06154
0.294598 0.767866
1.07599 2.36387
-0.504305 -0.802898
-0.964981 2.60188
1.14126 0.5257
0.4602 1.25337
0.909621 1.24378
0.648391 1.1428
0.857908 1.34505
0.628374 1.02336
0.920977 1.53779
0.466321 0.741302
1.04008 2.15431
-0.195502 -0.361301
-1.3699 1.80675
1.25387 3.28623
-1.96646 -0.825625
-0.445546 0.543503
-1.04955 -0.567824
-1.04384 1.58728
1.04894 3.29239
-1.72688 -1.42043
-0.798189 0.579483
-1.39465 -0.282458
-1.21846 0.631019
-1.21069 -0.30864
-1.19025 1.06416
-0.117627 0.667703
0.594301 2.08396
0.172357 -0.0722943
-1.46201 -0.537586
-1.14019 0.655243
-1.24 -0.325222
-1.18846 1.01609
-0.283556 0.377653
-1.21222 -0.612565
-1.06402 1.27833
0.547169 2.23318
0.0416435 -0.315088
-1.58746 1.16347
0.561489 2.49409
-0.25263 -0.748617
-1.08514 2.64068
1.21677 0.603222
0.324567 0.957799
1.09993 1.94281
-0.0485417 -0.0748875
-1.6405 0.39124
-0.722878 -0.0361482
-1.34135 1.36695
0.678918 2.77567
-0.664452 -1.22477
-0.764275 2.71203
0.807489 0.0366202
0.289669 1.11583
1.08191 1.66068
0.228361 0.422221
0.653915 2.12154
0.110053 -0.129602
-1.62962 -0.0141095
-1.06451 -0.054107
-1.29045 1.06481
-0.0490124 0.821024
0.958455 2.75777
-0.885333 -1.31568
-0.722242 2.31795
1.14768 0.745598
0.50416 1.25351
0.882682 1.22142
0.678266 1.18156
0.821544 1.2792
0.687413 1.11886
0.846692 1.36978
0.620791 0.991713
0.936602 1.59181
0.417549 0.657758
1.02133 2.34347
-0.399864 -0.685811
-1.05427 2.52099
1.28363 0.819624
0.192515 0.651535
0.956315 2.60923
-0.673338 -1.0858
-0.814019 2.61478
0.969442 0.28866
0.564393 1.58929
0.617993 0.684327
0.975124 2.06413
-0.0255642 -0.123878
-1.64258 0.543217
-0.484766 0.211825
-1.568 0.502546
-0.779692 -0.115264
-1.27771 1.4757
0.820325 3.16396
-1.31072 -1.66587
-0.69897 1.47815
1.16099 3.0305
-1.57628 -1.46272
-0.829993 0.836371
-0.757857 -0.308294
-1.16526 1.77153
1.24039 3.18447
-1.86581 -1.0811
-0.711859 0.363397
-1.5254 0.324297
-1.07613 -0.185311
-1.22761 1.20209
0.321175 1.64059
0.722486 0.667955
0.921362 1.98102
0.10299 0.0579349
-1.23325 -0.688725
-1.03941 1.27497
0.554551 2.24761
0.0233242 -0.338552
-1.55615 1.30627
0.710197 3.00512
-0.997404 -1.54425
-0.65631 2.15243
1.21628 1.00212
0.35364 0.889747
1.0914 2.0388
-0.136693 -0.231252
-1.51867 1.32617
0.707395 2.97182
-0.949396 -1.50505
-0.662383 2.24696
1.14751 0.796934
0.506607 1.23669
0.89091 1.24809
0.659347 1.144
0.851034 1.34006
0.635492 1.0314
0.91382 1.52181
0.482057 0.766364
1.03871 2.09287
-0.124997 -0.247065
-1.51498 1.35287
0.736191 3.06596
-1.10174 -1.60809
-0.657011 1.93549
1.33986 1.57573
-0.262314 -0.260031
-1.40495 1.63325
1.03419 3.48358
-1.90622 -1.16511
-0.618702 0.449624
-1.48758 -0.136625
-1.22717 0.285035
-1.37531 0.275162
-1.29232 0.0372711
-1.31784 0.5283
-1.21722 -0.233762
-1.22251 0.983587
-0.371822 0.246236
-1.56792 0.0498194
-1.14198 -0.0326422
-1.30149 0.908461
-0.517665 0.0604288
-1.48783 1.06851
0.23927 1.50865
0.889343 0.951131
0.777932 1.51759
0.564263 0.790935
1.0057 1.96069
0.0489544 0.0267438
-1.45852 -0.505377
-1.15003 0.643078
-1.24934 -0.309913
-1.19621 0.983261
-0.391085 0.211618
-1.5838 0.262704
-1.0058 -0.163624
-1.23402 1.29033
0.529562 2.23738
0.0449316 -0.322256
-1.58469 1.18215
0.583892 2.57109
-0.354324 -0.878764
-0.984112 2.80511
0.970157 0.165743
0.417988 1.31562
0.898472 1.16159
0.695184 1.25293
0.773915 1.17157
0.771162 1.27456
0.719361 1.13188
0.822095 1.34245
0.651477 1.0325
0.904108 1.51292
0.494529 0.781918
1.03544 2.05156
-0.0764695 -0.168105
-1.60332 0.926524
0.171365 1.38285
1.02918 1.2629
0.538101 1.03703
0.96781 1.56677
0.411487 0.677632
1.03101 2.32562
-0.389964 -0.665782
-1.06817 2.49469
1.31251 0.89901
0.105652 0.47668
0.572651 1.96213
0.297571 0.118201
-0.218506 0.249423
-1.42926 -0.464496
-1.16243 0.685788
-1.18064 -0.359726
-1.16287 1.16895
0.221794 1.37682
0.995438 1.2151
0.593013 1.12768
0.89712 1.38803
0.578032 0.95593
0.972062 1.67646
0.327426 0.513526
0.884865 2.48648
-0.436537 -0.816054
-0.980704 2.67358
1.09232 0.405792
0.482817 1.34755
0.837336 1.07642
0.773121 1.38595
0.652946 0.976345
0.923095 1.59884
0.422088 0.653154
1.01882 2.34312
-0.396188 -0.681914
-1.05762 2.51661
1.28934 0.834113
0.176454 0.618761
0.906707 2.59646
-0.602006 -1.02429
-0.850264 2.68604
0.939081 0.206358
0.507172 1.50586
0.712057 0.818568
0.92475 1.7966
0.266719 0.355123
0.565083 1.89463
0.362532 0.222203
0.377342 1.4232
0.852937 1.00149
0.789487 1.476
0.586336 0.849477
0.990147 1.8455
0.171555 0.234666
-0.120712 0.438314
-0.320223 0.143645
-1.59822 0.346202
-0.895395 -0.153079
-1.24084 1.42372
0.751783 2.95812
-0.96435 -1.49463
-0.668175 2.21004
1.1833 0.890244
0.437006 1.07595
1.01127 1.5758
0.367564 0.632549
1.00529 2.43774
-0.501259 -0.837925
-0.950772 2.64306
1.09023 0.425208
0.499204 1.37421
0.809837 1.02753
0.809659 1.46056
0.585575 0.870229
0.987424 1.81231
0.203161 0.290716
0.228928 1.12555
1.11266 1.72745
0.133085 0.265437
-0.120834 0.443919
-0.291938 0.188857
-1.5797 0.0423171
-1.12716 -0.0416829
-1.29733 0.945835
-0.412281 0.203636
-1.58301 0.357508
-0.921779 -0.169149
-1.23069 1.41292
0.737233 2.90873
-0.8846 -1.42973
-0.681893 2.36277
1.0655 0.58359
0.607379 1.52073
0.647377 0.784837
0.96443 1.89432
0.15011 0.174905
-0.510642 -0.173429
-1.3273 1.63405
1.02884 3.44058
-1.86055 -1.2544
-0.692725 0.440794
-1.50605 0.0261493
-1.21736 0.0892775
-1.34262 0.60644
-1.09831 -0.305055
-1.1732 1.28251
0.516306 2.17524
0.114961 -0.221541
-1.66402 0.460031
-0.548371 0.144329
-1.52082 0.85102
-0.217136 0.572141
-0.0593801 0.609857
0.571464 2.00724
0.255887 0.0477172
-0.733825 -0.455189
-1.08671 1.97678
1.43034 2.46352
-1.52816 -1.31679
-0.882675 0.871435
-0.694612 -0.236154
-1.22061 1.71801
1.15676 3.32833
-1.89118 -1.09733
-0.658377 0.398712
-1.52538 0.124277
-1.1779 -0.03648
-1.3004 0.84809
-0.6867 -0.133329
-1.28851 1.55431
0.923206 3.35336
-1.65857 -1.5573
-0.78054 0.740361
-1.028 -0.490842
-1.07506 1.5705
1.00802 3.30371
-1.69182 -1.47928
-0.79703 0.653249
-1.27075 -0.447104
-1.14552 1.04178
-0.206058 0.499358
-0.377051 0.0677667
-1.56258 0.812661
-0.192447 0.627863
0.273011 1.2991
1.00626 1.31071
0.535919 0.998663
0.982561 1.63409
0.350764 0.569716
0.952385 2.49277
-0.511223 -0.88072
-0.929957 2.67746
1.0363 0.331364
0.515842 1.45354
0.745217 0.897961
0.889894 1.66573
0.394629 0.566055
0.961015 2.45205
-0.467321 -0.815848
-0.970647 2.64918
1.10456 0.439824
0.483248 1.33439
0.845615 1.09767
0.759057 1.35523
0.679388 1.02012
0.892442 1.51992
0.497434 0.775301
1.03386 2.05926
-0.0828024 -0.179861
-1.59262 0.994735
0.284987 1.66107
0.731169 0.653821
0.914885 1.98822
0.100862 0.049317
-1.27027 -0.678985
-1.05406 1.18606
0.31482 1.5795
0.777353 0.773361
0.889211 1.80825
0.280893 0.350535
0.576682 1.91827
0.335995 0.18633
0.196416 1.03029
1.1445 1.9975
-0.177508 -0.263581
-1.46251 1.51086
0.894432 3.41553
-1.70321 -1.54143
-0.76846 0.67133
-1.20919 -0.491464
-1.11314 1.20746
0.346125 1.67524
0.675968 0.599372
0.932294 2.10214
-0.0273684 -0.156831
-1.63379 0.708271
-0.199993 0.638688
0.289907 1.3396
0.969873 1.21647
0.614782 1.14545
0.875958 1.35177
0.613096 1.01042
0.934528 1.56612
0.437199 0.695611
1.0348 2.2646
-0.319162 -0.55798
-1.15849 2.31927
1.45446 1.48798
-0.668762 -0.778801
-0.938681 2.38857
1.28741 0.950803
0.181798 0.600049
0.887493 2.57641
-0.556484 -0.976379
-0.879413 2.71182
0.946467 0.19887
0.49004 1.46876
0.749203 0.880444
0.891349 1.68758
0.376984 0.533298
0.927705 2.47257
-0.458861 -0.822836
-0.970346 2.66427
1.09048 0.410178
0.488981 1.35885
0.826175 1.05575
0.788517 1.41712
0.625064 0.932045
0.952198 1.68411
0.337287 0.51397
0.890733 2.48458
-0.439301 -0.816566
-0.979544 2.67216
1.09246 0.407027
0.483404 1.34828
0.8365 1.07499
0.774239 1.38812
0.650998 0.973262
0.925216 1.60462
0.41645 0.64397
1.0144 2.36172
-0.414185 -0.710515
-1.03684 2.55012
1.24802 0.731477
0.280918 0.83831
1.10238 2.25869
-0.411702 -0.656265
-1.0647 2.47369
1.3241 0.943268
0.0659213 0.397132
0.219914 1.13177
1.11569 1.72783
0.128396 0.259142
-0.170127 0.357435
-0.932167 -0.559291
-1.03114 1.79585
1.31404 2.92721
-1.73703 -1.23019
-0.851418 0.470744
-1.48001 0.0906482
-1.23421 0.0723972
-1.33559 0.598204
-1.11898 -0.301144
-1.17817 1.24022
0.41745 1.88683
0.443499 0.241837
0.549907 1.80213
0.451087 0.363278
0.767246 2.26117
-0.0884899 -0.368345
-1.44345 1.65754
1.07423 3.50074
-1.95737 -1.01634
-0.496164 0.526355
-1.22229 -0.560624
-1.08793 1.2244
0.403587 1.82271
0.510019 0.345486
0.771142 2.23489
-0.062064 -0.323871
-1.50125 1.46608
0.857435 3.3771
-1.62317 -1.61866
-0.764993 0.826506
-0.68659 -0.249396
-1.21426 1.74292
1.1909 3.287
-1.8942 -1.0631
-0.654757 0.389652
-1.52869 0.151701
-1.16466 -0.0650412
-1.28841 0.907535
-0.53835 0.0308516
-1.45861 1.17121
0.418411 1.98124
0.354155 0.0926556
-0.14855 0.360891
-0.832734 -0.488636
-1.06198 1.88853
1.38248 2.70567
-1.65493 -1.26887
-0.88576 0.606575
-1.37199 -0.27826
-1.22002 0.680556
-1.13992 -0.352263
-1.15846 1.24462
0.431257 1.92
0.40509 0.187612
0.351506 1.35439
0.917538 1.13793
0.69136 1.27396
0.764171 1.14152
0.791183 1.31843
0.683219 1.06894
0.870994 1.44532
0.559653 0.883921
0.99873 1.8113
0.193681 0.282633
0.16894 0.999012
1.15219 2.12203
-0.332858 -0.507984
-1.18272 2.23119
1.48232 1.79149
-1.03615 -1.15405
-0.804135 1.92648
1.40024 1.97639
-0.870794 -1.06294
-0.814217 2.23561
1.29217 1.1035
0.139674 0.488107
0.65733 2.16132
0.0685643 -0.194255
-1.65695 0.514466
-0.48493 0.217792
-1.56879 0.479632
-0.81034 -0.134203
-1.26086 1.48165
0.829002 3.17488
-1.3339 -1.66744
-0.705544 1.42703
1.08876 3.10435
-1.55479 -1.51418
-0.810419 0.900072
-0.464068 0.0329426
-1.4979 1.08343
0.289574 1.63964
0.745968 0.687072
0.909487 1.93715
0.153108 0.136781
-0.694866 -0.399008
-1.12359 1.94645
1.41135 2.63229
-1.65104 -1.25179
-0.892827 0.605211
-1.37383 -0.270384
-1.2225 0.66958
-1.15421 -0.344795
-1.16442 1.20999
0.340168 1.67313
0.681799 0.605402
0.931201 2.08985
-0.0136346 -0.13457
-1.64418 0.54871
-0.469833 0.231728
-1.57307 0.389193
-0.912263 -0.17406
-1.22829 1.43104
0.76321 2.9853
-1.01148 -1.52772
-0.664737 2.11506
1.25002 1.1095
0.249685 0.675737
1.00866 2.5479
-0.65446 -1.03519
-0.836179 2.6126
0.996781 0.324574
0.563649 1.56555
0.636529 0.72008
0.970093 1.99685
0.0474415 -0.00229519
-1.5221 -0.382799
-1.17151 0.408938
-1.3906 0.117857
-1.29658 0.218421
-1.34479 0.263405
-1.31671 0.10713
-1.32639 0.385383
-1.29923 -0.0465625
-1.29402 0.615591
-1.15064 -0.308886
-1.1798 1.18605
0.271757 1.50251
0.869373 0.935386
0.797046 1.54888
0.53253 0.746184
1.01777 2.06603
-0.0715126 -0.171881
-1.60416 0.926682
0.17377 1.38882
1.02363 1.2478
0.550929 1.0614
0.950878 1.51745
0.458395 0.757083
1.04527 2.13852
-0.184127 -0.339618
-1.3955 1.73484
1.16634 3.41666
-1.97509 -0.885051
-0.429132 0.579155
-0.85533 -0.462355
-1.07496 1.83045
1.3321 2.90661
-1.75099 -1.19913
-0.848199 0.440591
-1.48926 0.182094
-1.20513 -0.0383208
-1.29988 0.798576
-0.811072 -0.241042
-1.19751 1.63137
1.04453 3.37223
-1.80808 -1.32493
-0.75221 0.46969
-1.49046 0.00689916
-1.23181 0.139014
-1.35342 0.506355
-1.19424 -0.23252
-1.21995 1.02933
-0.221075 0.489125
-0.494264 -0.0990331
-1.38942 1.46259
0.814996 3.21523
-1.37529 -1.68328
-0.711701 1.34194
0.960332 3.09713
-1.37035 -1.60443
-0.74047 1.32286
0.901985 3.04814
-1.23367 -1.59482
-0.700767 1.62793
1.30689 2.66605
-1.42086 -1.41794
-0.825084 1.1426
0.445395 1.86807
0.445326 0.267214
0.604932 1.92861
0.314247 0.172086
0.0804873 0.796295
1.0345 2.66192
-0.851806 -1.24368
-0.746162 2.35863
1.13691 0.698143
0.518055 1.29886
0.847137 1.14189
0.739201 1.2968
0.724736 1.10386
0.83162 1.38146
0.622769 0.977836
0.940038 1.61278
0.399928 0.62576
1.00382 2.40306
-0.454039 -0.77325
-0.993777 2.60864
1.16262 0.551021
0.428128 1.17953
0.969952 1.39397
0.521001 0.916072
1.01282 1.79011
0.19847 0.303487
0.263354 1.20193
1.06327 1.51632
0.355211 0.661824
1.02268 2.42349
-0.505247 -0.833753
-0.951385 2.63468
1.09853 0.442355
0.495432 1.35898
0.822216 1.05323
0.79208 1.42189
0.620096 0.925206
0.956791 1.69817
0.322788 0.49015
0.854256 2.45926
-0.376652 -0.749045
-1.03258 2.62025
1.18809 0.578603
0.383818 1.08193
1.03987 1.61634
0.309988 0.544393
0.909665 2.51462
-0.495905 -0.883715
-0.93319 2.6966
1.02133 0.299612
0.509088 1.45445
0.748444 0.898096
0.887853 1.66377
0.397393 0.569464
0.964257 2.44774
-0.465307 -0.811235
-0.973295 2.64549
1.11052 0.450528
0.47894 1.32101
0.856804 1.12138
0.741652 1.32046
0.709631 1.0702
0.854936 1.43469
0.576149 0.901395
0.986609 1.7685
0.241153 0.361116
0.536508 1.83273
0.430806 0.316519
0.682385 2.10632
0.112894 -0.104027
-1.60152 -0.162239
-1.13432 0.0791237
-1.34696 0.767422
-0.807029 -0.223048
-1.20847 1.61127
1.01353 3.37437
-1.77697 -1.38759
-0.768048 0.517569
-1.45679 -0.132051
-1.24167 0.350371
-1.36539 0.13587
-1.31012 0.24669
-1.33841 0.194822
-1.3248 0.218902
-1.33157 0.209707
-1.32822 0.210456
-1.32992 0.21572
-1.32899 0.20476
-1.32954 0.222616
-1.32903 0.195284
-1.32943 0.23637
-1.32853 0.175057
-1.32899 0.266538
-1.32636 0.130509
-1.32626 0.333597
-1.31615 0.0325715
-1.31236 0.484147
-1.25858 -0.173642
-1.25066 0.83884
-0.776419 -0.228687
-1.20931 1.64714
1.06317 3.37645
-1.83259 -1.27494
-0.732211 0.441396
-1.5052 0.0791091
-1.21145 0.0385612
-1.32721 0.687974
-0.996263 -0.318458
-1.15432 1.47303
0.837389 3.13644
-1.28932 -1.65009
-0.698146 1.52057
1.21092 2.94573
-1.56048 -1.4405
-0.838518 0.857199
-0.689597 -0.239233
-1.21988 1.72566
1.16703 3.3176
-1.89334 -1.08447
-0.654894 0.396675
-1.52624 0.126013
-1.17627 -0.0392642
-1.29927 0.854564
-0.671217 -0.118042
-1.3032 1.53199
0.893345 3.32116
-1.58922 -1.6136
-0.77102 0.881569
-0.464179 0.0261493
-1.49346 1.10393
0.326622 1.73606
0.63642 0.508878
0.911994 2.21722
-0.135556 -0.347572
-1.42474 1.6808
1.10046 3.48058
-1.96427 -0.975355
-0.473582 0.543174
-1.12083 -0.57657
-1.05536 1.45059
0.846105 3.1042
-1.25328 -1.63222
-0.693284 1.59601
1.28581 2.74029
-1.46259 -1.42591
-0.832124 1.05413
0.138779 1.11624
1.15875 1.90516
-0.106221 -0.132657
-1.60512 0.871297
0.0590529 1.1306
1.18683 2.03398
-0.299527 -0.434082
-1.24943 2.07176
1.47217 2.41288
-1.60354 -1.24468
-0.906651 0.688675
-1.24445 -0.426423
-1.14811 1.08502
-0.0533125 0.781096
0.899673 2.71538
-0.7585 -1.21403
-0.757797 2.53156
0.988091 0.365501
0.605723 1.63677
0.560554 0.612646
0.978199 2.21752
-0.197065 -0.403107
-1.33573 1.91233
1.36623 3.00679
-1.8996 -0.89793
-0.645575 0.345418
-1.53868 0.299293
-1.0698 -0.17645
-1.23138 1.20312
0.324708 1.65082
0.711396 0.64927
0.925061 2.01279
0.0692521 0.00216968
-1.47789 -0.480082
-1.15646 0.580407
-1.31221 -0.21098
-1.24047 0.757664
-0.97851 -0.347605
-1.13816 1.53046
0.923023 3.27272
-1.55931 -1.60795
-0.77399 0.933244
-0.242847 0.368359
-1.13196 -0.624387
-1.03769 1.45802
0.866326 3.13481
-1.31612 -1.64292
-0.709308 1.4577
1.12632 3.07713
-1.5778 -1.48243
-0.822482 0.842209
-0.723949 -0.277224
-1.18922 1.75831
1.2171 3.23652
-1.88176 -1.06771
-0.681144 0.374384
-1.52968 0.24724
-1.11956 -0.141079
-1.2522 1.07754
-0.0405758 0.828755
0.976427 2.75841
-0.909067 -1.32913
-0.719535 2.27231
1.18281 0.841886
0.440725 1.10065
0.999059 1.52708
0.412353 0.712647
1.0448 2.2734
-0.343312 -0.588514
-1.12938 2.37635
1.41854 1.28438
-0.390338 -0.390379
-1.23183 2.02657
1.45119 2.5393
-1.66428 -1.20989
-0.901594 0.56321
-1.41703 -0.155358
-1.24927 0.464541
-1.32537 -0.0780619
-1.2826 0.593971
-1.1901 -0.287572
-1.19576 1.08824
-0.0342896 0.828577
0.982061 2.75555
-0.912339 -1.32933
-0.719799 2.26532
1.18867 0.858143
0.428531 1.07272
1.01743 1.58951
0.351965 0.60696
0.983973 2.47661
-0.526245 -0.883536
-0.92459 2.66384
1.04362 0.349998
0.520278 1.4542
0.742209 0.895949
0.892231 1.67017
0.389772 0.558868
0.954078 2.45937
-0.469239 -0.822396
-0.967205 2.6551
1.09574 0.423774
0.488782 1.35271
0.830342 1.06576
0.781929 1.40245
0.637887 0.952855
0.939048 1.64357
0.377947 0.581043
0.969424 2.46268
-0.490695 -0.84337
-0.951602 2.65912
1.07622 0.395279
0.502828 1.39499
0.793646 0.993309
0.83197 1.51271
0.538503 0.79543
1.0174 1.97974
0.017892 -0.0189771
-1.58277 -0.183571
-1.15523 0.127793
-1.36216 0.658444
-0.990708 -0.302451
-1.16194 1.46593
0.825213 3.11311
-1.24529 -1.63992
-0.687892 1.6169
1.30404 2.66484
-1.41215 -1.41989
-0.822004 1.16265
0.504437 2.03288
0.261469 0.00560763
-0.918701 -0.61784
-1.00292 1.86549
1.37874 2.65997
-1.59705 -1.31559
-0.882592 0.732333
-1.13921 -0.475584
-1.10352 1.34289
0.655519 2.59034
-0.413799 -0.917821
-0.946161 2.80986
0.923005 0.10904
0.376511 1.254
0.96256 1.29932
0.579705 1.04503
0.940786 1.52814
0.458747 0.746847
1.04337 2.15509
-0.200578 -0.367368
-1.36152 1.82858
1.27906 3.23561
-1.95738 -0.827325
-0.474568 0.506292
-1.23984 -0.559798
-1.09289 1.18519
0.290132 1.52673
0.837131 0.879353
0.833373 1.63686
0.449471 0.617885
0.999247 2.34806
-0.378159 -0.666908
-1.07225 2.49951
1.31218 0.893531
0.106654 0.479668
0.58183 1.9849
0.27238 0.0832229
-0.488443 -0.160509
-1.34735 1.59778
0.980793 3.43552
-1.80825 -1.36948
-0.739394 0.493739
-1.47381 -0.0903248
-1.23922 0.271597
-1.37019 0.278676
-1.29563 0.041065
-1.31821 0.516554
-1.22711 -0.220197
-1.22931 0.950278
-0.474173 0.10072
-1.53238 0.883794
-0.107309 0.773031
0.820693 2.6233
-0.561388 -1.01948
-0.861509 2.74068
0.895894 0.121418
0.420923 1.35571
0.870639 1.09161
0.7444 1.35362
0.688315 1.02319
0.886042 1.51168
0.507043 0.788437
1.03078 2.02597
-0.0441111 -0.116388
-1.63856 0.578967
-0.434996 0.275807
-1.5649 0.111486
-1.12641 -0.0756411
-1.2823 0.989258
-0.296176 0.377945
-1.24281 -0.601602
-1.07688 1.20407
0.353437 1.68505
0.662679 0.580396
0.932441 2.13481
-0.0621505 -0.214554
-1.5841 1.07256
0.413739 2.01649
0.322673 0.0373032
-0.532282 -0.226753
-1.27997 1.74416
1.17983 3.3373
-1.92497 -1.00313
-0.583276 0.43021
-1.49407 -0.138736
-1.22351 0.272533
-1.37616 0.303094
-1.28443 -0.00254073
-1.30823 0.59469
-1.15915 -0.295225
-1.18731 1.15714
0.186023 1.29854
1.0671 1.41748
0.413659 0.793257
1.06432 2.13611
-0.206696 -0.363843
-1.3601 1.82743
1.27771 3.23731
-1.95706 -0.829584
-0.475998 0.505015
-1.24622 -0.556838
-1.09576 1.16919
0.23991 1.40425
0.963938 1.14333
0.65199 1.23931
0.805559 1.19864
0.738903 1.23118
0.761241 1.19681
0.766193 1.24176
0.740018 1.17821
0.787829 1.27175
0.711342 1.1338
0.825872 1.34161
0.649741 1.03316
0.904865 1.51266
0.494201 0.782057
1.03557 2.05171
-0.0767948 -0.168561
-1.60287 0.929468
0.176376 1.39454
1.01805 1.23308
0.563375 1.08504
0.93373 1.47109
0.501413 0.829623
1.0331 1.96159
0.0186648 -0.00610915
-1.56473 -0.250126
-1.16855 0.214743
-1.3838 0.493062
-1.16595 -0.237414
-1.21394 1.09024
-0.0208664 0.859224
1.02904 2.73735
-0.952062 -1.34159
-0.720356 2.18337
1.25047 1.05183
0.264229 0.718145
1.04507 2.48536
-0.619995 -0.972838
-0.866586 2.62018
1.0231 0.35328
0.552147 1.52349
0.674167 0.784612
0.949915 1.87273
0.181601 0.220107
-0.15269 0.380017
-0.756809 -0.418778
-1.10351 1.90923
1.38953 2.71681
-1.68313 -1.23696
-0.884314 0.545968
-1.43303 -0.116339
-1.25277 0.389534
-1.3513 0.0497367
-1.30676 0.387459
-1.31444 -0.0224565
-1.29915 0.554721
-1.21335 -0.252921
-1.21402 1.00933
-0.292156 0.369151
-1.26079 -0.595798
-1.08409 1.16034
0.217553 1.34827
1.01638 1.27602
0.544192 1.03347
0.965648 1.56882
0.41178 0.675977
1.03025 2.32747
-0.391288 -0.668161
-1.06645 2.49786
1.30908 0.889247
0.116771 0.498614
0.642821 2.13378
0.10256 -0.149874
-1.64692 0.129593
-0.958582 -0.112828
-1.2605 1.29293
0.53749 2.27194
0.00504797 -0.378743
-1.50903 1.49409
0.89347 3.44275
-1.73326 -1.51507
-0.760542 0.623565
-1.30796 -0.427453
-1.16065 0.944038
-0.541262 -0.00279087
-1.43448 1.26078
0.558793 2.41145
-0.156798 -0.610095
-1.21255 2.33975
1.47 1.50605
-0.755774 -0.875992
-0.888148 2.33489
1.28443 0.993895
0.185367 0.595533
0.88468 2.57157
-0.547436 -0.966126
-0.885742 2.71482
0.950666 0.201953
0.489565 1.46546
0.751875 0.885758
0.888522 1.67879
0.385529 0.547104
0.94292 2.46571
-0.465572 -0.823579
-0.967863 2.65956
1.09231 0.41601
0.489691 1.3579
0.826376 1.05703
0.787899 1.41536
0.62651 0.934524
0.950714 1.67927
0.342157 0.522048
0.902013 2.48861
-0.454797 -0.831704
-0.967858 2.67789
1.07538 0.380767
0.493838 1.38199
0.807806 1.01687
0.814761 1.47552
0.572943 0.848967
0.997123 1.85794
0.153925 0.208096
-0.323132 0.10011
-1.59518 0.545755
-0.632672 0.0221474
-1.41075 1.24653
0.516703 2.26391
0.0227096 -0.365737
-1.53392 1.40619
0.806606 3.28487
-1.45988 -1.69286
-0.728715 1.16636
0.642676 2.41069
-0.193921 -0.611217
-1.19072 2.36799
1.45147 1.39553
-0.599013 -0.68273
-0.995304 2.37622
1.33747 1.07372
0.00265465 0.260992
-0.697488 -0.380292
-1.13374 1.91986
1.39231 2.73544
-1.70814 -1.20782
-0.879094 0.495475
-1.46502 0.0294452
-1.25022 0.167471
-1.35503 0.428749
-1.25009 -0.143229
-1.26157 0.825847
-0.796495 -0.241574
-1.19892 1.64641
1.06504 3.37061
-1.82876 -1.27957
-0.736608 0.443492
-1.50406 0.0773599
-1.21292 0.0423116
-1.32836 0.68014
-1.00801 -0.319683
-1.1548 1.45494
0.811863 3.07766
-1.18336 -1.61741
-0.676794 1.75102
1.36585 2.20553
-1.01253 -1.21455
-0.776794 2.00233
1.37936 1.66927
-0.483439 -0.583374
-1.0772 2.33892
1.40797 1.305
-0.352933 -0.340427
-1.28672 1.90868
1.36446 2.97351
-1.87003 -0.967862
-0.713358 0.321944
-1.52281 0.464355
-0.94471 -0.212063
-1.20709 1.43541
0.772248 3.00018
-1.0398 -1.54502
-0.664482 2.05645
1.28675 1.25838
0.0980211 0.377941
0.246726 1.18469
1.08116 1.57416
0.29412 0.553529
0.910916 2.52588
-0.511927 -0.904613
-0.919972 2.70049
1.0032 0.274699
0.509535 1.46885
0.737832 0.875543
0.899437 1.70094
0.361433 0.511014
0.899319 2.47383
-0.433293 -0.80328
-0.987396 2.66034
1.11099 0.440135
0.47179 1.31018
0.868032 1.14244
0.724946 1.28921
0.736955 1.11595
0.81902 1.36095
0.642389 1.00749
0.918645 1.55585
0.455515 0.716513
1.03738 2.20811
-0.254611 -0.45684
-1.25918 2.08921
1.47938 2.36746
-1.58238 -1.25332
-0.90598 0.733892
-1.1462 -0.467553
-1.10859 1.32275
0.616617 2.46735
-0.247052 -0.705935
-1.10943 2.56717
1.2921 0.789894
0.162502 0.603673
0.875435 2.57437
-0.542722 -0.965047
-0.887396 2.71991
0.947398 0.194816
0.483781 1.45615
0.762012 0.902045
0.878392 1.651
0.412878 0.590474
0.981879 2.41789
-0.446721 -0.775327
-0.995278 2.61639
1.15735 0.537404
0.433117 1.19433
0.959213 1.36381
0.547067 0.962549
0.98739 1.6878
0.305675 0.4855
0.836538 2.44697
-0.347917 -0.718102
-1.05878 2.58427
1.23961 0.687515
0.293144 0.873471
1.10784 2.16773
-0.30913 -0.498495
-1.20074 2.20508
1.48884 1.90199
-1.16546 -1.23616
-0.809327 1.66461
1.28825 2.83115
-1.57857 -1.38475
-0.85896 0.797997
-0.930798 -0.431505
-1.09268 1.68678
1.16103 3.25358
-1.82571 -1.21423
-0.756295 0.409857
-1.51213 0.21392
-1.1634 -0.0984369
-1.27424 0.949139
-0.431097 0.171129
-1.57631 0.539836
-0.698608 -0.0483555
-1.34067 1.39626
0.719846 2.91109
-0.874929 -1.42964
-0.681275 2.38361
1.0453 0.539996
0.622059 1.57225
0.601977 0.708375
0.98512 2.04769
-0.0181314 -0.104221
-1.64513 0.414827
-0.676705 0.00439056
-1.38247 1.29252
0.578892 2.45568
-0.21616 -0.684697
-1.13592 2.52068
1.34242 0.929657
0.00114317 0.287657
-0.566783 -0.22605
-1.26664 1.74342
1.18079 3.3287
-1.91874 -1.01693
-0.599015 0.419688
-1.50807 -0.0658012
-1.21901 0.174208
-1.3639 0.475214
-1.2074 -0.207026
-1.23236 0.978154
-0.381601 0.233731
-1.57635 0.136336
-1.0974 -0.103072
-1.26834 1.07228
-0.0451652 0.823429
0.965324 2.75817
-0.894486 -1.32098
-0.721088 2.30048
1.16124 0.781845
0.481615 1.1977
0.92759 1.32659
0.59193 1.02724
0.940558 1.55047
0.443682 0.715293
1.03977 2.22591
-0.278887 -0.49319
-1.2203 2.18022
1.49268 2.01153
-1.28506 -1.28334
-0.831999 1.40461
0.938311 3.1362
-1.39719 -1.6193
-0.74243 1.26961
0.815971 2.89058
-0.923995 -1.42532
-0.687105 2.27534
1.14848 0.77799
0.504529 1.24084
0.889785 1.24217
0.663103 1.15211
0.844932 1.32682
0.646794 1.05042
0.899812 1.48728
0.514309 0.818989
1.02774 1.96589
0.0204014 -0.00701154
-1.56414 -0.25297
-1.16876 0.218155
-1.38449 0.486789
-1.17068 -0.232271
-1.21685 1.07602
-0.0665379 0.770236
0.868335 2.68269
-0.682356 -1.1432
-0.79133 2.63413
0.923253 0.219546
0.538646 1.5749
0.642531 0.708057
0.966368 2.00755
0.0401514 -0.0176686
-1.55773 -0.283296
-1.17033 0.254993
-1.39094 0.418788
-1.21493 -0.168492
-1.24901 0.924431
-0.535374 0.0249549
-1.45615 1.18437
0.441472 2.04861
0.276817 -0.0167314
-0.968081 -0.652557
-0.992738 1.80199
1.33311 2.83599
-1.68044 -1.27939
-0.871826 0.570508
-1.41213 -0.193265
-1.24128 0.511616
-1.3039 -0.149953
-1.26106 0.716943
-1.03411 -0.350108
-1.14276 1.43943
0.793484 3.02495
-1.09287 -1.57209
-0.66751 1.94399
1.34261 1.57668
-0.272462 -0.274955
-1.3862 1.68462
1.09956 3.45965
-1.94619 -1.02171
-0.527362 0.492417
-1.35688 -0.457663
-1.15783 0.852217
-0.824158 -0.291097
-1.16767 1.68132
1.12313 3.32763
-1.85175 -1.19867
-0.718699 0.408388
-1.51772 0.176932
-1.17056 -0.0729843
-1.28532 0.906048
-0.546789 0.01954
-1.44699 1.20781
0.476549 2.15194
0.156829 -0.183727
-1.64733 0.068012
-0.994328 -0.0973579
-1.26825 1.22458
0.389517 1.83569
0.506617 0.328219
0.747086 2.19659
-0.00893073 -0.255406
-1.59309 1.0768
0.436037 2.08747
0.24127 -0.0782507
-1.32419 -0.686089
-1.06648 1.06587
-0.103075 0.669504
0.627702 2.16713
0.0753252 -0.204687
-1.65737 0.539751
-0.440461 0.276161
-1.56544 0.12551
-1.12009 -0.0862712
-1.27723 1.01314
-0.22581 0.493779
-0.490607 -0.0933545
-1.39544 1.44684
0.797127 3.17321
-1.30187 -1.67558
-0.692538 1.50156
1.19378 2.97475
-1.56462 -1.44879
-0.835424 0.852691
-0.702667 -0.253365
-1.20809 1.73893
1.18734 3.28791
-1.89074 -1.07334
-0.661508 0.388523
-1.52862 0.166775
-1.15921 -0.0777506
-1.28283 0.932768
-0.470631 0.118144
-1.54266 0.818768
-0.234681 0.548939
-0.246345 0.280063
-1.40746 -0.486584
-1.154 0.752372
-1.0675 -0.392034
-1.12756 1.41656
0.76515 2.93993
-0.949767 -1.47494
-0.672955 2.2358
1.16723 0.840629
0.470539 1.15457
0.956467 1.40809
0.523373 0.904843
1.01378 1.80762
0.182396 0.274297
0.0982657 0.8549
1.09282 2.56189
-0.803514 -1.16335
-0.774791 2.41899
1.11311 0.617306
0.542974 1.38073
0.780005 1.00502
0.836745 1.50234
0.542795 0.80956
1.01513 1.95187
0.0478276 0.0318061
-1.44859 -0.519933
-1.14553 0.676051
-1.20722 -0.35058
-1.17193 1.10639
0.021333 0.93542
1.12214 2.57008
-0.868222 -1.21537
-0.757272 2.31237
1.18659 0.818225
0.43342 1.09607
1.0053 1.54176
0.396765 0.686702
1.0362 2.33364
-0.407072 -0.687725
-1.05061 2.52102
1.28078 0.814479
0.200563 0.667527
0.977929 2.60279
-0.690598 -1.09504
-0.808166 2.59094
0.986589 0.32558
0.576953 1.59557
0.60675 0.674335
0.978355 2.08924
-0.0550715 -0.171348
-1.61387 0.870892
0.0821063 1.1836
1.17239 1.85417
-0.0806148 -0.077985
-1.63461 0.533456
-0.528019 0.154928
-1.53449 0.787803
-0.329744 0.392404
-1.27582 -0.579793
-1.09439 1.11685
0.0678292 1.01577
1.16969 2.29622
-0.58614 -0.861438
-0.918817 2.57179
1.1228 0.521902
0.49337 1.3222
0.847283 1.11347
0.751383 1.33402
0.696292 1.0504
0.870854 1.46827
0.54506 0.852191
1.01078 1.87806
0.122304 0.16153
-0.696742 -0.396636
-1.12459 1.94174
1.4083 2.64939
-1.66062 -1.2453
-0.891516 0.585979
-1.39575 -0.222207
-1.23576 0.576242
-1.25566 -0.245596
-1.22265 0.9135
-0.594927 -0.0538865
-1.37472 1.40578
0.74029 2.99519
-1.00678 -1.53598
-0.660941 2.12846
1.23758 1.06894
0.290656 0.75872
1.07167 2.38532
-0.525829 -0.83475
-0.945144 2.61489
1.11026 0.472721
0.491942 1.33914
0.837285 1.08654
0.769125 1.37271
0.663272 0.995077
0.910831 1.56499
0.454453 0.706136
1.03474 2.22551
-0.271889 -0.485413
-1.22941 2.16047
1.49255 2.08949
-1.35939 -1.29758
-0.851532 1.23831
0.642828 2.45417
-0.244101 -0.685175
-1.12189 2.52993
1.32684 0.889989
0.0565966 0.392031
0.168423 1.02247
1.15367 2.0687
-0.2735 -0.413959
-1.27887 2.01116
1.4429 2.64971
-1.7454 -1.12137
-0.87406 0.407477
-1.48753 0.290444
-1.16146 -0.138217
-1.25696 0.99738
-0.296815 0.371124
-1.2656 -0.592629
-1.08663 1.14762
0.175113 1.2502
1.098 1.53655
0.299451 0.582008
0.943537 2.53276
-0.554749 -0.943472
-0.89283 2.68561
0.987921 0.265843
0.520034 1.49845
0.710276 0.82755
0.924574 1.78531
0.276308 0.372814
0.619073 2.02171
0.221803 0.0278777
-0.959066 -0.638366
-0.997878 1.80856
1.33703 2.82675
-1.679 -1.27809
-0.872924 0.572094
-1.41054 -0.19688
-1.24064 0.518675
-1.29955 -0.160997
-1.25725 0.737605
-0.99957 -0.346736
-1.14051 1.49512
0.872763 3.19917
-1.41026 -1.65576
-0.731842 1.25553
0.804237 2.85886
-0.869257 -1.37962
-0.698493 2.37703
1.07035 0.581267
0.599793 1.50732
0.661 0.805115
0.955457 1.85353
0.194271 0.247698
0.0225813 0.70255
0.871829 2.64335
-0.631943 -1.08044
-0.822941 2.67963
0.913639 0.179908
0.496315 1.4989
0.723435 0.831716
0.916104 1.7706
0.294444 0.399248
0.693761 2.18785
0.0253419 -0.237759
-1.62506 0.889311
0.150378 1.34145
1.06898 1.37671
0.43532 0.844765
1.06052 2.01292
-0.0667288 -0.134194
-1.62458 0.745777
-0.151898 0.720642
0.65084 2.24339
-0.0136867 -0.329731
-1.5344 1.37126
0.768396 3.17928
-1.2847 -1.68527
-0.683512 1.54367
1.24449 2.85802
-1.51827 -1.4368
-0.837223 0.940613
-0.340248 0.22075
-1.57461 0.0616019
-1.12885 -0.0498396
-1.2938 0.95319
-0.394486 0.22879
-1.57938 0.197507
-1.05962 -0.139123
-1.24892 1.17753
0.260294 1.49192
0.885983 0.963453
0.777074 1.50499
0.573345 0.808795
1.00066 1.92309
0.0902475 0.0960129
-1.12595 -0.685253
-1.01062 1.50727
0.953622 3.23916
-1.55056 -1.59331
-0.779533 0.943093
-0.211977 0.421928
-0.792686 -0.443793
-1.08687 1.89527
1.38251 2.73103
-1.68112 -1.24405
-0.883024 0.552474
-1.42791 -0.135619
-1.25069 0.420258
-1.34322 -0.00206266
-1.29906 0.468032
-1.28211 -0.137501
-1.26497 0.751769
-0.961748 -0.333775
-1.14394 1.54333
0.938923 3.29343
-1.60233 -1.58068
-0.782872 0.842943
-0.652984 -0.209698
-1.24846 1.69614
1.1213 3.37235
-1.89169 -1.12483
-0.65441 0.410754
-1.52035 0.073191
-1.19624 0.0183819
-1.32104 0.743568
-0.900341 -0.288673
-1.16576 1.58436
0.988752 3.34263
-1.71505 -1.47081
-0.78789 0.619554
-1.33017 -0.39178
-1.17762 0.867285
-0.768438 -0.241583
-1.20285 1.67203
1.09931 3.36067
-1.85665 -1.20809
-0.708571 0.415532
-1.51662 0.138732
-1.18477 -0.0369921
-1.30027 0.835842
-0.718716 -0.164141
-1.26025 1.5914
0.97585 3.38526
-1.74926 -1.44481
-0.773666 0.569972
-1.40071 -0.283384
-1.21794 0.617523
-1.22746 -0.292648
-1.1997 1.01523
-0.280783 0.38459
-1.18119 -0.617438
-1.05352 1.3489
0.689463 2.67729
-0.542477 -1.06869
-0.847793 2.8058
0.810083 -0.0152429
0.151196 0.835293
1.0954 2.49841
-0.718793 -1.06677
-0.815635 2.52442
1.05937 0.466058
0.571303 1.50738
0.675829 0.807041
0.947015 1.83931
0.213486 0.275846
0.201884 1.06529
1.1391 1.90752
-0.0743094 -0.0914397
-1.63417 0.574134
-0.458435 0.24255
-1.57421 0.316412
-0.982257 -0.177239
-1.22621 1.34114
0.624872 2.5416
-0.338812 -0.832189
-1.0099 2.75138
1.04946 0.295898
0.463633 1.35359
0.845118 1.07445
0.76868 1.38567
0.655531 0.97695
0.921397 1.59659
0.424887 0.657061
1.02051 2.33447
-0.38742 -0.66814
-1.06797 2.49894
1.30945 0.888866
0.11556 0.496543
0.636328 2.11816
0.120888 -0.124905
-1.61828 -0.0879849
-1.10245 0.00273889
-1.31674 0.928623
-0.436577 0.173648
-1.57516 0.542889
-0.697021 -0.0474882
-1.34173 1.39494
0.718254 2.90649
-0.867454 -1.42321
-0.683088 2.39731
1.03431 0.515192
0.627781 1.59721
0.580355 0.671601
0.988281 2.12169
-0.0998919 -0.239208
-1.53972 1.26678
0.650505 2.78384
-0.657906 -1.2328
-0.762462 2.7281
0.787627 0.00465447
0.207067 0.952532
1.13837 2.15347
-0.344769 -0.534735
-1.16043 2.2826
1.46571 1.59904
-0.800311 -0.934745
-0.862578 2.29729
1.28963 1.04013
0.162295 0.543292
0.787363 2.43919
-0.304793 -0.684792
-1.09395 2.53671
1.30228 0.837894
0.135984 0.544574
0.758216 2.39301
-0.232468 -0.595623
-1.17944 2.35861
1.44993 1.40613
-0.597495 -0.682493
-0.995754 2.37752
1.33699 1.07122
0.0048786 0.26527
-0.666106 -0.34592
-1.16024 1.89736
1.37052 2.84773
-1.76975 -1.14388
-0.843813 0.396503
-1.49526 0.314622
-1.13515 -0.164167
-1.24305 1.07453
-0.0564797 0.795557
0.916514 2.73384
-0.802385 -1.25295
-0.742114 2.46345
1.03685 0.475423
0.607633 1.57801
0.604774 0.699867
0.982928 2.05671
-0.0253468 -0.118031
-1.64336 0.513481
-0.532412 0.153509
-1.532 0.799078
-0.310533 0.421662
-1.13084 -0.610949
-1.0431 1.45197
0.854572 3.11513
-1.27694 -1.63674
-0.699176 1.54384
1.23479 2.89379
-1.5428 -1.43377
-0.840442 0.889416
-0.562427 -0.0922565
-1.36182 1.47935
0.830453 3.23546
-1.4169 -1.6793
-0.724371 1.25072
0.804444 2.85606
-0.865517 -1.37585
-0.699619 2.38356
1.06552 0.569685
0.603406 1.52019
0.649799 0.785792
0.963081 1.8909
0.154381 0.181523
-0.45833 -0.101845
-1.40633 1.44321
0.795613 3.17569
-1.30388 -1.67702
-0.692626 1.49758
1.18915 2.98297
-1.56643 -1.45071
-0.834698 0.850022
-0.71203 -0.263029
-1.20017 1.74678
1.19953 3.26779
-1.88761 -1.06993
-0.668555 0.38282
-1.52954 0.198539
-1.14459 -0.10471
-1.27038 0.991108
-0.3034 0.363579
-1.30256 -0.571162
-1.10455 1.05073
-0.172 0.551026
0.020689 0.757411
0.944376 2.71151
-0.802473 -1.23864
-0.747283 2.45677
1.04892 0.496799
0.600583 1.55217
0.627678 0.738352
0.975221 1.97948
0.0598992 0.0232068
-1.44606 -0.5272
-1.1432 0.686689
-1.19264 -0.361592
-1.16441 1.14572
0.149532 1.20968
1.12992 1.66775
0.156921 0.326595
0.229527 1.13569
1.10922 1.70429
0.157281 0.308722
0.159811 0.986372
1.15271 2.16931
-0.39079 -0.5957
-1.10504 2.38616
1.4007 1.22163
-0.286642 -0.228975
-1.41327 1.58347
0.970915 3.46645
-1.83066 -1.34454
-0.717335 0.47817
-1.48356 -0.0682194
-1.23544 0.228544
-1.36828 0.357905
-1.2724 -0.0655878
-1.28952 0.694466
-1.03826 -0.338619
-1.14886 1.42155
0.765688 2.952
-0.967039 -1.48965
-0.67033 2.20233
1.19141 0.911897
0.418952 1.03602
1.03584 1.66808
0.274958 0.470788
0.790894 2.39211
-0.250857 -0.602812
-1.16546 2.38072
1.43473 1.3249
-0.483213 -0.524316
-1.10972 2.25242
1.45409 1.60747
-0.751887 -0.887455
-0.883679 2.34955
1.27058 0.951129
0.229491 0.685131
1.00871 2.56506
-0.678272 -1.06411
-0.821512 2.59261
1.00003 0.341721
0.573455 1.57795
0.622034 0.70088
0.975355 2.03761
0.00157956 -0.0775189
-1.63871 0.192364
-0.933378 -0.124911
-1.25468 1.34087
0.624618 2.55288
-0.352276 -0.851229
-0.996431 2.77058
1.01716 0.243824
0.457268 1.36439
0.841894 1.05945
0.776629 1.40639
0.638286 0.947579
0.940353 1.6516
0.370974 0.568558
0.957455 2.47452
-0.492769 -0.852859
-0.94697 2.66735
1.06377 0.373327
0.507192 1.41436
0.777772 0.961441
0.85225 1.56257
0.492572 0.722627
1.0285 2.15073
-0.177083 -0.339017
-1.40107 1.72293
1.15161 3.4333
-1.97394 -0.902204
-0.43552 0.574551
-0.895523 -0.490834
-1.06153 1.79711
1.30438 2.97689
-1.76914 -1.19465
-0.831588 0.422433
-1.49593 0.22996
-1.17909 -0.0935586
-1.27717 0.913933
-0.53413 0.0333729
-1.46234 1.16073
0.4018 1.93435
0.407955 0.169504
0.299348 1.23755
1.02243 1.40259
0.469376 0.863881
1.04544 1.93654
0.0291575 0.0214906
-1.50382 -0.416617
-1.16908 0.475657
-1.37177 -0.0159414
-1.2893 0.42128
-1.3148 -0.0532717
-1.29066 0.589553
-1.18605 -0.285885
-1.19582 1.09498
-0.0117868 0.873394
1.05074 2.71554
-0.953822 -1.33216
-0.723979 2.17602
1.25859 1.07691
0.237734 0.664759
0.994114 2.56835
-0.663464 -1.05389
-0.827595 2.61058
0.989106 0.316132
0.565968 1.5759
0.627448 0.704365
0.973211 2.0274
0.013968 -0.0578265
-1.62352 0.0339605
-1.05771 -0.0762065
-1.27964 1.10386
0.0620314 1.04507
1.17761 2.2391
-0.52865 -0.779415
-0.968431 2.55285
1.18649 0.630791
0.405893 1.10845
1.01648 1.54359
0.385113 0.674316
1.03077 2.36676
-0.442119 -0.741176
-1.01245 2.57609
1.20673 0.643076
0.363233 1.02137
1.07029 1.75968
0.161634 0.283181
0.066342 0.794173
1.02337 2.68044
-0.861856 -1.25948
-0.740916 2.34452
1.14377 0.719696
0.508668 1.27245
0.868779 1.18838
0.703556 1.22917
0.782262 1.20483
0.749793 1.227
0.757248 1.20117
0.76631 1.23632
0.742842 1.18579
0.782422 1.26049
0.720598 1.15005
0.81281 1.31596
0.672153 1.06993
0.877047 1.44771
0.554366 0.879386
1.00225 1.82354
0.179666 0.259602
0.0248482 0.709353
0.884039 2.65742
-0.662645 -1.11129
-0.806093 2.6489
0.925477 0.213124
0.528794 1.55499
0.663069 0.739484
0.957324 1.94543
0.10843 0.0949704
-1.06765 -0.672856
-1.00179 1.62099
1.12119 3.24046
-1.76031 -1.33503
-0.80005 0.501805
-1.46986 -0.0468213
-1.24494 0.236909
-1.36594 0.32743
-1.28588 -0.0202144
-1.30296 0.613066
-1.1429 -0.308104
-1.17886 1.2005
0.312761 1.60581
0.757369 0.730385
0.903711 1.87644
0.212293 0.2378
0.0403639 0.734317
0.933388 2.694
-0.765097 -1.20376
-0.761164 2.51376
1.00947 0.405205
0.605743 1.61314
0.578899 0.64775
0.983318 2.15436
-0.130771 -0.293188
-1.47337 1.51248
0.900332 3.43058
-1.72588 -1.51759
-0.764408 0.632543
-1.29264 -0.440575
-1.15266 0.988065
-0.394452 0.19733
-1.58567 0.334551
-0.938513 -0.169271
-1.23025 1.39163
0.705937 2.80982
-0.727438 -1.2825
-0.73556 2.62456
0.865924 0.156269
0.498203 1.52665
0.701589 0.788147
0.934151 1.84638
0.217119 0.271757
0.196656 1.05344
1.14268 1.94397
-0.117618 -0.163713
-1.58042 1.03239
0.333414 1.78596
0.587274 0.425227
0.865094 2.28082
-0.17136 -0.434513
-1.32875 1.95815
1.40588 2.86712
-1.85462 -0.963966
-0.745311 0.305877
-1.51099 0.540682
-0.870635 -0.195141
-1.2186 1.50746
0.868917 3.23374
-1.45237 -1.65851
-0.740727 1.16753
0.628893 2.37379
-0.14588 -0.548142
-1.26106 2.19535
1.50167 2.01832
-1.32859 -1.28639
-0.845605 1.30516
0.771108 2.82596
-0.7965 -1.32289
-0.717202 2.506
0.966685 0.353707
0.621599 1.68044
0.518497 0.548235
0.955446 2.32628
-0.302768 -0.58064
-1.15282 2.35643
1.43861 1.37384
-0.526062 -0.588056
-1.06119 2.32188
1.40708 1.32537
-0.35884 -0.352341
-1.27483 1.93705
1.38995 2.87785
-1.83432 -1.0189
-0.777457 0.318295
-1.50462 0.521532
-0.912751 -0.214637
-1.20588 1.48108
0.835536 3.15967
-1.31943 -1.66021
-0.703821 1.4566
1.12968 3.07069
-1.57508 -1.48173
-0.822832 0.847022
-0.705579 -0.258683
-1.20419 1.74487
1.196 3.27475
-1.88948 -1.06889
-0.664605 0.384997
-1.52936 0.184539
-1.15098 -0.0932975
-1.27574 0.966175
-0.376333 0.251541
-1.5659 0.040558
-1.14722 -0.0226971
-1.30573 0.886464
-0.5744 -0.00888362
-1.41476 1.29584
0.602012 2.54854
-0.335989 -0.842137
-1.00674 2.76616
1.03217 0.264692
0.458365 1.35649
0.846464 1.07198
0.768735 1.38837
0.653822 0.973155
0.92361 1.60331
0.418513 0.646488
1.01564 2.356
-0.408486 -0.70158
-1.04327 2.54015
1.26083 0.761991
0.251234 0.774508
1.0771 2.42464
-0.586973 -0.913184
-0.897329 2.61721
1.05902 0.402129
0.534802 1.46083
0.729291 0.882827
0.903128 1.69578
0.363042 0.517568
0.906854 2.4766
-0.443824 -0.813713
-0.979261 2.66534
1.09842 0.419809
0.481503 1.33892
0.843749 1.09099
0.763024 1.36462
0.671535 1.00674
0.90191 1.54348
0.475274 0.739478
1.03703 2.14576
-0.181922 -0.341351
-1.39567 1.73625
1.16817 3.41497
-1.97555 -0.882017
-0.427169 0.581115
-0.840323 -0.450794
-1.08104 1.84002
1.33904 2.88935
-1.74739 -1.19879
-0.851555 0.443996
-1.48783 0.173209
-1.20944 -0.0271867
-1.30404 0.776566
-0.85546 -0.26962
-1.17757 1.61885
1.03317 3.3615
-1.78444 -1.36477
-0.767528 0.500787
-1.47035 -0.0784003
-1.24218 0.267515
-1.36889 0.280691
-1.29621 0.0404547
-1.31796 0.516118
-1.22776 -0.219493
-1.22967 0.948257
-0.480277 0.092523
-1.52509 0.920441
-0.0368428 0.906994
1.06721 2.71721
-0.982694 -1.34867
-0.722704 2.11826
1.2945 1.22064
0.0924546 0.378425
0.231248 1.15164
1.10297 1.66695
0.196107 0.378419
0.49655 1.74765
0.524435 0.448397
0.883031 2.34228
-0.256672 -0.554791
-1.19208 2.29083
1.47522 1.62191
-0.863085 -0.996728
-0.839296 2.216
1.32298 1.20217
0.0128242 0.25016
-0.709061 -0.394166
-1.12383 1.92751
1.39908 2.69408
-1.68293 -1.23022
-0.886563 0.543024
-1.43505 -0.106654
-1.25377 0.37526
-1.35416 0.0736499
-1.30933 0.351196
-1.32385 0.031366
-1.31047 0.469235
-1.27052 -0.151013
-1.25975 0.790555
-0.883807 -0.30059
-1.15952 1.61985
1.04078 3.35242
-1.78317 -1.36118
-0.76994 0.49957
-1.47134 -0.0716196
-1.24225 0.258597
-1.36845 0.295739
-1.29297 0.0201126
-1.31336 0.548707
-1.20312 -0.253818
-1.21217 1.0312
-0.219554 0.490052
-0.482999 -0.0837769
-1.40639 1.41846
0.765325 3.09019
-1.15942 -1.62859
-0.66563 1.80978
1.36895 1.98382
-0.761013 -0.962829
-0.852738 2.38507
1.21732 0.81718
0.367288 0.974859
1.07841 1.84814
0.0727301 0.124915
-1.06527 -0.665962
-1.00421 1.62153
1.12044 3.24231
-1.76132 -1.3343
-0.799362 0.500584
-1.47068 -0.0435787
-1.24466 0.231832
-1.36557 0.336314
-1.28319 -0.0320272
-1.29964 0.632787
-1.12078 -0.320164
-1.16971 1.25392
0.451881 1.98247
0.335351 0.0871424
-0.237351 0.212256
-1.52093 -0.259515
-1.19428 0.316853
-1.38859 0.268291
-1.28295 0.0241826
-1.31584 0.564461
-1.18402 -0.270943
-1.20196 1.08562
-0.0409092 0.81689
0.961126 2.75424
-0.883596 -1.31263
-0.7232 2.32044
1.14652 0.741813
0.505923 1.2583
0.878817 1.21276
0.685124 1.19414
0.811184 1.25921
0.704384 1.14771
0.823322 1.32304
0.661937 1.05888
0.887573 1.46824
0.534593 0.848627
1.0163 1.89422
0.101707 0.128672
-0.941121 -0.608177
-1.00944 1.81862
1.34184 2.81967
-1.68187 -1.27196
-0.873592 0.564749
-1.41764 -0.176093
-1.24441 0.482797
-1.3193 -0.104348
-1.27531 0.635741
-1.1462 -0.321665
-1.17332 1.206
0.328295 1.64449
0.714232 0.657926
0.924718 2.00036
0.0817086 0.0234599
-1.39979 -0.589831
-1.11798 0.834834
-0.892868 -0.347141
-1.13459 1.65897
1.10501 3.32147
-1.82452 -1.25717
-0.74804 0.431773
-1.50757 0.131042
-1.1979 -0.0161303
-1.30829 0.784969
-0.830155 -0.251831
-1.18941 1.62543
1.03864 3.36798
-1.79726 -1.34407
-0.759658 0.483509
-1.48211 -0.030613
-1.23801 0.194211
-1.36281 0.409269
-1.25305 -0.126835
-1.26784 0.802428
-0.845896 -0.27502
-1.17513 1.6367
1.05893 3.35922
-1.81042 -1.3114
-0.752985 0.461913
-1.49462 0.0341513
-1.22689 0.103194
-1.34524 0.568504
-1.14168 -0.283421
-1.1898 1.18058
0.256146 1.4665
0.907949 1.0128
0.745372 1.43246
0.638191 0.911707
0.949922 1.70774
0.320572 0.479487
0.83931 2.44225
-0.344152 -0.711004
-1.06382 2.57432
1.25142 0.71537
0.268106 0.818422
1.09718 2.31883
-0.479844 -0.756988
-0.992836 2.56954
1.19471 0.629962
0.387189 1.07217
1.04147 1.63171
0.296849 0.519595
0.873372 2.49516
-0.437694 -0.82422
-0.976774 2.68254
1.08011 0.383503
0.487934 1.36803
0.820717 1.04134
0.797508 1.43815
0.60675 0.902227
0.969732 1.74412
0.275684 0.411608
0.69448 2.19701
0.0155238 -0.252983
-1.61067 0.989065
0.31236 1.74049
0.642354 0.508042
0.909852 2.21092
-0.126774 -0.334894
-1.44191 1.62941
1.03715 3.50434
-1.92752 -1.11781
-0.573713 0.472693
-1.43701 -0.309035
-1.20784 0.552667
-1.29967 -0.192372
-1.24636 0.767976
-0.950017 -0.336105
-1.14205 1.56381
0.968407 3.31799
-1.66417 -1.5256
-0.790841 0.715948
-1.11281 -0.502262
-1.08596 1.4156
0.780091 2.96097
-0.991566 -1.50274
-0.669804 2.15171
1.22889 1.03006
0.319987 0.821946
1.09213 2.22473
-0.352894 -0.574868
-1.13295 2.35358
1.43022 1.35208
-0.475702 -0.518576
-1.11566 2.24621
1.45785 1.63629
-0.791919 -0.932307
-0.863712 2.31077
1.28141 1.00927
0.19152 0.602437
0.898463 2.58088
-0.572906 -0.991635
-0.869444 2.70228
0.944703 0.20283
0.496962 1.48307
0.734728 0.856274
0.905125 1.72943
0.335234 0.466275
0.8323 2.42469
-0.317537 -0.676371
-1.09272 2.52272
1.3111 0.868067
0.109308 0.490004
0.610974 2.05716
0.191323 -0.0286921
-1.28877 -0.691426
-1.05458 1.15045
0.202751 1.30689
1.05095 1.37785
0.454663 0.866175
1.05179 1.9495
0.00880359 -0.0096536
-1.57947 -0.19135
-1.15845 0.139943
-1.36561 0.633917
-1.02381 -0.303928
-1.16421 1.41313
0.749038 2.91119
-0.89703 -1.43532
-0.680918 2.33785
1.08733 0.633666
0.587382 1.45773
0.702814 0.880203
0.919636 1.71516
0.336738 0.482494
0.853677 2.45033
-0.365065 -0.732747
-1.04481 2.60115
1.21446 0.633803
0.341532 0.981962
1.08935 1.86838
0.0392668 0.0728092
-1.35653 -0.618283
-1.09963 0.953191
-0.525426 0.00438778
-1.44717 1.23014
0.51697 2.27974
0.00580399 -0.391682
-1.49878 1.53529
0.938012 3.49013
-1.82469 -1.37672
-0.716589 0.495575
-1.46926 -0.128387
-1.23699 0.318504
-1.37074 0.200126
-1.30635 0.149184
-1.3355 0.347549
-1.30508 -0.00290895
-1.30559 0.551482
-1.2093 -0.25274
-1.21352 1.01751
-0.264933 0.413686
-1.02252 -0.591324
-1.02843 1.65601
1.15292 3.22671
-1.78784 -1.27708
-0.789209 0.452446
-1.49574 0.103556
-1.21698 0.0306166
-1.32418 0.688028
-1.00073 -0.320455
-1.15372 1.4677
0.830117 3.12002
-1.25957 -1.64313
-0.691252 1.58552
1.27814 2.76487
-1.47551 -1.42808
-0.83392 1.02715
0.0300494 0.88636
1.08803 2.63486
-0.899214 -1.26308
-0.742286 2.26737
1.20814 0.893823
0.386044 0.983813
1.06747 1.80651
0.124265 0.21084
-0.43315 -0.0616508
-1.44995 1.31528
0.650977 2.73577
-0.595455 -1.15708
-0.80211 2.78889
0.771168 -0.0488458
0.0398539 0.629527
0.778655 2.47648
-0.344558 -0.747676
-1.04589 2.62926
1.19237 0.577382
0.373434 1.06174
1.05285 1.66721
0.25738 0.452169
0.744338 2.31165
-0.132034 -0.451516
-1.34279 1.95073
1.40008 2.90116
-1.87169 -0.932083
-0.711297 0.310965
-1.52163 0.49807
-0.904688 -0.202853
-1.21258 1.47678
0.828434 3.14734
-1.29565 -1.65692
-0.697595 1.50876
1.19818 2.96999
-1.56676 -1.4452
-0.836768 0.846998
-0.726861 -0.277415
-1.18855 1.75632
1.21481 3.23955
-1.88154 -1.07004
-0.681386 0.375058
-1.52953 0.245177
-1.12096 -0.139537
-1.25302 1.07332
-0.0535746 0.803471
0.930515 2.74391
-0.832305 -1.27703
-0.733549 2.41317
1.07482 0.563516
0.587969 1.49317
0.677343 0.826989
0.943759 1.80928
0.241938 0.325535
0.441797 1.60343
0.674676 0.681276
0.948054 2.01124
0.0523186 -0.0100836
-1.52944 -0.367013
-1.17201 0.380602
-1.39466 0.174662
-1.29264 0.137187
-1.33825 0.391985
-1.28599 -0.0723775
-1.28684 0.673306
-1.0768 -0.33785
-1.15454 1.35199
0.654443 2.6082
-0.435347 -0.947748
-0.926809 2.82304
0.887073 0.0603061
0.310561 1.13327
1.06329 1.59797
0.297943 0.543292
0.901711 2.51783
-0.4925 -0.883539
-0.93428 2.69991
1.01929 0.294858
0.507448 1.45319
0.75029 0.900454
0.886143 1.65952
0.40168 0.576157
0.970145 2.4398
-0.46161 -0.802787
-0.978176 2.63856
1.12153 0.470586
0.470121 1.29471
0.878686 1.16894
0.705812 1.25114
0.768998 1.17273
0.773526 1.27393
0.718364 1.1325
0.822391 1.3418
0.65168 1.03335
0.903664 1.51152
0.495755 0.784007
1.03509 2.04657
-0.0707664 -0.158707
-1.61156 0.868063
0.0697626 1.15591
1.18166 1.94784
-0.194222 -0.266158
-1.44813 1.54763
0.934644 3.45668
-1.78657 -1.42953
-0.74515 0.535139
-1.43552 -0.216252
-1.23143 0.477658
-1.33164 -0.0820334
-1.28088 0.584422
-1.20268 -0.277126
-1.20224 1.05322
-0.150065 0.610709
0.342397 1.45327
0.855147 0.971294
0.79734 1.51285
0.557326 0.797279
1.00878 1.95736
0.049057 0.0292265
-1.45244 -0.514647
-1.14722 0.663522
-1.22409 -0.336245
-1.18109 1.05911
-0.137942 0.628287
0.436032 1.67987
0.615344 0.562653
0.943056 2.20386
-0.147335 -0.346259
-1.417 1.69653
1.11962 3.46584
-1.96982 -0.943227
-0.453764 0.560338
-1.00726 -0.550606
-1.04431 1.65495
1.14277 3.24527
-1.79363 -1.27612
-0.782869 0.449082
-1.49772 0.108791
-1.21393 0.0219179
-1.32142 0.70537
-0.97393 -0.316097
-1.15376 1.50638
0.883963 3.22529
-1.45661 -1.65
-0.744953 1.15519
0.59541 2.27568
-0.0239684 -0.383928
-1.48135 1.57621
0.981575 3.51179
-1.88495 -1.24722
-0.650108 0.457924
-1.48872 -0.106861
-1.22954 0.254594
-1.37278 0.324122
-1.28085 -0.0260838
-1.30162 0.630662
-1.12119 -0.318952
-1.17033 1.25206
0.447331 1.96952
0.349996 0.107928
-0.0912522 0.463653
-0.0679283 0.574665
0.452895 1.70578
0.583788 0.518778
0.929656 2.27106
-0.21226 -0.457549
-1.28449 2.05522
1.4669 2.51186
-1.68123 -1.18041
-0.903049 0.521777
-1.44699 -0.0376799
-1.25796 0.277601
-1.36253 0.236827
-1.30827 0.113432
-1.32991 0.394002
-1.2926 -0.0642119
-1.28912 0.649956
-1.10959 -0.329484
-1.16359 1.28348
0.520172 2.18382
0.104479 -0.23536
-1.6605 0.575811
-0.365785 0.382737
-1.37022 -0.49495
-1.14662 0.845862
-0.848434 -0.311316
-1.15486 1.67711
1.12199 3.32156
-1.84453 -1.21199
-0.727933 0.412018
-1.51568 0.175605
-1.17382 -0.069187
-1.28702 0.895422
-0.575267 -0.0147342
-1.41035 1.31012
0.62142 2.61304
-0.424083 -0.951989
-0.929039 2.83805
0.874054 0.0364689
0.265717 1.04643
1.11342 1.84346
0.028534 0.0720567
-1.38394 -0.591746
-1.11467 0.873418
-0.783767 -0.270234
-1.18382 1.69685
1.13881 3.32432
-1.86679 -1.15947
-0.699008 0.399237
-1.52229 0.18345
-1.16166 -0.0842564
-1.28019 0.935907
-0.464439 0.125968
-1.54898 0.780306
-0.305702 0.434678
-1.06731 -0.599711
-1.03331 1.57439
1.03666 3.2873
-1.70642 -1.44821
-0.80084 0.618236
-1.33796 -0.376234
-1.18431 0.837713
-0.844594 -0.298476
-1.16214 1.66657
1.10489 3.33613
-1.83899 -1.234
-0.732005 0.421486
-1.51253 0.147747
-1.1872 -0.0394319
-1.29934 0.834263
-0.72413 -0.169411
-1.25564 1.59679
0.98388 3.38747
-1.76 -1.42762
-0.770667 0.551517
-1.42278 -0.23377
-1.22944 0.523088
-1.30536 -0.158953
-1.25805 0.722742
-1.027 -0.350675
-1.1416 1.45231
0.812255 3.07181
-1.17554 -1.613
-0.676032 1.76749
1.36849 2.14958
-0.953492 -1.16265
-0.785492 2.11002
1.34294 1.37644
-0.137257 -0.0293145
-1.6265 0.513312
-0.58794 0.0828791
-1.46875 1.07183
0.214731 1.44248
0.956656 1.09656
0.676675 1.30058
0.756736 1.10444
0.812296 1.37213
0.639573 0.992786
0.9254 1.58018
0.433795 0.679185
1.0292 2.29287
-0.346634 -0.602713
-1.11986 2.40052
1.40182 1.20589
-0.285843 -0.22511
-1.41687 1.57217
0.957231 3.45877
-1.8099 -1.38373
-0.733244 0.501181
-1.46693 -0.123409
-1.2387 0.319041
-1.36992 0.196482
-1.3071 0.155751
-1.33599 0.33663
-1.30794 0.0127176
-1.30916 0.526289
-1.22869 -0.225631
-1.2273 0.952115
-0.470099 0.105818
-1.53691 0.85992
-0.152813 0.69046
0.577161 2.04899
0.213589 -0.0177261
-1.18313 -0.713673
-1.01473 1.39978
0.793056 2.96073
-1.00235 -1.50481
-0.671042 2.12807
1.24654 1.09005
0.263784 0.705858
1.03646 2.50069
-0.628376 -0.988011
-0.85903 2.6193
1.01564 0.344278
0.555241 1.5353
0.663729 0.766414
0.956586 1.90716
0.144863 0.159249
-0.613889 -0.30471
-1.19915 1.8649
1.33396 2.99658
-1.83902 -1.05688
-0.764144 0.33675
-1.51147 0.4576
-0.977915 -0.222442
-1.20237 1.39991
0.721531 2.84583
-0.786879 -1.33914
-0.711699 2.53246
0.933313 0.294522
0.607596 1.68916
0.518097 0.534727
0.947236 2.33515
-0.30534 -0.589432
-1.1464 2.37284
1.42874 1.31907
-0.452616 -0.482253
-1.14558 2.19419
1.47543 1.84893
-1.05678 -1.17562
-0.800975 1.88907
1.39828 2.09077
-0.992297 -1.17802
-0.786275 2.03242
1.37491 1.60137
-0.409319 -0.472208
-1.16968 2.17951
1.48197 1.93591
-1.16742 -1.24256
-0.807602 1.66235
1.28706 2.83344
-1.57869 -1.38542
-0.858707 0.798044
-0.930382 -0.431333
-1.09274 1.68728
1.16166 3.25295
-1.82589 -1.21347
-0.756201 0.409477
-1.51221 0.215103
-1.16276 -0.0995506
-1.27373 0.951623
-0.424016 0.181113
-1.57985 0.482173
-0.776368 -0.107056
-1.28343 1.4648
0.805876 3.1316
-1.25273 -1.6532
-0.685348 1.6046
1.29608 2.69463
-1.4299 -1.42369
-0.825289 1.12473
0.392598 1.72593
0.602294 0.501292
0.916115 2.25916
-0.186628 -0.425947
-1.32504 1.9553
1.40357 2.87247
-1.85477 -0.965733
-0.744884 0.306692
-1.5113 0.537898
-0.873958 -0.196473
-1.21762 1.50542
0.866329 3.22847
-1.44277 -1.66017
-0.737986 1.18828
0.675714 2.51179
-0.328617 -0.786874
-1.03414 2.69126
1.12838 0.439691
0.438456 1.24053
0.930588 1.27888
0.615211 1.08835
0.902217 1.44124
0.542165 0.881922
1.00812 1.83012
0.168206 0.2433
-0.0921148 0.490542
0.0543336 0.811669
1.03315 2.68234
-0.879041 -1.2715
-0.737626 2.3135
1.16667 0.781731
0.471435 1.17916
0.943533 1.36466
0.558721 0.969603
0.978864 1.66718
0.328903 0.522886
0.896184 2.49389
-0.456233 -0.836986
-0.965131 2.68279
1.06802 0.36784
0.496214 1.39291
0.798983 0.998667
0.826733 1.50334
0.547765 0.809068
1.01284 1.94764
0.0543414 0.0415787
-1.41041 -0.570967
-1.12595 0.79844
-0.982379 -0.386058
-1.11935 1.56075
0.973256 3.30957
-1.6595 -1.52596
-0.79223 0.723096
-1.09381 -0.500942
-1.08253 1.45244
0.835598 3.0956
-1.23097 -1.62827
-0.687634 1.64556
1.32302 2.57642
-1.34998 -1.40541
-0.808742 1.2975
0.793728 2.8676
-0.872517 -1.38831
-0.695626 2.37336
1.07063 0.584155
0.600187 1.50662
0.661303 0.806137
0.95519 1.8518
0.196022 0.250676
0.0418077 0.739853
0.941789 2.698
-0.780375 -1.21617
-0.75597 2.49005
1.02669 0.443918
0.605572 1.59091
0.596016 0.680742
0.983849 2.09221
-0.063633 -0.181916
-1.60324 0.943859
0.206868 1.46792
0.944638 1.05659
0.701282 1.35643
0.709671 1.02146
0.874011 1.50586
0.518426 0.799166
1.02621 1.9951
-0.00721605 -0.0561973
-1.63081 0.118695
-1.00159 -0.114763
-1.25922 1.23668
0.415672 1.90628
0.42646 0.211496
0.454726 1.58534
0.681413 0.706397
0.946625 1.973
0.0909202 0.0559942
-1.27519 -0.675224
-1.05694 1.17283
0.272621 1.47469
0.889606 0.984226
0.768284 1.47783
0.596289 0.847305
0.985238 1.84064
0.180324 0.246722
-0.0312798 0.601567
0.608297 2.09436
0.156242 -0.0881262
-1.52477 -0.418066
-1.16304 0.427962
-1.39051 0.0883936
-1.29551 0.255624
-1.34548 0.207235
-1.32087 0.187489
-1.33295 0.26353
-1.32426 0.127995
-1.32673 0.34135
-1.31373 0.0199399
-1.30991 0.505031
-1.24553 -0.199404
-1.23963 0.891757
-0.642808 -0.103732
-1.32213 1.51055
0.865945 3.28566
-1.51706 -1.65234
-0.753713 1.03401
0.218817 1.28131
1.05362 1.40978
0.433212 0.820663
1.06064 2.05997
-0.116963 -0.218992
-1.54247 1.23725
0.61459 2.65702
-0.475186 -1.02429
-0.884244 2.85526
0.801725 -0.0536873
0.0322951 0.608544
0.73089 2.37571
-0.197432 -0.560172
-1.22156 2.2655
1.48942 1.74147
-1.02628 -1.14002
-0.807166 1.94264
1.40045 1.9318
-0.8232 -1.01228
-0.831968 2.30132
1.26196 0.975413
0.249634 0.714446
1.03898 2.51107
-0.646295 -1.00904
-0.847628 2.60722
1.01483 0.351227
0.561709 1.54603
0.652274 0.74962
0.962977 1.94087
0.107952 0.098476
-1.05418 -0.667849
-1.00103 1.64512
1.15419 3.21034
-1.77244 -1.29702
-0.799903 0.472475
-1.48628 0.0477408
-1.233 0.105439
-1.34488 0.553715
-1.15865 -0.27207
-1.19753 1.1371
0.125278 1.16307
1.15632 1.81956
-0.0182326 0.0208871
-1.56566 -0.227699
-1.16931 0.195335
-1.37918 0.525131
-1.14118 -0.26108
-1.19984 1.16073
0.19849 1.33065
1.04058 1.33465
0.489572 0.934225
1.02537 1.78726
0.188308 0.295122
0.202065 1.07039
1.1383 1.89556
-0.0609989 -0.0687465
-1.63889 0.410967
-0.701537 -0.0200678
-1.35821 1.34076
0.645121 2.66912
-0.506742 -1.04791
-0.865659 2.83701
0.798464 -0.0465046
0.0550183 0.65212
0.833757 2.57132
-0.503514 -0.93637
-0.909636 2.74073
0.951652 0.186486
0.468149 1.42349
0.79467 0.959112
0.842041 1.55799
0.501633 0.730382
1.02698 2.12738
-0.148984 -0.294302
-1.45866 1.55032
0.941322 3.46937
-1.80618 -1.39986
-0.732879 0.511012
-1.4579 -0.156221
-1.2373 0.370715
-1.36446 0.105427
-1.30871 0.28862
-1.33604 0.131815
-1.32273 0.312091
-1.3235 0.0714466
-1.31849 0.418862
-1.29137 -0.0864152
-1.28213 0.677335
-1.07629 -0.340066
-1.15341 1.35491
0.65974 2.62493
-0.459078 -0.976557
-0.907657 2.82836
0.858872 0.0255772
0.247568 1.01439
1.12614 1.94317
-0.0891667 -0.126533
-1.61697 0.788858
-0.0841417 0.844109
0.952937 2.77477
-0.902856 -1.33525
-0.716752 2.28803
1.1673 0.801825
0.470828 1.17027
0.94845 1.38048
0.545849 0.946072
0.992545 1.71697
0.278065 0.436776
0.740722 2.29512
-0.111807 -0.422505
-1.38075 1.84749
1.30113 3.20359
-1.95991 -0.798144
-0.460776 0.517223
-1.17828 -0.57855
-1.06892 1.33113
0.650073 2.55885
-0.37234 -0.863885
-0.983391 2.77566
0.998367 0.218236
0.452863 1.36773
0.842408 1.0559
0.777621 1.4108
0.634971 0.941368
0.944013 1.6633
0.359425 0.549403
0.936729 2.487
-0.486884 -0.856359
-0.947275 2.67679
1.05519 0.355719
0.507205 1.42257
0.772058 0.948519
0.859712 1.58275
0.473952 0.692743
1.02632 2.21989
-0.254573 -0.463608
-1.25441 2.1036
1.4837 2.31311
-1.54425 -1.27114
-0.90021 0.819149
-0.899388 -0.404054
-1.10514 1.70842
1.1838 3.23412
-1.83629 -1.17959
-0.747601 0.393788
-1.51613 0.25923
-1.13486 -0.139025
-1.25438 1.04764
-0.135641 0.648485
0.502835 1.84959
0.432268 0.291279
0.638782 2.01022
0.224309 0.0472802
-0.857547 -0.565502
-1.02426 1.92338
1.40925 2.51542
-1.52186 -1.33354
-0.875963 0.891419
-0.607797 -0.141091
-1.3093 1.58395
0.961816 3.40212
-1.7536 -1.44939
-0.768657 0.568668
-1.40096 -0.285621
-1.21727 0.618795
-1.22656 -0.294006
-1.199 1.0183
-0.270698 0.401018
-1.09156 -0.612458
-1.03306 1.53399
0.978741 3.26897
-1.61663 -1.54959
-0.793128 0.803541
-0.826407 -0.374496
-1.12162 1.77674
1.26093 3.1188
-1.83477 -1.1231
-0.760663 0.366218
-1.51475 0.361644
-1.06632 -0.200773
-1.21923 1.2355
0.405639 1.86588
0.469524 0.276994
0.644687 2.00843
0.223498 0.0505033
-0.844969 -0.554918
-1.02922 1.93329
1.41369 2.49288
-1.51016 -1.33482
-0.874165 0.916654
-0.502879 -0.00908486
-1.44933 1.24582
0.545522 2.37392
-0.109008 -0.547354
-1.28558 2.15449
1.50039 2.18331
-1.47864 -1.28251
-0.888402 0.964333
-0.326019 0.251926
-1.54338 -0.126338
-1.19063 0.156872
-1.36549 0.552587
-1.13132 -0.276643
-1.1913 1.19419
0.295082 1.56396
0.804125 0.811895
0.867563 1.74136
0.349241 0.458442
0.831498 2.41566
-0.305996 -0.659891
-1.10657 2.49527
1.33906 0.950689
0.0129281 0.303722
-0.431249 -0.0432894
-1.46425 1.26254
0.584047 2.51048
-0.282272 -0.777075
-1.05823 2.68602
1.15534 0.479552
0.407543 1.16239
0.991185 1.44161
0.474466 0.837466
1.04456 1.97834
-0.0114007 -0.0502204
-1.62883 0.105642
-1.01321 -0.110326
-1.26166 1.21425
0.361882 1.75808
0.593529 0.459736
0.89083 2.2792
-0.18898 -0.445667
-1.30837 2.00461
1.43922 2.70296
-1.78381 -1.06657
-0.844767 0.348935
-1.49188 0.454518
-1.02224 -0.23263
-1.19972 1.34254
0.629398 2.54537
-0.345586 -0.838959
-1.00429 2.75753
1.03787 0.277576
0.463281 1.36141
0.840155 1.06175
0.776923 1.40406
0.639595 0.950834
0.938659 1.64575
0.376603 0.578009
0.966692 2.46547
-0.491243 -0.845639
-0.950476 2.66105
1.07327 0.39006
0.504014 1.39988
0.789611 0.985217
0.837219 1.52528
0.526995 0.77722
1.02211 2.02218
-0.0303606 -0.0989752
-1.64344 0.438469
-0.648565 0.029222
-1.40911 1.23454
0.493372 2.18949
0.110733 -0.244587
-1.66063 0.597093
-0.326372 0.442037
-1.10034 -0.603604
-1.0389 1.51033
0.941242 3.24185
-1.54001 -1.6037
-0.774925 0.967899
-0.094044 0.633301
0.557211 1.97992
0.287823 0.0897703
-0.395922 -0.0303541
-1.49382 1.17679
0.469961 2.15024
0.161659 -0.180806
-1.64304 0.0299871
-1.02197 -0.0827031
-1.27586 1.16613
0.241116 1.45188
0.929881 1.05311
0.714534 1.37051
0.693879 1.0006
0.890901 1.54296
0.48274 0.743167
1.0353 2.13032
-0.162354 -0.310699
-1.43514 1.62149
1.02514 3.49955
-1.91247 -1.1596
-0.605446 0.458178
-1.47379 -0.193955
-1.225 0.36858
-1.37132 0.126856
-1.30684 0.246438
-1.34009 0.201174
-1.3239 0.206526
-1.33204 0.229742
-1.32741 0.180058
-1.32972 0.261551
-1.32644 0.136747
-1.3269 0.324789
-1.31784 0.0450807
-1.31472 0.464752
-1.26924 -0.148998
-1.26042 0.791229
-0.881423 -0.299034
-1.16041 1.6212
1.04235 3.35288
-1.78539 -1.35724
-0.768804 0.496205
-1.47372 -0.0619116
-1.24168 0.243695
-1.36765 0.321809
-1.28618 -0.0150183


