-1.13764 -2.74661
-2.59536 3.87531
-1.13126 -2.23152
-2.75353 3.80516
-1.12721 -1.44415
-3.00156 3.31013
-2.05865 0.791002
-2.62786 -1.90143
-2.3433 0.568497
-2.24663 -0.717033
-2.30607 -0.0327276
-2.24253 -0.41975
-2.31866 -0.139824
-2.21421 -0.425898
-2.37138 -0.11084
-2.14246 -0.617836
-2.52083 -0.206063
-1.93919 -1.12101
-2.25808 -4.51173
-3.05452 0.573148
-2.07169 0.582328
-2.63414 -1.55703
-2.03501 0.0794157
-2.6582 -1.81812
-2.28206 0.562717
-2.33432 -0.561304
-2.16285 -0.333093
-2.47739 -0.214713
-1.99476 -0.974837
-2.60953 -2.99106
-2.53473 -5.18691
-2.82198 1.13875
-1.46394 -1.91184
-3.30232 -0.0985122
-2.7213 -3.60135
-3.08514 -2.12491
-2.83299 -3.84981
-3.02758 -1.73468
-2.48524 -5.02538
-2.91947 0.680882
-1.47905 -1.3272
-3.26075 -2.3169
-2.90804 -1.1558
-2.37972 0.709702
-2.20934 -0.883619
-2.38923 0.0517456
-2.13398 -0.729657
-2.5451 -0.238175
-1.9052 -1.1798
-2.01645 -5.02512
-2.7998 1.92194
-1.39786 -2.108
-3.21461 1.51327
-2.71887 -3.11932
-2.90764 -3.95326
-2.98604 -1.42348
-2.4172 -4.45624
-3.07417 -0.051345
-2.65926 0.167574
-1.76645 -1.60023
-2.26397 -5.84269
-2.28186 2.35792
-2.32191 -1.5592
-2.31806 0.288396
-2.25575 -0.552711
-2.29029 -0.11352
-2.25949 -0.349799
-2.29242 -0.195784
-2.24934 -0.329184
-2.31123 -0.183812
-2.22152 -0.388759
-2.35886 -0.128092
-2.15802 -0.567226
-2.48571 -0.1475
-1.98955 -1.02676
-2.57894 -3.22142
-2.84551 -4.34332
-2.96828 -0.621883
-2.18997 0.669898
-2.48734 -0.636128
-1.95877 -0.823096
-2.48404 -3.70857
-3.13937 -1.99083
-2.8249 -3.71039
-3.04124 -1.92506
-2.67656 -4.60104
-2.99432 -0.382328
-2.16664 0.661665
-2.52386 -0.719798
-1.9147 -0.874068
-2.19739 -4.63083
-3.01165 0.918945
-1.70672 -0.448906
-1.90291 -5.94461
-2.00301 2.468
-2.51713 -2.3848
-2.73413 -2.13389
-2.73837 -2.25838
-2.50569 -3.99738
-3.13517 -1.04347
-2.50448 -4.86534
-2.97206 0.297255
-1.70001 -0.578194
-1.97901 -5.97284
-2.03142 2.44076
-2.52129 -2.17386
-2.62588 0.00340134
-1.80867 -1.47395
-1.96645 -5.81298
-2.19052 2.54417
-2.39628 -1.63015
-2.22922 0.268898
-2.39297 -0.388671
-2.09081 -0.608653
-2.62539 -0.667262
-1.80161 -1.09037
-1.81713 -5.67708
-2.18067 2.65413
-2.38645 -1.70784
-2.28534 0.342618
-2.30949 -0.487031
-2.2036 -0.28026
-2.3982 -0.166343
-2.10157 -0.701073
-2.61087 -0.535831
-1.8132 -1.166
-1.81976 -5.65072
-2.20711 2.66215
-2.35778 -1.71924
-2.33768 0.355148
-2.23434 -0.632914
-2.32877 -0.048731
-2.20768 -0.486118
-2.38245 -0.0877151
-2.12967 -0.665398
-2.55068 -0.27792
-1.89544 -1.17807
-1.96592 -5.115
-2.72268 2.1579
-1.53064 -2.31856
-3.28019 0.149557
-2.64898 -3.99815
-3.0937 -1.29153
-2.46807 -4.97436
-2.9412 0.580739
-1.53501 -1.11599
-3.0598 -4.05172
-2.76451 0.920059
-1.58547 -1.9485
-3.23461 -2.38067
-2.90999 -1.75748
-2.45578 -4.26837
-3.10571 -0.414915
-2.558 -3.92087
-3.12857 -1.3079
-2.6012 -4.68929
-2.99822 -0.175004
-2.03982 0.44116
-2.64163 -1.97961
-2.47018 0.496987
-2.06982 -1.15944
-2.69904 -1.39651
-1.96852 -0.0589991
-2.54986 -3.22758
-2.82494 -4.44232
-2.95908 -0.408019
-1.96566 0.214689
-2.51308 -3.39562
-2.99124 -3.62113
-2.96748 -1.78591
-2.29067 -5.15348
-2.86164 1.28863
-1.39258 -1.80434
-3.27752 0.81104
-2.67063 -3.70947
-3.10235 -1.88776
-2.77994 -4.10697
-3.02871 -1.32989
-2.3154 -4.92399
-2.95407 0.842609
-1.50952 -1.12917
-3.14376 -3.51758
-2.83595 0.366905
-1.52049 -1.57503
-3.24533 -2.40975
-2.91208 -1.33593
-2.65897 0.0505328
-1.76211 -1.54794
-2.24055 -5.85855
-2.26328 2.37364
-2.34198 -1.54416
-2.27558 0.264118
-2.31715 -0.439672
-2.19438 -0.322185
-2.41418 -0.155701
-2.08151 -0.764133
-2.65073 -0.811089
-1.79155 -0.980203
-1.80433 -5.68443
-2.16028 2.65504
-2.40604 -1.71729
-2.26307 0.337889
-2.34365 -0.44514
-2.15507 -0.409934
-2.49189 -0.21285
-1.97622 -1.02494
-2.51965 -3.56474
-3.09703 -2.65694
-2.90438 -3.01578
-2.98613 -3.07748
-2.96911 -2.74796
-2.93863 -3.36897
-2.99488 -2.39379
-2.83937 -4.00676
-3.01183 -1.48397
-2.2988 -5.02933
-2.91498 1.05174
-1.41331 -1.4815
-3.32137 -0.479623
-2.80281 -2.97478
-2.9043 -3.8939
-2.99124 -1.57429
-2.29013 -5.01206
-2.91974 1.04833
-1.41772 -1.45088
-3.32169 -0.657019
-2.82028 -2.82117
-2.80691 -4.34397
-2.98771 -0.798948
-2.55824 0.487528
-1.9441 -1.47258
-2.07131 -4.96121
-2.85814 1.68124
-1.34257 -1.86251
-3.21213 1.68893
-2.75438 -2.78783
-2.58671 -5.02614
-2.88849 0.708272
-1.45559 -1.51737
-3.30897 -1.22562
-2.85856 -2.45142
-2.49483 -5.13149
-2.86856 0.955415
-1.428 -1.69494
-3.31121 -0.12236
-2.74835 -3.39739
-3.05751 -2.64864
-2.916 -3.18177
-3.00296 -2.70583
-2.93324 -3.29213
-2.99816 -2.50889
-2.88675 -3.71319
-3.00963 -1.92977
-2.56966 -4.89842
-2.94762 0.326329
-1.61479 -0.88578
-2.58911 -5.6031
-2.34342 2.15248
-2.26761 -1.5329
-2.41628 0.251003
-2.11796 -0.885452
-2.59411 -0.379465
-1.83503 -1.22988
-1.81476 -5.56352
-2.27711 2.68231
-2.27446 -1.82552
-2.56828 0.0368034
-1.89354 -1.35172
-1.89844 -5.27442
-2.57618 2.45877
-1.81918 -2.39247
-2.86766 -4.66612
-2.80748 0.866887
-1.51111 -1.86332
-3.29792 -1.17994
-2.83145 -2.84857
-2.85295 -4.13256
-2.99427 -1.19334
-2.67078 -3.14697
-2.87083 -4.17431
-2.98159 -1.00747
-2.73289 -0.454391
-1.68706 -1.2504
-2.41584 -5.78393
-2.30093 2.2646
-2.31005 -1.52102
-2.32415 0.274917
-2.24567 -0.566691
-2.30821 -0.0899665
-2.23415 -0.408574
-2.33443 -0.132476
-2.19194 -0.480251
-2.41424 -0.0981957
-2.08665 -0.781531
-2.64385 -0.739671
-1.78937 -1.04356
-1.82722 -5.72071
-2.15145 2.63229
-2.41852 -1.71159
-2.24329 0.323606
-2.37427 -0.417809
-2.11401 -0.529634
-2.57817 -0.431392
-1.8535 -1.1696
-1.8249 -5.41671
-2.40453 2.65874
-2.10214 -2.1202
-2.24741 -4.65953
-3.016 0.76232
-1.76096 -0.28778
-1.7062 -5.66365
-2.06677 2.67447
-2.4751 -1.93208
-2.3547 0.470284
-2.22183 -0.723042
-2.35445 -0.00420149
-2.17566 -0.587083
-2.44802 -0.0874265
-2.04369 -0.910898
-2.69316 -1.63315
-2.13742 0.393489
-2.55833 -0.721186
-1.87553 -0.950915
-1.93794 -5.13038
-2.6928 2.24955
-1.58521 -2.36987
-3.28698 -0.590938
-2.72915 -3.68514
-3.08374 -1.92947
-2.77066 -4.19055
-3.02331 -1.18982
-2.43797 -4.39747
-3.08413 -0.188799
-2.78121 -1.15445
-1.91251 -0.150255
-2.26892 -4.37462
-3.08831 0.371968
-2.53162 0.634587
-1.99488 -1.42868
-2.41858 -4.05542
-3.14524 -0.710351
-2.42229 -4.90912
-2.96562 0.53543
-1.60962 -0.851655
-2.59898 -5.59087
-2.34372 2.14694
-2.26775 -1.52954
-2.4145 0.25136
-2.12033 -0.878783
-2.58829 -0.354283
-1.84321 -1.23148
-1.81525 -5.51678
-2.31622 2.68367
-2.22475 -1.91022
-2.70198 -0.835176
-1.76449 -0.924363
-1.853 -5.79916
-2.1033 2.58422
-2.46725 -1.78938
-2.24074 0.374171
-2.38285 -0.437075
-2.10117 -0.553826
-2.60407 -0.552501
-1.8212 -1.14517
-1.80662 -5.59619
-2.24049 2.68284
-2.31729 -1.76742
-2.44236 0.305508
-2.08895 -0.999793
-2.66246 -0.81993
-1.78406 -0.970767
-1.81639 -5.71987
-2.14086 2.63519
-2.42752 -1.72652
-2.2411 0.331063
-2.37852 -0.419397
-2.10814 -0.544538
-2.59029 -0.482681
-1.83759 -1.16487
-1.80741 -5.51175
-2.31168 2.6908
-2.22923 -1.90623
-2.69498 -0.743446
-1.7513 -1.02912
-1.94535 -5.87785
-2.10706 2.5193
-2.47547 -1.76076
-2.21356 0.339635
-2.42546 -0.424287
-2.04596 -0.713887
-2.68478 -1.43547
-1.98244 -0.0294596
-2.5921 -2.91132
-2.35851 -5.40207
-2.71872 1.70613
-1.62291 -2.21975
-3.25231 -1.96875
-2.87794 -2.45182
-2.57241 -4.98765
-2.91223 0.575295
-1.49139 -1.32462
-3.23925 -2.58956
-2.90648 -0.854604
-2.04356 0.36075
-2.64685 -1.85319
-2.3081 0.570355
-2.29656 -0.619152
-2.21931 -0.189112
-2.37401 -0.202087
-2.13079 -0.600338
-2.54546 -0.282833
-1.90193 -1.16174
-2.00618 -5.0411
-2.78609 1.96927
-1.41813 -2.15478
-3.22527 1.35541
-2.682 -3.43296
-3.06259 -2.76986
-2.92283 -2.99251
-2.98196 -3.05388
-2.97026 -2.79011
-2.94726 -3.27552
-2.99107 -2.51859
-2.88481 -3.7422
-3.00899 -1.88664
-2.53054 -4.97196
-2.93126 0.521558
-1.52914 -1.16279
-3.0969 -3.82368
-2.80366 0.657438
-1.53128 -1.79206
-3.27349 -1.86154
-2.88723 -2.15338
-2.2789 -5.24618
-2.81246 1.49059
-1.44082 -2.01867
-3.27615 0.6369
-2.64873 -3.87287
-3.10452 -1.51133
-2.62744 -4.65937
-2.99766 -0.253568
-2.09 0.542445
-2.62247 -1.27952
-1.90895 -0.41745
-2.24366 -4.47021
-3.0622 0.582308
-2.13708 0.699177
-2.56874 -0.922247
-1.87593 -0.809965
-1.97323 -5.05136
-2.75841 2.07961
-1.4594 -2.23876
-3.2462 1.00049
-2.62601 -3.8682
-3.11217 -1.49991
-2.64347 -4.60394
-3.00475 -0.377332
-2.24779 0.751543
-2.40108 -0.606524
-2.06837 -0.549901
-2.65705 -0.991652
-1.81768 -0.785955
-1.76906 -5.46031
-2.30907 2.72613
-2.22516 -1.93317
-2.71003 -0.949714
-1.78961 -0.771624
-1.76141 -5.6197
-2.16946 2.69512
-2.38951 -1.73908
-2.2998 0.362077
-2.28959 -0.526991
-2.23343 -0.205607
-2.34729 -0.206195
-2.1673 -0.502489
-2.46538 -0.137643
-2.01673 -0.958414
-2.6688 -2.37152
-2.53742 -3.82783
-3.13723 -1.54881
-2.71603 -4.31422
-3.02922 -0.958095
-2.67148 -3.16384
-2.88916 -4.08586
-2.983 -1.16432
-2.75978 -2.1141
-2.6937 -2.82689
-2.46284 -5.2565
-2.80392 1.29981
-1.47982 -2.00097
-3.29857 -0.0881412
-2.7102 -3.67862
-3.09018 -1.94749
-2.78549 -4.10655
-3.02633 -1.3322
-2.31792 -4.90215
-2.96128 0.803923
-1.53583 -1.04579
-3.02916 -4.22841
-2.72508 1.13135
-1.65738 -2.03599
-3.1175 -3.46873
-2.91305 -0.502777
-1.83847 -0.232398
-1.82877 -5.19602
-2.55601 2.56204
-1.83719 -2.41354
-2.82218 -4.8174
-2.77807 1.06349
-1.55093 -1.98195
-3.28203 -1.53326
-2.85444 -2.65425
-2.7246 -4.61534
-2.97142 -0.271987
-1.94416 0.170027
-2.42259 -3.83207
-3.16115 -1.41967
-2.71151 -4.27559
-3.03625 -1.01601
-2.54257 -3.94695
-3.13069 -1.22429
-2.56979 -4.75693
-2.98954 -0.00683276
-1.89493 0.053297
-2.14425 -4.64223
-2.99218 1.12873
-1.58592 -0.811532
-2.70285 -5.39035
-2.40829 2.0465
-2.18848 -1.64883
-2.64551 -0.408899
-1.77153 -1.2884
-2.00081 -5.87122
-2.15551 2.50642
-2.43691 -1.63811
-2.18099 0.225807
-2.47391 -0.422523
-1.98444 -0.883198
-2.58843 -3.12983
-2.72884 -4.75151
-2.92648 0.186285
-1.60566 -0.965657
-2.68024 -5.41809
-2.42096 2.04744
-2.17012 -1.69142
-2.69174 -0.822631
-1.76668 -0.9502
-1.85565 -5.79694
-2.10804 2.58529
-2.46355 -1.77557
-2.23436 0.360882
-2.39221 -0.42893
-2.08916 -0.591096
-2.62743 -0.689504
-1.80088 -1.07485
-1.81404 -5.67412
-2.18004 2.65636
-2.38666 -1.70951
-2.28601 0.343677
-2.30857 -0.488841
-2.20495 -0.276672
-2.3958 -0.167306
-2.10466 -0.691801
-2.60424 -0.50126
-1.82077 -1.17783
-1.8137 -5.61543
-2.2316 2.67461
-2.32885 -1.74974
-2.40856 0.334826
-2.13642 -0.878708
-2.5529 -0.214741
-1.89646 -1.21116
-1.9584 -5.13344
-2.70759 2.19561
-1.56033 -2.34484
-3.28659 -0.254627
-2.69161 -3.8533
-3.09054 -1.59077
-2.62712 -4.67962
-2.9931 -0.208985
-2.02875 0.410706
-2.63686 -2.16668
-2.7144 -0.530536
-1.70947 -1.20667
-2.25981 -5.89739
-2.21622 2.35877
-2.39758 -1.50266
-2.17336 0.139142
-2.48181 -0.399888
-1.97585 -0.918818
-2.54611 -3.40474
-3.0096 -3.46261
-2.96207 -2.04124
-2.46949 -5.09994
-2.88961 0.879362
-1.43043 -1.57356
-3.31781 -0.540542
-2.79889 -3.03403
-2.93871 -3.68921
-2.98602 -1.88414
-2.42782 -5.12746
-2.88192 0.984492
-1.41744 -1.64303
-3.31269 -0.0813773
-2.75071 -3.36784
-3.05132 -2.73646
-2.92488 -3.07684
-2.99231 -2.8764
-2.95554 -3.03925
-2.98015 -2.86664
-2.95763 -3.09292
-2.98237 -2.77582
-2.94499 -3.25003
-2.99212 -2.55793
-2.89808 -3.64612
-3.00729 -2.02339
-2.63692 -4.74651
-2.97296 -0.0456704
-1.83471 -0.155832
-1.80967 -5.21259
-2.52622 2.60918
-1.88919 -2.38733
-2.56926 -5.42346
-2.59099 1.86134
-1.89365 -2.12314
-2.19516 -5.78253
-2.34433 2.38673
-2.23887 -1.71994
-2.57697 -0.0321393
-1.87627 -1.349
-1.85283 -5.3907
-2.45298 2.6093
-2.0319 -2.21343
-1.94769 -5.44294
-2.50508 2.47763
-1.96515 -2.25625
-2.07512 -5.73139
-2.3483 2.46853
-2.22123 -1.79934
-2.65569 -0.422027
-1.75987 -1.28871
-2.05395 -5.89565
-2.16262 2.47344
-2.43559 -1.61045
-2.16914 0.194972
-2.49313 -0.442634
-1.95915 -0.936703
-2.45711 -3.84209
-3.15447 -1.43083
-2.70512 -4.31775
-3.03279 -0.943107
-2.65929 -3.25778
-2.96058 -3.69417
-2.97694 -1.7887
-2.3184 -5.17289
-2.85707 1.26442
-1.40047 -1.81903
-3.28116 0.722604
-2.67113 -3.72894
-3.10231 -1.83897
-2.76376 -4.18468
-3.02689 -1.1985
-2.40536 -4.52887
-3.05976 0.0705983
-2.41057 0.789529
-2.17446 -1.02117
-2.48428 0.00222883
-2.00464 -1.06993
-2.62364 -2.89608
-2.39829 -5.35677
-2.74844 1.57456
-1.56915 -2.1643
-3.28757 -1.15132
-2.80728 -3.1377
-2.99515 -3.24144
-2.96693 -2.49297
-2.84798 -4.0037
-3.00821 -1.47976
-2.29877 -4.99434
-2.92773 0.996281
-1.43438 -1.38474
-3.31453 -1.19368
-2.86459 -2.3246
-2.36159 -5.26256
-2.81272 1.38337
-1.45373 -1.99701
-3.28799 0.356239
-2.66944 -3.82856
-3.10005 -1.61755
-2.66768 -4.55079
-3.00756 -0.495146
-2.39231 0.761772
-2.19669 -0.945376
-2.42311 0.0548026
-2.08961 -0.858396
-2.64577 -0.722782
-1.7861 -1.05887
-1.84013 -5.74292
-2.14406 2.6183
-2.42779 -1.71307
-2.23267 0.317582
-2.39134 -0.410049
-2.09153 -0.594917
-2.62346 -0.659158
-1.80317 -1.09471
-1.81574 -5.6708
-2.18485 2.65701
-2.38173 -1.70952
-2.29344 0.346084
-2.29756 -0.506328
-2.22143 -0.236518
-2.36707 -0.185052
-2.1417 -0.580071
-2.52133 -0.220057
-1.9375 -1.11716
-2.24894 -4.53449
-3.04749 0.631198
-1.9941 0.411576
-2.58128 -2.88082
-2.28838 -5.441
-2.68629 1.86071
-1.67914 -2.26613
-3.18076 -2.86202
-2.92466 -1.48962
-2.7527 -2.18234
-2.60221 -3.50684
-3.07859 -2.73684
-2.9152 -2.98022
-2.97987 -3.11299
-2.97299 -2.70762
-2.93029 -3.43497
-2.99802 -2.30697
-2.80142 -4.18907
-3.01046 -1.17703
-2.55765 -3.85726
-3.13185 -1.47399
-2.67941 -4.45917
-3.02008 -0.679339
-2.70226 -0.148229
-1.69914 -1.47707
-2.52335 -5.62584
-2.40378 2.15088
-2.18525 -1.70941
-2.676 -0.634238
-1.75134 -1.13828
-2.00206 -5.89668
-2.12923 2.49274
-2.4624 -1.68645
-2.1794 0.25712
-2.47892 -0.443002
-1.97695 -0.890941
-2.55681 -3.33718
-2.95648 -3.80563
-2.97467 -1.53849
-2.35255 -4.69346
-3.02167 0.430962
-1.88822 0.0892878
-2.09837 -4.72796
-2.9495 1.3737
-1.41977 -1.29003
-3.31858 -1.16716
-2.86851 -2.23114
-2.28245 -5.26666
-2.80175 1.5234
-1.4576 -2.05488
-3.28133 0.472744
-2.65346 -3.88956
-3.10177 -1.48405
-2.60487 -4.72038
-2.98977 -0.110706
-1.94992 0.209348
-2.44603 -3.72775
-3.14883 -1.89121
-2.81032 -3.78095
-3.04386 -1.81706
-2.61268 -4.77087
-2.97425 0.00643301
-1.81724 -0.208624
-1.74737 -5.32876
-2.3807 2.74333
-2.11956 -2.12943
-2.32135 -4.46112
-3.07311 0.284963
-2.40942 0.80421
-2.17712 -1.02183
-2.47818 0.0129348
-2.01364 -1.05136
-2.65224 -2.61385
-2.16652 -5.19498
-2.80308 1.67719
-1.43289 -2.07566
-3.25859 0.927676
-2.63814 -3.84357
-3.10965 -1.56346
-2.66644 -4.53969
-3.01009 -0.517573
-2.44153 0.720852
-2.12757 -1.11612
-2.60868 -0.374353
-1.81682 -1.25922
-1.84141 -5.67885
-2.20462 2.64372
-2.3639 -1.70364
-2.31818 0.348264
-2.26139 -0.571701
-2.27984 -0.117825
-2.27561 -0.321367
-2.26711 -0.242589
-2.28657 -0.249597
-2.25441 -0.295418
-2.30449 -0.20501
-2.22997 -0.361353
-2.34433 -0.145252
-2.17674 -0.510556
-2.44543 -0.111064
-2.04491 -0.894105
-2.69259 -1.58758
-2.09646 0.304563
-2.61492 -1.03157
-1.85129 -0.743799
-1.86356 -5.22497
-2.57339 2.50317
-1.81388 -2.41002
-2.90558 -4.51879
-2.83596 0.651699
-1.49064 -1.70646
-3.29934 -1.32335
-2.85392 -2.57115
-2.62858 -4.88042
-2.93286 0.32254
-1.58103 -1.01958
-2.82972 -5.02351
-2.54702 1.7862
-1.98547 -1.95924
-1.93966 -5.33224
-2.57608 2.41211
-1.83106 -2.36929
-2.79534 -4.9092
-2.75153 1.20732
-1.59642 -2.05495
-3.24642 -2.16098
-2.89673 -2.10165
-2.27126 -5.22737
-2.82092 1.47092
-1.42773 -1.98903
-3.27166 0.760413
-2.64829 -3.84269
-3.10643 -1.57279
-2.66267 -4.55637
-3.00814 -0.482396
-2.38423 0.766766
-2.2079 -0.918437
-2.39554 0.0614967
-2.12655 -0.755965
-2.56323 -0.291876
-1.87831 -1.20444
-1.88503 -5.27153
-2.56539 2.48583
-1.83662 -2.38917
-2.79613 -4.90324
-2.75525 1.19065
-1.58956 -2.04699
-3.25347 -2.05466
-2.89039 -2.20639
-2.33515 -5.25505
-2.81576 1.40496
-1.44547 -1.99265
-3.28372 0.48181
-2.6608 -3.8468
-3.10202 -1.57424
-2.65177 -4.59548
-3.00388 -0.397868
-2.25937 0.758164
-2.38384 -0.614839
-2.09107 -0.484653
-2.62012 -0.681801
-1.80778 -1.0741
-1.80403 -5.63654
-2.20261 2.67356
-2.36033 -1.72595
-2.33752 0.358082
-2.23486 -0.633259
-2.32777 -0.049212
-2.20908 -0.482689
-2.37976 -0.0889495
-2.13316 -0.655088
-2.54261 -0.255265
-1.90734 -1.16565
-2.03475 -4.99021
-2.82582 1.82991
-1.3648 -2.00811
-3.20142 1.7161
-2.76603 -2.61623
-2.36921 -5.31408
-2.78063 1.49415
-1.50591 -2.09742
-3.29643 -0.221741
-2.71365 -3.69011
-3.08903 -1.92091
-2.77484 -4.16061
-3.02499 -1.24121
-2.37669 -4.63979
-3.03545 0.290056
-2.04015 0.489408
-2.63903 -2.00844
-2.5077 0.433191
-2.01265 -1.28132
-2.59078 -3.18847
-2.81595 -4.4548
-2.96162 -0.417155
-1.98452 0.267811
-2.57073 -3.00667
-2.48978 -5.27197
-2.7843 1.35112
-1.51407 -2.05584
-3.29959 -0.524156
-2.75038 -3.48895
-3.07041 -2.37292
-2.88003 -3.53925
-3.02128 -2.18032
-2.77755 -4.26235
-3.01171 -1.05277
-2.70133 -2.89855
-2.60053 -5.02311
-2.88322 0.721503
-1.45357 -1.54856
-3.31153 -1.08463
-2.84606 -2.60448
-2.64197 -4.85284
-2.93716 0.261213
-1.60749 -0.933282
-2.65333 -5.47837
-2.39575 2.08411
-2.203 -1.63514
-2.60995 -0.205191
-1.82074 -1.3487
-1.86565 -5.70611
-2.20417 2.6243
-2.36797 -1.68859
-2.30287 0.338878
-2.28283 -0.527046
-2.24454 -0.186988
-2.329 -0.226962
-2.19172 -0.432928
-2.41568 -0.115925
-2.08315 -0.78168
-2.64954 -0.791416
-1.79007 -0.998611
-1.81214 -5.69941
-2.15509 2.64614
-2.41257 -1.71608
-2.25363 0.332251
-2.35822 -0.43081
-2.13532 -0.466828
-2.53313 -0.291139
-1.91736 -1.12347
-2.11475 -4.83378
-2.92384 1.40859
-1.37267 -1.482
-3.3115 0.287221
-2.74122 -3.35816
-3.04822 -2.80804
-2.93053 -2.9848
-2.98023 -3.04094
-2.97052 -2.81262
-2.95121 -3.22938
-2.98886 -2.58062
-2.90297 -3.61749
-3.00609 -2.06262
-2.66308 -4.67722
-2.98167 -0.204549
-1.95856 0.22232
-2.48332 -3.55179
-3.09202 -2.78048
-2.91388 -2.85244
-2.94732 -3.44112
-2.98902 -2.28012
-2.76769 -4.3439
-3.00471 -0.889593
-2.76122 -0.820186
-1.7541 -0.805139
-1.84381 -5.81355
-2.0803 2.57528
-2.48419 -1.86979
-2.29092 0.446636
-2.31073 -0.535598
-2.19953 -0.265635
-2.40682 -0.174031
-2.08954 -0.730983
-2.63505 -0.688634
-1.79335 -1.08139
-1.83058 -5.71591
-2.1594 2.63362
-2.4109 -1.7047
-2.24914 0.323326
-2.3647 -0.422615
-2.12683 -0.493143
-2.55113 -0.338849
-1.89145 -1.1518
-1.95587 -5.12899
-2.70788 2.19874
-1.55885 -2.34505
-3.28628 -0.228039
-2.68845 -3.86639
-3.09082 -1.56464
-2.61357 -4.71382
-2.98892 -0.12866
-1.95512 0.222289
-2.46836 -3.62439
-3.12178 -2.40174
-2.87763 -3.25715
-3.02035 -2.64082
-2.92249 -3.33238
-3.00352 -2.45964
-2.87453 -3.78375
-3.01161 -1.82875
-2.49262 -5.02934
-2.91655 0.6854
-1.47499 -1.34817
-3.27052 -2.1662
-2.90681 -1.34167
-2.63314 0.175576
-1.80734 -1.55965
-2.03071 -5.84169
-2.20679 2.50376
-2.38602 -1.60115
-2.2302 0.255062
-2.39015 -0.383065
-2.09496 -0.600276
-2.61757 -0.616914
-1.80756 -1.11949
-1.81558 -5.65868
-2.19554 2.66139
-2.37001 -1.71401
-2.31441 0.352526
-2.26725 -0.562385
-2.26982 -0.134453
-2.29041 -0.292329
-2.24521 -0.291701
-2.32076 -0.190437
-2.20681 -0.41704
-2.38609 -0.113473
-2.12242 -0.671504
-2.56655 -0.333193
-1.87194 -1.19322
-1.86651 -5.3092
-2.52314 2.54617
-1.91242 -2.3428
-2.4016 -5.64408
-2.47821 2.1519
-2.06982 -1.95524
-2.31173 -4.46487
-3.07162 0.323986
-2.36764 0.828975
-2.235 -0.883712
-2.33584 0.0480743
-2.20676 -0.537708
-2.38342 -0.0688603
-2.13013 -0.674416
-2.55017 -0.273166
-1.89639 -1.17878
-1.97037 -5.10717
-2.72992 2.13805
-1.51687 -2.30413
-3.27558 0.323754
-2.63391 -4.03101
-3.09539 -1.21332
-2.43376 -5.00438
-2.93307 0.697891
-1.49493 -1.23918
-3.2117 -2.91514
-2.89185 -0.397753
-1.73577 -0.617172
-1.8435 -5.85411
-2.04041 2.54423
-2.50725 -2.07423
-2.49954 0.37782
-2.01902 -1.23535
-2.62904 -2.88746
-2.39582 -5.3567
-2.74885 1.57565
-1.56805 -2.16415
-3.28807 -1.13052
-2.80518 -3.15388
-3.00018 -3.19795
-2.96425 -2.54657
-2.86993 -3.88542
-3.00716 -1.66581
-2.34869 -5.14659
-2.87288 1.15028
-1.4006 -1.72676
-3.29582 0.463732
-2.69671 -3.63511
-3.09314 -2.06328
-2.82222 -3.89523
-3.02924 -1.66549
-2.43904 -5.07805
-2.9033 0.854223
-1.43677 -1.4924
-3.31693 -0.916611
-2.8373 -2.67599
-2.69833 -4.70686
-2.95893 -0.0644762
-1.78655 -0.332484
-1.7027 -5.52718
-2.17697 2.75023
-2.37103 -1.77817
-2.35387 0.377995
-2.21411 -0.692795
-2.36931 -0.012816
-2.15447 -0.63818
-2.49524 -0.141552
-1.97766 -1.06134
-2.51498 -3.59382
-3.10779 -2.51582
-2.89074 -3.16754
-3.00927 -2.78992
-2.94273 -3.12692
-2.99 -2.74894
-2.94048 -3.26821
-2.99447 -2.53642
-2.89296 -3.67783
-3.00835 -1.97929
-2.60552 -4.82209
-2.96152 0.134936
-1.71805 -0.545517
-1.8874 -5.91457
-2.02054 2.49502
-2.51644 -2.22822
-2.68627 -0.363589
-1.72363 -1.34102
-2.27944 -5.87082
-2.24661 2.34995
-2.36458 -1.50889
-2.22435 0.205116
-2.39587 -0.361136
-2.08889 -0.629127
-2.62978 -0.691054
-1.79866 -1.07555
-1.81811 -5.68615
-2.17353 2.65019
-2.39424 -1.70694
-2.27342 0.337364
-2.32736 -0.461753
-2.17787 -0.347882
-2.44626 -0.169402
-2.03868 -0.87888
-2.69173 -1.71645
-2.21959 0.524268
-2.42967 -0.506796
-2.03574 -0.695359
-2.68622 -1.64753
-2.14139 0.395824
-2.55207 -0.696214
-1.88211 -0.955004
-1.97076 -5.07497
-2.74567 2.10795
-1.48429 -2.27053
-3.26026 0.725163
-2.61514 -4.00926
-3.10394 -1.2141
-2.46762 -4.96072
-2.94605 0.551662
-1.55242 -1.05731
-2.97102 -4.49878
-2.67559 1.36349
-1.75339 -2.08085
-2.81232 -4.90756
-2.71861 1.32603
-1.66088 -2.10089
-3.14241 -3.25961
-2.92277 -0.833599
-2.10519 0.505008
-2.60662 -1.07731
-1.86556 -0.688278
-1.93899 -5.09134
-2.71327 2.21422
-1.54127 -2.34072
-3.28158 0.0539631
-2.65661 -3.98165
-3.09266 -1.33033
-2.48555 -4.95426
-2.94613 0.513484
-1.56175 -1.03333
-2.92197 -4.70352
-2.62792 1.54255
-1.84432 -2.06651
-2.35826 -5.72245
-2.40563 2.24833
-2.17158 -1.78855
-2.71538 -1.20673
-1.88094 -0.361857
-2.06393 -4.84229
-2.89676 1.59562
-1.33396 -1.65778
-3.25063 1.35595
-2.70688 -3.33229
-3.03191 -3.07034
-2.94768 -2.65217
-2.89787 -3.74021
-3.00267 -1.87752
-2.49553 -5.03276
-2.91458 0.692272
-1.47175 -1.36367
-3.27746 -2.04925
-2.90454 -1.48291
-2.76026 -0.953626
-1.79897 -0.616788
-1.73926 -5.519
-2.22766 2.73832
-2.32045 -1.80022
-2.45879 0.294844
-2.06619 -1.05954
-2.69379 -1.31648
-1.92301 -0.231062
-2.33593 -4.19143
-3.13037 -0.162455
-2.54903 -3.99186
-3.12501 -1.13273
-2.50776 -4.87719
-2.968 0.31746
-1.67923 -0.649494
-2.11338 -5.99865
-2.0734 2.38571
-2.51598 -1.9063
-2.30812 0.483943
-2.28876 -0.589011
-2.23279 -0.179045
-2.35029 -0.215339
-2.16233 -0.510284
-2.47596 -0.150547
-2.00193 -0.991758
-2.62959 -2.82509
-2.29546 -5.41625
-2.70597 1.80288
-1.64008 -2.2505
-3.23887 -2.16785
-2.89128 -2.27335
-2.41154 -5.21023
-2.84082 1.20275
-1.42828 -1.86792
-3.29219 0.395847
-2.68293 -3.73804
-3.0986 -1.81649
-2.75031 -4.25212
-3.02414 -1.08027
-2.56705 -3.81637
-3.13024 -1.59738
-2.72135 -4.30813
-3.02805 -0.971908
-2.66566 -3.2075
-2.92409 -3.90688
-2.98222 -1.46106
-2.39586 -4.53542
-3.0586 0.109534
-2.3682 0.814769
-2.23317 -0.880474
-2.33928 0.0482064
-2.2019 -0.549321
-2.39312 -0.0659825
-2.11747 -0.711463
-2.57945 -0.372415
-1.8538 -1.2034
-1.82408 -5.43528
-2.38972 2.66417
-2.12419 -2.08394
-2.41537 -4.1528
-3.13088 -0.489218
-2.39519 -4.71476
-3.01817 0.319624
-1.90949 0.141669
-2.22841 -4.44384
-3.06595 0.610747
-2.16158 0.736763
-2.53449 -0.790409
-1.90394 -0.851163
-2.1336 -4.76505
-2.95299 1.27766
-1.43909 -1.25107
-3.30089 -1.68597
-2.89504 -1.70905
-2.6511 -3.24291
-2.94116 -3.82089
-2.97991 -1.58798
-2.29847 -4.92573
-2.9508 0.895913
-1.49194 -1.1778
-3.20246 -3.02357
-2.88147 -0.212528
-1.65087 -0.92951
-2.41359 -5.82782
-2.24608 2.27203
-2.37506 -1.45294
-2.18874 0.135149
-2.45345 -0.360273
-2.01441 -0.838142
-2.67148 -2.2764
-2.7083 -2.62705
-2.22169 -5.35678
-2.73099 1.81254
-1.57745 -2.24031
-3.28805 -0.992344
-2.78512 -3.31947
-3.04198 -2.75754
-2.9297 -3.07573
-2.99097 -2.86561
-2.95493 -3.06076
-2.98175 -2.8325
-2.95323 -3.14782
-2.98634 -2.69871
-2.93119 -3.38243
-2.99856 -2.38099
-2.83852 -4.00527
-3.01234 -1.48741
-2.29911 -5.0376
-2.91192 1.0644
-1.40941 -1.50313
-3.32038 -0.340405
-2.78887 -3.08457
-2.95864 -3.56574
-2.9808 -2.05509
-2.56329 -4.93499
-2.93638 0.422548
-1.56253 -1.06013
-2.93111 -4.66332
-2.64104 1.49946
-1.81957 -2.07618
-2.49358 -5.5832
-2.48637 2.08374
-2.06419 -1.93665
-2.30505 -4.48131
-3.06736 0.366828
-2.29467 0.832008
-2.33671 -0.691967
-2.1557 -0.284949
-2.49342 -0.26007
-1.97062 -1.01262
-2.49525 -3.68292
-3.13315 -2.10479
-2.84168 -3.59646
-3.03853 -2.09527
-2.76709 -4.28203
-3.01347 -1.02111
-2.71988 -2.71397
-2.3622 -5.34181
-2.76225 1.56556
-1.53829 -2.14507
-3.29578 -0.639647
-2.75464 -3.4878
-3.06944 -2.36732
-2.87901 -3.55283
-3.02131 -2.16117
-2.76738 -4.30491
-3.0103 -0.974242
-2.76563 -2.026
-2.75985 -1.76703
-2.4781 0.54272
-2.0631 -1.20288
-2.70217 -1.63862
-2.15612 0.435608
-2.52992 -0.635387
-1.90774 -0.941693
-2.12861 -4.7853
-2.94488 1.31417
-1.41678 -1.3215
-3.32114 -1.01497
-2.85699 -2.39678
-2.41826 -5.22474
-2.83196 1.23307
-1.43793 -1.90512
-3.29237 0.34214
-2.68223 -3.75531
-3.09851 -1.77767
-2.73511 -4.31551
-3.02173 -0.964508
-2.7185 -2.73556
-2.39097 -5.32093
-2.77464 1.49177
-1.51937 -2.10785
-3.29745 -0.429535
-2.73514 -3.58636
-3.08068 -2.14704
-2.836 -3.84313
-3.0266 -1.74516
-2.48929 -5.02068
-2.92068 0.666168
-1.48328 -1.31256
-3.251 -2.45177
-2.90755 -0.99227
-2.17794 0.611258
-2.50352 -0.642756
-1.9391 -0.866622
-2.35904 -4.19357
-3.12892 -0.235974
-2.5139 -4.1598
-3.11265 -0.743744
-2.36547 -4.85501
-2.98023 0.596367
-1.64364 -0.718949
-2.34259 -5.91437
-2.17478 2.30057
-2.4492 -1.5033
-2.10936 0.0424162
-2.59106 -0.725943
-1.84013 -1.00449
-1.80713 -5.4123
-2.38849 2.68103
-2.12226 -2.09531
-2.3884 -4.24766
-3.11678 -0.237003
-2.60278 -3.68904
-3.11723 -1.99674
-2.81943 -3.83758
-3.03519 -1.74547
-2.52613 -4.95586
-2.93832 0.48231
-1.55192 -1.08225
-2.98391 -4.43713
-2.69168 1.29767
-1.72186 -2.0752
-2.93538 -4.46275
-2.81145 0.7759
-1.51156 -1.82131
-3.29461 -1.34371
-2.84832 -2.66935
-2.72319 -4.62399
-2.96989 -0.250074
-1.92389 0.110412
-2.31873 -4.20218
-3.12857 -0.0822074
-2.61266 -3.6441
-3.11068 -2.14369
-2.84559 -3.66769
-3.03326 -1.99452
-2.69786 -4.54368
-2.9983 -0.503599
-2.31457 0.773716
-2.30403 -0.710317
-2.20606 -0.172154
-2.39978 -0.208114
-2.09584 -0.694165
-2.62121 -0.603605
-1.80317 -1.13315
-1.82689 -5.68814
-2.18101 2.6464
-2.38757 -1.70235
-2.28047 0.338061
-2.31652 -0.475375
-2.19342 -0.307044
-2.41674 -0.162513
-2.07757 -0.771636
-2.65723 -0.874892
-1.796 -0.916051
-1.78289 -5.63529
-2.1803 2.68212
-2.38144 -1.72786
-2.30493 0.357585
-2.28158 -0.538498
-2.24621 -0.179261
-2.32666 -0.232225
-2.19471 -0.423419
-2.4099 -0.116703
-2.09063 -0.759776
-2.63532 -0.678663
-1.79241 -1.08956
-1.83542 -5.72402
-2.15689 2.62858
-2.41418 -1.70389
-2.24436 0.319903
-2.3722 -0.417103
-2.11688 -0.522345
-2.57217 -0.408269
-1.86171 -1.16879
-1.84208 -5.36301
-2.4616 2.61548
-2.01491 -2.24114
-1.95704 -5.56003
-2.41985 2.53034
-2.10499 -2.0566
-2.3582 -4.33992
-3.09993 0.00245877
-2.78496 -1.25485
-1.98287 0.0841293
-2.58387 -2.94979
-2.41039 -5.36186
-2.74255 1.5821
-1.58201 -2.17175
-3.28099 -1.37104
-2.82847 -2.96446
-2.92865 -3.71807
-2.98936 -1.85779
-2.41949 -5.13212
-2.88033 1.00529
-1.41528 -1.65634
-3.31092 -0.00167723
-2.74216 -3.41793
-3.06159 -2.60378
-2.91077 -3.23183
-3.0073 -2.62898
-2.92019 -3.41318
-3.00378 -2.3451
-2.82945 -4.04452
-3.01295 -1.42493
-2.30714 -4.9395
-2.9478 0.889576
-1.48645 -1.2008
-3.22018 -2.84356
-2.89249 -0.434602
-1.75252 -0.558002
-1.77666 -5.76206
-2.05916 2.61086
-2.48994 -1.96301
-2.37684 0.480807
-2.19279 -0.802622
-2.41899 0.010517
-2.09071 -0.830517
-2.64125 -0.696436
-1.78802 -1.07887
-1.84232 -5.74135
-2.14776 2.61854
-2.42442 -1.70825
-2.23394 0.315557
-2.38905 -0.409565
-2.09463 -0.586675
-2.61754 -0.622204
-1.80778 -1.11566
-1.81425 -5.65572
-2.19674 2.66294
-2.36847 -1.71551
-2.31779 0.353555
-2.26247 -0.57224
-2.27793 -0.119942
-2.27849 -0.315995
-2.26274 -0.251707
-2.29323 -0.23698
-2.24486 -0.318012
-2.31979 -0.180414
-2.20908 -0.417013
-2.38165 -0.113374
-2.12837 -0.655042
-2.55297 -0.289227
-1.8918 -1.17919
-1.94793 -5.14737
-2.69209 2.23666
-1.59023 -2.36782
-3.28666 -0.689546
-2.74093 -3.62232
-3.0798 -2.05934
-2.81067 -3.99756
-3.02579 -1.50947
-2.32951 -5.11036
-2.88714 1.11829
-1.39799 -1.65148
-3.30429 0.297721
-2.71831 -3.527
-3.08019 -2.33256
-2.87397 -3.55234
-3.02394 -2.16209
-2.77312 -4.27743
-3.0116 -1.02587
-2.72697 -2.63317
-2.27184 -5.36656
-2.7375 1.73941
-1.57291 -2.21658
-3.28872 -1.00566
-2.78833 -3.29103
-3.03608 -2.83191
-2.9367 -2.98635
-2.97972 -3.01579
-2.96958 -2.85158
-2.95731 -3.15787
-2.98474 -2.67744
-2.92633 -3.43425
-3.00011 -2.31105
-2.80723 -4.15932
-3.01127 -1.22983
-2.48 -4.21714
-3.1105 -0.562019
-2.42635 -4.52554
-3.05955 -0.00180916
-2.46575 0.727249
-2.09523 -1.21136
-2.68275 -0.964749
-1.80037 -0.796058
-1.76003 -5.56644
-2.21307 2.71484
-2.34112 -1.76598
-2.39665 0.350717
-2.15376 -0.838287
-2.5094 -0.106322
-1.96204 -1.12081
-2.40414 -4.07039
-3.14524 -0.635616
-2.40649 -4.89611
-2.9697 0.550126
-1.61887 -0.815468
-2.52998 -5.70433
-2.29338 2.20247
-2.3262 -1.46031
-2.27115 0.226256
-2.32057 -0.417873
-2.1905 -0.341187
-2.42109 -0.152213
-2.07281 -0.791027
-2.66526 -0.960255
-1.80695 -0.817921
-1.76311 -5.53581
-2.24197 2.72114
-2.30794 -1.80304
-2.48518 0.250662
-2.02675 -1.1461
-2.66801 -2.4536
-2.34967 -4.5631
-3.05187 0.297471
-2.17659 0.732658
-2.51145 -0.718302
-1.92914 -0.843129
-2.30231 -4.36202
-3.09397 0.231343
-2.67187 0.123587
-1.74529 -1.59689
-2.37504 -5.77491
-2.33578 2.27744
-2.26427 -1.6094
-2.46018 0.225821
-2.05767 -1.04583
-2.6967 -1.48426
-2.02225 0.110647
-2.65067 -2.0933
-2.65087 -0.0487877
-1.77025 -1.49072
-2.15035 -5.88171
-2.22073 2.42728
-2.38283 -1.55003
-2.21266 0.212222
-2.41673 -0.367064
-2.06112 -0.703654
-2.67317 -1.1347
-1.84924 -0.580038
-1.87002 -5.18679
-2.60205 2.46459
-1.75699 -2.42659
-3.09432 -3.52416
-2.92855 -0.765445
-2.07545 0.450718
-2.63496 -1.40606
-1.9553 -0.197834
-2.50556 -3.50895
-3.07041 -2.98416
-2.93078 -2.63033
-2.86831 -3.94454
-3.0037 -1.56052
-2.29683 -5.07749
-2.89582 1.13762
-1.39425 -1.61071
-3.30726 0.250203
-2.72719 -3.47358
-3.072 -2.47309
-2.89437 -3.38089
-3.01719 -2.40762
-2.86801 -3.79623
-3.01404 -1.81276
-2.48978 -5.03126
-2.91628 0.692087
-1.47348 -1.35282
-3.27341 -2.11954
-2.90604 -1.39642
-2.69546 -0.183102
-1.70821 -1.45556
-2.45596 -5.71464
-2.35829 2.21971
-2.24107 -1.62421
-2.51983 0.11409
-1.96722 -1.22804
-2.3807 -4.16455
-3.13264 -0.36148
-2.43148 -4.53776
-3.05672 -0.00432498
-2.43637 0.761878
-2.13776 -1.10938
-2.58513 -0.263236
-1.85112 -1.26966
-1.82195 -5.49301
-2.3426 2.67574
-2.19074 -1.96791
-2.72161 -1.85795
-2.48282 0.517189
-2.05441 -1.21335
-2.6989 -1.87715
-2.44544 0.556233
-2.10837 -1.08153
-2.64101 -0.592296
-1.78171 -1.1599
-1.89327 -5.8003
-2.14051 2.57605
-2.43855 -1.69726
-2.21082 0.291562
-2.42632 -0.404233
-2.04616 -0.724694
-2.68518 -1.43635
-1.98319 -0.0264475
-2.59394 -2.89491
-2.33424 -5.41642
-2.70834 1.75896
-1.64069 -2.2373
-3.23438 -2.2412
-2.89654 -2.18318
-2.33576 -5.25035
-2.81848 1.39378
-1.44188 -1.98228
-3.28309 0.510112
-2.6603 -3.84255
-3.10243 -1.58238
-2.65685 -4.57995
-3.00539 -0.431854
-2.30598 0.777456
-2.31654 -0.692218
-2.18638 -0.218798
-2.43485 -0.206637
-2.05022 -0.82502
-2.68812 -1.41102
-1.97016 -0.0671887
-2.55631 -3.18694
-2.7739 -4.62392
-2.94121 -0.053167
-1.72261 -0.571023
-1.87762 -5.90073
-2.0259 2.50677
-2.5148 -2.18353
-2.63635 -0.0511655
-1.79092 -1.46791
-2.0348 -5.85923
-2.19071 2.49641
-2.40403 -1.59856
-2.20355 0.227338
-2.43391 -0.381549
-2.03792 -0.760626
-2.68835 -1.63563
-2.13322 0.381291
-2.56447 -0.742977
-1.86937 -0.947355
-1.90945 -5.17897
-2.64259 2.3633
-1.68432 -2.41394
-3.22787 -2.23948
-2.89119 -2.33864
-2.48882 -5.12103
-2.87544 0.927234
-1.42762 -1.65621
-3.31389 -0.233383
-2.7628 -3.30242
-3.03596 -2.90727
-2.9405 -2.87925
-2.96202 -3.22559
-2.98342 -2.57244
-2.89721 -3.67291
-3.00644 -1.98388
-2.60208 -4.83167
-2.95965 0.158725
-1.70336 -0.594974
-1.96966 -5.96534
-2.03298 2.44841
-2.52033 -2.15882
-2.60707 0.0843343
-1.84103 -1.46832
-1.87046 -5.67532
-2.23732 2.62946
-2.33099 -1.71807
-2.38455 0.339501
-2.16878 -0.790403
-2.47138 -0.0500662
-2.01675 -1.00763
-2.66451 -2.45048
-2.36768 -4.50236
-3.06575 0.168391
-2.4051 0.799827
-2.18256 -1.00448
-2.46296 0.0308199
-2.03526 -1.00114
-2.69058 -1.95496
-2.54083 0.385017
-1.96148 -1.38284
-2.24272 -4.57972
-3.03521 0.700368
-1.88727 0.117957
-2.08982 -4.74057
-2.94188 1.41568
-1.39914 -1.3533
-3.32583 -0.567577
-2.8223 -2.7699
-2.76028 -4.51833
-2.97716 -0.455347
-2.10414 0.548891
-2.60817 -1.11959
-1.8731 -0.63826
-1.98861 -5.0038
-2.79028 1.99009
-1.40483 -2.14246
-3.21351 1.50421
-2.71769 -3.12505
-2.9111 -3.93545
-2.98579 -1.45189
-2.38485 -4.57926
-3.04918 0.195169
-2.21148 0.764572
-2.45841 -0.637984
-1.99421 -0.731467
-2.63527 -2.70206
-2.16959 -5.34266
-2.72055 1.89834
-1.58878 -2.26962
-3.28514 -1.0824
-2.79259 -3.27507
-3.03276 -2.86357
-2.93978 -2.95033
-2.97436 -3.07722
-2.97452 -2.76951
-2.94371 -3.29741
-2.99286 -2.49094
-2.87658 -3.7927
-3.01005 -1.81338
-2.4728 -5.0575
-2.90808 0.770108
-1.4529 -1.43476
-3.30524 -1.42873
-2.87639 -2.17617
-2.26489 -5.24359
-2.81074 1.51535
-1.44084 -2.02812
-3.27446 0.66479
-2.64636 -3.87793
-3.10499 -1.49893
-2.62254 -4.67156
-2.99634 -0.225278
-2.06089 0.483931
-2.64097 -1.64991
-2.10199 0.271027
-2.60729 -0.947376
-1.844 -0.829263
-1.82791 -5.30916
-2.48375 2.61731
-1.973 -2.2988
-2.09702 -5.73339
-2.35847 2.44911
-2.21041 -1.81048
-2.67881 -0.614543
-1.74706 -1.15438
-2.03104 -5.90782
-2.13589 2.47659
-2.45937 -1.6635
-2.16976 0.231113
-2.49436 -0.45973
-1.95672 -0.932797
-2.44464 -3.89295
-3.15592 -1.23429
-2.64274 -4.52792
-3.01977 -0.524061
-2.54489 0.543043
-1.9683 -1.44593
-2.23874 -4.59673
-3.03017 0.732046
-1.84756 -0.00360975
-1.86337 -5.11096
-2.63754 2.43189
-1.67851 -2.4343
-3.24079 -2.02761
-2.8741 -2.57465
-2.69892 -4.68063
-2.96613 -0.141537
-1.85015 -0.118068
-1.88261 -5.09938
-2.66125 2.37465
-1.63393 -2.41643
-3.27462 -1.2747
-2.80312 -3.23737
-3.02484 -2.93412
-2.94645 -2.87036
-2.96079 -3.21723
-2.98399 -2.58606
-2.90185 -3.63779
-3.00575 -2.0333
-2.63933 -4.74172
-2.97343 -0.0565024
-1.8417 -0.13322
-1.84064 -5.16267
-2.5873 2.51781
-1.77743 -2.43426
-3.04497 -3.83807
-2.91484 -0.333164
-1.76292 -0.484593
-1.73926 -5.69084
-2.0817 2.65864
-2.46888 -1.87606
-2.30793 0.446567
-2.28558 -0.575825
-2.23839 -0.175508
-2.34059 -0.222858
-2.17539 -0.473859
-2.44853 -0.12708
-2.03946 -0.900584
-2.69236 -1.72103
-2.22579 0.532122
-2.42013 -0.506645
-2.04802 -0.661548
-2.68142 -1.37342
-1.94668 -0.160179
-2.46348 -3.70665
-3.14245 -1.99692
-2.82643 -3.68405
-3.04198 -1.96312
-2.70218 -4.51919
-3.0014 -0.557109
-2.4011 0.751939
-2.18416 -0.973901
-2.45499 0.0317294
-2.04576 -0.971912
-2.69501 -1.65749
-2.16341 0.443144
-2.51822 -0.604652
-1.92215 -0.928884
-2.22816 -4.56485
-3.03598 0.739808
-1.88183 0.105651
-2.05641 -4.80178
-2.90631 1.58759
-1.33764 -1.60076
-3.2663 1.16957
-2.69967 -3.44111
-3.06635 -2.67133
-2.915 -3.11885
-2.99875 -2.82261
-2.94868 -3.10744
-2.98669 -2.76938
-2.94381 -3.24404
-2.99265 -2.56801
-2.90132 -3.62044
-3.00681 -2.0593
-2.66291 -4.677
-2.98178 -0.205239
-1.9596 0.225256
-2.48737 -3.53091
-3.08159 -2.89184
-2.92308 -2.72688
-2.90627 -3.72735
-2.99928 -1.88748
-2.48943 -5.04429
-2.91089 0.725135
-1.46262 -1.40027
-3.29313 -1.74141
-2.89368 -1.83853
-2.42807 -4.36971
-3.09035 -0.191363
-2.78327 -1.65801
-2.40795 0.630728
-2.16489 -0.960881
-2.49774 -0.0423152
-1.9829 -1.10299
-2.52633 -3.5418
-3.08759 -2.76397
-2.91405 -2.90038
-2.96154 -3.31333
-2.98358 -2.44757
-2.84893 -3.97322
-3.01028 -1.53444
-2.30194 -5.0818
-2.89499 1.13202
-1.39502 -1.61396
-3.30725 0.245463
-2.72713 -3.47509
-3.07223 -2.46854
-2.89377 -3.38658
-3.01746 -2.39932
-2.86551 -3.81182
-3.01425 -1.78984
-2.47165 -5.05528
-2.9092 0.765615
-1.45442 -1.42642
-3.30336 -1.48655
-2.8801 -2.11314
-2.24407 -5.18435
-2.83585 1.45688
-1.40443 -1.93522
-3.26244 0.976056
-2.65489 -3.74785
-3.10706 -1.79422
-2.75475 -4.21556
-3.02691 -1.14401
-2.4642 -4.29282
-3.10022 -0.405785
-2.61063 -3.62724
-3.10859 -2.20914
-2.85593 -3.58701
-3.03181 -2.11146
-2.76213 -4.31207
-3.01147 -0.963752
-2.76662 -2.00386
-2.76312 -1.49208
-2.13457 0.441079
-2.56465 -0.771921
-1.87024 -0.926378
-1.91808 -5.16072
-2.66012 2.32716
-1.64938 -2.40422
-3.26272 -1.62207
-2.83914 -2.93472
-2.92312 -3.73996
-2.99091 -1.83101
-2.40356 -5.14326
-2.87582 1.05186
-1.41137 -1.68971
-3.30613 0.167626
-2.72369 -3.51856
-3.07835 -2.34594
-2.87604 -3.54128
-3.02327 -2.17774
-2.77998 -4.24909
-3.01236 -1.07743
-2.66985 -3.16532
-2.88861 -4.08976
-2.98285 -1.15629
-2.76414 -2.01608
-2.76263 -1.57446
-2.22225 0.57279
-2.42891 -0.52815
-2.03564 -0.683449
-2.68583 -1.64409
-2.13771 0.388271
-2.55765 -0.715862
-1.87618 -0.953239
-1.94055 -5.12626
-2.69704 2.23894
-1.57694 -2.36395
-3.28721 -0.468511
-2.71514 -3.75295
-3.08706 -1.79209
-2.7194 -4.39588
-3.01597 -0.811847
-2.76528 -0.882587
-1.77574 -0.703513
-1.76428 -5.67583
-2.12361 2.66708
-2.43625 -1.77033
-2.25904 0.367061
-2.35268 -0.450823
-2.14188 -0.439713
-2.5193 -0.263008
-1.93709 -1.09396
-2.25763 -4.5099
-3.05489 0.572909
-2.07494 0.588805
-2.63242 -1.51469
-2.00982 -0.00390758
-2.64515 -2.29419
-2.73 -2.32284
-2.39947 -4.41443
-3.08351 -0.0418943
-2.7299 -0.307978
-1.67545 -1.36493
-2.56412 -5.57952
-2.41137 2.12128
-2.17727 -1.71227
-2.68889 -0.774731
-1.75995 -1.00279
-1.89956 -5.84054
-2.10626 2.5516
-2.47067 -1.77152
-2.22509 0.353814
-2.40709 -0.425403
-2.06975 -0.646819
-2.65997 -0.973326
-1.81235 -0.805954
-1.76478 -5.49951
-2.27327 2.72635
-2.27013 -1.85872
-2.59934 -0.0752695
-1.84211 -1.38552
-1.84197 -5.61808
-2.25943 2.65678
-2.30051 -1.77183
-2.47867 0.25137
-2.03555 -1.12221
-2.68544 -2.16531
-2.75816 -1.35701
-2.00911 0.134985
-2.63483 -2.38725
-2.6063 -3.4404
-3.05069 -3.04265
-2.93946 -2.62649
-2.87763 -3.87908
-3.00402 -1.66662
-2.33799 -5.14808
-2.8712 1.17448
-1.39871 -1.73968
-3.29274 0.53225
-2.69074 -3.65714
-3.09557 -2.01081
-2.81 -3.96197
-3.02934 -1.56312
-2.36925 -5.11974
-2.88643 1.05545
-1.4066 -1.64001
-3.30943 0.109946
-2.73467 -3.4499
-3.06759 -2.52592
-2.90133 -3.32177
-3.01363 -2.49395
-2.89128 -3.64145
-3.01102 -2.03361
-2.65739 -4.68832
-2.98097 -0.180772
-1.94119 0.173825
-2.40708 -3.89268
-3.163 -1.16493
-2.63456 -4.53702
-3.02053 -0.499076
-2.52538 0.589658
-2.00055 -1.39239
-2.4759 -3.82199
-3.15044 -1.52506
-2.72749 -4.23551
-3.03538 -1.09399
-2.45778 -4.32482
-3.09541 -0.343153
-2.69733 -3.0068
-2.74841 -4.63496
-2.95375 -0.132518
-1.79694 -0.307657
-1.70959 -5.46303
-2.23623 2.76846
-2.30453 -1.83766
-2.51671 0.194822
-1.97875 -1.24241
-2.44189 -3.94331
-3.15341 -1.06877
-2.57453 -4.70721
-3.00063 -0.112425
-2.01614 0.390418
-2.62488 -2.40426
-2.59568 -3.50127
-3.07585 -2.78372
-2.91888 -2.9228
-2.96831 -3.2312
-2.98027 -2.55587
-2.88931 -3.73459
-3.00718 -1.89511
-2.53016 -4.97417
-2.93051 0.527372
-1.52651 -1.1719
-3.10842 -3.74862
-2.81445 0.572453
-1.52247 -1.73233
-3.27369 -1.89639
-2.89133 -2.05597
-2.24552 -5.15095
-2.85212 1.39613
-1.38948 -1.86239
-3.26363 1.01397
-2.66416 -3.68885
-3.10365 -1.94566
-2.79848 -4.00616
-3.03061 -1.49249
-2.33656 -5.10898
-2.88857 1.10001
-1.40011 -1.64011
-3.30665 0.227782
-2.72514 -3.49385
-3.07512 -2.41612
-2.88658 -3.4513
-3.0203 -2.30586
-2.83414 -3.99147
-3.01552 -1.51476
-2.30672 -5.08567
-2.89422 1.12681
-1.39575 -1.61691
-3.30726 0.240528
-2.72713 -3.47623
-3.0724 -2.465
-2.89331 -3.39105
-3.01767 -2.3928
-2.86351 -3.82414
-3.01441 -1.77163
-2.45735 -5.0724
-2.90381 0.82053
-1.44229 -1.47789
-3.31428 -1.07422
-2.85029 -2.53376
-2.56872 -5.01107
-2.90324 0.641185
-1.47183 -1.40979
-3.28411 -1.90844
-2.89997 -1.68276
-2.66018 -3.17821
-2.88973 -4.09119
-2.9822 -1.14639
-2.76954 -1.86298
-2.65981 -0.0336858
-1.75796 -1.50939
-2.22944 -5.86732
-2.25242 2.38054
-2.35373 -1.53692
-2.25278 0.244558
-2.3517 -0.395992
-2.14669 -0.455996
-2.50917 -0.232936
-1.95235 -1.07406
-2.36565 -4.19632
-3.128 -0.252509
-2.50984 -4.17763
-3.11087 -0.70473
-2.37207 -4.79106
-2.99818 0.488474
-1.74691 -0.377177
-1.74803 -5.75522
-2.03377 2.61212
-2.49982 -2.09427
-2.52565 0.32121
-1.97763 -1.31161
-2.39456 -4.12707
-3.13764 -0.480472
-2.39124 -4.76921
-3.00458 0.401853
-1.80478 -0.189677
-1.71372 -5.39972
-2.28936 2.77737
-2.23917 -1.93846
-2.69699 -0.749678
-1.75114 -1.02105
-1.94217 -5.87675
-2.10564 2.52067
-2.47628 -1.76589
-2.21637 0.345331
-2.42112 -0.424981
-2.05152 -0.697967
-2.68097 -1.31579
-1.91855 -0.268115
-2.30912 -4.27656
-3.11293 0.0813499
-2.78158 -1.85413
-2.69041 -0.22431
-1.71509 -1.42985
-2.39685 -5.77828
-2.32011 2.2702
-2.28528 -1.56601
-2.39363 0.278471
-2.15063 -0.807349
-2.51373 -0.126322
-1.9547 -1.12793
-2.35523 -4.23605
-3.12093 -0.146991
-2.63117 -3.52176
-3.08501 -2.58159
-2.90217 -3.17493
-3.00702 -2.74677
-2.93844 -3.20527
-2.99459 -2.63254
-2.91862 -3.47258
-3.0032 -2.26181
-2.78653 -4.24825
-3.00973 -1.07281
-2.69439 -2.96042
-2.67694 -4.84605
-2.92175 0.322916
-1.55999 -1.10963
-2.96437 -4.51787
-2.67955 1.35472
-1.74528 -2.08263
-2.84853 -4.78989
-2.74696 1.1829
-1.6078 -2.04974
-3.2283 -2.41611
-2.91012 -1.81578
-2.36226 -4.61844
-3.03987 0.314513
-2.06294 0.541571
-2.63846 -1.65995
-2.1084 0.284013
-2.59871 -0.890431
-1.84466 -0.876636
-1.82596 -5.32438
-2.47142 2.62684
-1.99397 -2.27496
-2.01338 -5.67135
-2.36576 2.50884
-2.19035 -1.88176
-2.72141 -1.31588
-1.939 -0.133532
-2.42287 -3.87408
-3.16076 -1.26209
-2.66243 -4.45618
-3.02621 -0.67043
-2.73489 -0.429857
-1.68277 -1.26785
-2.45236 -5.74342
-2.32471 2.23664
-2.2832 -1.5506
-2.39091 0.274627
-2.15387 -0.796171
-2.50548 -0.111116
-1.9668 -1.10617
-2.43892 -3.93786
-3.15439 -1.07956
-2.58153 -4.68993
-3.00301 -0.154328
-2.05866 0.486555
-2.64136 -1.68771
-2.13278 0.341308
-2.56358 -0.720481
-1.86968 -0.961745
-1.90772 -5.18433
-2.63806 2.37169
-1.69345 -2.41537
-3.21556 -2.40631
-2.90244 -2.15827
-2.33428 -5.24615
-2.82072 1.38708
-1.43869 -1.97409
-3.28232 0.538373
-2.65962 -3.83926
-3.10284 -1.58851
-2.66089 -4.56726
-3.0066 -0.459382
-2.34523 0.779033
-2.2617 -0.795205
-2.27992 -0.0269994
-2.28335 -0.351267
-2.25256 -0.252238
-2.31052 -0.216879
-2.21989 -0.376068
-2.36248 -0.131846
-2.15269 -0.579231
-2.49748 -0.165758
-1.97274 -1.06047
-2.48999 -3.71408
-3.13924 -1.96632
-2.82076 -3.74333
-3.04125 -1.87654
-2.64472 -4.69193
-2.98451 -0.178943
-1.95927 0.227785
-2.48569 -3.53898
-3.08573 -2.84885
-2.9196 -2.77569
-2.92355 -3.61443
-2.99581 -2.04685
-2.6146 -4.81195
-2.96162 0.112538
-1.72649 -0.518941
-1.84619 -5.87733
-2.02009 2.52456
-2.51339 -2.21623
-2.6732 -0.269236
-1.73685 -1.3954
-2.24947 -5.87624
-2.24224 2.36786
-2.36718 -1.51852
-2.22393 0.209169
-2.39693 -0.362828
-2.08738 -0.632422
-2.63256 -0.711047
-1.79737 -1.06148
-1.81642 -5.68691
-2.17103 2.65043
-2.39663 -1.70809
-2.27068 0.336702
-2.33157 -0.45672
-2.17193 -0.363983
-2.45789 -0.176475
-2.02306 -0.918831
-2.68053 -2.14944
-2.7504 -1.04351
-1.82884 -0.512464
-1.79233 -5.3103
-2.4446 2.67661
-2.03028 -2.24352
-1.9501 -5.49449
-2.46746 2.50604
-2.02926 -2.17524
-1.94898 -5.39835
-2.53881 2.44368
-1.9047 -2.31492
-2.39711 -5.65262
-2.47062 2.16351
-2.08103 -1.93831
-2.3966 -4.19806
-3.12519 -0.347878
-2.47096 -4.35006
-3.08906 -0.351125
-2.73529 -2.61663
-2.27437 -5.36173
-2.74125 1.72577
-1.56589 -2.20949
-3.29072 -0.901569
-2.77773 -3.36108
-3.04985 -2.65995
-2.91925 -3.19183
-3.00226 -2.6828
-2.92953 -3.33696
-2.99993 -2.44725
-2.86702 -3.83894
-3.0117 -1.74628
-2.42502 -5.1076
-2.89132 0.940782
-1.42166 -1.58395
-3.31731 -0.338112
-2.78004 -3.17085
-2.99508 -3.29134
-2.96711 -2.41627
-2.806 -4.2081
-3.00633 -1.13146
-2.65296 -3.28684
-2.9778 -3.58584
-2.97263 -1.94344
-2.42231 -5.14334
-2.87473 1.02878
-1.41493 -1.68857
-3.3077 0.0997177
-2.72952 -3.49142
-3.0742 -2.41277
-2.88616 -3.46047
-3.02034 -2.29253
-2.82873 -4.02051
-3.01544 -1.4681
-2.30071 -5.03233
-2.91419 1.05143
-1.4128 -1.48621
-3.32121 -0.455771
-2.80035 -2.99521
-2.91537 -3.83255
-2.98993 -1.66915
-2.29872 -5.12692
-2.8752 1.22071
-1.39002 -1.73079
-3.28812 0.65455
-2.68554 -3.66042
-3.09708 -2.00635
-2.80994 -3.95831
-3.02969 -1.5685
-2.37389 -5.11854
-2.88716 1.04439
-1.40792 -1.63357
-3.31056 0.0672359
-2.73903 -3.42617
-3.06323 -2.58759
-2.90878 -3.24913
-3.00874 -2.60295
-2.91527 -3.45513
-3.00542 -2.2885
-2.80474 -4.16337
-3.0119 -1.22445
-2.48196 -4.20916
-3.11144 -0.579865
-2.41355 -4.58323
-3.04794 0.105329
-2.25885 0.796781
-2.38723 -0.632009
-2.08592 -0.488963
-2.62894 -0.74533
-1.80346 -1.03049
-1.79917 -5.64084
-2.1935 2.67413
-2.36966 -1.72315
-2.3205 0.357209
-2.25891 -0.5812
-2.28401 -0.108949
-2.26973 -0.334755
-2.27599 -0.223721
-2.27335 -0.276791
-2.27383 -0.252375
-2.27477 -0.261852
-2.27255 -0.26092
-2.27627 -0.255871
-2.27054 -0.266615
-2.27918 -0.249187
-2.2663 -0.276166
-2.28557 -0.236227
-2.257 -0.297167
-2.29992 -0.209388
-2.23663 -0.346308
-2.33294 -0.158398
-2.19181 -0.467358
-2.41473 -0.103059
-2.08556 -0.781938
-2.64568 -0.755621
-1.78935 -1.03022
-1.82307 -5.71558
-2.15185 2.63577
-2.4175 -1.71318
-2.24552 0.325886
-2.37083 -0.420437
-2.11854 -0.516133
-2.56863 -0.395956
-1.86661 -1.1671
-1.85525 -5.32899
-2.49863 2.57758
-1.95407 -2.30737
-2.17548 -5.7505
-2.37376 2.38733
-2.19853 -1.80228
-2.69237 -0.769608
-1.75707 -1.00509
-1.91132 -5.85221
-2.10489 2.54221
-2.47326 -1.77357
-2.22426 0.355202
-2.40859 -0.42618
-2.06774 -0.651991
-2.6628 -1.00733
-1.81834 -0.763133
-1.76903 -5.44835
-2.31828 2.72643
-2.21296 -1.95483
-2.7238 -1.30192
-1.93317 -0.151224
-2.39213 -3.99284
-3.15716 -0.808061
-2.49038 -4.84155
-2.98082 0.272955
-1.74169 -0.432331
-1.77378 -5.79193
-2.02826 2.58685
-2.50473 -2.13492
-2.57599 0.187874
-1.89418 -1.42732
-1.88086 -5.33437
-2.52042 2.53278
-1.92143 -2.32851
-2.34101 -5.69392
-2.44343 2.2277
-2.1168 -1.89488
-2.61144 -3.16308
-2.80864 -4.47123
-2.96208 -0.401294
-1.97646 0.247106
-2.54819 -3.17375
-2.74504 -4.72126
-2.92686 0.151958
-1.61653 -0.932489
-2.60494 -5.56944
-2.36238 2.13363
-2.24429 -1.57055
-2.48578 0.17059
-2.01838 -1.12534
-2.65219 -2.63614
-2.16289 -5.25159
-2.77166 1.77239
-1.48659 -2.17033
-3.28016 0.364751
-2.64699 -3.952
-3.0989 -1.3636
-2.52868 -4.88096
-2.96318 0.302115
-1.66786 -0.694368
-2.19542 -5.98542
-2.10811 2.35724
-2.4994 -1.72543
-2.17171 0.285117
-2.4944 -0.48205
-1.95557 -0.922601
-2.44112 -3.90578
-3.156 -1.18565
-2.62548 -4.57717
-3.01548 -0.41649
-2.38651 0.770623
-2.20515 -0.92773
-2.40245 0.0617091
-2.11742 -0.782079
-2.58492 -0.372137
-1.84688 -1.21521
-1.81632 -5.48505
-2.34279 2.6809
-2.18938 -1.97313
-2.71969 -1.92576
-2.58066 0.284606
-1.89472 -1.474
-1.87291 -5.37122
-2.48717 2.56715
-1.97891 -2.27206
-2.04982 -5.70989
-2.35404 2.48523
-2.21067 -1.82914
-2.68653 -0.686228
-1.74877 -1.08945
-1.98686 -5.89609
-2.1193 2.49768
-2.46966 -1.71594
-2.18984 0.288324
-2.46268 -0.433205
-1.99797 -0.840945
-2.63708 -2.71422
-2.17938 -5.3634
-2.71123 1.91021
-1.60983 -2.27854
-3.2744 -1.44643
-2.82921 -2.98824
-2.94258 -3.62427
-2.98643 -1.99368
-2.52993 -4.99157
-2.92374 0.572896
-1.50594 -1.2464
-3.18865 -3.12681
-2.88067 -0.170274
-1.6367 -0.979396
-2.52149 -5.69455
-2.31701 2.20051
-2.29685 -1.50551
-2.3436 0.271059
-2.2178 -0.627422
-2.36103 -0.0376453
-2.16341 -0.601143
-2.47468 -0.11769
-2.00643 -0.998018
-2.64141 -2.71347
-2.18442 -5.36804
-2.7102 1.90716
-1.61291 -2.27825
-3.27216 -1.50738
-2.83511 -2.93526
-2.91887 -3.77162
-2.99138 -1.78164
-2.36654 -5.16169
-2.86681 1.14991
-1.40524 -1.75362
-3.29483 0.45957
-2.69343 -3.65716
-3.09484 -2.00866
-2.80883 -3.97069
-3.0291 -1.54973
-2.36052 -5.12042
-2.88565 1.07339
-1.4044 -1.64832
-3.30766 0.173753
-2.7284 -3.48235
-3.07314 -2.4429
-2.89037 -3.42045
-3.01887 -2.35008
-2.84959 -3.90672
-3.01518 -1.64717
-2.36724 -5.13655
-2.87872 1.09464
-1.40432 -1.68691
-3.30317 0.285744
-2.71463 -3.55578
-3.08374 -2.25638
-2.8611 -3.64994
-3.02625 -2.02363
-2.69695 -4.55458
-2.99647 -0.478677
-2.27309 0.759872
-2.36332 -0.628634
-2.11882 -0.405543
-2.56659 -0.427831
-1.86802 -1.14593
-1.86308 -5.3058
-2.52198 2.55093
-1.91361 -2.34324
-2.39685 -5.64828
-2.47565 2.15794
-2.07336 -1.95098
-2.33726 -4.38981
-3.08937 0.141929
-2.67855 0.0790648
-1.73382 -1.58318
-2.42516 -5.73078
-2.36149 2.23596
-2.23498 -1.64579
-2.54486 0.0524796
-1.92751 -1.28856
-2.09063 -4.90067
-2.8902 1.5564
-1.33922 -1.69401
-3.24848 1.36076
-2.7044 -3.34441
-3.03604 -3.03236
-2.94488 -2.6966
-2.91274 -3.64348
-2.99999 -2.01478
-2.60333 -4.83451
-2.95835 0.166724
-1.69631 -0.619439
-2.01312 -5.98174
-2.04385 2.42819
-2.52077 -2.08865
-2.51731 0.351261
-1.99198 -1.29153
-2.48904 -3.7501
-3.14378 -1.81318
-2.79337 -3.91462
-3.04141 -1.61923
-2.45768 -5.04643
-2.91474 0.758108
-1.46018 -1.38974
-3.29443 -1.72185
-2.89312 -1.84511
-2.4204 -4.39853
-3.08541 -0.130559
-2.77314 -0.900418
-1.7861 -0.644556
-1.7428 -5.60106
-2.16382 2.70816
-2.39234 -1.75007
-2.30266 0.368082
-2.28594 -0.53613
-2.23908 -0.191934
-2.33821 -0.21773
-2.17922 -0.4672
-2.44065 -0.121579
-2.05015 -0.873228
-2.69054 -1.45129
-1.99572 0.0213064
-2.62021 -2.62489
-2.17442 -5.11025
-2.84622 1.53156
-1.37892 -1.90464
-3.24394 1.2798
-2.67948 -3.51119
-3.08202 -2.48063
-2.89348 -3.32838
-3.01724 -2.49107
-2.89215 -3.62471
-3.01137 -2.05744
-2.67605 -4.63467
-2.98704 -0.301023
-2.05229 0.456103
-2.64322 -1.77079
-2.21149 0.480356
-2.43982 -0.493356
-2.0235 -0.736735
-2.68272 -1.95742
-2.5243 0.420097
-1.98814 -1.33679
-2.44126 -3.95769
-3.15235 -1.02471
-2.55426 -4.75085
-2.99447 -0.00153257
-1.91842 0.128411
-2.28447 -4.29925
-3.10682 0.207239
-2.76989 -0.769669
-1.74096 -0.841252
-1.90422 -5.87627
-2.07429 2.52648
-2.49546 -1.89389
-2.3055 0.466609
-2.29099 -0.576495
-2.22949 -0.190275
-2.35542 -0.208099
-2.15578 -0.530846
-2.4901 -0.167798
-1.98217 -1.03482
-2.54495 -3.43005
-3.02769 -3.32376
-2.95468 -2.22988
-2.62595 -4.81838
-2.95556 0.138639
-1.69697 -0.623326
-2.01147 -5.98052
-2.04418 2.42955
-2.52055 -2.08587
-2.51373 0.358479
-1.99762 -1.28097
-2.52363 -3.58216
-3.10342 -2.56138
-2.89553 -3.12378
-3.00343 -2.86782
-2.9513 -3.02182
-2.98019 -2.90653
-2.96173 -3.02458
-2.97699 -2.87671
-2.95942 -3.08562
-2.9813 -2.78392
-2.94631 -3.23916
-2.99138 -2.57223
-2.90187 -3.61952
-3.00657 -2.06031
-2.66289 -4.6773
-2.98172 -0.2045
-1.95881 0.22305
-2.48429 -3.54682
-3.08962 -2.80688
-2.91612 -2.823
-2.93868 -3.50686
-2.9918 -2.19304
-2.71605 -4.52896
-2.9942 -0.521313
-2.29645 0.767145
-2.32949 -0.668536
-2.16689 -0.271407
-2.47123 -0.227489
-2.00165 -0.948928
-2.63509 -2.76271
-2.22224 -5.40866
-2.69567 1.9025
-1.64958 -2.28052
-3.23462 -2.21443
-2.89352 -2.25031
-2.39459 -5.22277
-2.83499 1.25044
-1.4313 -1.89902
-3.28943 0.437121
-2.67594 -3.77037
-3.1002 -1.74307
-2.72415 -4.35568
-3.02022 -0.888834
-2.77106 -1.89987
-2.70961 -0.387879
-1.70063 -1.32084
-2.39178 -5.79713
-2.29935 2.27883
-2.31036 -1.52892
-2.32685 0.278401
-2.24215 -0.575984
-2.31454 -0.0809025
-2.22553 -0.430787
-2.34959 -0.115452
-2.17202 -0.537881
-2.45539 -0.112645
-2.03187 -0.930186
-2.68896 -1.94057
-2.51468 0.443621
-2.00377 -1.30966
-2.53941 -3.50354
-3.07049 -2.9366
-2.92851 -2.70988
-2.90408 -3.73267
-3.00007 -1.88177
-2.48784 -5.04587
-2.91051 0.730113
-1.46146 -1.40457
-3.29481 -1.70333
-2.89188 -1.88095
-2.3697 -4.58282
-3.04816 0.250165
-2.16879 0.718811
-2.52291 -0.743934
-1.91604 -0.855882
-2.21207 -4.595
-3.02471 0.829759
-1.79302 -0.170631
-1.6918 -5.46458
-2.21311 2.77674
-2.32819 -1.81862
-2.45729 0.304197
-2.06907 -1.05643
-2.6916 -1.25138
-1.89256 -0.354765
-2.13953 -4.69776
-2.9749 1.19559
-1.51246 -1.03043
-3.10241 -3.82009
-2.7867 0.756592
-1.55256 -1.86154
-3.26077 -2.04222
-2.89544 -2.03855
-2.24694 -5.14475
-2.85537 1.38198
-1.38741 -1.84671
-3.2649 1.00512
-2.66571 -3.6834
-3.10307 -1.95954
-2.80184 -3.98882
-3.03069 -1.51986
-2.34993 -5.11639
-2.88665 1.08628
-1.40241 -1.64649
-3.30698 0.204585
-2.72616 -3.49177
-3.07471 -2.41993
-2.88713 -3.44752
-3.02009 -2.31125
-2.83605 -3.98142
-3.0155 -1.53071
-2.31092 -5.09921
-2.88926 1.14083
-1.39447 -1.64573
-3.30316 0.343919
-2.71567 -3.53506
-3.08152 -2.31429
-2.87105 -3.57324
-3.02464 -2.13244
-2.75856 -4.33616
-3.00955 -0.916449
-2.77754 -1.39602
-2.07904 0.335546
-2.63352 -1.27161
-1.90278 -0.421491
-2.20302 -4.56807
-3.02942 0.837717
-1.8184 -0.0855792
-1.74357 -5.3076
-2.39088 2.74555
-2.10309 -2.15839
-2.19557 -4.79122
-2.96684 1.07993
-1.50313 -1.08726
-3.14841 -3.49468
-2.8335 0.380744
-1.5207 -1.58994
-3.24837 -2.36308
-2.91136 -1.40425
-2.72871 -0.471993
-1.69214 -1.2409
-2.38057 -5.81726
-2.28015 2.28875
-2.33269 -1.50318
-2.27537 0.246838
-2.31587 -0.433198
-2.19669 -0.320354
-2.40971 -0.154526
-2.08747 -0.747741
-2.63982 -0.720057
-1.79126 -1.05845
-1.82779 -5.71712
-2.15538 2.63383
-2.41461 -1.70846
-2.24646 0.323786
-2.3691 -0.420375
-2.12091 -0.509889
-2.56365 -0.378508
-1.87361 -1.16415
-1.87787 -5.27798
-2.55447 2.50504
-1.85597 -2.38071
-2.70565 -5.14928
-2.68698 1.51614
-1.71787 -2.14878
-3.0082 -4.10823
-2.86978 0.259782
-1.52706 -1.382
-3.17871 -3.17204
-2.88843 -0.256431
-1.67608 -0.828631
-2.21667 -5.96231
-2.13773 2.35984
-2.47564 -1.61599
-2.12978 0.151223
-2.56061 -0.623569
-1.87179 -1.02035
-1.90369 -5.20123
-2.62489 2.39423
-1.72022 -2.417
-3.17076 -2.9034
-2.92619 -1.57331
-2.65057 -3.26137
-2.95625 -3.72962
-2.97756 -1.72897
-2.2922 -5.13686
-2.86954 1.25449
-1.38977 -1.76323
-3.28253 0.746267
-2.67768 -3.68523
-3.09994 -1.94677
-2.7955 -4.03195
-3.02948 -1.45233
-2.31882 -5.08477
-2.89649 1.09549
-1.40006 -1.59782
-3.31114 0.108553
-2.74002 -3.40863
-3.05985 -2.64101
-2.91464 -3.18455
-3.00361 -2.70351
-2.93285 -3.29356
-2.99836 -2.50717
-2.88633 -3.71562
-3.00971 -1.92633
-2.56708 -4.90352
-2.94659 0.339491
-1.60839 -0.906463
-2.63429 -5.51924
-2.37756 2.10791
-2.22609 -1.59608
-2.53979 0.0514508
-1.93443 -1.27247
-2.14273 -4.79411
-2.94776 1.27157
-1.42805 -1.29337
-3.31358 -1.33021
-2.87759 -2.09328
-2.23954 -5.13733
-2.85665 1.3892
-1.38498 -1.84239
-3.26352 1.03152
-2.66696 -3.6688
-3.10216 -1.99918
-2.81171 -3.9338
-3.03101 -1.60512
-2.40316 -5.10485
-2.89351 0.965337
-1.41818 -1.57989
-3.31718 -0.283301
-2.77566 -3.19836
-3.00441 -3.2147
-2.96241 -2.51096
-2.8506 -3.99635
-3.00764 -1.49001
-2.29761 -5.00656
-2.92315 1.01861
-1.4256 -1.42133
-3.3197 -0.903592
-2.84188 -2.6048
-2.6281 -4.88874
-2.92988 0.347085
-1.5686 -1.06234
-2.9064 -4.7573
-2.62 1.57403
-1.85866 -2.06195
-2.28265 -5.76828
-2.36785 2.31959
-2.21615 -1.73007
-2.62964 -0.277718
-1.79223 -1.34508
-1.95051 -5.82386
-2.16668 2.54663
-2.41955 -1.64612
-2.20606 0.256333
-2.43178 -0.392322
-2.03992 -0.748917
-2.68785 -1.58377
-2.0879 0.279949
-2.62476 -1.11614
-1.86241 -0.64379
-1.92845 -5.1022
-2.69933 2.25267
-1.56762 -2.36419
-3.28626 -0.304388
-2.69555 -3.84165
-3.08983 -1.61513
-2.6382 -4.65098
-2.99626 -0.274868
-2.09568 0.551524
-2.61711 -1.21717
-1.89218 -0.510454
-2.12521 -4.74382
-2.956 1.28911
-1.44511 -1.22668
-3.29168 -1.88437
-2.9012 -1.48288
-2.75166 -0.786949
-1.74322 -0.87788
-1.91028 -5.87516
-2.08068 2.52672
-2.49181 -1.86466
-2.28144 0.444726
-2.32486 -0.515724
-2.17886 -0.319203
-2.44526 -0.178772
-2.03916 -0.872218
-2.69167 -1.69846
-2.20002 0.498389
-2.46025 -0.519886
-1.99636 -0.794954
-2.63665 -2.70578
-2.17325 -5.35069
-2.71697 1.90302
-1.59686 -2.27335
-3.28168 -1.22003
-2.80677 -3.17112
-3.00667 -3.13003
-2.96033 -2.63179
-2.90083 -3.69642
-3.00346 -1.94452
-2.55719 -4.92826
-2.94061 0.404041
-1.57646 -1.01062
-2.84634 -4.97274
-2.55905 1.75271
-1.96577 -1.97935
-1.91263 -5.47525
-2.44854 2.55367
-2.05233 -2.15809
-1.99982 -5.22862
-2.68803 2.17394
-1.61542 -2.35621
-3.2789 -1.20411
-2.79953 -3.24779
-3.02696 -2.91798
-2.94484 -2.888
-2.96398 -3.18661
-2.98207 -2.62581
-2.91246 -3.56092
-3.0035 -2.13908
-2.71069 -4.53461
-2.99519 -0.513724
-2.29735 0.768096
-2.32826 -0.670655
-2.1687 -0.266413
-2.46778 -0.224395
-2.00634 -0.937915
-2.64869 -2.61936
-2.16528 -5.19759
-2.80123 1.68447
-1.43557 -2.08212
-3.25958 0.905099
-2.63691 -3.85649
-3.10938 -1.53447
-2.6523 -4.58279
-3.00628 -0.424559
-2.30692 0.778287
-2.31526 -0.694591
-2.18835 -0.213699
-2.43128 -0.205917
-2.05491 -0.812065
-2.68476 -1.30493
-1.91454 -0.277865
-2.28405 -4.34854
-3.09571 0.28028
-2.66244 0.177107
-1.76191 -1.60877
-2.29601 -5.8265
-2.29783 2.33592
-2.30524 -1.57061
-2.3552 0.294149
-2.20404 -0.673202
-2.38957 -0.0211555
-2.12644 -0.710827
-2.5603 -0.29626
-1.8819 -1.19501
-1.90059 -5.23828
-2.60034 2.42854
-1.77068 -2.40985
-3.04519 -3.84301
-2.91308 -0.306602
-1.74694 -0.541617
-1.78693 -5.78674
-2.04726 2.59302
-2.49796 -2.02421
-2.44127 0.451273
-2.10434 -1.03564
-2.64134 -0.612974
-1.78243 -1.14471
-1.88421 -5.79187
-2.14034 2.58272
-2.43752 -1.70077
-2.21402 0.296355
-2.42118 -0.404079
-2.0528 -0.706181
-2.6805 -1.29352
-1.90845 -0.309072
-2.24484 -4.45506
-3.06605 0.560869
-2.18337 0.760801
-2.50217 -0.708824
-1.94006 -0.823897
-2.37688 -4.12969
-3.13906 -0.421422
-2.39978 -4.71535
-3.01807 0.306262
-1.91428 0.154661
-2.25659 -4.37117
-3.08768 0.414082
-2.50016 0.699936
-2.04523 -1.33407
-2.67322 -2.45106
-2.3386 -4.60089
-3.04262 0.376658
-2.05564 0.531696
-2.63991 -1.77014
-2.20763 0.472593
-2.44569 -0.494408
-2.01599 -0.756698
-2.67545 -2.15859
-2.75052 -1.05461
-1.83348 -0.493443
-1.80866 -5.27561
-2.48544 2.63757
-1.96448 -2.31709
-2.14876 -5.74581
-2.36943 2.40786
-2.20154 -1.80677
-2.69006 -0.738771
-1.75361 -1.03766
-1.93998 -5.87202
-2.10877 2.52414
-2.47341 -1.75633
-2.21234 0.33528
-2.4272 -0.423228
-2.04379 -0.720547
-2.68589 -1.48435
-2.01352 0.0723218
-2.64475 -2.25492
-2.75414 -1.74507
-2.42298 0.604983
-2.14264 -1.00978
-2.55645 -0.184581
-1.89373 -1.23335
-1.93769 -5.1747
-2.66912 2.28731
-1.63655 -2.39179
-3.27035 -1.43838
-2.82167 -3.08447
-2.98167 -3.3351
-2.97335 -2.38032
-2.79646 -4.24272
-3.00624 -1.07164
-2.71862 -2.72175
-2.37008 -5.33703
-2.76521 1.5471
-1.53382 -2.13628
-3.29632 -0.590043
-2.75001 -3.51227
-3.07252 -2.31192
-2.86943 -3.62428
-3.02322 -2.06063
-2.71247 -4.50699
-2.99979 -0.577594
-2.40882 0.745224
-2.17331 -1.00012
-2.48373 -0.0034081
-2.00484 -1.06625
-2.62503 -2.88326
-2.37948 -5.37229
-2.73941 1.62256
-1.5844 -2.18513
-3.28083 -1.36075
-2.82664 -2.98435
-2.93801 -3.65889
-2.98737 -1.94293
-2.48712 -5.05717
-2.90578 0.759287
-1.45325 -1.44405
-3.30569 -1.40736
-2.87466 -2.20653
-2.28144 -5.26041
-2.80508 1.51313
-1.45225 -2.04392
-3.27969 0.526967
-2.65135 -3.88717
-3.10267 -1.48623
-2.60886 -4.70943
-2.99134 -0.136701
-1.97357 0.274155
-2.53547 -3.25058
-2.84346 -4.37626
-2.96274 -0.522715
-2.06697 0.463339
-2.63946 -1.54004
-2.02596 0.0574828
-2.656 -1.98451
-2.50445 0.447832
-2.01847 -1.27375
-2.61531 -3.00856
-2.57699 -5.1086
-2.84871 0.953936
-1.44591 -1.7726
-3.30923 -0.215995
-2.74828 -3.42151
-3.06188 -2.57305
-2.90764 -3.27525
-3.00998 -2.56157
-2.90663 -3.5284
-3.00774 -2.18902
-2.75395 -4.37556
-3.00562 -0.835664
-2.73335 -0.435462
-1.68454 -1.2652
-2.44057 -5.75667
-2.31742 2.24585
-2.29147 -1.54103
-2.3695 0.280192
-2.18315 -0.719483
-2.43549 -0.0302514
-2.06529 -0.88113
-2.68077 -1.14769
-1.85248 -0.547937
-1.8877 -5.1534
-2.63721 2.39924
-1.68829 -2.42401
-3.2257 -2.26481
-2.8927 -2.3201
-2.47289 -5.14181
-2.86838 0.987211
-1.42419 -1.70502
-3.30932 -0.0209295
-2.73804 -3.45507
-3.0681 -2.50027
-2.89827 -3.35726
-3.01533 -2.44114
-2.8772 -3.739
-3.01298 -1.89565
-2.55475 -4.9247
-2.94256 0.394833
-1.58337 -0.986424
-2.80195 -5.11133
-2.51801 1.85403
-2.03182 -1.90168
-2.16826 -4.81672
-2.95027 1.20239
-1.44255 -1.26239
-3.29856 -1.72687
-2.89625 -1.68363
-2.68184 -3.00281
-2.70993 -4.76117
-2.93491 0.145239
-1.63688 -0.852296
-2.44943 -5.80087
-2.25268 2.25191
-2.36975 -1.44367
-2.19377 0.13749
-2.44448 -0.352704
-2.02639 -0.809286
-2.68526 -1.94494
-2.51179 0.447724
-2.00819 -1.30045
-2.56406 -3.362
-2.98262 -3.63544
-2.97018 -1.80573
-2.30701 -5.17295
-2.85533 1.28871
-1.39939 -1.83084
-3.27824 0.772596
-2.66808 -3.73357
-3.10322 -1.82812
-2.76122 -4.19443
-3.02679 -1.18148
-2.42326 -4.45834
-3.07338 -0.0688053
-2.66386 0.142587
-1.75829 -1.59564
-2.30341 -5.82428
-2.29918 2.33116
-2.30417 -1.56949
-2.35679 0.293474
-2.20179 -0.678493
-2.39438 -0.0204368
-2.12013 -0.729012
-2.57504 -0.347566
-1.8604 -1.20612
-1.83541 -5.39497
-2.43173 2.63752
-2.06219 -2.17778
-2.01306 -5.20147
-2.71261 2.1104
-1.56702 -2.32336
-3.28885 -0.457615
-2.71765 -3.73058
-3.08689 -1.83662
-2.73858 -4.32224
-3.01944 -0.952407
-2.74117 -2.46274
-2.1928 -5.1782
-2.82195 1.58034
-1.41087 -2.0023
-3.25419 1.05846
-2.65131 -3.73783
-3.10807 -1.82046
-2.76497 -4.1666
-3.02849 -1.22857
-2.37003 -4.66936
-3.02835 0.345669
-1.96389 0.303033
-2.49592 -3.47282
-3.04751 -3.21011
-2.94602 -2.34255
-2.69924 -4.62496
-2.98023 -0.29784
-2.00832 0.348334
-2.6166 -2.53895
-2.30638 -4.68268
-3.01987 0.576139
-1.83053 -0.0788116
-1.7882 -5.23231
-2.49095 2.65769
-1.94825 -2.3438
-2.24748 -5.73515
-2.40462 2.32053
-2.16358 -1.84145
-2.72136 -1.66435
-2.2198 0.543846
-2.43079 -0.516067
-2.03384 -0.695312
-2.6861 -1.69023
-2.18272 0.468647
-2.48732 -0.546522
-1.96154 -0.869651
-2.48797 -3.69692
-3.13681 -2.04295
-2.8328 -3.65716
-3.04023 -2.00441
-2.72197 -4.45361
-3.00566 -0.691137
-2.59505 0.384772
-1.88013 -1.54844
-1.85462 -5.52342
-2.35272 2.64458
-2.18304 -1.96598
-2.71594 -2.01998
-2.69858 -0.328956
-1.70869 -1.36463
-2.38048 -5.80116
-2.30046 2.28514
-2.30823 -1.53596
-2.33394 0.281942
-2.23244 -0.599202
-2.33254 -0.0593776
-2.20127 -0.495537
-2.39506 -0.0858302
-2.11304 -0.713032
-2.58876 -0.414119
-1.8408 -1.20067
-1.81171 -5.51298
-2.31542 2.68688
-2.22515 -1.91129
-2.70195 -0.834075
-1.76427 -0.925637
-1.85414 -5.80051
-2.1031 2.58324
-2.46756 -1.78972
-2.2407 0.374432
-2.38293 -0.437164
-2.10105 -0.554108
-2.60431 -0.553769
-1.82094 -1.14471
-1.80672 -5.59745
-2.23951 2.68253
-2.31845 -1.7659
-2.43909 0.309066
-2.09361 -0.988253
-2.65361 -0.736649
-1.78063 -1.04905
-1.85116 -5.76546
-2.13384 2.60419
-2.43932 -1.72246
-2.22485 0.318182
-2.40453 -0.40973
-2.07412 -0.643372
-2.65386 -0.903106
-1.80282 -0.887081
-1.77249 -5.58555
-2.21132 2.7034
-2.34528 -1.75517
-2.38205 0.355799
-2.17374 -0.785764
-2.45996 -0.0353796
-2.03298 -0.970537
-2.6893 -1.96741
-2.55632 0.343549
-1.93549 -1.42032
-2.0574 -4.98104
-2.84278 1.74697
-1.35176 -1.93451
-3.20481 1.72386
-2.76446 -2.64976
-2.41244 -5.27958
-2.79937 1.37515
-1.48054 -2.02988
-3.29592 -0.00285977
-2.69829 -3.73829
-3.09352 -1.8171
-2.74225 -4.29556
-3.02166 -1.00172
-2.68282 -3.06789
-2.79876 -4.46759
-2.96856 -0.462658
-2.05546 0.444438
-2.64345 -1.70895
-2.15271 0.383467
-2.53288 -0.621815
-1.90437 -0.957208
-2.10148 -4.84061
-2.91568 1.46187
-1.35855 -1.53863
-3.29535 0.680438
-2.71051 -3.49387
-3.07678 -2.45373
-2.89131 -3.38884
-3.01864 -2.39742
-2.86582 -3.80722
-3.0144 -1.79681
-2.47809 -5.04684
-2.91177 0.739484
-1.46085 -1.40067
-3.29498 -1.7024
-2.89196 -1.8772
-2.37505 -4.5638
-3.05248 0.211101
-2.23397 0.786361
-2.42462 -0.624993
-2.03715 -0.624088
-2.6837 -1.58862
-2.08743 0.27506
-2.62526 -1.11858
-1.8627 -0.640625
-1.93039 -5.09865
-2.70269 2.24442
-1.56103 -2.35902
-3.28548 -0.21101
-2.68499 -3.88405
-3.09081 -1.53043
-2.59429 -4.75992
-2.9826 -0.0172452
-1.86546 -0.0454875
-1.96569 -4.96704
-2.78962 2.03127
-1.39789 -2.14576
-3.20441 1.6031
-2.74464 -2.85236
-2.65137 -4.88595
-2.91962 0.385438
-1.54138 -1.16741
-3.05844 -4.04828
-2.77208 0.881441
-1.57275 -1.92711
-3.2481 -2.20349
-2.90229 -1.93213
-2.27161 -4.95511
-2.93588 1.01902
-1.44236 -1.33348
-3.3055 -1.51391
-2.88535 -1.97553
-2.2824 -4.89363
-2.95795 0.902459
-1.50814 -1.11675
-3.14368 -3.52147
-2.8341 0.382119
-1.52009 -1.58874
-3.24907 -2.3543
-2.91118 -1.41268
-2.73512 -0.544263
-1.69757 -1.1702
-2.30091 -5.88221
-2.22884 2.33598
-2.38666 -1.48898
-2.18389 0.1465
-2.46308 -0.375792
-2.0011 -0.865613
-2.64292 -2.66068
-2.16085 -5.28121
-2.75404 1.82289
-1.51978 -2.21281
-3.2892 -0.0500888
-2.68248 -3.85419
-3.09388 -1.57999
-2.63145 -4.66367
-2.99547 -0.245418
-2.069 0.499531
-2.63759 -1.53612
-2.02314 0.0462446
-2.6549 -2.03592
-2.57849 0.259967
-1.89608 -1.45936
-1.87876 -5.34936
-2.50815 2.54515
-1.94322 -2.30838
-2.21992 -5.74748
-2.38766 2.34969
-2.18421 -1.81274
-2.71133 -1.07387
-1.82777 -0.592911
-1.78833 -5.33749
-2.42148 2.68995
-2.06691 -2.19283
-2.01498 -5.2007
-2.71438 2.10434
-1.56384 -2.32026
-3.28882 -0.41359
-2.71277 -3.75304
-3.08793 -1.79097
-2.72069 -4.38967
-3.01644 -0.823945
-2.77087 -1.01933
-1.83271 -0.461774
-1.80622 -5.27373
-2.48404 2.64114
-1.96625 -2.31626
-2.14126 -5.74452
-2.36779 2.41385
-2.20293 -1.80706
-2.68826 -0.717407
-1.7517 -1.05944
-1.95862 -5.88257
-2.11258 2.51334
-2.47232 -1.74121
-2.20333 0.31776
-2.44134 -0.42454
-2.02558 -0.770451
-2.68447 -1.93188
-2.49007 0.487457
-2.04185 -1.23202
-2.68373 -2.25257
-2.71363 -2.57186
-2.19158 -5.2993
-2.75623 1.77863
-1.52184 -2.20073
-3.29102 -0.130174
-2.69258 -3.81069
-3.09276 -1.66916
-2.67428 -4.54118
-3.00718 -0.516125
-2.41143 0.748009
-2.17005 -1.01072
-2.49294 -0.0171352
-1.99148 -1.09442
-2.56833 -3.30131
-2.92819 -3.95777
-2.9771 -1.30036
-2.66485 -3.18259
-2.89971 -4.03766
-2.98285 -1.24237
-2.69456 -2.94088
-2.64821 -4.91863
-2.90726 0.484893
-1.50438 -1.30899
-3.20952 -2.91295
-2.89651 -0.475585
-1.77988 -0.456542
-1.71783 -5.58996
-2.14359 2.71852
-2.40895 -1.77041
-2.29285 0.376981
-2.30137 -0.515508
-2.215 -0.244426
-2.37854 -0.179544
-2.12662 -0.6239
-2.55527 -0.307854
-1.88777 -1.17683
-1.93035 -5.17889
-2.66067 2.30991
-1.65238 -2.3994
-3.25936 -1.70196
-2.84697 -2.8587
-2.88561 -3.95115
-2.99557 -1.50816
-2.30395 -4.9224
-2.95279 0.874607
-1.50045 -1.15281
-3.17514 -3.26931
-2.86177 0.0800188
-1.55937 -1.30018
-3.05267 -4.05184
-2.78889 0.793129
-1.54688 -1.87193
-3.26954 -1.88321
-2.8856 -2.21243
-2.3232 -5.2605
-2.81151 1.43623
-1.44957 -2.01121
-3.28334 0.470502
-2.65918 -3.85865
-3.10187 -1.54935
-2.63895 -4.63205
-3.0002 -0.316343
-2.15718 0.654045
-2.53813 -0.76342
-1.89912 -0.878479
-2.09422 -4.8455
-2.91069 1.49196
-1.35149 -1.57142
-3.28449 0.879513
-2.70008 -3.51571
-3.08122 -2.40981
-2.8852 -3.43318
-3.02126 -2.33337
-2.84586 -3.92383
-3.01563 -1.62121
-2.35271 -5.13676
-2.87773 1.12224
-1.40125 -1.69803
-3.30014 0.371497
-2.70682 -3.58968
-3.08811 -2.17388
-2.84573 -3.75288
-3.02808 -1.87594
-2.59816 -4.82056
-2.96432 0.128881
-1.73004 -0.502421
-1.82859 -5.85934
-2.02067 2.53815
-2.51186 -2.20541
-2.66114 -0.191402
-1.75253 -1.43013
-2.19322 -5.8866
-2.22549 2.4009
-2.38143 -1.53298
-2.20789 0.198481
-2.42397 -0.364165
-2.05193 -0.731146
-2.68236 -1.32098
-1.92131 -0.255114
-2.32599 -4.22488
-3.12389 -0.066091
-2.65899 -3.33898
-3.0153 -3.29439
-2.95854 -2.34478
-2.7373 -4.48914
-2.99324 -0.589675
-2.36119 0.766317
-2.23892 -0.840446
-2.32525 0.0272324
-2.21991 -0.496953
-2.35826 -0.0869228
-2.1626 -0.57708
-2.47597 -0.12783
-2.00387 -0.99928
-2.63409 -2.78519
-2.24814 -5.41736
-2.69654 1.87414
-1.65208 -2.27209
-3.22867 -2.30351
-2.89954 -2.1465
-2.31292 -5.2493
-2.81659 1.43065
-1.44077 -1.99522
-3.28019 0.56751
-2.65523 -3.85604
-3.10338 -1.55096
-2.644 -4.61573
-3.00212 -0.352734
-2.20332 0.711396
-2.46833 -0.625273
-1.9823 -0.770009
-2.59587 -3.05301
-2.6162 -5.03673
-2.86712 0.799139
-1.44836 -1.64982
-3.31439 -0.655699
-2.80178 -3.03534
-2.94243 -3.66114
-2.98534 -1.92654
-2.46306 -5.09014
-2.89515 0.859148
-1.43369 -1.53839
-3.318 -0.713065
-2.81695 -2.87835
-2.85151 -4.15228
-2.99283 -1.14955
-2.72671 -2.62035
-2.25627 -5.36361
-2.73609 1.76034
-1.57319 -2.22301
-3.28886 -0.984057
-2.78554 -3.31203
-3.04048 -2.7785
-2.93169 -3.05011
-2.98803 -2.90801
-2.95952 -3.00026
-2.97593 -2.92261
-2.96439 -3.00979
-2.97505 -2.89476
-2.96183 -3.06023
-2.97908 -2.81914
-2.95176 -3.1821
-2.98789 -2.64935
-2.92068 -3.47533
-3.00203 -2.25656
-2.78129 -4.27219
-3.00889 -1.02867
-2.73947 -2.47513
-2.19107 -5.20007
-2.81045 1.6192
-1.42685 -2.04526
-3.25967 0.934091
-2.64161 -3.82539
-3.10937 -1.60614
-2.68487 -4.48088
-3.0145 -0.640526
-2.62 0.297143
-1.83515 -1.57919
-1.94026 -5.76376
-2.21822 2.57131
-2.36244 -1.65478
-2.29332 0.320769
-2.29534 -0.497494
-2.22537 -0.233309
-2.36006 -0.188745
-2.15101 -0.553449
-2.50064 -0.180941
-1.96742 -1.06557
-2.45907 -3.85073
-3.15405 -1.40208
-2.69554 -4.35543
-3.03081 -0.872671
-2.73802 -2.51619
-2.19658 -5.27644
-2.77147 1.72915
-1.49397 -2.16335
-3.28508 0.218035
-2.66082 -3.91352
-3.09735 -1.44948
-2.57118 -4.80221
-2.9771 0.0908198
-1.79411 -0.276434
-1.70322 -5.47416
-2.21976 2.76864
-2.32274 -1.81814
-2.46723 0.28829
-2.05434 -1.08969
-2.69874 -1.63052
-2.143 0.408686
-2.55005 -0.69402
-1.88438 -0.952113
-1.98389 -5.05212
-2.76576 2.04798
-1.44865 -2.21769
-3.24105 1.09585
-2.63666 -3.7824
-3.11206 -1.70671
-2.73087 -4.30696
-3.02455 -0.978659
-2.68539 -3.04854
-2.77913 -4.53756
-2.96286 -0.324397
-1.93274 0.127018
-2.36726 -4.04382
-3.15373 -0.597401
-2.42157 -4.88057
-2.97427 0.487474
-1.65103 -0.715101
-2.2991 -5.94244
-2.15399 2.3182
-2.46694 -1.55532
-2.11085 0.0805884
-2.58968 -0.735258
-1.84201 -0.99541
-1.81117 -5.39596
-2.40497 2.67217
-2.09832 -2.1329
-2.20967 -4.75401
-2.9816 0.992319
-1.5657 -0.902256
-2.8438 -4.9981
-2.53574 1.79882
-2.00484 -1.92969
-2.01389 -5.14547
-2.74236 2.04961
-1.50522 -2.2701
-3.27461 0.395197
-2.63213 -4.02095
-3.0971 -1.2257
-2.44668 -4.99143
-2.93701 0.649354
-1.51178 -1.18603
-3.15563 -3.41425
-2.85245 0.204598
-1.53596 -1.4237
-3.17037 -3.23009
-2.88801 -0.230669
-1.66657 -0.861764
-2.28735 -5.9297
-2.17265 2.3318
-2.44705 -1.52248
-2.11887 0.0698973
-2.57611 -0.658705
-1.85439 -1.02795
-1.83939 -5.33116
-2.48088 2.6067
-1.98118 -2.28421
-2.05568 -5.7115
-2.35623 2.48013
-2.20849 -1.83074
-2.6902 -0.727531
-1.75186 -1.04847
-1.95248 -5.87994
-2.11054 2.51641
-2.47335 -1.74856
-2.20722 0.326081
-2.43526 -0.423815
-2.03339 -0.74919
-2.68754 -1.73148
-2.22901 0.53271
-2.41493 -0.505665
-2.05481 -0.643323
-2.67582 -1.23606
-1.88429 -0.417639
-2.08226 -4.81543
-2.91483 1.50728
-1.35245 -1.54602
-3.28952 0.80113
-2.70524 -3.50105
-3.07841 -2.44443
-2.88993 -3.39529
-3.01927 -2.38838
-2.86335 -3.82163
-3.01466 -1.7756
-2.46168 -5.06712
-2.90553 0.803537
-1.44588 -1.46198
-3.3117 -1.19768
-2.8601 -2.41212
-2.45052 -5.1887
-2.84761 1.12036
-1.42875 -1.82341
-3.29842 0.254117
-2.6997 -3.66499
-3.09325 -1.98471
-2.80052 -4.02115
-3.02824 -1.47063
-2.32156 -5.0938
-2.89313 1.10547
-1.39873 -1.61789
-3.3085 0.189697
-2.73097 -3.45931
-3.06942 -2.50711
-2.89885 -3.34183
-3.01497 -2.46464
-2.88389 -3.69264
-3.0122 -1.96179
-2.60578 -4.818
-2.96269 0.124359
-1.72593 -0.518541
-1.84812 -5.87963
-2.01966 2.52275
-2.51361 -2.22021
-2.67746 -0.299172
-1.73203 -1.37955
-2.2632 -5.87296
-2.24561 2.3597
-2.36443 -1.51519
-2.22697 0.210786
-2.39185 -0.363835
-2.09403 -0.613377
-2.61988 -0.626995
-1.80546 -1.11485
-1.81758 -5.66775
-2.18955 2.65743
-2.37689 -1.70998
-2.30116 0.348338
-2.28627 -0.525808
-2.23891 -0.19681
-2.33817 -0.215739
-2.17944 -0.467682
-2.44019 -0.120979
-2.05081 -0.871686
-2.69021 -1.4357
-1.98592 -0.0111911
-2.60003 -2.83726
-2.25575 -5.43618
-2.68433 1.89672
-1.67826 -2.27709
-3.1872 -2.79267
-2.92273 -1.58467
-2.6575 -3.20925
-2.91709 -3.95183
-2.98219 -1.38119
-2.50523 -4.09209
-3.12407 -0.841555
-2.39338 -4.95441
-2.95102 0.682503
-1.53463 -1.08445
-3.04875 -4.11855
-2.74936 1.00524
-1.61196 -1.98873
-3.20089 -2.7599
-2.92089 -1.35455
-2.72664 -0.44225
-1.6904 -1.26719
-2.40925 -5.7881
-2.30005 2.26859
-2.31068 -1.52239
-2.32351 0.275314
-2.24662 -0.564885
-2.3065 -0.0922265
-2.23652 -0.402737
-2.33035 -0.137577
-2.19736 -0.464941
-2.40355 -0.0992559
-2.10059 -0.741011
-2.6156 -0.549331
-1.80799 -1.16363
-1.82735 -5.67719
-2.19143 2.65025
-2.37634 -1.70489
-2.29901 0.345424
-2.28918 -0.519494
-2.2344 -0.207299
-2.34545 -0.206605
-2.16987 -0.495872
-2.45998 -0.132787
-2.02414 -0.940517
-2.68108 -2.15087
-2.7515 -1.07269
-1.84171 -0.458616
-1.84258 -5.21155
-2.56073 2.54089
-1.83243 -2.40999
-2.83657 -4.77081
-2.78791 1.00158
-1.53607 -1.94685
-3.28926 -1.36968
-2.84258 -2.76685
-2.80518 -4.33344
-2.99013 -0.833118
-2.61982 0.281694
-1.83447 -1.57299
-1.93869 -5.76329
-2.21733 2.57226
-2.36324 -1.65501
-2.29214 0.320432
-2.29709 -0.494603
-2.2227 -0.239542
-2.36455 -0.184637
-2.14518 -0.571008
-2.51358 -0.203907
-1.9488 -1.09907
-2.33162 -4.30557
-3.10717 0.0458526
-2.78629 -1.58804
-2.32041 0.652236
-2.28599 -0.679651
-2.23588 -0.134136
-2.34806 -0.235138
-2.16382 -0.496224
-2.47279 -0.150482
-2.00604 -0.980605
-2.64278 -2.69471
-2.17342 -5.34363
-2.72157 1.89144
-1.58747 -2.26718
-3.28554 -1.06801
-2.79123 -3.28403
-3.0347 -2.84149
-2.93779 -2.97652
-2.97827 -3.03159
-2.97095 -2.83056
-2.95408 -3.19265
-2.98699 -2.63058
-2.91577 -3.52033
-3.00322 -2.19548
-2.74733 -4.40606
-3.00354 -0.774595
-2.66612 0.0703513
-1.75217 -1.56595
-2.30969 -5.82474
-2.29733 2.32774
-2.30689 -1.56318
-2.34854 0.292179
-2.21303 -0.649984
-2.37077 -0.0281384
-2.15102 -0.63923
-2.50285 -0.156845
-1.96647 -1.08149
-2.44739 -3.90089
-3.15502 -1.21257
-2.63289 -4.5584
-3.01698 -0.458669
-2.44604 0.720251
-2.12145 -1.13326
-2.62468 -0.460733
-1.79653 -1.23248
-1.87948 -5.76402
-2.16287 2.59739
-2.41426 -1.67976
-2.23063 0.296733
-2.39298 -0.400732
-2.08998 -0.604318
-2.62663 -0.67807
-1.80098 -1.08313
-1.81618 -5.67725
-2.17951 2.65439
-2.38755 -1.70822
-2.28392 0.342289
-2.31163 -0.483923
-2.20047 -0.288164
-2.40386 -0.16466
-2.09426 -0.722758
-2.62608 -0.625502
-1.79884 -1.12244
-1.83212 -5.70558
-2.17053 2.63764
-2.39952 -1.69984
-2.26181 0.327987
-2.34475 -0.439586
-2.15382 -0.415814
-2.49443 -0.215674
-1.97272 -1.03239
-2.49962 -3.66493
-3.12886 -2.18587
-2.85271 -3.51235
-3.03565 -2.22249
-2.81965 -4.04089
-3.01768 -1.43785
-2.30237 -5.00537
-2.92442 1.00342
-1.42934 -1.40889
-3.31798 -1.01727
-2.85106 -2.50014
-2.52821 -5.08361
-2.88311 0.827014
-1.43854 -1.58792
-3.31667 -0.656448
-2.8076 -2.97094
-2.90793 -3.86821
-2.99119 -1.61776
-2.28936 -5.07788
-2.89423 1.15772
-1.39155 -1.62338
-3.30439 0.33363
-2.71934 -3.51141
-3.07819 -2.3768
-2.8808 -3.49563
-3.02224 -2.24269
-2.80969 -4.11421
-3.01494 -1.31345
-2.36475 -4.67824
-3.02602 0.373217
-1.93716 0.230455
-2.37949 -3.98705
-3.15965 -0.791459
-2.49308 -4.83294
-2.98291 0.251832
-1.7576 -0.379032
-1.72738 -5.69846
-2.0612 2.65227
-2.48202 -1.95337
-2.37136 0.475825
-2.19971 -0.781753
-2.40278 0.0123147
-2.11217 -0.769761
-2.59484 -0.423531
-1.83303 -1.20716
-1.8118 -5.56208
-2.27509 2.68465
-2.27644 -1.82385
-2.56314 0.0542314
-1.90215 -1.3435
-1.9333 -5.20185
-2.65039 2.3212
-1.67553 -2.40239
-3.23571 -2.12904
-2.88336 -2.44486
-2.58491 -4.95912
-2.9196 0.502615
-1.51502 -1.23765
-3.16335 -3.34011
-2.86418 0.0747448
-1.56127 -1.28488
-3.03927 -4.12734
-2.77528 0.882014
-1.56672 -1.92361
-3.25551 -2.09218
-2.89646 -2.04789
-2.24922 -5.16515
-2.84651 1.41081
-1.39488 -1.88735
-3.26353 0.996008
-2.66082 -3.71161
-3.10511 -1.88624
-2.78246 -4.08776
-3.02964 -1.36104
-2.30926 -4.98511
-2.93276 0.952249
-1.44838 -1.33696
-3.30044 -1.63101
-2.89068 -1.86905
-2.39574 -4.48867
-3.06844 0.0573512
-2.51848 0.642274
-2.01461 -1.38386
-2.55211 -3.4449
-3.0394 -3.21761
-2.94861 -2.37362
-2.73281 -4.51388
-2.99035 -0.534272
-2.27645 0.757003
-2.35811 -0.631637
-2.12606 -0.385864
-2.55206 -0.380344
-1.88821 -1.13458
-1.94617 -5.14362
-2.69263 2.23822
-1.58845 -2.3677
-3.28684 -0.658015
-2.73724 -3.64218
-3.08117 -2.01795
-2.79879 -4.05839
-3.02538 -1.41198
-2.30609 -5.02474
-2.91797 1.0244
-1.41976 -1.45605
-3.32129 -0.682573
-2.82186 -2.80898
-2.7987 -4.37562
-2.98636 -0.739083
-2.47263 0.665258
-2.08089 -1.21858
-2.69768 -1.26564
-1.90056 -0.312474
-2.1934 -4.57783
-3.02445 0.883588
-1.78048 -0.205513
-1.68546 -5.54077
-2.14473 2.74785
-2.40195 -1.78756
-2.31411 0.388341
-2.27112 -0.573024
-2.26286 -0.139442
-2.30148 -0.275825
-2.22911 -0.329308
-2.34757 -0.156232
-2.17122 -0.518626
-2.45706 -0.12129
-2.02894 -0.933562
-2.68648 -2.01866
-2.62468 0.0994825
-1.81581 -1.51211
-1.96436 -5.80353
-2.19845 2.54821
-2.38741 -1.63195
-2.24289 0.281033
-2.37119 -0.400319
-2.11936 -0.524703
-2.56716 -0.387016
-1.86881 -1.16823
-1.86152 -5.31459
-2.51461 2.55862
-1.92681 -2.33187
-2.32202 -5.70517
-2.43473 2.24793
-2.12776 -1.88158
-2.65605 -2.8017
-2.32024 -5.39501
-2.72388 1.7285
-1.60738 -2.22383
-3.26862 -1.64315
-2.85069 -2.76849
-2.82376 -4.24839
-2.99375 -0.997243
-2.77153 -1.09712
-1.86981 -0.318218
-1.99616 -4.9522
-2.81661 1.92093
-1.36508 -2.04617
-3.19124 1.79589
-2.7865 -2.29507
-2.24221 -4.97318
-2.92254 1.13491
-1.40766 -1.45246
-3.32247 -0.453295
-2.80356 -2.95948
-2.89419 -3.94918
-2.99201 -1.48584
-2.32516 -4.81707
-2.98709 0.668117
-1.65196 -0.676368
-2.2752 -5.95991
-2.13717 2.32488
-2.4811 -1.60623
-2.1201 0.131851
-2.57617 -0.686092
-1.85488 -1.00923
-1.84315 -5.31799
-2.49369 2.59417
-1.95959 -2.30683
-2.15387 -5.74865
-2.36838 2.40479
-2.20347 -1.80122
-2.68513 -0.685071
-1.74965 -1.09118
-1.98387 -5.89401
-2.11937 2.49978
-2.46926 -1.71637
-2.19047 0.289132
-2.46163 -0.432281
-1.99935 -0.83776
-2.64094 -2.67354
-2.1625 -5.30288
-2.74202 1.85239
-1.54387 -2.23673
-3.29211 -0.38609
-2.71768 -3.70814
-3.08742 -1.88217
-2.75802 -4.24005
-3.02254 -1.10254
-2.55214 -3.89166
-3.13184 -1.37546
-2.63968 -4.58243
-3.01027 -0.418743
-2.33835 0.782536
-2.27145 -0.776336
-2.26179 -0.0559691
-2.31013 -0.302338
-2.21393 -0.347119
-2.37512 -0.140284
-2.13473 -0.622963
-2.53782 -0.251411
-1.91385 -1.15364
-2.07868 -4.9073
-2.88185 1.60379
-1.33539 -1.74095
-3.23344 1.52129
-2.72307 -3.14804
-2.9359 -3.78789
-2.98345 -1.68979
-2.29189 -5.12195
-2.87611 1.22827
-1.38846 -1.72794
-3.28745 0.672896
-2.68512 -3.65863
-3.09713 -2.01146
-2.81136 -3.94988
-3.02977 -1.58151
-2.38239 -5.11612
-2.88849 1.02417
-1.4104 -1.6217
-3.31248 -0.0131103
-2.7473 -3.37931
-3.05376 -2.7114
-2.92223 -3.10468
-2.99555 -2.83102
-2.95033 -3.10373
-2.98586 -2.77226
-2.9443 -3.24216
-2.9924 -2.5702
-2.90182 -3.6173
-3.00669 -2.0636
-2.66577 -4.66904
-2.98269 -0.223114
-1.97526 0.267889
-2.54194 -3.21049
-2.79355 -4.56315
-2.94691 -0.163946
-1.78644 -0.353144
-1.70498 -5.53162
-2.17616 2.74776
-2.37234 -1.77626
-2.35047 0.37812
-2.2188 -0.68144
-2.35962 -0.0181881
-2.16719 -0.601574
-2.46648 -0.105385
-2.01815 -0.972655
-2.67026 -2.35556
-2.56858 -3.66923
-3.12055 -2.10583
-2.84069 -3.66535
-3.03586 -1.99597
-2.70582 -4.51448
-3.00092 -0.565473
-2.4059 0.748173
-2.17745 -0.990278
-2.4727 0.0118715
-2.02073 -1.03121
-2.66989 -2.38461
-2.50291 -3.98821
-3.13672 -1.06025
-2.51713 -4.84379
-2.97639 0.235162
-1.73719 -0.455498
-1.79247 -5.8182
-2.02346 2.56804
-2.50803 -2.17288
-2.62285 0.00933098
-1.81339 -1.47073
-1.94742 -5.79556
-2.19271 2.55866
-2.39156 -1.6396
-2.24067 0.283148
-2.37505 -0.399559
-2.11415 -0.539046
-2.57815 -0.42789
-1.85363 -1.17144
-1.82502 -5.41703
-2.40443 2.65865
-2.10231 -2.11985
-2.24883 -4.6559
-3.01721 0.753575
-1.76934 -0.260563
-1.69435 -5.61235
-2.09639 2.70752
-2.44963 -1.84563
-2.30018 0.42399
-2.29486 -0.548849
-2.2241 -0.212258
-2.36373 -0.195785
-2.14535 -0.56462
-2.51307 -0.204856
-1.94939 -1.0971
-2.33635 -4.29109
-3.11021 0.00729797
-2.77454 -2.03709
-2.7405 -2.25655
-2.49944 -4.02565
-3.13356 -0.966326
-2.46676 -4.91377
-2.96172 0.455317
-1.61875 -0.837829
-2.54224 -5.68359
-2.3049 2.19284
-2.31288 -1.47452
-2.3006 0.249401
-2.27759 -0.492153
-2.25461 -0.186408
-2.31171 -0.243708
-2.21596 -0.37123
-2.37016 -0.131845
-2.14221 -0.607218
-2.52102 -0.210114
-1.93864 -1.12004
-2.25496 -4.5196
-3.05213 0.593144
-2.04408 0.525989
-2.63851 -1.96409
-2.44265 0.528907
-2.10965 -1.06289
-2.63558 -0.559574
-1.7861 -1.17899
-1.88762 -5.7886
-2.14673 2.58347
-2.4317 -1.69099
-2.21521 0.291162
-2.41872 -0.400997
-2.0562 -0.698399
-2.67745 -1.22495
-1.88009 -0.432562
-2.05438 -4.86734
-2.88312 1.6509
-1.32857 -1.7349
-3.22676 1.60322
-2.73727 -3.0038
-2.82411 -4.33359
-2.98123 -0.762458
-2.45432 0.687488
-2.10763 -1.15493
-2.65479 -0.675599
-1.77381 -1.10177
-1.89381 -5.8136
-2.12789 2.56877
-2.45067 -1.71899
-2.21039 0.305739
-2.42819 -0.411152
-2.04329 -0.728795
-2.68638 -1.49916
-2.02374 0.104051
-2.65212 -2.05852
-2.60566 0.161425
-1.84826 -1.4949
-1.86748 -5.6562
-2.2517 2.63458
-2.31369 -1.74082
-2.43199 0.308133
-2.10288 -0.960827
-2.63367 -0.585291
-1.78912 -1.15892
-1.86987 -5.76762
-2.15016 2.59859
-2.42588 -1.69428
-2.22408 0.300127
-2.40432 -0.401923
-2.07491 -0.645497
-2.65285 -0.890938
-1.8015 -0.900162
-1.77528 -5.5982
-2.20375 2.69822
-2.35431 -1.74607
-2.36037 0.361778
-2.20363 -0.710319
-2.39142 -0.00854461
-2.12519 -0.721253
-2.56367 -0.305219
-1.87705 -1.19936
-1.88182 -5.27716
-2.55878 2.49623
-1.84869 -2.38353
-2.7399 -5.0627
-2.71275 1.40329
-1.6685 -2.12517
-3.13625 -3.30148
-2.92274 -0.800992
-2.07604 0.447019
-2.63462 -1.39502
-1.95041 -0.217617
-2.48407 -3.61968
-3.1186 -2.41725
-2.87966 -3.25202
-3.01938 -2.64674
-2.92343 -3.32636
-3.00307 -2.46768
-2.87688 -3.76927
-3.01134 -1.84981
-2.50926 -5.00477
-2.92324 0.613823
-1.49687 -1.27043
-3.21552 -2.86651
-2.89602 -0.485824
-1.78339 -0.445192
-1.71558 -5.56749
-2.15962 2.72962
-2.39198 -1.76648
-2.31391 0.377497
-2.27037 -0.568983
-2.26425 -0.139222
-2.29919 -0.278753
-2.23244 -0.321518
-2.3419 -0.162513
-2.17866 -0.496887
-2.44148 -0.111945
-2.04995 -0.879223
-2.6909 -1.46096
-2.00208 0.0421115
-2.6306 -2.49076
-2.37759 -4.45805
-3.07517 0.0839091
-2.57308 0.510138
-1.9232 -1.52684
-1.94123 -5.22005
-2.6467 2.31644
-1.68597 -2.40012
-3.22117 -2.34003
-2.89853 -2.21831
-2.38006 -5.22963
-2.83162 1.28365
-1.43267 -1.91764
-3.28744 0.469713
-2.67129 -3.78988
-3.10112 -1.699
-2.7074 -4.41655
-3.01718 -0.770841
-2.75012 -0.624373
-1.70519 -1.06533
-2.19109 -5.93679
-2.1659 2.3871
-2.44574 -1.56137
-2.13583 0.120262
-2.54874 -0.564136
-1.88631 -1.02951
-1.97076 -5.08525
-2.7408 2.11716
-1.49431 -2.28152
-3.26547 0.605882
-2.61741 -4.03391
-3.10054 -1.17766
-2.43625 -4.99487
-2.93642 0.673713
-1.50565 -1.20239
-3.17655 -3.2433
-2.8686 0.00273395
-1.57925 -1.20766
-2.93303 -4.62987
-2.67032 1.40785
-1.76238 -2.0902
-2.78235 -4.99553
-2.69686 1.42684
-1.70255 -2.12522
-3.04077 -3.93745
-2.88602 0.0472466
-1.58249 -1.14451
-2.88683 -4.81443
-2.61881 1.5898
-1.86007 -2.06596
-2.28069 -5.76855
-2.36767 2.32093
-2.21622 -1.73064
-2.62979 -0.278387
-1.79202 -1.34494
-1.95122 -5.82453
-2.16657 2.54607
-2.41975 -1.6459
-2.2057 0.255856
-2.43238 -0.392477
-2.03914 -0.751005
-2.68799 -1.6023
-2.10345 0.316797
-2.60615 -0.963399
-1.84713 -0.812243
-1.84009 -5.28095
-2.51497 2.58219
-1.91998 -2.34762
-2.37459 -5.66632
-2.46434 2.18493
-2.08867 -1.93263
-2.44473 -4.02212
-3.14507 -0.856924
-2.46628 -4.89176
-2.96861 0.412812
-1.65265 -0.725181
-2.29494 -5.94343
-2.15378 2.32053
-2.46681 -1.5568
-2.1116 0.0827332
-2.58854 -0.729706
-1.84297 -0.997909
-1.81308 -5.39105
-2.41063 2.66836
-2.09005 -2.14523
-2.15336 -4.88552
-2.92296 1.32471
-1.38222 -1.48004
-3.31583 0.10833
-2.75475 -3.28913
-3.03023 -2.99369
-2.94623 -2.77085
-2.93748 -3.4466
-2.99398 -2.28366
-2.78054 -4.28552
-3.00747 -1.00119
-2.76232 -2.0961
-2.70996 -2.65998
-2.26034 -5.37522
-2.72917 1.77534
-1.5877 -2.23271
-3.28321 -1.22058
-2.80958 -3.13835
-2.9964 -3.22518
-2.96625 -2.51455
-2.8576 -3.95252
-3.00795 -1.56164
-2.30401 -5.09808
-2.88859 1.15566
-1.39263 -1.65229
-3.3013 0.394563
-2.71123 -3.55429
-3.08428 -2.26679
-2.86311 -3.63106
-3.02616 -2.05038
-2.71379 -4.49912
-3.00075 -0.594701
-2.43736 0.719409
-2.13307 -1.09965
-2.59365 -0.304766
-1.83816 -1.26764
-1.81981 -5.56768
-2.27911 2.67814
-2.27285 -1.82551
-2.57152 0.0251285
-1.8881 -1.35632
-1.88027 -5.31697
-2.53149 2.52377
-1.90067 -2.34689
-2.4606 -5.5825
-2.51344 2.06803
-2.01897 -2.01432
-2.0011 -5.19069
-2.70985 2.1319
-1.56927 -2.33045
-3.28859 -0.468905
-2.71832 -3.72919
-3.08669 -1.83955
-2.73945 -4.31908
-3.01954 -0.958309
-2.73634 -2.52645
-2.19886 -5.28812
-2.76557 1.74326
-1.50544 -2.17751
-3.28821 0.0715135
-2.67362 -3.87645
-3.09558 -1.5306
-2.61009 -4.7161
-2.98936 -0.122392
-1.9541 0.220099
-2.46402 -3.64507
-3.12854 -2.29656
-2.86589 -3.36571
-3.02955 -2.45704
-2.88859 -3.61611
-3.01362 -2.07079
-2.69233 -4.58292
-2.99237 -0.414463
-2.17931 0.676161
-2.50462 -0.675016
-1.93736 -0.851008
-2.35265 -4.21222
-3.12568 -0.180293
-2.57191 -3.86887
-3.12773 -1.45351
-2.66216 -4.52258
-3.01467 -0.549471
-2.52236 0.59238
-2.00515 -1.38237
-2.50662 -3.68081
-3.13113 -2.10939
-2.84223 -3.60168
-3.03805 -2.08772
-2.76235 -4.30236
-3.0127 -0.983382
-2.7523 -2.28928
-2.37079 -4.52191
-3.06157 0.179433
-2.35059 0.823789
-2.25775 -0.827778
-2.28846 -0.00543573
-2.27191 -0.37946
-2.26968 -0.213172
-2.28447 -0.265432
-2.25659 -0.284498
-2.30145 -0.213043
-2.23399 -0.349653
-2.33756 -0.153938
-2.18558 -0.484488
-2.42725 -0.104539
-2.0691 -0.828442
-2.67269 -1.04299
-1.82317 -0.708135
-1.77644 -5.4004
-2.36291 2.71644
-2.15274 -2.05807
-2.57773 -3.41171
-3.02559 -3.30545
-2.95501 -2.27737
-2.67079 -4.70101
-2.97261 -0.133438
-1.87488 -0.0318467
-2.02244 -4.87529
-2.86219 1.76775
-1.32568 -1.84345
-3.19542 1.86882
-2.79099 -2.25495
-2.27569 -4.85551
-2.96817 0.876064
-1.54178 -1.00708
-2.99115 -4.41854
-2.68393 1.32016
-1.73755 -2.07518
-2.87358 -4.70368
-2.7651 1.08022
-1.57596 -2.00273
-3.26059 -1.96098
-2.88579 -2.26106
-2.37471 -5.24142
-2.82502 1.31782
-1.4395 -1.94635
-3.28725 0.440955
-2.66956 -3.80698
-3.10104 -1.66183
-2.69077 -4.47474
-3.01351 -0.654056
-2.62534 0.274464
-1.82535 -1.58242
-1.97569 -5.7996
-2.21134 2.54366
-2.37457 -1.63084
-2.26171 0.293852
-2.34179 -0.426617
-2.15885 -0.410147
-2.48398 -0.19844
-1.98758 -1.00324
-2.57671 -3.23182
-2.85629 -4.29897
-2.97046 -0.703394
-2.29125 0.749323
-2.33572 -0.651604
-2.15793 -0.299766
-2.48844 -0.245414
-1.97814 -1.00148
-2.53582 -3.47557
-3.05477 -3.09813
-2.94009 -2.51266
-2.81401 -4.20364
-3.00342 -1.12735
-2.68026 -3.07687
-2.80532 -4.44433
-2.97006 -0.506673
-2.09946 0.533975
-2.61323 -1.16086
-1.87948 -0.586842
-2.03434 -4.92032
-2.85273 1.76645
-1.33583 -1.88949
-3.19639 1.83385
-2.78625 -2.33199
-2.21595 -5.09239
-2.86899 1.38426
-1.37332 -1.78674
-3.26382 1.0696
-2.67455 -3.61649
-3.09708 -2.14309
-2.84234 -3.74644
-3.03022 -1.8837
-2.61184 -4.78672
-2.97004 0.0459448
-1.78337 -0.32314
-1.70043 -5.54369
-2.16078 2.74372
-2.388 -1.77571
-2.32596 0.381986
-2.25349 -0.605006
-2.29334 -0.0889857
-2.25689 -0.365907
-2.29599 -0.184749
-2.24468 -0.342832
-2.31868 -0.171175
-2.2115 -0.416292
-2.37697 -0.113837
-2.13462 -0.637561
-2.53865 -0.248978
-1.91293 -1.15703
-2.07153 -4.92122
-2.87313 1.64148
-1.33505 -1.78757
-3.22176 1.62813
-2.74118 -2.95111
-2.77219 -4.52912
-2.96871 -0.380502
-1.99794 0.310009
-2.60019 -2.73686
-2.15539 -5.34602
-2.71207 1.93517
-1.60334 -2.28444
-3.27912 -1.29537
-2.81377 -3.11924
-2.99118 -3.26537
-2.9689 -2.46581
-2.83699 -4.058
-3.00837 -1.39122
-2.33329 -4.80024
-2.99263 0.621029
-1.68612 -0.566918
-2.04277 -5.99913
-2.04147 2.40681
-2.5236 -2.1136
-2.54981 0.275858
-1.93934 -1.37785
-2.10698 -4.87938
-2.90531 1.47928
-1.35052 -1.60351
-3.27797 0.973825
-2.69515 -3.52309
-3.08287 -2.39794
-2.88348 -3.443
-3.02197 -2.31936
-2.84134 -3.94835
-3.01579 -1.5832
-2.33258 -5.12921
-2.87921 1.14812
-1.39712 -1.69684
-3.29791 0.440252
-2.70222 -3.6045
-3.09015 -2.1394
-2.83895 -3.79436
-3.02868 -1.81544
-2.55377 -4.91237
-2.94716 0.363269
-1.60322 -0.919395
-2.66821 -5.44999
-2.40371 2.06946
-2.19305 -1.65015
-2.6372 -0.353341
-1.7815 -1.31291
-1.97371 -5.849
-2.1591 2.52688
-2.43012 -1.64372
-2.19181 0.240694
-2.4557 -0.405557
-2.00852 -0.828299
-2.66185 -2.4196
-2.44814 -4.21239
-3.11643 -0.478293
-2.44384 -4.45752
-3.07195 -0.136287
-2.69622 -0.0540697
-1.70645 -1.52803
-2.52609 -5.61509
-2.41422 2.14072
-2.17118 -1.73567
-2.70349 -0.975581
-1.79767 -0.750234
-1.75425 -5.56668
-2.20616 2.71733
-2.34796 -1.763
-2.38246 0.358795
-2.17347 -0.788107
-2.4607 -0.0355976
-2.03199 -0.973196
-2.68842 -1.99619
-2.59704 0.212422
-1.86476 -1.49265
-1.84893 -5.56713
-2.31052 2.65409
-2.23816 -1.86979
-2.66404 -0.456109
-1.75148 -1.27115
-2.08279 -5.90646
-2.16578 2.45565
-2.4354 -1.59661
-2.16299 0.17883
-2.50322 -0.456907
-1.94582 -0.961344
-2.37002 -4.16881
-3.13277 -0.319334
-2.44897 -4.45878
-3.07123 -0.151158
-2.69984 -0.0800261
-1.7016 -1.51513
-2.54147 -5.59428
-2.4221 2.12489
-2.16121 -1.75005
-2.7149 -1.23705
-1.89454 -0.308827
-2.15407 -4.6627
-2.98989 1.11018
-1.57918 -0.836335
-2.74855 -5.27779
-2.44709 1.98248
-2.1366 -1.73617
-2.71732 -1.72243
-2.27968 0.596498
-2.34074 -0.57047
-2.15308 -0.35136
-2.49703 -0.243482
-1.96723 -1.03075
-2.47095 -3.79541
-3.15054 -1.62159
-2.75382 -4.11315
-3.03932 -1.30241
-2.31454 -4.97712
-2.93636 0.924903
-1.45858 -1.3023
-3.28531 -1.95219
-2.90246 -1.50852
-2.76644 -1.13806
-1.88527 -0.267899
-2.09435 -4.77604
-2.93302 1.42956
-1.38224 -1.41988
-3.32102 -0.0560441
-2.77494 -3.14911
-2.98194 -3.40929
-2.97275 -2.26036
-2.71192 -4.5612
-2.9893 -0.446017
-2.18347 0.678669
-2.49816 -0.661644
-1.94524 -0.840574
-2.40387 -4.03732
-3.14989 -0.717117
-2.43834 -4.89663
-2.96896 0.477678
-1.63562 -0.772043
-2.41441 -5.84746
-2.21992 2.26985
-2.40512 -1.44458
-2.14361 0.063057
-2.53201 -0.48527
-1.90884 -1.03
-2.10205 -4.8479
-2.91355 1.46662
-1.35641 -1.55235
-3.29161 0.750966
-2.70592 -3.50829
-3.07947 -2.4191
-2.8866 -3.42745
-3.02064 -2.34136
-2.84818 -3.9115
-3.01549 -1.64014
-2.36387 -5.13672
-2.87847 1.10112
-1.4036 -1.68962
-3.30247 0.306188
-2.71273 -3.56434
-3.08487 -2.23544
-2.85735 -3.67596
-3.02679 -1.98653
-2.67378 -4.62533
-2.98999 -0.325782
-2.08992 0.534707
-2.6226 -1.27497
-1.90741 -0.424254
-2.23319 -4.49687
-3.05384 0.650967
-2.03794 0.517522
-2.63625 -2.0689
-2.59115 0.207533
-1.87325 -1.47561
-1.84613 -5.50579
-2.35816 2.6512
-2.17394 -1.98639
-2.69628 -2.38283
-2.40643 -4.37853
-3.09028 -0.109485
-2.78175 -1.14543
-1.90808 -0.165089
-2.24138 -4.44734
-3.06734 0.565223
-2.19447 0.773876
-2.48552 -0.680953
-1.96017 -0.792596
-2.49734 -3.64161
-3.12355 -2.29834
-2.86665 -3.38941
-3.02973 -2.41503
-2.87813 -3.69533
-3.015 -1.95964
-2.61444 -4.79509
-2.96675 0.0682652
-1.76179 -0.39762
-1.72443 -5.6791
-2.07482 2.66562
-2.47193 -1.90118
-2.32788 0.460173
-2.25822 -0.635383
-2.28448 -0.0862626
-2.27094 -0.343301
-2.27345 -0.223585
-2.27751 -0.270689
-2.26745 -0.264692
-2.28444 -0.242769
-2.25832 -0.29197
-2.298 -0.213832
-2.23923 -0.339258
-2.32861 -0.164426
-2.19754 -0.450969
-2.40351 -0.104315
-2.10017 -0.739391
-2.61628 -0.554128
-1.80732 -1.16131
-1.82785 -5.67961
-2.18976 2.6492
-2.37824 -1.70396
-2.29552 0.344036
-2.29425 -0.510545
-2.22655 -0.225212
-2.35841 -0.192656


