0.904475 2.97148
-1.21006 -1.54136
0.659542 2.9673
-0.633424 -1.38624
0.327061 2.9991
0.178649 -0.853722
-1.23005 1.75039
-0.368077 0.0771716
-1.39126 0.895315
-0.98772 0.736075
-1.22068 0.804671
-1.07536 0.836295
-1.19866 0.734596
-1.0547 0.902413
-1.23094 0.597739
-0.946261 1.00494
-1.22159 0.131969
-0.612686 1.30603
1.30457 1.40132
-0.109145 -0.507203
-1.19247 1.63419
-0.563953 -0.0575743
-1.03982 1.5056
-0.376231 0.0267631
-1.35366 1.07995
-1.08205 0.56586
-1.0429 1.05563
-1.22299 0.260556
-0.711831 1.22239
0.376332 0.685026
1.77686 0.279649
-1.15538 -0.862798
0.174481 2.2563
1.04645 -0.407736
1.01233 0.859207
0.982659 0.302995
1.34371 0.577596
0.597536 0.275801
1.69101 0.62794
-0.75428 -0.822592
-0.0704482 2.25606
1.40358 -0.619709
-0.150141 -0.168042
-1.4421 0.815684
-0.91036 0.777873
-1.28221 0.594709
-0.906022 0.989284
-1.205 0.0539682
-0.560597 1.3659
1.66473 1.43592
-1.23777 -1.0342
0.330295 2.40586
0.657688 -0.447246
0.654632 0.740061
1.49119 0.233537
0.278165 0.101447
1.31695 1.19203
0.109759 -0.268533
-1.25538 -0.2669
-0.270142 1.60516
2.0007 -0.0792949
-1.77505 1.24597
-0.695729 0.446154
-1.30959 0.881029
-1.04429 0.762168
-1.19002 0.819205
-1.1061 0.81778
-1.16887 0.785595
-1.10552 0.849864
-1.1826 0.740003
-1.07028 0.897475
-1.22101 0.62781
-0.973085 0.986122
-1.24334 0.250016
-0.690282 1.22066
0.514346 0.819112
1.59225 0.139386
-0.175306 -0.30946
-1.31212 1.3754
-1.08245 0.154587
-0.72611 1.33987
0.798494 1.08833
1.08178 0.170189
1.25164 0.660303
0.744405 0.330624
1.57732 0.519924
-0.158623 -0.352455
-1.29162 1.43347
-1.04293 0.0519555
-0.668634 1.41856
1.38358 1.44418
-0.359241 -0.713797
-0.583649 1.98265
2.12461 0.248042
-1.65293 2.244
-0.173227 0.371733
-0.0320389 0.196841
0.0627882 0.272397
1.04068 1.12898
0.701527 0.115556
1.61559 0.75047
-0.457475 -0.64409
-0.540363 1.95423
2.10797 0.11996
-1.66199 2.16161
-0.308918 0.270995
-1.23673 -0.167938
-0.360921 1.5259
2.06159 0.433491
-1.78381 1.5609
-0.668808 0.306887
-1.24696 1.11961
-1.15677 0.458608
-0.907296 1.12268
-1.00041 -0.187049
-0.48811 1.604
2.06179 0.797778
-1.8095 1.54852
-0.630318 0.332538
-1.30316 0.993747
-1.09374 0.649447
-1.08781 0.978386
-1.22458 0.504823
-0.888888 1.0696
-1.06431 -0.153116
-0.474704 1.56383
2.05017 0.839834
-1.82229 1.43198
-0.624162 0.385797
-1.3368 0.845115
-1.0066 0.789043
-1.22862 0.737046
-1.03285 0.897839
-1.24158 0.572993
-0.922126 1.01851
-1.19011 0.0318494
-0.551804 1.38694
1.73213 1.41136
-1.44373 -0.89184
0.287698 2.13733
0.952805 -0.329256
1.18934 0.936522
0.636187 0.172805
1.65942 0.728117
-0.647988 -0.775671
-0.202659 2.16767
1.6317 -0.711178
-1.27223 -0.666816
0.0611127 1.99183
1.39046 -0.467888
0.198345 0.152901
1.20474 1.18109
0.362044 -0.080232
1.03212 1.06481
0.776097 0.168434
1.57229 0.663032
-0.211832 -0.424108
-1.13079 1.64758
-0.299333 0.107039
-1.41736 0.446381
-0.714357 1.02005
-0.556606 -0.15937
-0.944016 1.59139
0.484376 0.832667
1.6154 0.123444
-0.297851 -0.418545
-1.00839 1.71199
0.577788 0.936719
1.45598 0.116373
0.411123 0.242876
1.71797 0.912362
-1.0361 -0.958992
0.204913 2.41158
0.882616 -0.437423
1.01333 0.92385
0.928576 0.265952
1.41579 0.589173
0.396334 0.126356
1.58998 1.09171
-0.628468 -0.824187
-0.171587 2.22008
1.56032 -0.705658
-0.976306 -0.720356
-0.0220329 2.14168
1.40782 -0.561201
-0.039196 -0.0690308
-1.22076 -0.268461
-0.285892 1.61868
2.00943 -0.0605877
-1.77164 1.32195
-0.706623 0.406187
-1.27771 0.992962
-1.11182 0.644021
-1.06964 0.985467
-1.23212 0.461546
-0.853242 1.09433
-0.91376 -0.229968
-0.513388 1.65043
2.06962 0.793996
-1.80076 1.63144
-0.624026 0.299035
-1.2874 1.05423
-1.1221 0.574163
-1.01569 1.04623
-1.22316 0.217679
-0.678758 1.24942
0.717805 1.00908
1.24465 0.169581
0.981948 0.606863
1.20007 0.424544
0.981299 0.507757
1.25705 0.471152
0.850966 0.446503
1.43494 0.460771
0.408245 0.166673
1.6497 1.0266
-0.815774 -0.914629
0.0553847 2.3825
1.14505 -0.511412
0.720561 0.669728
1.46124 0.295351
0.378517 0.178017
1.63862 1.0583
-0.795649 -0.910941
0.039239 2.37566
1.17373 -0.524165
0.651924 0.611467
1.56043 0.301199
-0.0195934 -0.188205
-1.40767 0.118006
-0.491402 1.23736
1.6136 1.42129
-1.04664 -1.05271
0.28161 2.51934
0.658377 -0.489984
0.479032 0.584932
1.72597 0.331568
-0.877426 -0.837075
0.0246013 2.28752
1.25142 -0.528392
0.492865 0.460655
1.74371 0.471855
-0.983988 -0.886067
0.123035 2.33728
1.07087 -0.454569
0.913151 0.809354
1.15171 0.316492
1.10799 0.57843
1.04491 0.448626
1.20572 0.512933
0.924821 0.456118
1.34971 0.479921
0.63892 0.33121
1.6615 0.539119
-0.569659 -0.69528
-0.360587 2.04639
1.90163 -0.579882
-1.74916 1.0348
-0.690912 0.555881
-1.34367 0.568489
-0.844653 0.980455
-1.13351 -0.102083
-0.474829 1.50536
2.01526 0.982901
-1.8479 1.09961
-0.556068 0.551085
-1.28134 0.0209285
-0.489068 1.36067
1.84334 1.30886
-1.70638 -0.361142
0.0347021 1.53325
1.70942 -0.359548
-1.15949 -0.77194
0.103832 2.15296
1.22495 -0.443713
0.697681 0.621257
1.51024 0.310381
0.192025 0.0082944
0.590798 0.760331
1.546 0.197083
0.0509805 -0.104537
-0.941936 -0.418681
-0.316294 1.8179
1.96158 -0.342913
-1.76025 1.19347
-0.710168 0.469958
-1.30965 0.85873
-1.03391 0.782084
-1.20658 0.779437
-1.07312 0.860324
-1.20865 0.694113
-1.02341 0.93672
-1.24863 0.477121
-0.852175 1.07801
-0.951938 -0.22262
-0.490921 1.64024
2.07502 0.71655
-1.79012 1.67781
-0.625241 0.276645
-1.27028 1.1028
-1.142 0.501139
-0.949221 1.0977
-1.12489 -0.0627852
-0.513713 1.47757
1.94349 1.19012
-1.84284 0.455989
-0.327899 0.915476
1.40734 1.36475
-0.32536 -0.66657
-0.682139 1.92901
2.10161 0.88373
-1.75969 1.97428
-0.486173 0.23639
-1.37355 0.829181
-0.970514 0.792123
-1.25297 0.6792
-0.980388 0.93947
-1.25864 0.378752
-0.77546 1.13452
-0.431303 -0.0653053
-1.20471 1.40039
-1.02763 -0.0322386
-0.606647 1.48069
1.74975 1.42578
-1.50923 -0.815785
0.25552 2.02662
1.08886 -0.3154
1.0832 0.848886
0.8878 0.297435
1.45016 0.561225
0.306965 0.059498
1.28661 1.17846
0.194473 -0.198544
-0.521025 -0.273462
-0.867489 1.6717
1.20621 1.41235
0.091974 -0.355878
-1.44997 0.239857
-0.553229 1.13506
1.02183 1.23095
0.629102 0.0418234
1.60847 0.898025
-0.533847 -0.725678
-0.365875 2.06567
1.89816 -0.595242
-1.74805 1.03501
-0.692447 0.555705
-1.34322 0.574298
-0.848648 0.977031
-1.14598 -0.0841372
-0.482409 1.48768
1.99427 1.05376
-1.8539 0.90556
-0.496646 0.653569
-0.832925 -0.310076
-0.503314 1.72122
2.0945 0.55962
-1.75094 1.88027
-0.570139 0.211724
-1.28063 1.12852
-1.13877 0.473141
-0.931742 1.11803
-1.06333 -0.136769
-0.489732 1.551
2.03253 0.937237
-1.83877 1.27106
-0.595124 0.465341
-1.36444 0.497569
-0.784296 1.01438
-0.895701 -0.250143
-0.508756 1.6685
2.07878 0.725454
-1.78584 1.71795
-0.615821 0.263528
-1.27053 1.11146
-1.1429 0.489385
-0.940156 1.10571
-1.09904 -0.0986789
-0.499512 1.51227
1.99508 1.06687
-1.85488 0.923385
-0.50041 0.644622
-0.884262 -0.314759
-0.456646 1.72406
2.08988 0.335887
-1.73305 1.88931
-0.582384 0.193205
-1.25247 1.1876
-1.1529 0.361106
-0.837999 1.18665
-0.558745 -0.137188
-0.964464 1.57398
0.291335 0.640966
1.84117 0.447056
-1.45577 -0.69158
0.144165 1.92797
1.31985 -0.386219
0.546471 0.470826
1.70407 0.425572
-0.764579 -0.799733
-0.0843393 2.22962
1.43831 -0.630619
-0.306033 -0.314725
-1.11514 1.60509
-0.37146 0.0469102
-1.37181 1.00494
-1.04628 0.643767
-1.12363 0.973082
-1.20611 0.563023
-0.942275 1.03676
-1.19035 0.0464654
-0.563589 1.37647
1.67701 1.43411
-1.27814 -1.01791
0.330037 2.36491
0.692668 -0.424781
0.826302 0.865575
1.21815 0.265815
1.01092 0.579905
1.17908 0.443292
1.00824 0.505892
1.22422 0.478367
0.910301 0.465548
1.36178 0.470387
0.613047 0.317042
1.6808 0.567475
-0.678499 -0.770977
-0.180638 2.17209
1.60022 -0.699983
-1.13046 -0.723153
0.0527848 2.10919
1.32601 -0.486274
0.376158 0.334592
1.76566 0.825617
-1.20765 -0.931802
0.245179 2.30923
0.890441 -0.395053
1.10133 0.952241
0.771363 0.219916
1.57336 0.615585
-0.188709 -0.395481
-1.19919 1.57479
-0.726079 -0.116561
-0.794142 1.5773
1.27246 1.42974
-0.0709753 -0.486378
-1.27606 1.52336
-0.939386 -0.0596876
-0.650331 1.51809
1.69222 1.46198
-1.3528 -0.981698
0.325093 2.28239
0.770844 -0.382292
1.06966 0.982348
0.794124 0.21249
1.55532 0.619441
-0.114589 -0.329454
-1.37439 1.24411
-1.08868 0.384082
-0.905096 1.19144
-0.824979 -0.217816
-0.599494 1.64694
1.98711 1.16826
-1.86148 0.910451
-0.485298 0.655217
-0.766845 -0.296793
-0.575392 1.70971
2.06056 0.928016
-1.81607 1.57256
-0.61424 0.330852
-1.3169 0.959226
-1.07132 0.687314
-1.12901 0.932293
-1.19402 0.63563
-0.998876 0.986328
-1.24579 0.313967
-0.736737 1.17976
0.0089564 0.317138
0.940737 1.07423
0.901363 0.186001
1.46033 0.639968
0.224906 -0.0284148
0.604867 0.768109
1.52727 0.198801
0.133018 -0.0270578
0.0106751 0.199194
0.387645 0.592678
1.79104 0.391734
-1.22262 -0.861106
0.196028 2.2239
1.03563 -0.389145
1.04952 0.874927
0.91674 0.289304
1.42207 0.57219
0.388048 0.123902
1.57716 1.10522
-0.591743 -0.802939
-0.226961 2.17916
1.65694 -0.72641
-1.3843 -0.567828
0.0240572 1.83876
1.5363 -0.477942
-0.437865 -0.45544
-0.773911 1.79186
1.82731 1.45936
-1.73163 -0.324451
0.0291461 1.49956
1.73543 -0.338186
-1.26387 -0.735458
0.112204 2.06828
1.26979 -0.427944
0.620468 0.548597
1.61729 0.33927
-0.29608 -0.447597
-0.977277 1.73824
0.850335 1.18049
0.932819 0.132257
1.43424 0.679801
0.280255 0.00952103
1.0363 1.08395
0.751688 0.152535
1.58977 0.685995
-0.301496 -0.505982
-0.901526 1.79115
1.39246 1.50874
-0.464157 -0.807587
-0.353813 2.12568
1.85144 -0.67147
-1.74069 0.757028
-0.602745 0.714381
-1.08013 -0.237416
-0.390433 1.63074
2.07075 0.289249
-1.75587 1.71443
-0.659511 0.235093
-1.20003 1.22616
-1.15703 0.227507
-0.731435 1.26853
0.455076 0.767175
1.6765 0.165742
-0.620708 -0.679659
-0.325802 2.04714
1.85831 -0.620918
-1.74189 0.694261
-0.57356 0.751244
-0.854281 -0.297472
-0.497487 1.71017
2.09276 0.561628
-1.75385 1.86266
-0.579137 0.214404
-1.27287 1.14069
-1.14404 0.450193
-0.910998 1.13209
-0.989493 -0.19087
-0.492447 1.60892
2.06179 0.804864
-1.80984 1.54997
-0.629463 0.332354
-1.30384 0.992213
-1.09273 0.651249
-1.08976 0.976433
-1.22356 0.51144
-0.894192 1.06567
-1.08241 -0.135487
-0.478324 1.54544
2.03791 0.901565
-1.83401 1.31649
-0.605838 0.442178
-1.36259 0.616855
-0.860994 0.941704
-1.20981 0.0340024
-0.541466 1.37836
1.74511 1.40142
-1.47831 -0.850273
0.269247 2.07673
1.02957 -0.319482
1.14415 0.890568
0.755744 0.242335
1.58362 0.597249
-0.223619 -0.423468
-1.11355 1.65932
-0.183446 0.202577
-0.94299 -0.376608
-0.354641 1.77732
2.0158 -0.173475
-1.74652 1.52418
-0.730411 0.296341
-1.17288 1.21077
-1.16416 0.209789
-0.71241 1.27712
0.619428 0.923932
1.41786 0.143855
0.542426 0.346907
1.72251 0.580013
-0.898446 -0.878368
0.072661 2.33824
1.14783 -0.491539
0.754025 0.690298
1.41406 0.301322
0.531974 0.302261
1.72562 0.651091
-0.939284 -0.900907
0.113511 2.36254
1.06857 -0.465348
0.896294 0.802217
1.17782 0.314913
1.06583 0.572621
1.1094 0.453039
1.11317 0.513826
1.07519 0.482178
1.14735 0.499026
1.03076 0.484811
1.20615 0.492876
0.93527 0.46732
1.33241 0.477563
0.682589 0.358964
1.62288 0.499359
-0.362966 -0.528645
-0.790013 1.82933
1.84439 1.45664
-1.76502 -0.193476
-0.0304896 1.3872
1.86113 -0.198087
-1.65203 -0.128882
-0.166748 1.33946
1.99538 0.165475
-1.79864 0.941543
-0.594406 0.613673
-1.25681 -0.0161845
-0.473418 1.39783
1.91994 1.20308
-1.81913 0.22342
-0.233537 1.06802
1.91317 1.04516
-1.7769 0.024775
-0.161263 1.20909
2.00284 0.445814
-1.81548 0.879964
-0.549377 0.651762
-1.06448 -0.262027
-0.378394 1.65564
2.06336 0.178207
-1.7502 1.69864
-0.673803 0.234088
-1.18315 1.24321
-1.14901 0.170289
-0.691302 1.3078
0.881978 1.15165
0.914546 0.146703
1.4516 0.669095
0.233456 -0.027611
0.657076 0.813095
1.44592 0.203843
0.445955 0.254655
1.73071 0.836914
-1.05121 -0.948459
0.202694 2.39427
0.899288 -0.432277
1.0281 0.924297
0.906926 0.263289
1.43946 0.58712
0.325627 0.0692358
1.3617 1.18365
0.00925087 -0.347005
-1.47272 0.726565
-0.840674 0.822985
-1.28728 0.287344
-0.689537 1.17843
0.32396 0.62848
1.82479 0.417421
-1.38382 -0.76523
0.174602 2.03927
1.20026 -0.372479
0.845019 0.714362
1.29797 0.332245
0.826817 0.483613
1.44395 0.432042
0.392213 0.160043
1.62933 1.05947
-0.757952 -0.892732
-0.00273836 2.34619
1.25384 -0.559785
0.423771 0.402376
1.77963 0.634684
-1.20245 -0.903542
0.222014 2.28048
0.951477 -0.39216
1.09693 0.92593
0.801564 0.240928
1.54525 0.594501
-0.0590459 -0.27452
-1.45949 0.785179
-0.88142 0.791215
-1.29354 0.492554
-0.830658 1.04964
-0.956891 -0.227605
-0.482636 1.64374
2.07865 0.668825
-1.78247 1.71326
-0.622785 0.261021
-1.26124 1.12892
-1.14969 0.457415
-0.911885 1.1256
-1.00547 -0.182926
-0.488258 1.59978
2.05981 0.809264
-1.81205 1.52958
-0.629595 0.341218
-1.3091 0.971919
-1.08182 0.67365
-1.11237 0.950805
-1.20833 0.587467
-0.956774 1.01886
-1.21709 0.128008
-0.612399 1.31043
1.31958 1.40731
-0.152092 -0.542891
-1.082 1.73565
0.254058 0.624845
1.857 0.543346
-1.52556 -0.606339
0.108404 1.8119
1.44461 -0.405179
0.090516 0.0324472
0.0413707 0.235147
0.767014 0.936512
1.2384 0.215905
0.98547 0.590997
1.20514 0.432773
0.968334 0.501018
1.27644 0.47091
0.811478 0.429491
1.48255 0.458725
0.248851 0.0310692
0.98383 1.05893
0.853361 0.187806
1.50601 0.63718
0.0676596 -0.167292
-1.10305 -0.385209
-0.247642 1.76144
1.9131 -0.387317
-1.76019 0.74536
-0.5738 0.720624
-0.957024 -0.294307
-0.420967 1.70083
2.07841 0.240219
-1.73757 1.81756
-0.627333 0.199399
-1.20634 1.24249
-1.15006 0.209647
-0.722144 1.28231
0.578383 0.886441
1.48648 0.135065
0.297641 0.13768
1.45279 1.18942
-0.252319 -0.564466
-0.903947 1.82001
1.45637 1.53064
-0.668794 -0.943497
-0.0219715 2.3892
1.25493 -0.582354
0.372446 0.357636
1.77607 0.793405
-1.24099 -0.915594
0.243352 2.27434
0.920335 -0.383988
1.11915 0.944434
0.749582 0.216357
1.59085 0.623042
-0.269569 -0.468056
-0.992258 1.74293
0.783904 1.12588
1.06989 0.151314
1.27083 0.670942
0.698075 0.304128
1.62091 0.548989
-0.372732 -0.544307
-0.759077 1.84437
1.93265 1.36209
-1.85965 0.518373
-0.333517 0.882933
1.28231 1.32894
0.0301495 -0.374574
-1.47571 0.733997
-0.842245 0.816979
-1.29018 0.309152
-0.703662 1.16356
0.156612 0.460279
1.74044 1.07478
-1.23823 -0.964023
0.278786 2.32879
0.816287 -0.399292
1.06689 0.967072
0.812037 0.224363
1.53849 0.608073
-0.0394645 -0.259111
-1.46582 0.598512
-0.774323 0.904779
-1.1251 -0.141246
-0.446481 1.53894
2.0534 0.777487
-1.81651 1.45305
-0.632293 0.373069
-1.32439 0.900925
-1.04185 0.742847
-1.18261 0.845176
-1.12395 0.786827
-1.14086 0.83486
-1.15057 0.782723
-1.11822 0.848763
-1.17308 0.750853
-1.08375 0.886369
-1.2098 0.662822
-1.00359 0.961914
-1.25141 0.380663
-0.781834 1.13642
-0.459126 -0.0839952
-1.1487 1.46105
-0.853645 -0.143027
-0.645622 1.58906
1.82937 1.39738
-1.71001 -0.377152
0.048659 1.54748
1.6845 -0.365623
-1.04039 -0.78046
0.0612843 2.20013
1.25502 -0.486253
0.562189 0.513428
1.68025 0.375265
-0.629564 -0.71335
-0.282694 2.08794
1.78128 -0.682042
-1.67268 0.125778
-0.322286 1.13531
1.86016 1.19887
-1.70593 -0.328937
0.0118718 1.5044
1.75269 -0.339031
-1.34302 -0.680348
0.0962973 1.97246
1.35551 -0.433565
0.371479 0.31749
1.75577 0.862749
-1.18061 -0.944468
0.246108 2.33665
0.867705 -0.40449
1.07919 0.954003
0.804627 0.228646
1.54438 0.604743
-0.0612741 -0.278391
-1.45732 0.814658
-0.897756 0.772562
-1.28706 0.578641
-0.892158 0.997937
-1.18038 -0.00657527
-0.52621 1.41814
1.84657 1.32464
-1.71994 -0.320639
0.0170236 1.49629
1.75133 -0.334138
-1.3329 -0.689574
0.0999686 1.98694
1.34095 -0.431541
0.420129 0.364074
1.77353 0.701967
-1.19428 -0.916003
0.228879 2.29828
0.926562 -0.395323
1.09839 0.936959
0.78959 0.232415
1.5568 0.602374
-0.1111 -0.323296
-1.38405 1.2125
-1.08178 0.426486
-0.942862 1.16407
-0.999427 -0.175042
-0.499666 1.59448
2.05043 0.873863
-1.82357 1.4449
-0.620951 0.381794
-1.33743 0.846579
-1.00683 0.787712
-1.22798 0.739648
-1.03481 0.895678
-1.24025 0.580354
-0.927944 1.01397
-1.20028 0.0588313
-0.567458 1.36419
1.63898 1.44306
-1.15601 -1.05489
0.320827 2.4731
0.619616 -0.481356
0.379102 0.496945
1.80394 0.547873
-1.29929 -0.849015
0.211064 2.17178
1.04998 -0.369903
1.06282 0.870293
0.9009 0.289288
1.43885 0.569067
0.338425 0.0840859
1.42519 1.17875
-0.158308 -0.484397
-1.14247 1.66731
-0.284558 0.121769
-1.40288 0.297637
-0.623182 1.11917
0.503845 0.798187
1.61384 0.148895
-0.284024 -0.40981
-1.03881 1.69455
0.33724 0.70157
1.80179 0.293571
-1.28026 -0.821024
0.183811 2.15174
1.10682 -0.382307
0.981625 0.818709
1.05603 0.323831
1.24444 0.577841
0.813799 0.391719
1.49439 0.483337
0.194845 -0.0220847
0.455717 0.633374
1.72953 0.290021
-0.898695 -0.838978
0.0386494 2.28955
1.22982 -0.5155
0.564609 0.525415
1.6745 0.363066
-0.597358 -0.690029
-0.338025 2.05062
1.87167 -0.612124
-1.74647 0.807008
-0.616487 0.685061
-1.18214 -0.134182
-0.418846 1.51626
2.05537 0.712888
-1.81122 1.46541
-0.639959 0.364181
-1.31311 0.942335
-1.06764 0.703969
-1.14151 0.911224
-1.17961 0.678599
-1.03679 0.953185
-1.24395 0.468025
-0.849229 1.08558
-0.923616 -0.229581
-0.506044 1.64915
2.07249 0.763384
-1.79583 1.65667
-0.623823 0.287526
-1.27959 1.07802
-1.13228 0.540088
-0.984214 1.07139
-1.19145 0.0813286
-0.591234 1.35175
1.52529 1.4534
-0.785637 -0.984802
0.0978835 2.47067
1.0204 -0.496103
0.872092 0.807541
1.20377 0.305061
1.02439 0.567744
1.16861 0.451407
1.02161 0.504865
1.20754 0.481472
0.939008 0.473042
1.32532 0.475876
0.700348 0.369956
1.60549 0.487543
-0.275127 -0.451399
-1.00355 1.73028
0.674004 1.02777
1.2837 0.142195
0.903203 0.582764
1.30941 0.411532
0.768657 0.428194
1.52516 0.448794
0.0913248 -0.109927
-0.730738 -0.37719
-0.529183 1.77449
2.10289 0.54032
-1.73528 1.96515
-0.517433 0.206935
-1.33178 1.0142
-1.07943 0.632278
-1.08883 0.993414
-1.22486 0.477873
-0.86998 1.0868
-0.982323 -0.207285
-0.482674 1.62345
2.07192 0.72244
-1.79426 1.64561
-0.629908 0.288907
-1.27431 1.08693
-1.13719 0.525251
-0.969986 1.08146
-1.16968 0.0224423
-0.556836 1.40071
1.7433 1.40848
-1.47741 -0.852992
0.270908 2.07994
1.02448 -0.319529
1.14886 0.893834
0.745016 0.237043
1.59272 0.604115
-0.2678 -0.463427
-1.0003 1.73751
0.719076 1.06897
1.19811 0.150836
1.07256 0.643149
1.05537 0.416778
1.20686 0.530207
0.912808 0.445532
1.36815 0.481539
0.590677 0.298839
1.69533 0.603943
-0.766657 -0.825562
-0.0586196 2.26228
1.38368 -0.608466
-0.0540954 -0.0744495
-1.28206 -0.180962
-0.32705 1.52036
2.05265 0.308005
-1.7804 1.51109
-0.683296 0.323642
-1.2443 1.11182
-1.15768 0.467757
-0.913188 1.1163
-1.02748 -0.16999
-0.484533 1.58523
2.055 0.829562
-1.8176 1.4821
-0.627313 0.362909
-1.32326 0.913439
-1.0481 0.731461
-1.17197 0.865398
-1.14076 0.758706
-1.11332 0.872889
-1.18575 0.71242
-1.05207 0.923004
-1.23567 0.554876
-0.914564 1.03273
-1.16498 -0.0208902
-0.523828 1.43381
1.87329 1.29586
-1.7661 -0.127375
-0.0734709 1.33137
1.92671 -0.0520041
-1.75319 0.358876
-0.388071 0.962422
1.28228 1.34111
0.0155824 -0.389919
-1.46429 0.887729
-0.926096 0.71964
-1.25793 0.749221
-1.01711 0.883233
-1.24718 0.57579
-0.919779 1.01469
-1.19185 0.0339978
-0.552478 1.38479
1.72623 1.41405
-1.42657 -0.909888
0.295269 2.16528
0.918115 -0.336364
1.19443 0.955047
0.609821 0.15236
1.66442 0.777442
-0.701116 -0.815433
-0.11837 2.23375
1.48154 -0.663259
-0.554539 -0.517695
-0.565674 1.86804
2.11685 0.46603
-1.70179 2.10921
-0.38212 0.244763
-1.38903 0.316418
-0.645134 1.11374
0.325467 0.623171
1.82456 0.423665
-1.38292 -0.767078
0.175697 2.04165
1.197 -0.371922
0.851866 0.719277
1.28692 0.333059
0.850859 0.494857
1.4133 0.434546
0.486666 0.235211
1.72075 0.805968
-0.987258 -0.935058
0.164726 2.39586
0.962413 -0.445198
0.99799 0.889417
0.978488 0.287033
1.35366 0.58588
0.567607 0.253594
1.70386 0.682711
-0.843023 -0.872298
0.0349206 2.33053
1.20901 -0.52301
0.59183 0.554037
1.64098 0.33431
-0.416827 -0.54943
-0.695829 1.8604
2.04633 1.10664
-1.83427 1.5084
-0.594672 0.368563
-1.35065 0.803069
-0.975012 0.818642
-1.25707 0.633711
-0.949405 0.971449
-1.24474 0.222178
-0.668126 1.23776
0.736162 1.0237
1.2114 0.173035
1.04508 0.626525
1.10469 0.424806
1.13393 0.528421
1.03525 0.471702
1.20699 0.500059
0.929794 0.462818
1.34087 0.4781
0.661787 0.34614
1.64203 0.516025
-0.463337 -0.61264
-0.568056 1.9274
2.12079 0.318677
-1.67316 2.18475
-0.277719 0.298848
-1.04891 -0.335605
-0.32258 1.72543
2.00524 -0.165223
-1.75867 1.40159
-0.726015 0.360983
-1.22786 1.1081
-1.16605 0.457953
-0.899725 1.12021
-0.986584 -0.195905
-0.489966 1.61348
2.06501 0.781842
-1.80532 1.58008
-0.630379 0.318517
-1.29417 1.02536
-1.10993 0.611433
-1.05032 1.01528
-1.23442 0.363641
-0.781236 1.15396
-0.38378 -0.0286926
-1.30078 1.24161
-1.12678 0.330921
-0.834508 1.21445
-0.434604 -0.0569689
-1.20857 1.39168
-1.04048 -0.0156326
-0.611813 1.46579
1.70708 1.44357
-1.38659 -0.95225
0.313694 2.23183
0.832851 -0.359252
1.15802 0.988052
0.644043 0.155308
1.65211 0.743708
-0.622263 -0.761496
-0.240444 2.14141
1.69624 -0.714694
-1.49606 -0.406529
-0.0535218 1.63395
1.7557 -0.419225
-1.4227 -0.582616
0.0497097 1.83534
1.50553 -0.457506
-0.25763 -0.299339
-1.20358 1.5234
-0.840439 -0.123503
-0.675988 1.57621
1.72661 1.46214
-1.46317 -0.882229
0.28721 2.11707
0.969508 -0.323328
1.18716 0.926996
0.648796 0.182671
1.6551 0.706377
-0.614928 -0.750952
-0.258085 2.12625
1.72785 -0.709252
-1.57741 -0.221945
-0.14828 1.43846
1.9533 -0.0775594
-1.77824 0.697426
-0.530033 0.749593
-0.629776 -0.232425
-0.781685 1.65574
1.53853 1.51173
-0.89519 -1.04095
0.206545 2.54307
0.781946 -0.486007
0.792389 0.821924
1.28864 0.267904
0.868186 0.524717
1.37991 0.425816
0.586087 0.310826
1.69793 0.592203
-0.775571 -0.828397
-0.0495882 2.26747
1.36812 -0.599851
0.01794 -0.00303356
-0.669529 -0.338067
-0.629917 1.73725
2.02662 1.0995
-1.84842 1.29335
-0.579245 0.462668
-1.36471 0.439711
-0.745752 1.04932
-0.608904 -0.182709
-0.8569 1.6181
1.08662 1.336
0.407585 -0.113583
1.07611 1.07806
0.694805 0.136652
1.62336 0.730468
-0.479966 -0.658169
-0.498502 1.9754
2.0759 -0.104493
-1.67118 2.03722
-0.477322 0.177047
-1.35129 0.976299
-1.05174 0.671315
-1.1357 0.94342
-1.19274 0.624621
-0.992874 0.995124
-1.24242 0.278983
-0.712813 1.20288
0.278915 0.586278
1.84619 0.564892
-1.48585 -0.672089
0.140952 1.89417
1.347 -0.385756
0.466532 0.397191
1.76194 0.586587
-1.1023 -0.911976
0.193731 2.33361
0.959163 -0.417118
1.05135 0.910088
0.884801 0.267098
1.46127 0.580983
0.258932 0.014027
0.962839 1.04371
0.897161 0.201329
1.46223 0.628609
0.226102 -0.0248626
0.628737 0.789274
1.49034 0.199703
0.283743 0.112898
1.362 1.19608
-0.00556768 -0.362677
-1.46128 0.882222
-0.926109 0.724583
-1.25969 0.739473
-1.01031 0.890875
-1.25137 0.548379
-0.898589 1.03137
-1.14487 -0.061165
-0.502524 1.47038
1.95278 1.16505
-1.84701 0.53302
-0.359518 0.867494
1.09425 1.2409
0.498781 -0.0229814
1.48109 1.10357
-0.248321 -0.54129
-0.937287 1.79834
1.25145 1.45408
-0.0550058 -0.482059
-1.30501 1.47518
-1.01156 0.0207746
-0.665244 1.44757
1.47763 1.46777
-0.654483 -0.919735
-0.0559336 2.3527
1.3253 -0.613399
0.120316 0.105692
0.632776 0.808933
1.47454 0.193337
0.344152 0.168528
1.58822 1.11956
-0.648407 -0.841836
-0.136592 2.24972
1.49647 -0.682121
-0.65883 -0.58705
-0.384331 1.95964
1.97151 -0.418542
-1.73881 1.42687
-0.752716 0.339591
-1.18392 1.17132
-1.17665 0.29794
-0.772505 1.21732
-0.053246 0.261941
0.266346 0.480221
1.82085 0.788116
-1.43257 -0.779276
0.201308 2.02824
1.169 -0.350847
0.926839 0.764744
1.16614 0.339506
1.076 0.563549
1.1005 0.457895
1.12376 0.511677
1.06041 0.482153
1.16783 0.498001
0.998179 0.479976
1.25041 0.488769
0.85468 0.441501
1.43315 0.464785
0.411971 0.168773
1.65449 1.01805
-0.829316 -0.919065
0.0676718 2.38916
1.12198 -0.502528
0.768574 0.709472
1.38699 0.300053
0.612448 0.362314
1.67621 0.516125
-0.63758 -0.738024
-0.250067 2.11923
1.72144 -0.705033
-1.55758 -0.275517
-0.120347 1.49185
1.90463 -0.215329
-1.74074 0.344033
-0.392907 0.972615
1.29236 1.34612
-0.0133462 -0.41424
-1.42452 1.12869
-1.04062 0.526273
-1.05036 1.08974
-1.20833 0.203645
-0.677639 1.26427
0.788026 1.07078
1.10958 0.174568
1.21143 0.655997
0.823617 0.365108
1.49386 0.503161
0.187465 -0.0326583
0.353331 0.534549
1.81564 0.525392
-1.35018 -0.81113
0.198349 2.10469
1.11849 -0.364772
0.988242 0.813884
1.05078 0.326741
1.25034 0.575771
0.803583 0.388228
1.50565 0.483334
0.152832 -0.0600527
-0.0351974 0.151493
-0.21631 0.00404654
-1.42942 0.427171
-0.693558 1.02595
-0.412166 -0.0653311
-1.23012 1.37141
-1.07263 0.0449257
-0.640912 1.41517
1.49167 1.46342
-0.691942 -0.939858
-0.0075048 2.39169
1.23247 -0.568562
0.451444 0.433132
1.76973 0.551134
-1.13318 -0.904557
0.199232 2.31285
0.965267 -0.409393
1.06265 0.910973
0.867193 0.263508
1.47973 0.58096
0.19618 -0.0408048
0.366625 0.546455
1.80895 0.48673
-1.31493 -0.829912
0.201482 2.14319
1.08582 -0.369645
1.02419 0.84192
0.979652 0.311849
1.34434 0.572013
0.599493 0.278731
1.69001 0.622798
-0.747037 -0.81802
-0.0801466 2.24876
1.42115 -0.628581
-0.23542 -0.248983
-1.28894 1.38483
-1.07724 0.111855
-0.694258 1.36913
1.09727 1.30877
0.419326 -0.095451
1.16815 1.11505
0.500881 0.0302545
1.55935 1.0575
-0.477306 -0.713251
-0.441434 2.0294
2.00299 -0.395498
-1.70834 1.69961
-0.724086 0.199106
-1.09637 1.32366
-1.00534 -0.109221
-0.554622 1.54209
1.94845 1.2095
-1.84959 0.526541
-0.352607 0.872777
1.15136 1.27211
0.362804 -0.114799
0.907661 0.987624
1.02107 0.233582
1.31733 0.622857
0.63057 0.282537
1.67125 0.59809
-0.641772 -0.752424
-0.231645 2.13765
1.68692 -0.710895
-1.46368 -0.463776
-0.0244373 1.7015
1.68106 -0.458125
-1.13303 -0.762326
0.0858318 2.15201
1.25149 -0.459461
0.615135 0.553583
1.62018 0.335073
-0.31013 -0.45927
-0.943428 1.75526
1.08898 1.35674
0.38 -0.138451
0.885988 0.969484
1.06443 0.239529
1.2599 0.623043
0.753716 0.348615
1.56455 0.505365
-0.096249 -0.293105
-1.42322 1.04851
-1.02052 0.601331
-1.11862 1.0117
-1.21294 0.488607
-0.886262 1.08431
-1.02948 -0.1785
-0.475557 1.59173
2.06248 0.772362
-1.80753 1.55118
-0.633056 0.329913
-1.29893 1.00586
-1.10071 0.635104
-1.07309 0.993147
-1.23078 0.452238
-0.847649 1.10069
-0.877942 -0.234501
-0.538004 1.65703
2.05826 0.889558
-1.81701 1.53481
-0.620302 0.343816
-1.31891 0.942815
-1.06347 0.703635
-1.14471 0.909764
-1.17698 0.683199
-1.04164 0.94941
-1.2422 0.484771
-0.862132 1.07575
-0.986111 -0.208285
-0.47904 1.62369
2.07324 0.705029
-1.79164 1.65804
-0.629876 0.283083
-1.27013 1.09855
-1.14152 0.50685
-0.95364 1.09377
-1.13631 -0.0443747
-0.522081 1.46031
1.9102 1.24836
-1.81518 0.169756
-0.207001 1.10639
1.96453 0.865174
-1.82197 0.465534
-0.361815 0.901643
1.20657 1.30221
0.22229 -0.220977
-0.458393 -0.232147
-0.992848 1.62018
0.310028 0.665214
1.82789 0.379447
-1.39771 -0.745725
0.164518 2.01203
1.2338 -0.377362
0.771262 0.659254
1.41318 0.322727
0.528659 0.294601
1.72609 0.665439
-0.947298 -0.905109
0.121059 2.36662
1.05385 -0.461289
0.916798 0.818084
1.1408 0.313574
1.12623 0.581805
1.01514 0.44417
1.24662 0.510111
0.850208 0.431774
1.44193 0.4689
0.382167 0.143389
1.59793 1.09311
-0.661183 -0.8447
-0.122898 2.2579
1.47333 -0.67076
-0.537823 -0.503756
-0.599563 1.85225
2.10994 0.676355
-1.73472 2.02558
-0.460235 0.226476
-1.38641 0.761629
-0.925979 0.836466
-1.28033 0.492953
-0.840319 1.05505
-0.972689 -0.219952
-0.478074 1.6353
2.07726 0.669963
-1.78436 1.69871
-0.625943 0.266056
-1.26166 1.12478
-1.14918 0.463734
-0.916852 1.12152
-1.02543 -0.16991
-0.486019 1.58556
2.05431 0.83537
-1.81849 1.47611
-0.626518 0.365863
-1.32546 0.90387
-1.04232 0.740082
-1.18088 0.849433
-1.12718 0.781312
-1.13562 0.842792
-1.15791 0.769716
-1.10576 0.864738
-1.18804 0.718273
-1.05367 0.917628
-1.23411 0.567641
-0.92419 1.02467
-1.18552 0.0236169
-0.547906 1.39444
1.75637 1.39855
-1.51165 -0.805961
0.249303 2.01561
1.10654 -0.316891
1.05859 0.834563
0.936026 0.311864
1.39419 0.562534
0.474634 0.193725
1.69893 0.885612
-0.931556 -0.934075
0.137298 2.40447
1.00157 -0.45999
0.954421 0.855938
1.06391 0.302817
1.24132 0.589498
0.812396 0.386741
1.49753 0.486286
0.181899 -0.0343204
0.30793 0.490289
1.824 0.682357
-1.41602 -0.778169
0.194918 2.03573
1.17306 -0.356577
0.913287 0.757692
1.18788 0.338836
1.03978 0.557187
1.15428 0.458661
1.04121 0.504744
1.18178 0.484629
0.982149 0.482556
1.269 0.483587
0.820144 0.428919
1.47403 0.461536
0.277808 0.0559951
1.1839 1.15486
0.430126 -0.0269971
1.36935 1.15093
0.0260104 -0.323994
-1.47197 0.509122
-0.715985 0.955734
-0.802556 -0.259695
-0.578999 1.68026
2.0386 1.01404
-1.83798 1.37423
-0.599288 0.421078
-1.36239 0.659879
-0.886918 0.914247
-1.25407 0.185511
-0.633985 1.25761
1.02502 1.24855
0.605798 0.0243241
1.59593 0.942956
-0.518064 -0.722087
-0.386629 2.05535
1.92854 -0.55147
-1.7429 1.24508
-0.741447 0.438314
-1.26548 0.991466
-1.12001 0.641758
-1.06156 0.987925
-1.2348 0.442305
-0.837719 1.10529
-0.828933 -0.235317
-0.579086 1.66034
2.02393 1.05969
-1.84833 1.23925
-0.575553 0.486127
-1.35568 0.339828
-0.683025 1.11471
0.0662129 0.365824
1.36348 1.25618
-0.0785723 -0.439444
-1.31615 1.4343
-1.04727 0.0829089
-0.691957 1.39675
1.20444 1.37153
0.144865 -0.302137
-1.22869 -0.307148
-0.249837 1.6511
1.96523 -0.215589
-1.77395 1.02899
-0.655364 0.561499
-1.34686 0.418271
-0.743295 1.07075
-0.511549 -0.126201
-1.03579 1.54649
-0.211608 0.161572
-1.19803 -0.246523
-0.315848 1.60661
2.03501 0.0613467
-1.76666 1.48305
-0.707866 0.326752
-1.22098 1.14094
-1.1693 0.399015
-0.854185 1.15706
-0.734438 -0.212321
-0.690698 1.64492
1.80582 1.43344
-1.67021 -0.504937
0.110948 1.66978
1.53296 -0.378575
-0.267716 -0.320759
-1.16487 1.57058
-0.645606 -0.102426
-0.896371 1.56357
0.660139 0.994396
1.32384 0.144709
0.808791 0.532008
1.44017 0.399599
0.417614 0.188319
1.67685 0.98239
-0.899047 -0.939645
0.125133 2.41472
1.01427 -0.468734
0.930801 0.840163
1.10666 0.306674
1.18009 0.588465
0.923812 0.424151
1.36522 0.496221
0.590607 0.294699
1.69535 0.609207
-0.768807 -0.827409
-0.0553469 2.265
1.37754 -0.605424
-0.0261831 -0.0468126
-1.10076 -0.366677
-0.265058 1.74414
1.94034 -0.332601
-1.76711 0.943176
-0.639337 0.608101
-1.31679 0.194503
-0.601897 1.22505
1.08494 1.28228
0.470013 -0.0559193
1.38018 1.13695
0.0129475 -0.330884
-1.47409 0.626136
-0.78414 0.884124
-1.17883 -0.0669924
-0.476984 1.46412
1.98079 1.08405
-1.8535 0.775847
-0.453022 0.724748
-0.239906 0.0395796
-1.42354 0.404751
-0.682731 1.04249
-0.270976 0.0471331
-1.42758 0.548116
-0.771896 0.953606
-1.01489 -0.223822
-0.444838 1.63196
2.08079 0.525501
-1.7683 1.74511
-0.628643 0.240491
-1.23886 1.17622
-1.15943 0.363488
-0.834953 1.18288
-0.557618 -0.137138
-0.965915 1.57362
0.281262 0.630933
1.84648 0.481328
-1.47928 -0.666207
0.134046 1.89141
1.35818 -0.391622
0.423476 0.357965
1.77131 0.70671
-1.18537 -0.9189
0.228182 2.30578
0.922066 -0.397832
1.09471 0.937869
0.794593 0.233433
1.55239 0.601164
-0.0920876 -0.305811
-1.41893 1.07677
-1.03216 0.575618
-1.09167 1.04193
-1.22159 0.387895
-0.808006 1.14427
-0.566846 -0.147728
-0.943514 1.58459
0.459979 0.80821
1.65216 0.135262
-0.492953 -0.583088
-0.565453 1.90981
2.11985 0.35287
-1.68043 2.16529
-0.307818 0.280965
-1.21091 -0.203196
-0.345327 1.56466
2.05722 0.270677
-1.77087 1.57979
-0.68394 0.289952
-1.21782 1.17002
-1.16778 0.347833
-0.816963 1.18966
-0.438065 -0.0626886
-1.19831 1.4056
-1.01569 -0.0478156
-0.601697 1.49459
1.78707 1.40475
-1.60579 -0.647444
0.176046 1.82151
1.34879 -0.347572
0.509092 0.42741
1.73743 0.501917
-0.956234 -0.884176
0.108002 2.33973
1.09268 -0.465121
0.872007 0.780122
1.22286 0.316155
0.985715 0.552689
1.22704 0.450847
0.91941 0.479318
1.34489 0.466448
0.657865 0.347148
1.64488 0.516058
-0.47759 -0.623736
-0.538973 1.94204
2.10878 0.144483
-1.66551 2.15529
-0.319302 0.265499
-1.27478 -0.101252
-0.395156 1.45725
2.0415 0.760879
-1.82478 1.31748
-0.621827 0.435512
-1.35489 0.695278
-0.913103 0.893936
-1.2718 0.315982
-0.720802 1.16739
0.0580254 0.363458
1.32747 1.2514
0.0166781 -0.360902
-1.47317 0.74861
-0.851884 0.808884
-1.29414 0.361683
-0.739067 1.12943
-0.235987 0.0867506
-1.38616 0.168375
-0.540909 1.2119
1.35098 1.40176
-0.222286 -0.596478
-0.910093 1.83405
1.46619 1.53526
-0.702945 -0.963351
0.0223806 2.42611
1.16686 -0.544805
0.620659 0.590941
1.59964 0.307974
-0.20498 -0.36151
-1.21297 1.54388
-0.819153 -0.121104
-0.697829 1.5763
1.65891 1.48525
-1.26302 -1.0355
0.338488 2.39273
0.653038 -0.443272
0.656736 0.742675
1.48752 0.233292
0.292299 0.114293
1.38746 1.19482
-0.0710225 -0.416209
-1.35074 1.35151
-1.08386 0.229292
-0.786439 1.29204
0.195126 0.512514
1.81775 0.893291
-1.45707 -0.770598
0.203348 2.00688
1.18129 -0.346346
0.910562 0.751512
1.19547 0.340678
1.02592 0.553365
1.17496 0.458619
1.00737 0.499049
1.22894 0.481507
0.89981 0.460837
1.37571 0.469321
0.576804 0.292622
1.70298 0.622569
-0.812992 -0.850582
-0.00364103 2.30075
1.28345 -0.556727
0.358947 0.336131
1.76392 0.854892
-1.21359 -0.934793
0.249311 2.30954
0.883084 -0.394424
1.10192 0.955239
0.767735 0.217414
1.57651 0.618472
-0.203943 -0.409543
-1.15978 1.61796
-0.501874 -0.03147
-1.1455 1.43431
-0.898771 -0.13661
-0.612876 1.57956
1.88823 1.32815
-1.80147 0.0421767
-0.145476 1.20035
1.99852 0.411464
-1.81276 0.839375
-0.539228 0.673568
-0.961362 -0.301551
-0.41118 1.70679
2.07342 0.184561
-1.73651 1.79816
-0.64038 0.200593
-1.19241 1.25605
-1.1431 0.163936
-0.690267 1.31397
0.912765 1.17595
0.848462 0.127987
1.51387 0.686844
0.00578235 -0.232953
-1.42513 0.176135
-0.523341 1.18919
1.36253 1.40131
-0.251054 -0.618875
-0.841302 1.86445
1.76533 1.51707
-1.61173 -0.665505
0.19217 1.83713
1.31629 -0.335419
0.618262 0.520855
1.62975 0.361394
-0.362193 -0.507785
-0.814881 1.81279
1.75118 1.51033
-1.56906 -0.744159
0.228348 1.92915
1.20081 -0.317178
0.905571 0.73652
1.21172 0.345518
0.995132 0.543683
1.22024 0.457338
0.92869 0.479705
1.33405 0.469288
0.682942 0.361687
1.62199 0.496768
-0.357675 -0.523808
-0.802697 1.82402
1.80389 1.48499
-1.6908 -0.463441
0.0953574 1.62818
1.5786 -0.378217
-0.497732 -0.518242
-0.630634 1.8552
2.09824 0.82121
-1.76261 1.9281
-0.521139 0.229821
-1.34222 0.964319
-1.05415 0.68288
-1.14048 0.930703
-1.18626 0.648676
-1.01314 0.977322
-1.24719 0.367321
-0.77507 1.14638
-0.379897 -0.0267722
-1.30723 1.22776
-1.1254 0.356484
-0.855238 1.19873
-0.598121 -0.155393
-0.897783 1.59655
0.780272 1.10409
1.09258 0.159285
1.23841 0.665477
0.766517 0.338607
1.55572 0.514083
-0.0621388 -0.263239
-1.46061 0.751807
-0.863445 0.812356
-1.29344 0.387044
-0.757617 1.11424
-0.413604 -0.0554259
-1.23784 1.35623
-1.08753 0.0785522
-0.658785 1.3881
1.33887 1.42592
-0.222207 -0.603498
-0.90181 1.84
1.51321 1.54437
-0.854407 -1.03453
0.180117 2.53811
0.833514 -0.485329
0.861023 0.855948
1.18279 0.281834
1.0687 0.587447
1.09635 0.445592
1.13594 0.517996
1.03808 0.476924
1.20059 0.497909
0.942362 0.46721
1.32422 0.47982
0.700873 0.369037
1.60527 0.488319
-0.274398 -0.450879
-1.00523 1.72934
0.660982 1.01586
1.30772 0.138819
0.848338 0.555894
1.38576 0.403036
0.579825 0.312424
1.70158 0.594767
-0.795298 -0.838394
-0.0266112 2.28318
1.32667 -0.578065
0.195467 0.174615
1.26137 1.20053
0.224974 -0.183102
-0.229057 -0.0412063
-1.43465 0.698073
-0.854643 0.858076
-1.27409 0.235015
-0.659003 1.21722
0.706424 0.995484
1.26827 0.168428
0.9335 0.587746
1.27092 0.419688
0.848463 0.46394
1.42999 0.450259
0.42863 0.185638
1.67983 0.968574
-0.901992 -0.938344
0.125602 2.41287
1.01479 -0.468073
0.931794 0.840442
1.10518 0.306732
1.18224 0.588487
0.920144 0.423203
1.36976 0.495604
0.579012 0.286947
1.70155 0.628146
-0.807954 -0.84908
-0.00833506 2.29828
1.29164 -0.561132
0.32866 0.306666
1.73238 0.961395
-1.13135 -0.967935
0.247523 2.38598
0.827075 -0.422846
1.01937 0.944129
0.902774 0.25276
1.44633 0.593465
0.299996 0.0462769
1.22789 1.16481
0.333854 -0.0931079
0.870518 0.967055
1.08645 0.237798
1.23023 0.624393
0.810537 0.372621
1.50417 0.495349
0.152893 -0.0623223
-0.0476335 0.139335
-0.375471 -0.131563
-1.21356 1.4266
-1.00405 -0.0492466
-0.60911 1.49818
1.77377 1.41527
-1.57411 -0.710799
0.206477 1.89438
1.25663 -0.329821
0.77545 0.646887
1.41561 0.33012
0.519023 0.285403
1.72834 0.689423
-0.968394 -0.913698
0.138473 2.37371
1.02108 -0.452529
0.95724 0.84959
1.06504 0.306227
1.23862 0.587801
0.818675 0.38992
1.49021 0.485669
0.20909 -0.00978029
0.60331 0.769096
1.52833 0.197677
0.128458 -0.0311728
-0.0452487 0.144809
-0.327989 -0.0926561
-1.31415 1.25243
-1.11962 0.328321
-0.837928 1.21842
-0.437298 -0.0582664
-1.20372 1.39757
-1.03007 -0.03032
-0.606547 1.47875
1.74652 1.42714
-1.50024 -0.828305
0.261229 2.04356
1.06733 -0.3158
1.10865 0.864925
0.835199 0.278194
1.50727 0.566475
0.10496 -0.119635
-0.692877 -0.362201
-0.581375 1.75864
2.0821 0.833134
-1.78684 1.76933
-0.590632 0.256414
-1.2917 1.07597
-1.12399 0.549045
-0.997039 1.06593
-1.20384 0.126632
-0.619745 1.3164
1.30319 1.4024
-0.107236 -0.506035
-1.19686 1.62929
-0.589745 -0.0690863
-0.996262 1.52589
-0.0838006 0.271403
0.0903622 0.306776
1.27873 1.23095
0.152828 -0.247518
-1.00291 -0.432422
-0.263848 1.82589
1.89946 -0.446627
-1.75515 0.717914
-0.568173 0.736742
-0.879652 -0.300425
-0.473949 1.71181
2.0926 0.447046
-1.74251 1.88141
-0.578527 0.202718
-1.26443 1.16271
-1.14892 0.410912
-0.878352 1.15634
-0.829774 -0.225165
-0.588139 1.65239
2.00696 1.11353
-1.85672 1.08753
-0.538233 0.562418
-1.23116 -0.0913951
-0.426783 1.46538
2.02832 0.87686
-1.83797 1.19994
-0.589465 0.497228
-1.35552 0.362155
-0.698763 1.10099
-0.105301 0.200286
-0.463517 -0.191697
-1.02962 1.58521
-0.0343885 0.325167
0.720885 0.909649
1.31186 0.203183
0.830156 0.526283
1.42035 0.410643
0.475582 0.23235
1.72006 0.826264
-0.995096 -0.939629
0.171954 2.39959
0.947652 -0.443365
1.00482 0.897673
0.962237 0.282001
1.37395 0.585708
0.515399 0.2174
1.71007 0.793505
-0.929272 -0.919173
0.123717 2.3863
1.03611 -0.463559
0.926605 0.829784
1.11976 0.310559
1.15941 0.585744
0.960025 0.433571
1.31919 0.501989
0.700637 0.361962
1.60722 0.494595
-0.285934 -0.461937
-0.975373 1.7461
0.888528 1.21209
0.849641 0.109857
1.51262 0.702173
-0.00019402 -0.241356
-1.44007 0.257671
-0.571841 1.1278
0.880788 1.12933
0.936178 0.159201
1.42824 0.66099
0.311754 0.0402043
1.24674 1.16741
0.292457 -0.122815
0.530172 0.689612
1.64103 0.226312
-0.416712 -0.5344
-0.712834 1.84833
2.01444 1.19962
-1.85801 1.23294
-0.557418 0.496095
-1.33954 0.22047
-0.607253 1.19795
0.950088 1.18934
0.781086 0.109104
1.5657 0.719389
-0.220463 -0.441498
-1.09725 1.67848
-0.0370554 0.335855
0.754276 0.938336
1.25234 0.20964
0.959131 0.583681
1.24224 0.429351
0.901199 0.481339
1.36453 0.459299
0.611425 0.319068
1.68172 0.566007
-0.68269 -0.773304
-0.174765 2.17622
1.59009 -0.697325
-1.08425 -0.728839
0.0378528 2.12974
1.33347 -0.502244
0.325597 0.288332
1.71423 0.995797
-1.07375 -0.97522
0.232384 2.41788
0.829522 -0.435991
0.989157 0.929334
0.958163 0.265283
1.38332 0.594934
0.484445 0.192418
1.69918 0.873117
-0.924757 -0.93014
0.130575 2.40042
1.01532 -0.462642
0.941924 0.844992
1.08863 0.306355
1.20604 0.588808
0.878346 0.410991
1.42069 0.489454
0.438252 0.184003
1.68253 0.95568
-0.90468 -0.937113
0.125989 2.41111
1.01537 -0.467477
0.932615 0.840613
1.10399 0.306805
1.18394 0.588485
0.917246 0.422447
1.37334 0.495118
0.56978 0.28069
1.70591 0.64424
-0.836655 -0.86406
0.0236525 2.31979
1.2323 -0.53229
0.526961 0.495108
1.7131 0.407847
-0.811069 -0.819949
-0.0327909 2.26214
1.3482 -0.582531
0.120412 0.09833
0.597406 0.777011
1.53005 0.191399
0.120987 -0.0371705
-0.132981 0.0613089
-1.19364 -0.27251
-0.296292 1.63119
2.01401 -0.0548744
-1.76885 1.36636
-0.711736 0.382897
-1.25766 1.04792
-1.14034 0.567079
-0.996253 1.04933
-1.21513 0.162113
-0.64061 1.28854
1.10218 1.30096
0.419361 -0.0921925
1.17781 1.11851
0.479591 0.0167273
1.52169 1.09355
-0.375524 -0.642321
-0.643969 1.92526
2.1189 0.704173
-1.72055 2.11018
-0.374786 0.260178
-1.37227 0.212576
-0.581499 1.18843
1.0633 1.26425
0.526276 -0.0189903
1.51422 1.07411
-0.329525 -0.601483
-0.751651 1.87705
1.98285 1.28774
-1.86969 0.970077
-0.487874 0.629358
-0.878523 -0.317005
-0.459066 1.72624
2.09055 0.341038
-1.73266 1.89394
-0.579225 0.193084
-1.25594 1.18242
-1.15193 0.372808
-0.847569 1.17962
-0.629756 -0.172804
-0.842987 1.61306
1.14244 1.36897
0.268547 -0.214193
-0.109979 0.0641852
-1.09338 -0.352393
-0.281662 1.73222
1.96301 -0.279893
-1.76794 1.10458
-0.682423 0.519445
-1.34305 0.64852
-0.894469 0.929732
-1.24744 0.168243
-0.624812 1.27166
1.12786 1.31356
0.359253 -0.133533
0.817529 0.923505
1.18661 0.240606
1.0743 0.60619
1.07674 0.435997
1.16848 0.522354
0.983364 0.466361
1.27557 0.491847
0.802064 0.417843
1.49643 0.463535
0.196142 -0.0170048
0.489731 0.665692
1.68842 0.247687
-0.673785 -0.72455
-0.230924 2.11524
1.69886 -0.70042
-1.48932 -0.42241
-0.0446075 1.65154
1.73493 -0.432201
-1.34943 -0.658975
0.0820034 1.94738
1.39122 -0.444237
0.234288 0.184144
1.40572 1.21272
-0.141377 -0.479121
-1.17515 1.63744
-0.499421 -0.0260109
-1.15413 1.42471
-0.931021 -0.12295
-0.599122 1.56514
1.89688 1.31071
-1.81029 0.104913
-0.173933 1.15401
1.9954 0.625975
-1.82418 0.767712
-0.495401 0.717498
-0.560673 -0.199309
-0.897211 1.62326
0.883527 1.19204
0.875483 0.122964
1.49005 0.688356
0.0909193 -0.156798
-0.947985 -0.425573
-0.305768 1.82429
1.94734 -0.374334
-1.76193 1.09484
-0.688668 0.523834
-1.34105 0.65597
-0.900405 0.925659
-1.25307 0.196761
-0.643277 1.2507
0.943837 1.19126
0.788525 0.10979
1.56048 0.716266
-0.196813 -0.420141
-1.1584 1.62416
-0.479236 -0.0177895
-1.18847 1.39039
-1.02507 -0.0447768
-0.597482 1.49028
1.79068 1.40077
-1.61363 -0.630122
0.16762 1.80233
1.37305 -0.352782
0.425313 0.350996
1.76913 0.715177
-1.17809 -0.921817
0.228013 2.31248
0.917279 -0.399971
1.09149 0.938947
0.798713 0.234089
1.54875 0.600386
-0.0766394 -0.291612
-1.44161 0.950463
-0.970917 0.680075
-1.20673 0.876838
-1.11992 0.757473
-1.129 0.86821
-1.17302 0.731053
-1.07275 0.905709
-1.22148 0.616476
-0.965509 0.994306
-1.23724 0.210376
-0.663922 1.2484
0.807939 1.08543
1.07184 0.173529
1.26462 0.658789
0.719463 0.319238
1.60099 0.531288
-0.271153 -0.454724
-1.00553 1.73112
0.665906 1.02055
1.29854 0.140073
0.869755 0.56681
1.35628 0.406263
0.657468 0.364281
1.6419 0.499027
-0.456886 -0.605094
-0.584132 1.91867
2.12353 0.420721
-1.68283 2.17937
-0.287872 0.296273
-1.09962 -0.30825
-0.316728 1.68961
2.01244 -0.111927
-1.76123 1.41404
-0.721791 0.356055
-1.22855 1.11072
-1.16583 0.454616
-0.897489 1.12248
-0.975656 -0.201015
-0.493234 1.61931
2.06596 0.781716
-1.80429 1.59019
-0.629628 0.314411
-1.2922 1.03275
-1.11336 0.602072
-1.04139 1.02345
-1.23364 0.327345
-0.754962 1.17659
-0.124754 0.190825
-0.645834 -0.304869
-0.689219 1.70986
1.90354 1.35412
-1.82942 0.21712
-0.216814 1.07618
1.93688 0.969721
-1.80192 0.217602
-0.251183 1.0675
1.89091 1.10433
-1.74708 -0.142488
-0.0813052 1.34238
1.92954 -0.0548266
-1.75697 0.394403
-0.403841 0.938627
1.11823 1.26367
0.432191 -0.069355
1.27309 1.1412
0.265093 -0.133494
0.312946 0.483902
1.82174 0.684052
-1.4069 -0.787684
0.19899 2.05026
1.15665 -0.355726
0.94171 0.777219
1.13858 0.337498
1.12075 0.570039
1.03081 0.451474
1.2229 0.509365
0.895647 0.44851
1.38591 0.474394
0.546442 0.26974
1.7152 0.681639
-0.899348 -0.893232
0.0859197 2.35667
1.11543 -0.483799
0.811886 0.738101
1.32098 0.308503
0.781913 0.467663
1.49668 0.426812
0.210151 0.00281968
0.669458 0.827496
1.42361 0.204728
0.520177 0.315387
1.73216 0.644998
-0.970099 -0.907616
0.134265 2.36599
1.03322 -0.45326
0.947561 0.840482
1.08468 0.309341
1.21054 0.587187
0.871288 0.409364
1.42886 0.488253
0.41389 0.164824
1.65167 1.02027
-0.818996 -0.914974
0.0577055 2.3832
1.14107 -0.509615
0.729633 0.677234
1.44754 0.295927
0.425509 0.217762
1.70433 0.926647
-0.983086 -0.953131
0.177476 2.41874
0.924515 -0.446885
0.999453 0.903708
0.964842 0.278993
1.37185 0.587981
0.519483 0.219684
1.71026 0.784893
-0.92553 -0.916779
0.119793 2.38376
1.04412 -0.465397
0.917187 0.822155
1.13734 0.311873
1.13221 0.58317
1.00503 0.44226
1.26032 0.508947
0.823761 0.421371
1.47334 0.46717
0.277694 0.0547188
1.17948 1.15319
0.440162 -0.0202462
1.40229 1.14576
-0.056751 -0.391239
-1.39263 1.22677
-1.07692 0.413867
-0.937294 1.17393
-0.965085 -0.191836
-0.509427 1.61343
2.05409 0.870042
-1.82019 1.48362
-0.622705 0.364505
-1.32789 0.897091
-1.03749 0.745968
-1.18752 0.83732
-1.11664 0.797196
-1.15149 0.818638
-1.13516 0.807415
-1.14226 0.814438
-1.14019 0.80883
-1.1391 0.814808
-1.14275 0.807042
-1.1363 0.817981
-1.14635 0.801853
-1.13104 0.825477
-1.15371 0.789781
-1.11938 0.841689
-1.16934 0.761428
-1.09242 0.87529
-1.20074 0.689864
-1.02703 0.94133
-1.24738 0.474338
-0.85115 1.08025
-0.943219 -0.225094
-0.495192 1.64333
2.07461 0.728269
-1.79132 1.67458
-0.624584 0.278609
-1.2724 1.09765
-1.14002 0.509603
-0.956763 1.09216
-1.14242 -0.0334086
-0.527467 1.45027
1.8878 1.28093
-1.7882 -0.0117351
-0.126088 1.24015
1.98848 0.257235
-1.80233 0.794404
-0.537519 0.696556
-0.876765 -0.306728
-0.470263 1.71737
2.09257 0.415302
-1.73886 1.88955
-0.576322 0.199271
-1.26415 1.16542
-1.14901 0.406652
-0.875116 1.15905
-0.81022 -0.223855
-0.606941 1.65217
1.98151 1.18544
-1.8621 0.863351
-0.469423 0.680827
-0.563737 -0.205357
-0.887133 1.62837
0.958488 1.24979
0.709038 0.0609356
1.59641 0.807572
-0.412753 -0.618398
-0.623612 1.91665
2.12182 0.624381
-1.7088 2.13623
-0.346085 0.270742
-1.32155 0.0149911
-0.46194 1.34885
1.88109 1.25196
-1.76798 -0.101901
-0.0884333 1.31038
1.94679 0.0155268
-1.77233 0.510048
-0.44789 0.86401
0.512151 0.779589
1.6151 0.162266
-0.288143 -0.41535
-1.02632 1.7029
0.440379 0.80387
1.67331 0.1376
-0.609941 -0.668723
-0.34768 2.03164
1.8935 -0.579923
-1.75016 0.951941
-0.664717 0.602413
-1.33423 0.320069
-0.68291 1.13691
0.172988 0.473729
1.7714 1.01595
-1.32949 -0.908422
0.264646 2.21845
0.927625 -0.360836
1.15496 0.947261
0.68707 0.191323
1.63446 0.672501
-0.497597 -0.662451
-0.473643 1.98588
2.05162 -0.216576
-1.68441 1.92631
-0.590141 0.150168
-1.20697 1.2727
-1.13551 0.160032
-0.692391 1.31911
0.920347 1.18228
0.831549 0.122289
1.52803 0.694257
-0.0528438 -0.287297
-1.45917 0.807682
-0.892866 0.776481
-1.28943 0.557763
-0.876903 1.01045
-1.14181 -0.0762717
-0.49164 1.48286
1.97931 1.09984
-1.85439 0.770997
-0.449759 0.727949
-0.200101 0.0749301
-1.34611 0.0104398
-0.444945 1.34209
1.90276 1.21176
-1.79577 0.0615227
-0.163928 1.18382
2.00097 0.516332
-1.81923 0.84161
-0.530397 0.67416
-0.921031 -0.308231
-0.434447 1.71629
2.08277 0.258456
-1.73344 1.85215
-0.609001 0.193108
-1.22203 1.22858
-1.15354 0.256572
-0.756833 1.25158
0.207002 0.519883
1.82708 0.850541
-1.47759 -0.736671
0.185681 1.96252
1.23813 -0.354478
0.789398 0.665653
1.38987 0.328083
0.595865 0.343282
1.68999 0.546333
-0.718639 -0.79154
-0.127378 2.20889
1.50826 -0.667547
-0.676374 -0.6007
-0.353739 1.97818
1.92785 -0.504821
-1.75134 1.14111
-0.713253 0.497006
-1.31902 0.799962
-0.997626 0.829454
-1.24684 0.649822
-0.967156 0.962934
-1.25217 0.290281
-0.714798 1.19175
0.213195 0.519589
1.82889 0.836202
-1.47975 -0.731063
0.182341 1.95585
1.24753 -0.356442
0.766412 0.648459
1.42442 0.325408
0.493062 0.26619
1.73111 0.750305
-1.00921 -0.930427
0.170752 2.38503
0.960127 -0.439895
1.00887 0.894626
0.959025 0.283395
1.37719 0.58426
0.507693 0.212262
1.70894 0.811251
-0.933749 -0.923151
0.129312 2.39067
1.0241 -0.461244
0.939157 0.840322
1.09574 0.30809
1.19535 0.587959
0.897816 0.417281
1.39705 0.491917
0.506265 0.235713
1.71841 0.778431
-0.961487 -0.925345
0.144771 2.38916
1.00006 -0.452672
0.969111 0.862984
1.0389 0.300658
1.27504 0.588127
0.745822 0.357318
1.56925 0.497982
-0.113641 -0.307818
-1.39378 1.1723
-1.07112 0.475367
-0.987923 1.13017
-1.13229 -0.0309689
-0.535976 1.45156
1.8728 1.30301
-1.76735 -0.124359
-0.0742479 1.329
1.92828 -0.0465749
-1.75481 0.369937
-0.392553 0.954978
1.23552 1.32225
0.139571 -0.288549
-1.20745 -0.327304
-0.243372 1.67689
1.94782 -0.271719
-1.77109 0.92188
-0.626928 0.620316
-1.29402 0.100402
-0.543886 1.29858
1.572 1.44095
-0.925076 -1.03412
0.215638 2.53014
0.774868 -0.48102
0.797144 0.826909
1.27972 0.26819
0.887499 0.533467
1.35395 0.428753
0.653364 0.355234
1.64687 0.509108
-0.485221 -0.628611
-0.524723 1.94906
2.09998 0.0641211
-1.66584 2.12476
-0.363243 0.236552
-1.38115 0.247785
-0.60149 1.16129
0.835415 1.09763
1.02539 0.172923
1.32475 0.658141
0.588985 0.245743
1.69309 0.673648
-0.784935 -0.844747
-0.0279155 2.28963
1.32452 -0.579899
0.197794 0.177472
1.27782 1.2045
0.184811 -0.214449
-0.667125 -0.36089
-0.608973 1.75515
2.06055 0.96881
-1.81733 1.58845
-0.608399 0.327335
-1.32009 0.953036
-1.06656 0.693626
-1.13653 0.923119
-1.18661 0.656726
-1.01787 0.970721
-1.2476 0.39234
-0.792921 1.13087
-0.540512 -0.13513
-0.989423 1.56657
0.115439 0.4663
1.69214 1.15151
-1.09581 -1.00238
0.261355 2.44087
0.759128 -0.446425
0.880758 0.886884
1.13537 0.274826
1.14771 0.602111
0.968528 0.427804
1.3117 0.507265
0.714887 0.368313
1.59346 0.488392
-0.219097 -0.401882
-1.14553 1.62582
-0.427119 0.0136819
-1.28435 1.24676
-1.13238 0.306523
-0.811363 1.22787
-0.248215 0.0881269
-1.39807 0.23463
-0.58165 1.16216
0.960824 1.19264
0.761845 0.102946
1.57791 0.732904
-0.280876 -0.496277
-0.942605 1.77422
1.15315 1.39842
0.21352 -0.263114
-0.735299 -0.397163
-0.504786 1.7922
2.10288 0.376841
-1.71625 2.00142
-0.497473 0.198695
-1.34557 0.978268
-1.0568 0.669451
-1.13042 0.947569
-1.197 0.612762
-0.981951 1.00322
-1.23706 0.232394
-0.680957 1.23441
0.638075 0.936244
1.38883 0.150278
0.632095 0.41405
1.65087 0.455938
-0.48962 -0.624351
-0.524272 1.94651
2.10014 0.0684514
-1.66649 2.12347
-0.365155 0.235681
-1.38336 0.261944
-0.610251 1.15111
0.735499 1.01335
1.21998 0.176184
1.02862 0.620336
1.13096 0.426375
1.09385 0.525652
1.09697 0.477172
1.11894 0.50192
1.07313 0.487833
1.14724 0.496077
1.03256 0.486413
1.20297 0.492377
0.941208 0.469181
1.32462 0.478481
0.700638 0.369317
1.6054 0.488088
-0.274924 -0.451305
-1.00395 1.73007
0.670907 1.02495
1.28943 0.141417
0.89043 0.576814
1.32744 0.409539
0.727532 0.406088
1.57124 0.458228
-0.107113 -0.29526
-1.41064 1.10337
-1.04546 0.549878
-1.06273 1.06864
-1.21898 0.276033
-0.726341 1.21435
0.240269 0.548995
1.84532 0.716252
-1.50931 -0.665784
0.145562 1.8772
1.35218 -0.379974
0.45807 0.387918
1.76513 0.610826
-1.12479 -0.914104
0.203662 2.3272
0.947307 -0.411747
1.06454 0.919018
0.857491 0.257692
1.49051 0.583979
0.156346 -0.0768482
-0.105557 0.0828876
-1.00618 -0.383783
-0.305838 1.7778
1.96821 -0.301051
-1.76296 1.19587
-0.706687 0.46926
-1.312 0.851991
-1.02891 0.78765
-1.21248 0.76536
-1.06101 0.873713
-1.22046 0.657644
-0.992161 0.963749
-1.25226 0.35018
-0.759067 1.15474
-0.248189 0.0793373
-1.40506 0.273997
-0.605228 1.13331
0.68994 0.971621
1.30486 0.167505
0.852111 0.549009
1.38519 0.407829
0.579377 0.310849
1.70185 0.597105
-0.797538 -0.83979
-0.0238049 2.28524
1.32147 -0.575426
0.216282 0.195393
1.38409 1.21726
-0.0875689 -0.435973
-1.30666 1.44962
-1.03401 0.0521621
-0.675504 1.42076
1.35904 1.4375
-0.287225 -0.657249
-0.744936 1.90831
2.02328 1.20668
-1.85358 1.33279
-0.571059 0.45054
-1.3669 0.447035
-0.749176 1.04384
-0.646926 -0.200807
-0.794944 1.63431
1.43132 1.49235
-0.549819 -0.861152
-0.207762 2.23216
1.60115 -0.733718
-1.19204 -0.700987
0.0590034 2.06233
1.34774 -0.476356
0.327096 0.283685
1.71086 1.00005
-1.06186 -0.975393
0.227984 2.42241
0.833909 -0.438019
0.987361 0.927165
0.962464 0.266619
1.37808 0.594902
0.498552 0.202738
1.70513 0.837814
-0.931013 -0.926459
0.130686 2.3951
1.01881 -0.461428
0.942138 0.843744
1.08929 0.306975
1.20489 0.588499
0.880603 0.411833
1.41794 0.489663
0.446452 0.190422
1.6905 0.933542
-0.924927 -0.939796
0.138704 2.41239
0.993755 -0.461115
0.95589 0.859547
1.05919 0.301218
1.2482 0.589959
0.79875 0.38089
1.51284 0.487311
0.123562 -0.087482
-0.397524 -0.171996
-1.14083 1.51414
-0.717433 -0.132881
-0.787056 1.58867
1.33945 1.45791
-0.263809 -0.645196
-0.791932 1.89041
1.92364 1.39162
-1.8574 0.460465
-0.308809 0.919324
1.4931 1.37065
-0.58636 -0.855019
-0.179102 2.24131
1.55792 -0.716002
-0.98681 -0.720282
-0.016499 2.14024
1.40122 -0.555717
-0.00365246 -0.0342308
-0.942334 -0.409143
-0.324875 1.80857
1.97465 -0.308584
-1.75798 1.27747
-0.723658 0.424509
-1.27332 0.987326
-1.11314 0.649234
-1.07183 0.980617
-1.23129 0.474877
-0.863187 1.08625
-0.964449 -0.215683
-0.488019 1.63291
2.07343 0.722334
-1.79243 1.66154
-0.627462 0.28295
-1.27255 1.09433
-1.13944 0.514203
-0.96046 1.08899
-1.15086 -0.0177051
-0.535319 1.43601
1.85262 1.32349
-1.73295 -0.273592
-0.00478731 1.45457
1.79912 -0.291798
-1.49807 -0.494758
0.0135329 1.71609
1.62544 -0.45054
-0.844477 -0.721163
-0.101194 2.14522
1.51142 -0.634537
-0.619567 -0.569127
-0.441767 1.93168
2.04107 -0.211483
-1.70333 1.82223
-0.659362 0.166385
-1.1403 1.32019
-1.06397 -0.0319122
-0.580903 1.47147
1.80154 1.38656
-1.63565 -0.577593
0.141884 1.74581
1.4444 -0.367849
0.143815 0.079047
0.646168 0.817285
1.45517 0.196663
0.41428 0.229222
1.70913 0.927943
-1.00577 -0.957443
0.190953 2.41842
0.901695 -0.442881
1.00587 0.914283
0.947121 0.272431
1.39371 0.588567
0.459944 0.175845
1.68355 0.933785
-0.893632 -0.929884
0.113996 2.40284
1.04035 -0.472688
0.906345 0.818326
1.15378 0.310844
1.10672 0.580855
1.04532 0.447469
1.20574 0.513566
0.924417 0.455742
1.35034 0.479984
0.637291 0.330148
1.66281 0.54093
-0.576964 -0.700674
-0.347446 2.05497
1.88104 -0.606243
-1.74816 0.887562
-0.645183 0.638863
-1.29506 0.116967
-0.55606 1.28665
1.49643 1.44021
-0.678977 -0.927165
-0.0293528 2.37087
1.27673 -0.588055
0.308241 0.293521
1.70655 1.02056
-1.05742 -0.978552
0.22873 2.4277
0.828555 -0.439978
0.978464 0.924345
0.977134 0.268594
1.36067 0.596334
0.543138 0.23391
1.70897 0.735787
-0.893706 -0.89929
0.0879994 2.36451
1.107 -0.483447
0.822705 0.747657
1.30249 0.309499
0.824522 0.489853
1.44351 0.427825
0.395395 0.163629
1.63633 1.05024
-0.779136 -0.901668
0.0199698 2.36141
1.21131 -0.539814
0.55405 0.52413
1.68367 0.366876
-0.647246 -0.723705
-0.255682 2.10581
1.73636 -0.697803
-1.58955 -0.190539
-0.163782 1.40771
1.97646 0.0170092
-1.78882 0.856481
-0.579745 0.659022
-1.1419 -0.193754
-0.391458 1.57774
2.07028 0.430134
-1.77305 1.65556
-0.65857 0.266528
-1.22676 1.17485
-1.16406 0.351199
-0.822239 1.18891
-0.469381 -0.0836617
-1.13538 1.47059
-0.803954 -0.148533
-0.685681 1.59681
1.73647 1.46271
-1.49394 -0.845038
0.27106 2.06353
1.03682 -0.315469
1.14158 0.885815
0.764148 0.247358
1.57613 0.591519
-0.187741 -0.390564
-1.20626 1.56511
-0.763035 -0.120601
-0.752447 1.57925
1.46402 1.48925
-0.640109 -0.916592
-0.0707993 2.34321
1.3517 -0.627825
0.00676335 -0.00816327
-0.765662 -0.377983
-0.495902 1.7778
2.10048 0.373601
-1.72008 1.9795
-0.516335 0.195275
-1.32525 1.04086
-1.0922 0.60236
-1.05893 1.0232
-1.2315 0.364287
-0.783743 1.15476
-0.394791 -0.0366791
-1.27984 1.2839
-1.12464 0.245994
-0.769392 1.26833
0.200041 0.514788
1.82139 0.877069
-1.46507 -0.75775
0.196698 1.98988
1.20306 -0.349096
0.867205 0.721783
1.26736 0.338104
0.890397 0.510495
1.36238 0.44097
0.625922 0.333866
1.67044 0.541722
-0.61617 -0.72758
-0.280845 2.09955
1.77239 -0.690598
-1.66122 0.072776
-0.296744 1.17733
1.93974 1.03393
-1.81549 0.290058
-0.276153 1.01903
1.78735 1.25643
-1.52354 -0.755939
0.217528 1.96013
1.19414 -0.329428
0.905525 0.741236
1.20861 0.343502
1.00154 0.546206
1.21068 0.457545
0.945975 0.48476
1.31141 0.472244
0.734469 0.390334
1.56988 0.471071
-0.105781 -0.296147
-1.41142 1.10089
-1.04426 0.552356
-1.06547 1.06623
-1.21981 0.286917
-0.734048 1.20725
0.154923 0.463292
1.74197 1.07377
-1.24387 -0.961797
0.278825 2.3233
0.820588 -0.397042
1.07466 0.968552
0.798728 0.220229
1.55055 0.612283
-0.0908029 -0.306614
-1.41969 1.07408
-1.03081 0.578126
-1.09451 1.03911
-1.22116 0.398497
-0.816034 1.1379
-0.629608 -0.179234
-0.836568 1.61767
1.18995 1.39591
0.144704 -0.311122
-1.25482 -0.276922
-0.262188 1.61437
1.99073 -0.119029
-1.77557 1.18246
-0.686339 0.479437
-1.33052 0.772451
-0.974368 0.847661
-1.26254 0.571982
-0.905885 1.0117
-1.1802 0.00141391
-0.532917 1.41235
1.82306 1.34854
-1.67344 -0.471454
0.0892231 1.63803
1.58001 -0.38473
-0.514102 -0.530046
-0.598525 1.86909
2.11483 0.626152
-1.72201 2.07183
-0.418849 0.236995
-1.40095 0.537803
-0.784452 0.972637
-1.00635 -0.223872
-0.450652 1.63344
2.08091 0.548183
-1.77017 1.74302
-0.627057 0.242759
-1.24242 1.16977
-1.15857 0.377647
-0.846245 1.17428
-0.642276 -0.17894
-0.822494 1.61845
1.26156 1.43117
-0.0485722 -0.469444
-1.32808 1.4267
-1.05313 0.107163
-0.708205 1.37919
1.05651 1.28475
0.515657 -0.0331936
1.48319 1.09493
-0.246098 -0.537513
-0.94505 1.79395
1.20148 1.42816
0.0823094 -0.368734
-1.46804 0.372146
-0.63125 1.04158
0.073369 0.365171
1.38608 1.25737
-0.139287 -0.489342
-1.16633 1.65003
-0.432133 0.0153012
-1.27959 1.25402
-1.13254 0.290423
-0.798671 1.23787
-0.127366 0.195517
-0.64003 -0.301404
-0.699097 1.70681
1.87858 1.38425
-1.80146 0.0162786
-0.129276 1.22082
1.992 0.31033
-1.80586 0.805788
-0.53684 0.690828
-0.893555 -0.307449
-0.456268 1.71726
2.08971 0.351985
-1.7355 1.88165
-0.585677 0.195377
-1.25051 1.1891
-1.15352 0.356595
-0.834119 1.18927
-0.529617 -0.120574
-1.01842 1.54945
-0.111541 0.249403
-0.242846 -0.00986837
-1.43343 0.639162
-0.82216 0.895374
-1.21813 0.0274997
-0.531174 1.38001
1.77521 1.38112
-1.55802 -0.730313
0.213377 1.91991
1.22883 -0.327378
0.839064 0.693513
1.3178 0.338266
0.779212 0.456989
1.50373 0.43266
0.181283 -0.0244544
0.35659 0.538618
1.81413 0.5138
-1.34187 -0.815557
0.19907 2.11375
1.11085 -0.365847
0.99732 0.820789
1.03325 0.323668
1.27429 0.575149
0.75564 0.366666
1.55776 0.491292
-0.061001 -0.25829
-1.46184 0.722747
-0.847143 0.830271
-1.28566 0.287817
-0.69094 1.17884
0.31625 0.620866
1.82985 0.440943
-1.40701 -0.746481
0.168205 2.008
1.23132 -0.373885
0.780856 0.665623
1.39919 0.324249
0.570068 0.325454
1.70708 0.585536
-0.82039 -0.848638
-0.000554471 2.29906
1.28012 -0.553566
0.373906 0.35032
1.77292 0.803171
-1.23074 -0.920893
0.244176 2.28545
0.910421 -0.387353
1.11479 0.947642
0.753804 0.216345
1.58759 0.622124
-0.254554 -0.454806
-1.03011 1.72065
0.486542 0.850899
1.60348 0.113377
-0.238316 -0.36365
-1.16033 1.59539
-0.566587 -0.0677244
-1.02621 1.51627
-0.274547 0.105365
-1.4067 0.312232
-0.630908 1.1081
0.398042 0.694295
1.75656 0.253398
-1.05068 -0.864899
0.135524 2.29601
1.07977 -0.439031
0.930247 0.813161
1.1273 0.318816
1.14507 0.580878
0.986212 0.440538
1.28447 0.505409
0.775818 0.400702
1.52811 0.46913
0.071333 -0.132077
-0.948537 -0.422177
-0.308537 1.82091
1.9519 -0.363719
-1.76167 1.12516
-0.695683 0.507244
-1.33363 0.724314
-0.945596 0.881814
-1.27278 0.431633
-0.803298 1.09608
-0.716828 -0.217966
-0.702902 1.64893
1.78038 1.45208
-1.61401 -0.643039
0.177151 1.81468
1.35196 -0.345888
0.501304 0.419918
1.74289 0.518483
-0.988324 -0.893369
0.131102 2.34522
1.05265 -0.450972
0.936163 0.827455
1.10921 0.313507
1.17396 0.584881
0.936459 0.428799
1.34878 0.497605
0.631827 0.321509
1.66769 0.552826
-0.606075 -0.722396
-0.295906 2.08997
1.79709 -0.678606
-1.69553 0.257002
-0.385366 1.03692
1.51019 1.39312
-0.667076 -0.909501
-0.0555065 2.34365
1.33016 -0.61222
0.108833 0.0934865
0.499589 0.68757
1.67042 0.227738
-0.576249 -0.657171
-0.393911 2.00806
1.95992 -0.472097
-1.73691 1.40486
-0.756438 0.350251
-1.18837 1.15972
-1.17822 0.324931
-0.792017 1.20001
-0.25187 0.081652
-1.40631 0.285342
-0.612406 1.12543
0.606372 0.89527
1.45055 0.146543
0.431964 0.254763
1.72966 0.859163
-1.05856 -0.952435
0.208742 2.39652
0.887184 -0.431628
1.02718 0.928089
0.905066 0.26114
1.44193 0.588232
0.317165 0.061911
1.32148 1.18192
0.110399 -0.264907
-1.24321 -0.281989
-0.263621 1.62309
1.9889 -0.131686
-1.77493 1.17811
-0.68656 0.481564
-1.33112 0.767395
-0.971207 0.851278
-1.26439 0.558019
-0.895372 1.02016
-1.15584 -0.0464635
-0.508103 1.45584
1.92873 1.21145
-1.83138 0.321151
-0.272776 1.00242
1.7689 1.27091
-1.47107 -0.829914
0.251857 2.0598
1.06958 -0.324247
1.09698 0.862904
0.855135 0.283974
1.48664 0.564784
0.181165 -0.0507696
0.213621 0.396015
1.72965 1.05269
-1.17867 -0.97656
0.269735 2.37355
0.796967 -0.417771
1.0072 0.947485
0.917437 0.252758
1.43101 0.595765
0.346454 0.0844285
1.44251 1.17397
-0.204008 -0.521063
-1.02796 1.75366
0.622632 0.983855
1.37461 0.126837
0.674308 0.450277
1.60457 0.41991
-0.249579 -0.418486
-1.08007 1.6776
0.0474871 0.41535
1.43335 1.26804
-0.284018 -0.609271
-0.8056 1.86849
1.86431 1.45097
-1.79827 -0.0317276
-0.102423 1.25853
1.97139 0.14968
-1.79102 0.669305
-0.500828 0.767723
-0.360742 -0.055924
-1.30553 1.24836
-1.12386 0.325915
-0.832837 1.21856
-0.409289 -0.0387606
-1.25932 1.31731
-1.11415 0.168515
-0.714448 1.32085
0.792678 1.08125
1.09511 0.171645
1.23276 0.658795
0.782028 0.347763
1.539 0.508454
0.0100908 -0.195677
-1.36558 -0.0310673
-0.402546 1.3656
1.98232 1.01389
-1.84797 0.745671
-0.450334 0.739352
-0.145719 0.125275
-1.04456 -0.365391
-0.298639 1.7543
1.97088 -0.278351
-1.76482 1.18874
-0.702925 0.473489
-1.31671 0.832276
-1.01573 0.803636
-1.22766 0.723086
-1.02563 0.909808
-1.24646 0.536952
-0.894576 1.04066
-1.1247 -0.0900569
-0.490575 1.49852
1.99394 1.06197
-1.85445 0.907335
-0.49627 0.652917
-0.833466 -0.310238
-0.502697 1.72135
2.09457 0.556338
-1.75053 1.88134
-0.56983 0.211327
-1.28066 1.12872
-1.13877 0.472887
-0.931561 1.1182
-1.06266 -0.137399
-0.48962 1.55166
2.03303 0.935178
-1.8384 1.2757
-0.596087 0.463036
-1.36463 0.509384
-0.79186 1.00711
-0.942188 -0.242067
-0.480238 1.65752
2.083 0.621115
-1.77318 1.75881
-0.615247 0.243177
-1.25569 1.14983
-1.15324 0.421768
-0.883089 1.14793
-0.869452 -0.225239
-0.553871 1.65021
2.04166 0.976309
-1.83446 1.3891
-0.605149 0.412331
-1.35793 0.708061
-0.918115 0.884109
-1.27509 0.354982
-0.747057 1.14196
-0.230184 0.0931858
-1.37122 0.105736
-0.503263 1.26197
1.62857 1.42306
-1.10045 -1.05492
0.302609 2.49977
0.633281 -0.487991
0.399952 0.514737
1.79339 0.491529
-1.24094 -0.868953
0.207943 2.22344
1.01691 -0.383069
1.0737 0.889932
0.868266 0.273901
1.47619 0.573783
0.212641 -0.0247745
0.550862 0.720629
1.60649 0.207862
-0.238044 -0.376875
-1.14563 1.61369
-0.463812 -0.0110438
-1.21501 1.35895
-1.07661 0.0387257
-0.632776 1.41828
1.53142 1.46616
-0.820043 -1.00275
0.134231 2.49685
0.942487 -0.484371
0.917604 0.858249
1.11007 0.295878
1.17883 0.593825
0.92253 0.421522
1.3678 0.497226
0.583305 0.289444
1.69934 0.621468
-0.793981 -0.841572
-0.0246004 2.28699
1.32151 -0.576364
0.214158 0.193443
1.37305 1.21705
-0.0581084 -0.411685
-1.37252 1.29576
-1.08639 0.319301
-0.856554 1.23432
-0.473444 -0.0799361
-1.1338 1.46964
-0.80225 -0.148959
-0.686874 1.59722
1.73374 1.4641
-1.4866 -0.854702
0.275417 2.07699
1.01961 -0.316829
1.15634 0.896859
0.729698 0.229974
1.60506 0.614585
-0.329335 -0.518053
-0.848256 1.8108
1.64283 1.53963
-1.26119 -1.04841
0.347302 2.4078
0.623111 -0.456101
0.506203 0.615819
1.69306 0.290287
-0.696615 -0.74397
-0.191879 2.14497
1.63075 -0.698155
-1.24883 -0.682772
0.0653817 2.01907
1.36706 -0.466493
0.281192 0.235754
1.60257 1.14024
-0.724415 -0.889712
-0.0297829 2.33482
1.2994 -0.585468
0.255787 0.238732
1.56608 1.17187
-0.616667 -0.832034
-0.174362 2.22523
1.56099 -0.708884
-0.985431 -0.721324
-0.0163201 2.14164
1.40011 -0.555677
0.000484946 -0.0300491
-0.901923 -0.408202
-0.354616 1.80938
2.00398 -0.234724
-1.7468 1.47972
-0.736742 0.317156
-1.18295 1.18777
-1.17219 0.267397
-0.752051 1.23797
0.176289 0.487845
1.7872 0.983762
-1.37633 -0.868329
0.249151 2.15019
1.00552 -0.346573
1.1324 0.904725
0.762948 0.238602
1.57821 0.599643
-0.201114 -0.403867
-1.17065 1.60588
-0.571222 -0.0673072
-1.02087 1.51775
-0.242832 0.131334
-1.3404 0.0152263
-0.451759 1.34089
1.88954 1.23485
-1.77892 -0.0414144
-0.116811 1.26239
1.97971 0.181854
-1.7961 0.742391
-0.5254 0.72539
-0.704456 -0.267603
-0.665639 1.68525
1.91912 1.32258
-1.84098 0.336575
-0.268145 0.995476
1.768 1.26951
-1.46715 -0.834298
0.253689 2.06626
1.06187 -0.324659
1.10521 0.868478
0.837637 0.277165
1.50519 0.5675
0.112155 -0.113317
-0.614025 -0.321364
-0.70702 1.71939
1.87861 1.38841
-1.80268 0.0213881
-0.131107 1.21708
1.99306 0.324694
-1.80686 0.810993
-0.537368 0.688101
-0.905329 -0.307315
-0.447254 1.7165
2.0872 0.31378
-1.73437 1.87144
-0.594339 0.193928
-1.23949 1.20567
-1.15499 0.31741
-0.803099 1.2132
-0.261657 0.0750604
-1.41658 0.372341
-0.665657 1.0658
-0.0483746 0.249896
0.236225 0.449212
1.79406 0.913123
-1.37077 -0.860128
0.241363 2.14471
1.02213 -0.348656
1.11609 0.893795
0.798907 0.254927
1.54528 0.58287
-0.0527814 -0.266716
-1.46339 0.714041
-0.841267 0.835043
-1.28163 0.255568
-0.669602 1.2009
0.563827 0.863856
1.51559 0.137055
0.179386 0.0273104
0.608328 0.778097
1.51811 0.195511
0.171775 0.00999524
0.475258 0.655391
1.70517 0.260483
-0.765792 -0.778388
-0.103586 2.20351
1.47975 -0.645507
-0.507506 -0.484765
-0.655496 1.82992
2.06659 0.999957
-1.81147 1.66462
-0.596025 0.301695
-1.31622 0.984418
-1.08097 0.661459
-1.1057 0.963662
-1.21423 0.556948
-0.932045 1.03846
-1.17843 0.0145047
-0.544813 1.40345
1.77997 1.38417
-1.57385 -0.703443
0.201018 1.88727
1.26926 -0.333461
0.741927 0.621993
1.4645 0.3274
0.359218 0.154715
1.58706 1.11291
-0.637446 -0.833796
-0.154065 2.23552
1.52807 -0.694866
-0.819005 -0.672547
-0.164646 2.08564
1.62992 -0.664598
-1.19372 -0.713112
0.0694116 2.07482
1.32529 -0.46766
0.409881 0.362972
1.77522 0.720024
-1.20862 -0.914863
0.232636 2.28999
0.926497 -0.391727
1.10466 0.938529
0.778221 0.228301
1.56686 0.607068
-0.15612 -0.364808
-1.28215 1.45485
-1.02065 0.0137812
-0.652203 1.45016
1.53563 1.47231
-0.840665 -1.0125
0.154279 2.50991
0.899111 -0.481219
0.916603 0.871047
1.10169 0.289892
1.19303 0.5972
0.895939 0.412875
1.40093 0.49377
0.494218 0.226205
1.71623 0.808938
-0.967313 -0.931329
0.152457 2.39542
0.983056 -0.450447
0.980999 0.874577
1.01374 0.295222
1.30865 0.58748
0.673589 0.319159
1.63749 0.540079
-0.44973 -0.605479
-0.592368 1.91683
2.12405 0.466649
-1.68777 2.17416
-0.296023 0.29298
-1.14046 -0.277734
-0.320205 1.65154
2.02684 -0.0224394
-1.76202 1.47268
-0.715909 0.328738
-1.21406 1.1478
-1.17162 0.379626
-0.838047 1.16843
-0.624839 -0.172411
-0.849032 1.61233
1.10861 1.34881
0.354006 -0.151023
0.718796 0.846218
1.35682 0.223634
0.713486 0.451217
1.56879 0.422544
-0.0842796 -0.268335
-1.44673 0.89357
-0.942913 0.721362
-1.24698 0.772107
-1.03805 0.865382
-1.23216 0.642281
-0.973655 0.972498
-1.2492 0.284051
-0.712109 1.19688
0.255643 0.562447
1.8479 0.656611
-1.50683 -0.658174
0.138932 1.87081
1.36538 -0.385193
0.408879 0.342617
1.769 0.755265
-1.19285 -0.92462
0.234984 2.30856
0.9084 -0.396993
1.09768 0.944184
0.784329 0.227541
1.56186 0.607103
-0.134935 -0.345705
-1.33215 1.35479
-1.08806 0.205671
-0.764007 1.30563
0.405337 0.722633
1.74033 0.218523
-0.96743 -0.848511
0.0835778 2.29482
1.16009 -0.47707
0.761248 0.689745
1.40657 0.304901
0.553773 0.318038
1.71611 0.608573
-0.874997 -0.874152
0.055683 2.3336
1.17634 -0.505073
0.684421 0.633317
1.51756 0.298998
0.164699 -0.0149178
0.297985 0.482712
1.82286 0.716144
-1.41982 -0.780122
0.197641 2.03574
1.16904 -0.354585
0.922476 0.763306
1.1726 0.338983
1.06555 0.562058
1.1161 0.458363
1.1005 0.510662
1.0957 0.484654
1.11683 0.498124
1.0784 0.490024
1.13869 0.495212
1.0465 0.488565
1.18331 0.493307
0.974823 0.477199
1.28065 0.484278
0.795534 0.417434
1.50302 0.462167
0.172036 -0.0385317
0.218916 0.402547
1.74173 1.03128
-1.21558 -0.963746
0.271692 2.3405
0.819628 -0.404095
1.05815 0.962648
0.829285 0.230583
1.52215 0.602862
0.0277647 -0.196833
-1.32631 -0.128222
-0.34702 1.45911
2.05217 0.547497
-1.80303 1.4323
-0.65635 0.371674
-1.30285 0.963393
-1.08334 0.681809
-1.11597 0.942314
-1.20444 0.605861
-0.971744 1.00655
-1.23232 0.197753
-0.657352 1.25852
0.8902 1.15208
0.902603 0.145776
1.46345 0.66966
0.194534 -0.0613566
0.245502 0.426213
1.78201 0.933184
-1.33022 -0.893267
0.253631 2.20199
0.958661 -0.359016
1.14529 0.930984
0.718241 0.210862
1.61425 0.637625
-0.383881 -0.567258
-0.718291 1.86572
2.02241 1.18661
-1.85354 1.30842
-0.570535 0.460432
-1.36415 0.409535
-0.725708 1.06793
-0.423107 -0.0680063
-1.21295 1.39295
-1.04229 -0.0105379
-0.614944 1.46174
1.68963 1.4496
-1.33389 -0.991374
0.326661 2.30376
0.750186 -0.392751
1.02045 0.966993
0.881568 0.238318
1.47099 0.600631
0.214398 -0.0289586
0.540599 0.710851
1.62119 0.212427
-0.313278 -0.444558
-0.955938 1.74387
0.985845 1.2852
0.630307 0.0173791
1.59183 0.925532
-0.486411 -0.695705
-0.450188 2.01504
2.0181 -0.346213
-1.70107 1.77239
-0.693439 0.172771
-1.10704 1.33568
-1.00259 -0.10615
-0.559387 1.54031
1.93883 1.22875
-1.84441 0.442929
-0.31905 0.924768
1.46865 1.37171
-0.511779 -0.805472
-0.304501 2.14634
1.77677 -0.716152
-1.67995 0.180758
-0.351493 1.09373
1.73684 1.32802
-1.39961 -0.916123
0.291389 2.18684
0.907493 -0.344468
1.18542 0.959842
0.621775 0.156388
1.66145 0.761151
-0.677106 -0.798722
-0.154488 2.20563
1.54613 -0.689437
-0.884154 -0.699058
-0.0953564 2.12122
1.51811 -0.625536
-0.630332 -0.57791
-0.421747 1.94314
2.0178 -0.295061
-1.71581 1.70072
-0.715165 0.204667
-1.11122 1.31279
-1.04185 -0.07218
-0.561278 1.50643
1.89504 1.29137
-1.80274 0.0669092
-0.159388 1.18132
2.00013 0.505978
-1.81844 0.833405
-0.528638 0.678512
-0.89819 -0.309223
-0.450974 1.71857
2.08829 0.324896
-1.73415 1.87778
-0.589924 0.193843
-1.24444 1.19885
-1.1545 0.334304
-0.816416 1.20286
-0.381887 -0.0209993
-1.30975 1.21918
-1.1248 0.370607
-0.866487 1.1899
-0.679304 -0.190408
-0.77003 1.62844
1.51761 1.5051
-0.821733 -1.01245
0.143415 2.50956
0.918038 -0.484522
0.914214 0.864038
1.11006 0.292582
1.17996 0.595506
0.919535 0.420037
1.37181 0.497105
0.572792 0.282237
1.70451 0.639555
-0.827637 -0.859522
0.0138991 2.31341
1.25043 -0.540883
0.470386 0.442658
1.75925 0.516704
-1.07292 -0.902167
0.174637 2.33272
0.991319 -0.424884
1.02392 0.887704
0.943321 0.285788
1.39412 0.579716
0.464348 0.181488
1.68888 0.918965
-0.907501 -0.932091
0.123258 2.40458
1.02427 -0.467608
0.927002 0.834557
1.11572 0.308484
1.16615 0.587086
0.948074 0.430473
1.33461 0.500166
0.665209 0.34161
1.6402 0.519682
-0.455498 -0.607021
-0.583676 1.91995
2.12357 0.415019
-1.68195 2.18115
-0.285125 0.297811
-1.08374 -0.317881
-0.317483 1.70205
2.0089 -0.134356
-1.76068 1.40259
-0.723079 0.361395
-1.23115 1.10345
-1.16408 0.468217
-0.90861 1.11405
-1.02149 -0.175276
-0.483942 1.59066
2.05789 0.813086
-1.81412 1.5096
-0.62941 0.350003
-1.31438 0.950552
-1.0699 0.695863
-1.1351 0.921812
-1.18716 0.657456
-1.0179 0.970045
-1.2477 0.393888
-0.793969 1.12988
-0.54975 -0.140473
-0.972251 1.57409
0.24567 0.595694
1.85597 0.615134
-1.53054 -0.611805
0.114587 1.81512
1.43444 -0.400289
0.138491 0.0796442
0.61696 0.792016
1.50117 0.193024
0.241167 0.0750797
1.11128 1.13144
0.584006 0.0665
1.62556 0.916124
-0.621951 -0.789002
-0.212849 2.1743
1.64123 -0.718443
-1.31817 -0.63278
0.050661 1.9354
1.44063 -0.471306
0.00167074 -0.0448239
-0.957588 -0.409668
-0.313965 1.80801
1.9635 -0.332167
-1.76086 1.19609
-0.709721 0.468676
-1.3094 0.860724
-1.03505 0.78036
-1.20503 0.783273
-1.07635 0.856533
-1.20523 0.703624
-1.0317 0.929153
-1.24533 0.508291
-0.876011 1.05958
-1.0553 -0.164927
-0.470243 1.57537
2.05797 0.790459
-1.81295 1.5056
-0.631973 0.350463
-1.31237 0.955719
-1.07338 0.690564
-1.12921 0.929292
-1.19308 0.640533
-1.0027 0.982659
-1.2468 0.331441
-0.749004 1.16857
-0.122834 0.191671
-0.628905 -0.296048
-0.716848 1.70192
1.83023 1.43058
-1.7259 -0.334793
0.031623 1.5088
1.72724 -0.344472
-1.23098 -0.750641
0.112782 2.09965
1.24789 -0.430493
0.667999 0.5911
1.55424 0.318202
0.00552415 -0.167354
-1.32223 -0.128627
-0.348763 1.46107
2.05249 0.549848
-1.80292 1.43565
-0.656293 0.370199
-1.30203 0.96664
-1.08514 0.678305
-1.11243 0.946625
-1.20744 0.594615
-0.962129 1.01397
-1.22356 0.154247
-0.62901 1.29043
1.17127 1.33972
0.247923 -0.216968
-0.26416 -0.0756463
-1.39835 0.993136
-1.02159 0.652847
-1.14978 0.951907
-1.18611 0.624624
-0.99804 0.996437
-1.24235 0.288596
-0.720092 1.19692
0.201368 0.508361
1.81787 0.885982
-1.45476 -0.771976
0.203555 2.00944
1.17915 -0.34655
0.914117 0.754077
1.18934 0.340631
1.03658 0.555747
1.15942 0.458972
1.03277 0.503342
1.19374 0.484094
0.961917 0.478053
1.2958 0.480272
0.765101 0.403871
1.53719 0.464948
0.0361237 -0.163872
-1.21914 -0.289917
-0.268837 1.6386
1.98798 -0.14696
-1.77352 1.18777
-0.690185 0.476103
-1.32677 0.791992
-0.987554 0.83377
-1.2535 0.624749
-0.946473 0.978901
-1.23948 0.195784
-0.651209 1.25689
0.920886 1.1751
0.837505 0.126826
1.52317 0.689322
-0.0308779 -0.266527
-1.46672 0.581696
-0.763738 0.914504
-1.08078 -0.185906
-0.43526 1.58685
2.07244 0.601487
-1.78559 1.64878
-0.642229 0.279852
-1.25473 1.12645
-1.15304 0.455428
-0.90786 1.12592
-0.994886 -0.189488
-0.489836 1.60691
2.06222 0.798146
-1.80908 1.55321
-0.630083 0.3306
-1.30217 0.997641
-1.09574 0.644981
-1.08339 0.983079
-1.22674 0.489009
-0.87636 1.07899
-1.01643 -0.18944
-0.474731 1.60312
2.06736 0.739041
-1.80049 1.59873
-0.633603 0.308302
-1.28415 1.05408
-1.12425 0.572879
-1.01308 1.04703
-1.22212 0.209523
-0.673125 1.25505
0.777788 1.06114
1.13039 0.175262
1.18026 0.652771
0.880816 0.38503
1.42825 0.505181
0.407065 0.155311
1.63628 1.0429
-0.77257 -0.897173
0.0114431 2.35456
1.22809 -0.547052
0.505951 0.479772
1.73173 0.438078
-0.915308 -0.86414
0.0696959 2.31965
1.16451 -0.491587
0.728506 0.667368
1.45418 0.299948
0.401938 0.197048
1.67629 0.995532
-0.906511 -0.944263
0.132942 2.4199
0.997972 -0.46576
0.94489 0.852909
1.07876 0.303055
1.22096 0.590235
0.85031 0.400948
1.4541 0.487081
0.333736 0.0987309
1.4466 1.17782
-0.220614 -0.535693
-0.985277 1.77872
0.947508 1.26183
0.713794 0.0566009
1.59281 0.80918
-0.398471 -0.607244
-0.654224 1.90276
2.10614 0.814088
-1.74941 2.0029
-0.470257 0.233541
-1.38276 0.777876
-0.937342 0.826477
-1.27612 0.542475
-0.876541 1.0256
-1.11741 -0.107017
-0.480632 1.51379
2.01579 0.987217
-1.84799 1.10776
-0.557469 0.547175
-1.28852 0.0403129
-0.500248 1.34363
1.79189 1.35678
-1.59306 -0.660498
0.179071 1.8384
1.3332 -0.346748
0.556962 0.470259
1.69622 0.421584
-0.721654 -0.776022
-0.139957 2.19059
1.53575 -0.674871
-0.809813 -0.671858
-0.172045 2.0837
1.64067 -0.667548
-1.2417 -0.692164
0.0702776 2.03218
1.35188 -0.463104
0.336194 0.289635
1.72209 0.973896
-1.09383 -0.97184
0.23722 2.40622
0.82983 -0.431222
1.00111 0.934948
0.936675 0.260969
1.4083 0.593755
0.415297 0.140172
1.62542 1.04926
-0.732713 -0.877721
-0.0348039 2.32135
1.31472 -0.589408
0.205039 0.187374
1.32951 1.2139
0.0549848 -0.31883
-1.45349 0.292127
-0.587087 1.09921
0.657743 0.939187
1.36449 0.160266
0.701165 0.460135
1.57694 0.414304
-0.118556 -0.298678
-1.39535 1.16128
-1.06839 0.487772
-0.999243 1.1209
-1.15525 0.0145866
-0.559483 1.41115
1.75476 1.40413
-1.51033 -0.809119
0.251095 2.0194
1.101 -0.316545
1.06636 0.839161
0.920912 0.307607
1.4121 0.561732
0.423876 0.154937
1.64801 1.01787
-0.801314 -0.9066
0.039047 2.37074
1.17717 -0.523758
0.647095 0.606718
1.56733 0.302893
-0.0512192 -0.218205
-1.4583 0.471509
-0.702193 0.985067
-0.629472 -0.201444
-0.813925 1.63355
1.34606 1.46743
-0.292247 -0.669771
-0.72337 1.9203
2.06002 1.09386
-1.82047 1.64321
-0.587921 0.316267
-1.3318 0.926448
-1.04706 0.718907
-1.16624 0.881572
-1.15157 0.735517
-1.09215 0.899454
-1.20821 0.650442
-0.997156 0.971945
-1.2499 0.343029
-0.755429 1.16013
-0.20167 0.120027
-1.26666 -0.157768
-0.35367 1.50659
2.05894 0.452661
-1.78852 1.5265
-0.668206 0.32339
-1.25968 1.08798
-1.14633 0.514132
-0.954986 1.08742
-1.14624 -0.0284271
-0.52924 1.44538
1.87797 1.29353
-1.77422 -0.0882613
-0.0911707 1.29997
1.95227 0.0407968
-1.77674 0.546558
-0.460991 0.841291
0.303044 0.573258
1.83706 0.543246
-1.44594 -0.720554
0.162251 1.96193
1.27161 -0.373888
0.689233 0.591535
1.53319 0.324225
0.0953104 -0.084076
-0.57313 -0.294234
-0.782321 1.69495
1.62477 1.51707
-1.18073 -1.06693
0.337261 2.47366
0.586635 -0.490509
0.198227 0.324753
1.61106 1.17264
-0.788823 -0.928389
0.0503299 2.39736
1.14308 -0.517516
0.711345 0.664269
1.47383 0.29394
0.333903 0.1395
1.52566 1.15695
-0.45541 -0.716897
-0.46264 2.02418
2.02716 -0.326895
-1.69282 1.83133
-0.662273 0.155904
-1.12744 1.33503
-1.03115 -0.0734485
-0.567774 1.50983
1.88678 1.30479
-1.79288 0.00360292
-0.130768 1.22887
1.99198 0.296982
-1.80521 0.812715
-0.540397 0.686751
-0.923489 -0.305895
-0.43479 1.71405
2.08302 0.265649
-1.73412 1.85124
-0.608925 0.193815
-1.22272 1.2273
-1.15382 0.259667
-0.759064 1.24955
0.182727 0.495508
1.79828 0.954699
-1.40655 -0.836216
0.234909 2.10037
1.06551 -0.341936
1.0815 0.86415
0.877868 0.288199
1.46288 0.565514
0.262665 0.0206413
1.00417 1.06872
0.814513 0.175693
1.5412 0.649624
-0.0752477 -0.299232
-1.43875 0.974161
-0.982435 0.662051
-1.18766 0.91405
-1.14863 0.704484
-1.07674 0.930002
-1.22412 0.578269
-0.938719 1.02065
-1.203 0.0736356
-0.577739 1.35286
1.57813 1.45135
-0.957034 -1.04463
0.238664 2.53683
0.726861 -0.486634
0.683957 0.750921
1.45402 0.242399
0.413446 0.218983
1.70099 0.944732
-0.98005 -0.95543
0.17796 2.42221
0.92118 -0.447755
0.997526 0.904036
0.967271 0.278936
1.36909 0.588473
0.526425 0.224466
1.71057 0.769193
-0.918662 -0.912355
0.11251 2.37898
1.05895 -0.469018
0.898317 0.807075
1.17187 0.313448
1.07632 0.575131
1.0931 0.451975
1.13746 0.514761
1.03755 0.478378
1.20054 0.497112
0.942883 0.467681
1.32338 0.479744
0.702873 0.370216
1.60327 0.487173
-0.264534 -0.442033
-1.03019 1.71436
0.462147 0.826496
1.64084 0.123065
-0.434225 -0.534762
-0.690174 1.85311
2.04725 1.09861
-1.83328 1.51336
-0.595652 0.365999
-1.34901 0.813562
-0.981616 0.811096
-1.2515 0.659969
-0.96985 0.954178
-1.25538 0.318191
-0.733407 1.17309
0.000161113 0.307929
0.85173 1.01058
1.07591 0.214869
1.25055 0.636519
0.763155 0.347994
1.55623 0.506458
-0.0609259 -0.260813
-1.46149 0.733863
-0.853331 0.823402
-1.28961 0.326309
-0.716553 1.15319
0.0201153 0.325026
1.03137 1.13142
0.71371 0.118462
1.60961 0.739933
-0.423759 -0.615901
-0.612672 1.91792
2.12374 0.565688
-1.69958 2.15724
-0.319708 0.282853
-1.24093 -0.15804
-0.366845 1.51614
2.06138 0.484161
-1.78875 1.54553
-0.664322 0.316394
-1.25862 1.0947
-1.14788 0.504018
-0.946649 1.0942
-1.12614 -0.0624372
-0.513212 1.47694
1.9436 1.1896
-1.84285 0.456599
-0.328185 0.915081
1.405 1.36434
-0.318432 -0.661112
-0.697756 1.92209
2.08616 0.974846
-1.78568 1.85214
-0.545667 0.250683
-1.3321 0.97945
-1.06738 0.667896
-1.12078 0.952969
-1.20394 0.593548
-0.964123 1.01568
-1.22335 0.155607
-0.630217 1.28962
1.16208 1.33477
0.27129 -0.19912
-0.00688668 0.16395
0.0660777 0.272418
1.05678 1.13778
0.667362 0.0992302
1.62663 0.793841
-0.536396 -0.710214
-0.379616 2.04989
1.92286 -0.555881
-1.74519 1.19723
-0.731719 0.465125
-1.28973 0.91774
-1.07528 0.727419
-1.14829 0.886041
-1.16612 0.719171
-1.0714 0.916804
-1.22458 0.594842
-0.949203 1.00891
-1.22028 0.130681
-0.612496 1.3074
1.30975 1.4034
-0.123881 -0.519459
-1.15463 1.67392
-0.313768 0.100802
-1.42032 0.551672
-0.779293 0.954948
-1.03316 -0.212259
-0.442887 1.61893
2.07856 0.551189
-1.77364 1.71814
-0.633452 0.251168
-1.24205 1.16469
-1.15908 0.385161
-0.851498 1.16937
-0.682592 -0.194982
-0.761875 1.63179
1.55675 1.5077
-0.948827 -1.05518
0.243264 2.55174
0.706668 -0.494599
0.603729 0.687878
1.57073 0.241398
-0.062286 -0.218927
-1.46074 0.544303
-0.745661 0.939919
-0.966235 -0.249018
-0.456082 1.66054
2.08529 0.501058
-1.75952 1.79573
-0.613925 0.223987
-1.24195 1.18279
-1.15753 0.356696
-0.831221 1.1878
-0.520431 -0.115435
-1.03555 1.54049
-0.232328 0.143367
-1.29811 -0.0895407
-0.392235 1.4389
2.03484 0.794957
-1.83057 1.24927
-0.607582 0.469884
-1.36269 0.532714
-0.808287 0.993809
-1.02501 -0.207416
-0.452708 1.6164
2.07712 0.602892
-1.77975 1.69832
-0.632907 0.26158
-1.25077 1.14498
-1.15564 0.424311
-0.883143 1.14551
-0.87613 -0.225027
-0.548495 1.64957
2.04589 0.954416
-1.83044 1.4254
-0.610467 0.394858
-1.34979 0.777882
-0.962563 0.837723
-1.26664 0.570261
-0.901735 1.0113
-1.17573 -0.00942483
-0.526711 1.4218
1.85074 1.3209
-1.72787 -0.291342
0.00319626 1.47018
1.78168 -0.309419
-1.44234 -0.577098
0.0529593 1.8207
1.51062 -0.452316
-0.272867 -0.31426
-1.16452 1.56768
-0.651909 -0.104945
-0.886634 1.56609
0.728369 1.05555
1.19684 0.15916
1.07361 0.640011
1.05593 0.418392
1.20535 0.529458
0.915936 0.446762
1.36407 0.481901
0.601156 0.305841
1.68895 0.58807
-0.727909 -0.802641
-0.109401 2.22504
1.47471 -0.653798
-0.505035 -0.481363
-0.662143 1.82665
2.05806 1.03701
-1.82159 1.59331
-0.599926 0.330216
-1.32905 0.923369
-1.04787 0.72192
-1.16718 0.878075
-1.14949 0.740507
-1.09657 0.894027
-1.20386 0.664061
-1.00895 0.962018
-1.25053 0.392325
-0.790864 1.12964
-0.5345 -0.131854
-1.00045 1.56155
0.0330785 0.385866
1.30009 1.2507
0.0819404 -0.308856
-1.40803 0.0640646
-0.451368 1.27601
1.79947 1.32891
-1.60002 -0.639614
0.167426 1.81581
1.3642 -0.354422
0.452224 0.376591
1.76631 0.63574
-1.13784 -0.916445
0.210134 2.32444
0.938502 -0.408797
1.07201 0.924833
0.841159 0.251408
1.50741 0.587157
0.0927571 -0.134738
-0.840212 -0.413368
-0.397287 1.81396
2.04071 -0.11415
-1.72751 1.71226
-0.696219 0.21076
-1.1378 1.2934
-1.09162 0.00342021
-0.592162 1.43864
1.71319 1.43417
-1.39922 -0.939566
0.308306 2.21138
0.858882 -0.35126
1.17789 0.980956
0.615582 0.144796
1.6601 0.78181
-0.683373 -0.80567
-0.14242 2.21623
1.52392 -0.681644
-0.773368 -0.653202
-0.217855 2.05674
1.7156 -0.669337
-1.50927 -0.392254
-0.0581528 1.61534
1.77174 -0.404325
-1.47219 -0.515355
0.0181079 1.74706
1.60075 -0.458463
-0.729441 -0.664353
-0.242777 2.0606
1.74545 -0.67187
-1.59283 -0.188572
-0.163229 1.40502
1.97683 0.0207831
-1.78906 0.856767
-0.579515 0.658897
-1.14154 -0.194191
-0.391294 1.57821
2.07029 0.428197
-1.77284 1.65621
-0.658652 0.26615
-1.22637 1.1756
-1.1641 0.349507
-0.820928 1.18995
-0.458311 -0.0762644
-1.15767 1.44982
-0.892682 -0.133256
-0.621119 1.57781
1.8686 1.35257
-1.7749 -0.108393
-0.0773057 1.31675
1.93537 -0.0197428
-1.76172 0.418376
-0.411706 0.922857
1.0129 1.19857
0.676138 0.074371
1.61437 0.816505
-0.497524 -0.685381
-0.448848 2.00882
2.01922 -0.338672
-1.7016 1.77268
-0.692732 0.173172
-1.1082 1.33483
-1.00564 -0.103478
-0.559545 1.53769
1.93564 1.23393
-1.84228 0.414581
-0.307579 0.942746
1.55573 1.36931
-0.791001 -0.968693
0.0872377 2.45014
1.05119 -0.498614
0.847231 0.782674
1.25075 0.305914
0.935624 0.539821
1.29511 0.442531
0.785951 0.426961
1.50884 0.453617
0.153426 -0.0538213
0.00427732 0.190233
0.293868 0.500179
1.8282 0.692525
-1.43593 -0.758466
0.186993 2.00535
1.20616 -0.358563
0.850339 0.713037
1.29265 0.334973
0.837618 0.487967
1.43061 0.433459
0.434163 0.19402
1.68909 0.947723
-0.928448 -0.943116
0.143238 2.41608
0.983725 -0.459795
0.962542 0.866281
1.04513 0.298514
1.26767 0.590003
0.7598 0.363385
1.55493 0.494209
-0.0501191 -0.248751
-1.46446 0.613591
-0.784149 0.896304
-1.15968 -0.0950836
-0.464859 1.49204
2.01512 0.972848
-1.84739 1.09279
-0.555598 0.554119
-1.27651 0.00877209
-0.482184 1.37157
1.87229 1.27416
-1.75742 -0.157997
-0.0613824 1.3562
1.90576 -0.112794
-1.72847 0.205405
-0.322799 1.07019
1.76585 1.29611
-1.47654 -0.828746
0.252938 2.05583
1.07089 -0.322826
1.09701 0.862024
0.855817 0.284544
1.48583 0.564479
0.18422 -0.0479874
0.249407 0.431509
1.7879 0.915109
-1.34618 -0.879183
0.247984 2.17827
0.986051 -0.354391
1.13604 0.915788
0.747234 0.228255
1.59178 0.612082
-0.267791 -0.464716
-0.9988 1.73874
0.732011 1.08051
1.17304 0.152238
1.11577 0.652876
0.984959 0.406653
1.30132 0.522315
0.729637 0.371441
1.57972 0.48589
-0.155376 -0.343951
-1.30516 1.40594
-1.06515 0.104993
-0.697388 1.37718
1.10879 1.31674
0.390004 -0.116012
1.00776 1.04524
0.830694 0.190569
1.52609 0.635565
-0.00713108 -0.234776
-1.4411 0.269715
-0.579558 1.11945
0.7967 1.06136
1.10601 0.180682
1.21548 0.653205
0.818172 0.364223
1.49949 0.502617
0.166946 -0.0510255
0.114741 0.29856
1.34238 1.23995
-0.00642858 -0.376099
-1.45473 0.944596
-0.9579 0.681069
-1.21758 0.861672
-1.10514 0.777084
-1.15054 0.838403
-1.14493 0.782833
-1.12265 0.847039
-1.16917 0.756204
-1.08973 0.880595
-1.20421 0.678663
-1.01759 0.950132
-1.24995 0.436827
-0.823032 1.10253
-0.779847 -0.231114
-0.627958 1.65848
1.95542 1.24749
-1.85888 0.636973
-0.388495 0.808774
0.661872 0.911723
1.3781 0.171338
0.661954 0.43023
1.62162 0.437011
-0.33724 -0.497571
-0.860871 1.79708
1.56896 1.54051
-1.0244 -1.07655
0.291183 2.55586
0.610116 -0.514312
0.181326 0.30456
1.54117 1.21081
-0.567272 -0.807534
-0.245894 2.17425
1.68457 -0.730867
-1.47827 -0.434618
-0.0402632 1.66765
1.72032 -0.442175
-1.29621 -0.698999
0.0947698 2.01448
1.3299 -0.43881
0.442352 0.387126
1.77119 0.63268
-1.16088 -0.912646
0.215185 2.31008
0.940729 -0.402975
1.08181 0.926701
0.824489 0.246595
1.52379 0.589984
0.028855 -0.193406
-1.31612 -0.148426
-0.33611 1.47986
2.05413 0.447714
-1.79296 1.47468
-0.668651 0.347202
-1.27579 1.04187
-1.12696 0.584291
-1.01856 1.03746
-1.22792 0.244374
-0.696166 1.23056
0.519683 0.825284
1.58348 0.137661
-0.131921 -0.268723
-1.40321 1.11384
-1.05354 0.538746
-1.04811 1.07915
-1.21324 0.221316
-0.688138 1.25106
0.664075 0.961631
1.34197 0.156765
0.761806 0.500367
1.50279 0.400988
0.1964 -0.0046504
0.553282 0.725265
1.60183 0.205448
-0.214656 -0.355265
-1.20542 1.54893
-0.794478 -0.123672
-0.71869 1.57982
1.59512 1.49605
-1.06151 -1.06987
0.300044 2.53381
0.610452 -0.50612
0.223407 0.346201
1.6808 1.10521
-1.01188 -0.98809
0.217874 2.45365
0.828309 -0.450577
0.951137 0.91026
1.02575 0.275569
1.29983 0.600007
0.685087 0.321515
1.62824 0.534827
-0.40232 -0.566572
-0.695142 1.87032
2.05454 1.0821
-1.82604 1.58016
-0.595406 0.338437
-1.33701 0.889106
-1.02695 0.751896
-1.19839 0.819582
-1.0999 0.818884
-1.17394 0.779969
-1.09868 0.856731
-1.19003 0.724266
-1.05556 0.912117
-1.23225 0.580903
-0.93431 1.01623
-1.20354 0.0715506
-0.575718 1.35411
1.58826 1.45046
-0.990185 -1.05134
0.258178 2.53645
0.690038 -0.491019
0.572372 0.663659
1.61286 0.249712
-0.268478 -0.41024
-1.06137 1.68372
0.170363 0.535438
1.82092 0.911049
-1.47593 -0.750453
0.195251 1.97716
1.21415 -0.348612
0.846014 0.706163
1.30198 0.335995
0.816464 0.477233
1.45754 0.43207
0.347185 0.122189
1.51685 1.15488
-0.42263 -0.691742
-0.529423 1.98647
2.09585 -0.00646984
-1.65736 2.13599
-0.345371 0.243818
-1.3551 0.119114
-0.522571 1.25956
1.55601 1.43452
-0.864484 -1.01308
0.167866 2.51005
0.875383 -0.47779
0.914146 0.876587
1.10064 0.286906
1.19552 0.598757
0.890566 0.410649
1.40769 0.493367
0.474888 0.211603
1.70942 0.858635
-0.963654 -0.938159
0.156324 2.40445
0.970271 -0.450969
0.984459 0.880854
1.00403 0.291954
1.32162 0.587688
0.643825 0.301647
1.66127 0.569523
-0.579902 -0.70685
-0.337998 2.06287
1.86513 -0.62478
-1.74462 0.772638
-0.60461 0.705057
-1.10844 -0.215979
-0.391985 1.60555
2.0716 0.36027
-1.76361 1.693
-0.658025 0.247617
-1.21207 1.20495
-1.16228 0.281745
-0.770245 1.23272
0.0314443 0.344751
1.15876 1.19812
0.430478 -0.0438089
1.33185 1.14956
0.121522 -0.246209
-1.14283 -0.374134
-0.236135 1.74067
1.91043 -0.377417
-1.75889 0.696737
-0.554165 0.749228
-0.765387 -0.283538
-0.58989 1.6991
2.04112 1.01708
-1.83624 1.40314
-0.601444 0.408239
-1.35885 0.707638
-0.917187 0.884038
-1.2751 0.352624
-0.745338 1.14339
-0.212976 0.108222
-1.31777 -0.0550821
-0.409158 1.40388
2.00389 0.951894
-1.84752 0.954977
-0.521962 0.624096
-1.04217 -0.280582
-0.375903 1.67643
2.05888 0.118432
-1.74683 1.69244
-0.680797 0.232894
-1.1743 1.2518
-1.14278 0.139955
-0.671014 1.32965
1.08321 1.29498
0.459068 -0.0672689
1.33558 1.14075
0.122157 -0.243047
-1.1293 -0.382518
-0.235962 1.75236
1.9045 -0.393072
-1.75619 0.662692
-0.541959 0.769526
-0.614739 -0.222498
-0.809023 1.64739
1.4062 1.48832
-0.475276 -0.809781
-0.339159 2.13367
1.82843 -0.690028
-1.73029 0.583038
-0.533479 0.819298
-0.333177 -0.028543
-1.36006 1.09841
-1.08177 0.547192
-1.0303 1.07164
-1.21324 0.196238
-0.668613 1.2671
0.856021 1.12644
0.972826 0.160673
1.38843 0.66228
0.425235 0.130024
1.62155 1.04703
-0.714705 -0.867483
-0.0579624 2.3036
1.35776 -0.611392
0.025732 0.00753136
-0.563341 -0.278358
-0.810684 1.68211
1.48949 1.51177
-0.743395 -0.978366
0.0645389 2.45562
1.0834 -0.515172
0.785952 0.734479
1.35254 0.29811
0.706711 0.426213
1.58355 0.440817
-0.156884 -0.338087
-1.30904 1.39593
-1.07142 0.12316
-0.708044 1.36349
0.999378 1.2447
0.650642 0.0437492
1.60682 0.874914
-0.508532 -0.703339
-0.417186 2.0316
1.97539 -0.457973
-1.72507 1.53311
-0.757448 0.279853
-1.13015 1.25209
-1.12608 0.0568442
-0.613831 1.3909
1.53613 1.46095
-0.829217 -1.00535
0.141763 2.50052
0.927165 -0.482524
0.920613 0.864694
1.10134 0.293547
1.19231 0.595336
0.898393 0.414364
1.39763 0.4937
0.50367 0.233317
1.71795 0.785438
-0.962926 -0.926743
0.14661 2.39062
0.996037 -0.452094
0.972184 0.865859
1.03253 0.299389
1.28365 0.587985
0.727847 0.348367
1.58736 0.505122
-0.197604 -0.385262
-1.1973 1.57179
-0.728242 -0.11765
-0.790814 1.57804
1.29058 1.43753
-0.121762 -0.528508
-1.1471 1.68419
-0.249242 0.152392
-1.31967 -0.035158
-0.4238 1.38765
1.97743 1.04681
-1.84889 0.71228
-0.435642 0.759141
0.0662012 0.329771
1.25637 1.22967
0.202834 -0.20944
-0.524487 -0.276976
-0.859421 1.67499
1.25547 1.43699
-0.0424555 -0.466647
-1.33982 1.40154
-1.06645 0.152854
-0.736639 1.3458
0.75735 1.05434
1.1616 0.17087
1.13176 0.647772
0.963656 0.405939
1.32711 0.517241
0.673562 0.341406
1.63372 0.517873
-0.422738 -0.580631
-0.65339 1.8876
2.09989 0.848773
-1.76116 1.94962
-0.505463 0.232139
-1.35701 0.908985
-1.02032 0.731741
-1.19386 0.843973
-1.11493 0.791342
-1.14999 0.825203
-1.13936 0.798883
-1.13494 0.826454
-1.15123 0.790509
-1.12166 0.840162
-1.16704 0.764976
-1.09612 0.871314
-1.19694 0.699674
-1.03583 0.933424
-1.24389 0.506972
-0.876165 1.06098
-1.0529 -0.166616
-0.470342 1.57726
2.05875 0.786047
-1.81198 1.51318
-0.632442 0.346923
-1.30988 0.965258
-1.0788 0.680635
-1.11898 0.942296
-1.20265 0.609213


