-1.66847 4.02157
-0.0616991 -0.547597
-1.84377 3.68018
0.214988 -0.0943231
-2.08608 3.03041
0.567701 0.583774
-1.74148 -0.193136
-0.663948 1.38444
-1.39362 -0.148475
-1.39071 0.821684
-1.40869 0.28898
-1.44012 0.615755
-1.38237 0.356096
-1.47117 0.648063
-1.31678 0.306243
-1.51826 0.868244
-1.09304 0.332811
-1.60785 1.52475
-0.324311 3.29034
0.0331862 0.846955
-1.72185 -0.019422
-0.724117 1.17052
-1.7217 0.444939
-0.633565 1.3385
-1.47503 -0.126407
-1.31126 0.635396
-1.53999 0.633606
-1.15808 0.340412
-1.59161 1.33238
-0.417808 2.08921
0.227352 3.64428
-0.499387 0.0395904
-1.73878 2.9016
0.731102 1.8502
-0.0677115 2.53506
0.291488 2.08524
0.197631 2.78751
0.0849029 1.74346
0.105492 3.53231
-0.310111 0.421003
-1.89128 2.43123
0.787439 2.60934
-0.27227 1.19678
-1.34327 -0.24731
-1.40275 0.978623
-1.30623 0.189414
-1.5079 0.960321
-1.05218 0.354527
-1.62248 1.62163
-0.327586 3.88985
-0.412869 -0.182665
-1.72091 3.15294
0.626745 1.24686
-0.214603 2.20425
0.367575 2.93663
-0.059896 1.48829
-0.183789 3.14485
0.0639021 1.09934
-0.87974 0.181016
-1.625 2.15484
0.202702 4.23565
-1.26069 -1.26634
-1.14433 1.30919
-1.41717 0.0553264
-1.40601 0.69744
-1.42042 0.356987
-1.42987 0.550176
-1.40901 0.413786
-1.44434 0.544519
-1.38707 0.391845
-1.46817 0.613826
-1.33174 0.32427
-1.5104 0.812618
-1.15161 0.297163
-1.58541 1.3783
-0.393794 2.2443
0.380858 3.14565
-0.186946 1.05091
-1.59159 -0.166264
-1.09623 0.604974
-1.65323 1.27221
-0.364093 2.59673
0.405202 2.14147
0.139892 2.68338
0.149309 1.87739
0.198933 3.22897
-0.136858 1.00679
-1.61889 -0.147312
-1.03135 0.650569
-1.68032 1.37755
-0.334613 3.427
-0.0516559 0.626186
-1.92737 1.32664
-0.0340889 4.64834
-1.56639 -1.59787
-0.709119 1.70626
-0.43912 1.57047
-0.403703 1.65177
-0.241545 2.78968
0.272799 1.67109
0.0676117 3.41102
-0.197791 0.686913
-1.90814 1.45343
0.02918 4.58147
-1.54543 -1.55579
-0.756041 1.56912
-0.933567 0.244608
-1.62665 1.99336
-0.0462659 4.48357
-1.32568 -1.45294
-1.04158 1.29026
-1.52712 0.119782
-1.25835 0.481658
-1.57137 0.925988
-0.877087 0.629927
-1.72346 1.7219
-0.199269 4.57527
-1.29987 -1.51067
-1.03634 1.34785
-1.46229 0.0320501
-1.35203 0.603983
-1.50257 0.552156
-1.27527 0.331433
-1.545 0.980811
-0.916228 0.547326
-1.69738 1.76054
-0.208462 4.55435
-1.26311 -1.48026
-1.0676 1.37927
-1.39453 0.000738151
-1.4179 0.775399
-1.37836 0.286327
-1.46971 0.698398
-1.30403 0.285591
-1.52328 0.918822
-1.03981 0.379321
-1.63068 1.63603
-0.328215 4.01159
-0.527592 -0.418596
-1.57544 3.05648
0.670388 1.71148
-0.0498711 2.78735
0.188151 1.67336
0.0660221 3.49911
-0.262737 0.510177
-1.90726 2.16822
0.709509 3.20771
-0.649631 -0.0128099
-1.65133 2.71383
0.726722 2.57793
-0.176456 1.5347
-0.207351 2.99587
0.154898 1.32633
-0.200868 2.72681
0.281528 1.77345
0.125269 3.27764
-0.133615 0.931634
-1.74765 0.128851
-0.625439 1.43596
-1.20715 -0.103974
-1.48609 1.35452
-0.645308 1.09662
-1.76918 0.638098
-0.431273 2.25212
0.378788 3.19856
-0.221874 0.933234
-1.80243 0.400453
-0.427751 2.37424
0.434703 2.82375
-0.0458043 1.65044
-0.0505107 3.71534
-0.3862 0.101245
-1.81477 2.94424
0.714631 1.55814
-0.111971 2.59004
0.293419 1.99693
0.18954 2.92566
0.0294218 1.53302
-0.115414 3.53466
-0.21017 0.469884
-1.92122 2.21844
0.749676 3.01624
-0.520241 0.340771
-1.79807 2.5588
0.761341 2.61842
-0.239149 1.30105
-0.876253 0.242974
-1.64162 2.12547
0.188062 4.26307
-1.28217 -1.29458
-1.12466 1.28039
-1.47008 0.0943714
-1.34904 0.565286
-1.5073 0.592355
-1.25425 0.318235
-1.55313 1.0538
-0.81647 0.724838
-1.75567 1.65236
-0.204051 4.59715
-1.32495 -1.53598
-1.0105 1.33896
-1.49004 0.0473464
-1.31533 0.549627
-1.53739 0.699669
-1.13662 0.337612
-1.59727 1.39715
-0.366298 2.48728
0.427543 2.41364
0.0902601 2.3031
0.274996 2.4633
0.156497 2.22732
0.254624 2.58142
0.132738 2.05512
0.258913 2.90296
0.00945123 1.57506
-0.0910045 3.62092
-0.286664 0.304807
-1.89281 2.66016
0.789006 2.02399
-0.11186 2.16489
0.342641 2.89199
-0.0257401 1.57988
-0.105945 3.61462
-0.275166 0.319103
-1.8983 2.62843
0.793827 2.08283
-0.120783 2.07979
0.31437 3.11419
-0.126478 1.17796
-1.06379 -0.0651632
-1.52283 1.76664
-0.31164 3.783
-0.326593 0.0164482
-1.82879 3.06992
0.654781 1.22424
-0.246026 2.00414
0.231724 3.52443
-0.383392 0.333204
-1.85581 2.6213
0.786796 2.25249
-0.139112 1.88352
0.157633 3.60859
-0.410239 0.207048
-1.82397 2.80345
0.758418 1.88517
-0.0857298 2.40949
0.331641 2.32761
0.157655 2.4272
0.220359 2.25909
0.222392 2.52324
0.165022 2.13037
0.25381 2.74807
0.0756361 1.8138
0.161274 3.42957
-0.258066 0.612183
-1.90593 1.84956
0.460622 3.95453
-1.22602 -1.1062
-1.20984 1.34902
-1.28036 0.0508202
-1.49549 1.09339
-0.95991 0.449693
-1.66594 1.77242
-0.247116 4.50373
-1.16101 -1.39078
-1.13511 1.53147
-1.03392 0.196932
-1.59194 1.76454
-0.310578 4.2031
-0.740516 -0.806648
-1.36742 2.581
0.531251 3.39408
-0.559401 0.0933162
-1.72321 2.78556
0.749891 2.20295
-0.0931197 2.10878
0.323988 3.00385
-0.0704115 1.3862
-0.28235 2.20395
0.369948 3.05047
-0.121412 1.26519
-0.706017 0.58166
-1.76952 2.03276
0.329387 4.11599
-1.25964 -1.20374
-1.16599 1.29612
-1.40844 0.0621471
-1.41538 0.71715
-1.40054 0.327982
-1.4512 0.615779
-1.36305 0.341094
-1.48774 0.710899
-1.25937 0.280381
-1.54505 1.05971
-0.837161 0.679843
-1.74328 1.70545
-0.17514 4.59093
-1.34396 -1.53683
-0.996383 1.32643
-1.51357 0.0695817
-1.27949 0.511477
-1.56135 0.837563
-0.980934 0.476412
-1.66562 1.69756
-0.300277 4.39432
-0.97681 -1.17955
-1.22579 1.94563
-0.279437 3.401
-0.0557215 0.676852
-1.91317 1.10517
-0.27015 4.71928
-1.42651 -1.65242
-0.874597 1.43366
-1.37565 -0.0836053
-1.41711 0.852202
-1.34878 0.241827
-1.48876 0.806703
-1.21221 0.264363
-1.56072 1.214
-0.612512 1.23732
-1.64083 0.0891486
-0.97863 0.649684
-1.69635 1.4971
-0.341278 4.05736
-0.566834 -0.505441
-1.52611 2.98976
0.685226 1.95453
-0.0291348 2.59736
0.253688 1.97525
0.20208 2.97883
-0.000753241 1.45002
-0.181791 3.09408
0.0914124 1.17791
-0.533338 1.01943
-1.80763 0.785731
-0.36415 3.1875
0.114061 1.01011
-1.1079 -0.162293
-1.49152 1.65513
-0.323774 2.86426
0.276492 1.55978
-0.0103227 3.46696
-0.203874 0.591218
-1.91717 1.82756
0.468572 3.94603
-1.22695 -1.10342
-1.21044 1.34667
-1.28293 0.0508625
-1.49442 1.08547
-0.971883 0.433079
-1.6593 1.76017
-0.265794 4.47252
-1.1042 -1.33223
-1.16548 1.64458
-0.723526 0.768045
-1.78837 1.65062
-0.126686 4.6103
-1.41804 -1.56816
-0.917153 1.34656
-1.51952 0.0332029
-1.26586 0.519391
-1.57025 0.871661
-0.925708 0.555069
-1.69608 1.73179
-0.238764 4.53609
-1.21133 -1.44288
-1.10249 1.44857
-1.24455 0.0133364
-1.50116 1.21444
-0.795183 0.735542
-1.76343 1.65679
-0.182141 4.60458
-1.35576 -1.55046
-0.98186 1.32991
-1.51667 0.0653386
-1.27374 0.510063
-1.56483 0.855987
-0.955882 0.509829
-1.67901 1.71992
-0.272613 4.47991
-1.10827 -1.34114
-1.16199 1.6365
-0.747183 0.710602
-1.77503 1.75518
-0.0337246 4.55264
-1.43579 -1.53085
-0.9127 1.32413
-1.55027 0.076538
-1.21008 0.489864
-1.59577 1.06469
-0.663 1.11291
-1.75987 0.596355
-0.465148 2.03614
0.114401 3.856
-0.641098 -0.349004
-1.5479 2.82579
0.707596 2.41983
-0.100981 1.9078
0.198493 3.49543
-0.334381 0.436345
-1.88382 2.40966
0.778737 2.69597
-0.310031 1.03708
-1.73839 0.195623
-0.644406 1.35755
-1.44113 -0.140791
-1.34856 0.705979
-1.49609 0.469956
-1.3043 0.366563
-1.53301 0.869586
-1.04766 0.381603
-1.62917 1.61365
-0.328759 3.91289
-0.43333 -0.226538
-1.69426 3.14964
0.630516 1.29987
-0.180605 2.40223
0.370997 2.41015
0.121144 2.31295
0.259985 2.4415
0.16911 2.25561
0.246282 2.53203
0.151417 2.12349
0.258986 2.76576
0.0665425 1.78825
0.139664 3.48563
-0.29064 0.503045
-1.89973 2.21669
0.724754 3.1216
-0.581667 0.162032
-1.73073 2.6999
0.752461 2.42536
-0.147634 1.73582
-0.0251959 3.79009
-0.470684 -0.0737683
-1.72153 3.01662
0.692014 1.58658
-0.0915689 2.69881
0.243357 1.80883
0.150142 3.25926
-0.133102 0.961753
-1.70054 0.00126286
-0.792971 0.997563
-1.76976 1.01937
-0.352767 3.27468
0.0549071 0.869169
-1.65369 -0.161152
-0.934492 0.773256
-1.72514 1.38667
-0.348018 3.96049
-0.468826 -0.314959
-1.6434 3.13283
0.64043 1.41978
-0.125674 2.69136
0.261674 1.82275
0.152465 3.22197
-0.110997 1.03104
-1.52149 -0.253435
-1.21954 0.621357
-1.60291 0.91054
-0.781174 0.834366
-1.77655 1.45626
-0.31642 4.49992
-1.09899 -1.35415
-1.15937 1.65884
-0.694228 0.839733
-1.80136 1.4873
-0.256207 4.61329
-1.29885 -1.54071
-1.02566 1.36551
-1.44473 0.0111088
-1.37032 0.648356
-1.47796 0.469297
-1.33889 0.384137
-1.51074 0.754422
-1.18265 0.293351
-1.57558 1.28781
-0.491877 1.69225
-0.258378 2.66466
0.333831 1.91208
0.157269 3.03676
-0.0104371 1.35162
-0.276409 2.21555
0.374945 3.00771
-0.100582 1.34704
-0.398563 1.57559
-0.335759 1.99786
0.169175 3.70836
-0.519922 -0.0483621
-1.70264 2.93635
0.719655 1.83531
-0.0611431 2.5835
0.272762 1.99998
0.198645 2.92929
0.023919 1.52873
-0.121276 3.51746
-0.195293 0.501066
-1.92367 2.10701
0.698574 3.27841
-0.713739 -0.163799
-1.57963 2.64393
0.674027 2.93872
-0.324465 0.877188
-1.85901 0.953271
-0.385865 4.24704
-0.744996 -0.863247
-1.34873 2.56232
0.506192 3.46506
-0.606765 -0.0355904
-1.66363 2.79794
0.736351 2.30303
-0.0987816 2.00768
0.276122 3.25877
-0.197626 0.903748
-1.81809 0.463429
-0.395091 2.70893
0.381891 1.91461
0.137043 3.0069
0.012665 1.39632
-0.212155 2.74692
0.278138 1.74028
0.10871 3.32567
-0.157513 0.843613
-1.84965 0.624532
-0.375168 3.48875
-0.0779601 0.520348
-1.94272 1.82687
0.533339 3.81882
-1.15035 -0.984613
-1.26444 1.52099
-0.869745 0.488798
-1.69955 1.92103
0.00202001 4.48638
-1.38211 -1.47422
-0.989275 1.26728
-1.58032 0.188367
-1.14182 0.472818
-1.61911 1.27965
-0.407696 2.18214
0.331707 3.36005
-0.31251 0.610913
-1.89426 1.93206
0.511403 3.83217
-1.12961 -0.969156
-1.27217 1.57314
-0.743432 0.753915
-1.78108 1.66791
-0.12594 4.60546
-1.41219 -1.56363
-0.925034 1.3397
-1.52655 0.0470451
-1.2545 0.5088
-1.57592 0.914928
-0.871023 0.643798
-1.72752 1.71115
-0.202374 4.57741
-1.29987 -1.51234
-1.03572 1.34876
-1.46149 0.0309444
-1.3529 0.605981
-1.50153 0.548184
-1.27846 0.333081
-1.54359 0.969969
-0.930934 0.524773
-1.6889 1.75706
-0.226602 4.5392
-1.22629 -1.45227
-1.09368 1.42576
-1.29517 -0.00289601
-1.47857 1.06446
-1.04172 0.341642
-1.62235 1.65857
-0.326161 4.03323
-0.550167 -0.46185
-1.54914 3.01928
0.680209 1.84547
-0.0341653 2.69806
0.218382 1.81379
0.157072 3.27402
-0.145725 0.931977
-1.75691 0.165219
-0.590533 1.55383
-0.734126 0.605977
-1.76417 1.96202
0.221677 4.27883
-1.3503 -1.33848
-1.06717 1.20723
-1.58184 0.262159
-1.13284 0.456762
-1.61943 1.31907
-0.382295 2.37252
0.428766 2.7487
-0.0114696 1.78729
0.115851 3.59097
-0.366966 0.283084
-1.85649 2.70603
0.778948 2.03272
-0.1028 2.20087
0.347317 2.79528
0.0132502 1.74127
0.07958 3.62416
-0.375243 0.232939
-1.84534 2.78106
0.763962 1.87837
-0.0905682 2.39075
0.3371 2.36799
0.147352 2.37057
0.237736 2.34643
0.200417 2.39075
0.208994 2.31992
0.21877 2.42851
0.191756 2.26675
0.234678 2.51207
0.162511 2.14927
0.255148 2.71542
0.0871928 1.86218
0.195136 3.32486
-0.198803 0.815603
-1.87362 0.888709
-0.391043 4.28452
-0.784272 -0.933443
-1.31963 2.45579
0.363412 3.81948
-0.869462 -0.647497
-1.39188 2.28223
0.116756 4.2408
-1.16051 -1.19904
-1.1972 1.50433
-1.01549 0.240284
-1.60607 1.79102
-0.293343 4.3396
-0.913744 -1.08155
-1.25973 2.11156
-0.210389 4.25258
-0.8666 -0.958135
-1.30067 2.24604
-0.00127281 4.3108
-1.12932 -1.22132
-1.19614 1.57735
-0.850685 0.502133
-1.708 1.94072
0.0509286 4.44861
-1.38397 -1.4505
-0.996863 1.2504
-1.59129 0.222107
-1.1114 0.48168
-1.63014 1.35757
-0.352092 2.699
0.365126 1.90159
0.141788 3.03443
-0.0029167 1.35331
-0.267441 2.27587
0.39276 2.82808
-0.023969 1.66992
-0.0162176 3.71126
-0.40063 0.094765
-1.80556 2.94207
0.716367 1.58668
-0.105035 2.60379
0.285483 1.9711
0.188829 2.97017
0.00901912 1.4627
-0.170364 3.20192
0.0260411 1.01435
-1.29698 -0.29626
-1.4133 1.11628
-1.16523 0.203509
-1.56323 1.38696
-0.423974 2.02691
0.137706 3.80443
-0.600859 -0.249445
-1.59833 2.88708
0.716664 2.16173
-0.0593356 2.27738
0.337386 2.58286
0.0928618 2.06596
0.2733 2.90886
0.000226918 1.56498
-0.10453 3.59599
-0.261105 0.354708
-1.90529 2.54834
0.801032 2.25584
-0.156081 1.81145
0.0621784 3.7521
-0.487421 -0.0482015
-1.72001 2.97912
0.706327 1.6867
-0.0755497 2.67308
0.246416 1.85101
0.168014 3.18957
-0.0984704 1.08829
-1.32447 -0.280753
-1.40478 1.03644
-1.25891 0.177618
-1.52795 1.11181
-0.835952 0.670762
-1.74231 1.72261
-0.157986 4.58898
-1.35792 -1.53925
-0.984482 1.32112
-1.52609 0.0807785
-1.25795 0.496718
-1.57296 0.914753
-0.881288 0.624452
-1.7213 1.72272
-0.202697 4.57296
-1.29355 -1.50661
-1.04161 1.35273
-1.45212 0.0255664
-1.36374 0.627176
-1.48799 0.502876
-1.31524 0.358645
-1.5252 0.841405
-1.09104 0.341421
-1.61008 1.52458
-0.324365 3.31385
0.0183149 0.809432
-1.79144 0.195474
-0.488898 2.01654
0.0612576 3.92487
-0.678212 -0.457015
-1.49809 2.75339
0.681444 2.71116
-0.188957 1.40735
-0.39601 1.61327
-0.274619 2.43814
0.401134 2.42245
0.102573 2.29446
0.270843 2.47594
0.15524 2.20855
0.256512 2.61388
0.121578 2.00924
0.252862 2.99969
-0.03347 1.41409
-0.222433 2.68237
0.309966 1.86147
0.15263 3.12677
-0.0559601 1.2007
-0.785958 0.387656
-1.70421 2.18256
0.387462 3.97317
-1.1324 -1.03199
-1.25325 1.56483
-0.793467 0.635611
-1.74997 1.8405
0.0135276 4.50297
-1.41841 -1.49456
-0.946018 1.28343
-1.58448 0.165184
-1.13221 0.484671
-1.62409 1.29656
-0.38887 2.32496
0.417806 2.89719
-0.0694309 1.52709
-0.165285 3.34749
-0.06401 0.785287
-1.85982 0.599059
-0.37976 3.59645
-0.153367 0.341045
-1.93978 2.49153
0.811273 2.25714
-0.168766 1.75853
-0.0137831 3.8024
-0.489822 -0.108369
-1.70034 3.0124
0.693935 1.63833
-0.079236 2.71167
0.232678 1.78827
0.14161 3.30076
-0.156003 0.884277
-1.81669 0.421716
-0.40288 2.62589
0.413804 2.11352
0.136214 2.7197
0.137354 1.82387
0.170741 3.33869
-0.195926 0.798706
-1.88024 0.959202
-0.38201 4.44742
-0.983847 -1.23759
-1.20799 1.92615
-0.282216 3.2055
0.068089 0.987023
-1.29839 -0.305727
-1.41046 1.11342
-1.17518 0.19698
-1.55923 1.36006
-0.456815 1.84528
-0.144693 3.84513
-0.458223 -0.135989
-1.7093 3.06984
0.669464 1.47397
-0.116431 2.67604
0.263595 1.84788
0.16225 3.18113
-0.0909504 1.10436
-1.25121 -0.247366
-1.44085 1.2434
-0.936065 0.451698
-1.67286 1.82412
-0.183545 4.54458
-1.27299 -1.47657
-1.06399 1.36387
-1.4201 0.0129913
-1.39671 0.705364
-1.43275 0.367706
-1.41447 0.516051
-1.43416 0.467035
-1.41 0.456337
-1.44271 0.515756
-1.39313 0.411456
-1.46233 0.585752
-1.34901 0.344054
-1.49951 0.74972
-1.21398 0.280126
-1.56289 1.19997
-0.622092 1.20916
-1.67924 0.196112
-0.845089 0.845089
-1.75827 1.37115
-0.352626 4.21755
-0.731517 -0.818104
-1.36587 2.60123
0.549201 3.32664
-0.509594 0.230907
-1.78089 2.70731
0.76637 2.2641
-0.119899 1.95395
0.233111 3.42172
-0.294489 0.575921
-1.89887 2.01571
0.59407 3.61851
-0.966974 -0.695304
-1.36611 2.02365
-0.260216 4.18844
-0.755377 -0.800651
-1.36605 2.54571
0.494872 3.51264
-0.648619 -0.137796
-1.61343 2.76592
0.721229 2.4974
-0.138823 1.71794
-0.0397392 3.78195
-0.454291 -0.0475724
-1.73847 3.01853
0.690594 1.54767
-0.102062 2.67748
0.256549 1.84439
0.162755 3.19217
-0.0976717 1.08427
-1.33619 -0.284557
-1.39796 1.0045
-1.29822 0.180794
-1.51069 0.988824
-1.01844 0.389855
-1.63825 1.68301
-0.320423 4.21891
-0.752452 -0.833838
-1.35633 2.54826
0.493974 3.50883
-0.642555 -0.124751
-1.62012 2.77291
0.723926 2.46377
-0.130093 1.77252
0.0325725 3.76089
-0.477008 -0.0457354
-1.72642 2.99042
0.702141 1.6443
-0.0824184 2.68345
0.245409 1.83401
0.161177 3.21776
-0.112328 1.03745
-1.50674 -0.262041
-1.24096 0.637065
-1.59131 0.831941
-0.884166 0.63672
-1.72244 1.69945
-0.223856 4.56604
-1.26479 -1.49028
-1.06312 1.38135
-1.39488 -0.00124208
-1.41727 0.775101
-1.3796 0.287246
-1.46868 0.694458
-1.30754 0.287598
-1.52151 0.906938
-1.05463 0.364559
-1.62393 1.60785
-0.327778 3.84476
-0.372718 -0.0974372
-1.77146 3.13939
0.627965 1.18524
-0.269861 1.90018
0.0903533 3.78606
-0.542939 -0.153878
-1.65773 2.95602
0.710899 1.86704
-0.0521316 2.5931
0.265425 1.983
0.198933 2.96029
0.00941244 1.47962
-0.160217 3.29549
-0.0335192 0.869943
-1.75019 0.0862344
-0.623138 1.4537
-1.14694 -0.0561004
-1.51026 1.52521
-0.387167 2.22151
0.367704 3.20034
-0.215306 0.943133
-1.78935 0.33366
-0.467874 2.10115
0.206419 3.71367
-0.557066 -0.108563
-1.66504 2.91348
0.72229 1.97138
-0.0549762 2.47361
0.303495 2.19281
0.18912 2.62195
0.149325 1.98019
0.237594 3.03468
-0.0441735 1.35544
-0.304185 2.04848
0.248822 3.52326
-0.395089 0.315879
-1.84857 2.64901
0.783899 2.20552
-0.126899 1.96634
0.241431 3.40405
-0.285434 0.608987
-1.90038 1.90157
0.49714 3.87012
-1.16158 -1.01552
-1.25329 1.49333
-0.94807 0.354087
-1.6485 1.88309
-0.157101 4.53166
-1.28049 -1.46967
-1.06259 1.35069
-1.4396 0.0263167
-1.3783 0.65435
-1.46724 0.445991
-1.36003 0.409893
-1.49487 0.676569
-1.2558 0.291564
-1.54837 1.06452
-0.821011 0.712738
-1.75274 1.66919
-0.193146 4.59665
-1.33454 -1.53847
-1.00275 1.33347
-1.50141 0.0569292
-1.29863 0.530148
-1.54949 0.764893
-1.06627 0.385546
-1.62521 1.56096
-0.326716 3.64913
-0.213482 0.255759
-1.91872 2.72372
0.775911 1.77953
-0.109068 2.37839
0.346553 2.40529
0.134782 2.31883
0.252962 2.43046
0.175124 2.27017
0.241829 2.50756
0.160439 2.15736
0.256009 2.70181
0.0917407 1.88225
0.206898 3.28047
-0.17437 0.901119
-1.80985 0.400963
-0.415572 2.49014
0.443044 2.47568
0.067284 2.21018
0.292542 2.64126
0.0958635 1.97666
0.249241 3.08661
-0.0772098 1.26042
-0.615012 0.810701
-1.82162 1.5692
-0.126481 4.63166
-1.4473 -1.58762
-0.876899 1.3895
-1.45989 -0.0458289
-1.34377 0.636439
-1.50897 0.545359
-1.2627 0.333063
-1.5514 1.01865
-0.85828 0.646187
-1.73175 1.72835
-0.175037 4.58334
-1.33375 -1.52803
-1.00733 1.32737
-1.50642 0.0662386
-1.29132 0.520511
-1.55413 0.794666
-1.03343 0.416215
-1.63978 1.62313
-0.329644 4.0335
-0.548677 -0.461449
-1.54999 3.02213
0.679422 1.83648
-0.0347214 2.70609
0.215436 1.80118
0.150979 3.29698
-0.15788 0.889122
-1.81308 0.404563
-0.4103 2.54547
0.43525 2.32223
0.103625 2.42929
0.244359 2.25111
0.212046 2.53532
0.166264 2.11052
0.252506 2.78304
0.0627072 1.76135
0.115709 3.53366
-0.316955 0.411955
-1.88846 2.45477
0.789616 2.56028
-0.249794 1.29524
-0.927596 0.155257
-1.60597 2.05608
0.0112772 4.43396
-1.31799 -1.41644
-1.06031 1.27954
-1.52502 0.129559
-1.26278 0.479406
-1.56871 0.914394
-0.896039 0.597459
-1.71233 1.73452
-0.207762 4.56516
-1.27833 -1.49483
-1.05448 1.36532
-1.42526 0.0115403
-1.39134 0.693282
-1.44311 0.387269
-1.40027 0.483493
-1.45387 0.521262
-1.37442 0.390008
-1.48061 0.649193
-1.29674 0.301292
-1.5295 0.932383
-1.00931 0.415258
-1.64583 1.6851
-0.317292 4.26816
-0.811411 -0.932246
-1.31565 2.38846
0.256833 4.0165
-1.00788 -0.925154
-1.29731 1.88835
-0.290338 3.21513
0.0656399 0.970728
-1.35909 -0.32622
-1.37511 0.949765
-1.37757 0.215104
-1.46301 0.736592
-1.30438 0.272508
-1.52129 0.924859
-1.04105 0.376377
-1.62976 1.63502
-0.328201 4.00083
-0.51702 -0.397445
-1.58829 3.07215
0.665422 1.65312
-0.060491 2.80758
0.18382 1.64043
0.0386839 3.53192
-0.275227 0.452092
-1.90344 2.33365
0.773257 2.8074
-0.379144 0.785943
-1.87353 1.4365
-0.109836 4.6594
-1.50172 -1.61024
-0.798851 1.51031
-1.15892 -0.0253241
-1.51498 1.48323
-0.41841 2.02174
0.135057 3.80541
-0.599753 -0.248754
-1.59907 2.88897
0.716572 2.15504
-0.0585643 2.28639
0.336683 2.56317
0.0991012 2.09433
0.275607 2.84837
0.0256249 1.66253
0.00359987 3.67446
-0.377891 0.164928
-1.83218 2.87265
0.738749 1.68825
-0.0957549 2.54742
0.30019 2.06965
0.193002 2.80959
0.0779798 1.70973
0.0728923 3.58398
-0.335958 0.326204
-1.87474 2.63175
0.790047 2.15912
-0.125936 2.00276
0.26927 3.31408
-0.233193 0.788005
-1.8854 1.11217
-0.327802 4.63748
-1.26861 -1.55137
-1.03871 1.40573
-1.3736 -0.0202075
-1.4305 0.839305
-1.32824 0.240795
-1.50259 0.868649
-1.13774 0.29288
-1.58836 1.4216
-0.362926 2.50839
0.423693 2.35543
0.104122 2.38544
0.254167 2.32215
0.19693 2.42847
0.201955 2.26301
0.230454 2.51759
0.162912 2.14039
0.254889 2.73102
0.0815565 1.8392
0.180029 3.37546
-0.227271 0.717379
-1.90079 1.39856
-0.0567441 4.64623
-1.53933 -1.5994
-0.749309 1.60566
-0.800779 0.490471
-1.7213 2.04051
0.228718 4.2467
-1.31206 -1.30231
-1.10574 1.23755
-1.5284 0.171339
-1.25771 0.461897
-1.56977 0.943795
-0.866883 0.645578
-1.72905 1.71527
-0.194946 4.57996
-1.31027 -1.5179
-1.02716 1.34118
-1.47708 0.0420644
-1.33353 0.572719
-1.52183 0.628557
-1.20763 0.317524
-1.57155 1.19765
-0.598803 1.28783
-1.55194 -0.0686893
-1.19418 0.541838
-1.6086 1.06476
-0.621482 1.24295
-1.63656 0.0842032
-0.991578 0.634271
-1.6902 1.48997
-0.340524 3.97912
-0.490053 -0.352379
-1.61849 3.10912
0.651233 1.51563
-0.0941701 2.78948
0.206223 1.66336
0.0603063 3.48925
-0.252309 0.532454
-1.9096 2.09166
0.667876 3.38475
-0.787907 -0.33547
-1.50291 2.50117
0.522338 3.52287
-0.703855 -0.242375
-1.55855 2.68023
0.679653 2.86052
-0.275465 1.05723
-1.68235 0.0215776
-0.851387 0.871375
-1.75754 1.30485
-0.355866 4.03048
-0.532659 -0.449102
-1.56212 3.05132
0.670887 1.74118
-0.0442832 2.77751
0.190007 1.68945
0.0787254 3.48002
-0.254168 0.544943
-1.90891 2.05693
0.643454 3.47184
-0.856571 -0.480106
-1.44356 2.33131
0.24395 4.09343
-1.10395 -1.06531
-1.24731 1.63452
-0.647573 0.993494
-1.80283 1.01046
-0.362888 3.71206
-0.248181 0.143726
-1.89391 2.9258
0.709124 1.38702
-0.172026 2.34306
0.373473 2.53675
0.0881974 2.13306
0.283114 2.77928
0.0503086 1.77036
0.120458 3.5356
-0.321299 0.404668
-1.88652 2.47252
0.79099 2.5224
-0.233603 1.36976
-0.600591 0.884399
-1.82465 1.3439
-0.310143 4.57969
-1.20781 -1.47849
-1.09132 1.46655
-1.21951 0.0201215
-1.51027 1.28912
-0.667907 1.04572
-1.78675 0.842526
-0.364197 3.0094
0.218861 1.31057
-0.188738 2.77756
0.253719 1.68276
0.0760196 3.41912
-0.207427 0.669031
-1.90954 1.5469
0.139763 4.4666
-1.51653 -1.48546
-0.825917 1.39993
-1.43879 -0.0793405
-1.36228 0.692095
-1.4818 0.450434
-1.33404 0.388619
-1.51478 0.765819
-1.16591 0.30006
-1.58187 1.33412
-0.434752 1.98048
0.0580485 3.90228
-0.648884 -0.400036
-1.5278 2.81432
0.701425 2.4818
-0.113972 1.81478
0.0941031 3.69112
-0.447521 0.0682496
-1.77391 2.93114
0.722228 1.69144
-0.0843668 2.61401
0.272508 1.9503
0.189872 3.01016
-0.0108123 1.39805
-0.223498 2.65304
0.321883 1.91771
0.16339 3.0349
-0.0120337 1.35532
-0.272588 2.24343
0.384749 2.92436
-0.0634463 1.50047
-0.178233 3.21135
0.0235489 0.997846
-1.35857 -0.316821
-1.37767 0.949534
-1.37307 0.213248
-1.46654 0.75018
-1.2914 0.266643
-1.52753 0.967971
-0.984667 0.4415
-1.65764 1.72212
-0.293304 4.40748
-0.998647 -1.20672
-1.21594 1.89054
-0.29358 2.93331
0.226568 1.43011
-0.112796 3.33914
-0.0781527 0.809402
-1.84675 0.527003
-0.376194 3.27078
0.0673968 0.874036
-1.62612 -0.205149
-1.00571 0.693276
-1.69387 1.37626
-0.33768 3.5826
-0.159539 0.36872
-1.93725 2.42923
0.809365 2.41998
-0.216507 1.48348
-0.284097 2.26389
0.391827 2.88733
-0.0498361 1.56446
-0.131141 3.54743
-0.213333 0.446488
-1.92092 2.28665
0.773636 2.84731
-0.411643 0.680165
-1.8705 1.832
0.34509 4.14969
-1.33467 -1.2654
-1.10493 1.19263
-1.56411 0.252313
-1.17817 0.438437
-1.6014 1.20221
-0.510436 1.632
-0.36459 1.87279
-0.0332815 3.91219
-0.592805 -0.343711
-1.57033 2.92142
0.706836 2.10179
-0.0465393 2.38178
0.320433 2.36273
0.156814 2.37659
0.232172 2.33739
0.204746 2.40369
0.2041 2.30114
0.224115 2.45744
0.182095 2.22559
0.243445 2.58017
0.138284 2.05426
0.256938 2.90115
0.0111536 1.57798
-0.0875117 3.6266
-0.292788 0.293075
-1.88939 2.68373
0.784964 1.97771
-0.106555 2.22633
0.351226 2.7398
0.0328581 1.82943
0.166848 3.45653
-0.282517 0.549678
-1.902 2.07856
0.646702 3.45334
-0.8375 -0.442903
-1.45844 2.38086
0.334792 3.94529
-1.01069 -0.890492
-1.30697 1.88494
-0.290872 3.23149
0.0559436 0.944771
-1.46009 -0.323872
-1.28913 0.722006
-1.55411 0.605059
-1.12995 0.367042
-1.60464 1.39658
-0.358767 2.57528
0.408599 2.18657
0.135249 2.62059
0.173497 1.96691
0.227129 3.04187
-0.043125 1.34414
-0.323173 1.9353
0.0941541 3.80987
-0.571893 -0.214975
-1.62335 2.92993
0.713533 1.99826
-0.0482878 2.47549
0.300044 2.18754
0.191209 2.63003
0.145684 1.96921
0.235396 3.05845
-0.0555508 1.31406
-0.407027 1.52519
-0.469892 1.36147
-1.19515 -0.129981
-1.48292 1.39474
-0.596121 1.24516
-1.62228 0.0411834
-1.03327 0.597528
-1.67214 1.44
-0.334043 3.60155
-0.174893 0.336942
-1.93348 2.5227
0.808595 2.20724
-0.154706 1.84729
0.107068 3.6992
-0.46429 0.0380022
-1.75699 2.9415
0.719124 1.70441
-0.0799182 2.62585
0.266217 1.92975
0.187413 3.04719
-0.0284144 1.33651
-0.319812 1.94877
0.115745 3.7811
-0.556832 -0.167667
-1.64625 2.93904
0.714244 1.93414
-0.0501608 2.53196
0.284597 2.08747
0.200886 2.78563
0.0842551 1.74704
0.108462 3.52798
-0.308138 0.428784
-1.8923 2.41257
0.784611 2.65311
-0.292972 1.1098
-1.60438 -0.113362
-1.07175 0.605593
-1.66138 1.33485
-0.339732 2.9948
0.215277 1.33143
-0.175794 2.90177
0.189284 1.47819
-0.0913482 3.45501
-0.162729 0.614234
-1.92134 1.6603
0.307713 4.24424
-1.42038 -1.34779
-1.00168 1.17373
-1.64206 0.398251
-0.92628 0.65583
-1.71289 1.5941
-0.312922 4.41588
-0.994519 -1.21222
-1.21465 1.90055
-0.289658 3.01389
0.18146 1.2942
-0.21629 2.564
0.349277 2.09059
0.169878 2.76692
0.10486 1.76592
0.128119 3.47425
-0.275127 0.534509
-1.90395 2.11362
0.673037 3.35849
-0.763706 -0.283703
-1.52578 2.55389
0.586425 3.31946
-0.557241 0.133867
-1.73498 2.75493
0.754151 2.259
-0.106752 2.01047
0.277062 3.2644
-0.202107 0.890825
-1.83029 0.539641
-0.377674 3.02959
0.213935 1.27798
-0.216823 2.53346
0.358449 2.15425
0.163866 2.67336
0.142586 1.89905
0.20997 3.19493
-0.121098 1.06885
-1.43392 -0.285822
-1.32571 0.761872
-1.5131 0.469677
-1.269 0.35851
-1.55179 0.983155
-0.891456 0.59087
-1.71254 1.75206
-0.188731 4.56971
-1.30223 -1.50717
-1.03622 1.34343
-1.46823 0.0378431
-1.34505 0.59037
-1.51036 0.582137
-1.25004 0.321811
-1.55553 1.06464
-0.797006 0.765339
-1.7662 1.5945
-0.237093 4.59386
-1.29011 -1.52205
-1.03784 1.36475
-1.43786 0.0120235
-1.37813 0.663448
-1.46617 0.438938
-1.36241 0.415087
-1.49298 0.666445
-1.26377 0.294058
-1.54517 1.03841
-0.859004 0.640432
-1.73061 1.73617
-0.168706 4.58246
-1.33864 -1.52884
-1.00345 1.32451
-1.51206 0.0716978
-1.28228 0.512233
-1.55963 0.82858
-0.992969 0.461349
-1.65941 1.68364
-0.311178 4.33609
-0.896845 -1.06608
-1.2658 2.15589
-0.156633 4.32055
-0.995965 -1.12551
-1.24018 1.9009
-0.288646 3.09635
0.134748 1.15997
-0.511405 1.08084
-1.77267 0.49755
-0.465876 2.06211
0.152656 3.80338
-0.612435 -0.264813
-1.58804 2.86875
0.716416 2.23169
-0.0681799 2.18194
0.336038 2.80174
0.0162349 1.73286
0.0722688 3.63068
-0.376866 0.223014
-1.84297 2.79484
0.760657 1.85096
-0.0897955 2.41985
0.331276 2.30916
0.160952 2.45332
0.21233 2.21988
0.230246 2.58602
0.1425 2.04265
0.253628 2.92056
0.00388062 1.54651
-0.117515 3.55123
-0.221605 0.439457
-1.91879 2.31453
0.779922 2.78706
-0.37551 0.804544
-1.87205 1.36053
-0.188706 4.68543
-1.45812 -1.62826
-0.847963 1.44639
-1.34507 -0.0949939
-1.43466 0.941094
-1.26154 0.207591
-1.53212 1.09007
-0.846823 0.653339
-1.73634 1.73502
-0.157267 4.58511
-1.35335 -1.5351
-0.989767 1.32027
-1.52443 0.0814913
-1.26106 0.497625
-1.5713 0.904613
-0.895477 0.600578
-1.71304 1.73125
-0.209784 4.56498
-1.27623 -1.49388
-1.05595 1.36759
-1.42088 0.00941491
-1.39539 0.70471
-1.43485 0.370654
-1.41171 0.509845
-1.43826 0.477216
-1.40337 0.442287
-1.45095 0.540551
-1.37671 0.383672
-1.47811 0.646847
-1.30275 0.303181
-1.52634 0.912853
-1.03514 0.386482
-1.63333 1.64271
-0.32784 4.05569
-0.572024 -0.505883
-1.52363 2.97932
0.6874 1.98743
-0.0297095 2.56017
0.266492 2.03697
0.205749 2.87162
0.0465309 1.61924
-0.0296919 3.65933
-0.347289 0.211297
-1.85529 2.81913
0.753778 1.75375
-0.0953255 2.48211
0.319004 2.19077
0.181571 2.62406
0.151961 1.97502
0.23543 3.04251
-0.0472269 1.34207
-0.332213 1.88622
0.0159816 3.88189
-0.59372 -0.313022
-1.58031 2.9143
0.709702 2.10882
-0.0492048 2.36497
0.324406 2.39689
0.147799 2.32872
0.245435 2.41361
0.182652 2.29317
0.23524 2.47003
0.173636 2.20969
0.248425 2.60814
0.127146 2.01558
0.252849 2.98309
-0.0252815 1.44248
-0.196959 2.95129
0.173596 1.39781
-0.148526 3.18981
0.0247322 1.03848
-1.21345 -0.244511
-1.4516 1.35438
-0.740667 0.831143
-1.78801 1.49093
-0.278736 4.58079
-1.2359 -1.49097
-1.07607 1.42455
-1.31283 -0.0115855
-1.46862 1.01364
-1.11887 0.271038
-1.58883 1.48894
-0.334568 2.88238
0.272623 1.5301
-0.0324559 3.46418
-0.192647 0.598088
-1.91854 1.78207
0.427366 4.03146
-1.28696 -1.18337
-1.16075 1.24069
-1.47315 0.124617
-1.34767 0.547663
-1.509 0.610374
-1.24493 0.313582
-1.55647 1.08538
-0.771593 0.819445
-1.7784 1.49862
-0.28937 4.55675
-1.19512 -1.45299
-1.10445 1.48103
-1.1774 0.0494687
-1.52763 1.40844
-0.472956 1.74499
-0.216446 3.25744
0.0107802 0.917347
-1.60845 -0.209355
-1.05 0.65151
-1.67449 1.33187
-0.336791 3.15152
0.123658 1.0691
-0.855032 0.215597
-1.64085 2.1891
0.282689 4.12502
-1.20477 -1.16826
-1.19626 1.40277
-1.21449 0.0635563
-1.52089 1.29155
-0.633963 1.14836
-1.73754 0.431991
-0.585851 1.50978
-0.886304 0.290484
-1.6504 2.07078
0.120462 4.34954
-1.32382 -1.3663
-1.07515 1.24912
-1.54271 0.174496
-1.22875 0.456123
-1.58339 1.03635
-0.732462 0.926702
-1.79124 1.23968
-0.363607 4.18413
-0.688264 -0.748486
-1.39924 2.71292
0.6348 2.93101
-0.268615 1.03478
-1.71125 0.0907787
-0.750733 1.0777
-1.76266 0.773045
-0.401724 2.45332
0.439975 2.55489
0.0477272 2.09348
0.29126 2.88768
0.00134087 1.59837
-0.0742501 3.65668
-0.323588 0.230318
-1.86917 2.79332
0.760336 1.77476
-0.0973786 2.44977
0.327948 2.25403
0.170622 2.53194
0.186089 2.10524
0.244292 2.78473
0.0656963 1.75752
0.113086 3.53566
-0.317156 0.409156
-1.88824 2.46094
0.790353 2.54529
-0.2435 1.3241
-0.796694 0.399892
-1.70339 2.15133
0.34504 4.05197
-1.18614 -1.1171
-1.21718 1.43934
-1.11676 0.137788
-1.5608 1.55804
-0.327137 2.961
0.227738 1.38783
-0.13836 3.19631
0.0171634 1.031
-1.25846 -0.273832
-1.43234 1.22504
-0.985155 0.378392
-1.64428 1.77517
-0.271312 4.44795
-1.06771 -1.28841
-1.18431 1.72494
-0.519487 1.3908
-1.18755 -0.11337
-1.48849 1.4148
-0.554256 1.39065
-1.24576 -0.14464
-1.46632 1.24542
-0.859136 0.59236
-1.72247 1.80745
-0.100492 4.56098
-1.37698 -1.52387
-0.974374 1.30411
-1.55047 0.11523
-1.21126 0.476423
-1.59363 1.07253
-0.662172 1.11363
-1.75954 0.592898
-0.467135 2.02519
0.0957669 3.87933
-0.652866 -0.384741
-1.53136 2.80479
0.701418 2.50702
-0.122411 1.76704
0.0313198 3.75712
-0.47244 -0.0361889
-1.73173 2.98937
0.702439 1.63606
-0.0845383 2.68032
0.247586 1.83914
0.16285 3.20775
-0.107019 1.05569
-1.44549 -0.287075
-1.3136 0.738698
-1.5294 0.523499
-1.22041 0.344729
-1.57126 1.14163
-0.661584 1.09971
-1.76662 0.643204
-0.434789 2.2237
0.357054 3.29236
-0.276458 0.740676
-1.89246 1.41482
-0.0688206 4.64863
-1.5298 -1.60172
-0.76244 1.57755
-0.912162 0.281671
-1.64117 2.01923
0.0215683 4.44214
-1.34117 -1.43127
-1.03893 1.26418
-1.55447 0.169737
-1.20335 0.458688
-1.59467 1.11089
-0.620173 1.2366
-1.64472 0.102338
-0.966205 0.663243
-1.70205 1.504
-0.341141 4.12626
-0.638428 -0.641854
-1.45036 2.83656
0.683272 2.49001
-0.0999159 1.85491
0.146499 3.60205
-0.396569 0.232709
-1.83517 2.77457
0.765165 1.92559
-0.0895269 2.35402
0.34221 2.44293
0.128414 2.26559
0.263169 2.52107
0.146636 2.14285
0.26151 2.73262
0.0779754 1.83799
0.178974 3.38215
-0.231662 0.703749
-1.90236 1.46365
0.019532 4.58642
-1.54134 -1.55926
-0.760984 1.55979
-0.970316 0.188065
-1.60398 1.93461
-0.166687 4.50489
-1.23482 -1.42889
-1.09854 1.40326
-1.3295 -0.00184474
-1.46183 0.961022
-1.18084 0.237083
-1.56554 1.32372
-0.479235 1.742
-0.22011 3.20376
0.0441892 1.00038
-1.30493 -0.303647
-1.40825 1.09464
-1.19919 0.186676
-1.55033 1.29185
-0.551776 1.43547
-1.09205 -0.0157142
-1.53004 1.67632
-0.313356 3.35026
-0.00945002 0.752802
-1.86395 0.573545
-0.381668 3.61455
-0.166038 0.31032
-1.93651 2.57623
0.804428 2.06577
-0.130219 2.04831
0.297797 3.20764
-0.175666 0.996451
-1.68552 -0.0145214
-0.842245 0.897393
-1.76085 1.25298
-0.35574 3.90991
-0.418566 -0.21733
-1.70613 3.16448
0.621641 1.24385
-0.214884 2.20753
0.3686 2.92842
-0.0564663 1.50288
-0.173919 3.24817
0.000179236 0.941445
-1.56676 -0.249971
-1.13717 0.615093
-1.6397 1.15056
-0.459427 1.9001
-0.0836246 3.94622
-0.596684 -0.385347
-1.55441 2.91968
0.704237 2.1277
-0.046407 2.35754
0.324425 2.41014
0.144897 2.31004
0.249825 2.44428
0.173272 2.24969
0.245064 2.54135
0.149268 2.10993
0.259084 2.79141
0.0564496 1.74959
0.103319 3.55889
-0.331398 0.36373
-1.8799 2.55991
0.793994 2.32349
-0.16476 1.73503
-0.039244 3.79818
-0.470424 -0.0835948
-1.71869 3.02315
0.689427 1.57536
-0.0933574 2.70184
0.242928 1.80385
0.147817 3.26736
-0.13719 0.946884
-1.72842 0.0740571
-0.695221 1.22949
-1.67078 0.218993
-0.869896 0.792579
-1.7469 1.45079
-0.341492 4.3207
-0.857718 -1.02276
-1.28259 2.25981
0.016395 4.2909
-1.11983 -1.20034
-1.20421 1.5981
-0.790593 0.626151
-1.74936 1.85995
0.0390937 4.48045
-1.41564 -1.47945
-0.954894 1.27041
-1.59346 0.193238
-1.10765 0.492229
-1.63301 1.35831
-0.349547 2.73953
0.347324 1.81477
0.124139 3.16644
-0.066239 1.13181
-1.08637 -0.103661
-1.50952 1.70919
-0.310667 3.36542
-0.0203349 0.728942
-1.88372 0.732442
-0.397676 4.14455
-0.627503 -0.660704
-1.44788 2.85973
0.684251 2.41818
-0.0798812 1.9804
0.260666 3.29515
-0.214199 0.836822
-1.86605 0.834884
-0.389902 4.11071
-0.596462 -0.597086
-1.48151 2.92994
0.688583 2.17374
-0.0387067 2.34079
0.323725 2.4393
0.138552 2.26887
0.258341 2.51378
0.150959 2.15217
0.259896 2.71424
0.0854773 1.86478
0.196745 3.32184
-0.197529 0.82104
-1.87103 0.859268
-0.391657 4.20916
-0.699815 -0.787927
-1.38332 2.68102
0.613082 3.04746
-0.32998 0.802452
-1.87759 1.28099
-0.240006 4.69019
-1.41586 -1.62822
-0.895538 1.40105
-1.43775 -0.052662
-1.36798 0.685804
-1.47571 0.442933
-1.34572 0.399649
-1.50646 0.724321
-1.20812 0.289753
-1.56661 1.21249
-0.596839 1.29095
-1.5447 -0.0780196
-1.20724 0.546016
-1.60319 1.02238
-0.679522 1.07381
-1.77574 0.751673
-0.389355 2.60356
0.414203 2.15227
0.134504 2.66653
0.15773 1.9001
0.207778 3.17889
-0.11037 1.09998
-1.31168 -0.273606
-1.41242 1.07142
-1.21104 0.186933
-1.54674 1.25548
-0.604729 1.25312
-1.61439 0.0299776
-1.05477 0.579539
-1.66289 1.40806
-0.331986 3.35316
-0.00389387 0.74553
-1.86734 0.591077
-0.383993 3.69407
-0.225717 0.174013
-1.90784 2.87442
0.727498 1.46354
-0.150807 2.41451
0.35745 2.35881
0.138705 2.38456
0.238744 2.3239
0.204022 2.42453
0.1996 2.27005
0.230647 2.50647
0.165953 2.15636
0.253719 2.70184
0.0927662 1.88176
0.206575 3.28027
-0.174065 0.901692
-1.80916 0.397238
-0.417275 2.47445
0.444071 2.52095
0.054951 2.14304
0.2953 2.78042
0.0442173 1.76918
0.117671 3.54532
-0.327983 0.384817
-1.88279 2.51666
0.793453 2.42347
-0.196147 1.55686
-0.202847 3.0788
0.108344 1.19747
-0.447301 1.31595
-1.30227 -0.195216
-1.43457 1.08626
-1.14158 0.231198
-1.57499 1.44387
-0.365073 2.46997
0.428702 2.45685
0.0797604 2.24127
0.286042 2.57758
0.119228 2.06712
0.265222 2.88846
0.0130408 1.59846
-0.0676768 3.65632
-0.326351 0.229374
-1.86776 2.79464
0.760044 1.77589
-0.0970124 2.45078
0.327553 2.25188
0.171091 2.53503
0.184957 2.10084
0.244516 2.79288
0.0623643 1.74531
0.101132 3.55755
-0.329016 0.368023
-1.88116 2.55078
0.794262 2.34216
-0.170412 1.7016
-0.081565 3.77146
-0.421519 -0.00524118
-1.76889 3.02013
0.687775 1.47925
-0.123053 2.61255
0.290535 1.95925
0.184627 2.98664
0.00289948 1.43581
-0.188959 3.00998
0.139662 1.30656
-0.225031 2.52163
0.365214 2.18526
0.1584 2.62842
0.160687 1.96211
0.229326 3.06027
-0.0537319 1.31174
-0.409904 1.51225
-0.51421 1.19887
-1.64674 0.0525276
-0.962058 0.680959
-1.70578 1.48644
-0.342632 4.10303
-0.613143 -0.59533
-1.47552 2.89416
0.69049 2.28849
-0.0563563 2.17316
0.331777 2.80959
0.0151403 1.72083
0.059377 3.64526
-0.382613 0.19847
-1.83597 2.8268
0.752404 1.7915
-0.0893373 2.47897
0.317202 2.19439
0.18219 2.61884
0.153437 1.98269
0.237129 3.02687
-0.0399605 1.36904
-0.27846 2.21607
0.375176 3.00984
-0.101867 1.34265
-0.411795 1.51786
-0.50065 1.24756
-1.55032 -0.107273
-1.19252 0.556069
-1.61082 1.05587
-0.622797 1.24067
-1.64019 0.0931628
-0.980387 0.646404
-1.69535 1.49789
-0.341133 4.0513
-0.560781 -0.493538
-1.53304 3.00112
0.683274 1.91458
-0.0299299 2.63771
0.23959 1.90976
0.190735 3.09722
-0.0562139 1.25087
-0.599826 0.849602
-1.82584 1.45153
-0.231532 4.6458
-1.36468 -1.58458
-0.961137 1.35231
-1.49661 0.0280312
-1.30315 0.547325
-1.54678 0.736945
-1.09033 0.367781
-1.61549 1.50821
-0.325405 3.28948
0.0341753 0.848191
-1.71866 -0.0273924
-0.734888 1.14402
-1.73693 0.54316
-0.547584 1.63685
-0.403052 1.68773
-0.218236 3.12421
0.0893021 1.12431
-0.723093 0.500166
-1.74924 2.13946
0.419165 3.93625
-1.12753 -1.01062
-1.26029 1.57723
-0.754395 0.724459
-1.7745 1.72051
-0.0796973 4.58082
-1.42586 -1.5485
-0.91663 1.33339
-1.53734 0.0581931
-1.235 0.498886
-1.5852 0.982146
-0.778819 0.824753
-1.77664 1.48063
-0.3031 4.53107
-1.15009 -1.40905
-1.13168 1.55774
-0.975112 0.274553
-1.62348 1.87391
-0.208082 4.50349
-1.19491 -1.40811
-1.11989 1.46861
-1.18748 0.0483854
-1.52492 1.37835
-0.513741 1.56601
-0.545969 1.1148
-1.75288 0.42501
-0.540761 1.69506
-0.289448 2.39275
0.408957 2.5536
0.0649009 2.10424
0.287863 2.85211
0.0183805 1.65641
-0.00655919 3.68159
-0.378855 0.154354
-1.82965 2.88555
0.734647 1.66334
-0.0980435 2.56041
0.297052 2.04677
0.193104 2.84605
0.0628195 1.65541
0.0141332 3.64406
-0.356504 0.225576
-1.85308 2.79632
0.760145 1.81678
-0.0924374 2.43752
0.328619 2.27564
0.1674 2.50098
0.196522 2.14998
0.240787 2.7043
0.0976857 1.87544
0.202773 3.28703
-0.17667 0.88971
-1.82123 0.463187
-0.392028 2.75891
0.359888 1.80371
0.115897 3.17136
-0.0656369 1.12305
-1.11875 -0.140068
-1.49522 1.62121
-0.336544 2.67758
0.365933 1.93564
0.148113 2.98579
0.0184206 1.43163
-0.185073 3.03491
0.124814 1.26851
-0.28074 2.119
0.320238 3.2853
-0.244645 0.803054
-1.88115 1.07582
-0.349854 4.58698
-1.18482 -1.47537
-1.09998 1.50687
-1.12554 0.0885665
-1.5479 1.55023
-0.335708 2.77545
0.324767 1.73405
0.0965512 3.28934
-0.128561 0.913432
-1.76815 0.194416
-0.551616 1.70487
-0.285441 2.43418
0.405333 2.44481
0.0952214 2.2624
0.277785 2.5342
0.135987 2.12723
0.265148 2.76561
0.063822 1.78933
0.140024 3.4873
-0.292201 0.49916
-1.89924 2.22841
0.729744 3.09423
-0.56178 0.216257
-1.75324 2.67204
0.757872 2.44184
-0.159157 1.68267
-0.0933425 3.74658
-0.39268 0.0514842
-1.7997 2.99238
0.696584 1.47732
-0.128169 2.57379
0.306258 2.03082
0.187654 2.86798
0.0557668 1.62116
-0.0232146 3.65414
-0.346049 0.219776
-1.85716 2.80689
0.757159 1.77826
-0.0945265 2.46266
0.32362 2.22769
0.175872 2.56999
0.172092 2.05128
0.244739 2.8875
0.022659 1.59937
-0.0615658 3.65592
-0.328895 0.228529
-1.86647 2.79577
0.759797 1.77712
-0.0966679 2.45156
0.327221 2.25019
0.17147 2.53747
0.184057 2.09738
0.244672 2.79933
0.0597175 1.7356
0.0913252 3.57405
-0.33767 0.337435
-1.87513 2.61138
0.791534 2.20952
-0.135795 1.92598
0.20264 3.5127
-0.352312 0.3919
-1.87426 2.50968
0.789501 2.47449
-0.210672 1.4759
-0.289415 2.22217
0.377724 3.01203
-0.104558 1.33623
-0.433445 1.4279
-0.870879 0.289068
-1.65446 2.10516
0.181815 4.27731
-1.29514 -1.30991
-1.11255 1.2651
-1.497 0.122524
-1.31134 0.510801
-1.53936 0.743568
-1.10862 0.349242
-1.60708 1.46984
-0.331873 2.99235
0.212896 1.33439
-0.174633 2.91526
0.182102 1.45685
-0.108627 3.40565
-0.122693 0.698496
-1.90915 1.2062
-0.208398 4.71991
-1.48491 -1.65511
-0.803987 1.52609
-1.11556 0.0157575
-1.53315 1.60085
-0.325334 2.9269
0.245057 1.44731
-0.0966526 3.38004
-0.110361 0.743758
-1.89335 0.957758
-0.373004 4.54113
-1.10792 -1.3976
-1.14399 1.64516
-0.742832 0.715564
-1.77697 1.74906
-0.0363336 4.55554
-1.43698 -1.533
-0.910497 1.327
-1.54726 0.070309
-1.21596 0.492167
-1.59344 1.04511
-0.690053 1.03884
-1.78513 0.880077
-0.360764 3.08774
0.172258 1.17558
-0.413123 1.43289
-0.803459 0.417634
-1.70509 2.12076
0.306825 4.11865
-1.23008 -1.18411
-1.18343 1.35126
-1.31398 0.0368953
-1.47736 0.995452
-1.11062 0.283522
-1.59344 1.50554
-0.328693 3.02655
0.192381 1.27569
-0.228895 2.451
0.382175 2.34444
0.128466 2.40466
0.238949 2.29151
0.209174 2.47344
0.184896 2.19924
0.244131 2.62367
0.12405 1.99236
0.247704 3.03084
-0.0468501 1.3607
-0.298264 2.08684
0.288739 3.40848
-0.32149 0.548258
-1.89184 2.12424
0.661188 3.38999
-0.781038 -0.325364
-1.5079 2.5168
0.541471 3.46579
-0.661384 -0.139108
-1.60768 2.74204
0.716043 2.58084
-0.165775 1.56871
-0.183135 3.28866
-0.0207983 0.875584
-1.72926 0.0224731
-0.697238 1.23519
-1.66494 0.202623
-0.891862 0.756567
-1.73659 1.48732
-0.336618 4.33319
-0.875911 -1.04867
-1.27297 2.21073
-0.071651 4.33295
-1.08951 -1.20769
-1.20631 1.66999
-0.619476 1.06214
-1.78634 0.73822
-0.380686 2.73746
0.363424 1.84095
0.126793 3.1193
-0.0411558 1.2122
-0.70424 0.570451
-1.76826 2.0533
0.352792 4.0745
-1.23232 -1.16436
-1.18912 1.34346
-1.31762 0.0400556
-1.47607 0.983423
-1.12455 0.273889
-1.58799 1.47093
-0.340961 2.7731
0.328411 1.74157
0.0993655 3.27687
-0.121877 0.936069
-1.7309 0.0735926
-0.6871 1.25305
-1.64261 0.135221
-0.970542 0.649448
-1.69874 1.51459
-0.340167 4.13204
-0.645113 -0.653642
-1.44407 2.82084
0.679819 2.54522
-0.115442 1.76044
0.0281988 3.7549
-0.46827 -0.0289055
-1.73614 2.98913
0.702427 1.6275
-0.0866023 2.67783
0.249485 1.84326
0.164098 3.1996
-0.102689 1.07049
-1.39166 -0.292684
-1.36083 0.860435
-1.4417 0.302494
-1.40146 0.530726
-1.45017 0.486305
-1.38435 0.415487
-1.47172 0.606227
-1.32659 0.32493
-1.51401 0.827686
-1.1323 0.307869
-1.59274 1.42848
-0.355049 2.5984
0.400799 2.12832
0.142762 2.70252
0.141021 1.85067
0.186111 3.28654
-0.167918 0.897909
-1.80971 0.395298
-0.416766 2.48055
0.443787 2.50349
0.0597664 2.16908
0.295159 2.72528
0.0652384 1.85311
0.188545 3.36912
-0.227195 0.726019
-1.89938 1.36284
-0.0984896 4.67171
-1.5299 -1.61789
-0.75634 1.59904
-0.83193 0.428298
-1.69834 2.05851
0.203457 4.27003
-1.31279 -1.31536
-1.1006 1.24158
-1.5292 0.168578
-1.25609 0.462494
-1.57069 0.94823
-0.859793 0.658421
-1.7332 1.7065
-0.195671 4.58271
-1.3133 -1.52104
-1.02401 1.34008
-1.48048 0.044026
-1.32896 0.566152
-1.526 0.646875
-1.19018 0.319466
-1.57784 1.24951
-0.525342 1.55412
-0.60732 0.926172
-1.82014 1.21191
-0.362721 4.37121
-0.904118 -1.10833
-1.25272 2.13308
-0.187945 4.28441
-0.923647 -1.0353
-1.2724 2.09157
-0.227443 4.22105
-0.815879 -0.884504
-1.32935 2.38422
0.255557 4.0246
-1.01802 -0.940717
-1.29202 1.86052
-0.2983 2.97482
0.206697 1.36
-0.160763 3.04815
0.107826 1.25278
-0.322447 1.88017
0.0164129 3.87664
-0.588218 -0.301171
-1.58683 2.92242
0.709481 2.07586
-0.0471012 2.40453
0.316302 2.31918
0.166862 2.43816
0.213457 2.2437
0.22739 2.5478
0.155525 2.09646
0.25573 2.81319
0.0492017 1.71602
0.0688093 3.61062
-0.356933 0.269845
-1.85921 2.72832
0.775388 1.96755
-0.097808 2.27735
0.350645 2.61487
0.0763604 2.01953
0.266997 3.01675
-0.0486754 1.38193
-0.268321 2.29414
0.396459 2.78062
-0.0063136 1.74978
0.0797085 3.63785
-0.387798 0.201951
-1.83405 2.8201
0.754269 1.81388
-0.0882334 2.46329
0.320728 2.22381
0.177736 2.57569
0.169461 2.04354
0.244579 2.90306
0.015833 1.5746
-0.0880114 3.62175
-0.288653 0.30268
-1.89185 2.66477
0.78823 2.01597
-0.110746 2.17631
0.3449 2.86306
-0.0139892 1.62897
-0.0532057 3.69083
-0.363025 0.153832
-1.83767 2.89302
0.731344 1.62305
-0.104954 2.56078
0.300045 2.04788
0.191821 2.84343
0.064466 1.65905
0.018478 3.64085
-0.355989 0.230453
-1.85406 2.78919
0.761954 1.83149
-0.0924499 2.42369
0.331604 2.30293
0.161788 2.46219
0.209645 2.20666
0.232535 2.6077
0.134538 2.01231
0.249951 2.98402
-0.0244084 1.44119
-0.197419 2.94505
0.176985 1.40769
-0.141558 3.23658
-0.00507967 0.967426
-1.50734 -0.290435
-1.23412 0.64634
-1.5957 0.841662
-0.861648 0.677367
-1.73549 1.6727
-0.225046 4.57541
-1.2763 -1.50223
-1.05284 1.3715
-1.41747 0.0057397
-1.39813 0.714403
-1.42858 0.358277
-1.41976 0.530531
-1.42576 0.446325
-1.42265 0.486276
-1.425 0.468496
-1.42274 0.474474
-1.42551 0.475635
-1.42167 0.469003
-1.42722 0.481354
-1.41896 0.461903
-1.4311 0.491721
-1.41276 0.447651
-1.43946 0.514735
-1.3983 0.417848
-1.45674 0.568564
-1.36233 0.359945
-1.48978 0.701635
-1.25826 0.283419
-1.54602 1.06146
-0.832085 0.690003
-1.74628 1.6951
-0.179806 4.59295
-1.34223 -1.53787
-0.997289 1.32814
-1.51099 0.0665158
-1.28366 0.515296
-1.55893 0.821892
-0.999904 0.453299
-1.65596 1.67446
-0.316518 4.29617
-0.845061 -0.98708
-1.29466 2.2964
0.0868262 4.23332
-1.11497 -1.1581
-1.2179 1.60796
-0.748776 0.723815
-1.77614 1.72693
-0.0671406 4.57472
-1.43063 -1.54506
-0.912785 1.33339
-1.53841 0.0576639
-1.23288 0.498676
-1.58622 0.988705
-0.769133 0.846185
-1.78065 1.43668
-0.321262 4.4923
-1.08539 -1.33961
-1.16602 1.68799
-0.617459 1.0555
-1.78914 0.760777
-0.374325 2.83615
0.31543 1.63479
0.0418355 3.39649
-0.176264 0.719067
-1.90352 1.26359
-0.178073 4.70899
-1.49974 -1.64655
-0.787701 1.55015
-1.02782 0.113149
-1.57333 1.81696
-0.298072 4.26549
-0.82086 -0.936048
-1.31312 2.36429
0.214911 4.08066
-1.04734 -1.00307
-1.27156 1.77981
-0.365463 2.20464
0.360978 3.20648
-0.214989 0.9372
-1.79521 0.360289
-0.449558 2.21627
0.345902 3.34622
-0.311882 0.625045
-1.89419 1.88714
0.467827 3.93053
-1.20181 -1.07624
-1.22605 1.40044
-1.17288 0.0989132
-1.53944 1.40617
-0.451098 1.85985
-0.12538 3.88817
-0.510826 -0.235203
-1.64769 3.0391
0.682367 1.65875
-0.0680633 2.75423
0.210115 1.7217
0.102978 3.41891
-0.220001 0.661453
-1.90879 1.60324
0.201646 4.38921
-1.48521 -1.43864
-0.888373 1.29099
-1.59524 0.149216
-1.10501 0.506259
-1.63608 1.3524
-0.34927 2.74999
0.3427 1.79311
0.117673 3.19895
-0.0822987 1.07507
-1.33283 -0.286925
-1.39915 1.01416
-1.28859 0.178511
-1.51506 1.01952
-0.975756 0.442719
-1.66025 1.74215
-0.277985 4.4504
-1.06555 -1.28932
-1.18429 1.73008
-0.508801 1.43173
-1.02276 0.0609143
-1.56155 1.84874
-0.288429 4.30013
-0.868935 -1.00845
-1.28557 2.23338
-0.0291695 4.32122
-1.11521 -1.21822
-1.19941 1.60985
-0.768918 0.672157
-1.76317 1.80673
0.00253139 4.51895
-1.42858 -1.50714
-0.930127 1.29845
-1.57472 0.132903
-1.15678 0.48254
-1.61552 1.22811
-0.453471 1.90835
-0.0671261 3.95225
-0.614146 -0.409875
-1.53853 2.88714
0.704662 2.24473
-0.060491 2.19837
0.335822 2.75679
0.0340223 1.80457
0.14636 3.50014
-0.306409 0.466608
-1.89429 2.32248
0.762326 2.87638
-0.415033 0.659499
-1.86927 1.89586
0.413111 4.02494
-1.25317 -1.15711
-1.18405 1.29952
-1.3824 0.056905
-1.43703 0.788949
-1.33719 0.261508
-1.49936 0.831099
-1.17058 0.279457
-1.57663 1.33201
-0.447156 1.90853
-0.0610106 3.95116
-0.617055 -0.411739
-1.53668 2.88135
0.704646 2.26449
-0.0636875 2.16937
0.333086 2.82582
0.00780543 1.69413
0.0276874 3.67596
-0.392542 0.14898
-1.82154 2.88532
0.735304 1.68591
-0.0939075 2.56146
0.294848 2.0439
0.193887 2.85121
0.0603035 1.64782
0.00542576 3.64907
-0.356318 0.218786
-1.85212 2.80631
0.757516 1.79488
-0.092783 2.45644
0.32438 2.23894
0.174246 2.5537
0.177882 2.07446
0.245275 2.84274
0.0416484 1.66942
0.0186004 3.6573
-0.370631 0.194743
-1.84122 2.83618
0.749528 1.75298
-0.0923381 2.50024
0.312751 2.15546
0.186827 2.67688
0.131341 1.90079
0.212493 3.2025
-0.126952 1.05349
-1.48904 -0.267208
-1.26532 0.659739
-1.57556 0.738094
-0.999954 0.472123
-1.65965 1.65647
-0.320827 4.27056
-0.811936 -0.93532
-1.31465 2.38671
0.253517 4.02146
-1.01077 -0.931086
-1.29537 1.88025
-0.292127 3.14491
0.108142 1.08199
-0.841076 0.245185
-1.65249 2.19925
0.317605 4.07303
-1.17691 -1.11962
-1.2185 1.46071
-1.07326 0.180299
-1.57967 1.66431
-0.320083 3.72063
-0.271997 0.12994
-1.88018 2.94616
0.703261 1.37915
-0.172361 2.35024
0.373182 2.52048
0.0928504 2.15654
0.282641 2.73133
0.0688089 1.84284
0.181699 3.38436
-0.234796 0.69745
-1.90284 1.49555
0.0570853 4.55145
-1.53605 -1.53714
-0.77717 1.5147
-1.12983 -0.00461035
-1.52563 1.56429
-0.344414 2.62344
0.388495 2.06087
0.14943 2.79964
0.100354 1.71222
0.0817114 3.55489
-0.316023 0.384877
-1.88718 2.51198
0.794825 2.41837
-0.196092 1.5599
-0.201055 3.10263
0.0944407 1.16091
-0.582498 0.867784
-1.82939 1.38634
-0.274703 4.62726
-1.30095 -1.55284
-1.01978 1.37035
-1.44132 0.0055299
-1.37334 0.657919
-1.47302 0.454325
-1.34933 0.397609
-1.50337 0.715214
-1.21994 0.288026
-1.56212 1.17724
-0.650384 1.12526
-1.75336 0.537571
-0.502216 1.84792
-0.171291 3.77862
-0.383902 0.00789313
-1.79377 3.04096
0.675366 1.37319
-0.160575 2.45524
0.353585 2.27958
0.154024 2.49572
0.204071 2.15506
0.237434 2.69391
0.102925 1.88974
0.210285 3.25333
-0.158101 0.954393
-1.73575 0.105271
-0.667327 1.30521
-1.55997 -0.0303195
-1.18183 0.52895
-1.6123 1.11308
-0.56425 1.43383
-1.11983 -0.0426985
-1.51855 1.60198
-0.33155 2.78565
0.318079 1.71184
0.0865137 3.32157
-0.145055 0.854697
-1.83723 0.529312
-0.376536 3.12309
0.158682 1.11748
-0.603942 0.792008
-1.82391 1.61932
-0.0617843 4.59972
-1.47071 -1.56728
-0.856457 1.39987
-1.44165 -0.0660266
-1.3615 0.681456
-1.4843 0.461598
-1.32814 0.380696
-1.51846 0.788511
-1.14329 0.30955
-1.59009 1.39535
-0.375986 2.38992
0.430181 2.68928
0.00987367 1.88602
0.206434 3.37559
-0.241995 0.700792
-1.90158 1.49805
0.0553853 4.55231
-1.53526 -1.5377
-0.778138 1.513
-1.13577 -0.00996064
-1.52322 1.54812
-0.355693 2.49819
0.422528 2.37201
0.101595 2.36252
0.259976 2.36017
0.18709 2.37314
0.218939 2.34512
0.209578 2.3908
0.204698 2.32108
0.220583 2.42651
0.191383 2.27
0.234434 2.50686
0.164083 2.15667
0.254497 2.70187
0.0924019 1.88186
0.20665 3.28048
-0.174246 0.901226
-1.80969 0.400048
-0.415975 2.48641
0.443342 2.4864
0.0644262 2.1944
0.293866 2.67306
0.0844675 1.93045
0.23229 3.19201
-0.130254 1.06656
-1.45829 -0.277973
-1.30153 0.711928
-1.54392 0.582944
-1.16597 0.34947
-1.59084 1.30305
-0.443468 1.93999
-0.012047 3.94896
-0.64915 -0.444704
-1.51277 2.81616
0.697526 2.49427
-0.114384 1.80375
0.0808885 3.70737
-0.454856 0.0410964
-1.76291 2.94843
0.716581 1.67306
-0.0845778 2.63429
0.265204 1.91585
0.184128 3.0705
-0.0391069 1.29709
-0.42327 1.45177
-0.755573 0.523444
-1.7426 2.06394
0.309274 4.13474
-1.25804 -1.21182
-1.16393 1.30096
-1.40508 0.0585392
-1.41795 0.727226
-1.39346 0.317505
-1.45784 0.640222
-1.3451 0.320619
-1.50032 0.775011
-1.1994 0.279113
-1.56766 1.24509
-0.557545 1.42578
-1.13581 -0.0599537
-1.51148 1.5587
-0.360272 2.44102
0.428658 2.52616
0.0620003 2.1402
0.292702 2.78144
0.0450275 1.76753
0.116404 3.54682
-0.328535 0.382298
-1.88241 2.52198
0.793627 2.41128
-0.191981 1.57919
-0.188545 3.25917
-0.000886165 0.920813
-1.61745 -0.19437
-1.0295 0.66573
-1.68288 1.3615
-0.335106 3.38863
-0.0258831 0.688105
-1.90581 0.954996
-0.359316 4.61403
-1.21217 -1.51083
-1.07838 1.47079
-1.22212 0.0141982
-1.50825 1.28278
-0.682354 1.0056
-1.79409 0.988674
-0.358225 3.53102
-0.114389 0.452652
-1.94321 2.1287
0.736313 3.12845
-0.613228 0.0910292
-1.69734 2.71194
0.742578 2.47654
-0.154165 1.67813
-0.094477 3.74106
-0.387149 0.0633327
-1.8056 2.98427
0.699346 1.483
-0.127595 2.57042
0.307113 2.03685
0.18777 2.85839
0.0598343 1.63566
-0.00691005 3.65188
-0.352367 0.218121
-1.8539 2.80813
0.756953 1.78503
-0.0935291 2.46175
0.32341 2.229
0.175837 2.56809
0.172704 2.05402
0.244882 2.88219
0.0249245 1.60778
-0.0522446 3.6629
-0.339289 0.21147
-1.85914 2.82033
0.753198 1.73926
-0.0970574 2.4864
0.318625 2.1833
0.182308 2.63508
0.147904 1.95942
0.231811 3.07537
-0.0629113 1.28459
-0.503379 1.15538
-1.6999 0.185505
-0.776493 0.995134
-1.77438 1.03123
-0.353019 3.379
-0.0123421 0.70133
-1.89726 0.844061
-0.392677 4.43964
-0.966869 -1.21964
-1.21472 1.9685
-0.275953 3.53821
-0.151055 0.450937
-1.93579 2.1921
0.754811 3.01115
-0.52544 0.330284
-1.79387 2.5697
0.761289 2.60228
-0.230814 1.33735
-0.712481 0.587073
-1.76824 2.01703
0.30591 4.15436
-1.28275 -1.23765
-1.14419 1.26244
-1.46925 0.107095
-1.35147 0.561811
-1.505 0.588652
-1.26056 0.319085
-1.55038 1.03375
-0.846409 0.666614
-1.7385 1.71398
-0.176264 4.58779
-1.33862 -1.53288
-1.00191 1.32714
-1.50972 0.0675113
-1.28591 0.516298
-1.55752 0.814335
-1.00963 0.441949
-1.65113 1.66096
-0.322464 4.23265
-0.766897 -0.86013
-1.34526 2.50918
0.444592 3.64198
-0.741877 -0.364203
-1.50722 2.60861
0.616817 3.1702
-0.445203 0.453651
-1.84533 2.3986
0.748002 2.88183
-0.394049 0.713841
-1.87452 1.70784
0.21031 4.35646
-1.44923 -1.4142
-0.943551 1.23179
-1.63088 0.291278
-0.987422 0.590111
-1.68447 1.55607
-0.336143 4.14837
-0.664887 -0.687472
-1.42626 2.77331
0.66519 2.7128
-0.172514 1.45665
-0.279431 2.27631
0.394508 2.84585
-0.0326182 1.63766
-0.0555554 3.70237
-0.372036 0.130519
-1.82846 2.91802
0.723189 1.58679
-0.109058 2.57536
0.297088 2.02259
0.190987 2.88389
0.0474563 1.59769
-0.0501494 3.64748
-0.327195 0.242522
-1.86909 2.7739
0.765488 1.82263
-0.0960589 2.41223
0.335428 2.32775
0.155702 2.42722
0.221247 2.25881
0.222011 2.52366
0.165079 2.12968
0.253768 2.74927
0.0752006 1.81201
0.159873 3.43332
-0.26021 0.604901
-1.90581 1.8771
0.487135 3.89689
-1.18455 -1.0474
-1.23903 1.43897
-1.08142 0.179616
-1.57777 1.64172
-0.319236 3.5926
-0.173987 0.353675
-1.93351 2.48186
0.809648 2.30681
-0.179562 1.68615
-0.104064 3.74161
-0.382926 0.0652645
-1.80838 2.98511
0.698642 1.47423
-0.130344 2.5606
0.311556 2.05596
0.187018 2.82768
0.0730755 1.6814
0.0440365 3.61734
-0.349128 0.268749
-1.86256 2.73075
0.775092 1.95062
-0.0975646 2.29262
0.350239 2.58082
0.08711 2.0694
0.27563 2.90621
0.000346415 1.56918
-0.100931 3.60548
-0.270084 0.336113
-1.90119 2.59202
0.797844 2.16254
-0.134761 1.96193
0.235552 3.42776
-0.301053 0.559652
-1.89731 2.07108
0.633387 3.494
-0.866949 -0.504317
-1.43451 2.30343
0.189181 4.16879
-1.14398 -1.14297
-1.21782 1.53871
-0.908591 0.405312
-1.67059 1.92821
-0.052675 4.50929
-1.35494 -1.48111
-1.00943 1.28375
-1.55365 0.145637
-1.20507 0.466496
-1.59499 1.09933
-0.63084 1.2046
-1.68638 0.224235
-0.816093 0.898522
-1.76859 1.2732
-0.358697 4.05129
-0.551945 -0.489049
-1.53872 3.01825
0.679079 1.8596
-0.0319049 2.69141
0.220018 1.82447
0.162067 3.25518
-0.135982 0.966861
-1.69483 -0.0106144
-0.812069 0.958454
-1.76816 1.12026
-0.352468 3.57732
-0.149965 0.376028
-1.93956 2.39935
0.808057 2.48325
-0.240763 1.36433
-0.637135 0.782611
-1.81438 1.64603
-0.0582634 4.59173
-1.46348 -1.56114
-0.867938 1.3828
-1.47198 -0.040274
-1.3293 0.611565
-1.52464 0.606176
-1.20821 0.323812
-1.5724 1.19206
-0.602436 1.27672
-1.57439 -0.0374683
-1.14986 0.538764
-1.62581 1.19578
-0.456357 1.90274
-0.0773586 3.94864
-0.603398 -0.39484
-1.54823 2.9074
0.704697 2.17194
-0.0509163 2.29935
0.332993 2.53067
0.110273 2.14057
0.275515 2.75289
0.0639805 1.80971
0.156526 3.45169
-0.2728 0.56697
-1.90413 2.01508
0.603784 3.59448
-0.951216 -0.664912
-1.37636 2.06884
-0.220814 4.31769
-0.940282 -1.07961
-1.25806 2.04475
-0.259732 4.04568
-0.598041 -0.508489
-1.51149 2.92609
0.695126 2.1575
-0.0420522 2.3448
0.324524 2.43311
0.13961 2.27768
0.256791 2.49872
0.155847 2.17326
0.257721 2.67522
0.100393 1.92127
0.226124 3.19371
-0.128232 1.06565
-1.4571 -0.278832
-1.3027 0.71435
-1.54262 0.57729
-1.17132 0.348118
-1.58893 1.28802
-0.460827 1.84815
-0.144701 3.84811
-0.461074 -0.142222
-1.7057 3.0696
0.669715 1.48111
-0.113985 2.68488
0.258985 1.83272
0.157361 3.20864
-0.10511 1.05486
-1.44422 -0.28782
-1.31477 0.741398
-1.52785 0.51773
-1.22553 0.345364
-1.56935 1.12552
-0.68538 1.03414
-1.78716 0.893665
-0.359237 3.15698
0.130404 1.06019
-0.874114 0.178867
-1.626 2.16869
0.225869 4.20383
-1.2442 -1.23822
-1.16049 1.3333
-1.36796 0.0368683
-1.4446 0.83654
-1.30005 0.238061
-1.51872 0.956107
-1.02277 0.39193
-1.63758 1.6703
-0.323516 4.17664
-0.703078 -0.748505
-1.39514 2.67803
0.615022 3.05099
-0.335315 0.786756
-1.87943 1.35407
-0.172375 4.68795
-1.47736 -1.6309
-0.82305 1.48203
-1.25058 -0.0791513
-1.47943 1.21864
-0.856286 0.604561
-1.72546 1.79469
-0.109841 4.56637
-1.37489 -1.52718
-0.974915 1.307
-1.54701 0.109331
-1.21834 0.478466
-1.59077 1.04954
-0.69457 1.02523
-1.78765 0.928379
-0.357231 3.26333
0.0639646 0.887146
-1.60069 -0.234942
-1.06492 0.647371
-1.66908 1.30069
-0.343381 2.93937
0.247179 1.42957
-0.107651 3.33732
-0.0789138 0.813375
-1.84383 0.509807
-0.376897 3.1959
0.114598 0.996392
-1.15882 -0.215106
-1.46997 1.5124
-0.465352 1.7449
-0.213762 3.29108
-0.0107401 0.865016
-1.73641 0.0367355
-0.672707 1.30411
-1.56424 -0.0220263
-1.17351 0.527405
-1.61543 1.13876
-0.531477 1.55816
-0.605575 0.932631
-1.81979 1.18907
-0.366654 4.32605
-0.847632 -1.02211
-1.28395 2.28527
0.062763 4.25254
-1.11554 -1.17108
-1.21385 1.607
-0.756562 0.704583
-1.77139 1.75823
-0.0397841 4.55477
-1.4322 -1.53167
-0.916386 1.32232
-1.55145 0.0806933
-1.20781 0.488452
-1.59658 1.07268
-0.652416 1.14309
-1.74198 0.474141
-0.557572 1.6116
-0.484452 1.34363
-1.2799 -0.177777
-1.4474 1.14908
-1.03846 0.324263
-1.61944 1.67912
-0.324018 4.08675
-0.606069 -0.568852
-1.48739 2.90982
0.691986 2.22991
-0.048185 2.25495
0.334068 2.62216
0.082207 2.00853
0.262458 3.03411
-0.0554623 1.35209
-0.323233 1.93976
0.100354 3.8025
-0.568513 -0.203525
-1.62877 2.93213
0.71377 1.98314
-0.0485434 2.48945
0.296354 2.16241
0.194524 2.66815
0.131067 1.91553
0.21906 3.17445
-0.1131 1.10512
-1.30033 -0.268424
-1.41852 1.10309
-1.16566 0.207041
-1.56383 1.384
-0.425485 2.01853
0.124101 3.82405
-0.612016 -0.281922
-1.58255 2.87314
0.714941 2.22696
-0.0662394 2.19327
0.336907 2.77396
0.0268557 1.77731
0.119896 3.5553
-0.337869 0.361018
-1.87718 2.56681
0.793232 2.31598
-0.161793 1.75135
-0.0172016 3.79859
-0.48391 -0.0976233
-1.70693 3.01421
0.693214 1.62114
-0.083087 2.70948
0.23527 1.79163
0.142979 3.29318
-0.151657 0.898573
-1.80041 0.338921
-0.443319 2.27054
0.388406 3.16719
-0.206726 0.992964
-1.7209 0.0868851
-0.71883 1.16117
-1.72823 0.473231
-0.601639 1.44227
-1.15238 -0.0657895
-1.50692 1.51101
-0.404504 2.10119
0.250558 3.5851
-0.457249 0.158566
-1.79048 2.83166
0.750785 1.90586
-0.0786545 2.42599
0.325259 2.29162
0.166769 2.47803
0.203153 2.18387
0.236865 2.64606
0.119864 1.95853
0.237958 3.10093
-0.0797413 1.23709
-0.706725 0.571905
-1.76767 2.04833
0.34513 4.08772
-1.24063 -1.17676
-1.1822 1.32837
-1.3477 0.0419037
-1.45913 0.893345
-1.23488 0.230131
-1.54657 1.1618
-0.717402 0.938148
-1.79448 1.20814
-0.365406 4.13864
-0.638401 -0.658518
-1.44475 2.83557
0.681763 2.49744
-0.10094 1.84553
0.135972 3.62099
-0.407446 0.197361
-1.82351 2.81737
0.755037 1.85107
-0.0853982 2.44297
0.324364 2.2617
0.171455 2.52088
0.188969 2.12161
0.243744 2.75516
0.0774295 1.80147
0.152085 3.44915
-0.268321 0.5752
-1.90499 1.98383
0.580472 3.66307
-1.00598 -0.763057
-1.3434 1.91239
-0.289512 3.58204
-0.177616 0.374768
-1.93206 2.43361
0.807526 2.43153
-0.218378 1.47065
-0.306204 2.11057
0.306412 3.35854
-0.292475 0.647024
-1.89765 1.78736
0.37316 4.11843
-1.33107 -1.24883
-1.11324 1.19098
-1.55856 0.246369
-1.19173 0.436319
-1.5961 1.16353
-0.562734 1.427
-1.14055 -0.0633592
-1.50978 1.54544
-0.37158 2.34083
0.420841 2.82043
-0.0363313 1.66669
-0.0272565 3.7185
-0.401321 0.0843669
-1.80279 2.9526
0.712565 1.56754
-0.108104 2.60611
0.286048 1.96759
0.187974 2.97553
0.00682768 1.45403
-0.176331 3.14354
0.0617223 1.10305
-0.870513 0.198282
-1.63199 2.16572
0.231999 4.19788
-1.24361 -1.23461
-1.16193 1.33367
-1.36577 0.0368064
-1.44616 0.842819
-1.29351 0.235793
-1.52182 0.9774
-0.99421 0.425654
-1.65188 1.71336
-0.302513 4.36589
-0.939659 -1.12623
-1.24446 2.04208
-0.260988 4.01176
-0.562208 -0.438724
-1.5516 2.99348
0.688151 1.9162
-0.0330718 2.62326
0.246251 1.93294
0.195174 3.05388
-0.0352083 1.32526
-0.350615 1.78412
-0.129073 3.80961
-0.432641 -0.0674736
-1.7449 3.05685
0.673287 1.43838
-0.131516 2.6047
0.297181 1.97539
0.184734 2.95805
0.016468 1.48144
-0.15622 3.32017
-0.0502308 0.831321
-1.81215 0.322436
-0.42512 2.43201
0.444339 2.65194
0.0149376 1.93956
0.24108 3.25465
-0.175067 0.936164
-1.7728 0.238937
-0.529893 1.79161
-0.215287 3.37055
-0.0601358 0.737883
-1.88807 0.822926
-0.396227 4.32763
-0.830744 -1.01333
-1.28866 2.32881
0.143177 4.16749
-1.08545 -1.09119
-1.24187 1.67964
-0.558039 1.27178
-1.55238 -0.0838133
-1.19148 0.547389
-1.61036 1.06735
-0.61341 1.26917
-1.5934 -0.00332707
-1.10766 0.548319
-1.64165 1.30348
-0.363115 2.58734
0.407324 2.16259
0.13763 2.65384
0.160907 1.91937
0.214846 3.14017
-0.0910259 1.17042
-0.99951 0.0144987
-1.5544 1.92476
-0.238682 4.42431
-1.06346 -1.2645
-1.19216 1.73383
-0.495202 1.48842
-0.780789 0.481589
-1.72602 2.08329
0.299153 4.14235
-1.25469 -1.21333
-1.16477 1.3077
-1.39589 0.0531271
-1.42528 0.753534
-1.37252 0.291541
-1.47533 0.711994
-1.28701 0.279122
-1.53163 0.974788
-0.965384 0.468664
-1.6683 1.74134
-0.269493 4.47485
-1.10422 -1.33431
-1.16482 1.64478
-0.723713 0.767393
-1.78825 1.65199
-0.125412 4.60977
-1.41861 -1.56787
-0.916671 1.34661
-1.51958 0.0330299
-1.26574 0.519401
-1.57032 0.872026
-0.92517 0.555892
-1.69638 1.73188
-0.238197 4.53678
-1.21276 -1.44412
-1.10155 1.44643
-1.24954 0.0111687
-1.49905 1.19977
-0.820827 0.682493
-1.74864 1.72378
-0.141784 4.58996
-1.37519 -1.54443
-0.967872 1.31976
-1.53552 0.0854042
-1.24033 0.489789
-1.58161 0.97378
-0.798971 0.780502
-1.76712 1.56069
-0.263594 4.57582
-1.24246 -1.48942
-1.07381 1.41372
-1.33368 -0.0122204
-1.45753 0.95174
-1.19887 0.229066
-1.55859 1.27295
-0.551233 1.44273
-1.06541 0.0150518
-1.5423 1.74435
-0.314495 3.81218
-0.350161 -0.0375177
-1.80164 3.10803
0.639962 1.19654
-0.264166 1.92082
0.122317 3.74182
-0.519342 -0.0790274
-1.69361 2.95499
0.713656 1.80319
-0.0608089 2.62002
0.259775 1.93839
0.191845 3.03673
-0.0249727 1.35414
-0.286362 2.15453
0.343119 3.19656
-0.196171 0.979416
-1.73176 0.112731
-0.679522 1.26673
-1.62315 0.0855767
-1.03048 0.588931
-1.67165 1.45702
-0.334593 3.66826
-0.225089 0.221932
-1.91204 2.79177
0.75671 1.64183
-0.117786 2.45556
0.335367 2.2529
0.166986 2.53358
0.187241 2.10198
0.243656 2.79002
0.0638823 1.74947
0.105364 3.54975
-0.324741 0.38272
-1.88384 2.51979
0.794034 2.41135
-0.192535 1.57708
-0.189937 3.24269
0.00950919 0.946303
-1.53894 -0.274974
-1.1855 0.621104
-1.6199 1.0086
-0.636925 1.20572
-1.68649 0.228742
-0.814893 0.900118
-1.76895 1.27018
-0.35879 4.04645
-0.547067 -0.47958
-1.54436 3.02699
0.677097 1.82883
-0.0342145 2.71727
0.21073 1.78386
0.141989 3.32878
-0.174956 0.829365
-1.86291 0.749773
-0.385982 3.91489
-0.409811 -0.223578
-1.70933 3.17879
0.613351 1.20367
-0.245507 2.04042
0.266943 3.43061
-0.3248 0.520405
-1.89033 2.2015
0.70549 3.20346
-0.636325 0.0160158
-1.66563 2.72178
0.732952 2.52246
-0.160656 1.62489
-0.145289 3.58777
-0.237963 0.372484
-1.91366 2.49359
0.803491 2.35941
-0.187336 1.62597
-0.158688 3.53629
-0.19436 0.465706
-1.9252 2.20992
0.750494 3.0184
-0.524063 0.330923
-1.79458 2.56982
0.761649 2.59958
-0.229945 1.3417
-0.693786 0.632677
-1.7814 1.95318
0.253705 4.24238
-1.34011 -1.31435
-1.08339 1.20672
-1.57059 0.247573
-1.16267 0.44572
-1.60793 1.24202
-0.458816 1.87414
-0.115337 3.91084
-0.539684 -0.289097
-1.61439 3.0077
0.691387 1.79445
-0.0477109 2.69535
0.225373 1.81657
0.157264 3.26313
-0.138823 0.952819
-1.72077 0.0540931
-0.722572 1.15833
-1.72975 0.485827
-0.592039 1.47444
-1.02585 0.073573
-1.56407 1.83627
-0.293434 4.27808
-0.838946 -0.962998
-1.3026 2.3151
0.123734 4.19631
-1.10419 -1.12557
-1.22927 1.63341
-0.674655 0.912787
-1.80624 1.28167
-0.354273 4.3942
-0.937849 -1.15421
-1.23638 2.0444
-0.259908 4.00898
-0.559943 -0.433435
-1.5545 2.9973
0.687508 1.90195
-0.0336161 2.63666
0.241605 1.91125
0.190562 3.09334
-0.0540464 1.25762
-0.571773 0.932092
-1.82601 1.16296
-0.36889 4.32829
-0.848833 -1.02542
-1.28283 2.28182
0.056125 4.25819
-1.11627 -1.17541
-1.21242 1.6054
-0.762264 0.691146
-1.76787 1.77847
-0.0227103 4.54084
-1.43133 -1.52215
-0.921132 1.31322
-1.56098 0.100361
-1.188 0.483839
-1.60415 1.13557
-0.566819 1.41852
-1.17581 -0.0935783
-1.49564 1.44651
-0.496342 1.62092
-0.369854 1.83937
-0.0822912 3.89619
-0.544205 -0.27537
-1.61679 2.99609
0.69533 1.82301
-0.0464243 2.66848
0.235293 1.85943
0.174182 3.18463
-0.0983088 1.09641
-1.2964 -0.269847
-1.41979 1.11456
-1.1507 0.215524
-1.56945 1.42459
-0.384288 2.29921
0.408568 2.96411
-0.0974286 1.40491
-0.281072 2.22634
0.379261 2.98583
-0.0914118 1.38677
-0.303377 2.07389
0.274679 3.45394
-0.350864 0.454791
-1.87929 2.37636
0.767074 2.80151
-0.363837 0.83174
-1.86932 1.23238
-0.293642 4.65556
-1.32168 -1.58217
-0.995034 1.37091
-1.4544 0.00357954
-1.35789 0.63033
-1.4943 0.514727
-1.30055 0.349125
-1.53332 0.892103
-1.02976 0.398064
-1.63706 1.64746
-0.327298 4.09896
-0.617091 -0.592128
-1.47509 2.8857
0.690737 2.31507
-0.0615415 2.13167
0.325356 2.91052
-0.0254862 1.55324
-0.127137 3.54126
-0.210365 0.457777
-1.92146 2.25241
0.76284 2.93043
-0.463509 0.512012
-1.8449 2.28115
0.694025 3.19716
-0.606053 0.0816276
-1.69801 2.72917
0.744143 2.42491
-0.138526 1.76962
0.0229136 3.77182
-0.481873 -0.0638413
-1.71835 2.99624
0.70004 1.64549
-0.0809452 2.69135
0.241619 1.82111
0.156263 3.2415
-0.124728 0.994022
-1.62966 -0.135823
-1.00394 0.676221
-1.69228 1.40476
-0.338401 3.6796
-0.232384 0.201878
-1.90735 2.82928
0.744674 1.56938
-0.127466 2.46608
0.337041 2.23711
0.168016 2.55617
0.179919 2.06929
0.24398 2.85108
0.0387092 1.65638
0.0038331 3.66513
-0.369668 0.18499
-1.83999 2.8497
0.745525 1.72304
-0.0941665 2.52015
0.307829 2.11908
0.190228 2.73226
0.10952 1.82201
0.1696 3.37361
-0.22037 0.726831
-1.89974 1.34303
-0.116924 4.68192
-1.52467 -1.62553
-0.761039 1.59265
-0.859232 0.376409
-1.67842 2.05729
0.158352 4.31835
-1.32551 -1.34889
-1.08047 1.23924
-1.54723 0.188542
-1.2191 0.451211
-1.58707 1.06944
-0.686815 1.04262
-1.78467 0.865355
-0.362397 3.03958
0.200889 1.25785
-0.243761 2.33109
0.395133 2.64977
0.0423404 1.96166
0.251132 3.1736
-0.128501 1.0946
-1.3693 -0.284721
-1.37844 0.915579
-1.38957 0.235324
-1.45461 0.693507
-1.33642 0.296499
-1.50406 0.814483
-1.16782 0.285716
-1.57862 1.33673
-0.438899 1.95468
0.0145715 3.93553
-0.65363 -0.43686
-1.5137 2.80626
0.696651 2.52431
-0.123868 1.74909
0.00846621 3.76995
-0.471 -0.0496539
-1.72856 3.00035
0.698293 1.61429
-0.0876 2.6885
0.245714 1.82572
0.157467 3.23069
-0.118575 1.01404
-1.57623 -0.205208
-1.12489 0.603546
-1.643 1.19716
-0.419551 2.13045
0.275029 3.5352
-0.42753 0.251541
-1.82378 2.73557
0.771239 2.06044
-0.097305 2.20423
0.346391 2.78132
0.0192765 1.76406
0.104682 3.58547
-0.355372 0.303399
-1.86413 2.67316
0.784257 2.09075
-0.111979 2.1141
0.327863 3.01634
-0.0789843 1.36088
-0.335903 1.87772
0.000463859 3.8908
-0.592561 -0.320823
-1.5782 2.91796
0.708761 2.10108
-0.047965 2.37705
0.321868 2.3726
0.154133 2.36276
0.236218 2.35905
0.198704 2.37182
0.21381 2.34833
0.211387 2.38547
0.205003 2.32929
0.219012 2.41385
0.195093 2.28833
0.230219 2.47754
0.174018 2.19782
0.248991 2.62818
0.120348 1.98706
0.247106 3.04428
-0.0535341 1.33714
-0.350504 1.79105
-0.121956 3.82653
-0.452298 -0.105583
-1.72216 3.05933
0.673654 1.47661
-0.117354 2.66393
0.268746 1.86861
0.168355 3.14442
-0.0725287 1.16944
-0.954063 0.0798465
-1.58052 2.02217
-0.0845158 4.47971
-1.28051 -1.43129
-1.07661 1.33364
-1.45094 0.0438603
-1.36763 0.622927
-1.4839 0.496883
-1.3241 0.364921
-1.51986 0.810725
-1.12621 0.317201
-1.59618 1.44038
-0.346912 2.70409
0.360626 1.88694
0.14034 3.05765
-0.0141249 1.31554
-0.34291 1.81665
-0.0870785 3.8757
-0.520193 -0.227622
-1.64527 3.02131
0.688954 1.71028
-0.0606036 2.73045
0.216806 1.75988
0.1273 3.35886
-0.188698 0.774233
-1.88849 1.05119
-0.348979 4.60328
-1.20661 -1.49897
-1.08457 1.47582
-1.20644 0.0246107
-1.51486 1.32766
-0.603524 1.23845
-1.63553 0.0725602
-0.994983 0.632922
-1.68897 1.48421
-0.340272 3.94762
-0.460303 -0.291481
-1.65641 3.13802
0.637809 1.38771
-0.138421 2.63288
0.290125 1.92647
0.177821 3.03882
-0.0200615 1.35007
-0.287828 2.14244
0.335065 3.23334
-0.216536 0.905556
-1.82405 0.514782
-0.383354 2.88679
0.294587 1.5409
-0.0219383 3.44655
-0.184466 0.630355
-1.91678 1.64612
0.277145 4.28826
-1.44136 -1.37613
-0.967715 1.19742
-1.64438 0.366055
-0.927302 0.661218
-1.7134 1.58413
-0.317027 4.39975
-0.971261 -1.18129
-1.22572 1.95933
-0.27775 3.49954
-0.123098 0.515612
-1.9366 1.93714
0.608706 3.61066
-0.985065 -0.716804
-1.3583 1.9733
-0.282426 3.97318
-0.512501 -0.354223
-1.60586 3.0712
0.667158 1.63325
-0.066397 2.80014
0.189605 1.65077
0.0481675 3.51802
-0.268839 0.477494
-1.90561 2.26308
0.751338 2.97709
-0.484991 0.44062
-1.8285 2.41687
0.741255 2.89841
-0.396103 0.701286
-1.87423 1.75055
0.260705 4.28564
-1.41426 -1.36689
-1.00054 1.18722
-1.63482 0.366796
-0.958644 0.612943
-1.69659 1.58946
-0.32559 4.31912
-0.866441 -1.02696
-1.28038 2.2373
-0.0241415 4.31632
-1.11348 -1.2134
-1.20117 1.61364
-0.757622 0.698238
-1.77024 1.76958
-0.0280005 4.54596
-1.4327 -1.52582
-0.918159 1.31739
-1.55693 0.0912469
-1.19656 0.485628
-1.60095 1.10863
-0.602893 1.29523
-1.54078 -0.0801603
-1.21443 0.547843
-1.59999 0.999425
-0.711957 0.988542
-1.79076 1.05344
-0.359127 3.67301
-0.219157 0.21208
-1.91386 2.8072
0.751302 1.59992
-0.123889 2.45815
0.337378 2.25102
0.166192 2.53627
0.186794 2.09786
0.243602 2.79743
0.0609518 1.7383
0.0942354 3.56893
-0.334894 0.347013
-1.87712 2.59293
0.792805 2.24937
-0.145149 1.86065
0.128686 3.6617
-0.441856 0.107501
-1.78659 2.89792
0.732733 1.74516
-0.0817779 2.56943
0.286766 2.02724
0.196006 2.88013
0.0469757 1.60441
-0.043954 3.65226
-0.33422 0.230821
-1.8643 2.79177
0.760984 1.79362
-0.0955813 2.44197
0.328967 2.26844
0.168219 2.51128
0.193215 2.13497
0.242206 2.7308
0.0873121 1.83705
0.178865 3.37248
-0.224451 0.724333
-1.89988 1.36327
-0.0963227 4.67083
-1.53096 -1.6172
-0.755065 1.60152
-0.821937 0.448063
-1.70574 2.05497
0.21459 4.25855
-1.3106 -1.30792
-1.10458 1.24175
-1.52571 0.165184
-1.26277 0.465724
-1.56742 0.925387
-0.891018 0.604204
-1.71498 1.7344
-0.202819 4.5685
-1.28742 -1.50088
-1.04726 1.35698
-1.4423 0.0203332
-1.37442 0.650443
-1.47265 0.458031
-1.34959 0.396263
-1.50306 0.715325
-1.22066 0.287753
-1.56181 1.17518
-0.653694 1.11567
-1.75882 0.576645
-0.47446 1.98691
0.0290455 3.94362
-0.674392 -0.469224
-1.4954 2.76192
0.68283 2.68678
-0.178231 1.45711
-0.284402 2.24252
0.385228 2.94671
-0.0747407 1.45793
-0.209811 2.85613
0.226721 1.55211
-0.0243011 3.51234
-0.231312 0.506017
-1.91519 2.142
0.706012 3.23452
-0.674765 -0.0728215
-1.6227 2.69384
0.711376 2.69918
-0.217221 1.32648
-0.718967 0.568918
-1.76305 2.04014
0.324035 4.12142
-1.25982 -1.20649
-1.16499 1.29638
-1.4093 0.062145
-1.41457 0.714932
-1.40246 0.330706
-1.44931 0.609303
-1.36776 0.347118
-1.48411 0.693945
-1.27414 0.284818
-1.5389 1.01148
-0.906866 0.556898
-1.70188 1.76728
-0.192942 4.56185
-1.28762 -1.49574
-1.04905 1.35416
-1.44492 0.0234104
-1.37188 0.643508
-1.47664 0.469672
-1.34123 0.38552
-1.50903 0.746667
-1.19098 0.291157
-1.57255 1.26387
-0.524134 1.55522
-0.601241 0.94387
-1.8192 1.14762
-0.371143 4.23771
-0.743189 -0.850526
-1.35309 2.5685
0.513982 3.44261
-0.591181 0.00580327
-1.68325 2.80016
0.740727 2.25452
-0.0932658 2.06716
0.307854 3.10535
-0.117684 1.19972
-0.954116 0.0880138
-1.5826 2.01903
-0.0857687 4.48123
-1.28135 -1.43277
-1.07563 1.3331
-1.45244 0.0446899
-1.36594 0.619442
-1.48617 0.503917
-1.31861 0.359697
-1.52308 0.830559
-1.10444 0.331286
-1.60464 1.49368
-0.328043 3.09076
0.155468 1.16856
-0.454216 1.27708
-1.42589 -0.201789
-1.35172 0.757195
-1.48328 0.414814
-1.33479 0.403489
-1.51536 0.753768
-1.17061 0.300421
-1.58054 1.31985
-0.450056 1.89644
-0.0800357 3.94349
-0.596038 -0.381618
-1.55596 2.9205
0.704402 2.12331
-0.0461907 2.36253
0.323557 2.40019
0.147513 2.32397
0.246375 2.42134
0.180415 2.28214
0.237837 2.48782
0.167708 2.1847
0.252344 2.65206
0.110814 1.95355
0.237955 3.11907
-0.0899152 1.20363
-0.863892 0.238472
-1.64404 2.15535
0.238212 4.19466
-1.24726 -1.23534
-1.16029 1.32677
-1.37688 0.0405061
-1.43863 0.810131
-1.32498 0.250532
-1.50596 0.873555
-1.12488 0.302189
-1.59358 1.45346
-0.3437 2.74372
0.342676 1.80244
0.121226 3.1866
-0.0765892 1.09672
-1.24428 -0.245924
-1.44323 1.26364
-0.900726 0.508528
-1.6944 1.83781
-0.124395 4.55333
-1.34228 -1.50829
-1.00867 1.30899
-1.52725 0.0978358
-1.2569 0.489666
-1.57291 0.923804
-0.873725 0.636756
-1.72558 1.71737
-0.19978 4.57664
-1.30124 -1.51222
-1.03493 1.34722
-1.46407 0.0330042
-1.34986 0.600128
-1.50504 0.561095
-1.26768 0.328024
-1.5483 1.00636
-0.88079 0.605556
-1.71826 1.75094
-0.178336 4.57446
-1.31853 -1.5164
-1.02233 1.3326
-1.49105 0.0553647
-1.31466 0.545089
-1.53785 0.70546
-1.13255 0.339181
-1.5987 1.40794
-0.359207 2.56155
0.412109 2.21993
0.130288 2.57413
0.191069 2.03362
0.235331 2.90957
0.0170074 1.56371
-0.0968248 3.60138
-0.268607 0.34353
-1.90211 2.57601
0.799111 2.19898
-0.142248 1.90553
0.179432 3.5683
-0.387206 0.282252
-1.84732 2.70408
0.778285 2.06756
-0.104326 2.16658
0.341596 2.8786
-0.0191832 1.60338
-0.0812096 3.6621
-0.324914 0.221077
-1.86731 2.80758
0.756405 1.74565
-0.0984488 2.47185
0.32303 2.21169
0.177769 2.59325
0.163822 2.01823
0.242148 2.95311
-0.00605482 1.4933
-0.158406 3.32948
-0.0552275 0.815851
-1.8306 0.415822
-0.389909 2.84007
0.321344 1.63546
0.041804 3.38961
-0.171513 0.732044
-1.90046 1.19345
-0.243745 4.71173
-1.44085 -1.64748
-0.860624 1.44388
-1.35266 -0.0907459
-1.43097 0.918341
-1.28446 0.211143
-1.52244 1.01739
-0.954444 0.475952
-1.67275 1.75886
-0.249506 4.50678
-1.163 -1.39442
-1.13341 1.52818
-1.04339 0.184917
-1.58711 1.7446
-0.316261 4.11023
-0.635034 -0.618409
-1.45948 2.84539
0.686285 2.45468
-0.091809 1.91048
0.20397 3.47478
-0.320157 0.479457
-1.89046 2.30104
0.751312 2.94842
-0.458021 0.519065
-1.84751 2.26586
0.688374 3.22655
-0.629326 0.0220557
-1.67049 2.73005
0.735531 2.48698
-0.150212 1.6852
-0.0844294 3.75381
-0.403747 0.0331697
-1.78899 3.00162
0.693819 1.47977
-0.125885 2.58875
0.300171 2.00278
0.187389 2.91381
0.0356921 1.55105
-0.0979656 3.5823
-0.253234 0.380201
-1.90882 2.48717
0.801544 2.39516
-0.196712 1.5704
-0.195392 3.17841
0.0492862 1.04496
-1.12965 -0.173426
-1.48522 1.59346
-0.36194 2.39882
0.428076 2.6423
0.0271882 1.96269
0.252835 3.18918
-0.138992 1.06293
-1.48467 -0.266007
-1.27148 0.665397
-1.57104 0.714685
-1.02789 0.441463
-1.64622 1.61559
-0.330506 4.05546
-0.570421 -0.504676
-1.52477 2.98249
0.686825 1.97702
-0.0295229 2.57187
0.262545 2.01739
0.205219 2.90509
0.032057 1.56752
-0.085761 3.6127
-0.282377 0.320037
-1.89558 2.62943
0.793377 2.09023
-0.121028 2.07336
0.311332 3.13064
-0.134641 1.14672
-1.20346 -0.205209
-1.46332 1.37988
-0.669475 1.01747
-1.79395 0.941774
-0.357756 3.39498
-0.0210302 0.674962
-1.91066 1.00344
-0.332014 4.6712
-1.30906 -1.59215
-0.999681 1.38707
-1.4273 -0.0137107
-1.38528 0.697089
-1.45091 0.396348
-1.38876 0.463358
-1.46754 0.563363
-1.34371 0.349729
-1.50413 0.76183
-1.19623 0.284336
-1.56963 1.25181
-0.544805 1.47375
-0.940035 0.190679
-1.61181 2.00824
-0.0516277 4.47939
-1.31413 -1.44546
-1.05195 1.29828
-1.51144 0.101682
-1.28567 0.501565
-1.55675 0.827317
-1.00315 0.447667
-1.65398 1.67174
-0.318306 4.27837
-0.822764 -0.951698
-1.30816 2.3573
0.200812 4.09905
-1.05638 -1.02275
-1.26501 1.75548
-0.401285 1.96955
0.0734317 3.87162
-0.625556 -0.342425
-1.5565 2.85656
0.710098 2.31402
-0.0775426 2.07709
0.310938 3.05965
-0.0933925 1.28717
-0.559966 0.976875
-1.81929 0.98777
-0.370361 3.86656
-0.373624 -0.134934
-1.75975 3.16596
0.614765 1.14511
-0.310269 1.71081
-0.165328 3.62358
-0.257438 0.306625
-1.90435 2.64541
0.792127 2.01903
-0.114638 2.1554
0.340812 2.91857
-0.0370671 1.53389
-0.146437 3.4523
-0.139858 0.61376
-1.9241 1.61021
0.262018 4.31547
-1.46 -1.39462
-0.9383 1.22301
-1.6395 0.315851
-0.955123 0.629554
-1.70028 1.57436
-0.328503 4.30547
-0.848167 -0.999453
-1.29061 2.28692
0.0681211 4.25017
-1.11811 -1.1716
-1.21331 1.60093
-0.771552 0.670569
-1.76212 1.80665
-0.000434232 4.52076
-1.42781 -1.50817
-0.930556 1.29893
-1.57405 0.131807
-1.15839 0.482248
-1.61491 1.22371
-0.458424 1.88224
-0.105369 3.92458
-0.559936 -0.324451
-1.59227 2.97985
0.697377 1.90359
-0.0401104 2.6076
0.254981 1.95845
0.19818 3.00614
-0.0123742 1.40514
-0.218227 2.70699
0.297972 1.81418
0.139383 3.20546
-0.0953468 1.06259
-1.40121 -0.294612
-1.35293 0.837674
-1.46088 0.336743
-1.37496 0.475423
-1.48229 0.591037
-1.30899 0.324336
-1.52529 0.881426
-1.06254 0.361702
-1.62137 1.58868
-0.326761 3.73849
-0.283721 0.0977642
-1.86898 2.98887
0.686192 1.3112
-0.199625 2.22574
0.371386 2.85823
-0.0255882 1.62742
-0.0616632 3.69189
-0.359767 0.154528
-1.83947 2.89339
0.731029 1.61719
-0.106165 2.55938
0.301046 2.05075
0.191559 2.83867
0.0665751 1.66611
0.0263939 3.63495
-0.355038 0.239381
-1.85582 2.77596
0.765195 1.859
-0.0928169 2.39648
0.337019 2.35769
0.149404 2.38508
0.233759 2.3236
0.206448 2.42456
0.198462 2.27041
0.231125 2.50593
0.165882 2.15725
0.253744 2.70031
0.0933053 1.884
0.207801 3.27527
-0.171342 0.911274
-1.79824 0.342861
-0.446877 2.24218
0.367782 3.26153
-0.260462 0.799865
-1.88204 1.13099
-0.3247 4.63698
-1.27057 -1.55157
-1.03761 1.40339
-1.37823 -0.0192974
-1.42726 0.826163
-1.34074 0.248907
-1.49534 0.826994
-1.18375 0.272691
-1.57143 1.29615
-0.493431 1.68241
-0.269211 2.55081
0.376609 2.15697
0.15429 2.66698
0.14902 1.90536
0.211607 3.17699
-0.111054 1.1025
-1.30463 -0.270662
-1.41619 1.09109
-1.18335 0.197917
-1.55715 1.33495
-0.486957 1.701
-0.248078 2.78403
0.27848 1.68287
0.0748341 3.39317
-0.188431 0.720194
-1.90284 1.29077
-0.156023 4.70144
-1.5114 -1.64048
-0.774099 1.57321
-0.939193 0.239414
-1.62397 1.98306
-0.0665121 4.49328
-1.318 -1.45669
-1.04526 1.29996
-1.51427 0.101522
-1.28072 0.498786
-1.55971 0.844441
-0.981322 0.474313
-1.6651 1.69873
-0.300073 4.39435
-0.977 -1.17971
-1.22573 1.94514
-0.279499 3.39729
-0.0532567 0.68283
-1.91092 1.06899
-0.297851 4.70355
-1.38102 -1.63422
-0.92721 1.39229
-1.447 -0.0334386
-1.36093 0.658937
-1.48788 0.482609
-1.31855 0.367704
-1.52392 0.825649
-1.10514 0.331866
-1.60458 1.49131
-0.328448 3.07743
0.163348 1.1906
-0.3886 1.53929
-0.400447 1.65196
-0.239608 2.81112
0.261941 1.63277
0.0414737 3.45517
-0.217909 0.605941
-1.91374 1.80187
0.433928 4.01499
-1.27282 -1.16671
-1.17284 1.26296
-1.43749 0.091421
-1.38942 0.634644
-1.45548 0.437027
-1.37984 0.433386
-1.47678 0.606598
-1.31641 0.321049
-1.52026 0.860757
-1.09239 0.335305
-1.60851 1.52491
-0.32431 3.29842
0.028086 0.834068
-1.74812 0.0508752
-0.633732 1.42559
-1.24976 -0.127896
-1.46887 1.23056
-0.871967 0.570841
-1.71475 1.81476
-0.108992 4.55994
-1.3669 -1.5204
-0.984422 1.30443
-1.54526 0.112474
-1.22208 0.477509
-1.58897 1.03908
-0.710961 0.982646
-1.79179 1.07189
-0.360501 3.73988
-0.271332 0.0946704
-1.87501 2.99498
0.681842 1.28115
-0.216765 2.13665
0.340241 3.12045
-0.145134 1.14593
-1.23189 -0.223837
-1.45189 1.29776
-0.826021 0.647478
-1.74177 1.77572
-0.0946259 4.56939
-1.39461 -1.53418
-0.95414 1.31075
-1.5519 0.104669
-1.20786 0.480174
-1.59555 1.07956
-0.6489 1.15233
-1.7354 0.43604
-0.591397 1.48807
-0.975824 0.14422
-1.59194 1.94114
-0.176426 4.49588
-1.21348 -1.41139
-1.11264 1.43502
-1.25999 0.0121197
-1.49562 1.1675
-0.872444 0.585014
-1.71716 1.79458
-0.12906 4.56777
-1.35747 -1.52343
-0.991014 1.31035
-1.53531 0.0996124
-1.24154 0.484737
-1.58048 0.974328
-0.802344 0.77287
-1.76537 1.57321
-0.256777 4.58016
-1.25422 -1.49768
-1.06552 1.39964
-1.36402 -0.0109583
-1.43892 0.863368
-1.29854 0.228938
-1.51815 0.96529
-1.01653 0.397935
-1.64041 1.68134
-0.320248 4.22684
-0.761618 -0.849617
-1.34955 2.52363
0.463641 3.59309
-0.705365 -0.278497
-1.54652 2.68229
0.675284 2.87338
-0.278621 1.04091
-1.71041 0.0934565
-0.753259 1.07085
-1.76426 0.796023
-0.392887 2.53602
0.430381 2.32371
0.10607 2.42824
0.243515 2.2529
0.212233 2.53257
0.166984 2.11451
0.252423 2.77561
0.0656576 1.7725
0.12618 3.51256
-0.305208 0.452085
-1.89418 2.35655
0.772613 2.78927
-0.364267 0.835678
-1.86856 1.21744
-0.304083 4.64446
-1.29799 -1.56634
-1.0165 1.38116
-1.42708 -0.00594639
-1.38675 0.694967
-1.44927 0.395082
-1.39122 0.467146
-1.46476 0.554572
-1.3504 0.357354
-1.49952 0.737576
-1.21959 0.281602
-1.56115 1.18192
-0.648056 1.1313
-1.74967 0.512598
-0.521289 1.76152
-0.225834 3.16687
0.0679727 1.05664
-1.0383 -0.0685638
-1.52628 1.83823
-0.30373 4.1121
-0.644017 -0.626729
-1.45349 2.82498
0.682801 2.52461
-0.110939 1.79128
0.0682925 3.71896
-0.458127 0.0241211
-1.75658 2.95944
0.712851 1.65929
-0.0852772 2.64649
0.260956 1.89535
0.179561 3.10671
-0.0564951 1.23493
-0.657388 0.691482
-1.80053 1.85793
0.177528 4.35679
-1.40655 -1.40293
-0.994185 1.21286
-1.6215 0.310439
-1.01309 0.553226
-1.67087 1.54007
-0.336511 3.9859
-0.49848 -0.366376
-1.60901 3.09825
0.655724 1.55683
-0.0827402 2.8072
0.19346 1.63722
0.0378039 3.52409
-0.268609 0.468483
-1.9056 2.28628
0.759947 2.91828
-0.446977 0.55901
-1.8547 2.17471
0.638805 3.43224
-0.792434 -0.360181
-1.49413 2.49118
0.505534 3.56709
-0.735175 -0.317119
-1.52419 2.62097
0.633577 3.10533
-0.407881 0.575572
-1.86799 2.11795
0.617992 3.51592
-0.866664 -0.511758
-1.43236 2.30355
0.187459 4.1702
-1.14388 -1.1437
-1.21762 1.53899
-0.908277 0.405773
-1.67078 1.92846
-0.0519104 4.50894
-1.35526 -1.48098
-1.00923 1.28347
-1.55404 0.146268
-1.20422 0.466368
-1.59532 1.10198
-0.627114 1.21601
-1.67269 0.179865
-0.869391 0.802072
-1.74788 1.43243
-0.345166 4.28575
-0.814096 -0.954089
-1.30868 2.37864
0.237641 4.04418
-1.02324 -0.957284
-1.28684 1.84543
-0.305625 2.82857
0.285182 1.61935
0.03259 3.43924
-0.202388 0.638658
-1.9135 1.6527
0.27361 4.2914
-1.44096 -1.37764
-0.967578 1.19843
-1.64381 0.363594
-0.929852 0.657678
-1.71211 1.58454
-0.317833 4.39395
-0.963436 -1.17038
-1.22957 1.9794
-0.275694 3.64387
-0.229312 0.268218
-1.91315 2.70742
0.780269 1.83763
-0.10689 2.33966
0.350486 2.48597
0.113565 2.2054
0.274222 2.63132
0.107704 1.98792
0.250385 3.05329
-0.0598045 1.32047
-0.397952 1.56626
-0.353429 1.89507
0.00883166 3.89624
-0.604578 -0.340377
-1.56621 2.89795
0.709293 2.17659
-0.0550629 2.27985
0.335743 2.57444
0.0962116 2.07802
0.274274 2.88245
0.0115453 1.60799
-0.0593613 3.66661
-0.33903 0.206014
-1.85845 2.8284
0.750826 1.72159
-0.0981702 2.49762
0.316064 2.1625
0.184851 2.66606
0.136045 1.91574
0.218295 3.16933
-0.109682 1.11505
-1.25763 -0.2474
-1.43888 1.22453
-0.967469 0.405565
-1.65469 1.79505
-0.242332 4.49965
-1.15971 -1.38663
-1.1368 1.53326
-1.02789 0.204928
-1.59511 1.77676
-0.305397 4.25489
-0.803555 -0.911706
-1.32307 2.41102
0.296513 3.95176
-0.966651 -0.84251
-1.32434 2.0053
-0.273802 4.01871
-0.562513 -0.448491
-1.54804 2.99391
0.687516 1.91904
-0.0324691 2.62261
0.246221 1.93402
0.195467 3.05208
-0.0344054 1.32831
-0.343219 1.82228
-0.0804856 3.88203
-0.53061 -0.245215
-1.63392 3.01021
0.692151 1.75819
-0.0537726 2.70807
0.222946 1.79587
0.147086 3.29821
-0.156868 0.887796
-1.81383 0.407614
-0.408772 2.5614
0.431859 2.27952
0.112108 2.4888
0.224918 2.1585
0.228103 2.68395
0.110641 1.90189
0.215704 3.22134
-0.140273 1.01564
-1.60435 -0.165729
-1.06588 0.625634
-1.66598 1.32554
-0.339781 3.01191
0.205789 1.30198
-0.199751 2.6894
0.296523 1.84067
0.149955 3.16744
-0.0776841 1.12979
-1.12374 -0.143075
-1.49364 1.60711
-0.345385 2.57031
0.404212 2.18416
0.13781 2.6247
0.170973 1.96165
0.226369 3.05345
-0.0488021 1.32408
-0.372426 1.68059
-0.20973 3.21565
0.0331372 0.98405
-1.38347 -0.32309
-1.35973 0.88692
-1.43319 0.281136
-1.41142 0.560339
-1.43453 0.44387
-1.41067 0.469198
-1.44152 0.506008
-1.396 0.419304
-1.45932 0.57347
-1.35686 0.354038
-1.49398 0.720899
-1.24052 0.280525
-1.55301 1.11797
-0.747008 0.871973
-1.78779 1.38433
-0.336163 4.45117
-1.02169 -1.26359
-1.19684 1.83383
-0.337825 2.3734
0.420635 2.67407
0.0204677 1.91509
0.226657 3.30016
-0.198395 0.849604
-1.85656 0.725964
-0.381053 3.7835
-0.298622 0.0165718
-1.84492 3.083
0.644182 1.15608
-0.31118 1.68945
-0.179508 3.5145
-0.170699 0.502555
-1.9288 2.06455
0.681468 3.35488
-0.776682 -0.305488
-1.51525 2.5258
0.555012 3.42593
-0.633449 -0.06803
-1.64169 2.76752
0.729854 2.4377
-0.127738 1.7997
0.0673682 3.73014
-0.468656 -0.00113431
-1.74386 2.96816
0.710036 1.665
-0.0823456 2.65796
0.255285 1.87605
0.174955 3.14213
-0.074116 1.17299
-0.94408 0.0960929
-1.58694 2.04114
-0.0454112 4.46387
-1.29888 -1.42829
-1.06757 1.30793
-1.48917 0.0806066
-1.32007 0.538308
-1.53337 0.695593
-1.14977 0.329326
-1.59201 1.36402
-0.393753 2.25149
0.385065 3.1241
-0.17569 1.09379
-1.46524 -0.264097
-1.29643 0.695527
-1.54976 0.613856
-1.1388 0.358362
-1.60052 1.37697
-0.373708 2.42269
0.432156 2.59541
0.0399501 2.03441
0.279188 3.01992
-0.0561575 1.3733
-0.287796 2.1597
0.346081 3.18472
-0.190056 1.00256
-1.68995 0.00145739
-0.827524 0.923397
-1.76511 1.20155
-0.355053 3.79882
-0.321973 -0.0112491
-1.82493 3.10107
0.639002 1.1611
-0.302269 1.73394
-0.142557 3.72923
-0.353885 0.100296
-1.83194 2.96272
0.704931 1.46949
-0.135409 2.52652
0.324342 2.12245
0.18213 2.72454
0.11592 1.83085
0.175455 3.35022
-0.206511 0.772756
-1.8895 1.10795
-0.322384 4.65123
-1.29117 -1.57012
-1.01917 1.39022
-1.41135 -0.0137867
-1.4007 0.736391
-1.41915 0.337385
-1.4308 0.563993
-1.40585 0.403349
-1.44796 0.558575
-1.37909 0.37797
-1.47553 0.643852
-1.30901 0.305627
-1.52297 0.892279
-1.06145 0.360306
-1.62136 1.59262
-0.326879 3.75594
-0.297896 0.066259
-1.85558 3.02537
0.671553 1.26196
-0.224705 2.10382
0.320804 3.22278
-0.199903 0.943671
-1.77994 0.282855
-0.501637 1.9207
-0.0940723 3.96151
-0.606614 -0.412522
-1.54081 2.90269
0.703755 2.19515
-0.0528558 2.27083
0.33532 2.59192
0.0911089 2.05271
0.271281 2.93675
-0.0116468 1.51887
-0.144714 3.43511
-0.128842 0.64338
-1.92072 1.46294
0.0860205 4.53365
-1.54526 -1.52562
-0.767388 1.52975
-1.07462 0.0510455
-1.54927 1.7084
-0.315458 3.6883
-0.248191 0.18769
-1.89891 2.85664
0.736143 1.53193
-0.132857 2.46917
0.338617 2.23387
0.167576 2.56079
0.178685 2.06246
0.243704 2.86393
0.0333538 1.63635
-0.019311 3.67111
-0.36284 0.18241
-1.84294 2.85552
0.743505 1.70026
-0.0967428 2.52844
0.306502 2.1046
0.190895 2.7545
0.100738 1.78994
0.146193 3.44011
-0.258035 0.598081
-1.90652 1.89606
0.506807 3.85255
-1.15235 -0.999707
-1.25963 1.51592
-0.889161 0.452528
-1.68631 1.92254
-0.0262813 4.50051
-1.37094 -1.48022
-0.99667 1.27518
-1.56906 0.168361
-1.16991 0.466858
-1.60858 1.20333
-0.491044 1.72134
-0.235818 2.9596
0.186361 1.38255
-0.15355 3.13423
0.0580793 1.12277
-0.802312 0.332038
-1.68596 2.20703
0.386423 3.96484
-1.1181 -1.0143
-1.26053 1.60063
-0.702478 0.850225
-1.79945 1.45745
-0.282029 4.58904
-1.24397 -1.50113
-1.06894 1.41629
-1.33322 -0.0143135
-1.45738 0.95372
-1.19776 0.229108
-1.55894 1.27632
-0.54649 1.46042
-0.99251 0.110661
-1.58001 1.91178
-0.2245 4.46064
-1.12325 -1.33304
-1.16195 1.60217
-0.832752 0.526614
-1.71835 1.94155
0.0772717 4.42825
-1.38569 -1.43836
-1.00004 1.24166
-1.59684 0.239956
-1.09482 0.489152
-1.63637 1.3963
-0.336947 2.97061
0.227222 1.37295
-0.147253 3.13313
0.0562537 1.12601
-0.794192 0.349242
-1.69267 2.20603
0.39684 3.94804
-1.1092 -0.99775
-1.26655 1.62347
-0.643684 1.01108
-1.7997 0.946642
-0.359411 3.49211
-0.0865254 0.516696
-1.94199 1.85886
0.558601 3.75476
-1.10122 -0.909663
-1.29299 1.64844
-0.553908 1.30486
-1.47886 -0.150122
-1.302 0.636792
-1.54782 0.657997
-1.12608 0.356363
-1.60373 1.41511
-0.351265 2.66122
0.378873 1.98277
0.148801 2.91302
0.0520112 1.54389
-0.0958951 3.5731
-0.247016 0.397503
-1.9112 2.44258
0.799158 2.49756
-0.234071 1.38074
-0.563874 0.995262
-1.81402 0.923479
-0.364713 3.63302
-0.186487 0.280461
-1.92954 2.65767
0.790818 1.89762
-0.112715 2.2589
0.355104 2.6709
0.0556521 1.93554
0.237434 3.21357
-0.146349 1.02169
-1.59949 -0.169873
-1.07712 0.618547
-1.66137 1.30573
-0.346258 2.85978
0.289786 1.57636
0.00272171 3.45179
-0.198494 0.618647
-1.91592 1.71911
0.354111 4.16416
-1.37044 -1.28976
-1.06981 1.1643
-1.60759 0.3485
-1.04802 0.504666
-1.65252 1.50499
-0.331364 3.67252
-0.229647 0.214678
-1.90957 2.80622
0.752299 1.61604
-0.120604 2.46345
0.334716 2.23869
0.169023 2.55394
0.180154 2.07279
0.244242 2.8447
0.0412808 1.66627
0.0152051 3.65916
-0.370451 0.192403
-1.84091 2.83942
0.748585 1.74585
-0.0927153 2.50527
0.3115 2.14621
0.187818 2.69086
0.125883 1.881
0.203617 3.24579
-0.149869 0.972134
-1.70028 0.007905
-0.793543 0.994802
-1.76995 1.02718
-0.352498 3.3023
0.0372489 0.824766
-1.75399 0.0632668
-0.613912 1.49153
-1.00256 0.109969
-1.57773 1.88564
-0.251152 4.4239
-1.05276 -1.25723
-1.1956 1.75906
-0.444951 1.7093
-0.223573 3.0954
0.107672 1.16826
-0.533582 1.01485
-1.80943 0.804293
-0.363199 3.26121
0.0678534 0.890201
-1.58747 -0.250165
-1.09285 0.633822
-1.65797 1.24679
-0.369559 2.54633
0.419582 2.26893
0.120341 2.50562
0.216434 2.13401
0.232203 2.72625
0.0934503 1.84154
0.18208 3.35671
-0.214651 0.755856
-1.89395 1.20462
-0.253394 4.70338
-1.42093 -1.63921
-0.885829 1.41552
-1.41178 -0.0692442
-1.39064 0.75301
-1.43032 0.341726
-1.41724 0.535562
-1.42882 0.44827
-1.41841 0.478525
-1.43112 0.482554
-1.41338 0.453176
-1.43856 0.509862
-1.40016 0.422389
-1.45468 0.56104
-1.36723 0.366828
-1.48594 0.683579
-1.27374 0.288184
-1.53959 1.01084
-0.90522 0.55996
-1.70292 1.76663
-0.191643 4.5628
-1.29013 -1.49742
-1.04701 1.35199
-1.44934 0.0260489
-1.3671 0.632912
-1.48352 0.489865
-1.32584 0.368489


