-0.661636 -4.48163
2.1869 0.69309
-0.20985 -4.78117
2.04501 1.32838
0.361343 -4.95786
1.75729 1.90622
0.403195 -2.90691
-0.30337 -1.08347
0.138046 -2.25721
-0.472845 -2.23647
-0.198858 -2.15278
-0.35044 -2.26467
-0.25285 -2.10317
-0.335432 -2.34164
-0.237125 -1.98975
-0.355391 -2.53714
-0.157953 -1.71236
-0.325206 -3.12248
0.150146 -0.717466
1.80943 -0.582926
0.269952 -2.8258
-0.2838 -1.18042
0.0508452 -2.84187
-0.174891 -1.14823
0.132902 -2.3632
-0.441737 -2.00042
-0.25742 -2.48515
-0.221056 -1.76294
-0.335159 -2.96266
0.0468042 -1.022
0.928612 0.0110446
1.51897 -2.04115
-0.170913 -4.26276
1.36631 1.48157
1.01942 -1.16368
1.51164 -0.0860022
1.26275 -0.406398
1.52813 -0.828751
0.958506 -0.353974
1.60427 -1.70711
0.12884 -4.25428
1.06907 1.3528
1.13788 -1.73268
0.243514 -2.26596
-0.512084 -2.34159
-0.148613 -1.99743
-0.390929 -2.56229
-0.131505 -1.6795
-0.307132 -3.21683
0.213096 -0.531891
1.84449 -1.5937
-0.242274 -4.36361
1.59021 1.54178
0.733506 -1.34204
1.21362 0.1605
1.44447 -1.29596
0.603829 -0.953728
1.74015 -0.631155
0.383824 -1.91302
-0.31673 -3.58972
0.593676 0.339978
1.51807 -2.87938
-0.794656 -1.89566
-0.0311323 -2.20514
-0.412617 -2.21931
-0.234241 -2.17584
-0.329433 -2.22468
-0.273421 -2.15794
-0.315398 -2.25353
-0.27241 -2.11346
-0.324656 -2.32381
-0.247664 -2.01308
-0.349271 -2.49353
-0.177758 -1.77476
-0.348769 -2.97993
0.0643903 -0.986006
1.12296 0.238371
1.43769 -1.58222
0.231114 -2.58366
-0.398252 -1.61623
-0.234458 -3.05108
0.0575369 -0.875868
1.47852 0.325441
1.26514 -0.614156
1.53196 -0.603899
1.10582 -0.259929
1.55511 -1.41399
0.239936 -2.63097
-0.378853 -1.52861
-0.200099 -3.17169
0.125255 -0.658544
1.8339 -0.792089
0.242634 -3.67931
0.357479 0.258125
1.66491 -3.18529
-0.65302 -0.938621
0.302517 -1.34448
0.372621 -1.3613
0.470644 -1.04728
1.6329 -0.027457
0.978672 -0.511905
1.63276 -1.47307
0.197018 -3.70163
0.398083 0.302577
1.62806 -3.16896
-0.66422 -1.01961
0.188138 -1.79604
-0.310827 -3.4814
0.464854 0.0718928
1.65935 -2.92086
-0.796789 -1.60601
-0.0175296 -2.39114
-0.361912 -1.88002
-0.301434 -2.68098
-0.119131 -1.48758
-0.144174 -3.47925
0.352349 -0.0589926
1.74479 -2.85739
-0.822213 -1.61563
0.00319843 -2.28725
-0.40639 -2.07664
-0.26611 -2.37887
-0.256196 -1.91971
-0.348341 -2.65331
-0.111614 -1.53736
-0.18915 -3.45476
0.354538 -0.088784
1.74938 -2.81372
-0.837078 -1.71802
0.00775082 -2.18848
-0.432582 -2.2758
-0.209543 -2.09759
-0.355821 -2.35687
-0.222812 -1.97221
-0.362066 -2.57356
-0.140088 -1.65957
-0.294652 -3.24255
0.226964 -0.484779
1.83959 -1.79419
-0.470192 -4.05149
1.45026 1.38044
0.98789 -1.04239
1.61593 -0.384289
0.948162 -0.465302
1.63066 -1.6004
0.16864 -4.12322
0.87281 1.11126
1.21377 -2.236
-0.298471 -4.00043
1.13475 1.20595
1.17817 -1.56682
0.551145 -1.00171
1.71093 -0.361638
0.615787 -1.12089
1.60385 -0.033611
1.06068 -0.439154
1.60005 -1.36868
0.224996 -2.87454
-0.231878 -1.08751
0.17754 -2.06774
-0.487645 -2.75874
0.0101259 -1.32995
0.065215 -3.00574
-0.0835689 -0.892239
1.10048 0.244784
1.43811 -1.64814
0.194892 -3.02997
-0.120189 -0.833465
1.23447 0.355034
1.3957 -1.27236
0.776035 -0.552818
1.69165 -1.7527
-0.049765 -4.41842
1.45471 1.59797
0.900604 -1.18761
1.53843 -0.0578295
1.21259 -0.394924
1.5493 -0.989524
0.717484 -0.744182
1.73675 -1.37097
0.191557 -4.18179
0.9296 1.2064
1.18377 -2.08412
-0.0387605 -4.16268
1.08905 1.2857
1.15708 -1.6815
0.317087 -1.85129
-0.28869 -3.59983
0.580404 0.330393
1.52681 -2.90073
-0.789912 -1.82621
-0.0379375 -2.28688
-0.388008 -2.06179
-0.277597 -2.40088
-0.243489 -1.89054
-0.351867 -2.71148
-0.0829555 -1.44719
-0.0870047 -3.49723
0.339224 -0.0435005
1.74802 -2.8839
-0.811987 -1.54176
0.00631528 -2.33285
-0.393477 -1.9917
-0.282936 -2.50388
-0.202818 -1.74319
-0.332467 -3.01633
0.0798401 -0.922697
1.3847 0.350113
1.34264 -0.838568
1.39045 -0.184138
1.42291 -0.613383
1.34831 -0.249774
1.46228 -0.69346
1.23708 -0.184747
1.50887 -1.07594
0.743546 -0.668482
1.72055 -1.54539
0.114474 -4.39493
1.26793 1.5542
1.04155 -1.33861
1.23675 0.0767924
1.45811 -1.20025
0.720927 -0.688525
1.72948 -1.51195
0.126669 -4.3863
1.24588 1.54088
1.05331 -1.37359
1.15371 0.0368167
1.48202 -1.43743
0.314587 -2.03075
-0.467684 -3.12357
0.244909 -0.587971
1.83879 -1.4422
-0.0476269 -4.50966
1.57524 1.64469
0.721044 -1.41037
0.984807 -0.0387738
1.52292 -1.87652
0.05514 -4.30438
1.19795 1.45574
1.09322 -1.44729
0.943405 -0.183073
1.56645 -1.89223
-0.016085 -4.35521
1.33417 1.53876
1.01769 -1.2303
1.43501 0.0257823
1.35932 -0.599722
1.44411 -0.378869
1.3595 -0.36638
1.4595 -0.578244
1.29141 -0.231591
1.49438 -0.87787
1.01845 -0.270159
1.57352 -1.64007
0.17599 -3.92564
0.637245 0.734482
1.37188 -2.83827
-0.773864 -2.09775
-0.0239002 -2.01979
-0.434671 -2.61141
-0.089658 -1.60233
-0.241729 -3.40293
0.337011 -0.17009
1.77074 -2.6855
-0.868945 -2.00362
0.060019 -1.79457
-0.360953 -3.25662
0.280882 -0.402843
1.81885 -2.13066
-0.75167 -3.35133
0.92137 0.697125
1.32944 -2.15105
-0.183808 -4.16902
1.24603 1.37778
1.108 -1.33038
1.19653 0.0393938
1.47446 -1.30982
0.502532 -1.25695
1.16693 0.186896
1.44537 -1.44256
0.371223 -1.7306
-0.0707395 -3.77191
0.61408 0.532296
1.44692 -2.8791
-0.781544 -1.94721
-0.0387818 -2.18908
-0.412809 -2.24683
-0.227216 -2.13699
-0.340867 -2.28824
-0.250735 -2.06756
-0.341884 -2.4007
-0.214724 -1.90662
-0.363862 -2.69766
-0.0841425 -1.4695
-0.109899 -3.50704
0.360137 -0.0150149
1.73225 -2.91282
-0.800604 -1.50005
0.00565834 -2.37225
-0.379483 -1.91904
-0.293534 -2.61569
-0.151886 -1.58325
-0.240161 -3.35163
0.289195 -0.28301
1.80376 -2.445
-0.877195 -2.55724
0.308964 -0.760732
1.81039 -0.857617
0.237778 -3.53837
0.236086 0.00753316
1.78856 -2.97844
-0.764689 -1.2289
0.0796171 -2.20005
-0.459783 -2.30867
-0.186372 -2.05161
-0.372047 -2.44383
-0.185748 -1.85089
-0.366647 -2.82362
-0.0189995 -1.26218
0.108975 -2.63083
-0.314106 -1.48569
-0.181237 -3.27971
0.198347 -0.454691
1.84472 -1.84822
-0.542808 -3.92187
1.37336 1.30197
1.07881 -1.07998
1.54123 -0.209095
1.19844 -0.340549
1.54669 -1.07998
0.614805 -0.976626
1.72959 -0.557352
0.453418 -1.61693
0.0953129 -3.14904
-0.00255568 -0.660315
1.79363 -0.332645
0.362815 -2.11362
-0.507688 -2.98059
0.163304 -0.860042
1.66417 0.040864
0.887987 -0.641349
1.67794 -1.43564
0.197331 -3.93619
0.637047 0.7483
1.3674 -2.83847
-0.772813 -2.09786
-0.0248388 -2.02256
-0.434478 -2.60437
-0.0928071 -1.6135
-0.252335 -3.38198
0.323987 -0.209232
1.78173 -2.61272
-0.878855 -2.16883
0.113849 -1.51405
-0.0299578 -3.56154
0.370867 0.070341
1.70764 -3.00571
-0.757995 -1.31183
0.0346411 -2.39058
-0.386127 -1.89451
-0.290397 -2.65133
-0.137339 -1.52963
-0.190611 -3.43306
0.334976 -0.134899
1.76603 -2.74572
-0.856513 -1.85659
0.028425 -2.00668
-0.448298 -2.6985
-0.0425897 -1.45629
-0.073708 -3.51547
0.349444 -0.0103861
1.73652 -2.92405
-0.795599 -1.46367
0.0106568 -2.37891
-0.379358 -1.90839
-0.293686 -2.632
-0.144631 -1.55916
-0.218729 -3.39237
0.313564 -0.20729
1.78553 -2.61467
-0.879484 -2.15293
0.109789 -1.53597
-0.056183 -3.60144
0.422858 0.16102
1.6564 -3.04155
-0.740344 -1.29933
0.0285746 -2.44261
-0.362992 -1.79869
-0.294152 -2.80828
-0.0593765 -1.28833
0.0615916 -2.9708
-0.103573 -0.947176
0.824279 -0.130491
1.57897 -2.19402
-0.483635 -3.8769
1.2084 1.1944
1.17354 -1.3876
0.997473 -0.139903
1.54626 -1.78788
0.1171 -4.22697
1.04257 1.31366
1.15032 -1.79673
0.179239 -2.85241
-0.223925 -1.12089
0.13557 -2.31791
-0.456923 -2.0991
-0.236181 -2.34504
-0.280841 -1.96305
-0.337681 -2.56973
-0.152531 -1.66108
-0.296123 -3.22441
0.212969 -0.522296
1.84429 -1.63013
-0.286279 -4.31495
1.57616 1.51592
0.766764 -1.27381
1.40223 0.15693
1.36865 -0.734833
1.39551 -0.237798
1.4216 -0.56767
1.36309 -0.282505
1.45316 -0.628648
1.28598 -0.211655
1.49423 -0.907653
0.989858 -0.296103
1.5848 -1.689
0.153497 -4.13828
0.901937 1.14485
1.20254 -2.15905
-0.163223 -4.13101
1.16866 1.31113
1.14338 -1.49151
0.780222 -0.460496
1.67139 -1.90313
-0.216529 -4.29548
1.46523 1.51557
0.921092 -1.12821
1.58965 -0.202724
1.07906 -0.381674
1.58505 -1.38116
0.230754 -2.77396
-0.294935 -1.26157
-0.0121193 -3.16199
0.045326 -0.661806
1.81356 -0.498138
0.282581 -2.70634
-0.360423 -1.40545
-0.126465 -3.26902
0.165732 -0.483737
1.85304 -1.67707
-0.368816 -4.21539
1.54249 1.46532
0.839407 -1.15345
1.58811 -0.132497
1.09346 -0.392103
1.58375 -1.33221
0.258399 -2.49615
-0.452362 -1.8171
-0.254659 -2.74124
-0.109502 -1.38559
-0.0424233 -3.41759
0.248722 -0.21046
1.81031 -2.58489
-0.886475 -2.16024
0.122291 -1.48961
-0.000350471 -3.48807
0.290675 -0.0803151
1.77681 -2.83866
-0.828259 -1.59354
0.0119501 -2.26353
-0.417009 -2.12695
-0.252052 -2.30686
-0.285931 -2.02326
-0.331231 -2.46841
-0.195312 -1.807
-0.354265 -2.90112
0.0188247 -1.12887
0.437509 -1.07456
1.56142 0.125483
1.16024 -0.453781
1.57545 -1.08358
0.518834 -1.26094
1.18297 0.194043
1.44158 -1.39645
0.446836 -1.42892
0.407021 -1.27226
0.899647 -0.0967503
1.5529 -2.05281
-0.236382 -4.21913
1.37956 1.45719
1.01942 -1.13716
1.53626 -0.139695
1.21466 -0.365938
1.54472 -1.00949
0.709148 -0.75863
1.74015 -1.33409
0.200148 -4.11863
0.8462 1.09047
1.22169 -2.30528
-0.413145 -3.82885
1.03116 1.02218
1.23427 -1.83654
0.156993 -3.3401
0.110061 -0.337841
1.86042 -2.08666
-0.778481 -3.2947
0.90115 0.651406
1.3442 -2.20606
-0.285646 -4.0721
1.22461 1.30661
1.13589 -1.36338
1.09835 -0.0294054
1.50502 -1.57215
0.199841 -3.0808
-0.0889144 -0.751788
1.55161 0.309286
1.15893 -0.522922
1.5843 -1.00939
0.575788 -1.10175
1.6133 -0.0344831
1.03474 -0.457989
1.60956 -1.41194
0.20815 -3.19952
-0.0113816 -0.560645
1.85566 -0.816427
0.244626 -3.99061
0.671003 0.837973
1.3282 -2.7571
-0.769972 -2.35906
0.0476872 -1.61213
-0.188614 -3.56687
0.466631 0.159228
1.6341 -2.98876
-0.766431 -1.46433
-0.0114734 -2.49555
-0.322458 -1.70293
-0.288211 -2.98546
0.0392052 -0.988951
1.04274 0.161186
1.46454 -1.79313
0.152345 -3.95158
0.679784 0.792802
1.34036 -2.73936
-0.771924 -2.41631
0.0733756 -1.49937
-0.0432901 -3.55777
0.373901 0.0665432
1.70698 -2.99943
-0.76123 -1.32846
0.0299908 -2.40117
-0.379977 -1.87359
-0.292836 -2.68515
-0.120785 -1.47946
-0.136983 -3.48006
0.349214 -0.0604571
1.74654 -2.85648
-0.822522 -1.6143
0.00366153 -2.28616
-0.40692 -2.07894
-0.265484 -2.37554
-0.25761 -1.92443
-0.347878 -2.6444
-0.115826 -1.55091
-0.203255 -3.43624
0.345253 -0.121007
1.75925 -2.7667
-0.850912 -1.81787
0.0206833 -2.06373
-0.449729 -2.55765
-0.104777 -1.68457
-0.308864 -3.24181
0.234652 -0.477473
1.83732 -1.83296
-0.508554 -3.98221
1.40751 1.33934
1.04129 -1.05256
1.58251 -0.306937
1.07645 -0.356219
1.58065 -1.41269
0.220767 -2.89662
-0.216271 -1.05017
0.262334 -1.66046
-0.0788917 -3.71531
0.555569 0.41485
1.51021 -2.97167
-0.76172 -1.6399
-0.0497635 -2.5
-0.303537 -1.69624
-0.291628 -3.01093
0.0568207 -0.942626
1.26565 0.334434
1.39411 -1.1766
0.939868 -0.294997
1.59444 -1.80756
0.0488105 -4.3561
1.27403 1.52404
1.0499 -1.31744
1.27229 0.0794239
1.44812 -1.09191
0.911315 -0.359386
1.61567 -1.80452
0.0222696 -4.38005
1.33143 1.55705
1.01252 -1.24233
1.42145 0.0413494
1.37052 -0.640331
1.42144 -0.317811
1.39417 -0.452254
1.42049 -0.422472
1.38915 -0.385248
1.43004 -0.484961
1.36682 -0.324412
1.45189 -0.588834
1.30291 -0.232276
1.48864 -0.842046
1.06768 -0.229609
1.55563 -1.54194
0.194896 -3.34933
0.102533 -0.317719
1.86153 -2.13908
-0.81119 -3.15636
0.786778 0.437242
1.42519 -2.48745
-0.68978 -3.21643
0.614044 0.162277
1.56503 -2.77019
-0.823038 -2.1652
0.0415306 -1.7608
-0.339363 -3.3021
0.307015 -0.319444
1.80183 -2.37001
-0.857923 -2.76929
0.446802 -0.344898
1.75662 -2.35178
-0.817989 -2.97111
0.572 -0.00880009
1.63179 -2.71945
-0.840745 -2.212
0.0764369 -1.61631
-0.174669 -3.59588
0.488178 0.214322
1.60682 -2.9966
-0.76131 -1.4782
-0.0187221 -2.51892
-0.309019 -1.66446
-0.278512 -3.0572
0.0810429 -0.859864
1.55923 0.250141
1.15266 -0.499029
1.58379 -1.05476
0.525979 -1.24442
1.24839 0.226017
1.42282 -1.20675
0.812857 -0.49833
1.67071 -1.79675
-0.0647497 -4.40119
1.44639 1.58565
0.913989 -1.17734
1.54589 -0.0821768
1.19694 -0.38338
1.55346 -1.04664
0.634327 -0.932312
1.74464 -0.745897
0.318296 -2.26966
-0.535986 -2.44514
-0.100964 -1.83303
-0.382524 -2.94055
0.0568952 -1.0474
0.85178 -0.111557
1.56725 -2.14985
-0.406078 -4.00564
1.28664 1.30371
1.11998 -1.23187
1.34963 0.0341313
1.42411 -0.839197
1.23589 -0.138097
1.50098 -1.10713
0.726502 -0.698272
1.72925 -1.48502
0.145193 -4.35159
1.18417 1.49076
1.08426 -1.48386
0.853275 -0.31549
1.61876 -1.96909
-0.213278 -4.27279
1.42921 1.49889
0.96387 -1.12186
1.57754 -0.203884
1.11138 -0.363047
1.5742 -1.31125
0.286265 -2.27562
-0.525697 -2.3786
-0.129443 -1.93873
-0.396059 -2.6919
-0.0719035 -1.47786
-0.112012 -3.51632
0.370054 0.00528832
1.72301 -2.93252
-0.792379 -1.46772
0.00702712 -2.39443
-0.371924 -1.87945
-0.29679 -2.67868
-0.122148 -1.49009
-0.147862 -3.47561
0.350939 -0.0650376
1.7466 -2.84936
-0.825095 -1.63234
0.00371299 -2.27162
-0.411119 -2.10702
-0.258689 -2.33521
-0.27401 -1.98227
-0.33981 -2.53914
-0.164096 -1.70642
-0.32171 -3.12677
0.151432 -0.710491
1.81376 -0.621871
0.259539 -2.98214
-0.180114 -0.910923
0.77994 -0.19727
1.60838 -2.22427
-0.558753 -3.73812
1.12068 1.0634
1.22023 -1.60218
0.428535 -1.40637
0.441772 -1.15089
1.39048 0.259545
1.35778 -0.798908
1.3858 -0.198679
1.42815 -0.617758
1.33774 -0.240291
1.46879 -0.731089
1.2009 -0.17935
1.51831 -1.19014
0.55608 -1.11828
1.5781 0.0487959
1.12705 -0.432029
1.58216 -1.19954
0.371917 -1.8115
-0.184964 -3.75169
0.675472 0.576329
1.41137 -2.75085
-0.788838 -2.36054
0.0687822 -1.54928
-0.101372 -3.60835
0.455196 0.19621
1.62918 -3.02911
-0.746392 -1.3664
0.00578098 -2.50499
-0.326133 -1.68802
-0.282289 -3.00625
0.0496168 -0.952379
1.21245 0.308663
1.41034 -1.33066
0.633402 -0.865017
1.75757 -0.986275
0.23331 -3.21833
-0.00827999 -0.527478
1.86716 -0.99505
0.208652 -4.38322
1.17452 1.5161
1.07758 -1.50982
0.78605 -0.431791
1.66346 -1.93792
-0.251477 -4.25617
1.45098 1.49073
0.94575 -1.11067
1.59374 -0.239715
1.06037 -0.385117
1.58981 -1.42687
0.211455 -3.06939
-0.101366 -0.769051
1.48426 0.363742
1.25092 -0.616544
1.5419 -0.639759
1.05661 -0.289457
1.57075 -1.52487
0.19557 -3.39422
0.136553 -0.242505
1.84938 -2.41067
-0.89331 -2.49169
0.294946 -0.823005
1.78093 -0.530665
0.327775 -2.27833
-0.538411 -2.43703
-0.102429 -1.84442
-0.385787 -2.91456
0.0426086 -1.0948
0.619145 -0.579795
1.74129 -1.8132
-0.246012 -4.30177
1.50902 1.5185
0.866785 -1.15554
1.58087 -0.133064
1.11217 -0.382671
1.57759 -1.29042
0.297442 -2.20539
-0.529264 -2.58699
-0.0486318 -1.60632
-0.231463 -3.45116
0.376838 -0.0698537
1.73549 -2.83206
-0.830959 -1.70022
0.00284519 -2.22311
-0.423187 -2.20221
-0.232976 -2.20067
-0.324141 -2.18497
-0.285584 -2.21592
-0.296179 -2.16524
-0.303215 -2.24329
-0.280857 -2.12661
-0.3183 -2.30277
-0.256988 -2.04219
-0.342274 -2.44207
-0.200013 -1.84742
-0.361661 -2.81942
-0.0236205 -1.27004
0.0979483 -2.71367
-0.265717 -1.34635
-0.068903 -3.32852
0.187732 -0.376239
1.84269 -2.09028
-0.756168 -3.3596
0.943453 0.728955
1.31896 -2.09121
-0.0790248 -4.22302
1.21197 1.39886
1.10897 -1.4063
1.03061 -0.083115
1.52725 -1.73374
0.158372 -4.01239
0.746257 0.907973
1.28918 -2.57238
-0.709327 -2.97644
0.379305 -0.413426
1.78981 -2.18155
-0.750284 -3.32678
0.883029 0.636451
1.35037 -2.2532
-0.36707 -3.96385
1.16934 1.21034
1.17387 -1.48234
0.768933 -0.490646
1.68097 -1.86995
-0.188444 -4.32599
1.47575 1.53496
0.901761 -1.14563
1.58107 -0.16055
1.10842 -0.376614
1.57739 -1.30661
0.284948 -2.28762
-0.524011 -2.34517
-0.140844 -1.98873
-0.393976 -2.58391
-0.121106 -1.64698
-0.284258 -3.28917
0.260222 -0.391225
1.82377 -2.14108
-0.765446 -3.30486
0.885728 0.633091
1.35104 -2.24647
-0.356492 -3.98001
1.17925 1.22603
1.16804 -1.45944
0.833808 -0.371482
1.63698 -1.94084
-0.20422 -4.29003
1.44318 1.51101
0.9459 -1.12537
1.58247 -0.202601
1.09856 -0.370029
1.57846 -1.33992
0.259933 -2.47717
-0.460931 -1.85995
-0.252489 -2.67814
-0.140572 -1.4798
-0.145296 -3.46253
0.337344 -0.0938207
1.75807 -2.81082
-0.838101 -1.70628
0.00943922 -2.18977
-0.43304 -2.27429
-0.209722 -2.09974
-0.355396 -2.35314
-0.224202 -1.97744
-0.361343 -2.56361
-0.144531 -1.67426
-0.304201 -3.21029
0.206155 -0.547396
1.84598 -1.51788
-0.155453 -4.44522
1.60238 1.59064
0.695083 -1.43849
0.850301 -0.231224
1.59862 -2.05819
-0.314912 -4.15073
1.37783 1.41664
1.03533 -1.12035
1.54059 -0.16448
1.20395 -0.355809
1.54712 -1.05041
0.65069 -0.889554
1.75123 -0.912723
0.250314 -2.88229
-0.239275 -1.07786
0.187352 -2.01153
-0.471296 -2.92692
0.100175 -1.01554
1.10361 0.213782
1.44555 -1.63333
0.1983 -2.98767
-0.148875 -0.9011
0.896571 -0.00273687
1.52853 -2.11192
-0.296751 -4.1404
1.33933 1.39893
1.06484 -1.16586
1.47875 -0.0600076
1.31398 -0.467257
1.49842 -0.621993
1.18611 -0.215814
1.5289 -1.21144
0.496458 -1.30424
0.983855 0.00541107
1.51174 -1.89924
0.0405636 -4.30796
1.21588 1.46573
1.08633 -1.41188
1.03812 -0.0684328
1.52259 -1.72113
0.164311 -3.94556
0.666026 0.77688
1.3493 -2.77187
-0.774798 -2.31035
0.0347168 -1.68411
-0.272884 -3.44582
0.399199 -0.0491791
1.72071 -2.84756
-0.825508 -1.68996
-0.00160162 -2.25044
-0.414501 -2.14566
-0.249696 -2.28023
-0.295018 -2.06305
-0.322245 -2.40294
-0.222868 -1.89883
-0.360269 -2.70751
-0.0810804 -1.4538
-0.0925798 -3.50222
0.34665 -0.0314092
1.74212 -2.89759
-0.806634 -1.51915
0.00639515 -2.35176
-0.387087 -1.95671
-0.288551 -2.55706
-0.178955 -1.66775
-0.29991 -3.18108
0.180748 -0.610445
1.84607 -1.18799
0.151472 -4.47961
1.34845 1.64014
0.971915 -1.26521
1.40813 0.0716927
1.37786 -0.6876
1.39781 -0.263031
1.42036 -0.545822
1.37013 -0.299666
1.448 -0.596971
1.30773 -0.231382
1.48595 -0.827871
1.08728 -0.216308
1.54926 -1.49764
0.207145 -3.04866
-0.113209 -0.802621
1.35787 0.393777
1.34788 -0.921378
1.33179 -0.115271
1.45736 -0.823288
1.16773 -0.164937
1.52321 -1.29885
0.398153 -1.65894
0.0320515 -3.57971
0.358411 0.0923676
1.70888 -3.038
-0.740787 -1.2306
0.0620851 -2.30737
-0.426941 -2.0679
-0.256874 -2.39068
-0.256194 -1.90018
-0.347541 -2.68789
-0.0960599 -1.4839
-0.13023 -3.49954
0.363928 -0.0222818
1.73192 -2.90157
-0.805306 -1.52911
0.00316684 -2.35932
-0.38296 -1.94184
-0.291252 -2.58027
-0.168093 -1.63466
-0.279508 -3.25148
0.225732 -0.474527
1.8393 -1.82781
-0.507584 -3.98528
1.41054 1.34152
1.03808 -1.05047
1.58553 -0.315077
1.06565 -0.361984
1.58408 -1.43585
0.211307 -3.05736
-0.10926 -0.788372
1.4118 0.390851
1.31534 -0.779081
1.45353 -0.288829
1.35196 -0.401087
1.46663 -0.57205
1.27902 -0.229819
1.49994 -0.917267
0.962358 -0.328586
1.59769 -1.72388
0.122601 -4.26338
1.086 1.3696
1.13211 -1.69253
0.306858 -1.8922
-0.345802 -3.4867
0.500249 0.126297
1.62685 -2.92179
-0.794502 -1.65158
-0.0253589 -2.38592
-0.360293 -1.88778
-0.302408 -2.66933
-0.124107 -1.50538
-0.163348 -3.4661
0.350551 -0.0779363
1.7492 -2.83092
-0.831483 -1.67409
0.00538103 -2.23177
-0.422243 -2.18635
-0.23709 -2.22297
-0.316633 -2.14995
-0.296842 -2.26783
-0.277054 -2.08926
-0.326635 -2.36232
-0.234527 -1.95813
-0.357507 -2.59408
-0.133509 -1.62826
-0.272075 -3.30516
0.266876 -0.36431
1.81933 -2.22367
-0.810385 -3.10358
0.71571 0.302137
1.48544 -2.6251
-0.787271 -2.71034
0.267101 -0.805645
1.7851 -0.529594
0.319703 -2.33834
-0.529296 -2.26409
-0.160731 -2.104
-0.376152 -2.35753
-0.21304 -1.97508
-0.365997 -2.5724
-0.138796 -1.66184
-0.296077 -3.24009
0.225753 -0.48916
1.84012 -1.77654
-0.451092 -4.08364
1.46872 1.39824
0.961697 -1.04883
1.62454 -0.389837
0.916991 -0.50565
1.64616 -1.60826
0.15511 -4.21762
1.00126 1.28228
1.16033 -1.89985
0.133375 -3.61452
0.345357 0.145994
1.7026 -3.10149
-0.704573 -1.08711
0.139719 -1.98778
-0.461038 -2.90736
0.0809568 -1.06414
0.851026 -0.117048
1.56888 -2.14768
-0.40508 -4.00803
1.28881 1.30601
1.11846 -1.22809
1.35648 0.0315511
1.42059 -0.817822
1.25807 -0.143049
1.49467 -1.03568
0.842143 -0.486208
1.66056 -1.77001
-0.0108289 -4.4091
1.4031 1.58937
0.952159 -1.19134
1.51659 -0.0491199
1.25347 -0.41583
1.53369 -0.847936
0.92262 -0.39915
1.62219 -1.73568
0.0864263 -4.34503
1.22537 1.49962
1.07286 -1.40102
1.0754 -0.0284429
1.50785 -1.63749
0.184195 -3.4746
0.204684 -0.106007
1.81658 -2.77821
-0.847572 -1.6481
0.0238357 -2.16737
-0.442785 -2.33198
-0.188267 -2.0185
-0.37415 -2.50335
-0.162681 -1.76494
-0.348001 -3.0145
0.0865173 -0.920565
1.40524 0.345723
1.32986 -0.783785
1.43302 -0.25681
1.38046 -0.462703
1.43582 -0.447277
1.36383 -0.338764
1.455 -0.586809
1.29748 -0.230762
1.49125 -0.859717
1.04453 -0.247226
1.56364 -1.59075
0.186744 -3.65519
0.359442 0.217431
1.67547 -3.15199
-0.674521 -1.00429
0.212755 -1.68404
-0.153608 -3.68757
0.575138 0.404705
1.50493 -2.93258
-0.775913 -1.75385
-0.048592 -2.38913
-0.348574 -1.87915
-0.307462 -2.68678
-0.113893 -1.47996
-0.134487 -3.48574
0.353195 -0.0495672
1.74257 -2.87017
-0.817483 -1.58766
0.00302223 -2.3107
-0.399154 -2.03197
-0.275921 -2.44404
-0.22868 -1.82762
-0.348981 -2.83608
-0.0204783 -1.2431
0.129498 -2.4772
-0.396429 -1.76989
-0.275565 -2.83553
-0.0526783 -1.24236
0.107082 -2.62192
-0.317723 -1.50068
-0.191055 -3.26283
0.189636 -0.485506
1.84807 -1.72052
-0.406527 -4.15818
1.51252 1.43725
0.893052 -1.09302
1.62484 -0.30403
0.947478 -0.483918
1.63461 -1.57731
0.175383 -4.08078
0.816664 1.03044
1.2421 -2.38575
-0.529682 -3.59375
0.858023 0.707455
1.33262 -2.31266
-0.451232 -3.81192
1.0605 1.04167
1.22827 -1.75891
0.19654 -2.7301
-0.303085 -1.3303
-0.0651903 -3.28813
0.155176 -0.450336
1.85432 -1.7803
-0.491937 -4.0233
1.44222 1.36582
1.00121 -1.03797
1.61163 -0.382497
0.963053 -0.447234
1.62356 -1.59123
0.175245 -4.05807
0.789588 0.988055
1.25799 -2.45776
-0.613928 -3.36184
0.671974 0.32514
1.49269 -2.72211
-0.807129 -2.39427
0.104871 -1.42068
0.0467886 -3.23314
0.0730459 -0.533089
1.86453 -1.22855
0.0835047 -4.54781
1.49911 1.69173
0.812507 -1.30103
1.35912 0.156965
1.39678 -0.855864
1.28317 -0.130553
1.4831 -0.964737
0.96346 -0.315941
1.59456 -1.73356
0.118169 -4.27058
1.09907 1.3825
1.1275 -1.66208
0.366924 -1.61406
0.0501372 -3.45497
0.241417 -0.145676
1.8062 -2.71502
-0.865759 -1.8339
0.037826 -1.98323
-0.446718 -2.76616
-0.00917535 -1.33944
0.0473966 -3.12169
-0.00308688 -0.714278
1.73018 -0.0660481
0.642803 -1.10823
1.62823 -0.112072
0.982037 -0.487883
1.6274 -1.49779
0.194396 -3.75655
0.452001 0.405841
1.56457 -3.14466
-0.676706 -1.13985
0.0827848 -2.28689
-0.442054 -2.12377
-0.239678 -2.31127
-0.290125 -2.01448
-0.330171 -2.48209
-0.190641 -1.78704
-0.34988 -2.94387
0.0423579 -1.05259
0.78892 -0.22025
1.61176 -2.18635
-0.515997 -3.83161
1.1914 1.16165
1.18581 -1.42611
0.891407 -0.28449
1.60229 -1.92357
-0.115977 -4.34018
1.4155 1.54139
0.959999 -1.1546
1.55121 -0.127909
1.18334 -0.367257
1.55558 -1.10143
0.559296 -1.1298
1.56099 0.0769078
1.16384 -0.436726
1.57193 -1.09114
0.520802 -1.25272
1.21342 0.211272
1.43294 -1.30899
0.612578 -0.926333
1.7489 -0.745617
0.310043 -2.33075
-0.526949 -2.26973
-0.160588 -2.09669
-0.377323 -2.37079
-0.208221 -1.95639
-0.368139 -2.6088
-0.122415 -1.60734
-0.254003 -3.35295
0.298468 -0.271855
1.79924 -2.47508
-0.87975 -2.48979
0.267752 -0.898821
1.69748 -0.103857
0.75154 -0.848669
1.73231 -1.06761
0.23014 -3.1671
-0.0429313 -0.610498
1.81789 -0.442657
0.288659 -2.66458
-0.386649 -1.49023
-0.177815 -3.19851
0.135019 -0.610937
1.84849 -1.05308
0.208656 -4.3411
1.11989 1.4569
1.10306 -1.62092
0.471181 -1.22204
1.22574 0.228609
1.42679 -1.27572
0.686221 -0.748914
1.74528 -1.36508
0.188028 -4.22286
0.983736 1.27808
1.16185 -1.94394
0.11191 -3.84136
0.580704 0.590054
1.4407 -2.95403
-0.756572 -1.73107
-0.0626225 -2.46181
-0.313865 -1.75837
-0.306004 -2.90105
-0.00341856 -1.13514
0.371491 -1.29097
0.73326 -0.387334
1.66844 -2.07647
-0.457926 -3.97219
1.31307 1.30002
1.11108 -1.17998
1.42448 -0.0179394
1.37504 -0.607051
1.4228 -0.337973
1.39183 -0.436275
1.42452 -0.440198
1.38155 -0.36491
1.43842 -0.519516
1.34647 -0.288367
1.46664 -0.672635
1.23754 -0.191387
1.50986 -1.07038
0.74773 -0.660859
1.71828 -1.5597
0.106441 -4.40253
1.28513 1.56481
1.03134 -1.31384
1.29194 0.0871049
1.44018 -1.03422
1.00902 -0.241954
1.56873 -1.68675
0.162159 -4.05743
0.797206 0.992053
1.2558 -2.43841
-0.593525 -3.42588
0.724402 0.438182
1.44069 -2.63061
-0.77502 -2.73248
0.265434 -0.799245
1.78864 -0.554914
0.305216 -2.446
-0.494703 -1.97756
-0.23088 -2.50626
-0.22395 -1.72454
-0.321175 -3.03084
0.0838314 -0.898795
1.46369 0.32652
1.28172 -0.643021
1.51677 -0.525527
1.18178 -0.245197
1.53543 -1.20413
0.487775 -1.33615
0.84103 -0.206848
1.59468 -2.09851
-0.369415 -4.07483
1.33857 1.36247
1.07792 -1.15428
1.48035 -0.0721436
1.3123 -0.458955
1.49963 -0.634467
1.17693 -0.215165
1.53102 -1.2394
0.454012 -1.44923
0.359894 -1.44703
0.217496 -2.0852
-0.49668 -2.77944
0.0268995 -1.28464
0.117524 -2.59597
-0.335623 -1.54775
-0.217703 -3.19464
0.14995 -0.612061
1.84781 -1.09263
0.195436 -4.38964
1.19339 1.52806
1.07033 -1.47302
0.892543 -0.249661
1.59347 -1.9535
-0.145765 -4.31653
1.41463 1.52538
0.966823 -1.14519
1.55674 -0.147308
1.1694 -0.361952
1.55896 -1.14705
0.4925 -1.33428
0.85914 -0.177253
1.58272 -2.08566
-0.331931 -4.12103
1.35643 1.39374
1.05709 -1.13865
1.51059 -0.113019
1.26464 -0.396413
1.52628 -0.832067
0.96148 -0.349338
1.6026 -1.7051
0.131653 -4.24478
1.05441 1.33648
1.14324 -1.76797
0.202934 -2.59181
-0.379811 -1.58534
-0.22728 -3.10644
0.0913436 -0.776349
1.72392 -0.0950692
0.658546 -1.06209
1.67588 -0.292729
0.7734 -0.766539
1.72398 -1.28597
0.211257 -3.8472
0.534999 0.574659
1.46555 -3.04318
-0.721407 -1.47044
-0.0425571 -2.64872
-0.238428 -1.46292
-0.15798 -3.37508
0.265857 -0.270248
1.81039 -2.46051
-0.882582 -2.49313
0.275218 -0.87678
1.72846 -0.222827
0.60554 -1.17716
1.50667 0.132732
1.2568 -0.499526
1.53753 -0.755558
0.990158 -0.331193
1.59271 -1.65573
0.164557 -4.08296
0.826381 1.03887
1.23862 -2.3605
-0.495838 -3.67167
0.91919 0.821483
1.29431 -2.14659
-0.160942 -4.17139
1.22417 1.3687
1.11617 -1.3746
1.09588 -0.0247439
1.50425 -1.58123
0.197296 -3.12842
-0.0559519 -0.675989
1.73871 -0.0669315
0.61225 -1.19021
1.48585 0.152058
1.28393 -0.540292
1.52059 -0.634779
1.12108 -0.242079
1.54842 -1.38404
0.267064 -2.38883
-0.495386 -2.06945
-0.219939 -2.38098
-0.275799 -1.90594
-0.339858 -2.66916
-0.108127 -1.51203
-0.163433 -3.47813
0.361997 -0.0521024
1.73891 -2.86299
-0.820214 -1.61343
0.00167941 -2.29609
-0.403064 -2.0591
-0.270392 -2.40432
-0.245455 -1.88369
-0.350571 -2.72282
-0.0780639 -1.42916
-0.0667819 -3.48158
0.315136 -0.0809398
1.7659 -2.83502
-0.829905 -1.62711
0.00885938 -2.25195
-0.418716 -2.14816
-0.247042 -2.27682
-0.29722 -2.06785
-0.320541 -2.39512
-0.226324 -1.90963
-0.359693 -2.68573
-0.0916433 -1.48812
-0.132364 -3.50247
0.367883 -0.0151173
1.72848 -2.9086
-0.802485 -1.5179
0.00319388 -2.369
-0.379527 -1.92425
-0.293425 -2.60773
-0.155403 -1.59496
-0.249901 -3.3303
0.275954 -0.323327
1.81247 -2.33909
-0.855107 -2.81654
0.486999 -0.238703
1.7219 -2.52894
-0.855304 -2.56623
0.274607 -0.849321
1.75489 -0.346817
0.468583 -1.60452
0.112749 -2.9758
-0.120584 -0.929284
0.853441 -0.0774457
1.55777 -2.16866
-0.42117 -3.97647
1.26459 1.27736
1.13546 -1.27189
1.27179 0.0439581
1.45539 -1.08058
0.905064 -0.371763
1.61993 -1.80369
0.0167301 -4.38379
1.3418 1.56196
1.00494 -1.23149
1.44095 0.0265398
1.35304 -0.585683
1.45372 -0.406604
1.34118 -0.333085
1.47343 -0.655675
1.23013 -0.197256
1.51324 -1.08951
0.711155 -0.736466
1.73767 -1.39362
0.182963 -4.23572
1.00377 1.30145
1.1547 -1.89328
0.135673 -3.56944
0.30416 0.0623682
1.74432 -3.03623
-0.738916 -1.17557
0.0935575 -2.16929
-0.469271 -2.39219
-0.155731 -1.93112
-0.386657 -2.68785
-0.0782612 -1.48495
-0.122541 -3.51283
0.37241 0.00243352
1.72247 -2.92766
-0.794525 -1.48097
0.00534121 -2.3911
-0.372397 -1.88499
-0.296725 -2.66996
-0.126201 -1.50321
-0.162073 -3.46529
0.349083 -0.0802792
1.75031 -2.82796
-0.832477 -1.6793
0.00589123 -2.22554
-0.423939 -2.19913
-0.233309 -2.20505
-0.32291 -2.17803
-0.287757 -2.22614
-0.292555 -2.15007
-0.308156 -2.26641
-0.272219 -2.09332
-0.328206 -2.35613
-0.235822 -1.96738
-0.356801 -2.57711
-0.140978 -1.65352
-0.290674 -3.25223
0.232696 -0.466554
1.83711 -1.86695
-0.545356 -3.91164
1.36224 1.29344
1.08857 -1.09363
1.5243 -0.172799
1.23702 -0.359869
1.53518 -0.947405
0.814347 -0.5559
1.68198 -1.69816
0.0344616 -4.41958
1.37377 1.5944
0.972497 -1.21521
1.47904 -0.00159617
1.30962 -0.49198
1.50179 -0.611021
1.18289 -0.219981
1.53048 -1.21831
0.482952 -1.34934
0.778037 -0.319648
1.63954 -2.09872
-0.440089 -3.98712
1.30863 1.30516
1.11121 -1.18962
1.41315 -0.00623285
1.38431 -0.641695
1.40167 -0.29021
1.41704 -0.518416
1.38074 -0.324917
1.43895 -0.550257
1.33818 -0.2685
1.47107 -0.710846
1.20707 -0.183863
1.51753 -1.16855
0.588528 -1.02872
1.69541 -0.319081
0.691203 -0.93815
1.7347 -0.768585
0.328631 -2.19071
-0.532811 -2.68476
-0.000542461 -1.43114
-0.0241231 -3.46237
0.278808 -0.126723
1.78867 -2.7594
-0.853774 -1.76579
0.0234323 -2.08756
-0.450297 -2.5066
-0.124743 -1.76292
-0.352283 -3.06055
0.120236 -0.828406
1.67237 0.0398762
0.861264 -0.681183
1.69088 -1.39635
0.201401 -3.91213
0.608634 0.701036
1.39271 -2.90123
-0.76417 -1.90189
-0.0570761 -2.28733
-0.379274 -2.05559
-0.282826 -2.4103
-0.237866 -1.87826
-0.352921 -2.73686
-0.0701474 -1.40682
-0.0413914 -3.44709
0.273268 -0.153843
1.79449 -2.70861
-0.866695 -1.88132
0.0418077 -1.93761
-0.436118 -2.88206
0.050392 -1.13127
0.502457 -0.88615
1.76936 -0.745028
0.277028 -2.63158
-0.397955 -1.54879
-0.205964 -3.13142
0.0993356 -0.73248
1.77888 -0.33286
0.401199 -1.90447
-0.291258 -3.64187
0.633441 0.433836
1.47191 -2.82461
-0.797578 -2.09545
-0.00182891 -1.95192
-0.432498 -2.79005
-0.00408881 -1.30296
0.0796237 -2.87698
-0.16643 -1.08877
0.237219 -1.79131
-0.273138 -3.57837
0.542147 0.261921
1.56585 -2.93969
-0.781839 -1.67795
-0.0384855 -2.41789
-0.342186 -1.83132
-0.306873 -2.76603
-0.0757011 -1.35704
-0.000828408 -3.32412
0.157381 -0.383118
1.85084 -2.01947
-0.71576 -3.50268
1.06619 0.921126
1.26173 -1.7514
0.19431 -2.78989
-0.267835 -1.2267
0.0210741 -3.03756
-0.0473732 -0.853426
1.33169 0.376012
1.36374 -0.991237
1.24388 -0.085708
1.4889 -1.11028
0.760451 -0.625208
1.70911 -1.62683
0.0607156 -4.42957
1.36276 1.60088
0.977546 -1.22894
1.4587 0.0215871
1.33357 -0.543024
1.47891 -0.496215
1.27705 -0.256256
1.50444 -0.905313
0.960517 -0.333792
1.59926 -1.72299
0.121841 -4.26673
1.09103 1.37511
1.13018 -1.68079
0.328886 -1.78374
-0.185778 -3.72926
0.648767 0.526231
1.43636 -2.8054
-0.792461 -2.17662
0.0118857 -1.84887
-0.39935 -3.0519
0.141161 -0.816817
1.70953 -0.0743048
0.714968 -0.932878
1.73155 -0.797827
0.321138 -2.23121
-0.536255 -2.55624
-0.0576352 -1.6536
-0.277298 -3.36371
0.322659 -0.232063
1.78537 -2.56766
-0.881121 -2.28017
0.158581 -1.31309
0.206687 -2.06893
-0.491363 -2.80498
0.0379952 -1.24025
0.189533 -2.11846
-0.498085 -2.6438
-0.0412554 -1.52797
-0.147812 -3.53393
0.407276 0.0601454
1.69135 -2.96613
-0.777851 -1.43765
0.00422232 -2.43822
-0.353545 -1.80167
-0.298533 -2.80819
-0.0575777 -1.28892
0.0620446 -2.96899
-0.104846 -0.949877
0.809902 -0.155796
1.58937 -2.20327
-0.508963 -3.83315
1.18225 1.15552
1.18875 -1.4481
0.834422 -0.376578
1.63801 -1.93346
-0.195147 -4.29872
1.44501 1.51664
0.941928 -1.12882
1.5813 -0.195366
1.10284 -0.369719
1.57742 -1.32852
0.268898 -2.40423
-0.491517 -2.03513
-0.22674 -2.42863
-0.255686 -1.83689
-0.341367 -2.80139
-0.0425076 -1.30173
0.0596027 -3.00123
-0.0842204 -0.900522
1.06588 0.209295
1.45008 -1.7395
0.170015 -3.64505
0.357376 0.199911
1.68154 -3.13958
-0.682183 -1.02586
0.190134 -1.77634
-0.287468 -3.52604
0.494899 0.152966
1.62175 -2.94776
-0.783852 -1.58889
-0.0252938 -2.44221
-0.338505 -1.79132
-0.303132 -2.83249
-0.0427458 -1.24986
0.105838 -2.63835
-0.308802 -1.47241
-0.172119 -3.29551
0.206673 -0.425753
1.84097 -1.96074
-0.647643 -3.68486
1.20309 1.11074
1.19932 -1.39482
0.944084 -0.214233
1.57405 -1.86708
0.00591044 -4.35824
1.31709 1.53713
1.02709 -1.25338
1.39629 0.0538237
1.39004 -0.712672
1.36983 -0.224165
1.44363 -0.647365
1.29786 -0.208618
1.48815 -0.872941
1.04163 -0.246862
1.56407 -1.59866
0.185526 -3.69414
0.396141 0.289817
1.63312 -3.1635
-0.667832 -1.02733
0.180756 -1.82661
-0.34641 -3.39838
0.405814 -0.0866896
1.72555 -2.79459
-0.841722 -1.81948
0.0109893 -2.10208
-0.445202 -2.46255
-0.143761 -1.82931
-0.372846 -2.90366
0.0294566 -1.11937
0.494365 -0.905053
1.76231 -0.652206
0.321465 -2.28054
-0.536443 -2.42068
-0.109278 -1.87063
-0.391235 -2.85156
0.0084839 -1.20776
0.213137 -1.97559
-0.452379 -3.07357
0.192589 -0.720912
1.81625 -0.705143
0.247778 -3.22227
-0.0114105 -0.519754
1.86913 -1.02294
0.196167 -4.42707
1.24177 1.57547
1.0426 -1.39249
1.11742 0.01554
1.49193 -1.53591
0.221833 -2.7423
-0.308722 -1.31523
-0.0550025 -3.26559
0.134355 -0.490395
1.8591 -1.57922
-0.269376 -4.34311
1.59437 1.52791
0.731266 -1.34034
1.21658 0.162452
1.4435 -1.28752
0.620577 -0.910724
1.75201 -0.811961
0.27937 -2.57107
-0.429431 -1.67441
-0.241546 -2.95032
-0.00196807 -1.0502
0.676223 -0.440652
1.6975 -2.05799
-0.484585 -3.94093
1.30721 1.28252
1.11928 -1.18668
1.40882 -0.0070058
1.38826 -0.652888
1.39267 -0.274011
1.4259 -0.552461
1.35973 -0.286075
1.45613 -0.635801
1.27699 -0.206889
1.49754 -0.938517
0.94741 -0.343708
1.60425 -1.74278
0.100923 -4.31137
1.16765 1.44924
1.10021 -1.5119
0.764592 -0.478626
1.67963 -1.89533
-0.222345 -4.29398
1.46994 1.51474
0.916174 -1.12859
1.59106 -0.202806
1.07515 -0.384223
1.58641 -1.38902
0.226347 -2.83122
-0.258848 -1.16119
0.0757433 -2.69494
-0.265723 -1.37691
-0.0934531 -3.35298
0.217571 -0.328114
1.83094 -2.27098
-0.843878 -2.93244
0.585891 0.00630226
1.62181 -2.7127
-0.838794 -2.24926
0.0865317 -1.56171
-0.102786 -3.61996
0.46804 0.222009
1.61478 -3.02906
-0.745829 -1.38408
-0.000799651 -2.52343
-0.315017 -1.65711
-0.274097 -3.0635
0.0832185 -0.849003
1.58717 0.213938
1.09807 -0.493422
1.59974 -1.20908
0.324957 -2.06138
-0.484657 -3.0559
0.20293 -0.721278
1.81753 -0.736001
0.244779 -3.31855
0.0599381 -0.363
1.87236 -1.90065
-0.654842 -3.69174
1.2278 1.13156
1.18916 -1.33632
1.08405 -0.0597442
1.51412 -1.59867
0.190716 -3.30994
0.0747603 -0.383409
1.86963 -1.85738
-0.608785 -3.80016
1.30527 1.2213
1.14 -1.17673
1.39928 -0.011015
1.39689 -0.676991
1.37147 -0.241426
1.44355 -0.631825
1.30401 -0.21667
1.48609 -0.848857
1.06917 -0.226541
1.55469 -1.54013
0.195378 -3.3315
0.0889738 -0.347223
1.86568 -2.0162
-0.737472 -3.44747
1.03098 0.864138
1.27819 -1.84899
0.152263 -3.53983
0.271712 0.00822691
1.77117 -2.97532
-0.768494 -1.27107
0.060483 -2.27455
-0.435517 -2.13382
-0.241196 -2.29724
-0.293764 -2.03595
-0.326271 -2.44662
-0.205558 -1.83714
-0.358051 -2.83496
-0.0168708 -1.24395
0.131313 -2.46639
-0.401894 -1.79164
-0.276194 -2.8005
-0.0708759 -1.29828
0.0479022 -3.06029
-0.0429366 -0.811246
1.47241 0.354885
1.26657 -0.634992
1.52962 -0.575136
1.12677 -0.254521
1.5498 -1.35861
0.285177 -2.26079
-0.526483 -2.41616
-0.116562 -1.88189
-0.391874 -2.82068
-0.00836722 -1.2622
0.116456 -2.58087
-0.342521 -1.57417
-0.230516 -3.15564
0.127299 -0.684066
1.82268 -0.672175
0.249177 -3.23545
-0.00255622 -0.498234
1.87386 -1.15735
0.114087 -4.5447
1.46716 1.69377
0.849634 -1.2723
1.4216 0.114696
1.3597 -0.668755
1.42894 -0.313555
1.38481 -0.437844
1.43255 -0.456162
1.36753 -0.338909
1.45168 -0.576399
1.30735 -0.239012
1.48708 -0.82395
1.08731 -0.217294
1.54947 -1.49686
0.207302 -3.04631
-0.11482 -0.806384
1.34187 0.39228
1.35571 -0.965594
1.28291 -0.0906314
1.47652 -0.986711
0.958594 -0.317159
1.59582 -1.74368
0.108921 -4.29052
1.13311 1.41616
1.1146 -1.58536
0.555616 -0.970819
1.73194 -0.492793
0.479061 -1.53164
0.207501 -2.19406
-0.505759 -2.47427
-0.107544 -1.80044
-0.36994 -3.00243
0.090066 -0.934337
1.36979 0.348546
1.35171 -0.878554
1.35327 -0.141798
1.44762 -0.744267
1.24289 -0.168023
1.5041 -1.06815
0.769414 -0.616478
1.70518 -1.63632
0.0582165 -4.42781
1.3627 1.59948
0.978108 -1.22821
1.45941 0.0204484
1.33284 -0.54101
1.47977 -0.500075
1.27425 -0.253971
1.5054 -0.915542
0.94694 -0.349671
1.60571 -1.73768
0.103729 -4.30816
1.16099 1.4437
1.10287 -1.5258
0.724416 -0.560132
1.70738 -1.7929
-0.137885 -4.37968
1.49412 1.56941
0.866346 -1.18471
1.54962 -0.0589959
1.18961 -0.390708
1.55698 -1.06148
0.604399 -1.00913
1.7112 -0.418363
0.588515 -1.18642
1.47508 0.17031
1.29514 -0.56717
1.51127 -0.574974
1.17533 -0.232797
1.53474 -1.23213
0.453514 -1.45313
0.34796 -1.49368
0.136968 -2.64738
-0.318885 -1.46193
-0.164976 -3.2918
0.2004 -0.434649
1.84309 -1.92066
-0.613642 -3.76907
1.26687 1.187
1.16337 -1.25228
1.26951 0.0312158
1.45862 -1.08274
0.892441 -0.391017
1.62724 -1.80682
0.00128484 -4.38978
1.36484 1.57043
0.987572 -1.21015
1.478 -0.0089383
1.31163 -0.490826
1.50022 -0.60644
1.18894 -0.219558
1.52888 -1.20038
0.511287 -1.2572
1.18203 0.195095
1.44146 -1.39949
0.442367 -1.44496
0.350893 -1.47917
0.156884 -2.48603
-0.40602 -1.76668
-0.270848 -2.83528
-0.0547496 -1.24213
0.105947 -2.62909
-0.313565 -1.48822
-0.18295 -3.2782
0.19795 -0.457254
1.84494 -1.83852
-0.532893 -3.94138
1.38613 1.31482
1.06585 -1.06728
1.55847 -0.248659
1.15261 -0.334348
1.55893 -1.22014
0.405864 -1.6493
0.0453442 -3.51893
0.297887 -0.0263117
1.76455 -2.92032
-0.795569 -1.41748
0.0238986 -2.34925
-0.395984 -1.96758
-0.283504 -2.53934
-0.188373 -1.69205
-0.312284 -3.12648
0.14618 -0.715514
1.80957 -0.579258
0.270528 -2.81961
-0.287852 -1.19159
0.040961 -2.90123
-0.136916 -1.059
0.349592 -1.33608
0.505255 -0.939083
1.74631 -0.531501
0.41512 -1.78745
-0.107455 -3.80477
0.679046 0.62927
1.39321 -2.74457
-0.784358 -2.38805
0.0751045 -1.51283
-0.0562486 -3.57815
0.400053 0.112672
1.68166 -3.02332
-0.749736 -1.3089
0.0304106 -2.42001
-0.372883 -1.83955
-0.294175 -2.74021
-0.0938726 -1.39555
-0.0435568 -3.43252
0.261791 -0.181683
1.80233 -2.65083
-0.878081 -2.01012
0.0729312 -1.743
-0.313521 -3.39264
0.375024 -0.134972
1.74869 -2.73751
-0.857068 -1.91957
0.0340974 -1.94383
-0.436906 -2.85613
0.0354194 -1.17997
0.317773 -1.50392
0.105946 -2.91252
-0.156244 -1.02923
0.40313 -1.14538
1.34344 0.274709
1.381 -0.935008
1.257 -0.103128
1.48801 -1.06072
0.830886 -0.500512
1.66646 -1.76597
-0.0167466 -4.41191
1.41276 1.59215
0.942979 -1.18848
1.52349 -0.0560019
1.24118 -0.406226
1.53863 -0.893621
0.860789 -0.485637
1.65573 -1.73967
0.0334826 -4.40259
1.35159 1.57816
0.993134 -1.22823
1.45183 0.0210599
1.34167 -0.558061
1.4695 -0.460847
1.30405 -0.281704
1.49374 -0.804448
1.08401 -0.225015
1.55174 -1.50053
0.205325 -3.08867
-0.0859658 -0.738682
1.58786 0.267538
1.09127 -0.513207
1.6046 -1.20273
0.320692 -2.08963
-0.500061 -2.96394
0.145508 -0.906351
1.54931 0.241305
1.17248 -0.498817
1.5767 -0.999479
0.6125 -1.0006
1.71681 -0.462465
0.54639 -1.30541
1.07966 0.104283
1.47502 -1.67448
0.180701 -3.44757
0.184252 -0.152996
1.82847 -2.67137
-0.876563 -1.88326
0.0538965 -1.88845
-0.41817 -3.0207
0.130418 -0.867294
1.61296 0.157787
1.03936 -0.506837
1.61722 -1.34058
0.223964 -2.92455
-0.200355 -1.00406
0.403788 -1.13251
1.38175 0.271383
1.36101 -0.82602
1.36723 -0.172522
1.44105 -0.68585
1.28676 -0.191483
1.49098 -0.917973
0.989318 -0.294296
1.58449 -1.69193
0.152192 -4.14457
0.910718 1.15669
1.19876 -2.13575
-0.122879 -4.15337
1.15809 1.32042
1.14171 -1.51716
0.714441 -0.591615
1.71598 -1.73691
-0.082169 -4.41833
1.4879 1.59639
0.863551 -1.20254
1.52829 -0.01649
1.23153 -0.417328
1.54412 -0.912097
0.822681 -0.548194
1.67828 -1.69991
0.0390658 -4.41592
1.36446 1.5904
0.980352 -1.22145
1.46727 0.00956145
1.3242 -0.519808
1.48897 -0.543696
1.24086 -0.233062
1.51562 -1.03291
0.777506 -0.608072
1.70153 -1.64502
0.0559217 -4.42615
1.36258 1.59815
0.978688 -1.22759
1.45997 0.0194703
1.33227 -0.539391
1.48043 -0.503144
1.27203 -0.252209
1.50615 -0.923628
0.936068 -0.362915
1.61105 -1.7477
0.0887867 -4.33357
1.20786 1.48382
1.08207 -1.43261
0.990207 -0.120416
1.54263 -1.81839
0.094731 -4.27046
1.11818 1.39159
1.12344 -1.61756
0.469235 -1.23451
1.18033 0.20308
1.43982 -1.40634
0.435291 -1.47003
0.274683 -1.80885
-0.267007 -3.6093
0.572875 0.328631
1.53066 -2.91375
-0.786347 -1.78556
-0.0408932 -2.33243
-0.372154 -1.97885
-0.294479 -2.52597
-0.189099 -1.71448
-0.322908 -3.08413
0.12123 -0.795147
1.72277 -0.107467
0.659664 -1.05677
1.68019 -0.313207
0.749797 -0.81013
1.73257 -1.17931
0.218805 -3.57616
0.275873 0.0735387
1.75684 -3.06149
-0.72307 -1.094
0.1455 -1.94637
-0.44335 -3.02649
0.150778 -0.833148
1.6944 -0.033152
0.776589 -0.813308
1.72574 -1.15983
0.220506 -3.42584
0.15153 -0.186739
1.84194 -2.56881
-0.893642 -2.10453
0.116404 -1.53723
-0.0526502 -3.60133
0.420856 0.159414
1.65791 -3.04246
-0.739855 -1.29498
0.0301773 -2.43756
-0.365782 -1.80804
-0.294164 -2.79232
-0.0676605 -1.31381
0.0374352 -3.13359
0.00838914 -0.69748
1.76089 -0.185713
0.504057 -1.50703
0.290285 -1.75599
-0.182364 -3.71181
0.625089 0.483487
1.45885 -2.84992
-0.790496 -2.02772
-0.0207083 -2.06495
-0.435826 -2.5154
-0.128609 -1.7507
-0.346326 -3.08093
0.131435 -0.790627
1.73614 -0.161971
0.5969 -1.21408
1.42115 0.2037
1.34522 -0.701166
1.43934 -0.311491
1.37104 -0.416545
1.44829 -0.508028
1.33207 -0.281432
1.47637 -0.720076
1.18875 -0.186314
1.52266 -1.22261
0.498874 -1.29309
1.03083 0.0619462
1.49111 -1.79635
0.142588 -4.06544
0.819686 1.0153
1.24627 -2.3798
-0.522586 -3.61352
0.875511 0.739481
1.32138 -2.26597
-0.374464 -3.93933
1.14268 1.17752
1.18597 -1.54647
0.593046 -0.890291
1.76025 -0.858927
0.255724 -2.83777
-0.269349 -1.15572
0.0764818 -2.68119
-0.273251 -1.39926
-0.113055 -3.35453
0.227473 -0.322232
1.82751 -2.29775
-0.851618 -2.87348
0.538466 -0.109525
1.67198 -2.66041
-0.851539 -2.30558
0.125183 -1.4069
0.0690063 -3.08057
-0.0377919 -0.774488
1.57672 0.266344
1.11543 -0.506639
1.59666 -1.14726
0.389229 -1.74506
-0.0732328 -3.78308
0.628695 0.558037
1.43301 -2.8511
-0.784941 -2.03837
-0.0242143 -2.06795
-0.434474 -2.5059
-0.132942 -1.76505
-0.352307 -3.04673
0.110625 -0.855825
1.61042 0.169174
1.04539 -0.506001
1.61557 -1.32703
0.229977 -2.83709
-0.257075 -1.15175
0.0850497 -2.63183
-0.302464 -1.48123
-0.178161 -3.29569
0.209659 -0.4239
1.84009 -1.97162
-0.655982 -3.66273
1.18569 1.08892
1.2079 -1.43704
0.833254 -0.384381
1.64013 -1.92577
-0.187713 -4.30626
1.44715 1.52159
0.937882 -1.1319
1.58038 -0.188941
1.10626 -0.369734
1.57663 -1.31909
0.276721 -2.34492
-0.511031 -2.18793
-0.189355 -2.21532
-0.340203 -2.16137
-0.283171 -2.25247
-0.287639 -2.1099
-0.318229 -2.329
-0.249014 -2.00422
-0.349364 -2.50839
-0.171991 -1.75321
-0.341894 -3.02789
0.092311 -0.897166
1.48381 0.312971
1.26105 -0.600559
1.53547 -0.63115
1.08075 -0.271303
1.56231 -1.47464
0.208922 -3.04738
-0.114809 -0.804555
1.34803 0.393116
1.35275 -0.948528
1.30253 -0.0982228
1.46956 -0.922024
1.04879 -0.227353
1.55841 -1.59441
0.186621 -3.6329
0.339231 0.176465
1.69812 -3.13491
-0.684179 -1.01422
0.205494 -1.70916
-0.192769 -3.65755
0.569619 0.368828
1.51908 -2.9327
-0.778088 -1.74211
-0.0462682 -2.3909
-0.348964 -1.87638
-0.307173 -2.69107
-0.112006 -1.47337
-0.127179 -3.48806
0.351458 -0.0477763
1.74304 -2.87333
-0.816265 -1.57865
0.00339586 -2.31632
-0.397539 -2.02153
-0.277944 -2.45945
-0.222059 -1.80592
-0.346511 -2.88148
0.00375465 -1.16507
0.301729 -1.56048
0.0532537 -3.37324
0.174493 -0.292542
1.84108 -2.31935
-0.869039 -2.76462
0.466575 -0.301443
1.74179 -2.43151
-0.839888 -2.78998
0.428812 -0.378999
1.76843 -2.27922
-0.790176 -3.13563
0.711148 0.304569
1.48612 -2.63539
-0.790551 -2.67649
0.246905 -0.873883
1.71453 -0.15053
0.678198 -1.00256
1.71359 -0.529623
0.521929 -1.37141
0.780325 -0.322592
1.63961 -2.09146
-0.43017 -4.00368
1.31881 1.31794
1.1026 -1.17428
1.43868 -0.0289376
1.36156 -0.566952
1.44656 -0.403783
1.35299 -0.346828
1.46461 -0.611379
1.26888 -0.213731
1.50196 -0.959214
0.910569 -0.391941
1.62329 -1.76911
0.0511665 -4.37407
1.29632 1.54438
1.03398 -1.28791
1.33659 0.07937
1.42301 -0.895688
1.19534 -0.131509
1.51042 -1.23512
0.515705 -1.23368
1.26524 0.234394
1.41697 -1.15777
0.906176 -0.350597
1.61477 -1.82487
-0.00113807 -4.38255
1.35726 1.56376
0.994953 -1.21453
1.46866 -0.00055044
1.32336 -0.512686
1.49001 -0.552858
1.23526 -0.229882
1.51704 -1.05231
0.747941 -0.664447
1.71876 -1.55139
0.112416 -4.39589
1.271 1.55579
1.03989 -1.33392
1.24734 0.0797844
1.45492 -1.16876
0.779262 -0.573093
1.69466 -1.71119
-0.00442407 -4.43017
1.42554 1.60632
0.926135 -1.19408
1.52319 -0.0446763
1.24156 -0.410936
1.53894 -0.888135
0.865405 -0.479131
1.65321 -1.7412
0.035944 -4.40023
1.34607 1.57542
0.997481 -1.23309
1.44291 0.0284718
1.35072 -0.581834
1.4569 -0.415795
1.3346 -0.322781
1.47771 -0.68264
1.20643 -0.192535
1.5193 -1.16505
0.588017 -1.03101
1.69348 -0.309514
0.702208 -0.914558
1.73753 -0.854562
0.285218 -2.49317
-0.467084 -1.84806
-0.248902 -2.69222
-0.135414 -1.45783
-0.122309 -3.47053
0.332619 -0.0863323
1.7589 -2.82334
-0.834019 -1.67234
0.00798152 -2.22147
-0.425779 -2.20858
-0.230155 -2.19184
-0.327562 -2.199
-0.280656 -2.19548
-0.303502 -2.19585
-0.292763 -2.19748
-0.297392 -2.19392
-0.296084 -2.19976
-0.295291 -2.1908
-0.297806 -2.20429
-0.293385 -2.18416
-0.300252 -2.21421
-0.289784 -2.16954
-0.305256 -2.2363
-0.281764 -2.13728
-0.315797 -2.28601
-0.26308 -2.06605
-0.336507 -2.40147
-0.216913 -1.9043
-0.362886 -2.70074
-0.0831267 -1.46461
-0.10446 -3.50621
0.356494 -0.0188674
1.73482 -2.90969
-0.801843 -1.50298
0.00599901 -2.36791
-0.381206 -1.92704
-0.292556 -2.60311
-0.157772 -1.60153
-0.255221 -3.31746
0.267802 -0.347833
1.81747 -2.26888
-0.831069 -2.98893
0.621914 0.0947229
1.58187 -2.71904
-0.82925 -2.29464
0.0910982 -1.52097
-0.0535568 -3.5855
0.405791 0.126896
1.67485 -3.03069
-0.745987 -1.30057
0.0315739 -2.42218
-0.372567 -1.83594
-0.294027 -2.74592
-0.0911207 -1.38667
-0.0341393 -3.41441
0.242535 -0.217326
1.81322 -2.56648
-0.888094 -2.20011
0.138201 -1.41688
0.0686774 -3.09549
-0.0280214 -0.751039
1.64133 0.165347
0.961993 -0.577789
1.64857 -1.41176
0.202588 -3.59121
0.29557 0.100411
1.74071 -3.08538
-0.71086 -1.0656
0.164334 -1.87102
-0.391963 -3.25774
0.304374 -0.36793
1.80813 -2.24752
-0.811709 -3.08149
0.690661 0.251164
1.50921 -2.66271
-0.804171 -2.56422
0.191459 -1.07837
1.10312 0.196253
1.44994 -1.63107
0.197671 -3.00579
-0.136991 -0.872002
1.04476 0.195425
1.45557 -1.79547
0.153461 -3.92397
0.64809 0.738634
1.36709 -2.81388
-0.776158 -2.17461
-0.0046592 -1.90133
-0.418973 -2.90481
0.0545449 -1.09765
0.639902 -0.533101
1.72694 -1.90887
-0.344675 -4.17659
1.45466 1.44523
0.959181 -1.08046
1.60824 -0.309981
0.99884 -0.4234
1.61077 -1.53823
0.190288 -3.78683
0.483907 0.463921
1.52819 -3.11254
-0.69256 -1.24942
0.025729 -2.52848
-0.324742 -1.65002
-0.268797 -3.06596
0.0824446 -0.845367
1.59399 0.204454
1.0832 -0.495998
1.60418 -1.24466
0.288913 -2.28678
-0.525468 -2.35327
-0.13754 -1.97634
-0.395114 -2.61049
-0.109233 -1.60629
-0.250283 -3.37155
0.313125 -0.233557
1.78918 -2.56224
-0.88214 -2.28372
0.16171 -1.3015
0.233793 -1.92315
-0.411428 -3.25757
0.319369 -0.345127
1.80072 -2.31559
-0.837227 -2.92274
0.559916 -0.0492122
1.64767 -2.69852
-0.845194 -2.2438
0.092863 -1.54419
-0.0779297 -3.61166
0.445068 0.191782
1.63579 -3.03869
-0.741594 -1.3336
0.0151514 -2.48633
-0.338498 -1.7204
-0.287993 -2.94618
0.0151475 -1.05811
0.690745 -0.412179
1.68689 -2.09024
-0.506981 -3.89273
1.26988 1.24067
1.14565 -1.25414
1.28829 0.0385251
1.45096 -1.02761
0.986141 -0.271394
1.57979 -1.71963
0.139598 -4.19312
0.981432 1.24726
1.17084 -1.95079
0.108065 -3.87828
0.62327 0.664841
1.3996 -2.86871
-0.774075 -1.9979
-0.0397636 -2.15024
-0.419689 -2.32332
-0.202459 -2.02947
-0.367357 -2.47821
-0.175329 -1.80041
-0.357429 -2.93178
0.0386906 -1.0726
0.696721 -0.403629
1.68316 -2.09709
-0.50934 -3.88599
1.26345 1.23389
1.14961 -1.2669
1.26331 0.0374399
1.45926 -1.10429
0.860771 -0.437914
1.6454 -1.80708
-0.0302304 -4.39756
1.40647 1.58112
0.952521 -1.18428
1.52431 -0.0638699
1.23974 -0.402413
1.53889 -0.901465
0.851737 -0.499259
1.66087 -1.73448
0.0307143 -4.40663
1.3597 1.58253
0.986406 -1.22188
1.4637 0.0106632
1.32859 -0.527709
1.48462 -0.52423
1.25687 -0.241378
1.51093 -0.977875
0.860122 -0.468264
1.65219 -1.76604
0.00890459 -4.40439
1.37747 1.58322
0.974105 -1.20559
1.49021 -0.0187747
1.29489 -0.46497
1.51229 -0.679121
1.11863 -0.231945
1.54681 -1.39834
0.258697 -2.45307
-0.469714 -1.91236
-0.247949 -2.60254
-0.176517 -1.5897
-0.248579 -3.31244
0.259717 -0.362189
1.82128 -2.22226
-0.81166 -3.09987
0.713906 0.297836
1.48732 -2.62786
-0.788732 -2.69948
0.261131 -0.826082
1.76893 -0.414549
0.39984 -1.88986
-0.272139 -3.66976
0.650218 0.477433
1.45171 -2.79668
-0.796634 -2.19458
0.0209817 -1.80749
-0.376214 -3.16293
0.211584 -0.598231
1.8437 -1.32192
0.0578302 -4.5344
1.50539 1.68011
0.809018 -1.29798
1.36476 0.156647
1.39365 -0.839454
1.30011 -0.138886
1.47704 -0.907617
1.04133 -0.238533
1.56224 -1.60583
0.184569 -3.71284
0.414284 0.324922
1.61185 -3.16105
-0.669013 -1.05574
0.150365 -1.96508
-0.451988 -2.98565
0.127371 -0.911516
1.50742 0.286538
1.23424 -0.554401
1.55237 -0.760108
0.938171 -0.396583
1.61817 -1.70564
0.116773 -4.29585
1.1337 1.42112
1.113 -1.58461
0.558582 -0.962135
1.73688 -0.532458
0.443265 -1.6643
0.0557487 -3.48921
0.267895 -0.0826577
1.78725 -2.83481
-0.829206 -1.57927
0.0150852 -2.25967
-0.419432 -2.13625
-0.249032 -2.2937
-0.291306 -2.04256
-0.326628 -2.43624
-0.209154 -1.85212
-0.359553 -2.8038
-0.0329454 -1.29668
0.0687726 -2.93897
-0.125532 -0.994821
0.582025 -0.638431
1.7607 -1.66751
-0.100096 -4.43379
1.52772 1.60226
0.808932 -1.25599
1.44762 0.111228
1.33494 -0.603883
1.47108 -0.432646
1.30683 -0.29448
1.49346 -0.786729
1.0985 -0.218039
1.54763 -1.4651
0.220072 -2.84685
-0.246398 -1.13363
0.108082 -2.48237
-0.383847 -1.7508
-0.277624 -2.87093
-0.0325519 -1.18501
0.205941 -1.99812
-0.464926 -2.99784
0.144699 -0.872926
1.61986 0.140493
1.02175 -0.515154
1.62299 -1.37155
0.212576 -3.14348
-0.0519548 -0.65018
1.77466 -0.206335
0.453621 -1.69746
0.0342145 -3.61487
0.390345 0.161053
1.6739 -3.07538
-0.721329 -1.19133
0.0725134 -2.28588
-0.437781 -2.11861
-0.242859 -2.31861
-0.286395 -2.00397
-0.332784 -2.50006
-0.182609 -1.7617
-0.343213 -3.00063
0.0749477 -0.948836
1.28723 0.338703
1.3875 -1.11345
1.04884 -0.176047
1.54663 -1.62995
0.182068 -3.71141
0.41405 0.322546
1.61273 -3.16005
-0.669684 -1.05728
0.149133 -1.97038
-0.454344 -2.96943
0.117695 -0.943235
1.40023 0.339157
1.33479 -0.794927
1.42188 -0.237023
1.39361 -0.500532
1.4161 -0.386325
1.39793 -0.419471
1.41838 -0.438144
1.39042 -0.378871
1.42882 -0.486387
1.36847 -0.325624
1.45046 -0.583387
1.30747 -0.236412
1.4867 -0.825333
1.08724 -0.216996
1.54942 -1.49727
0.207196 -3.0481
-0.113597 -0.803514
1.35408 0.393522
1.34979 -0.931779
1.32081 -0.108038
1.46224 -0.860632
1.12539 -0.179033
1.53441 -1.41449
0.261818 -2.41563
-0.484532 -2.00081
-0.234407 -2.47706
-0.234007 -1.76808
-0.333349 -2.94223
0.0333847 -1.05953
0.73517 -0.322838
1.6528 -2.16108
-0.541351 -3.80304
1.19007 1.14816
1.18999 -1.42862
0.879528 -0.303882
1.60971 -1.92902
-0.136841 -4.33061
1.42466 1.53582
0.954009 -1.14698
1.56079 -0.147424
1.15997 -0.363332
1.56188 -1.17323
0.452675 -1.47225
0.296215 -1.71318
-0.117578 -3.74249
0.612613 0.499941
1.45818 -2.87793
-0.784075 -1.94443
-0.0368014 -2.1848
-0.414539 -2.25627
-0.22388 -2.12382
-0.344886 -2.31039
-0.242335 -2.03649
-0.34942 -2.45472
-0.192186 -1.83081
-0.36074 -2.85758
-0.00306892 -1.20444
0.205162 -2.01392
-0.472135 -2.95295
0.118183 -0.960753
1.34609 0.341473
1.36527 -0.94309
1.28256 -0.0989534
1.47808 -0.983526
0.957518 -0.319367
1.59655 -1.74403
0.107899 -4.29304
1.13731 1.42025
1.11292 -1.57618
0.580828 -0.901694
1.75908 -0.801579
0.273174 -2.64367
-0.389584 -1.52234
-0.194714 -3.16692
0.119492 -0.668029
1.82903 -0.725805
0.244658 -3.45563
0.165635 -0.134341
1.83382 -2.69934
-0.87021 -1.79775
0.0419349 -1.98896
-0.448618 -2.75775
-0.0125582 -1.35351
0.0346718 -3.20281
0.0562532 -0.5855
1.85349 -0.923826
0.234488 -4.17164
0.888016 1.17276
1.19508 -2.19197
-0.220664 -4.08007
1.1588 1.27145
1.15657 -1.51152
0.714048 -0.59659
1.71697 -1.72666
-0.0710984 -4.42422
1.48446 1.6008
0.865991 -1.20367
1.52647 -0.0146806
1.23483 -0.4196
1.54288 -0.900107
0.839599 -0.520564
1.66836 -1.7206
0.0334781 -4.41084
1.36282 1.58623
0.982998 -1.22076
1.46688 0.00858228
1.3248 -0.520213
1.48842 -0.54168
1.24278 -0.233844
1.51506 -1.02646
0.787488 -0.589774
1.69554 -1.66985
0.0407458 -4.42712
1.37807 1.60072
0.967061 -1.21532
1.48138 -0.00172387
1.30639 -0.487602
1.50428 -0.624382
1.17007 -0.22054
1.53366 -1.25623
0.42589 -1.55466
0.130421 -2.76124
-0.254359 -1.26906
-0.00588531 -3.17821
0.0540798 -0.633799
1.83334 -0.672847
0.247492 -3.39135
0.114035 -0.242262
1.85579 -2.38294
-0.892378 -2.54121
0.327618 -0.717188
1.8187 -1.09463
0.218585 -4.19491
0.927248 1.21901
1.1802 -2.08926
-0.0466154 -4.16197
1.09536 1.28903
1.1558 -1.66612
0.346126 -1.71446
-0.0727014 -3.75917
0.600808 0.506004
1.46079 -2.90284
-0.777768 -1.86945
-0.0472462 -2.28305
-0.384978 -2.066
-0.278503 -2.39478
-0.245219 -1.89962
-0.351821 -2.69422
-0.0911858 -1.47435
-0.118307 -3.50328
0.361051 -0.0194905
1.73273 -2.90662
-0.803194 -1.51475
0.00446988 -2.36531
-0.381432 -1.93131
-0.292339 -2.59656
-0.160685 -1.61109
-0.262615 -3.29902
0.256126 -0.383066
1.82423 -2.15985
-0.778383 -3.25393
0.843502 0.555591
1.37916 -2.35479
-0.53033 -3.66983
0.970181 0.880199
1.27536 -2.00817
0.0509405 -4.14829
0.992064 1.21163
1.18097 -1.92543
0.122873 -3.77424
0.504326 0.454231
1.52121 -3.07448
-0.713447 -1.35356
-0.0088525 -2.6094
-0.27167 -1.51886
-0.20379 -3.29426
0.220917 -0.419191
1.83686 -2.00427
-0.679222 -3.59758
1.13311 1.02016
1.23183 -1.57098
0.483018 -1.2239
1.24099 0.232912
1.42284 -1.23065
0.773514 -0.569086
1.69546 -1.72536
-0.023216 -4.42791
1.441 1.60492
0.911921 -1.19143
1.53079 -0.0500304
1.22747 -0.40256
1.54425 -0.93806
0.79391 -0.596495
1.69504 -1.64938
0.0628435 -4.41827
1.34554 1.58951
0.99258 -1.24092
1.43461 0.0394282
1.35804 -0.606418
1.44449 -0.375551
1.35924 -0.36767
1.45975 -0.577983
1.29099 -0.231533
1.49458 -0.87921
1.01659 -0.271896
1.57426 -1.64337
0.174937 -3.942
0.655981 0.766447
1.35561 -2.79523
-0.775246 -2.2351
0.010907 -1.80911
-0.378101 -3.14349
0.197238 -0.638966
1.84076 -1.10544
0.198562 -4.36537
1.15924 1.49434
1.08689 -1.53843
0.700218 -0.607369
1.72271 -1.71302
-0.0666186 -4.4295
1.48705 1.60435
0.861485 -1.20867
1.52059 -0.00220295
1.24487 -0.43012
1.5392 -0.860167
0.892532 -0.441613
1.63853 -1.74328
0.0565614 -4.3815
1.30148 1.55156
1.02917 -1.28275
1.34849 0.0776547
1.41718 -0.859504
1.23695 -0.131325
1.49942 -1.10764
0.730747 -0.688863
1.72688 -1.50563
0.134715 -4.37004
1.21739 1.51824
1.06851 -1.42182
1.02793 -0.0738308
1.52537 -1.74576
0.153965 -4.0434
0.785707 0.968864
1.26429 -2.46941
-0.626325 -3.32393
0.642812 0.259145
1.52396 -2.75968
-0.814907 -2.24611
0.0565278 -1.66025
-0.237213 -3.51788
0.448341 0.0860345
1.6638 -2.95119
-0.784368 -1.51963
-0.011668 -2.44197
-0.344774 -1.79302
-0.30088 -2.82645
-0.0469342 -1.25957
0.0935177 -2.73098
-0.254408 -1.31822
-0.043438 -3.29363
0.150772 -0.43978
1.85491 -1.81005
-0.526074 -3.96117
1.40452 1.32907
1.04731 -1.05115
1.5797 -0.303543
1.08525 -0.351138
1.57777 -1.39383
0.230724 -2.76266
-0.301481 -1.28153
-0.0283633 -3.20936
0.0838637 -0.585305
1.85454 -1.01532
0.21459 -4.32768
1.09804 1.4353
1.11139 -1.66922
0.358032 -1.64603
0.0162549 -3.6116
0.39585 0.158766
1.67153 -3.068
-0.725596 -1.21274
0.0625322 -2.32554
-0.421547 -2.03176
-0.26452 -2.44268
-0.234137 -1.82646
-0.346996 -2.83441
-0.0222973 -1.24611
0.124488 -2.51229
-0.37858 -1.70134
-0.268505 -2.94798
0.00783815 -1.05537
0.681923 -0.429963
1.69346 -2.07046
-0.493327 -3.92246
1.29308 1.26689
1.12974 -1.21092
1.36796 0.0189361
1.41552 -0.778876
1.29213 -0.1594
1.4838 -0.92062
1.00837 -0.27112
1.57559 -1.66478
0.167886 -4.02268
0.752422 0.923955
1.28317 -2.55582
-0.698155 -3.03245
0.418378 -0.302431
1.75993 -2.43747
-0.852458 -2.71805
0.38856 -0.499868
1.79793 -1.95658
-0.557862 -3.85989
1.3052 1.24568
1.13214 -1.18209
1.40127 -0.00790418
1.39484 -0.672931
1.37617 -0.247565
1.43995 -0.614635
1.31711 -0.229227
1.48045 -0.800631
1.12404 -0.196174
1.53829 -1.40731
0.262446 -2.41453
-0.485192 -2.00403
-0.233724 -2.4725
-0.236067 -1.77452
-0.334589 -2.92873
0.0258253 -1.08353
0.618634 -0.577869
1.74111 -1.81786
-0.252012 -4.29533
1.50716 1.51471
0.870694 -1.15055
1.58484 -0.146811
1.10031 -0.384496
1.58075 -1.32117
0.269505 -2.40307
-0.492162 -2.03855
-0.225955 -2.42382
-0.257801 -1.84378
-0.34159 -2.78776
-0.0495177 -1.32418
0.0384523 -3.14414
0.0150294 -0.680293
1.78382 -0.294739
0.399797 -1.92154
-0.315371 -3.60103
0.606068 0.365603
1.50469 -2.86341
-0.796362 -1.95399
-0.0247185 -2.1362
-0.427961 -2.36155
-0.186623 -1.97572
-0.376558 -2.5834
-0.129392 -1.64655
-0.284885 -3.27922
0.252062 -0.412299
1.82792 -2.06902
-0.718364 -3.4734
1.02787 0.869267
1.27685 -1.85686
0.149884 -3.58267
0.309878 0.086091
1.7362 -3.06157
-0.72536 -1.12925
0.117552 -2.0726
-0.477152 -2.6547
-0.0479193 -1.51951
-0.142467 -3.53117
0.401423 0.0512866
1.69652 -2.96194
-0.779723 -1.43975
0.0050057 -2.43189
-0.356446 -1.81283
-0.298744 -2.78912
-0.0673865 -1.31946
0.0331936 -3.16047
0.0278813 -0.655023
1.81202 -0.470079
0.290694 -2.62667
-0.407746 -1.56771
-0.211956 -3.10114
0.0811632 -0.787133
1.69945 -0.0138663
0.762178 -0.845688
1.7297 -1.07385
0.230113 -3.15576
-0.0507657 -0.62876
1.79802 -0.319333
0.356227 -2.15808
-0.526594 -2.83405
0.0784594 -1.14869
0.508686 -0.874172
1.77271 -0.804382
0.257488 -2.85315
-0.260813 -1.12934
0.105657 -2.48873
-0.379923 -1.73802
-0.276674 -2.89245
-0.0209112 -1.14935
0.300731 -1.55756
0.0549154 -3.36047
0.163968 -0.314838
1.84538 -2.24223
-0.844606 -2.953
0.61116 0.0625999
1.59552 -2.71608
-0.83255 -2.28265
0.0907324 -1.52904
-0.0625988 -3.59625
0.421173 0.152736
1.65961 -3.03675
-0.742904 -1.30699
0.0268721 -2.44438
-0.361481 -1.79518
-0.294302 -2.81453
-0.0560289 -1.27829
0.0716144 -2.89641
-0.151848 -1.06006
0.323297 -1.43061
0.201688 -2.1649
-0.504159 -2.54101
-0.0825326 -1.69574
-0.314303 -3.25027
0.24504 -0.455464
1.83322 -1.92349
-0.595998 -3.80208
1.28476 1.21074
1.15059 -1.2172
1.33641 0.0238833
1.43296 -0.874645
1.18856 -0.140595
1.51378 -1.25053
0.485058 -1.3333
0.845954 -0.197958
1.59119 -2.09611
-0.360554 -4.08583
1.34277 1.36989
1.07313 -1.15018
1.48807 -0.0819655
1.30124 -0.441302
1.5072 -0.682696
1.13051 -0.223693
1.54278 -1.37006
0.286017 -2.24906
-0.527314 -2.44878
-0.104677 -1.83145
-0.381367 -2.9398
0.0558205 -1.0493
0.840816 -0.129963
1.57473 -2.16014
-0.430989 -3.96871
1.26731 1.27502
1.13543 -1.26569
1.28188 0.0437367
1.45217 -1.04939
0.955512 -0.30604
1.59386 -1.76139
0.095755 -4.31052
1.17089 1.44985
1.09956 -1.50483
0.784462 -0.440562
1.66585 -1.92733
-0.240687 -4.26867
1.45581 1.49863
0.937721 -1.11564
1.59327 -0.230171
1.06371 -0.385088
1.58908 -1.41819
0.21431 -3.01591
-0.137683 -0.854915
1.11075 0.264747
1.43225 -1.62204
0.209296 -2.81269
-0.261654 -1.1901
0.0506994 -2.86343
-0.162565 -1.11502
0.19186 -2.02069
-0.474894 -2.91013
0.0915519 -1.04657
0.954275 0.0397955
1.50717 -1.98931
-0.0755095 -4.31284
1.3347 1.50796
1.02855 -1.2159
1.447 0.00675586
1.34868 -0.563013
1.46155 -0.438573
1.32287 -0.303269
1.48434 -0.73192
1.1612 -0.193966
1.53043 -1.30016
0.38026 -1.7395
-0.0741844 -3.77869
0.624262 0.549179
1.43755 -2.85964
-0.784145 -2.01033
-0.0291048 -2.10604
-0.429899 -2.42111
-0.16603 -1.89011
-0.378993 -2.76164
-0.0457375 -1.36523
0.00790494 -3.31413
0.146478 -0.400095
1.85429 -1.94267
-0.656767 -3.67212
1.20161 1.10489
1.20125 -1.39816
0.933616 -0.2289
1.57971 -1.87974
-0.0184447 -4.36244
1.34645 1.54671
1.00783 -1.21842
1.45654 0.00735063
1.33762 -0.541723
1.47508 -0.486897
1.2872 -0.263463
1.50053 -0.869016
1.00812 -0.283863
1.57855 -1.65463
0.17035 -4.00528
0.730628 0.889804
1.29781 -2.61189
-0.731134 -2.84225
0.289687 -0.684952
1.82665 -1.14323
0.19937 -4.33367
1.11742 1.44887
1.10578 -1.6256
0.458528 -1.26474
1.04997 0.0911819
1.48152 -1.75354
0.162708 -3.87079
0.584835 0.632087
1.42485 -2.94901
-0.755261 -1.75184
-0.0648323 -2.44994
-0.317708 -1.77768
-0.308702 -2.86662
-0.0217014 -1.19345
0.203191 -2.01726
-0.473575 -2.94015
0.110476 -0.986056
1.24138 0.312428
1.40445 -1.24506
0.800016 -0.512764
1.67713 -1.79166
-0.0709149 -4.40214
1.45404 1.58635
0.905821 -1.17864
1.54696 -0.0789934
1.19475 -0.384252
1.55433 -1.0523
0.624462 -0.956972
1.73747 -0.643632
0.384745 -1.90497
-0.305431 -3.60987
0.60752 0.37448
1.50123 -2.86298
-0.795836 -1.95814
-0.0247689 -2.1331
-0.42837 -2.36792
-0.184399 -1.96664
-0.377475 -2.60162
-0.121242 -1.61906
-0.263137 -3.33599
0.288715 -0.303034
1.80613 -2.39781
-0.868428 -2.67827
0.38668 -0.518668
1.80066 -1.90045
-0.500235 -3.97401
1.38193 1.32811
1.06406 -1.07803
1.55277 -0.228072
1.16959 -0.336695
1.55477 -1.16865
0.478124 -1.37944
0.649742 -0.589049
1.73396 -1.78118
-0.184113 -4.35726
1.51444 1.55286
0.846308 -1.1912
1.54493 -0.037324
1.19955 -0.399584
1.55474 -1.02386
0.657875 -0.877343
1.75151 -0.959341
0.240086 -3.04344
-0.130989 -0.809667
1.29515 0.38432
1.37462 -1.09816
1.10096 -0.130475
1.52791 -1.51363
0.211162 -2.93794
-0.186076 -0.981549
0.501452 -0.839619
1.78136 -0.930532
0.234142 -3.3605
0.0956973 -0.294834
1.86245 -2.20029
-0.842569 -2.99418
0.655047 0.159013
1.54994 -2.69535
-0.820196 -2.41183
0.129931 -1.33571
0.140868 -2.48249
-0.399698 -1.76523
-0.273399 -2.84074
-0.0507758 -1.2337
0.117819 -2.54304
-0.361231 -1.64241
-0.255692 -3.04655
0.0637515 -0.882578
1.47144 0.327745
1.27291 -0.628147
1.52521 -0.566379
1.14282 -0.248455
1.5452 -1.31677
0.33155 -1.98277
-0.424988 -3.29768
0.369473 -0.230282
1.76702 -2.57616
-0.876102 -2.30954
0.163469 -1.28403
0.275733 -1.72022
-0.146214 -3.72489
0.612923 0.482606
1.46377 -2.8747
-0.785971 -1.95064
-0.0345166 -2.17209
-0.418005 -2.28269
-0.214989 -2.08682
-0.355075 -2.3743
-0.217502 -1.94717
-0.364403 -2.62132
-0.118664 -1.58795
-0.237018 -3.38635
0.318756 -0.20956
1.78382 -2.61123
-0.879378 -2.16698
0.114018 -1.51441
-0.0302027 -3.56216
0.371576 0.0716719
1.70695 -3.0066
-0.75757 -1.31077
0.0348027 -2.39074
-0.386145 -1.89429
-0.290386 -2.65167
-0.13719 -1.52912
-0.1901 -3.4337
0.335285 -0.133783
1.76572 -2.74753
-0.85606 -1.85261
0.0277 -2.01219
-0.448772 -2.68467
-0.0490083 -1.4795
-0.101157 -3.52944
0.376775 0.028363
1.71447 -2.95533
-0.782347 -1.42572
0.0111024 -2.41214
-0.367026 -1.84882
-0.297501 -2.72804
-0.098426 -1.41494
-0.0638545 -3.46227
0.296608 -0.120097
1.78021 -2.77233
-0.849987 -1.75351
0.019612 -2.1122
-0.44759 -2.44812
-0.147741 -1.85055
-0.37718 -2.8565
0.0042721 -1.20286
0.217296 -1.9521
-0.437188 -3.14613
0.240254 -0.574345
1.8397 -1.4862
-0.099465 -4.48192
1.59163 1.61956
0.703202 -1.43403
0.878123 -0.187399
1.58098 -2.03706
-0.254206 -4.21353
1.393 1.45678
1.00986 -1.12327
1.55333 -0.175414
1.17463 -0.352442
1.55591 -1.1402
0.50997 -1.27662
1.11277 0.142624
1.46212 -1.5905
0.210659 -2.83706
-0.247793 -1.14897
0.091732 -2.59272
-0.325007 -1.54849
-0.219562 -3.20458
0.158238 -0.592447
1.85024 -1.20604
0.132244 -4.50616
1.4003 1.66542
0.9252 -1.24344
1.4584 0.0489642
1.33092 -0.555029
1.48051 -0.491457
1.27509 -0.257315
1.50547 -0.91062
0.951811 -0.344183
1.60344 -1.73238
0.110511 -4.29437
1.13692 1.42125
1.11265 -1.5772
0.578287 -0.908399
1.75754 -0.772689
0.284886 -2.53529
-0.448873 -1.75511
-0.249466 -2.82873
-0.0668873 -1.24905
0.0915004 -2.73143
-0.253265 -1.31752
-0.0425513 -3.29269
0.149722 -0.441419
1.8552 -1.80191
-0.517956 -3.97663
1.41437 1.33857
1.03603 -1.04535
1.58945 -0.328912
1.05031 -0.370632
1.58904 -1.46737
0.202348 -3.27177
0.0423542 -0.444388
1.87506 -1.53504
-0.266988 -4.35561
1.60855 1.53096
0.705072 -1.39295
1.02423 0.01204
1.50453 -1.79532
0.137404 -4.11048
0.878583 1.10134
1.21631 -2.22232
-0.275045 -4.03044
1.15021 1.23486
1.16838 -1.53003
0.6536 -0.734978
1.75249 -1.4057
0.163552 -4.33449
1.14668 1.46127
1.09903 -1.56061
0.631454 -0.768882
1.76028 -1.30092
0.198985 -4.18452
0.927838 1.2083
1.18328 -2.08846
-0.045398 -4.16332
1.09608 1.29053
1.15532 -1.66439
0.349693 -1.6984
-0.04883 -3.74223
0.566299 0.455519
1.49195 -2.96149
-0.762964 -1.68143
-0.0536284 -2.47538
-0.312237 -1.73609
-0.301054 -2.93904
0.0166387 -1.06973
0.648413 -0.506463
1.71934 -1.95853
-0.395993 -4.09983
1.41269 1.39767
1.016 -1.07558
1.5835 -0.279096
1.08052 -0.360644
1.58065 -1.39762
0.226848 -2.8148
-0.268924 -1.18949
0.0486813 -2.8699
-0.15805 -1.10546
0.213586 -1.90946
-0.40709 -3.25358
0.312211 -0.359932
1.80475 -2.27395
-0.821875 -3.02211
0.640561 0.140683
1.56095 -2.71256
-0.823991 -2.34419
0.104339 -1.45119
0.0220202 -3.38006
0.191919 -0.282065
1.83523 -2.36773
-0.878185 -2.657
0.389027 -0.520341
1.80019 -1.89766
-0.495908 -3.98159
1.38641 1.33301
1.05926 -1.07421
1.55844 -0.240946
1.15395 -0.336264
1.55891 -1.2146
0.412228 -1.62359
0.0688879 -3.36109
0.159147 -0.312513
1.84657 -2.24245
-0.845781 -2.94769
0.607758 0.0543
1.59928 -2.7158
-0.83345 -2.2775
0.0899544 -1.53448
-0.06918 -3.60244
0.43091 0.168425
1.65003 -3.0383
-0.74204 -1.31608
0.0225168 -2.46111
-0.352567 -1.76495
-0.292942 -2.86689
-0.0283408 -1.19266
0.196899 -2.04908
-0.484826 -2.84185
0.0554559 -1.17419
0.372436 -1.30201
0.691722 -0.474923
1.69995 -1.98337
-0.390128 -4.09818
1.402 1.39437
1.02578 -1.08379
1.57283 -0.251733
1.1154 -0.347802
1.57043 -1.31407
0.289912 -2.24771
-0.52849 -2.4586
-0.100454 -1.81564
-0.376635 -2.97832
0.0778139 -0.97793
1.18908 0.288085
1.41852 -1.39672
0.497587 -1.24726
1.19052 0.203404
1.43833 -1.37599
0.486698 -1.29111
1.01242 0.0427723
1.49826 -1.83906
0.110917 -4.19787
1.00944 1.26795
1.16437 -1.87965
0.141237 -3.49572
0.238926 -0.0709595
1.79832 -2.85177
-0.821965 -1.51178
0.0214 -2.28195
-0.416092 -2.09567
-0.258092 -2.35142
-0.268989 -1.95817
-0.342984 -2.58161
-0.145232 -1.64452
-0.284861 -3.26269
0.238078 -0.447724
1.83445 -1.93814
-0.613173 -3.76375
1.25785 1.17925
1.16814 -1.27141
1.23253 0.0257248
1.46982 -1.19468
0.694709 -0.749596
1.74315 -1.36196
0.190539 -4.20303
0.956903 1.24349
1.17239 -2.01289
0.0548512 -4.07354
0.89199 1.07326
1.2237 -2.191
-0.22104 -4.0916
1.17598 1.28965
1.14909 -1.47234
0.823678 -0.383423
1.64237 -1.94364
-0.218659 -4.2791
1.4445 1.50427
0.947155 -1.12066
1.58566 -0.21392
1.08801 -0.373075
1.58141 -1.3656
0.241572 -2.64932
-0.370061 -1.49415
-0.182432 -3.21303
0.147721 -0.583113
1.85228 -1.21839
0.119589 -4.51872
1.42812 1.6755
0.896851 -1.24486
1.46319 0.0575455
1.32425 -0.548208
1.48733 -0.515793
1.2537 -0.243714
1.51251 -0.986037
0.845296 -0.491864
1.66095 -1.75631
0.0051584 -4.40989
1.3886 1.58863
0.963871 -1.20006
1.50149 -0.0303806
1.27814 -0.442584
1.52212 -0.749436
1.04273 -0.275915
1.57037 -1.57266
0.188798 -3.62328
0.32967 0.158792
1.70807 -3.1258
-0.689185 -1.02143
0.199557 -1.73145
-0.226228 -3.62033
0.552591 0.313264
1.54471 -2.94389
-0.777606 -1.68771
-0.0427963 -2.42654
-0.33686 -1.81648
-0.307402 -2.79253
-0.0619645 -1.31492
0.0393957 -3.12628
0.00284589 -0.708758
1.74265 -0.112085
0.587417 -1.25189
1.31376 0.226602
1.40363 -1.01003
1.1339 -0.130944
1.52256 -1.41853
0.273589 -2.31687
-0.515476 -2.25397
-0.171161 -2.12207
-0.368621 -2.32246
-0.227506 -2.02369
-0.35714 -2.48063
-0.179087 -1.79502
-0.354965 -2.93892
0.0418277 -1.06023
0.755901 -0.28315
1.637 -2.17712
-0.538647 -3.79934
1.17982 1.13876
1.19398 -1.45336
0.814333 -0.412897
1.6516 -1.92051
-0.202154 -4.29909
1.45362 1.51739
0.93285 -1.12862
1.585 -0.198667
1.09241 -0.374573
1.58071 -1.35227
0.24973 -2.56932
-0.414848 -1.65673
-0.242284 -2.98463
0.0189552 -0.991993
0.974007 0.0795944
1.4938 -1.95351
-0.00922661 -4.31526
1.2723 1.49164
1.06174 -1.30972
1.27761 0.0750572
1.44735 -1.074
0.93772 -0.324796
1.6019 -1.7836
0.0647915 -4.35041
1.25181 1.51274
1.06118 -1.3538
1.19094 0.0538206
1.47229 -1.33196
0.474477 -1.34754
0.765209 -0.342712
1.64871 -2.09079
-0.44415 -3.98515
1.31175 1.30565
1.10976 -1.18391
1.42121 -0.0135652
1.3777 -0.617391
1.41698 -0.323525
1.39951 -0.459059
1.41322 -0.404963
1.40035 -0.413132
1.41587 -0.437031
1.39398 -0.384943
1.42468 -0.473033
1.37687 -0.342257
1.44298 -0.548408
1.33155 -0.264391
1.4752 -0.733433
1.18364 -0.184189
1.52347 -1.23935
0.47414 -1.37507
0.657236 -0.57098
1.72866 -1.8182
-0.222587 -4.31891
1.5053 1.52934
0.86752 -1.16099
1.57524 -0.118894
1.12773 -0.380575
1.57337 -1.24915
0.34223 -1.94821
-0.386145 -3.41575
0.457948 0.00572107
1.67985 -2.8648
-0.818113 -1.72093
-0.0105337 -2.26459
-0.40673 -2.11398
-0.259686 -2.32521
-0.27676 -1.99731
-0.337627 -2.51317
-0.175363 -1.74378
-0.337557 -3.04272
0.100096 -0.870189
1.56432 0.238153
1.14408 -0.49417
1.58605 -1.08414
0.485823 -1.37315
0.691762 -0.495969
1.70424 -1.94513
-0.345867 -4.16304
1.43657 1.43562
0.980778 -1.08043
1.5985 -0.29567
1.03281 -0.393852
1.59745 -1.48814
0.197748 -3.45411
0.182852 -0.140448
1.828 -2.69736
-0.870627 -1.81905
0.0429516 -1.9715
-0.445257 -2.80126
0.0089316 -1.27701
0.112756 -2.62078
-0.320972 -1.50357
-0.192756 -3.2567
0.185636 -0.497127
1.84928 -1.66862
-0.347805 -4.24153
1.5516 1.47846
0.820439 -1.18139
1.55935 -0.0511373
1.16876 -0.393139
1.56403 -1.12012
0.510222 -1.28067
1.09889 0.130053
1.46665 -1.62709
0.19388 -3.10687
-0.0690713 -0.710806
1.66865 0.126667
0.879145 -0.67387
1.68509 -1.38628
0.203333 -3.82902
0.520249 0.541707
1.48368 -3.06585
-0.712624 -1.39991
-0.02592 -2.64871
-0.245367 -1.45987
-0.156736 -3.36962
0.260571 -0.281745
1.81334 -2.42975
-0.879153 -2.56672
0.319699 -0.728789
1.81756 -1.02624
0.229434 -4.04277
0.738549 0.940168
1.28069 -2.58798
-0.716257 -2.92186
0.338042 -0.532307
1.81532 -1.80483
-0.421081 -4.11618
1.47239 1.41482
0.951368 -1.05949
1.62343 -0.369397
0.928945 -0.493681
1.64091 -1.60176
0.162064 -4.17841
0.946234 1.21235
1.18162 -2.04159
0.021039 -4.12883
0.990838 1.19347
1.18621 -1.92943
0.120987 -3.79939
0.531285 0.504168
1.49134 -3.03787
-0.728427 -1.47088
-0.038382 -2.62729
-0.250525 -1.49506
-0.185104 -3.33995
0.249498 -0.332733
1.8217 -2.29172
-0.844561 -2.91143
0.563885 -0.0447869
1.64482 -2.69774
-0.844558 -2.25144
0.0947542 -1.53376
-0.0648538 -3.60133
0.427433 0.164274
1.65305 -3.03903
-0.741677 -1.3102
0.0247482 -2.454
-0.356549 -1.7778
-0.293648 -2.84441
-0.0403471 -1.22973
0.13028 -2.45978
-0.404154 -1.80395
-0.276605 -2.78118
-0.0806334 -1.3287
0.0194917 -3.22617
0.078106 -0.549389
1.86184 -1.16813
0.133275 -4.51818
1.41521 1.67536
0.908654 -1.24609
1.45878 0.0566144
1.32958 -0.557302
1.48161 -0.492716
1.27249 -0.256049
1.50647 -0.919505
0.939407 -0.359177
1.60948 -1.74439
0.0936526 -4.32614
1.19366 1.47223
1.08864 -1.4598
0.914512 -0.222116
1.58192 -1.9288
-0.0902481 -4.3437
1.39317 1.54112
0.978332 -1.16867
1.52905 -0.0913747
1.23068 -0.388019
1.54122 -0.94176
0.800137 -0.583781
1.69105 -1.66604
0.0527788 -4.41999
1.35716 1.59258
0.984281 -1.22993
1.45407 0.0233025
1.33883 -0.553949
1.47279 -0.472026
1.29528 -0.272712
1.49752 -0.837669
1.04545 -0.251751
1.5645 -1.58481
0.187535 -3.63428
0.340087 0.178944
1.69699 -3.13646
-0.683272 -1.01215
0.207573 -1.7009
-0.180223 -3.6687
0.573017 0.383554
1.51278 -2.93077
-0.777799 -1.75278
-0.0470073 -2.38415
-0.351135 -1.88781
-0.306599 -2.67217
-0.121033 -1.50195
-0.158861 -3.47113
0.35279 -0.0693826
1.74657 -2.84251
-0.827516 -1.64998
0.00396015 -2.25669
-0.415307 -2.13624
-0.251144 -2.29363
-0.290375 -2.04301
-0.327002 -2.43562
-0.209211 -1.85311
-0.359692 -2.80188
-0.0338909 -1.29988
0.0656444 -2.96262
-0.110093 -0.958933
0.759512 -0.248948
1.62744 -2.20881
-0.564137 -3.73759
1.12922 1.07074
1.2177 -1.5801
0.478835 -1.23278
1.20437 0.215667
1.4334 -1.33718
0.56329 -1.05778
1.66247 -0.167272
0.859575 -0.638839
1.68498 -1.48263
0.183708 -4.12291
0.86227 1.10462
1.21638 -2.26331
-0.344961 -3.93743
1.1006 1.14323
1.19825 -1.65205
0.347941 -1.72276
-0.0820385 -3.76467
0.613441 0.523927
1.44994 -2.87942
-0.782068 -1.94465
-0.0385587 -2.19046
-0.412616 -2.24425
-0.22798 -2.14061
-0.339802 -2.2822
-0.252969 -2.07606
-0.339668 -2.38625
-0.220638 -1.9268
-0.362694 -2.65714
-0.103466 -1.53282
-0.181759 -3.46786
0.362715 -0.064499
1.74101 -2.8456
-0.826442 -1.65371
0.00255786 -2.26014
-0.413764 -2.12879
-0.253364 -2.30419
-0.286162 -2.0275
-0.330688 -2.46143
-0.198147 -1.81691
-0.355928 -2.87961
0.00713935 -1.1667
0.303277 -1.55504
0.0583204 -3.33782
0.145355 -0.353961
1.85238 -2.09433
-0.77246 -3.30911
0.907804 0.665138
1.33966 -2.18816
-0.252758 -4.10786
1.23701 1.33476
1.12419 -1.34095
1.15829 0.0151756
1.48624 -1.41565
0.332194 -1.93964
-0.382726 -3.41745
0.456711 0.00521281
1.68057 -2.86545
-0.817938 -1.71793
-0.0105252 -2.26693
-0.406082 -2.10949
-0.260818 -2.33163
-0.274206 -1.98802
-0.339387 -2.5294
-0.16818 -1.72056
-0.328269 -3.09521
0.131935 -0.77083
1.75882 -0.257637
0.488134 -1.54957
0.187897 -2.32848
-0.477194 -2.12426
-0.220852 -2.30835
-0.299467 -2.01594
-0.325754 -2.47817
-0.194082 -1.79162
-0.350398 -2.93192
0.0353191 -1.07428
0.680729 -0.437576
1.69546 -2.05886
-0.482065 -3.94436
1.30843 1.2847
1.11807 -1.18488
1.41213 -0.009477
1.38563 -0.642968
1.39938 -0.286748
1.4194 -0.526575
1.37561 -0.314837
1.44359 -0.571256
1.3241 -0.250224
1.47857 -0.765467
1.15426 -0.187994
1.53069 -1.3245
0.351944 -1.86988
-0.285272 -3.62464
0.607006 0.385647
1.49782 -2.86684
-0.794299 -1.94959
-0.0270696 -2.14775
-0.425297 -2.33628
-0.195771 -2.01153
-0.3715 -2.5131
-0.160127 -1.75026
-0.342509 -3.04622
0.10507 -0.861295
1.59139 0.200587
1.08953 -0.492202
1.60189 -1.23285
0.30161 -2.20135
-0.529748 -2.60552
-0.0401209 -1.57429
-0.195802 -3.50104
0.403625 0.0169052
1.70368 -2.92321
-0.796736 -1.52619
-0.00329677 -2.39417
-0.367279 -1.87751
-0.298878 -2.68318
-0.119182 -1.48373
-0.140451 -3.48038
0.351384 -0.0582722
1.7451 -2.85876
-0.821704 -1.61147
0.00330278 -2.29009
-0.405595 -2.07124
-0.267337 -2.38668
-0.252967 -1.90861
-0.349242 -2.67442
-0.101571 -1.50496
-0.153717 -3.48839
0.366297 -0.0349943
1.7334 -2.88387
-0.81236 -1.57116
0.00122698 -2.33296
-0.391118 -1.98969
-0.284283 -2.50715
-0.200954 -1.73885
-0.331183 -3.02631
0.0858002 -0.904155
1.45226 0.331359
1.29265 -0.668374
1.50403 -0.467721
1.23134 -0.257331
1.52278 -1.04522
0.738114 -0.686938
1.72463 -1.50574
0.137588 -4.3622
1.20456 1.50719
1.07502 -1.44496
0.963965 -0.150904
1.55466 -1.86491
0.0335279 -4.33852
1.26408 1.50707
1.05922 -1.32947
1.24205 0.07156
1.45795 -1.18217
0.749572 -0.630857
1.71301 -1.62454
0.0559197 -4.43441
1.37374 1.60596
0.968152 -1.22197
1.47231 0.00990695
1.31768 -0.509795
1.49496 -0.571291
1.21679 -0.224869
1.5221 -1.11231
0.651707 -0.873132
1.75318 -0.970148
0.237329 -3.10358
-0.0895035 -0.712364
1.64044 0.18918
0.964049 -0.581706
1.64871 -1.40152
0.203593 -3.54928
0.259047 0.0257028
1.77438 -3.00241
-0.75392 -1.20047
0.0882928 -2.17565
-0.466604 -2.37212
-0.16361 -1.96049
-0.385263 -2.62515
-0.107441 -1.58346
-0.230127 -3.40669
0.333486 -0.169334
1.77208 -2.6869
-0.86888 -1.99646
0.0587095 -1.8036
-0.367866 -3.2334
0.265203 -0.44896
1.8274 -1.97349
-0.633701 -3.70924
1.21333 1.1276
1.19281 -1.37083
1.00679 -0.135798
1.54375 -1.76643
0.133827 -4.17251
0.959346 1.21412
1.18082 -2.00825
0.0599258 -4.06877
0.882104 1.06154
1.22764 -2.21733
-0.267565 -4.04396
1.16103 1.25041
1.1627 -1.50475
0.724847 -0.575646
1.71016 -1.76143
-0.101434 -4.40469
1.48943 1.58678
0.865419 -1.19557
1.53676 -0.0329736
1.21581 -0.405034
1.54929 -0.970519
0.739736 -0.699638
1.72588 -1.47411
0.155656 -4.32145
1.13588 1.44503
1.1053 -1.5827
0.568199 -0.933595
1.74984 -0.66072
0.345167 -2.12036
-0.512297 -2.92353
0.126283 -0.978567
1.3052 0.332976
1.38328 -1.05949
1.12773 -0.120624
1.52136 -1.44225
0.256399 -2.44597
-0.471249 -1.92606
-0.246717 -2.58316
-0.185416 -1.61758
-0.268813 -3.25891
0.225915 -0.464576
1.83865 -1.86234
-0.54393 -3.91552
1.36569 1.29642
1.08549 -1.08937
1.52975 -0.183957
1.22526 -0.352516
1.53893 -0.989231
0.75314 -0.667319
1.71778 -1.54085
0.121971 -4.38187
1.244 1.53657
1.05534 -1.37572
1.14745 0.0322808
1.48396 -1.45433
0.293796 -2.15309
-0.520968 -2.72749
0.0139589 -1.3623
0.0419101 -3.18107
0.0386767 -0.619732
1.83731 -0.690373
0.246587 -3.48769
0.190714 -0.0795602
1.81961 -2.82318
-0.831327 -1.53038
0.0260831 -2.24369
-0.428345 -2.17469
-0.236543 -2.23965
-0.312453 -2.12384
-0.304013 -2.30741
-0.262171 -2.03254
-0.341012 -2.45726
-0.195056 -1.82531
-0.358718 -2.86592
0.000666552 -1.19023
0.238177 -1.84518
-0.335313 -3.46427
0.466406 0.0588407
1.66207 -2.9075
-0.80207 -1.63709
-0.0172928 -2.36299
-0.372305 -1.92979
-0.296775 -2.6009
-0.156947 -1.60586
-0.258356 -3.31181
0.264697 -0.358152
1.8194 -2.23827
-0.818099 -3.06413
0.683553 0.232954
1.51722 -2.67088
-0.808002 -2.52914
0.175767 -1.14023
0.807569 -0.209558
1.60395 -2.16166
-0.472844 -3.91052
1.24264 1.23255
1.15524 -1.3127
1.17629 0.0126734
1.4839 -1.36084
0.406122 -1.6043
0.0794305 -3.26086
0.0808101 -0.481459
1.86797 -1.48023
-0.180312 -4.43784
1.61977 1.57917
0.668332 -1.49329
0.609244 -0.72416
1.7629 -1.42969
0.13536 -4.4075
1.2667 1.56453
1.03836 -1.34448
1.22688 0.0752155
1.46066 -1.22995
0.666398 -0.80855
1.75305 -1.18763
0.218652 -3.82473
0.508388 0.530598
1.49316 -3.08569
-0.703218 -1.34185
-0.00975552 -2.63115
-0.260779 -1.48476
-0.178328 -3.33738
0.243958 -0.34026
1.82406 -2.26601
-0.8357 -2.97191
0.612538 0.0712371
1.59248 -2.7196
-0.83178 -2.27687
0.0876041 -1.54236
-0.0797445 -3.60957
0.443982 0.188201
1.63741 -3.03749
-0.742267 -1.33461
0.0151729 -2.48501
-0.339073 -1.72264
-0.288392 -2.94223
0.012967 -1.06493
0.65758 -0.484935
1.71233 -1.99402
-0.429196 -4.04438
1.37831 1.36051
1.05507 -1.09576
1.54655 -0.199783
1.18755 -0.343686
1.55063 -1.1097
0.564463 -1.11243
1.59217 0.0177647
1.09318 -0.435008
1.5915 -1.2884
0.277215 -2.35645
-0.508548 -2.16005
-0.196642 -2.25432
-0.326428 -2.09818
-0.301981 -2.34688
-0.250758 -1.97474
-0.350263 -2.55888
-0.151439 -1.67945
-0.307378 -3.19228
0.193616 -0.583322
1.84705 -1.3402
0.0325088 -4.53752
1.53344 1.67681
0.77228 -1.34168
1.2431 0.162226
1.43819 -1.20688
0.768695 -0.584988
1.69975 -1.70015
-0.00148864 -4.43354
1.42726 1.60888
0.923561 -1.19555
1.52232 -0.0414836
1.24306 -0.413003
1.53844 -0.881708
0.873623 -0.467026
1.64859 -1.7439
0.0403975 -4.39574
1.33578 1.57008
1.00536 -1.2429
1.4248 0.0420313
1.3673 -0.632036
1.42767 -0.331847
1.38579 -0.429239
1.43194 -0.460364
1.36785 -0.337274
1.45135 -0.576715
1.30788 -0.239148
1.4868 -0.822241
1.08948 -0.215965
1.5488 -1.49177
0.209235 -3.01098
-0.138661 -0.863068
1.07619 0.230276
1.44385 -1.71457
0.175647 -3.47547
0.208731 -0.105028
1.81487 -2.7817
-0.8465 -1.64388
0.0231919 -2.17335
-0.441581 -2.31876
-0.192805 -2.03725
-0.370746 -2.46753
-0.177733 -1.81646
-0.36126 -2.89792
0.0203381 -1.13296
0.427432 -1.10708
1.48138 0.218112
1.28013 -0.572384
1.52265 -0.610641
1.12824 -0.244231
1.54742 -1.36196
0.28593 -2.25367
-0.527099 -2.43632
-0.109225 -1.85078
-0.386238 -2.89375
0.0303665 -1.13305
0.449364 -1.03993
1.6297 -0.00903326
0.989827 -0.504954
1.62882 -1.45794
0.198897 -3.6034
0.307787 0.122401
1.72909 -3.10328
-0.701252 -1.04244
0.182616 -1.79698
-0.315004 -3.46931
0.455186 0.0476135
1.67052 -2.90888
-0.801913 -1.61979
-0.0151957 -2.36846
-0.371304 -1.92053
-0.297427 -2.61538
-0.150387 -1.58469
-0.241048 -3.35143
0.289523 -0.282945
1.80364 -2.44533
-0.877196 -2.55672
0.308593 -0.761914
1.81003 -0.851293
0.238046 -3.51666
0.217892 -0.0301503
1.80235 -2.91786
-0.792837 -1.34313
0.0477223 -2.28204
-0.427819 -2.11034
-0.249523 -2.33045
-0.279644 -1.9875
-0.337004 -2.52892
-0.169423 -1.72074
-0.328216 -3.0935
0.130678 -0.774272
1.7544 -0.236826
0.509801 -1.47543
0.384463 -1.36828
0.473485 -1.04107
1.64328 -0.0556634
0.943628 -0.545121
1.64735 -1.49829
0.191851 -3.91359
0.615356 0.706507
1.38851 -2.88668
-0.76724 -1.94652
-0.0512122 -2.22981
-0.39795 -2.16312
-0.254459 -2.25454
-0.300212 -2.10279
-0.313599 -2.33992
-0.247699 -1.98743
-0.350989 -2.53779
-0.159663 -1.7106
-0.324178 -3.1239
0.150638 -0.715103
1.81095 -0.596319
0.266028 -2.87972
-0.248592 -1.08511
0.168862 -2.10786
-0.492474 -2.63965
-0.0463631 -1.53795
-0.161057 -3.52409
0.405351 0.0461913
1.69578 -2.9534
-0.783634 -1.46268
0.00158429 -2.42804
-0.356412 -1.81895
-0.299471 -2.77944
-0.0720348 -1.33492
0.0188309 -3.23761
0.0864397 -0.530288
1.86377 -1.28098
0.0413038 -4.5514
1.54325 1.68506
0.755036 -1.37138
1.14591 0.114585
1.46504 -1.48597
0.287649 -2.17766
-0.524346 -2.64712
-0.0241891 -1.50557
-0.114176 -3.55002
0.403875 0.0775932
1.68871 -2.98648
-0.76821 -1.39041
0.012035 -2.44226
-0.355496 -1.79597
-0.296918 -2.81627
-0.0540128 -1.27575
0.0748623 -2.87264
-0.16701 -1.0963
0.221553 -1.8664
-0.365897 -3.38039
0.4031 -0.106897
1.73089 -2.76812
-0.848763 -1.87844
0.0212365 -2.02078
-0.447935 -2.65701
-0.0624409 -1.52581
-0.156557 -3.51524
0.393948 0.0243993
1.70675 -2.93877
-0.790012 -1.48109
0.00174304 -2.40977
-0.363641 -1.851
-0.299174 -2.72591
-0.09876 -1.41852
-0.0674098 -3.46654
0.302035 -0.110826
1.77648 -2.78804
-0.845293 -1.72227
0.0158307 -2.15036
-0.442083 -2.36196
-0.179406 -1.9757
-0.379378 -2.58711
-0.126534 -1.6412
-0.280714 -3.29219
0.26073 -0.386947
1.82324 -2.15393
-0.77332 -3.27334
0.85907 0.584743
1.36834 -2.31556
-0.471451 -3.7905
1.0586 1.0294
1.23175 -1.76456
0.191767 -2.78778
-0.267844 -1.22992
0.0187058 -3.05027
-0.0385471 -0.834112
1.41313 0.373975
1.31801 -0.771414
1.45276 -0.292122
1.35292 -0.400717
1.46576 -0.56966
1.28161 -0.231425
1.49899 -0.908217
0.9746 -0.314898
1.59209 -1.70838
0.137813 -4.21392
1.00956 1.28326
1.15991 -1.87906
0.141261 -3.48636
0.231159 -0.0875878
1.80371 -2.82099
-0.833363 -1.57457
0.0197943 -2.2406
-0.426367 -2.17709
-0.237035 -2.2362
-0.313161 -2.12926
-0.302641 -2.29913
-0.265289 -2.04435
-0.338288 -2.43702
-0.203629 -1.85376
-0.3616 -2.80462
-0.0315547 -1.29509
0.0708501 -2.92379
-0.135389 -1.01784
0.479112 -0.914473
1.75731 -0.582717
0.36177 -2.04559
-0.465511 -3.18156
0.293957 -0.453762
1.81997 -1.99576
-0.640975 -3.68539
1.19089 1.10148
1.20363 -1.42452
0.86925 -0.324135
1.617 -1.92854
-0.149032 -4.32566
1.43107 1.53307
0.949144 -1.14295
1.56643 -0.158508
1.14543 -0.363233
1.56581 -1.21519
0.394462 -1.70112
-0.013651 -3.71749
0.518376 0.385805
1.53721 -3.02897
-0.739256 -1.4622
-0.0291709 -2.59037
-0.271937 -1.55108
-0.225375 -3.25697
0.201594 -0.487128
1.84552 -1.73835
-0.420612 -4.13528
1.49945 1.42563
0.914671 -1.07493
1.6289 -0.347596
0.918793 -0.512235
1.64705 -1.59528
0.161064 -4.19268
0.965026 1.23748
1.17396 -1.99265
0.0752863 -4.02474
0.81584 0.969128
1.26039 -2.39439
-0.543275 -3.57002
0.845228 0.679362
1.34248 -2.34661
-0.503375 -3.71047
0.987928 0.918768
1.26405 -1.95812
0.10033 -4.01464
0.786333 0.937262
1.27372 -2.47117
-0.629634 -3.31946
0.642431 0.256477
1.52493 -2.75945
-0.815135 -2.24574
0.0566686 -1.66004
-0.236902 -3.5184
0.448672 0.0869741
1.66338 -2.95167
-0.784149 -1.51903
-0.0117042 -2.44273
-0.344453 -1.79173
-0.30081 -2.82869
-0.0457694 -1.25592
0.0977748 -2.69852
-0.273728 -1.37119
-0.0907023 -3.34378
0.208968 -0.345991
1.83479 -2.21031
-0.819415 -3.07926
0.705667 0.276976
1.49634 -2.63962
-0.794955 -2.65208
0.236059 -0.914138
1.64755 0.0478594
0.9406 -0.573253
1.65316 -1.46093
0.196933 -3.8256
0.519915 0.536519
1.48562 -3.06551
-0.713126 -1.39977
-0.0255938 -2.64704
-0.24632 -1.46239
-0.158926 -3.36734
0.2597 -0.285695
1.81402 -2.41961
-0.877602 -2.59193
0.335506 -0.678267
1.82113 -1.27246
0.143946 -4.45994
1.32895 1.62116
0.990301 -1.27679
1.38077 0.0804409
1.39708 -0.7666
1.33413 -0.178277
1.46429 -0.78071
1.18053 -0.17162
1.52174 -1.25648
0.455968 -1.43709
0.399641 -1.30038
0.768296 -0.322971
1.6431 -2.11044
-0.461727 -3.95171
1.28793 1.27785
1.12798 -1.22364
1.35272 0.0284384
1.4233 -0.827676
1.24562 -0.140585
1.49841 -1.07566
0.777748 -0.598004
1.69967 -1.66479
0.0385897 -4.43047
1.38464 1.60398
0.961014 -1.21223
1.48792 -0.00760171
1.29751 -0.473526
1.51066 -0.663379
1.13234 -0.227796
1.54325 -1.36189
0.29234 -2.20822
-0.52837 -2.57034
-0.0563677 -1.63501
-0.26079 -3.39704
0.343399 -0.169785
1.76805 -2.68578
-0.868571 -2.00979
0.0606402 -1.78868
-0.356341 -3.27124
0.290755 -0.373936
1.813 -2.22018
-0.801817 -3.13694
0.73918 0.352813
1.46294 -2.58497
-0.764426 -2.86305
0.3588 -0.512321
1.80779 -1.89184
-0.506329 -3.9673
1.38162 1.32495
1.06538 -1.07719
1.55243 -0.228478
1.17033 -0.336446
1.55452 -1.16671
0.481222 -1.36889
0.697584 -0.48248
1.69976 -1.96427
-0.363304 -4.13677
1.42168 1.41895
1.00053 -1.07971
1.58918 -0.282403
1.06363 -0.371792
1.58647 -1.43163
0.211506 -3.05976
-0.107759 -0.7845
1.42673 0.387536
1.30432 -0.742215
1.47747 -0.353605
1.30783 -0.327142
1.4959 -0.759173
1.11185 -0.215466
1.54464 -1.42919
0.240927 -2.60814
-0.391091 -1.57362
-0.219119 -3.11008
0.0902912 -0.770446
1.73091 -0.118774
0.627499 -1.13792
1.58454 0.0023659
1.11162 -0.422592
1.58471 -1.25183
0.31731 -2.0918
-0.50132 -2.95066
0.137042 -0.933595
1.46577 0.311458
1.28232 -0.634022
1.51714 -0.534527
1.17736 -0.243832
1.5363 -1.21831
0.467036 -1.40654
0.524313 -0.908593
1.76079 -0.69142
0.309192 -2.35823
-0.521352 -2.19795
-0.181312 -2.19904
-0.347877 -2.18878
-0.273354 -2.21288
-0.302603 -2.16857
-0.299469 -2.23865
-0.283836 -2.13294
-0.315691 -2.29283
-0.261137 -2.0561
-0.338716 -2.41819
-0.210112 -1.88086
-0.36317 -2.74874
-0.059601 -1.38754
-0.0183565 -3.39856
0.222915 -0.248124
1.82279 -2.48225
-0.889705 -2.39372
0.228386 -1.04998
1.29644 0.308578
1.39161 -1.0804
1.08164 -0.153032
1.53609 -1.5547
0.195998 -3.24794
0.0276823 -0.483983
1.87406 -1.31827
-0.0237814 -4.54445
1.59709 1.66268
0.678844 -1.5046
0.586565 -0.783913
1.77105 -1.22986
0.210893 -4.10328
0.820828 1.05849
1.23337 -2.37235
-0.511195 -3.63355
0.887016 0.763629
1.3133 -2.23463
-0.319609 -4.01541
1.18359 1.24865
1.16064 -1.45084
0.864414 -0.318822
1.61688 -1.94378
-0.171619 -4.30833
1.43183 1.52178
0.952741 -1.13537
1.57144 -0.175607
1.13106 -0.362748
1.5694 -1.25648
0.343341 -1.93959
-0.376266 -3.44101
0.476688 0.0544509
1.65822 -2.89228
-0.807442 -1.6838
-0.0175104 -2.32446
-0.385403 -1.99926
-0.286283 -2.49356
-0.205417 -1.75903
-0.337557 -2.98398
0.0613976 -0.981949
1.13077 0.245842
1.43512 -1.56091
0.250191 -2.41711
-0.47856 -1.98528
-0.239108 -2.49969
-0.223109 -1.73651
-0.325805 -3.00971
0.0722034 -0.937266
1.32045 0.348062
1.37448 -1.01801
1.19423 -0.0934732
1.50303 -1.25879
0.502474 -1.27129
1.11708 0.147939
1.46037 -1.5794
0.217599 -2.7499
-0.302276 -1.30063
-0.0426869 -3.24618
0.115455 -0.52362
1.86105 -1.39199
-0.0599068 -4.51885
1.5997 1.64295
0.681357 -1.49045
0.640502 -0.650829
1.74621 -1.63435
-0.0241298 -4.45846
1.48334 1.62558
0.857676 -1.22407
1.49976 0.031523
1.27696 -0.470398
1.52419 -0.72618
1.05339 -0.271391
1.56742 -1.54823
0.192429 -3.48244
0.207841 -0.091892
1.81387 -2.8063
-0.838042 -1.58578
0.0224907 -2.21915
-0.432511 -2.22251
-0.223361 -2.17256
-0.335116 -2.23017
-0.26932 -2.15072
-0.318823 -2.26476
-0.267715 -2.09759
-0.329572 -2.34955
-0.23731 -1.97712
-0.355877 -2.55931
-0.148755 -1.67978
-0.307585 -3.19493
0.195824 -0.577677
1.84703 -1.36958
0.00428938 -4.53326
1.555 1.66809
0.743962 -1.38083
1.10688 0.0862614
1.47641 -1.59125
0.203642 -2.95887
-0.169517 -0.94746
0.660756 -0.443774
1.70296 -2.06668
-0.505195 -3.90557
1.28651 1.25573
1.13562 -1.22198
1.34675 0.0272755
1.42687 -0.844979
1.22551 -0.138192
1.50401 -1.13909
0.672011 -0.816789
1.75177 -1.16322
0.220197 -3.73546
0.41981 0.362996
1.59647 -3.17326
-0.660457 -1.04086
0.161968 -1.91687
-0.424953 -3.13435
0.22149 -0.614956
1.84126 -1.27546
0.101935 -4.51875
1.44406 1.67479
0.881608 -1.24598
1.46403 0.0638557
1.3225 -0.548961
1.48888 -0.519706
1.2491 -0.241744
1.51397 -1.0016
0.821807 -0.530334
1.67495 -1.73142
0.00932232 -4.41839
1.39615 1.59576
0.95531 -1.19942
1.50594 -0.0324687
1.27104 -0.435543
1.52585 -0.777115
1.00982 -0.30368
1.58271 -1.63302
0.175673 -3.95497
0.670063 0.79122
1.34353 -2.76192
-0.77351 -2.34288
0.0452201 -1.63054
-0.210884 -3.54323
0.456752 0.122608
1.64954 -2.97271
-0.774396 -1.48477
-0.0110185 -2.47249
-0.332485 -1.74142
-0.295447 -2.91667
0.000990348 -1.10875
0.465064 -0.985516
1.70363 -0.253907
0.6856 -0.964241
1.72815 -0.673302
0.394691 -1.84774
-0.216264 -3.73522
0.681649 0.569215
1.41176 -2.73677
-0.78827 -2.40538
0.0871046 -1.46662
-0.00216401 -3.46627
0.272644 -0.121792
1.79059 -2.76739
-0.851501 -1.74068
0.02157 -2.11267
-0.448265 -2.44887
-0.147131 -1.84941
-0.377076 -2.85939
0.0058577 -1.19776
0.22958 -1.88968
-0.384203 -3.33726
0.374444 -0.188307
1.75822 -2.65063
-0.871394 -2.12966
0.0916864 -1.6106
-0.157139 -3.61573
0.497809 0.246287
1.59218 -3.00098
-0.758206 -1.48352
-0.022239 -2.53136
-0.301943 -1.64438
-0.271878 -3.09464
0.103392 -0.791091
1.71365 -0.0677
0.701655 -0.964255
1.72577 -0.683698
0.395603 -1.84061
-0.204924 -3.74663
0.686053 0.583956
1.4057 -2.72759
-0.786125 -2.43768
0.0993202 -1.41097
0.051185 -3.19662
0.0459663 -0.592493
1.85027 -0.854096
0.242104 -4.00781
0.691586 0.870943
1.31239 -2.70658
-0.762087 -2.52436
0.114276 -1.31494
0.154006 -2.37956
-0.446075 -1.98179
-0.2568 -2.51085
-0.211183 -1.72555
-0.324059 -3.04117
0.092177 -0.878181
1.53277 0.274593
1.19691 -0.521744
1.56903 -0.904032
0.744774 -0.702903
1.72494 -1.46306
0.162658 -4.299
1.1009 1.40936
1.11918 -1.65997
0.374608 -1.57933
0.0803537 -3.21998
0.051522 -0.548702
1.86284 -1.08813
0.17667 -4.46154
1.30315 1.61859
1.00424 -1.30956
1.31603 0.0958279
1.42926 -0.963698
1.1173 -0.156309
1.53094 -1.45181
0.240055 -2.60011
-0.394692 -1.58894
-0.224733 -3.0884
0.0780232 -0.809424
1.65927 0.0882247
0.90683 -0.625994
1.67061 -1.43322
0.198811 -3.86946
0.564494 0.619956
1.43722 -2.98991
-0.741254 -1.6304
-0.0633246 -2.56406
-0.269456 -1.5969
-0.253306 -3.19767
0.16928 -0.596336
1.84879 -1.21933
0.126303 -4.50981
1.41038 1.66851
0.915529 -1.24219
1.46293 0.0487563
1.32555 -0.545184
1.48633 -0.515308
1.256 -0.244261
1.5117 -0.978569
0.856784 -0.473762
1.65421 -1.7639
0.00797163 -4.40568
1.38012 1.58451
0.971713 -1.20412
1.49309 -0.0217638
1.29075 -0.458989
1.5149 -0.696867
1.10028 -0.239872
1.55197 -1.44448
0.226536 -2.77246
-0.293702 -1.26313
-0.0129328 -3.16623
0.0484906 -0.654961
1.81935 -0.544596
0.267751 -2.89286
-0.24121 -1.06279
0.211955 -1.88489
-0.3871 -3.31454
0.354371 -0.239259
1.77426 -2.55854
-0.877747 -2.33736
0.178964 -1.22311
0.491069 -0.94545
1.74109 -0.476754
0.457093 -1.62061
0.0945976 -3.16041
0.00536599 -0.642276
1.81284 -0.454114
0.293128 -2.60841
-0.418346 -1.60692
-0.224396 -3.04546
0.0496726 -0.886026
1.43443 0.347214
1.30622 -0.712969
1.4824 -0.38324
1.29457 -0.306506
1.50163 -0.815096
1.05242 -0.25054
1.56298 -1.56729
0.19012 -3.53931
0.256015 0.00776766
1.7789 -2.97715
-0.766632 -1.25139
0.0689695 -2.24247
-0.447103 -2.20723
-0.219482 -2.19435
-0.331806 -2.19494
-0.279605 -2.20198
-0.302415 -2.18582
-0.29564 -2.21249
-0.292365 -2.17156
-0.3036 -2.23336
-0.283308 -2.1414
-0.314252 -2.27959
-0.265649 -2.07511
-0.334045 -2.38628
-0.223198 -1.92548
-0.361653 -2.65827
-0.103424 -1.53101
-0.179986 -3.46942
0.363179 -0.0620921
1.74032 -2.84875
-0.825337 -1.64703
0.00224117 -2.26679
-0.411806 -2.11567
-0.256796 -2.32286
-0.278802 -2.00024


