-0.555978 -0.215637
-2.78573 -3.30826
-0.743642 0.251554
-2.70726 -4.05356
-1.03085 0.91855
-2.50064 -5.07306
-2.17805 -0.353131
-1.48209 -3.03345
-2.13514 -1.48525
-1.78882 -1.31531
-1.97999 -1.39572
-1.87088 -1.2292
-1.95219 -1.46002
-1.86589 -1.12876
-1.96116 -1.65955
-1.80089 -0.928307
-1.93205 -2.26776
-1.59875 -0.474605
-0.619413 -3.26517
-1.97456 -4.65263
-2.12361 -0.426769
-1.57482 -2.96195
-1.97874 -0.384194
-1.50372 -3.12436
-2.13397 -1.23878
-1.84003 -1.59607
-1.88474 -0.924942
-1.93242 -2.09286
-1.66088 -0.576518
-1.17427 -3.37229
-0.483292 -4.41059
-2.17988 -3.61745
-1.10225 0.113191
-1.71997 -5.80921
-1.00175 -4.03446
-1.35501 -4.95391
-0.930568 -4.54239
-1.46669 -4.62434
-0.523058 -4.17118
-2.05014 -4.0226
-1.31469 0.490457
-1.25056 -5.78162
-1.63782 -4.011
-2.1688 -1.63034
-1.73637 -1.23259
-2.00319 -1.71018
-1.7672 -0.932538
-1.92208 -2.37037
-1.56869 -0.405834
-0.331572 -3.20175
-2.34632 -3.6526
-0.988662 0.0626946
-2.07494 -5.58554
-1.14118 -3.80834
-0.898091 -4.8602
-1.55342 -4.39027
-0.689722 -3.6097
-1.836 -4.70772
-2.00581 -2.82712
-1.3768 -0.270095
-0.166477 -4.30948
-2.56342 -1.34789
-1.55946 -1.83252
-2.06407 -1.404
-1.83562 -1.30708
-1.95777 -1.34785
-1.89174 -1.27613
-1.93591 -1.36959
-1.89641 -1.23472
-1.94016 -1.43874
-1.87706 -1.14653
-1.95649 -1.61316
-1.81802 -0.967359
-1.94909 -2.11881
-1.6436 -0.581466
-1.10405 -3.37596
-0.786241 -4.8327
-1.74728 -4.22642
-2.15826 -0.867534
-1.82322 -2.19394
-1.69604 -0.410328
-0.942553 -3.3344
-1.37129 -5.16719
-0.970932 -4.44831
-1.41634 -4.72042
-0.696714 -4.42971
-1.79318 -4.3351
-2.15457 -0.777593
-1.80027 -2.35193
-1.66653 -0.300982
-0.555169 -3.2217
-2.0629 -4.48657
-1.72034 0.454421
0.0676373 -3.85232
-2.60049 -0.14804
-1.34314 -2.80319
-1.41436 -3.50797
-1.38044 -3.56249
-0.856817 -3.56409
-1.59411 -5.02038
-0.580202 -4.11084
-1.94969 -4.24128
-1.67664 0.414893
0.0305526 -3.97241
-2.59467 -0.265383
-1.40383 -2.73723
-1.9721 -2.68955
-1.43694 -0.30072
-0.0200342 -3.8124
-2.61403 -0.975758
-1.54817 -2.11077
-2.05555 -1.06049
-1.88854 -1.78538
-1.79343 -0.752792
-1.8066 -2.75161
-1.55691 -0.0880127
0.0252976 -3.50933
-2.63958 -0.953702
-1.52494 -2.10353
-2.07743 -1.26984
-1.8585 -1.48857
-1.90488 -1.05836
-1.9468 -1.77208
-1.76891 -0.816487
-1.84121 -2.67456
-1.53762 -0.154656
0.0138029 -3.48795
-2.63906 -1.07377
-1.51816 -2.01021
-2.08125 -1.47621
-1.81079 -1.25034
-1.97659 -1.48542
-1.8483 -1.11976
-1.96723 -1.69984
-1.78487 -0.898982
-1.91164 -2.39743
-1.5657 -0.378337
-0.27154 -3.19966
-2.42024 -3.34083
-1.00184 -0.290481
-1.78122 -5.71481
-0.878266 -3.99908
-1.55209 -4.85401
-0.535022 -4.09222
-2.02116 -4.11585
-1.41892 0.514099
-0.854966 -5.47986
-2.15131 -3.32608
-1.1643 -0.117082
-1.24483 -5.67569
-1.4888 -4.12324
-0.760243 -3.58977
-1.74501 -4.85382
-0.889806 -3.67467
-1.53613 -5.01531
-0.657423 -4.26127
-1.83785 -4.35053
-2.08036 -0.33129
-1.46045 -3.10889
-2.11023 -2.01258
-1.62613 -0.875471
-1.61242 -3.17968
-1.92478 -0.192835
-1.09906 -3.28442
-0.756512 -4.81534
-1.79888 -4.17473
-2.00264 -0.115663
-1.04352 -3.25272
-0.983541 -5.03096
-1.46925 -4.37355
-0.415302 -3.81331
-2.19691 -3.82559
-1.09316 0.300479
-1.91035 -5.77356
-0.966994 -3.91744
-1.40785 -4.98256
-0.854844 -4.48595
-1.56377 -4.56583
-0.50235 -3.694
-2.07083 -4.2025
-1.40005 0.55729
-0.983914 -5.60627
-2.00967 -3.6156
-1.25441 0.251998
-1.23396 -5.73069
-1.59303 -4.05492
-1.97812 -2.82932
-1.39191 -0.230557
-0.150261 -4.27958
-2.56899 -1.26774
-1.56649 -1.89519
-2.0567 -1.23992
-1.87186 -1.50739
-1.89214 -1.03439
-1.94944 -1.83362
-1.74614 -0.7712
-1.76756 -2.8763
-1.58774 -0.00927354
0.0366185 -3.50227
-2.64131 -0.862985
-1.52434 -2.17414
-2.07545 -1.18322
-1.8719 -1.60767
-1.86199 -0.91629
-1.93217 -2.15105
-1.64011 -0.541376
-0.99302 -3.36218
-1.21857 -5.13564
-1.15997 -4.45993
-1.13201 -4.80549
-1.22242 -4.62768
-1.0594 -4.72604
-1.30963 -4.63148
-0.884949 -4.64064
-1.5318 -4.51305
-0.460592 -3.73628
-2.12872 -4.04345
-1.22037 0.500649
-1.63238 -5.89245
-1.17988 -4.05654
-0.915233 -4.82049
-1.51547 -4.43731
-0.463106 -3.70457
-2.12621 -4.06558
-1.23388 0.514609
-1.59539 -5.89424
-1.22119 -4.06543
-0.785298 -4.70173
-1.70055 -4.32619
-2.09769 -2.38704
-1.49103 -0.648338
-0.382784 -3.2405
-2.27688 -3.87955
-1.03813 0.326935
-2.10766 -5.61261
-1.23414 -3.80519
-0.547354 -4.4393
-2.06682 -3.88021
-1.2347 0.405195
-1.47996 -5.85681
-1.31736 -4.09136
-0.490921 -4.26979
-2.12572 -3.81259
-1.15516 0.326281
-1.71046 -5.85208
-1.06157 -4.03398
-1.23036 -4.96506
-1.11334 -4.56638
-1.22725 -4.7536
-1.08113 -4.67529
-1.27933 -4.67659
-0.967671 -4.6742
-1.42336 -4.58425
-0.584686 -4.30779
-1.96471 -4.12868
-1.53766 0.471648
-0.360757 -4.8453
-2.50999 -1.58641
-1.5586 -1.64282
-2.05304 -1.80124
-1.71871 -0.929098
-1.88212 -2.58707
-1.52618 -0.242232
-0.0150153 -3.40235
-2.63541 -1.39458
-1.47379 -1.77754
-1.98784 -2.44402
-1.51046 -0.454829
-0.17421 -3.24361
-2.52601 -2.72384
-1.13922 -0.867024
-0.690615 -5.08186
-2.12705 -3.51887
-1.149 0.0712911
-1.49512 -5.80022
-1.21279 -4.11798
-0.848131 -4.75067
-1.60624 -4.39495
-1.13216 -3.65142
-0.835683 -4.83446
-1.65378 -4.31744
-1.84404 -3.17796
-1.45373 0.107994
-0.248045 -4.56898
-2.54037 -1.41604
-1.56878 -1.77931
-2.06066 -1.42935
-1.83061 -1.27429
-1.96494 -1.41238
-1.87304 -1.19645
-1.95472 -1.51938
-1.84778 -1.06276
-1.96427 -1.82669
-1.74221 -0.793469
-1.78637 -2.83753
-1.56673 -0.0338481
0.0346647 -3.56056
-2.63673 -0.81931
-1.52718 -2.21542
-2.07079 -1.10804
-1.8804 -1.71871
-1.82084 -0.807247
-1.87064 -2.52755
-1.55257 -0.261629
-0.0757068 -3.27991
-2.60878 -1.97386
-1.34105 -1.39829
-0.565659 -3.34933
-2.02942 -4.48813
-1.79213 0.370947
0.0972959 -3.38537
-2.64985 -0.454304
-1.46933 -2.48881
-2.1102 -1.53681
-1.78381 -1.23006
-1.98876 -1.57945
-1.81527 -1.03341
-1.96611 -1.96031
-1.69359 -0.701832
-1.55095 -3.2112
-2.08072 -0.696897
-1.79823 -2.48882
-1.62926 -0.222302
-0.249859 -3.17209
-2.44842 -3.22157
-1.01788 -0.415183
-1.6266 -5.72392
-0.977473 -4.10167
-1.40332 -4.90788
-0.829644 -4.49851
-1.5985 -4.52418
-0.714328 -3.62511
-1.80255 -4.7521
-1.66352 -3.4701
-1.8835 -0.037451
-0.66915 -3.19218
-1.91875 -4.79706
-2.13623 -2.27313
-1.52205 -0.768126
-0.819018 -3.3553
-1.66449 -5.04748
-0.543117 -3.93284
-2.00255 -4.22698
-1.54625 0.501685
-0.367141 -4.86209
-2.50872 -1.58679
-1.5596 -1.64203
-2.0532 -1.79398
-1.72117 -0.934635
-1.88901 -2.56033
-1.52895 -0.264249
-0.0325649 -3.3601
-2.62998 -1.57338
-1.43826 -1.65745
-1.75525 -3.09104
-1.59423 0.0873391
0.0465222 -3.66142
-2.62799 -0.598212
-1.50914 -2.41236
-2.0839 -1.0926
-1.87552 -1.75487
-1.81138 -0.771057
-1.83769 -2.64879
-1.5475 -0.165213
0.00247062 -3.4234
-2.64012 -1.22862
-1.49831 -1.89335
-2.06529 -1.90452
-1.67851 -0.875529
-1.76403 -2.92571
-1.58765 0.0146639
0.0415993 -3.54796
-2.63803 -0.772912
-1.52377 -2.25181
-2.07263 -1.09875
-1.8801 -1.7352
-1.81543 -0.791732
-1.85661 -2.58348
-1.54782 -0.21744
-0.0292004 -3.34675
-2.63222 -1.5543
-1.44046 -1.66949
-1.77912 -3.04935
-1.55514 0.0699835
0.0164902 -3.8435
-2.61281 -0.603614
-1.51775 -2.43201
-2.07319 -0.99183
-1.87942 -1.91699
-1.75251 -0.640549
-1.60357 -3.13138
-1.93659 -0.231326
-1.19631 -3.27804
-0.356801 -4.14901
-2.33066 -3.22495
-1.09261 -0.371632
-1.33612 -5.67828
-1.31474 -4.16874
-0.55665 -4.37456
-2.03036 -3.97984
-1.32296 0.469326
-1.19244 -5.74401
-1.71039 -3.9688
-2.0588 -0.358473
-1.49469 -3.09105
-2.13605 -1.34269
-1.82136 -1.47007
-1.93165 -1.09683
-1.93734 -1.68269
-1.80375 -0.883863
-1.91084 -2.37659
-1.57315 -0.388665
-0.320336 -3.19877
-2.36066 -3.598
-0.985822 -0.0013097
-2.04038 -5.60606
-1.04937 -3.8204
-1.19799 -5.02141
-1.16404 -4.52394
-1.139 -4.78055
-1.2111 -4.64569
-1.084 -4.72349
-1.27826 -4.64979
-0.959543 -4.68002
-1.43421 -4.5726
-0.552095 -4.25172
-2.01222 -4.06469
-1.39985 0.497722
-0.91153 -5.53108
-2.08292 -3.48387
-1.18606 0.0861866
-1.35254 -5.75999
-1.39166 -4.12215
-0.378959 -3.86037
-2.25558 -3.62667
-1.04945 0.0696148
-1.87818 -5.74321
-0.916126 -3.93093
-1.49699 -4.9313
-0.671355 -4.31863
-1.82071 -4.34828
-2.11523 -0.500035
-1.64897 -2.8505
-1.80306 -0.112577
-0.627868 -3.20309
-1.97312 -4.69032
-2.16205 -0.660281
-1.7455 -2.5657
-1.67301 -0.16371
-0.298419 -3.15637
-2.39233 -3.49192
-0.983702 -0.124024
-1.96335 -5.64629
-0.915124 -3.85603
-1.49712 -4.96437
-0.6912 -4.3319
-1.79075 -4.38296
-2.18154 -1.0908
-1.83086 -1.8559
-1.80563 -0.661163
-1.72094 -2.93153
-1.65917 0.00886488
-0.0223212 -3.25794
-2.6402 -1.55095
-1.43145 -1.66864
-1.72542 -3.14149
-1.65274 0.0913265
0.0419857 -3.39759
-2.64968 -0.91211
-1.51633 -2.12497
-2.08278 -1.32498
-1.84602 -1.42392
-1.92857 -1.15182
-1.93567 -1.58009
-1.83785 -0.98229
-1.9526 -2.03566
-1.67211 -0.636522
-1.35203 -3.3382
-0.915152 -3.56036
-1.47706 -5.08513
-0.78889 -4.38694
-1.65071 -4.52707
-1.1273 -3.66129
-0.860839 -4.85622
-1.61632 -4.34132
-1.4177 -3.60174
-1.22424 -3.59835
-0.440556 -4.28
-2.21937 -3.55565
-1.08114 0.0233364
-1.72403 -5.79122
-0.978578 -4.03417
-1.39703 -4.93984
-0.855143 -4.50453
-1.56393 -4.55553
-0.510611 -3.68351
-2.06006 -4.23227
-1.44296 0.554115
-0.809513 -5.4413
-2.20802 -3.16739
-1.17531 -0.309338
-1.00277 -5.47957
-1.79096 -3.97099
-1.83642 0.16466
-0.159026 -3.08551
-2.55242 -2.65619
-1.14091 -0.918602
-0.643583 -5.01607
-2.17804 -3.40382
-1.13215 -0.0796062
-1.42382 -5.75689
-1.26347 -4.13972
-0.69781 -4.58646
-1.82549 -4.22772
-1.9849 -0.05352
-0.890875 -3.23005
-1.49846 -5.17817
-0.800215 -4.35094
-1.63504 -4.56422
-0.879226 -3.64319
-1.5546 -5.01613
-0.629916 -4.21568
-1.87775 -4.31189
-1.9384 0.0779136
-0.52828 -3.12278
-2.11309 -4.42301
-1.54743 0.577223
-0.452638 -5.0075
-2.47688 -1.85961
-1.50853 -1.43563
-1.86877 -2.8038
-1.4806 -0.112139
-0.0194006 -3.91047
-2.60777 -0.813839
-1.54955 -2.25546
-2.04016 -0.883823
-1.87915 -2.10673
-1.68553 -0.510246
-1.13201 -3.36413
-0.65635 -4.68041
-1.94164 -4.02465
-1.50679 0.44916
-0.439943 -4.96196
-2.47496 -1.91699
-1.49145 -1.39698
-1.75976 -3.04682
-1.58693 0.0693595
0.0439668 -3.66237
-2.62808 -0.619154
-1.51278 -2.39468
-2.08008 -1.06938
-1.87789 -1.78931
-1.79816 -0.742067
-1.80078 -2.76307
-1.56154 -0.0786354
0.026272 -3.50323
-2.64014 -0.951321
-1.52448 -2.10482
-2.07772 -1.27238
-1.85794 -1.48552
-1.90603 -1.06245
-1.94656 -1.76278
-1.77224 -0.823805
-1.85057 -2.64301
-1.53695 -0.179945
0.00483407 -3.44884
-2.63931 -1.18666
-1.50525 -1.92479
-2.0744 -1.76413
-1.72453 -0.98721
-1.92727 -2.40006
-1.55572 -0.396317
-0.260628 -3.20436
-2.43282 -3.27835
-1.01129 -0.356609
-1.69648 -5.72565
-0.925658 -4.06003
-1.48274 -4.87984
-0.664949 -4.33027
-1.83215 -4.32692
-2.0701 -0.296681
-1.4091 -3.15074
-1.82872 -3.10622
-1.47877 0.0798592
-0.14549 -4.34701
-2.56998 -1.05598
-1.58442 -2.07358
-2.01601 -0.868874
-1.88475 -2.13474
-1.67222 -0.498223
-1.04543 -3.3608
-1.02437 -5.04027
-1.40641 -4.40561
-0.494195 -4.1841
-2.10243 -3.90263
-1.19922 0.408343
-1.62162 -5.87466
-1.16358 -4.06482
-0.970484 -4.85783
-1.44045 -4.47312
-0.472606 -4.10229
-2.12706 -3.87876
-1.16651 0.380086
-1.71789 -5.8614
-1.07009 -4.02916
-1.20916 -4.96421
-1.14092 -4.56217
-1.18444 -4.76308
-1.14696 -4.66981
-1.18916 -4.71043
-1.1322 -4.69712
-1.21275 -4.69051
-1.09125 -4.70497
-1.26786 -4.6653
-0.985908 -4.6867
-1.40061 -4.5942
-0.645543 -4.40061
-1.87508 -4.23437
-1.85824 0.202002
-0.140597 -3.0775
-2.57003 -2.52873
-1.17387 -1.01554
-0.414675 -4.66608
-2.39902 -2.66001
-1.26271 -0.866885
-0.155498 -4.13534
-2.56143 -1.63507
-1.49815 -1.62212
-1.96995 -2.48489
-1.50471 -0.407942
-0.103316 -3.28953
-2.5881 -2.18619
-1.28812 -1.2592
-0.142953 -3.45847
-2.54867 -2.39555
-1.24908 -1.11519
-0.111916 -3.89514
-2.57857 -1.67047
-1.47077 -1.59943
-1.86417 -2.84775
-1.4753 -0.0839843
-0.0412201 -4.00694
-2.59981 -0.839368
-1.55724 -2.2419
-2.03065 -0.844317
-1.8733 -2.18593
-1.66169 -0.45578
-0.895482 -3.33326
-1.49835 -5.14873
-0.786842 -4.3541
-1.65302 -4.54198
-1.09944 -3.66172
-0.966917 -4.94309
-1.46633 -4.41474
-0.41945 -3.88724
-2.19364 -3.80024
-1.09325 0.27797
-1.89164 -5.77941
-0.961233 -3.92895
-1.41963 -4.97355
-0.831078 -4.47237
-1.59537 -4.54125
-0.662748 -3.62813
-1.86775 -4.64351
-2.18625 -1.75871
-1.69065 -1.15876
-1.98692 -2.09838
-1.63499 -0.643532
-1.20262 -3.37956
-0.386298 -4.20279
-2.29422 -3.34032
-1.07982 -0.23971
-1.50617 -5.74844
-1.13417 -4.13706
-1.08651 -4.89992
-1.28958 -4.54252
-0.885722 -4.66956
-1.53382 -4.49641
-0.472414 -3.70989
-2.11252 -4.09651
-1.26742 0.531653
-1.48431 -5.88132
-1.35019 -4.07769
-0.405107 -4.04962
-2.23361 -3.60991
-1.06561 0.066419
-1.81762 -5.77104
-0.931336 -3.97461
-1.47333 -4.92669
-0.711122 -4.37267
-1.76341 -4.39939
-2.1808 -1.68219
-1.71658 -1.20853
-2.00319 -1.84544
-1.72035 -0.828551
-1.79042 -2.84297
-1.56049 -0.0328424
0.0342824 -3.5953
-2.63399 -0.783868
-1.52761 -2.24824
-2.0686 -1.06778
-1.88286 -1.78273
-1.79755 -0.751071
-1.80885 -2.74255
-1.55617 -0.0941165
0.0239055 -3.50202
-2.63989 -0.97295
-1.52392 -2.08797
-2.07853 -1.30138
-1.85233 -1.44866
-1.91891 -1.11396
-1.9417 -1.65326
-1.81153 -0.915119
-1.92849 -2.2713
-1.59937 -0.468175
-0.608317 -3.26126
-1.98941 -4.62471
-2.06404 -0.173483
-1.2044 -3.22803
-0.316067 -4.03238
-2.37234 -3.10306
-1.10872 -0.505804
-1.14356 -5.55477
-1.55242 -4.13446
-1.39997 -3.59435
-1.02136 -3.5918
-1.20274 -5.07944
-1.16833 -4.48958
-1.12347 -4.79283
-1.23237 -4.63097
-1.04209 -4.72015
-1.33116 -4.62206
-0.831151 -4.60141
-1.60537 -4.46518
-0.909325 -3.63797
-1.49643 -5.05047
-0.740862 -4.35451
-1.71758 -4.46531
-1.92312 -3.02498
-1.38498 -0.047418
-0.335809 -4.69703
-2.50048 -1.85808
-1.48962 -1.45081
-1.80889 -2.95631
-1.52008 0.0149517
-0.0109015 -3.93485
-2.60588 -0.696073
-1.53779 -2.36139
-2.04841 -0.873295
-1.8737 -2.12961
-1.68098 -0.490718
-1.06709 -3.36077
-0.936164 -4.97542
-1.52845 -4.35904
-0.592265 -3.61256
-1.95887 -4.48369
-1.94707 0.109502
-0.47745 -3.10183
-2.17954 -4.25853
-1.29106 0.620565
-1.48816 -5.89908
-1.37422 -4.06705
-0.373398 -3.8836
-2.26598 -3.58189
-1.0477 0.0175722
-1.84383 -5.74984
-0.911558 -3.95495
-1.50433 -4.91508
-0.64827 -4.29145
-1.85496 -4.31163
-1.99753 -0.0635329
-0.928913 -3.23496
-1.39208 -5.19156
-0.950767 -4.42945
-1.44211 -4.71093
-0.633723 -4.34581
-1.88604 -4.24116
-1.8365 0.236412
-0.0561307 -3.11393
-2.63122 -1.88534
-1.34351 -1.45128
-0.658727 -3.37548
-1.90728 -4.71813
-2.18989 -1.7539
-1.69097 -1.16775
-1.98999 -2.07255
-1.64322 -0.66306
-1.28415 -3.3664
-0.347493 -3.60039
-2.29655 -3.61679
-1.02396 0.0383169
-1.94284 -5.69652
-0.923887 -3.88147
-1.483 -4.96191
-0.714392 -4.36227
-1.75751 -4.41183
-2.16705 -1.88929
-1.6531 -1.03955
-1.88182 -2.6468
-1.50939 -0.210028
0.00983114 -3.53794
-2.63518 -1.05868
-1.52345 -2.02528
-2.07946 -1.39904
-1.83098 -1.33181
-1.95599 -1.30902
-1.90087 -1.32985
-1.92152 -1.28328
-1.92108 -1.35713
-1.9061 -1.2465
-1.93415 -1.41673
-1.88558 -1.17102
-1.95165 -1.55942
-1.83704 -1.01716
-1.96017 -1.95254
-1.69891 -0.699576
-1.56301 -3.19777
-2.05148 -0.559231
-1.71424 -2.76957
-1.6847 -0.0666502
-0.170558 -3.1546
-2.53572 -2.72234
-1.13072 -0.867324
-0.734168 -5.13326
-2.07192 -3.63188
-1.19087 0.215345
-1.46293 -5.81847
-1.28589 -4.11057
-0.601902 -4.46129
-1.96905 -4.05979
-1.47615 0.473472
-0.581233 -5.16163
-2.39347 -2.4448
-1.35224 -1.00284
-0.178164 -3.35018
-2.51664 -2.71144
-1.15276 -0.877225
-0.613891 -4.98349
-2.21658 -3.2987
-1.13402 -0.209875
-1.29309 -5.68522
-1.40348 -4.14778
-0.382274 -3.83006
-2.2486 -3.66319
-1.05125 0.111102
-1.90411 -5.73713
-0.925176 -3.91353
-1.48186 -4.94871
-0.708724 -4.36079
-1.76608 -4.4016
-2.18253 -1.6484
-1.72619 -1.23813
-2.00559 -1.73429
-1.75813 -0.915907
-1.90703 -2.45045
-1.55109 -0.344198
-0.167005 -3.2235
-2.53449 -2.68015
-1.14879 -0.901775
-0.615777 -4.98244
-2.21194 -3.31376
-1.13273 -0.192221
-1.31551 -5.69833
-1.37737 -4.14915
-0.39793 -3.98598
-2.23697 -3.62776
-1.06173 0.0820961
-1.84427 -5.76271
-0.925113 -3.95607
-1.48296 -4.92904
-0.695055 -4.35154
-1.78647 -4.37944
-2.1834 -1.13694
-1.82808 -1.79232
-1.82924 -0.71747
-1.80346 -2.73212
-1.5646 -0.0961598
0.0191145 -3.45775
-2.64202 -1.05599
-1.51656 -2.02121
-2.082 -1.4753
-1.81076 -1.25227
-1.97643 -1.48163
-1.84944 -1.12388
-1.96691 -1.68946
-1.7885 -0.907649
-1.918 -2.36198
-1.57387 -0.405331
-0.353682 -3.20252
-2.3185 -3.75642
-1.00152 0.184704
-2.11862 -5.56542
-1.28107 -3.78667
-0.390462 -4.10544
-2.26718 -3.47746
-1.06391 -0.0882402
-1.69812 -5.77512
-0.975357 -4.05145
-1.40384 -4.92964
-0.838736 -4.49673
-1.58588 -4.53789
-0.617768 -3.63295
-1.92385 -4.53938
-2.09367 -0.324679
-1.45262 -3.10803
-2.09101 -2.17222
-1.573 -0.754287
-1.11492 -3.39934
-0.752519 -4.79188
-1.79602 -4.18659
-2.02176 -0.168677
-1.1667 -3.2487
-0.443318 -4.35707
-2.23648 -3.47154
-1.08365 -0.0709912
-1.63428 -5.78529
-1.03516 -4.08259
-1.29723 -4.94721
-1.01725 -4.57348
-1.3579 -4.68984
-0.808529 -4.55969
-1.63419 -4.45705
-1.20396 -3.65442
-0.551181 -4.47532
-2.07143 -3.85679
-1.2226 0.387236
-1.50943 -5.8597
-1.27779 -4.09054
-0.612909 -4.4823
-1.95432 -4.0769
-1.51838 0.462716
-0.415524 -4.92835
-2.48717 -1.80966
-1.51585 -1.47524
-1.9235 -2.6362
-1.4824 -0.265208
0.00402372 -3.5907
-2.63089 -1.05263
-1.52828 -2.03375
-2.07685 -1.33924
-1.8454 -1.39925
-1.93467 -1.18924
-1.9295 -1.51344
-1.86098 -1.05052
-1.95968 -1.83453
-1.74137 -0.782217
-1.77267 -2.86846
-1.5813 -0.0141521
0.0368928 -3.5245
-2.63965 -0.838169
-1.52534 -2.19631
-2.07357 -1.14713
-1.87638 -1.66001
-1.84263 -0.862611
-1.9097 -2.32723
-1.59052 -0.414299
-0.448563 -3.21585
-2.197 -4.14172
-1.19364 0.565161
-1.79127 -5.88163
-1.07282 -3.99132
-1.1913 -4.97253
-1.16512 -4.55159
-1.14274 -4.76913
-1.2051 -4.65393
-1.09608 -4.72158
-1.26261 -4.65833
-0.993616 -4.69259
-1.39109 -4.59776
-0.671217 -4.43515
-1.83706 -4.27411
-2.00321 -0.0897822
-0.99085 -3.24523
-1.18828 -5.14902
-1.20298 -4.44009
-1.03853 -4.78818
-1.33995 -4.57733
-0.783603 -4.57111
-1.67432 -4.41025
-1.74982 -3.33742
-1.62771 0.17019
0.0578997 -3.6644
-2.62649 -0.496284
-1.4876 -2.49928
-2.10438 -1.28259
-1.84538 -1.50335
-1.90842 -1.04056
-1.94476 -1.80699
-1.75762 -0.786528
-1.8002 -2.79416
-1.55635 -0.0623912
0.0306537 -3.55985
-2.63652 -0.854834
-1.52841 -2.18663
-2.07101 -1.13068
-1.87881 -1.68311
-1.83364 -0.840631
-1.89627 -2.40609
-1.57245 -0.355448
-0.260771 -3.19682
-2.43333 -3.2805
-1.01029 -0.354401
-1.70207 -5.72496
-0.921519 -4.05642
-1.48886 -4.87716
-0.651889 -4.31231
-1.85131 -4.30755
-2.00242 -0.0781316
-0.965638 -3.24097
-1.27602 -5.17732
-1.09629 -4.44837
-1.24061 -4.80665
-1.07125 -4.64942
-1.2909 -4.68545
-0.948234 -4.66118
-1.44784 -4.57243
-0.523758 -4.19272
-2.05213 -4.00935
-1.30505 0.484187
-1.28259 -5.79737
-1.59282 -4.03311
-2.01218 -2.71398
-1.4086 -0.343696
-0.0474583 -3.92595
-2.60359 -1.04041
-1.55536 -2.06553
-2.05195 -1.06596
-1.88997 -1.77356
-1.79672 -0.764007
-1.82011 -2.71265
-1.5501 -0.117461
0.0195347 -3.49069
-2.63996 -1.02169
-1.52123 -2.04969
-2.08052 -1.3837
-1.83417 -1.35076
-1.95086 -1.27411
-1.90984 -1.37933
-1.90625 -1.21199
-1.93885 -1.47605
-1.86742 -1.1003
-1.96055 -1.71749
-1.7817 -0.876556
-1.89637 -2.46853
-1.55221 -0.321868
-0.141744 -3.23335
-2.55809 -2.49754
-1.19884 -1.04105
-0.290421 -4.42928
-2.48663 -2.19755
-1.38243 -1.22668
-0.654231 -3.35528
-1.91602 -4.71366
-2.1987 -1.57877
-1.74026 -1.32053
-2.00208 -1.50014
-1.83377 -1.12917
-1.97212 -1.70127
-1.78236 -0.903169
-1.91287 -2.39483
-1.56582 -0.381246
-0.276874 -3.1996
-2.41384 -3.3704
-0.998131 -0.258551
-1.818 -5.70635
-0.866574 -3.96962
-1.56965 -4.85303
-0.515169 -4.02835
-2.04875 -4.08808
-1.35423 0.517211
-1.12082 -5.70535
-1.82111 -3.87075
-1.67947 0.303594
0.0730798 -3.70145
-2.61944 -0.318596
-1.43124 -2.65184
-2.07844 -2.1393
-1.58895 -0.753539
-1.20537 -3.39462
-0.385469 -4.19716
-2.29431 -3.34245
-1.0792 -0.237757
-1.51048 -5.74943
-1.12973 -4.13578
-1.09741 -4.90438
-1.27612 -4.54687
-0.919307 -4.69148
-1.48897 -4.52268
-0.439554 -3.93378
-2.16454 -3.85808
-1.12596 0.345669
-1.8341 -5.82105
-0.990715 -3.96732
-1.36787 -4.97608
-0.917531 -4.52604
-1.48307 -4.61939
-0.492433 -4.09377
-2.09227 -3.96415
-1.23155 0.454185
-1.54293 -5.87762
-1.25934 -4.08022
-0.666668 -4.55969
-1.87573 -4.16941
-1.7879 0.280834
0.0488518 -3.25392
-2.66141 -0.957424
-1.50287 -2.07622
-2.0869 -1.53943
-1.79123 -1.19504
-1.98663 -1.63882
-1.79721 -0.974824
-1.95003 -2.1568
-1.62946 -0.560402
-0.983369 -3.36361
-1.25141 -5.14465
-1.11988 -4.46353
-1.20403 -4.8053
-1.12504 -4.65046
-1.21843 -4.71338
-1.08683 -4.69425
-1.27296 -4.66895
-0.977303 -4.68153
-1.41136 -4.58918
-0.616197 -4.35813
-1.91849 -4.18528
-1.69467 0.38219
0.0665792 -3.80666
-2.60745 -0.226282
-1.38801 -2.74047
-1.87396 -2.97139
-1.44158 -0.0262849
-0.16355 -4.36164
-2.56534 -1.18916
-1.57929 -1.96076
-2.0383 -1.05025
-1.89584 -1.79202
-1.78709 -0.752669
-1.80014 -2.77292
-1.5604 -0.0732252
0.0279852 -3.51875
-2.63926 -0.92101
-1.52606 -2.12994
-2.0757 -1.22364
-1.86653 -1.54983
-1.88278 -0.98147
-1.94521 -1.96271
-1.70182 -0.674696
-1.52899 -3.22669
-2.122 -0.995533
-1.85774 -1.94718
-1.75544 -0.601859
-1.54766 -3.18753
-2.08178 -0.71143
-1.80504 -2.45977
-1.63035 -0.2424
-0.288601 -3.17272
-2.40242 -3.43803
-0.988873 -0.184395
-1.90375 -5.67553
-0.870888 -3.89908
-1.5665 -4.8922
-0.539361 -4.08157
-2.01325 -4.13626
-1.44822 0.512817
-0.737364 -5.35622
-2.27132 -2.96936
-1.21101 -0.530118
-0.615571 -5.03683
-2.2514 -3.16241
-1.15509 -0.359398
-1.05198 -5.5114
-1.71109 -4.03875
-2.10701 -0.561537
-1.7029 -2.74554
-1.70683 -0.0846217
-0.264489 -3.13991
-2.43455 -3.30996
-1.00078 -0.323513
-1.76146 -5.71521
-0.884062 -4.01436
-1.54339 -4.85389
-0.546378 -4.12262
-2.00515 -4.1337
-1.46129 0.507026
-0.679402 -5.28889
-2.322 -2.77632
-1.25944 -0.719424
-0.247518 -4.39812
-2.52133 -1.88536
-1.46247 -1.44305
-1.65956 -3.20746
-1.81111 -0.00816324
-0.420712 -3.1311
-2.24479 -4.04715
-1.10521 0.494082
-2.02597 -5.73308
-1.07967 -3.85948
-1.12585 -4.98871
-1.2513 -4.51078
-0.959325 -4.7273
-1.43805 -4.54347
-0.523418 -4.2025
-2.05428 -4.00076
-1.29776 0.47989
-1.3073 -5.80873
-1.55851 -4.04712
-1.717 -3.3514
-1.70472 0.132406
0.0199959 -3.28168
-2.65377 -1.18315
-1.48923 -1.91628
-2.06156 -1.9729
-1.65508 -0.826261
-1.63369 -3.14172
-1.8626 -0.0953916
-0.751943 -3.22781
-1.78903 -4.97187
-0.866412 -3.68817
-1.57762 -4.98106
-0.577183 -4.12746
-1.95549 -4.22337
-1.64477 0.435116
-0.036975 -4.18604
-2.58192 -0.437639
-1.47913 -2.62461
-2.11409 -1.34831
-1.82893 -1.4348
-1.93574 -1.14437
-1.93334 -1.59304
-1.83485 -0.967072
-1.94883 -2.07973
-1.65785 -0.604609
-1.22334 -3.3704
-0.327464 -4.02727
-2.35445 -3.18377
-1.09195 -0.42368
-1.29429 -5.65187
-1.35977 -4.17103
-0.439842 -4.12425
-2.18673 -3.71461
-1.09446 0.200266
-1.82301 -5.79582
-0.959381 -3.97252
-1.4262 -4.95298
-0.810156 -4.46401
-1.62393 -4.51585
-0.923275 -3.64405
-1.46807 -5.06018
-0.791187 -4.40061
-1.64789 -4.52301
-1.11439 -3.6607
-0.910271 -4.89936
-1.54534 -4.37934
-0.65783 -3.60864
-1.87647 -4.6396
-2.19519 -1.58118
-1.74092 -1.31332
-2.00218 -1.51358
-1.82984 -1.11499
-1.97283 -1.73916
-1.76918 -0.872157
-1.88534 -2.52593
-1.54202 -0.278487
-0.0683587 -3.29584
-2.61288 -1.90672
-1.35904 -1.44172
-0.787061 -3.40789
-1.71869 -4.97351
-0.598843 -3.73027
-1.93693 -4.45945
-1.96805 0.0543644
-0.630848 -3.15034
-1.97727 -4.7112
-2.17385 -0.751677
-1.78145 -2.40632
-1.66995 -0.260657
-0.481172 -3.19722
-2.15911 -4.25875
-1.31654 0.612471
-1.38108 -5.86473
-1.50395 -4.05024
-1.10334 -3.62699
-0.933273 -4.92439
-1.51503 -4.39029
-0.495466 -3.65791
-2.08304 -4.19328
-1.37337 0.561514
-1.09628 -5.69581
-1.86647 -3.81766
-1.54113 0.364703
-0.232305 -4.59839
-2.54776 -1.17334
-1.59629 -1.97896
-2.01652 -0.926625
-1.8958 -2.01673
-1.70751 -0.584828
-1.37831 -3.31566
-1.28027 -3.57521
-0.316505 -3.83424
-2.34844 -3.30325
-1.05838 -0.308209
-1.54054 -5.74107
-1.08361 -4.13127
-1.20576 -4.9313
-1.14062 -4.58068
-1.18754 -4.75413
-1.14126 -4.67499
-1.19791 -4.70593
-1.11797 -4.69946
-1.23228 -4.68293
-1.05652 -4.70264
-1.31213 -4.64356
-0.885389 -4.63694
-1.53083 -4.51583
-0.457916 -3.74319
-2.13247 -4.03067
-1.2103 0.491895
-1.66145 -5.88979
-1.14987 -4.04771
-1.00281 -4.88215
-1.39882 -4.48816
-0.571573 -4.31464
-1.9893 -4.08181
-1.45277 0.489878
-0.691062 -5.29928
-2.30945 -2.83005
-1.24482 -0.669648
-0.341252 -4.59364
-2.47037 -2.22139
-1.38644 -1.20195
-0.646489 -3.35109
-1.92669 -4.69639
-2.20196 -1.27743
-1.80464 -1.63348
-1.89713 -0.888538
-1.92007 -2.16278
-1.64213 -0.519967
-0.952567 -3.3532
-1.34566 -5.16176
-1.00305 -4.45728
-1.37491 -4.7446
-0.802135 -4.53551
-1.64104 -4.46181
-1.25576 -3.65008
-0.378559 -4.11101
-2.28789 -3.40349
-1.06756 -0.17486
-1.61202 -5.76731
-1.03554 -4.09701
-1.29889 -4.94167
-1.01349 -4.57552
-1.36271 -4.6855
-0.795291 -4.54885
-1.65293 -4.44303
-1.44065 -3.59965
-1.50953 -3.50875
-2.12056 -2.04507
-1.61129 -0.871968
-1.54878 -3.24803
-2.09392 -0.761618
-1.82191 -2.36171
-1.6434 -0.308964
-0.47187 -3.20359
-2.1697 -4.22601
-1.27827 0.604543
-1.51981 -5.90251
-1.33208 -4.06856
-0.437192 -4.15063
-2.19606 -3.67734
-1.08768 0.158249
-1.81248 -5.79146
-0.954196 -3.97895
-1.43557 -4.94581
-0.790032 -4.44913
-1.65162 -4.49371
-1.24975 -3.65315
-0.395823 -4.15931
-2.26868 -3.44891
-1.06876 -0.117273
-1.65499 -5.77539
-1.00657 -4.0749
-1.3508 -4.93918
-0.932445 -4.54994
-1.4644 -4.62196
-0.525693 -4.17821
-2.0466 -4.02695
-1.32225 0.492155
-1.22176 -5.76567
-1.67731 -3.9883
-2.14218 -0.825884
-1.82105 -2.25856
-1.67673 -0.369015
-0.758248 -3.28744
-1.77401 -4.96375
-0.807537 -3.68453
-1.66993 -4.89625
-0.542946 -3.75819
-2.00971 -4.30109
-1.60603 0.48954
-0.17527 -4.51973
-2.55931 -0.864398
-1.58818 -2.25706
-1.98122 -0.653626
-1.79478 -2.62082
-1.59937 -0.14925
-0.0656301 -3.25556
-2.61665 -1.90533
-1.35493 -1.44191
-0.749212 -3.3981
-1.77889 -4.90603
-0.96665 -3.68729
-1.37687 -5.06941
-0.934284 -4.48854
-1.46197 -4.65969
-0.556236 -4.22914
-2.00136 -4.09486
-1.4396 0.499253
-0.754293 -5.37237
-2.2529 -3.03446
-1.19671 -0.461765
-0.749667 -5.20959
-2.10628 -3.5289
-1.16389 0.0999422
-1.46058 -5.79761
-1.26004 -4.12084
-0.695011 -4.58716
-1.83089 -4.22037
-1.96271 -0.00108571
-0.743007 -3.19233
-1.80676 -4.96534
-0.981286 -3.69546
-1.343 -5.07023
-0.982585 -4.50333
-1.40129 -4.70001
-0.716988 -4.46109
-1.76461 -4.35724
-2.18708 -1.36029
-1.79694 -1.51861
-1.93485 -1.04507
-1.93594 -1.78402
-1.7697 -0.795539
-1.82309 -2.7258
-1.54394 -0.112803
0.0228603 -3.53023
-2.63782 -0.953647
-1.52664 -2.10544
-2.07611 -1.25118
-1.86216 -1.5122
-1.89621 -1.02759
-1.94764 -1.84462
-1.74304 -0.760922
-1.75068 -2.91281
-1.60984 0.00899637
0.0329935 -3.43416
-2.6459 -0.957836
-1.51862 -2.09345
-2.0817 -1.34569
-1.84214 -1.39724
-1.93691 -1.19401
-1.928 -1.50539
-1.86405 -1.05883
-1.95956 -1.81176
-1.74946 -0.799316
-1.80269 -2.79388
-1.55335 -0.0639342
0.0304361 -3.57267
-2.63555 -0.842702
-1.52896 -2.19775
-2.06987 -1.11257
-1.88052 -1.71068
-1.82347 -0.814902
-1.877 -2.50023
-1.55599 -0.283073
-0.106542 -3.25161
-2.58739 -2.22795
-1.27308 -1.23074
-0.106163 -3.57458
-2.57876 -2.01286
-1.36178 -1.37442
-0.710349 -3.38248
-1.83682 -4.8316
-1.63771 -3.50283
-1.96924 -0.20454
-1.18447 -3.26714
-0.388708 -4.23412
-2.29765 -3.31408
-1.085 -0.266774
-1.46062 -5.73507
-1.18112 -4.14925
-0.96328 -4.83234
-1.4462 -4.48205
-0.468433 -4.08585
-2.13194 -3.87387
-1.16042 0.373987
-1.73475 -5.85704
-1.0556 -4.02143
-1.24089 -4.96983
-1.10017 -4.56522
-1.24638 -4.74886
-1.04915 -4.6727
-1.32018 -4.65616
-0.873996 -4.62451
-1.54568 -4.50908
-0.494077 -3.68722
-2.08291 -4.17829
-1.36232 0.557573
-1.13606 -5.72318
-1.81243 -3.87536
-1.7049 0.284505
0.0843028 -3.54555
-2.63511 -0.410237
-1.46162 -2.55168
-2.11219 -1.62635
-1.7568 -1.15237
-1.99204 -1.83338
-1.72878 -0.822729
-1.79756 -2.8207
-1.55492 -0.047481
0.0322572 -3.59631
-2.63383 -0.8003
-1.52867 -2.23484
-2.06815 -1.07291
-1.88295 -1.77383
-1.80058 -0.758875
-1.81878 -2.71326
-1.5514 -0.11617
0.019334 -3.48652
-2.64019 -1.02741
-1.5206 -2.04501
-2.08081 -1.39702
-1.83094 -1.33583
-1.9553 -1.30216
-1.90255 -1.33948
-1.9187 -1.2688
-1.92492 -1.37981
-1.89903 -1.21604
-1.94147 -1.47074
-1.86772 -1.10838
-1.96057 -1.70009
-1.7876 -0.891556
-1.9086 -2.40805
-1.56402 -0.368925
-0.249583 -3.20111
-2.44611 -3.21496
-1.02166 -0.421906
-1.60598 -5.72365
-0.996234 -4.11191
-1.37267 -4.9166
-0.887685 -4.53579
-1.52173 -4.57867
-0.444762 -3.86417
-2.15276 -3.92091
-1.15077 0.404351
-1.7973 -5.84663
-1.02339 -3.98889
-1.30479 -4.97964
-1.01395 -4.55657
-1.36184 -4.69696
-0.803814 -4.55304
-1.6405 -4.45383
-1.27809 -3.64642
-0.334781 -3.94031
-2.33147 -3.3194
-1.0639 -0.283537
-1.53734 -5.745
-1.09161 -4.13079
-1.18767 -4.9292
-1.16387 -4.57653
-1.14954 -4.75843
-1.19493 -4.66272
-1.11469 -4.71922
-1.23815 -4.66993
-1.0427 -4.7047
-1.32967 -4.63194
-0.840077 -4.60582
-1.59266 -4.47516
-0.782218 -3.62409
-1.71095 -4.87921
-0.669775 -3.6794
-1.85242 -4.64001
-2.16622 -1.99202
-1.61711 -0.973596
-1.72503 -3.03164
-1.64932 0.0515214
0.0231781 -3.34671
-2.65016 -1.112
-1.50234 -1.97155
-2.07887 -1.71459
-1.73965 -1.0317
-1.95795 -2.21103
-1.60633 -0.53978
-0.81053 -3.32584
-1.68089 -5.04483
-0.542558 -3.88524
-2.0041 -4.24737
-1.56269 0.499297
-0.311633 -4.77123
-2.52731 -1.37153
-1.58849 -1.81303
-2.04661 -1.22704
-1.87796 -1.51588
-1.88636 -1.02481
-1.95023 -1.8605
-1.73624 -0.752084
-1.72811 -2.95951
-1.64503 0.0240717
0.0096992 -3.32148
-2.64835 -1.24402
-1.48636 -1.87651
-2.04862 -2.08466
-1.61832 -0.739951
-1.32919 -3.36427
-0.63441 -3.51421
-1.91874 -4.61776
-2.17377 -0.810457
-1.80109 -2.30287
-1.6807 -0.330504
-0.685028 -3.2615
-1.88725 -4.81439
-1.99316 -2.88287
-1.3679 -0.219878
-0.236019 -4.47465
-2.53871 -1.57481
-1.53562 -1.66038
-2.04434 -1.9827
-1.65697 -0.794829
-1.58977 -3.1898
-1.98505 -0.333118
-1.42912 -3.17826
-1.9557 -2.79896
-1.41436 -0.217733
-0.0981105 -4.14366
-2.58514 -1.08813
-1.56956 -2.03748
-2.03931 -1.00495
-1.89442 -1.87386
-1.75914 -0.685736
-1.68264 -3.02268
-1.73437 0.00510049
-0.188468 -3.12902
-2.51967 -2.84731
-1.09611 -0.763485
-0.992844 -5.40453
-1.72555 -4.05838
-2.08841 -0.459339
-1.61487 -2.92828
-1.88109 -0.188478
-1.00781 -3.2893
-1.14061 -5.11971
-1.25978 -4.43564
-0.902347 -4.71352
-1.51552 -4.48952
-0.443519 -3.76844
-2.15349 -3.9647
-1.16265 0.439523
-1.7864 -5.85722
-1.0392 -3.99461
-1.27156 -4.97937
-1.0605 -4.5614
-1.30125 -4.72904
-0.944956 -4.64318
-1.45115 -4.57987
-0.522367 -4.18681
-2.05364 -4.00869
-1.30254 0.483891
-1.29244 -5.80225
-1.57954 -4.03868
-1.916 -2.99762
-1.39655 -0.0552963
-0.285323 -4.60485
-2.52275 -1.66537
-1.52693 -1.59133
-2.0119 -2.23667
-1.57502 -0.600661
-0.773896 -3.32417
-1.74557 -4.98071
-0.667224 -3.70077
-1.853 -4.62662
-2.17741 -1.86752
-1.65735 -1.06965
-1.91202 -2.53795
-1.51998 -0.303457
-0.0457376 -3.34596
-2.62396 -1.69239
-1.41279 -1.58004
-1.48915 -3.38088
-2.11392 -2.06541
-1.60576 -0.849887
-1.48566 -3.29765
-2.12679 -1.90749
-1.65891 -0.96621
-1.82374 -2.80586
-1.52636 -0.0715446
0.0208281 -3.70915
-2.62454 -0.760296
-1.53299 -2.28063
-2.06026 -0.987363
-1.88468 -1.91709
-1.74937 -0.644786
-1.60331 -3.13315
-1.93763 -0.233056
-1.20121 -3.27715
-0.34276 -4.10803
-2.34473 -3.18633
-1.09685 -0.415567
-1.27844 -5.64564
-1.38241 -4.16812
-0.399751 -3.98371
-2.23374 -3.63874
-1.06302 0.0951962
-1.85007 -5.76268
-0.926346 -3.95222
-1.4809 -4.93209
-0.700605 -4.35741
-1.77835 -4.38734
-2.18817 -1.32509
-1.80301 -1.55971
-1.91971 -0.983295
-1.93593 -1.92202
-1.72075 -0.691839
-1.60966 -3.13924
-1.92281 -0.200432
-1.11192 -3.28561
-0.699384 -4.74811
-1.8841 -4.0879
-1.68853 0.358876
0.0678283 -3.78269
-2.61036 -0.250819
-1.40065 -2.71812
-1.95738 -2.73708
-1.43109 -0.254491
-0.0434724 -3.94726
-2.6032 -0.96759
-1.5579 -2.12718
-2.0426 -0.96842
-1.89056 -1.94316
-1.73672 -0.630846
-1.55066 -3.19292
-2.07697 -0.682952
-1.79224 -2.51692
-1.62814 -0.203637
-0.215438 -3.17452
-2.48714 -3.01253
-1.06084 -0.61768
-1.28122 -5.6156
-1.34268 -4.18895
-0.4927 -4.24729
-2.11743 -3.84156
-1.16849 0.354528
-1.68663 -5.86084
-1.0888 -4.04358
-1.168 -4.9522
-1.19209 -4.55496
-1.09567 -4.76269
-1.26579 -4.63346
-0.97841 -4.69514
-1.41068 -4.58195
-0.61251 -4.35455
-1.9243 -4.17739
-1.67276 0.398579
0.0334943 -3.95353
-2.59653 -0.27308
-1.40805 -2.72835
-1.99434 -2.60556
-1.45251 -0.377749
-0.0103887 -3.56829
-2.62871 -1.20264
-1.51478 -1.92011
-2.07647 -1.66614
-1.75619 -1.06744
-1.97452 -2.05072
-1.65731 -0.655386
-1.33009 -3.35033
-0.660108 -3.5161
-1.88598 -4.67631
-2.18916 -1.73572
-1.69701 -1.18008
-1.99538 -2.00891
-1.66438 -0.709211
-1.46525 -3.28758
-2.07553 -2.31378
-1.52515 -0.65385
-0.590718 -3.2805
-2.00872 -4.57316
-1.95519 0.120439
-0.468963 -3.09605
-2.19097 -4.2295
-1.25597 0.612629
-1.61189 -5.91409
-1.23508 -4.05488
-0.730477 -4.64397
-1.78242 -4.2588
-2.11869 -0.551942
-1.69176 -2.76018
-1.72475 -0.0866464
-0.323943 -3.1398
-2.3632 -3.62275
-0.981132 0.0264996
-2.07393 -5.57811
-1.13953 -3.80657
-0.902979 -4.86461
-1.54662 -4.39354
-0.640176 -3.61117
-1.89836 -4.59905
-2.1838 -0.945498
-1.82313 -2.0817
-1.73383 -0.484209
-1.25876 -3.34034
-0.297477 -3.72577
-2.36919 -3.27181
-1.05504 -0.348281
-1.52234 -5.73221
-1.09602 -4.13951
-1.18009 -4.92522
-1.17313 -4.57626
-1.13394 -4.75819
-1.2158 -4.65647
-1.07845 -4.71802
-1.28504 -4.64948
-0.94558 -4.67275
-1.45203 -4.56265
-0.509084 -4.16236
-2.07297 -3.97773
-1.26165 0.465903
-1.43688 -5.85651
-1.38742 -4.084
-0.374091 -3.82972
-2.2612 -3.62291
-1.04612 0.0625176
-1.88443 -5.73832
-0.914363 -3.92601
-1.49976 -4.93169
-0.666721 -4.31188
-1.82742 -4.34197
-2.09536 -0.401026
-1.54967 -3.01235
-2.04308 -0.584981
-1.73659 -2.72346
-1.65556 -0.0823009
-0.117098 -3.18613
-2.58251 -2.33181
-1.23842 -1.1588
-0.123006 -3.93084
-2.57273 -1.71256
-1.46503 -1.57073
-1.8134 -2.96565
-1.51298 0.0172153
-0.0237746 -3.9849
-2.60187 -0.722527
-1.54403 -2.34327
-2.04046 -0.841078
-1.86884 -2.19331
-1.66212 -0.447079
-0.876747 -3.32807
-1.54293 -5.13375
-0.714766 -4.28366
-1.75276 -4.45657
-2.11273 -2.32965
-1.50783 -0.701902
-0.58344 -3.2843
-2.0173 -4.55253
-1.9078 0.211337
-0.21186 -3.05341
-2.50231 -3.00655
-1.05054 -0.62149
-1.32676 -5.63504
-1.28255 -4.19135
-0.674861 -4.54573
-1.85627 -4.20233
-1.8745 0.167301
-0.22792 -3.06859
-2.48345 -3.10387
-1.03092 -0.530525
-1.48487 -5.69598
-1.10633 -4.16229
-1.16316 -4.91491
-1.19359 -4.57579
-1.09811 -4.75472
-1.26213 -4.63974
-0.987984 -4.69715
-1.39851 -4.58977
-0.647438 -4.40466
-1.87254 -4.23641
-1.86728 0.18826
-0.178771 -3.07032
-2.53463 -2.79185
-1.10415 -0.809032
-0.916243 -5.33054
-1.82936 -3.97163
-1.73194 0.286956
0.0839154 -3.44206
-2.64585 -0.51682
-1.48476 -2.44753
-2.10455 -1.35028
-1.83226 -1.42023
-1.93722 -1.1644
-1.93104 -1.55703
-1.84716 -1.00318
-1.95597 -1.96681
-1.69556 -0.684939
-1.52773 -3.23034
-2.12436 -1.01898
-1.85772 -1.91031
-1.76839 -0.629928
-1.62006 -3.10428
-1.88986 -0.149691
-0.939126 -3.27317
-1.36882 -5.18214
-0.978471 -4.44167
-1.40677 -4.73137
-0.724993 -4.4602
-1.75149 -4.37367
-2.17781 -1.71903
-1.70614 -1.1756
-1.99602 -1.97647
-1.67594 -0.730536
-1.54437 -3.22451
-2.09661 -0.788262
-1.8304 -2.31034
-1.65219 -0.344894
-0.590025 -3.23797
-2.01639 -4.58129
-1.95008 0.134607
-0.431089 -3.08523
-2.23935 -4.09136
-1.12802 0.531304
-1.98311 -5.77596
-1.04778 -3.88457
-1.22246 -5.00887
-1.13066 -4.53899
-1.19746 -4.77224
-1.12952 -4.66688
-1.21367 -4.70616
-1.09303 -4.69812
-1.26514 -4.6704
-0.99291 -4.6877
-1.39175 -4.60009
-0.67126 -4.43451
-1.83687 -4.27465
-2.00428 -0.0926317
-0.997992 -3.24602
-1.16208 -5.13794
-1.23532 -4.43516
-0.962399 -4.75275
-1.43641 -4.53086
-0.51801 -4.19501
-2.06252 -3.9865
-1.27958 0.471968
-1.37185 -5.83522
-1.47144 -4.07234
-0.720664 -3.58098
-1.7995 -4.78145
-1.5351 -3.57722
-2.14774 -1.7493
-1.70631 -1.10751
-1.97484 -2.15739
-1.61837 -0.59283
-1.00106 -3.37043
-1.1936 -5.12543
-1.19005 -4.45717
-1.07185 -4.79375
-1.29811 -4.59882
-0.894553 -4.6581
-1.52005 -4.51417
-0.444029 -3.78268
-2.15266 -3.95995
-1.16201 0.435992
-1.78548 -5.85678
-1.03876 -3.99511
-1.27266 -4.9792
-1.05897 -4.56145
-1.30331 -4.72801
-0.940593 -4.64128
-1.45674 -4.5764
-0.509484 -4.15792
-2.07163 -3.98254
-1.26548 0.468881
-1.42485 -5.85336
-1.40324 -4.08249
-0.385692 -3.74139
-2.24042 -3.73134
-1.05472 0.1854
-1.94968 -5.72344
-0.954257 -3.88546
-1.42891 -4.98692
-0.821377 -4.45894
-1.60816 -4.53514
-0.754466 -3.62809
-1.74918 -4.82787
-0.986137 -3.68023
-1.32752 -5.07516
-1.00513 -4.50514
-1.37258 -4.7192
-0.792851 -4.53545
-1.65501 -4.44729
-1.44643 -3.59744
-1.58048 -3.45889
-2.09319 -0.679828
-1.78476 -2.5225
-1.63497 -0.196942
-0.227195 -3.17045
-2.47443 -3.08624
-1.0442 -0.548537
-1.41195 -5.67624
-1.18851 -4.17873
-0.957575 -4.82114
-1.45247 -4.48331
-0.459572 -4.05646
-2.1432 -3.85856
-1.14613 0.356082
-1.77084 -5.84483
-1.02602 -4.00343
-1.30193 -4.97489
-1.01694 -4.5595
-1.35807 -4.69775
-0.812592 -4.56074
-1.62821 -4.46257
-1.12681 -3.65634
-0.85973 -4.85614
-1.61827 -4.33971
-1.44343 -3.59104
-1.55931 -3.47478
-2.13475 -1.00163
-1.8521 -1.94793
-1.75893 -0.597579
-1.5486 -3.18514
-2.07935 -0.69871
-1.79965 -2.48522
-1.62877 -0.225095
-0.252861 -3.17227
-2.44491 -3.23901
-1.01487 -0.39738
-1.65206 -5.72491
-0.956889 -4.08757
-1.43562 -4.89726
-0.764379 -4.44361
-1.68867 -4.45515
-1.73375 -3.36268
-1.6686 0.158725
0.060842 -3.45272
-2.64622 -0.702758
-1.5121 -2.29716
-2.08289 -1.16449
-1.87079 -1.64279
-1.85144 -0.87813
-1.91778 -2.26778
-1.60639 -0.457009
-0.619853 -3.26283
-1.97436 -4.65436
-2.12579 -0.437975
-1.58619 -2.94461
-1.95 -0.317101
-1.37371 -3.22437
-1.36339 -3.55112
-0.698291 -3.53642
-1.83422 -4.75219
-1.87982 -3.15383
-1.41028 0.0696428
-0.36221 -4.76452
-2.49273 -1.88696
-1.48688 -1.42761
-1.77213 -3.02823
-1.5673 0.0611457
0.0315754 -3.75333
-2.62033 -0.605525
-1.51441 -2.41854
-2.07768 -1.03441
-1.87904 -1.84599
-1.77775 -0.69547
-1.72533 -2.94019
-1.65088 0.0146883
-0.00489551 -3.28963
-2.64549 -1.38745
-1.46312 -1.77728
-1.95667 -2.58182
-1.47947 -0.337954
-0.012902 -3.48297
-2.63213 -1.30853
-1.49427 -1.84024
-2.04932 -2.05759
-1.62804 -0.756835
-1.40841 -3.33177
-1.61574 -3.41113
-1.98929 -0.282366
-1.34771 -3.2195
-1.04162 -3.5719
-1.12946 -5.05673
-1.25941 -4.46956
-0.920817 -4.71639
-1.4896 -4.5091
-0.435156 -3.91121
-2.17011 -3.85359
-1.12014 0.339067
-1.84896 -5.81333
-0.983871 -3.9581
-1.38 -4.97613
-0.898092 -4.51583
-1.5078 -4.60279
-0.455848 -3.96004
-2.14011 -3.90905
-1.16048 0.39928
-1.75768 -5.85693
-1.04623 -4.00973
-1.25927 -4.97435
-1.07629 -4.56413
-1.27992 -4.73722
-0.987693 -4.6594
-1.39716 -4.61244
-0.666932 -4.42494
-1.84256 -4.27081
-1.98528 -0.0426219
-0.867939 -3.2238
-1.55597 -5.16011
-0.710722 -4.26471
-1.7581 -4.45914
-2.1264 -2.24603
-1.53509 -0.767879
-0.905682 -3.37548
-1.47793 -5.14229
-0.813613 -4.38042
-1.6172 -4.56793
-0.742684 -3.63106
-1.7647 -4.80472
-1.17312 -3.68446
-0.694024 -4.67298
-1.86239 -4.14537
-1.79927 0.260254
0.0200499 -3.20047
-2.65939 -1.22896
-1.47562 -1.87898
-2.03205 -2.21902
-1.57433 -0.639793
-0.860231 -3.3506
-1.58141 -5.10729
-0.646687 -4.19696
-1.85073 -4.362
-2.06225 -0.255352
-1.34281 -3.18964
-1.02234 -3.56791
-1.19134 -5.08142
-1.18338 -4.48399
-1.09327 -4.78957
-1.2707 -4.61563
-0.961447 -4.69317
-1.43257 -4.56651
-0.551286 -4.2522
-2.01372 -4.06159
-1.39529 0.497432
-0.929697 -5.54772
-2.06119 -3.52772
-1.20138 0.142533
-1.3444 -5.76623
-1.41619 -4.11401
-0.39776 -3.71822
-2.22221 -3.79801
-1.07047 0.261661
-1.95604 -5.73557
-0.972639 -3.8857
-1.39343 -4.9992
-0.885029 -4.4979
-1.52442 -4.59739
-0.447819 -3.8787
-2.14849 -3.92511
-1.15617 0.409289
-1.78235 -5.85228
-1.03326 -3.99692
-1.28515 -4.97827
-1.04148 -4.5609
-1.32643 -4.71613
-0.889447 -4.61477
-1.52335 -4.53413
-0.444548 -3.79592
-2.15188 -3.95557
-1.16146 0.432737
-1.78451 -5.85641
-1.03843 -3.99564
-1.27351 -4.97902
-1.05776 -4.5615
-1.30492 -4.72718
-0.937137 -4.63975
-1.46117 -4.57364
-0.499749 -4.13452
-2.08506 -3.9629
-1.24007 0.454822
-1.51037 -5.87241
-1.29633 -4.0843
-0.54831 -4.38025
-2.04749 -3.94318
-1.28193 0.449273
-1.33732 -5.81688
-1.50959 -4.06562
-1.12265 -3.62873
-0.859276 -4.86085
-1.6208 -4.33565
-1.48332 -3.57159
-1.95788 -2.83651
-1.4026 -0.199339
-0.142015 -4.26688
-2.57166 -1.22057
-1.57003 -1.93281
-2.05053 -1.15393
-1.88542 -1.62896
-1.84764 -0.898915
-1.92605 -2.22327
-1.61755 -0.492179
-0.759303 -3.30609
-1.77087 -4.95919
-0.801108 -3.68371
-1.67928 -4.88613
-0.566344 -3.72812
-1.9802 -4.37689
-1.75907 0.375088
0.101722 -3.51084
-2.63547 -0.30043
-1.42503 -2.63308
-2.06193 -2.25117
-1.55263 -0.666937
-0.789801 -3.33636
-1.7178 -5.00535
-0.579685 -3.75874
-1.95955 -4.40065
-1.83797 0.280033
-0.00642348 -3.14548
-2.6542 -1.47328
-1.43296 -1.71399
-1.77729 -3.05856
-1.55765 0.0743985
0.0180564 -3.8385
-2.61316 -0.597645
-1.51636 -2.43659
-2.07488 -1.00193
-1.87924 -1.90025
-1.75853 -0.653041
-1.63509 -3.09018
-1.85038 -0.092991
-0.715479 -3.21916
-1.84784 -4.89693
-1.48429 -3.61747
-1.90698 -2.97855
-1.40836 -0.0562195
-0.24306 -4.52355
-2.53922 -1.503
-1.55191 -1.71301
-2.0608 -1.7073
-1.74798 -1.01175
-1.95262 -2.23066
-1.60176 -0.521741
-0.743305 -3.30579
-1.79633 -4.92721
-1.01967 -3.69357
-1.24078 -5.06369
-1.1167 -4.51035
-1.21576 -4.78275
-1.10428 -4.66255
-1.24799 -4.69719
-1.03282 -4.69082
-1.34151 -4.63257
-0.813104 -4.58222
-1.6301 -4.45028
-1.18632 -3.65481
-0.620474 -4.58066
-1.97294 -4.00824
-1.43484 0.466349
-0.732218 -5.34186
-2.26838 -2.98635
-1.20629 -0.514415
-0.653032 -5.08699
-2.21276 -3.27446
-1.14246 -0.226663
-1.23849 -5.65479
-1.47407 -4.13619
-0.620223 -3.5831
-1.9272 -4.56187
-2.11135 -0.400077
-1.54709 -3.00537
-2.04751 -0.606213
-1.75192 -2.67895
-1.64106 -0.104605
-0.11026 -3.19756
-2.58742 -2.27674
-1.25433 -1.1969
-0.0989326 -3.75128
-2.58435 -1.75915
-1.43884 -1.54042
-1.63088 -3.25311
-1.89563 -0.117193
-0.877665 -3.25602
-1.53475 -5.15901
-0.739691 -4.30057
-1.71755 -4.49288
-1.8496 -3.18444
-1.44591 0.10808
-0.274425 -4.61869
-2.53117 -1.51751
-1.55605 -1.70052
-2.05991 -1.69657
-1.75182 -1.01914
-1.95703 -2.19546
-1.61235 -0.547351
-0.861266 -3.33903
-1.5786 -5.11274
-0.653539 -4.20565
-1.8407 -4.3728
-2.09574 -0.39247
-1.53952 -3.02394
-2.06613 -0.687076
-1.7981 -2.50967
-1.62378 -0.210791
-0.212458 -3.17685
-2.49022 -2.99328
-1.06548 -0.635345
-1.24529 -5.59509
-1.38788 -4.18583
-0.400622 -3.97732
-2.23159 -3.6482
-1.06381 0.106059
-1.85592 -5.7621
-0.927271 -3.94831
-1.47931 -4.93485
-0.705105 -4.36195
-1.77177 -4.39373
-2.18748 -1.48625
-1.7688 -1.38903
-1.98021 -1.29495
-1.89338 -1.36438
-1.91767 -1.23126
-1.93131 -1.44153
-1.88037 -1.13786
-1.95556 -1.62778
-1.8137 -0.952373
-1.94378 -2.16847
-1.6282 -0.545664
-0.941964 -3.35508
-1.37724 -5.16197
-0.961519 -4.4488
-1.42827 -4.71088
-0.663898 -4.38958
-1.84175 -4.28712
-2.00493 -0.0909329
-0.995213 -3.24535
-1.17222 -5.14244
-1.22279 -4.43714
-0.99279 -4.76863
-1.39747 -4.55023
-0.621079 -4.37749
-1.91358 -4.18507
-1.70655 0.371362
0.0798729 -3.72584
-2.61451 -0.22848
-1.39122 -2.72538
-1.89895 -2.90826
-1.43002 -0.0869777
-0.148174 -4.31051
-2.56979 -1.17294
-1.57684 -1.97293
-2.03935 -1.04812
-1.89541 -1.79638
-1.78581 -0.748674
-1.7948 -2.78714
-1.56434 -0.0631082
0.0294021 -3.5176
-2.6395 -0.909921
-1.52599 -2.13855
-2.07543 -1.213
-1.86814 -1.56459
-1.87744 -0.964247
-1.943 -2.01005
-1.68573 -0.641027
-1.41292 -3.30823
-1.69612 -3.3237
-1.74791 0.0901638
-0.0933228 -3.14597
-2.60387 -2.16474
-1.27794 -1.2714
-0.125744 -3.50722
-2.56344 -2.22749
-1.29935 -1.23171
-0.159832 -3.42104
-2.53315 -2.54463
-1.20464 -1.00647
-0.285908 -4.42609
-2.49068 -2.16507
-1.39124 -1.24947
-0.767504 -3.38724
-1.7516 -4.94538
-0.737802 -3.68281
-1.76548 -4.77488
-1.2824 -3.67142
-0.337495 -3.9416
-2.32747 -3.33441
-1.06208 -0.266749
-1.55883 -5.74975
-1.07188 -4.12258
-1.22922 -4.93589
-1.11022 -4.58278
-1.23339 -4.74381
-1.06923 -4.67837
-1.29484 -4.66703
-0.932761 -4.65931
-1.46809 -4.55711
-0.478322 -4.08125
-2.11461 -3.91773
-1.18994 0.415276
-1.66353 -5.87471
-1.12587 -4.05034
-1.07305 -4.91796
-1.30943 -4.52181
-0.825626 -4.62691
-1.61734 -4.44142
-1.09059 -3.65355
-0.994981 -4.96438
-1.42873 -4.42845
-0.465595 -4.10069
-2.13881 -3.8505
-1.14887 0.351366
-1.7566 -5.84762
-1.03408 -4.01094
-1.28623 -4.97348
-1.03894 -4.56316
-1.3298 -4.71295
-0.88101 -4.61008
-1.53461 -4.52657
-0.460309 -3.74268
-2.12896 -4.0397
-1.2184 0.498199
-1.63738 -5.89191
-1.17433 -4.05518
-0.931979 -4.83338
-1.49262 -4.44822
-0.427482 -3.81008
-2.1781 -3.87927
-1.11748 0.358615
-1.87485 -5.80522
-0.982583 -3.94235
-1.38064 -4.9819
-0.89916 -4.51381
-1.50641 -4.60523
-0.457858 -3.96974
-2.13756 -3.91105
-1.1636 0.401841
-1.74863 -5.8596
-1.05317 -4.01418
-1.24463 -4.97236
-1.09562 -4.56423
-1.25283 -4.74731
-1.03798 -4.67096
-1.33423 -4.64867
-0.838828 -4.59941
-1.59374 -4.47731
-0.785187 -3.62458
-1.70666 -4.88414
-0.647389 -3.68559
-1.87985 -4.58903
-2.19317 -1.13316
-1.8236 -1.80861
-1.82696 -0.701471
-1.78649 -2.77738
-1.57667 -0.0641324
0.0239861 -3.45649
-2.64298 -1.01524
-1.51855 -2.05175
-2.08177 -1.40749
-1.82808 -1.32517
-1.95862 -1.32334
-1.89675 -1.31078
-1.9273 -1.3129
-1.91276 -1.3129
-1.9194 -1.31009
-1.91692 -1.31537
-1.917 -1.30692
-1.91865 -1.31981
-1.9153 -1.30053
-1.92067 -1.32943
-1.91236 -1.28663
-1.92461 -1.35097
-1.90586 -1.2564
-1.93272 -1.40019
-1.89043 -1.19193
-1.94783 -1.51756
-1.85137 -1.05916
-1.96301 -1.82922
-1.74184 -0.790089
-1.78214 -2.84733
-1.57096 -0.0273669
0.0355398 -3.55128
-2.6375 -0.821744
-1.52664 -2.21244
-2.0715 -1.11639
-1.8796 -1.70603
-1.82556 -0.818809
-1.88041 -2.48428
-1.5584 -0.295359
-0.127406 -3.23706
-2.57073 -2.39098
-1.22801 -1.11795
-0.157183 -4.07435
-2.55685 -1.76895
-1.46478 -1.53078
-1.77295 -3.04201
-1.56533 0.0673163
0.0283828 -3.7781
-2.61819 -0.597952
-1.514 -2.42839
-2.07799 -1.03108
-1.87885 -1.85191
-1.77578 -0.69056
-1.71635 -2.95757
-1.66653 0.0169148
-0.0267259 -3.24689
-2.63881 -1.59322
-1.42211 -1.64099
-1.63419 -3.26007
-1.88889 -0.103601
-0.832194 -3.24516
-1.63812 -5.10795
-0.584326 -4.05787
-1.94127 -4.28105
-1.73984 0.366931
0.0973992 -3.57051
-2.62945 -0.272749
-1.4138 -2.66505
-2.02357 -2.46907
-1.48681 -0.493342
-0.141573 -3.27396
-2.55607 -2.48127
-1.20742 -1.05331
-0.250525 -4.33985
-2.50987 -2.05365
-1.41537 -1.32989
-1.1241 -3.45634
-0.747342 -4.77641
-1.79946 -4.18814
-2.0142 -0.145375
-1.11493 -3.25293
-0.667283 -4.71293
-1.934 -4.02536
-1.52321 0.442617
-0.375546 -4.86241
-2.50316 -1.66816
-1.54336 -1.58105
-2.02878 -2.09182
-1.6222 -0.706641
-1.27785 -3.37478
-0.326074 -3.63948
-2.32668 -3.48704
-1.02583 -0.112326
-1.82353 -5.73292
-0.89204 -3.96774
-1.53353 -4.88631
-0.581063 -4.18536
-1.95395 -4.20001
-1.62523 0.442154
-0.0840187 -4.30723
-2.57486 -0.583141
-1.52894 -2.50631
-2.05518 -0.840455
-1.86307 -2.19681
-1.66487 -0.439615
-0.871906 -3.32589
-1.55397 -5.12947
-0.696782 -4.26222
-1.77832 -4.43338
-2.18333 -1.65787
-1.72307 -1.23167
-2.00551 -1.7619
-1.74871 -0.89395
-1.88488 -2.54838
-1.53556 -0.265971
-0.0449502 -3.33231
-2.62503 -1.69455
-1.41086 -1.57834
-1.47123 -3.3919
-2.04617 -2.48596
-1.47223 -0.517885
-0.12317 -3.2968
-2.57141 -2.33471
-1.24941 -1.15796
-0.105677 -3.83823
-2.58125 -1.70033
-1.45948 -1.57944
-1.79453 -3.00672
-1.53466 0.0461101
-0.0020914 -3.91385
-2.60739 -0.653477
-1.52997 -2.39675
-2.05771 -0.908215
-1.87667 -2.06402
-1.70212 -0.535416
-1.25534 -3.3516
-0.294853 -3.7605
-2.3746 -3.2304
-1.06454 -0.390417
-1.44667 -5.71123
-1.1745 -4.16097
-0.988255 -4.84494
-1.41298 -4.49834
-0.545596 -4.26343
-2.0258 -4.0334
-1.35821 0.491604
-1.07401 -5.66674
-1.87632 -3.81315
-1.51789 0.37119
-0.312435 -4.74341
-2.5241 -1.4766
-1.5713 -1.72969
-2.05974 -1.50697
-1.81014 -1.19071
-1.98013 -1.60944
-1.80929 -0.995056
-1.95723 -2.07098
-1.65726 -0.62056
-1.25568 -3.36661
-0.295593 -3.7735
-2.37432 -3.22491
-1.06647 -0.395514
-1.43393 -5.70719
-1.18868 -4.16358
-0.948971 -4.81922
-1.46457 -4.4756
-0.440826 -3.98506
-2.16665 -3.82942
-1.11956 0.319015
-1.83385 -5.81566
-0.984021 -3.96713
-1.38074 -4.97246
-0.895537 -4.51605
-1.5111 -4.59962
-0.452569 -3.94076
-2.14409 -3.90776
-1.15611 0.396722
-1.77121 -5.8529
-1.03669 -4.00286
-1.2789 -4.97651
-1.0498 -4.56245
-1.31553 -4.72122
-0.913786 -4.62856
-1.49137 -4.55453
-0.44951 -3.96794
-2.15098 -3.8779
-1.14247 0.368982
-1.79558 -5.83998
-1.01484 -3.98988
-1.32284 -4.97712
-0.987 -4.55187
-1.39586 -4.67589
-0.713532 -4.4647
-1.77083 -4.34794
-2.18395 -1.19212
-1.82346 -1.71817
-1.85712 -0.789973
-1.87255 -2.47982
-1.56559 -0.289293
-0.140821 -3.22601
-2.55936 -2.49334
-1.19922 -1.04406
-0.287289 -4.42217
-2.48845 -2.18702
-1.38489 -1.23436
-0.687438 -3.36466
-1.87058 -4.78734
-1.98142 -2.91304
-1.36691 -0.186146
-0.269382 -4.54814
-2.52585 -1.68284
-1.51935 -1.58031
-1.99426 -2.34493
-1.54271 -0.516779
-0.413614 -3.22541
-2.2397 -4.00808
-1.09596 0.459513
-2.02808 -5.72325
-1.07609 -3.85634
-1.13509 -4.99297
-1.24002 -4.51325
-0.985553 -4.74037
-1.40452 -4.56098
-0.611843 -4.3599
-1.92649 -4.17162
-1.66193 0.405599
0.0134253 -4.02583
-2.59186 -0.316822
-1.42798 -2.7046
-2.07013 -2.21501
-1.56344 -0.699004
-0.930621 -3.37262
-1.41239 -5.15534
-0.911798 -4.43475
-1.49082 -4.66531
-0.508394 -4.11694
-2.06806 -4.00779
-1.28171 0.483308
-1.37574 -5.83879
-1.46987 -4.07148
-0.709292 -3.57981
-1.81453 -4.75903
-1.72799 -3.39827
-1.69113 0.156114
0.0480128 -3.36162
-2.65304 -0.889622
-1.5135 -2.1385
-2.08437 -1.33574
-1.84319 -1.41259
-1.93283 -1.17001
-1.93231 -1.54709
-1.8496 -1.01488
-1.95763 -1.93464
-1.70645 -0.70851
-1.59894 -3.15784
-1.95414 -0.263204
-1.28026 -3.2566
-0.380563 -3.54724
-2.25166 -3.79384
-1.04825 0.244778
-2.01603 -5.68458
-1.02627 -3.84912
-1.2671 -5.02437
-1.07517 -4.53687
-1.27987 -4.75157
-0.992358 -4.65535
-1.39112 -4.61922
-0.686222 -4.44837
-1.8138 -4.29994
-2.08644 -0.373991
-1.51709 -3.05381
-2.11007 -0.968285
-1.86126 -1.98424
-1.7401 -0.577255
-1.465 -3.25812
-2.08597 -2.24282
-1.54827 -0.707918
-0.85554 -3.35755
-1.59174 -5.09893
-0.628606 -4.16871
-1.87714 -4.33492
-1.96653 0.0215629
-0.699642 -3.17588
-1.87668 -4.87445
-1.76069 -3.36803
-1.61068 0.187268
0.0417119 -3.79146
-2.61516 -0.462238
-1.48151 -2.54738
-2.10966 -1.33909
-1.83257 -1.44004
-1.93236 -1.13437
-1.93539 -1.61167
-1.82796 -0.94988
-1.9437 -2.13875
-1.63892 -0.562891
-1.03764 -3.37007
-1.059 -5.06042
-1.35987 -4.42058
-0.621056 -4.41412
-1.92137 -4.15773
-1.66098 0.402115
0.0139565 -4.0225
-2.59219 -0.318417
-1.42876 -2.70281
-2.07227 -2.19968
-1.56846 -0.710643
-0.988321 -3.38371
-1.24111 -5.13754
-1.13143 -4.46541
-1.18469 -4.80574
-1.15226 -4.64686
-1.17857 -4.72365
-1.14999 -4.68936
-1.18702 -4.70093
-1.13391 -4.70161
-1.21081 -4.68868
-1.09405 -4.70606
-1.26429 -4.66632
-0.993126 -4.68935
-1.39155 -4.59929
-0.671164 -4.43462
-1.83705 -4.27434
-2.00348 -0.0904547
-0.992551 -3.24542
-1.18209 -5.14651
-1.21059 -4.43901
-1.0213 -4.78143
-1.3615 -4.5674
-0.723437 -4.50926
-1.76196 -4.33922
-2.18571 -1.28656
-1.81051 -1.60163
-1.90253 -0.925059
-1.92943 -2.06967
-1.6707 -0.587239
-1.24143 -3.3641
-0.29877 -3.87702
-2.37797 -3.15562
-1.08705 -0.461664
-1.28475 -5.64146
-1.36543 -4.1738
-0.430007 -4.0943
-2.19859 -3.69412
-1.08547 0.172774
-1.83251 -5.78633
-0.949246 -3.9659
-1.44334 -4.94748
-0.777005 -4.43614
-1.66959 -4.48039
-1.47345 -3.58719
-1.86421 -3.07283
-1.43719 0.0378754
-0.234748 -4.52755
-2.54373 -1.41155
-1.56655 -1.7831
-2.06158 -1.43972
-1.82762 -1.26397
-1.96761 -1.43526
-1.86591 -1.1704
-1.95961 -1.57543
-1.8286 -1.00783
-1.95939 -1.99269
-1.68472 -0.672299
-1.46922 -3.27717
-2.09275 -2.20157
-1.56158 -0.740753
-1.01462 -3.39078
-1.15299 -5.10508
-1.23904 -4.45148
-0.961046 -4.74696
-1.43764 -4.53308
-0.517062 -4.19208
-2.0637 -3.98521
-1.27738 0.471161
-1.37979 -5.83813
-1.46096 -4.07444
-0.634316 -3.5764
-1.91034 -4.59729
-2.16966 -0.781112
-1.79401 -2.35243
-1.67254 -0.297502
-0.573377 -3.2258
-2.03939 -4.53785
-1.83966 0.321479
0.0333064 -3.18505
-2.66381 -1.12617
-1.48506 -1.94874
-2.06398 -1.96622
-1.65675 -0.834027
-1.65073 -3.11967
-1.81685 -0.0410636
-0.507072 -3.15634
-2.13368 -4.35048
-1.43506 0.61106
-0.911485 -5.55181
-2.10946 -3.41357
-1.17482 0.00109701
-1.31559 -5.72999
-1.41997 -4.12666
-0.400485 -3.71627
-2.21816 -3.81099
-1.07464 0.276398
-1.95368 -5.74046
-0.974383 -3.88804
-1.39024 -4.99927
-0.890163 -4.50085
-1.51783 -4.60195
-0.450162 -3.91398
-2.14637 -3.9142
-1.15544 0.401138
-1.77763 -5.852
-1.03389 -3.99946
-1.28429 -4.97745
-1.04249 -4.56142
-1.32512 -4.71658
-0.892353 -4.61656
-1.51951 -4.53658
-0.441562 -3.81522
-2.15659 -3.93409
-1.15047 0.413915
-1.80689 -5.84536
-1.02094 -3.9836
-1.309 -4.98104
-1.00822 -4.55479
-1.36911 -4.69314
-0.785397 -4.53689
-1.66659 -4.4344
-1.60309 -3.49838
-2.05745 -0.490751
-1.65036 -2.89223
-1.79998 -0.0951529
-0.578799 -3.18665
-2.03897 -4.56144
-1.87401 0.274784
-0.0613503 -3.09047
-2.62966 -1.93312
-1.3294 -1.42025
-0.499733 -3.33944
-2.11395 -4.29426
-1.41057 0.595516
-0.988878 -5.61748
-2.01344 -3.60497
-1.2494 0.241716
-1.24409 -5.73458
-1.57643 -4.06284
-1.84052 -3.16162
-1.45931 0.101574
-0.22364 -4.51977
-2.54815 -1.32759
-1.57705 -1.8496
-2.05218 -1.24103
-1.87353 -1.50133
-1.89294 -1.04226
-1.94979 -1.81581
-1.75227 -0.785179
-1.79176 -2.81818
-1.56278 -0.045899
0.0329557 -3.55788
-2.63684 -0.837014
-1.5277 -2.2008
-2.071 -1.12027
-1.87956 -1.69945
-1.82778 -0.825106
-1.88524 -2.46184
-1.56197 -0.312776
-0.160216 -3.21998
-2.54139 -2.63379
-1.16079 -0.938068
-0.529412 -4.85765
-2.3006 -3.04439
-1.16973 -0.501628
-0.845753 -5.30644
-1.97588 -3.76634
-1.32432 0.365372
-1.06519 -5.6379
-1.85449 -3.85017
-1.5858 0.355903
-0.102538 -4.32413
-2.57468 -0.711915
-1.55828 -2.38655
-2.01408 -0.706831
-1.8232 -2.48251
-1.60629 -0.242456
-0.203913 -3.1862
-2.49876 -2.93682
-1.07969 -0.686286
-1.136 -5.52288
-1.53139 -4.15593
-1.09791 -3.63368
-0.957475 -4.94166
-1.48096 -4.40579
-0.421557 -3.8038
-2.18707 -3.85765
-1.10584 0.33507
-1.89534 -5.78948
-0.974709 -3.92855
-1.39428 -4.98293
-0.8774 -4.50062
-1.53437 -4.58638
-0.449424 -3.82152
-2.14463 -3.96192
-1.17101 0.439734
-1.75647 -5.86536
-1.05825 -4.00974
-1.23177 -4.97283
-1.11273 -4.56216
-1.22773 -4.75557
-1.08079 -4.67435
-1.27973 -4.67693
-0.967005 -4.67375
-1.42419 -4.58387
-0.5825 -4.30411
-1.9679 -4.1246
-1.52765 0.475182
-0.398407 -4.90496
-2.49523 -1.7319
-1.53229 -1.53258
-1.99453 -2.32382
-1.55016 -0.528475
-0.475343 -3.23742
-2.16006 -4.23269
-1.29509 0.603961
-1.45484 -5.88746
-1.40879 -4.06709
-0.399912 -3.69555
-2.21915 -3.81828
-1.07453 0.283137
-1.95935 -5.73793
-0.978823 -3.88482
-1.38087 -5.00296
-0.906324 -4.50796
-1.49719 -4.61703
-0.472245 -4.02747
-2.11892 -3.93094
-1.18912 0.423756
-1.67476 -5.87549
-1.1182 -4.04579
-1.09222 -4.92732
-1.28574 -4.529
-0.887811 -4.67524
-1.53151 -4.49551
-0.467845 -3.71656
-2.11884 -4.07773
-1.24918 0.521741
-1.54434 -5.8906
-1.27814 -4.0743
-0.599186 -4.46525
-1.97537 -4.04722
-1.4553 0.47572
-0.663635 -5.2643
-2.33072 -2.74478
-1.2674 -0.749537
-0.200613 -4.28379
-2.54314 -1.72801
-1.49038 -1.55492
-1.90316 -2.72493
-1.47139 -0.192462
-0.00637818 -3.80143
-2.61629 -0.870477
-1.54585 -2.19708
-2.05053 -0.973927
-1.88777 -1.93653
-1.74068 -0.633154
-1.56439 -3.17816
-2.04351 -0.5323
-1.69156 -2.82518
-1.71939 -0.0578927
-0.25442 -3.13421
-2.44684 -3.25335
-1.00903 -0.382547
-1.68645 -5.72272
-0.929406 -4.06705
-1.47717 -4.88036
-0.6757 -4.34508
-1.81647 -4.34203
-2.11838 -0.519987
-1.66567 -2.81584
-1.76987 -0.0947448
-0.484621 -3.16466
-2.16013 -4.27511
-1.32863 0.617628
-1.3397 -5.84878
-1.55923 -4.03286
-1.75964 -3.2928
-1.59998 0.164053
0.0374499 -3.79773
-2.61513 -0.489973
-1.48953 -2.52454
-2.1037 -1.2452
-1.85178 -1.55146
-1.8909 -0.9784
-1.94283 -1.95988
-1.70393 -0.673803
-1.53377 -3.22181
-2.11408 -0.922139
-1.85412 -2.06832
-1.71545 -0.513632
-1.25774 -3.34672
-0.296404 -3.73897
-2.3713 -3.2559
-1.0586 -0.364575
-1.49377 -5.72525
-1.12482 -4.14864
-1.11453 -4.90651
-1.25451 -4.55609
-0.97152 -4.71891
-1.42121 -4.56074
-0.572386 -4.29361
-1.98385 -4.1004
-1.47671 0.488458
-0.597598 -5.18546
-2.38356 -2.49422
-1.33846 -0.962891
-0.110015 -3.44033
-2.57756 -2.15143
-1.31286 -1.2831
-0.25006 -3.34774
-2.435 -3.1804
-1.04088 -0.455611
-1.49854 -5.71074
-1.10352 -4.15347
-1.16699 -4.91845
-1.18911 -4.57525
-1.10597 -4.75608
-1.25214 -4.64349
-1.00872 -4.70419
-1.37249 -4.60421
-0.72116 -4.49576
-1.76335 -4.34344
-2.18594 -1.29017
-1.80984 -1.59762
-1.90417 -0.930364
-1.93036 -2.05547
-1.67535 -0.597192
-1.28255 -3.35577
-0.346002 -3.6002
-2.29867 -3.60944
-1.02346 0.0295488
-1.93806 -5.69797
-0.919858 -3.8844
-1.48993 -4.95653
-0.699078 -4.34543
-1.77968 -4.39124
-2.18836 -1.32889
-1.80225 -1.55562
-1.92136 -0.989315
-1.93619 -1.90776
-1.72575 -0.702174
-1.63756 -3.10309
-1.84633 -0.0835544
-0.683187 -3.20909
-1.89664 -4.82588
-2.00749 -2.84071
-1.37187 -0.264511
-0.186175 -4.35693
-2.55662 -1.41532
-1.55372 -1.78078
-2.06557 -1.55129
-1.79529 -1.15477
-1.98443 -1.71975
-1.77116 -0.901748
-1.9062 -2.43885
-1.55539 -0.349432
-0.188619 -3.2146
-2.51298 -2.82981
-1.10893 -0.779298
-0.914849 -5.33348
-1.83593 -3.96281
-1.70779 0.3066
0.0863901 -3.57898
-2.63098 -0.355742
-1.44482 -2.60142
-2.1014 -1.89315
-1.67154 -0.936972
-1.81853 -2.80987
-1.53153 -0.0657529
0.0235455 -3.69072
-2.62607 -0.760772
-1.53192 -2.27817
-2.06177 -0.998957
-1.88472 -1.89709
-1.75643 -0.659846
-1.64092 -3.08364
-1.83528 -0.0747117
-0.633393 -3.1948
-1.96709 -4.70671
-2.18148 -0.834946
-1.80383 -2.26482
-1.69003 -0.355041
-0.784073 -3.29176
-1.72998 -5.01141
-0.600052 -3.74195
-1.93416 -4.45815
-1.97306 0.0419721
-0.665811 -3.16148
-1.92767 -4.79744
-2.15579 -2.13875
-1.56657 -0.87203
-1.32986 -3.38248
-0.618277 -3.51418
-1.93905 -4.57919
-2.10761 -0.374714
-1.51739 -3.04101
-2.1078 -0.954156
-1.86095 -2.00728
-1.73221 -0.560692
-1.41059 -3.29201
-1.69332 -3.32595
-1.75538 0.0841874
-0.116843 -3.1332
-2.58623 -2.3451
-1.22907 -1.14867
-0.145501 -4.02521
-2.56201 -1.75363
-1.46412 -1.54192
-1.78096 -3.02825
-1.55341 0.0599586
0.0176812 -3.83146
-2.61388 -0.611862
-1.51886 -2.42323
-2.07195 -0.987692
-1.8797 -1.92357
-1.75001 -0.635862
-1.59068 -3.14689
-1.97245 -0.311696
-1.38461 -3.20948
-1.5159 -3.48051
-2.14041 -1.81252
-1.68761 -1.05084
-1.93446 -2.41181
-1.54776 -0.399218
-0.233778 -3.2101
-2.46364 -3.11879
-1.04102 -0.517353
-1.45024 -5.69119
-1.14828 -4.16957
-1.06316 -4.88117
-1.3175 -4.53793
-0.815096 -4.61271
-1.63143 -4.43447
-1.25361 -3.64835
-0.383026 -4.12477
-2.28314 -3.41418
-1.06785 -0.16122
-1.62216 -5.76949
-1.02841 -4.09198
-1.31199 -4.94148
-0.993867 -4.57109
-1.38741 -4.6709
-0.729808 -4.4853
-1.74738 -4.36731
-2.17563 -1.75144
-1.69654 -1.14808
-1.98554 -2.09665
-1.63616 -0.642665
-1.20639 -3.37893
-0.374487 -4.17234
-2.30697 -3.30655
-1.08179 -0.280368
-1.46299 -5.73333
-1.17575 -4.14978
-0.979032 -4.84221
-1.42546 -4.49132
-0.513166 -4.19816
-2.07152 -3.96586
-1.25866 0.459017
-1.44142 -5.85658
-1.37976 -4.08518
-0.375125 -3.87665
-2.26273 -3.5958
-1.04806 0.0337561
-1.85518 -5.7477
-0.912072 -3.94692
-1.50352 -4.91943
-0.652442 -4.29598
-1.8487 -4.31875
-2.02124 -0.129595
-1.09041 -3.2496
-0.77648 -4.843
-1.77168 -4.19606
-2.09063 -0.42637
-1.57909 -2.97825
-1.97077 -0.357857
-1.45873 -3.16455
-2.0949 -2.15814
-1.57707 -0.768047
-1.16954 -3.3997
-0.518718 -4.46835
-2.13221 -3.71957
-1.1395 0.242234
-1.69261 -5.83844
-1.05462 -4.0446
-1.24866 -4.96267
-1.08853 -4.56998
-1.26328 -4.74069
-1.01831 -4.66853
-1.3589 -4.63413
-0.773231 -4.54351
-1.68649 -4.40999
-1.84853 -3.17832
-1.44764 0.105529
-0.265955 -4.60239
-2.53416 -1.48649
-1.56017 -1.72442
-2.06182 -1.60982
-1.77891 -1.09561
-1.98113 -1.90381
-1.70788 -0.758916
-1.67854 -3.05585
-1.74531 0.00820778
-0.211484 -3.12278
-2.49595 -2.99637
-1.05962 -0.631961
-1.27592 -5.61089
-1.34732 -4.18981
-0.481386 -4.22225
-2.13242 -3.81553
-1.14914 0.325062
-1.73177 -5.84799
-1.04479 -4.02388
-1.26566 -4.96974
-1.06673 -4.56665
-1.29309 -4.73006
-0.960862 -4.65065
-1.43097 -4.59172
-0.572987 -4.28463
-1.98119 -4.10894
-1.48838 0.487041
-0.552267 -5.12648
-2.41439 -2.32391
-1.38676 -1.0961
-0.479075 -3.30459
-2.14525 -4.23353
-1.31477 0.598863
-1.37281 -5.85898
-1.51011 -4.05009
-1.174 -3.62798
-0.651241 -4.62798
-1.92985 -4.06233
-1.5595 0.437908
-0.254037 -4.65631
-2.54259 -1.19918
-1.59837 -1.95749
-2.01764 -0.945028
-1.89794 -1.9803
-1.71931 -0.611617
-1.46824 -3.26423
-2.09406 -2.18923
-1.56577 -0.749544
-1.06051 -3.39637
-0.980685 -5.00336
-1.46369 -4.38908
-0.415061 -3.86285
-2.19922 -3.79578
-1.08835 0.270801
-1.90272 -5.77168
-0.959617 -3.92129
-1.42197 -4.97565
-0.828041 -4.4691
-1.5994 -4.53884
-0.690716 -3.62673
-1.83259 -4.70352
-1.99909 -2.84763
-1.37448 -0.248757
-0.190109 -4.36946
-2.5554 -1.42049
-1.55388 -1.77682
-2.06538 -1.55772
-1.79346 -1.14839
-1.98457 -1.73869
-1.76464 -0.886352
-1.89199 -2.50502
-1.54372 -0.297229
-0.090533 -3.27252
-2.59865 -2.09465
-1.30999 -1.31966
-0.267084 -3.34495
-2.41426 -3.28163
-1.02297 -0.351512
-1.65351 -5.73302
-0.963616 -4.08493
-1.42492 -4.90446
-0.788254 -4.46407
-1.65514 -4.48229
-1.32455 -3.63982
-0.365389 -3.63628
-2.27034 -3.68771
-1.03522 0.125498
-1.96962 -5.69582
-0.956944 -3.86864
-1.42229 -4.99597
-0.836528 -4.46682
-1.5878 -4.55202
-0.605916 -3.63742
-1.93836 -4.5093
-2.02733 -0.0901005
-1.01726 -3.24064
-1.08579 -5.10028
-1.33248 -4.41433
-0.692102 -4.51341
-1.81679 -4.26858
-2.04909 -0.235515
-1.30458 -3.2104
-0.579945 -3.49746
-1.9897 -4.4874
-1.88 0.240105
-0.119241 -3.07043
-2.58895 -2.37634
-1.21374 -1.12546
-0.196561 -4.19024
-2.53708 -1.89559
-1.44441 -1.44236
-1.54033 -3.33026
-2.12711 -0.994556
-1.8553 -1.95309
-1.75498 -0.5958
-1.53635 -3.19792
-2.105 -0.858821
-1.84659 -2.17888
-1.68279 -0.436496
-0.946902 -3.33945
-1.35952 -5.16573
-0.986016 -4.45231
-1.39702 -4.73235
-0.747029 -4.48457
-1.71964 -4.40019
-2.06787 -2.54615
-1.44281 -0.51796
-0.0558786 -3.41157
-2.61559 -1.7313
-1.41145 -1.55625
-1.44624 -3.40412
-1.88035 -3.02102
-1.42671 -0.00495351
-0.22911 -4.50683
-2.54501 -1.41769
-1.5642 -1.77845
-2.06253 -1.46752
-1.81996 -1.23515
-1.9739 -1.50151
-1.84481 -1.0994
-1.96769 -1.74925
-1.76783 -0.858007
-1.87398 -2.56895
-1.53776 -0.243043
-0.0316099 -3.35267
-2.6308 -1.57046
-1.43803 -1.65913
-1.75553 -3.09077
-1.59373 0.0872878
0.0462727 -3.66394
-2.62777 -0.597193
-1.50907 -2.41357
-2.08397 -1.09242
-1.87549 -1.75522
-1.81127 -0.770732
-1.83735 -2.64994
-1.54754 -0.164307
0.00287077 -3.42466
-2.64016 -1.22416
-1.49894 -1.89658
-2.06637 -1.89086
-1.68303 -0.886157
-1.78605 -2.87715
-1.56132 -0.0140555
0.0353179 -3.62839
-2.63132 -0.736061
-1.52593 -2.29171
-2.06828 -1.03766
-1.88314 -1.8335
-1.77973 -0.708629
-1.74386 -2.9036
-1.6217 0.00412688
0.0216914 -3.37726
-2.64781 -1.1016
-1.50607 -1.9814
-2.08065 -1.65489
-1.75839 -1.08278
-1.97882 -2.00299
-1.67294 -0.690696
-1.46197 -3.28628
-2.0636 -2.38066
-1.50434 -0.600121
-0.36872 -3.23289
-2.29573 -3.81973
-1.01878 0.259117
-2.11805 -5.58421
-1.27193 -3.79257
-0.416966 -4.17756
-2.23645 -3.54588
-1.07143 0.00102143
-1.74253 -5.78268
-0.960298 -4.02372
-1.42762 -4.93044
-0.796564 -4.46134
-1.643 -4.49684
-1.15535 -3.65905
-0.748024 -4.74157
-1.78351 -4.21988
-2.08374 -0.387385
-1.53373 -3.03767
-2.07965 -0.755564
-1.82528 -2.37132
-1.63747 -0.30594
-0.439828 -3.19687
-2.21084 -4.11227
-1.16425 0.546057
-1.87567 -5.8447
-1.03278 -3.94649
-1.27524 -4.99493
-1.05854 -4.55303
-1.30353 -4.73248
-0.9419 -4.64028
-1.45498 -4.57839
-0.514061 -4.16814
-2.06522 -3.99203
-1.27835 0.474841
-1.37992 -5.83885
-1.46191 -4.07389
-0.642234 -3.57638
-1.90038 -4.61558
-2.1901 -1.03377
-1.82642 -1.94921
-1.77676 -0.582951
-1.56342 -3.16302
-2.0421 -0.531432
-1.6909 -2.82767
-1.72046 -0.0574833
-0.256831 -3.13389
-2.44409 -3.26722
-1.00674 -0.368215
-1.70596 -5.72159
-0.915975 -4.05427
-1.49697 -4.87211
-0.633798 -4.28644
-1.87795 -4.27943
-1.90081 0.14263
-0.324244 -3.07343
-2.3715 -3.62926
-0.97518 0.0333441
-2.09682 -5.55433
-1.21644 -3.79367
-0.604019 -4.53061
-1.98716 -4.00162
-1.40517 0.47026
-0.856119 -5.47305
-2.14077 -3.3572
-1.16419 -0.0796878
-1.28235 -5.70108
-1.44601 -4.12956
-0.475177 -3.62195
-2.11401 -4.13818
-1.29013 0.552181
-1.41777 -5.86648
-1.43791 -4.06958
-0.500192 -3.59895
-2.08157 -4.22805
-1.40346 0.56761
-0.982907 -5.60729
-2.01357 -3.60778
-1.24945 0.243604
-1.24594 -5.73592
-1.57439 -4.06349
-1.82185 -3.19571
-1.48504 0.127392
-0.168945 -4.41187
-2.56377 -1.10788
-1.58725 -2.03096
-2.0191 -0.906788
-1.89155 -2.05704
-1.6956 -0.5541
-1.27073 -3.35117
-0.314782 -3.65985
-2.34286 -3.41405
-1.03217 -0.194964
-1.73661 -5.74684
-0.924712 -4.03052
-1.48424 -4.89322
-0.670655 -4.33305
-1.82327 -4.3381
-2.10078 -0.428417
-1.58023 -2.97002
-1.96702 -0.350725
-1.44473 -3.17615
-2.04057 -2.47731
-1.47739 -0.514156
-0.134806 -3.28465
-2.56172 -2.42708
-1.22321 -1.09261
-0.179582 -4.15
-2.54636 -1.82433
-1.45823 -1.4917
-1.69389 -3.16712
-1.72278 0.0614127
-0.0806525 -3.16624
-2.61173 -2.06062
-1.30682 -1.34015
-0.268416 -3.34728
-2.41246 -3.2886
-1.02209 -0.344115
-1.66265 -5.73329
-0.956741 -4.07964
-1.43563 -4.90095
-0.766384 -4.44421
-1.68574 -4.45818
-1.69893 -3.40558
-1.7648 0.0985388
-0.115931 -3.12866
-2.5873 -2.3395
-1.23006 -1.15248
-0.142141 -4.01168
-2.56358 -1.74743
-1.46436 -1.5463
-1.78653 -3.01795
-1.54559 0.0539012
0.0100637 -3.8647
-2.61125 -0.62671
-1.52305 -2.41441
-2.06665 -0.955485
-1.87927 -1.97894
-1.73064 -0.595463
-1.4718 -3.25743
-2.10599 -2.09658
-1.5966 -0.819763
-1.38456 -3.35351
-1.29551 -3.57481
-0.322834 -3.73109
-2.33321 -3.4154
-1.03772 -0.189264
-1.71951 -5.75201
-0.938428 -4.04138
-1.46336 -4.90205
-0.714944 -4.38704
-1.75882 -4.39843
-2.17611 -1.7624
-1.69284 -1.14079
-1.98148 -2.1355
-1.62361 -0.61446
-1.07916 -3.38009
-0.895514 -4.93784
-1.58547 -4.33301
-1.12159 -3.64676
-0.874297 -4.8711
-1.59778 -4.35054
-1.19189 -3.6474
-0.593192 -4.54226
-2.01276 -3.95022
-1.33597 0.454981
-1.12205 -5.69513
-1.80185 -3.89549
-1.74717 0.251207
0.0614838 -3.32704
-2.65678 -0.801565
-1.50947 -2.20264
-2.08649 -1.29618
-1.85014 -1.46461
-1.91605 -1.09215
-1.94329 -1.69703
-1.79621 -0.876614
-1.90373 -2.41952
-1.56327 -0.356904
-0.227937 -3.20338
-2.47083 -3.08448
-1.04761 -0.550365
-1.39508 -5.6709
-1.20869 -4.18113
-0.899793 -4.77904
-1.53039 -4.44534
-0.498647 -3.66748
-2.0779 -4.20017
-1.38682 0.560575
-1.04106 -5.65373
-1.93827 -3.72626
-1.37045 0.35324
-0.855956 -5.45217
-2.11675 -3.42661
-1.16783 0.00394286
-1.34914 -5.74479
-1.37655 -4.13125
-0.391558 -3.96439
-2.24484 -3.61293
-1.05786 0.0621431
-1.8423 -5.75957
-0.921405 -3.95706
-1.4889 -4.92472
-0.681738 -4.33567
-1.8059 -4.3608
-2.15185 -0.741785
-1.78833 -2.41588
-1.65992 -0.25807
-0.434604 -3.18759
-2.21879 -4.09397
-1.14789 0.532699
-1.91919 -5.81861
-1.02598 -3.92112
-1.28515 -5.00299
-1.04665 -4.54823
-1.31923 -4.7271
-0.908919 -4.62342
-1.49756 -4.55202
-0.444302 -3.93539
-2.15702 -3.87704
-1.13653 0.365619
-1.81391 -5.83297
-1.00458 -3.97946
-1.34209 -4.97757
-0.958189 -4.54266
-1.43194 -4.6533
-0.61529 -4.33631
-1.91619 -4.19809
-1.7132 0.368976
0.0849788 -3.69006
-2.61776 -0.232893
-1.3942 -2.71602
-1.91969 -2.85135
-1.42598 -0.142735
-0.117867 -4.21963
-2.57877 -1.10448
-1.57426 -2.027
-2.03525 -0.988896
-1.89517 -1.90165
-1.74888 -0.66535
-1.63362 -3.09683
-1.85501 -0.0975481
-0.737899 -3.22544
-1.81217 -4.9435
-1.07567 -3.69823
-1.069 -4.99987
-1.32955 -4.46678
-0.737552 -4.55362
-1.74677 -4.33801
-2.18366 -1.55255
-1.75307 -1.32178
-1.9964 -1.46156
-1.84687 -1.16576
-1.96725 -1.60513
-1.81598 -0.985753
-1.95459 -2.07728
-1.65614 -0.61337
-1.23497 -3.36973
-0.307179 -3.93378
-2.37193 -3.15385
-1.09139 -0.460292
-1.26555 -5.63233
-1.39142 -4.17082
-0.391407 -3.93389
-2.24193 -3.63592
-1.05772 0.087213
-1.86268 -5.75491
-0.921822 -3.94291
-1.48802 -4.93176
-0.6876 -4.34067
-1.79714 -4.37031
-2.16974 -0.916735
-1.82639 -2.1179
-1.71896 -0.461531
-1.1552 -3.35378
-0.549933 -4.52792
-2.09335 -3.78905
-1.18404 0.3255
-1.59936 -5.85849
-1.16307 -4.07611
-0.977981 -4.85994
-1.43004 -4.47911
-0.495567 -4.16121
-2.09623 -3.9264
-1.21357 0.427527
-1.58551 -5.87698
-1.2057 -4.0736
-0.842384 -4.75547
-1.61702 -4.38329
-1.28166 -3.64081
-0.329222 -3.90693
-2.33619 -3.31684
-1.06182 -0.288636
-1.54195 -5.74458
-1.08571 -4.12962
-1.20064 -4.93129
-1.14731 -4.57931
-1.17684 -4.75593
-1.15685 -4.67213
-1.17501 -4.71174
-1.15356 -4.69489
-1.18256 -4.69898
-1.1404 -4.70223
-1.20191 -4.6908
-1.10887 -4.7062
-1.24489 -4.67449
-1.03185 -4.69981
-1.3431 -4.62634
-0.805754 -4.57744
-1.64068 -4.44195
-1.32124 -3.6376
-0.357031 -3.65045
-2.28228 -3.64054
-1.03071 0.0700357
-1.94343 -5.70292
-0.929725 -3.88296
-1.473 -4.96694
-0.734823 -4.38406
-1.72825 -4.43768
-2.04315 -2.65486
-1.41434 -0.421699
-0.0219904 -3.73421
-2.61774 -1.10467
-1.53732 -2.00308
-2.07198 -1.30334
-1.85456 -1.43861
-1.9202 -1.12767
-1.94059 -1.62663
-1.82074 -0.939595
-1.93974 -2.18291
-1.62497 -0.532243
-0.893191 -3.34392
-1.50514 -5.14338
-0.774428 -4.34507
-1.66987 -4.52723
-1.31002 -3.64623
-0.333053 -3.72206
-2.31805 -3.47746
-1.03307 -0.118348
-1.79215 -5.7443
-0.905043 -3.99133
-1.51393 -4.89036
-0.615767 -4.24893
-1.90341 -4.25638
-1.8078 0.280035
0.0287151 -3.20478
-2.66131 -1.15437
-1.48435 -1.93067
-2.05932 -2.00819
-1.64296 -0.801231
-1.5512 -3.2325
-2.0854 -0.715716
-1.80572 -2.45135
-1.63206 -0.247498
-0.304127 -3.17329
-2.38349 -3.51942
-0.984015 -0.0925257
-1.98392 -5.6366
-0.942173 -3.84444
-1.44823 -4.99476
-0.792298 -4.43067
-1.64744 -4.50779
-1.16097 -3.65982
-0.725906 -4.71597
-1.81654 -4.18954
-1.96974 -0.0260751
-0.809047 -3.21168
-1.68573 -5.08386
-0.552305 -3.91096
-1.98921 -4.26392
-1.61075 0.473457
-0.147225 -4.45778
-2.56436 -0.776389
-1.57471 -2.33665
-1.992 -0.651456
-1.7925 -2.61674
-1.60293 -0.150183
-0.0743114 -3.24527
-2.6115 -1.97937
-1.33589 -1.39418
-0.51839 -3.33998
-2.09025 -4.3525
-1.50698 0.572759
-0.58976 -5.19212
-2.39868 -2.39543
-1.36861 -1.03818
-0.287471 -3.29883
-2.39207 -3.40849
-1.00265 -0.215299
-1.83246 -5.70838
-0.869427 -3.95847
-1.5662 -4.86215
-0.523284 -4.05088
-2.03713 -4.10207
-1.38209 0.517894
-1.0083 -5.61957
-1.96882 -3.68582
-1.31527 0.321781
-1.05248 -5.62062
-1.86048 -3.84756
-1.57064 0.362302
-0.146521 -4.42503
-2.56665 -0.859903
-1.5827 -2.25518
-1.99022 -0.682323
-1.81311 -2.55017
-1.59744 -0.198396
-0.116461 -3.21969
-2.58103 -2.31562
-1.24638 -1.17048
-0.108357 -3.84839
-2.57979 -1.70919
-1.4585 -1.57346
-1.78374 -3.02734
-1.54918 0.0589774
0.012862 -3.85447
-2.61203 -0.618322
-1.52105 -2.4205
-2.06915 -0.969263
-1.87951 -1.9551
-1.73895 -0.612644
-1.52529 -3.21421
-2.12466 -1.03155
-1.85793 -1.89007
-1.77534 -0.64594
-1.65624 -3.05313
-1.79538 -0.0378061
-0.439225 -3.14198
-2.22013 -4.11668
-1.15752 0.549825
-1.90168 -5.83221
-1.03049 -3.93179
-1.27716 -4.9996
-1.05686 -4.55048
-1.30569 -4.73281
-0.937864 -4.63801
-1.46013 -4.57546
-0.502745 -4.14149
-2.08088 -3.96921
-1.24784 0.459558
-1.48478 -5.86796
-1.32761 -4.08556
-0.459299 -4.20114
-2.16733 -3.73503
-1.11047 0.232184
-1.79201 -5.81358
-0.982059 -3.99205
-1.38705 -4.9607
-0.880657 -4.51246
-1.53035 -4.58359
-0.447399 -3.83431
-2.14792 -3.94742
-1.16308 0.427421
-1.77388 -5.85838
-1.04343 -4.00119
-1.26359 -4.9772
-1.07096 -4.56267
-1.28715 -4.73489
-0.973669 -4.65456
-1.41477 -4.60203
-0.617543 -4.35625
-1.91578 -4.19039
-1.70644 0.37303
0.0794367 -3.73009
-2.61407 -0.226396
-1.39009 -2.72764
-1.89101 -2.92869
-1.43294 -0.0670286
-0.155559 -4.33304
-2.56763 -1.18644
-1.57748 -1.96233
-2.04 -1.05945
-1.89508 -1.77695
-1.79274 -0.764867
-1.81733 -2.72349
-1.55071 -0.109786
0.0215492 -3.50123
-2.63959 -0.994081
-1.52322 -2.07164
-2.07926 -1.3316
-1.84605 -1.41153
-1.93149 -1.1703
-1.93284 -1.54662
-1.8495 -1.01577
-1.9578 -1.93271
-1.70707 -0.710027
-1.60304 -3.15304
-1.94264 -0.238294
-1.21832 -3.2732
-0.303972 -3.96369
-2.3803 -3.1012
-1.10447 -0.51168
-1.15908 -5.56392
-1.52934 -4.14322
-1.11349 -3.6335
-0.897937 -4.89419
-1.56466 -4.367
-0.827059 -3.61899
-1.64373 -4.95476
-0.519088 -3.89548
-2.03884 -4.17115
-1.42931 0.533706
-0.837905 -5.46646
-2.17402 -3.26507
-1.16584 -0.19258
-1.16305 -5.61546
-1.58644 -4.09586
-1.84809 -3.15014
-1.44985 0.0910557
-0.244252 -4.55792
-2.54136 -1.41284
-1.56848 -1.78189
-2.06076 -1.4268
-1.83122 -1.27726
-1.96427 -1.40619
-1.87491 -1.20372
-1.95324 -1.50446
-1.85282 -1.07813
-1.96414 -1.78445
-1.75709 -0.825774
-1.83733 -2.69571
-1.53623 -0.140102
0.0185185 -3.52067
-2.63782 -1.00098
-1.52461 -2.06797
-2.07847 -1.3234
-1.84803 -1.42076
-1.92821 -1.1557
-1.9355 -1.57307
-1.84012 -0.989488
-1.95407 -2.01339
-1.67953 -0.652406
-1.41251 -3.31074
-1.68864 -3.33291
-1.76889 0.0735418
-0.162193 -3.11634
-2.54686 -2.67273
-1.1398 -0.906219
-0.658346 -5.03652
-2.16185 -3.44235
-1.1353 -0.0296026
-1.45723 -5.77441
-1.23415 -4.13183
-0.788381 -4.69027
-1.6919 -4.3398
-2.03953 -2.65427
-1.41605 -0.416701
-0.0211937 -3.73178
-2.61803 -1.10089
-1.53735 -2.00586
-2.07186 -1.29872
-1.85549 -1.44443
-1.91822 -1.11919
-1.94176 -1.64343
-1.81474 -0.924475
-1.9331 -2.23797
-1.6087 -0.492592
-0.713275 -3.29362
-1.84288 -4.86781
-1.55273 -3.57396
-2.15659 -1.38838
-1.80368 -1.44613
-1.94821 -1.14749
-1.92804 -1.5876
-1.83906 -0.968579
-1.949 -2.06694
-1.6624 -0.612636
-1.26105 -3.36405
-0.298945 -3.73351
-2.36747 -3.27514
-1.05509 -0.344318
-1.52529 -5.73324
-1.09352 -4.13836
-1.18546 -4.92643
-1.16636 -4.57744
-1.14555 -4.75802
-1.20028 -4.66144
-1.10569 -4.71921
-1.24996 -4.66519
-1.01978 -4.69971
-1.35831 -4.61643
-0.763554 -4.53898
-1.70121 -4.39601
-1.9816 -2.85946
-1.38135 -0.21785
-0.192607 -4.38208
-2.55487 -1.41154
-1.55612 -1.78365
-2.06512 -1.5248
-1.80314 -1.1799
-1.98266 -1.64645
-1.79631 -0.963397
-1.94569 -2.18936
-1.6198 -0.536095
-0.874865 -3.34054
-1.54822 -5.12746
-0.703802 -4.27271
-1.76837 -4.44149
-2.16649 -1.90836
-1.64664 -1.02631
-1.85849 -2.72258
-1.50943 -0.145312
0.0163592 -3.65975
-2.62808 -0.863185
-1.53583 -2.18985
-2.06299 -1.06243
-1.88536 -1.78744
-1.79451 -0.748747
-1.80375 -2.7582
-1.55895 -0.0828733
0.0259936 -3.50845
-2.63974 -0.948561
-1.52495 -2.10744
-2.07731 -1.2643
-1.8595 -1.49582
-1.90231 -1.04876
-1.94721 -1.79409
-1.76104 -0.799305
-1.81707 -2.7487
-1.54555 -0.0964634
0.0258204 -3.55205
-2.63665 -0.90513
-1.52865 -2.14565
-2.07281 -1.17936
-1.87344 -1.61075
-1.86014 -0.91342
-1.93131 -2.16162
-1.63676 -0.534135
-0.958904 -3.35625
-1.3272 -5.15961
-1.02644 -4.46081
-1.34381 -4.76138
-0.875047 -4.58854
-1.54124 -4.53195
-0.470057 -3.72598
-2.11524 -4.08177
-1.25587 0.523893
-1.52085 -5.88731
-1.30525 -4.07675
-0.515292 -4.32201
-2.09374 -3.86657
-1.19939 0.385
-1.59805 -5.86963
-1.18068 -4.07301
-0.922335 -4.82207
-1.50488 -4.44455
-0.440483 -3.7528
-2.15819 -3.96007
-1.1564 0.434562
-1.80421 -5.85052
-1.02797 -3.9851
-1.29423 -4.98176
-1.02947 -4.55781
-1.34196 -4.70881
-0.853423 -4.59113
-1.57173 -4.5023
-0.601291 -3.63093
-1.94506 -4.50013
-2.00056 -0.0155822
-0.830669 -3.20789
-1.64077 -5.11888
-0.587814 -4.05906
-1.93599 -4.28976
-1.76265 0.344601
0.0951652 -3.43785
-2.64477 -0.426102
-1.4638 -2.52052
-2.11113 -1.60421
-1.76386 -1.16999
-1.99286 -1.76843
-1.75119 -0.872805
-1.87102 -2.59504
-1.5326 -0.225971
-0.0135759 -3.39775
-2.63619 -1.38592
-1.47466 -1.78321
-1.99269 -2.42135
-1.51628 -0.473806
-0.221419 -3.22749
-2.47633 -3.03867
-1.05985 -0.593676
-1.30469 -5.63002
-1.31584 -4.18834
-0.568459 -4.38983
-2.0123 -4.00888
-1.36644 0.479538
-1.02575 -5.62695
-1.93639 -3.73713
-1.37667 0.358778
-0.83669 -5.43385
-2.13997 -3.37196
-1.16182 -0.0665769
-1.30589 -5.71442
-1.41739 -4.13316
-0.394448 -3.73676
-2.22723 -3.7739
-1.06527 0.235155
-1.95277 -5.73209
-0.965589 -3.88629
-1.40736 -4.99459
-0.860612 -4.48458
-1.5561 -4.57419
-0.479491 -3.72587
-2.10157 -4.11472
-1.29265 0.539264
-1.39371 -5.85578
-1.46422 -4.06671
-0.673051 -3.57671
-1.86143 -4.68412
-2.13979 -2.21675
-1.54215 -0.804297
-1.0341 -3.40028
-1.08532 -5.06983
-1.32395 -4.43353
-0.729626 -4.5535
-1.76028 -4.3222
-2.18324 -1.20581
-1.82238 -1.69937
-1.86398 -0.80974
-1.88572 -2.4148
-1.57665 -0.338776
-0.24991 -3.19534
-2.44624 -3.21792
-1.02062 -0.4189
-1.61255 -5.72397
-0.990329 -4.10869
-1.38244 -4.9141
-0.869677 -4.52531
-1.54521 -4.56234
-0.464922 -3.74864
-2.122 -4.05395
-1.23338 0.507647
-1.59024 -5.89259
-1.22441 -4.06708
-0.775568 -4.69121
-1.71477 -4.31571
-2.15064 -2.02103
-1.61128 -0.932309
-1.64643 -3.14706
-1.83192 -0.0514158
-0.571509 -3.17372
-2.05033 -4.54337
-1.82457 0.34567
0.0663107 -3.25075
-2.66333 -0.812736
-1.50382 -2.18465
-2.0897 -1.37945
-1.83163 -1.36722
-1.94902 -1.24887
-1.91501 -1.41774
-1.8943 -1.16104
-1.94885 -1.57354
-1.83391 -1.00005
-1.95712 -2.00036
-1.68292 -0.664528
-1.44825 -3.29057
-1.99537 -2.68013
-1.4277 -0.338499
-0.0222038 -3.80118
-2.61431 -1.01183
-1.54673 -2.0807
-2.05958 -1.11144
-1.88496 -1.70385
-1.82326 -0.823954
-1.88279 -2.47723
-1.55888 -0.301773
-0.136633 -3.23193
-2.56282 -2.4608
-1.20863 -1.06787
-0.239012 -4.3102
-2.51589 -2.01805
-1.42257 -1.35532
-1.23091 -3.45385
-0.344624 -4.06191
-2.33361 -3.25337
-1.08207 -0.347338
-1.40467 -5.70673
-1.23293 -4.16377
-0.81405 -4.70849
-1.6526 -4.37083
-1.67942 -3.42035
-1.82071 0.0406074
-0.346416 -3.1084
-2.33982 -3.73265
-0.988073 0.154733
-2.13852 -5.53375
-1.36686 -3.75996
-0.457183 -3.57407
-2.14274 -4.09106
-1.22687 0.530094
-1.63723 -5.89814
-1.1841 -4.05348
-0.899967 -4.80924
-1.53675 -4.42616
-0.541725 -3.63757
-2.0219 -4.34037
-1.62368 0.490189
-0.13058 -4.42729
-2.56654 -0.704259
-1.56127 -2.40325
-2.00745 -0.675164
-1.8061 -2.55466
-1.60348 -0.191279
-0.123696 -3.21239
-2.57534 -2.37223
-1.23043 -1.13091
-0.147074 -4.03615
-2.56152 -1.74818
-1.46624 -1.54547
-1.79501 -3.00074
-1.53449 0.0430486
-0.00105743 -3.90801
-2.60787 -0.654138
-1.52983 -2.39547
-2.05798 -0.910486
-1.87693 -2.05975
-1.70347 -0.538459
-1.26702 -3.34918
-0.307998 -3.68048
-2.35284 -3.3634
-1.03894 -0.250708
-1.66667 -5.74977
-0.970232 -4.07396
-1.41373 -4.91519
-0.814224 -4.4829
-1.61922 -4.51098
-0.897875 -3.64055
-1.51934 -5.03813
-0.697338 -4.30752
-1.77961 -4.40944
-2.1886 -1.45778
-1.77524 -1.41849
-1.97134 -1.23087
-1.90841 -1.45504
-1.88766 -1.11004
-1.95352 -1.67816
-1.798 -0.903633
-1.91935 -2.34195
-1.57992 -0.417917
-0.405367 -3.20957
-2.25235 -3.97739
-1.07656 0.42945
-2.06558 -5.68147
-1.13299 -3.83551
-0.94302 -4.89008
-1.48917 -4.42389
-0.426504 -3.79176
-2.17931 -3.88474
-1.11744 0.36303
-1.87871 -5.8042
-0.983089 -3.94005
-1.37938 -4.98312
-0.901631 -4.5146
-1.50325 -4.60769
-0.461571 -3.98743
-2.13291 -3.91467
-1.1694 0.40644
-1.73163 -5.8641
-1.06677 -4.0222
-1.21508 -4.96714
-1.13367 -4.56197
-1.19583 -4.7618
-1.1303 -4.67206
-1.21307 -4.70362
-1.09348 -4.6993
-1.26462 -4.66997
-0.993755 -4.68821
-1.3907 -4.60056
-0.674142 -4.43821
-1.8326 -4.27895
-2.01983 -0.136757
-1.10322 -3.2506
-0.719004 -4.77749
-1.85762 -4.11411
-1.78151 0.273265
0.0488804 -3.26024
-2.66093 -0.953266
-1.50358 -2.07994
-2.08698 -1.52576
-1.7951 -1.20833
-1.98518 -1.60144
-1.80979 -1.00817
-1.96076 -2.03653
-1.66823 -0.646255
-1.35644 -3.33806
-0.968363 -3.56916
-1.3493 -5.10598
-0.983426 -4.48451
-1.40026 -4.71162
-0.726826 -4.46881
-1.74976 -4.37187
-2.17656 -1.73917
-1.70017 -1.15857
-1.99006 -2.05028
-1.65132 -0.676543
-1.34838 -3.34679
-0.859138 -3.55062
-1.58973 -5.02893
-0.590292 -4.12967
-1.93481 -4.25849
-1.7308 0.369555
0.0942598 -3.61393
-2.62492 -0.249235
-1.40321 -2.69057
-1.97398 -2.67636
-1.44002 -0.310549
-0.0147993 -3.772
-2.61713 -0.988281
-1.54499 -2.09762
-2.06001 -1.10264
-1.88527 -1.71846
-1.81817 -0.810381
-1.87152 -2.52705
-1.55204 -0.262832
-0.0756744 -3.28034
-2.60878 -1.97339
-1.34122 -1.3986
-0.567433 -3.34972
-2.02713 -4.49295
-1.80364 0.357424
0.0866449 -3.32622
-2.65667 -0.590362
-1.49186 -2.36973
-2.0987 -1.32118
-1.84049 -1.44799
-1.92582 -1.11887
-1.93882 -1.64189
-1.81658 -0.923299
-1.9329 -2.236
-1.6095 -0.493443
-0.719519 -3.29546
-1.83348 -4.88075
-1.43684 -3.63787
-1.3808 -3.57009
-0.846731 -3.56277
-1.61212 -5.00708
-0.554484 -4.04676
-1.98711 -4.20258
-1.55533 0.487863
-0.321978 -4.78585
-2.52384 -1.42121
-1.58259 -1.77273
-2.05366 -1.3392
-1.85448 -1.37247
-1.93569 -1.22648
-1.92421 -1.45063
-1.88125 -1.12266
-1.95567 -1.65766
-1.80388 -0.924455
-1.93101 -2.26896
-1.59886 -0.472634
-0.615601 -3.26385
-1.97967 -4.6431
-2.10431 -0.333317
-1.46476 -3.09243
-2.12034 -1.89644
-1.66473 -0.963562
-1.83256 -2.77936
-1.52212 -0.0921562
0.0201538 -3.69177
-2.6259 -0.789113
-1.5342 -2.25449
-2.06048 -1.00415
-1.88553 -1.88702
-1.75952 -0.668186
-1.65896 -3.05746
-1.78954 -0.0304739
-0.407097 -3.13483
-2.2611 -3.99287
-1.07397 0.443415
-2.08402 -5.66618
-1.17396 -3.82657
-0.788829 -4.75439
-1.71096 -4.29424
-2.15782 -1.94339
-1.63697 -0.990795
-1.80125 -2.87361
-1.54159 -0.0226525
0.0253628 -3.72191
-2.62348 -0.703369
-1.5278 -2.33046
-2.06399 -0.983917
-1.88286 -1.9255
-1.74746 -0.637038
-1.58676 -3.15228
-1.98349 -0.339724
-1.43863 -3.17273
-2.01307 -2.59648
-1.44698 -0.409659
-0.0154802 -3.54737
-2.6282 -1.26862
-1.50551 -1.87143
-2.06655 -1.86174
-1.69327 -0.906044
-1.82634 -2.77468
-1.52983 -0.0897345
0.0238969 -3.65179
-2.62915 -0.8071
-1.53277 -2.23524
-2.06346 -1.03691
-1.8852 -1.83139
-1.77929 -0.711887
-1.74707 -2.8975
-1.61705 0.00170916
0.0244601 -3.39187
-2.6474 -1.06642
-1.50995 -2.00828
-2.08268 -1.56679
-1.78474 -1.16343
-1.98766 -1.7256
-1.7679 -0.900772
-1.90365 -2.45366
-1.5522 -0.338423
-0.162973 -3.22434
-2.53842 -2.65179
-1.15642 -0.924089
-0.56108 -4.90492
-2.26943 -3.1464
-1.15103 -0.390153
-1.04255 -5.49945
-1.71878 -4.03565
-2.08749 -0.462054
-1.61781 -2.92436
-1.87402 -0.178565
-0.970057 -3.28482
-1.27307 -5.16714
-1.09754 -4.45404
-1.23928 -4.80432
-1.07281 -4.65067
-1.28892 -4.68573
-0.952254 -4.66317
-1.44272 -4.57539
-0.536141 -4.21845
-2.03464 -4.03443
-1.34472 0.493721
-1.13181 -5.70878
-1.79961 -3.89387
-1.75201 0.245896
0.0547088 -3.30386
-2.65817 -0.87536
-1.50875 -2.14311
-2.08692 -1.37957
-1.83267 -1.36357
-1.94918 -1.25404
-1.91408 -1.40967
-1.89679 -1.17148
-1.94703 -1.55263
-1.84118 -1.0204
-1.96007 -1.93682
-1.70462 -0.710014
-1.59638 -3.16145
-1.96146 -0.279737
-1.31855 -3.24216
-0.677649 -3.51049
-1.8643 -4.71711
-2.10086 -2.45104
-1.4663 -0.618869
-0.21954 -3.25447
-2.47654 -3.02004
-1.06653 -0.611034
-1.25941 -5.60601
-1.37296 -4.18563
-0.422725 -4.06627
-2.2066 -3.68327
-1.0798 0.156954
-1.83989 -5.77991
-0.943059 -3.96064
-1.45359 -4.94436
-0.756954 -4.41729
-1.69768 -4.45775
-1.79971 -3.2677
-1.52273 0.164774
-0.0990855 -4.25854
-2.57977 -0.839211
-1.57174 -2.26246
-2.0064 -0.734349
-1.8392 -2.42594
-1.60872 -0.286544
-0.284926 -3.18147
-2.40594 -3.41709
-0.991531 -0.207553
-1.87813 -5.68621
-0.863644 -3.91983
-1.57609 -4.87286
-0.519054 -4.02767
-2.04245 -4.10156
-1.373 0.519687
-1.04741 -5.65134
-1.91892 -3.75691
-1.41248 0.368291
-0.700847 -5.28826
-2.28221 -2.95129
-1.2124 -0.554832
-0.586302 -4.99438
-2.27895 -3.07642
-1.16956 -0.45589
-0.889391 -5.35621
-1.92377 -3.8362
-1.43534 0.398565
-0.646527 -5.22926
-2.33439 -2.74176
-1.26672 -0.755171
-0.19967 -4.28025
-2.54346 -1.72747
-1.49023 -1.55537
-1.90297 -2.72562
-1.47134 -0.191872
-0.00656787 -3.80295
-2.61617 -0.869897
-1.54593 -2.1977
-2.05038 -0.972615
-1.88772 -1.93889
-1.73987 -0.631405
-1.55949 -3.18325
-2.05579 -0.582786
-1.73253 -2.72185
-1.66199 -0.0837062
-0.135268 -3.17541
-2.56752 -2.46871
-1.20053 -1.06143
-0.272938 -4.3883
-2.49655 -2.14066
-1.39536 -1.26806
-0.835953 -3.40631
-1.63212 -5.05379
-0.561547 -4.03032
-1.97556 -4.232
-1.60826 0.464516
-0.145068 -4.45068
-2.56491 -0.77582
-1.57429 -2.33664
-1.9927 -0.653723
-1.79401 -2.61125
-1.60252 -0.153895
-0.0773727 -3.24298
-2.60954 -2.00465
-1.3294 -1.37784
-0.448658 -3.32937
-2.1807 -4.12291
-1.20064 0.551613
-1.75387 -5.88868
-1.09265 -4.00903
-1.14643 -4.95638
-1.22013 -4.54228
-1.03811 -4.75244
-1.33798 -4.59912
-0.801738 -4.58208
-1.64753 -4.43282
-1.42229 -3.60647
-1.27104 -3.59348
-0.326958 -3.92422
-2.34148 -3.28728
-1.06723 -0.319949
-1.49296 -5.73263
-1.13388 -4.14583
-1.0907 -4.89902
-1.28409 -4.54587
-0.900353 -4.67901
-1.5141 -4.50837
-0.439306 -3.79947
-2.15987 -3.93305
-1.14694 0.411978
-1.81772 -5.8411
-1.01515 -3.97752
-1.3201 -4.98185
-0.992269 -4.55088
-1.38923 -4.68131
-0.732349 -4.48489
-1.74319 -4.37248
-2.16707 -1.87164
-1.65919 -1.0512
-1.90078 -2.57733
-1.51544 -0.268866
-0.0168421 -3.41179
-2.63423 -1.40271
-1.47349 -1.77243
-1.9846 -2.45832
-1.50694 -0.442638
-0.147534 -3.25772
-2.55136 -2.5308
-1.19235 -1.01664
-0.331232 -4.51539
-2.46117 -2.34249
-1.34681 -1.11944
-0.264312 -3.31734
-2.41945 -3.27367
-1.02187 -0.360352
-1.65129 -5.73166
-0.964059 -4.08648
-1.42427 -4.9041
-0.789272 -4.46516
-1.65374 -4.48326
-1.30727 -3.6435
-0.330038 -3.73574
-2.32291 -3.45241
-1.03545 -0.146517
-1.76146 -5.74911
-0.917331 -4.01319
-1.49538 -4.89364
-0.650557 -4.30371
-1.85253 -4.30964
-2.00156 -0.0751552
-0.958375 -3.23985
-1.30009 -5.18251
-1.06693 -4.44794
-1.28584 -4.79434
-0.995024 -4.63839
-1.38723 -4.63188
-0.704263 -4.46717
-1.78664 -4.32703
-2.15923 -0.825506
-1.8126 -2.26844
-1.68093 -0.357721
-0.75028 -3.28352
-1.78724 -4.94919
-0.907904 -3.68792
-1.50264 -5.02901
-0.719126 -4.33906
-1.74878 -4.43415
-2.12744 -2.23307
-1.53964 -0.776525
-0.955235 -3.38599
-1.34517 -5.15368
-1.00155 -4.46159
-1.37691 -4.74088
-0.795778 -4.53089
-1.65006 -4.45467
-1.37114 -3.62571
-0.654661 -3.53714
-1.89001 -4.657
-2.19828 -1.50786
-1.75916 -1.38395
-1.98639 -1.32428
-1.88477 -1.32782
-1.92967 -1.28744
-1.91667 -1.35218
-1.90927 -1.25238
-1.93183 -1.40658
-1.88924 -1.18305
-1.94916 -1.53465
-1.84568 -1.04147
-1.96237 -1.87914
-1.72436 -0.752839
-1.70621 -3.00399
-1.68545 0.0269594
-0.0494691 -3.21074
-2.62897 -1.79613
-1.37521 -1.51052
-1.04719 -3.46511
-1.06428 -5.04526
-1.3476 -4.43428
-0.664889 -4.47277
-1.85588 -4.23219
-1.90764 0.117159
-0.387723 -3.08727
-2.29227 -3.91695
-1.03308 0.364161
-2.14892 -5.5727
-1.3772 -3.76536
-0.510486 -3.55595
-2.07213 -4.27341
-1.4592 0.564381
-0.759086 -5.38978
-2.25981 -3.00183
-1.20484 -0.493732
-0.679479 -5.12268
-2.18551 -3.34581
-1.13997 -0.13754
-1.33467 -5.71546
-1.36382 -4.14531
-0.416896 -4.06303
-2.21591 -3.65744
-1.07415 0.12543
-1.83445 -5.77589
-0.937805 -3.96381
-1.46248 -4.93801
-0.737385 -4.39878
-1.72551 -4.43386
-2.03691 -2.67824
-1.40909 -0.399536
-0.0304534 -3.81269
-2.61218 -1.06841
-1.54562 -2.03618
-2.06389 -1.18271
-1.87677 -1.59715
-1.86253 -0.929533
-1.93625 -2.11747
-1.65015 -0.566276
-1.10074 -3.37364
-0.799342 -4.84688
-1.72787 -4.24147
-2.18128 -1.26606
-1.81558 -1.62075
-1.89332 -0.899811
-1.92406 -2.14095
-1.64783 -0.537602
-1.0226 -3.36498
-1.11401 -5.09191
-1.28923 -4.438
-0.827112 -4.6519
-1.61917 -4.42795
-1.1527 -3.65392
-0.75527 -4.75063
-1.77304 -4.22856
-2.11412 -0.53636
-1.68066 -2.78866
-1.74257 -0.0854753
-0.378112 -3.14415
-2.29572 -3.87136
-1.02373 0.31513
-2.14224 -5.56881
-1.35695 -3.77034
-0.405247 -3.6134
-2.21356 -3.87598
-1.08637 0.341575
-1.9662 -5.74587
-0.994882 -3.88392
-1.34713 -5.0102
-0.960138 -4.52749
-1.42946 -4.66414
-0.628561 -4.35349
-1.89614 -4.22239
-1.7896 0.29351
0.0566391 -3.26728
-2.66125 -0.883514
-1.50565 -2.13284
-2.08812 -1.42724
-1.82088 -1.31147
-1.96447 -1.35552
-1.8871 -1.26992
-1.93908 -1.38116
-1.89222 -1.22052
-1.94387 -1.46502
-1.86822 -1.11685
-1.96042 -1.68181
-1.7938 -0.907479
-1.9199 -2.34507
-1.57854 -0.416884
-0.396908 -3.20833
-2.26321 -3.94314
-1.05967 0.394491
-2.09133 -5.64678
-1.18878 -3.81963
-0.728021 -4.68865
-1.80203 -4.21776
-2.03636 -0.206614
-1.24732 -3.23166
-0.289514 -3.70296
-2.37937 -3.23963
-1.05863 -0.383545
-1.47827 -5.71926
-1.13902 -4.15379
-1.08066 -4.89288
-1.29626 -4.54299
-0.87003 -4.65757
-1.55505 -4.4839
-0.55021 -3.64396
-2.00996 -4.36213
-1.67417 0.455933
0.00248146 -4.0824
-2.58671 -0.303802
-1.42108 -2.72349
-2.04813 -2.35484
-1.51901 -0.590593
-0.429 -3.23784
-2.21845 -4.06585
-1.13586 0.510581
-1.94043 -5.80076
-1.02359 -3.90787
-1.2877 -5.00716
-1.04403 -4.54584
-1.32262 -4.7266
-0.901894 -4.61919
-1.50674 -4.54637
-0.439531 -3.88509
-2.16179 -3.88767
-1.1342 0.372776
-1.82842 -5.82893
-1.00001 -3.97103
-1.35002 -4.979
-0.946449 -4.53753
-1.44664 -4.64419
-0.576732 -4.27376
-1.97279 -4.12857
-1.52078 0.479886
-0.42752 -4.94997
-2.48267 -1.84295
-1.50917 -1.45035
-1.88356 -2.76356
-1.47708 -0.149322
-0.0113098 -3.85423
-2.61225 -0.833344
-1.54743 -2.23338
-2.04515 -0.922258
-1.884 -2.03234
-1.70884 -0.563104
-1.33871 -3.32957
-0.77626 -3.5337
-1.72691 -4.9052
-0.696503 -3.67981
-1.81869 -4.69541
-1.94664 -2.99435
-1.37175 -0.0931819
-0.340154 -4.69579
-2.49648 -1.90347
-1.47836 -1.41903
-1.71975 -3.1186
-1.66261 0.0789867
0.027265 -3.34106
-2.65141 -1.08141
-1.50418 -1.99326
-2.08139 -1.65637
-1.75768 -1.0826
-1.97873 -2.00601
-1.67187 -0.688666
-1.45424 -3.29132
-2.02655 -2.55797
-1.45445 -0.45018
-0.0361633 -3.44457
-2.6245 -1.54026
-1.45333 -1.68158
-1.85461 -2.88625
-1.47721 -0.0544675
-0.0533886 -4.05907
-2.59555 -0.850156
-1.56112 -2.2368
-2.02562 -0.824074
-1.8692 -2.22814
-1.64997 -0.426666
-0.76948 -3.29935
-1.75457 -4.98135
-0.697433 -3.69415
-1.81578 -4.69179
-1.9398 -3.01116
-1.37361 -0.0749538
-0.351323 -4.71845
-2.49166 -1.93624
-1.47155 -1.39511
-1.65186 -3.21128
-1.8312 -0.0316775
-0.525641 -3.15789
-2.11037 -4.4092
-1.5358 0.579084
-0.494833 -5.06749
-2.45617 -2.02384
-1.46943 -1.3155
-1.5254 -3.3287
-2.14255 -1.22712
-1.83794 -1.62184
-1.87814 -0.894998
-1.9241 -2.17536
-1.63555 -0.517386
-0.912974 -3.34579
-1.45533 -5.15612
-0.851928 -4.40148
-1.56708 -4.60971
-0.484153 -3.73154
-2.09458 -4.12837
-1.31085 0.543911
-1.32669 -5.82936
-1.5526 -4.0428
-1.66996 -3.40577
-1.84061 0.0104263
-0.45883 -3.13249
-2.19738 -4.18947
-1.22175 0.593981
-1.71847 -5.90407
-1.13215 -4.02278
-1.04291 -4.91056
-1.34842 -4.50392
-0.713131 -4.51512
-1.78056 -4.31397
-2.16015 -0.84147
-1.81628 -2.24078
-1.68658 -0.376846
-0.82104 -3.3044
-1.66111 -5.06965
-0.55201 -3.9636
-1.98914 -4.2382
-1.58499 0.482133
-0.225912 -4.61557
-2.5494 -1.05752
-1.60144 -2.08196
-1.99174 -0.773009
-1.86042 -2.34742
-1.61652 -0.349655
-0.437569 -3.20373
-2.21263 -4.10295
-1.15796 0.539301
-1.89108 -5.83554
-1.0284 -3.93756
-1.28327 -4.99777
-1.04815 -4.55109
-1.31734 -4.72652
-0.912438 -4.6258
-1.493 -4.55464
-0.448272 -3.96045
-2.15241 -3.87762
-1.14105 0.368122
-1.79994 -5.83837
-1.01226 -3.98744
-1.32773 -4.97725
-0.979759 -4.54981
-1.40494 -4.6703
-0.688819 -4.43588
-1.80728 -4.31397
-2.11313 -0.500752
-1.65016 -2.84999
-1.80056 -0.110222
-0.614886 -3.19926
-1.9907 -4.65723
-2.10103 -0.312274
-1.43607 -3.11669
-2.02623 -2.53293
-1.46329 -0.463163
-0.0568554 -3.38556
-2.61604 -1.75791
-1.40289 -1.53866
-1.34832 -3.44405
-0.711909 -3.53049
-1.81706 -4.78254
-1.66568 -3.47088
-1.87787 -0.0279476
-0.634661 -3.18155
-1.96741 -4.71335
-2.18544 -0.8777
-1.81151 -2.1948
-1.70568 -0.402938
-0.965689 -3.33654
-1.30113 -5.16092
-1.06023 -4.46058
-1.29651 -4.78404
-0.973231 -4.63454
-1.4146 -4.61367
-0.626382 -4.36627
-1.90216 -4.20769
-1.75851 0.325458
0.0900402 -3.41689
-2.64764 -0.487956
-1.47786 -2.46693
-2.10802 -1.42915
-1.81298 -1.33576
-1.9647 -1.32148
-1.89453 -1.31693
-1.92715 -1.30338
-1.91474 -1.32721
-1.91557 -1.28872
-1.92277 -1.3479
-1.90739 -1.26023
-1.93142 -1.39372
-1.89264 -1.19993
-1.94607 -1.50192
-1.85675 -1.07539
-1.96284 -1.78493
-1.75748 -0.823901
-1.83605 -2.69909
-1.53669 -0.137236
0.0190814 -3.52345
-2.63773 -0.993299
-1.5251 -2.07411
-2.07804 -1.30976
-1.85091 -1.43742
-1.92254 -1.13039
-1.93953 -1.62088


