-1.01197 -4.0937
2.22116 0.132234
-0.586089 -4.43597
2.13671 0.893637
-0.029513 -4.61919
1.9063 1.71481
0.179455 -2.578
-0.378226 -0.756391
-0.0326114 -1.92871
-0.641301 -1.89342
-0.360942 -1.82269
-0.521468 -1.92899
-0.410847 -1.77206
-0.512754 -2.00617
-0.385894 -1.65964
-0.548605 -2.19947
-0.284165 -1.38507
-0.566154 -2.78256
0.104995 -0.395376
1.75606 -0.723908
0.0529186 -2.49544
-0.366577 -0.853374
-0.167467 -2.51088
-0.255119 -0.823356
-0.0463949 -2.03427
-0.591052 -1.66132
-0.446536 -2.1518
-0.351355 -1.43437
-0.56307 -2.62327
-0.0231629 -0.698501
0.940168 0.264196
1.35546 -1.95595
-0.504954 -3.92206
1.49112 1.55692
0.934675 -0.915379
1.50651 -0.0463037
1.23642 -0.244052
1.46254 -0.778526
0.940131 -0.102567
1.46584 -1.67613
-0.204606 -3.91752
1.18815 1.54951
1.00563 -1.50658
0.072122 -1.9378
-0.688979 -1.99447
-0.298063 -1.66892
-0.586122 -2.2225
-0.255048 -1.35265
-0.555794 -2.87718
0.183053 -0.211007
1.70847 -1.7262
-0.584454 -4.01964
1.71473 1.4862
0.636308 -1.04332
1.23401 0.330176
1.34283 -1.19194
0.538775 -0.645589
1.68501 -0.719212
0.241098 -1.58845
-0.595752 -3.24716
0.633992 0.639237
1.2867 -2.77429
-0.933829 -1.51515
-0.197539 -1.87662
-0.579828 -1.88055
-0.398176 -1.84483
-0.497235 -1.89019
-0.435859 -1.82591
-0.485572 -1.91944
-0.431225 -1.78171
-0.500542 -1.98893
-0.398325 -1.68258
-0.538943 -2.15645
-0.309047 -1.4469
-0.578063 -2.63971
-0.00264313 -0.66266
1.15092 0.43734
1.31299 -1.46856
0.0338307 -2.25408
-0.51637 -1.28226
-0.469711 -2.71529
-0.00051858 -0.55297
1.50742 0.372328
1.22192 -0.448686
1.48447 -0.561663
1.09353 -0.0475129
1.44155 -1.36327
0.0387938 -2.30124
-0.48987 -1.19615
-0.445211 -2.83624
0.0849104 -0.33662
1.76288 -0.944637
-0.0439592 -3.34522
0.391696 0.572184
1.40545 -3.14982
-0.715159 -0.589038
0.206197 -1.02102
0.274865 -1.03919
0.398323 -0.730311
1.62952 -0.061974
0.947277 -0.262912
1.51255 -1.46519
-0.0913866 -3.36731
0.435861 0.614843
1.37081 -3.11328
-0.732899 -0.667977
0.0550642 -1.46957
-0.581036 -3.13987
0.483711 0.382347
1.42141 -2.88916
-0.912396 -1.22856
-0.199099 -2.06188
-0.501586 -1.54619
-0.506452 -2.34491
-0.227036 -1.1617
-0.414389 -3.1435
0.360734 0.256951
1.50974 -2.87953
-0.938417 -1.23336
-0.169904 -1.95849
-0.561994 -1.73921
-0.446558 -2.04584
-0.399241 -1.58949
-0.55103 -2.31525
-0.223578 -1.21132
-0.457337 -3.11806
0.360493 0.227251
1.51773 -2.84011
-0.961494 -1.33159
-0.157301 -1.86015
-0.604347 -1.93536
-0.367121 -1.76756
-0.53435 -2.02034
-0.370163 -1.64253
-0.558235 -2.23531
-0.262005 -1.33273
-0.54543 -2.90332
0.200755 -0.164247
1.68756 -1.91609
-0.786431 -3.69389
1.56513 1.41448
0.913298 -0.788548
1.58416 -0.397388
0.92083 -0.210239
1.50021 -1.58772
-0.154127 -3.7871
0.974262 1.36201
1.0397 -2.02438
-0.61098 -3.6561
1.24107 1.38386
1.05888 -1.35504
0.482345 -0.689455
1.67841 -0.437954
0.537082 -0.812502
1.60073 -0.0495309
1.03436 -0.211325
1.4891 -1.34441
0.00400396 -2.54372
-0.307126 -0.762083
0.0223216 -1.7401
-0.698582 -2.41041
-0.0849434 -1.00518
-0.166456 -2.67409
-0.142954 -0.569137
1.12923 0.45057
1.30807 -1.5332
-0.0387623 -2.69841
-0.174778 -0.510453
1.27031 0.513171
1.2969 -1.14663
0.742833 -0.266677
1.54731 -1.77319
-0.396563 -4.07959
1.58708 1.62354
0.814939 -0.914675
1.53496 -0.0339674
1.18794 -0.214514
1.47021 -0.946689
0.669023 -0.448771
1.62199 -1.43284
-0.135985 -3.84547
1.03829 1.4433
1.02242 -1.86584
-0.364719 -3.82525
1.20244 1.47729
1.02875 -1.46165
0.179453 -1.52573
-0.568582 -3.25861
0.619986 0.630914
1.29354 -2.79936
-0.923472 -1.4474
-0.211007 -1.95799
-0.54244 -1.7255
-0.459825 -2.06735
-0.384168 -1.5608
-0.559288 -2.37287
-0.187576 -1.12172
-0.358712 -3.16237
0.348887 0.27275
1.51073 -2.90735
-0.922261 -1.16229
-0.170504 -2.00391
-0.542189 -1.65556
-0.47355 -2.16957
-0.33152 -1.41507
-0.564756 -2.67674
0.0179668 -0.599616
1.41754 0.444076
1.27995 -0.699312
1.3799 -0.0803712
1.37697 -0.514929
1.33324 -0.12553
1.40906 -0.612307
1.22911 -0.0170737
1.4237 -1.00916
0.701112 -0.376919
1.59216 -1.59091
-0.230436 -4.05752
1.40044 1.67346
0.942365 -1.09318
1.25 0.239534
1.36394 -1.10495
0.676978 -0.394007
1.60354 -1.56448
-0.217538 -4.04896
1.37768 1.66982
0.951167 -1.13052
1.16491 0.229415
1.36816 -1.34821
0.162328 -1.70432
-0.708387 -2.77403
0.210281 -0.267181
1.71517 -1.5756
-0.401862 -4.17042
1.70847 1.5957
0.618345 -1.10969
0.991799 0.202419
1.37265 -1.79728
-0.282385 -3.96711
1.32361 1.60575
0.984665 -1.21329
0.939054 0.0694064
1.41394 -1.8354
-0.357741 -4.01713
1.46423 1.62831
0.92755 -0.980714
1.44058 0.102987
1.31569 -0.472653
1.41673 -0.296304
1.33477 -0.244484
1.41566 -0.498507
1.27878 -0.0839107
1.42556 -0.808512
1.00631 -0.0339066
1.44125 -1.59358
-0.130671 -3.59035
0.7095 1.02608
1.14658 -2.67096
-0.929616 -1.71861
-0.175199 -1.69209
-0.633762 -2.2684
-0.206922 -1.27615
-0.505641 -3.06486
0.336363 0.146883
1.54885 -2.72978
-1.01632 -1.60683
-0.072924 -1.46792
-0.612761 -2.91384
0.261318 -0.0834559
1.64032 -2.22595
-1.0095 -2.96096
0.988749 0.942883
1.16057 -1.98052
-0.5102 -3.82846
1.3646 1.51018
1.00877 -1.10204
1.20734 0.217448
1.37109 -1.21991
0.413064 -0.940274
1.19012 0.37245
1.33183 -1.33561
0.243376 -1.40663
-0.364839 -3.43595
0.669974 0.828046
1.21698 -2.74165
-0.925002 -1.56847
-0.203879 -1.86061
-0.582261 -1.90786
-0.387991 -1.80635
-0.513829 -1.95285
-0.405832 -1.7367
-0.524007 -2.06456
-0.356736 -1.57745
-0.570136 -2.3585
-0.190581 -1.14393
-0.382397 -3.17179
0.372096 0.300447
1.49306 -2.92537
-0.907567 -1.12315
-0.174373 -2.04314
-0.522304 -1.58411
-0.493244 -2.28033
-0.267578 -1.25663
-0.499896 -3.01392
0.27939 0.0356443
1.60031 -2.51937
-1.06948 -2.15092
0.260212 -0.440149
1.73483 -0.989687
-0.0373261 -3.20485
0.249996 0.325694
1.54249 -3.02579
-0.84984 -0.861147
-0.0863791 -1.87175
-0.634154 -1.96608
-0.340218 -1.72226
-0.557629 -2.1059
-0.323236 -1.52253
-0.583176 -2.48346
-0.108544 -0.937667
-0.092136 -2.30078
-0.421722 -1.15608
-0.435167 -2.94416
0.174601 -0.134018
1.68816 -1.97214
-0.84822 -3.55749
1.48349 1.3783
1.00025 -0.847519
1.52546 -0.182681
1.1784 -0.156221
1.46035 -1.03333
0.547849 -0.669206
1.68072 -0.640358
0.334719 -1.29603
-0.14804 -2.81684
-0.0430401 -0.338289
1.76095 -0.470343
0.203764 -1.78762
-0.73662 -2.62858
0.106529 -0.537404
1.66546 -0.0163633
0.846835 -0.372294
1.55958 -1.45675
-0.110193 -3.6009
0.710428 1.0398
1.14215 -2.66943
-0.92858 -1.7189
-0.176364 -1.69485
-0.632997 -2.26143
-0.210981 -1.28725
-0.514529 -3.04365
0.320163 0.108284
1.5654 -2.66662
-1.03957 -1.76758
0.00377075 -1.18857
-0.306923 -3.22702
0.389766 0.384975
1.46161 -3.00036
-0.849934 -0.944253
-0.146885 -2.06145
-0.526937 -1.5594
-0.493015 -2.31588
-0.248665 -1.20341
-0.457028 -3.09643
0.337197 0.181948
1.53941 -2.78504
-0.992038 -1.46441
-0.121808 -1.67914
-0.654445 -2.35385
-0.147955 -1.13092
-0.346907 -3.18071
0.361794 0.305387
1.49631 -2.93898
-0.899639 -1.08809
-0.169917 -2.04978
-0.52131 -1.57353
-0.494724 -2.29654
-0.258363 -1.23273
-0.481806 -3.05514
0.309908 0.110469
1.56893 -2.67111
-1.0389 -1.75176
-0.00207547 -1.2104
-0.336394 -3.26647
0.449061 0.473033
1.40877 -3.00497
-0.831374 -0.934629
-0.157192 -2.11325
-0.496038 -1.46531
-0.50955 -2.47173
-0.15105 -0.963623
-0.167231 -2.63929
-0.167434 -0.62376
0.825128 0.14396
1.40175 -2.13629
-0.785614 -3.5195
1.31271 1.34569
1.06887 -1.17731
0.996125 0.0996605
1.40264 -1.72292
-0.214119 -3.89029
1.15879 1.51904
1.01272 -1.57316
-0.0399406 -2.52155
-0.301899 -0.795432
-0.0400359 -1.98917
-0.614236 -1.75825
-0.413902 -2.01308
-0.427392 -1.63187
-0.53358 -2.23273
-0.274567 -1.3341
-0.545421 -2.88523
0.183708 -0.201454
1.70534 -1.76122
-0.624429 -3.96915
1.69896 1.47038
0.674949 -0.97969
1.41908 0.247086
1.3139 -0.608894
1.38052 -0.135152
1.37939 -0.469662
1.34509 -0.16405
1.40538 -0.544529
1.27506 -0.0622121
1.423 -0.837475
0.975893 -0.0525739
1.44831 -1.6475
-0.170495 -3.80206
1.00587 1.38891
1.03486 -1.94522
-0.486535 -3.79129
1.28303 1.47503
1.03065 -1.27063
0.754506 -0.175851
1.51543 -1.90659
-0.553191 -3.95301
1.5907 1.53751
0.840097 -0.859711
1.57322 -0.204975
1.0572 -0.15971
1.47345 -1.34796
0.0179599 -2.44358
-0.384313 -0.93378
-0.256521 -2.8294
0.00471988 -0.339778
1.7669 -0.645322
0.0752785 -2.37658
-0.461438 -1.07456
-0.379558 -2.93467
0.139629 -0.162713
1.71002 -1.81324
-0.69869 -3.86512
1.66206 1.44278
0.756951 -0.870679
1.57739 -0.135841
1.07059 -0.174022
1.47613 -1.29958
0.0682392 -2.16711
-0.586721 -1.47858
-0.464645 -2.40654
-0.209096 -1.06024
-0.307653 -3.08362
0.244859 0.108536
1.59537 -2.65943
-1.04642 -1.75738
0.0142045 -1.16425
-0.271332 -3.1541
0.297387 0.237317
1.54237 -2.88235
-0.942622 -1.21038
-0.159219 -1.93489
-0.576688 -1.78855
-0.426647 -1.97466
-0.437382 -1.69158
-0.518887 -2.13235
-0.329218 -1.4787
-0.577129 -2.56113
-0.0598537 -0.804931
0.363025 -0.756039
1.57222 0.130777
1.13153 -0.254828
1.48814 -1.05291
0.429003 -0.945106
1.20652 0.373982
1.33185 -1.28877
0.343467 -1.10879
0.316477 -0.951588
0.902682 0.163672
1.3877 -1.98474
-0.566799 -3.87633
1.50214 1.52652
0.936832 -0.889208
1.52622 -0.112349
1.19233 -0.186785
1.46413 -0.963605
0.659551 -0.462133
1.62827 -1.39945
-0.122247 -3.78259
0.946172 1.34684
1.04189 -2.09501
-0.711431 -3.47821
1.12384 1.23559
1.09234 -1.63807
-0.101937 -3.0072
0.0958596 -0.0172157
1.68412 -2.21432
-1.03151 -2.89977
0.964988 0.902145
1.17062 -2.0401
-0.604014 -3.72795
1.33777 1.44923
1.03365 -1.14233
1.10487 0.181498
1.37977 -1.49118
-0.0379581 -2.74904
-0.136851 -0.429262
1.57751 0.315169
1.12463 -0.322381
1.50278 -0.985813
0.498769 -0.790486
1.60987 -0.0562946
1.00717 -0.223143
1.49488 -1.39203
-0.0393273 -2.86729
-0.0437414 -0.239025
1.78195 -0.985332
-0.0673422 -3.65524
0.751527 1.1247
1.11019 -2.57496
-0.946998 -1.97751
-0.0703841 -1.28622
-0.465937 -3.22956
0.492599 0.469029
1.39129 -2.94099
-0.87072 -1.09371
-0.201553 -2.16586
-0.447763 -1.37179
-0.518053 -2.64809
-0.028068 -0.665588
1.06538 0.384798
1.32223 -1.68722
-0.156429 -3.61614
0.756588 1.07886
1.1236 -2.56199
-0.953592 -2.03371
-0.0355049 -1.17393
-0.319945 -3.22314
0.392487 0.381091
1.46147 -2.99385
-0.854501 -0.960181
-0.152398 -2.07199
-0.519094 -1.53892
-0.498205 -2.3494
-0.228028 -1.15361
-0.407269 -3.14445
0.357484 0.25559
1.51151 -2.87978
-0.938616 -1.23199
-0.169352 -1.95741
-0.56271 -1.74147
-0.445661 -2.04255
-0.401038 -1.59414
-0.549842 -2.30643
-0.228893 -1.22478
-0.469921 -3.09923
0.348594 0.195478
1.53113 -2.80092
-0.983335 -1.42736
-0.1342 -1.73595
-0.644403 -2.21395
-0.228742 -1.35793
-0.559559 -2.90192
0.209035 -0.157062
1.68223 -1.95182
-0.819015 -3.62122
1.51997 1.39738
0.965355 -0.810973
1.55784 -0.301906
1.0567 -0.133925
1.4666 -1.37616
-0.00202373 -2.56569
-0.288486 -0.725188
0.140286 -1.33506
-0.368376 -3.37951
0.602112 0.716822
1.27153 -2.86077
-0.880319 -1.26811
-0.240202 -2.17011
-0.428322 -1.36581
-0.52354 -2.67326
-0.00667649 -0.619455
1.29933 0.480822
1.3031 -1.05224
0.926451 -0.0403342
1.44812 -1.76834
-0.292929 -4.01856
1.40399 1.64134
0.952353 -1.07431
1.28519 0.228388
1.36292 -0.994337
0.892904 -0.0980838
1.46908 -1.77746
-0.321418 -4.04222
1.46302 1.64746
0.921444 -0.991406
1.42856 0.124916
1.3234 -0.517276
1.39947 -0.225613
1.36184 -0.344059
1.39006 -0.327342
1.36234 -0.276269
1.39436 -0.39295
1.34536 -0.206692
1.40736 -0.505044
1.29004 -0.0892347
1.42284 -0.770618
1.05831 -0.0068343
1.43171 -1.48822
-0.0647906 -3.01645
0.0899721 0.00283957
1.68097 -2.2658
-1.05272 -2.75647
0.83405 0.711665
1.22739 -2.34877
-0.937049 -2.83867
0.639817 0.461048
1.3415 -2.69092
-0.983915 -1.77591
-0.0886596 -1.43428
-0.594918 -2.96025
0.294226 -0.000978058
1.6045 -2.44541
-1.06761 -2.36442
0.431745 -0.030971
1.56208 -2.39674
-1.04441 -2.57228
0.583994 0.294994
1.41082 -2.67735
-1.00529 -1.81847
-0.0419759 -1.2904
-0.454367 -3.2588
0.518582 0.522503
1.36402 -2.93373
-0.86676 -1.10827
-0.210707 -2.18911
-0.431207 -1.33402
-0.514212 -2.71979
0.0242914 -0.537041
1.58016 0.253177
1.12038 -0.296915
1.49861 -1.02965
0.437477 -0.929082
1.27356 0.381379
1.32883 -1.09467
0.783862 -0.218162
1.52337 -1.80283
-0.410138 -4.06221
1.57795 1.61621
0.829055 -0.906947
1.54027 -0.0619309
1.17344 -0.197769
1.46965 -1.0046
0.570909 -0.626882
1.68012 -0.833376
0.146565 -1.94221
-0.721229 -2.09491
-0.23703 -1.50575
-0.608543 -2.59865
-0.015143 -0.723806
0.853977 0.157985
1.39387 -2.08695
-0.718778 -3.65416
1.39853 1.42045
1.02861 -1.00833
1.35753 0.151524
1.35986 -0.736075
1.23173 0.0291186
1.41345 -1.03547
0.681733 -0.404335
1.60549 -1.53824
-0.196186 -4.01446
1.31288 1.64533
0.97283 -1.24701
0.838877 -0.0439224
1.4588 -1.93939
-0.548094 -3.93058
1.55413 1.54121
0.883035 -0.861893
1.56132 -0.198817
1.09066 -0.150613
1.46851 -1.27379
0.114066 -1.94777
-0.705559 -2.02992
-0.274116 -1.61072
-0.601797 -2.3509
-0.179025 -1.15231
-0.385265 -3.18099
0.383654 0.320309
1.48248 -2.93871
-0.89677 -1.09266
-0.174811 -2.06523
-0.511533 -1.54515
-0.501627 -2.3428
-0.230256 -1.16418
-0.417778 -3.1398
0.358833 0.250981
1.51215 -2.87291
-0.942637 -1.24931
-0.168115 -1.94293
-0.569187 -1.76911
-0.435588 -2.00266
-0.422134 -1.6512
-0.533213 -2.20223
-0.289822 -1.37908
-0.563013 -2.787
0.106849 -0.388435
1.75711 -0.764815
0.0297667 -2.65104
-0.240999 -0.587076
0.77564 0.0847945
1.42802 -2.18193
-0.849143 -3.37359
1.21562 1.24865
1.09751 -1.40308
0.327033 -1.0857
0.361063 -0.832109
1.41587 0.352901
1.29803 -0.666891
1.37417 -0.0924227
1.38175 -0.521703
1.32361 -0.111671
1.41239 -0.652289
1.1939 0.00119949
1.42369 -1.12544
0.477773 -0.805573
1.58229 0.0462786
1.10054 -0.223148
1.48531 -1.16957
0.237476 -1.48715
-0.47735 -3.41346
0.734681 0.864925
1.19247 -2.601
-0.965851 -1.97547
-0.0441665 -1.22364
-0.38213 -3.27273
0.484201 0.5064
1.38322 -2.97759
-0.842842 -1.00006
-0.18507 -2.17532
-0.450219 -1.35684
-0.513834 -2.669
-0.0146754 -0.629167
1.24487 0.475935
1.30655 -1.21016
0.575466 -0.560014
1.67326 -1.07506
-0.015706 -2.88611
-0.0379363 -0.205995
1.77867 -1.16667
-0.135312 -4.04611
1.30543 1.67379
0.964116 -1.2709
0.762635 -0.148272
1.50489 -1.93554
-0.584891 -3.91247
1.57476 1.52135
0.86598 -0.847155
1.57422 -0.243385
1.03845 -0.158012
1.4744 -1.39515
-0.0254166 -2.73772
-0.150708 -0.446406
1.51613 0.406493
1.20772 -0.445749
1.49128 -0.602089
1.04249 -0.0627759
1.44786 -1.47985
-0.0677756 -3.06116
0.130119 0.0776318
1.6473 -2.5191
-1.08013 -2.08251
0.24113 -0.501866
1.73267 -0.651844
0.15533 -1.95097
-0.722984 -2.08664
-0.239423 -1.51709
-0.609682 -2.57264
-0.0332926 -0.771002
0.584484 -0.275698
1.59068 -1.86437
-0.583149 -3.95803
1.6337 1.51483
0.783974 -0.877128
1.57029 -0.132019
1.08985 -0.170155
1.47351 -1.25542
0.130962 -1.87796
-0.726078 -2.23622
-0.166227 -1.28031
-0.499317 -3.11318
0.384306 0.245345
1.50274 -2.84899
-0.953975 -1.31522
-0.165029 -1.89463
-0.588981 -1.8629
-0.398936 -1.86956
-0.488717 -1.85094
-0.452732 -1.88316
-0.459185 -1.8324
-0.472571 -1.90974
-0.440734 -1.79452
-0.492481 -1.96827
-0.410012 -1.71129
-0.527766 -2.10566
-0.337211 -1.51884
-0.577856 -2.47957
-0.113806 -0.945489
-0.109916 -2.38327
-0.362032 -1.0189
-0.326866 -2.99469
0.170384 -0.055826
1.66667 -2.20446
-1.01464 -2.96826
1.01322 0.969265
1.1551 -1.91787
-0.409886 -3.8847
1.33281 1.54457
1.00356 -1.1771
1.03354 0.147351
1.38844 -1.66019
-0.155359 -3.6767
0.83207 1.1837
1.08676 -2.37974
-0.936957 -2.5982
0.358776 -0.096437
1.60805 -2.2545
-1.00613 -2.93698
0.945802 0.891139
1.17286 -2.08873
-0.676464 -3.6156
1.27552 1.37595
1.0615 -1.27062
0.74083 -0.204118
1.52743 -1.8803
-0.527621 -3.98437
1.60255 1.55035
0.819501 -0.873368
1.56826 -0.158833
1.08663 -0.163092
1.472 -1.27107
0.111772 -1.9597
-0.701157 -1.99692
-0.289587 -1.66035
-0.590923 -2.24377
-0.242002 -1.32037
-0.538848 -2.9501
0.241619 -0.0715548
1.64425 -2.23961
-1.0194 -2.91241
0.948206 0.887271
1.17407 -2.08238
-0.667226 -3.63236
1.28657 1.38771
1.0576 -1.24632
0.814992 -0.0960016
1.47885 -1.92251
-0.540451 -3.94806
1.56877 1.5454
0.864933 -0.861713
1.56623 -0.200522
1.07742 -0.153753
1.47035 -1.30408
0.0713196 -2.14822
-0.598758 -1.52054
-0.457335 -2.34387
-0.247837 -1.15377
-0.414148 -3.12684
0.342909 0.222747
1.52642 -2.84295
-0.961554 -1.31979
-0.155718 -1.86144
-0.60468 -1.93383
-0.367475 -1.7697
-0.533622 -2.01666
-0.371978 -1.64771
-0.556702 -2.22547
-0.267644 -1.34731
-0.552336 -2.87083
0.174851 -0.226381
1.71603 -1.65416
-0.504374 -4.10395
1.73052 1.52536
0.590212 -1.13486
0.842777 0.0399211
1.43193 -2.01473
-0.639634 -3.80445
1.49716 1.48788
0.953944 -0.876391
1.52844 -0.138923
1.18259 -0.173104
1.46316 -1.00477
0.590691 -0.585938
1.67305 -0.999413
0.0286837 -2.55156
-0.313732 -0.75234
0.0367138 -1.68416
-0.695977 -2.57865
0.0307331 -0.692094
1.12981 0.419136
1.31656 -1.52215
-0.0319074 -2.65629
-0.20897 -0.577597
0.907274 0.257149
1.35908 -2.02984
-0.620664 -3.79521
1.45797 1.4894
0.979447 -0.928563
1.47645 -0.00319571
1.28188 -0.323874
1.45022 -0.56119
1.17636 -0.0295232
1.43232 -1.15179
0.403151 -0.986985
0.994446 0.246219
1.35986 -1.8138
-0.297251 -3.97058
1.34208 1.6085
0.980721 -1.17659
1.04216 0.159858
1.38491 -1.64549
-0.143973 -3.61016
0.741601 1.06478
1.12975 -2.59722
-0.94783 -1.9285
-0.0892221 -1.3579
-0.540252 -3.10627
0.408317 0.265072
1.48711 -2.85473
-0.94773 -1.30614
-0.171703 -1.92182
-0.575709 -1.80728
-0.422123 -1.94824
-0.4497 -1.73084
-0.504581 -2.06767
-0.364239 -1.56953
-0.567352 -2.36848
-0.18624 -1.12831
-0.364692 -3.16726
0.35729 0.28456
1.50389 -2.91685
-0.915107 -1.14094
-0.171965 -2.02273
-0.532962 -1.62115
-0.48349 -2.22223
-0.301522 -1.34039
-0.545672 -2.842
0.144314 -0.288965
1.74272 -1.33594
-0.200342 -4.14195
1.48645 1.72034
0.879357 -1.00515
1.41796 0.161039
1.32677 -0.566752
1.38074 -0.16088
1.37995 -0.447737
1.35062 -0.18398
1.40289 -0.511063
1.29485 -0.090332
1.42136 -0.755414
1.07876 0.00077975
1.42907 -1.4416
-0.0280359 -2.71706
-0.165285 -0.479779
1.39475 0.499279
1.27838 -0.78258
1.3279 0.0132013
1.39373 -0.736559
1.16237 0.0265952
1.41968 -1.23399
0.276113 -1.33601
-0.246403 -3.24551
0.379122 0.407303
1.4602 -3.0325
-0.826223 -0.866547
-0.112659 -1.97862
-0.581787 -1.72929
-0.438294 -2.05787
-0.397647 -1.57006
-0.553049 -2.34965
-0.20367 -1.15819
-0.402106 -3.16396
0.37529 0.293095
1.49365 -2.91423
-0.914599 -1.15102
-0.17581 -2.03026
-0.527631 -1.60658
-0.488079 -2.2452
-0.287968 -1.3076
-0.531034 -2.91285
0.200359 -0.154028
1.68456 -1.94834
-0.818299 -3.62437
1.52312 1.39793
0.962349 -0.808131
1.56012 -0.311623
1.04555 -0.136646
1.46808 -1.40064
-0.0245835 -2.72573
-0.160176 -0.46561
1.4474 0.470653
1.25794 -0.629864
1.43325 -0.21319
1.32455 -0.275128
1.42314 -0.496058
1.26675 -0.0772554
1.4278 -0.849805
0.946011 -0.0783563
1.45807 -1.6887
-0.211586 -3.92656
1.20624 1.56069
1.00319 -1.46542
0.165897 -1.5663
-0.61638 -3.14323
0.523454 0.434311
1.38963 -2.87171
-0.91383 -1.274
-0.206501 -2.05665
-0.500601 -1.55397
-0.506476 -2.33329
-0.233461 -1.17938
-0.432479 -3.12999
0.357395 0.238163
1.51617 -2.85669
-0.95237 -1.28931
-0.163199 -1.90325
-0.586748 -1.84722
-0.404864 -1.89164
-0.478366 -1.81643
-0.468206 -1.93438
-0.433893 -1.7575
-0.505655 -2.02712
-0.380722 -1.62826
-0.555355 -2.25594
-0.252876 -1.30163
-0.527985 -2.96651
0.250462 -0.0448695
1.63327 -2.31626
-1.04764 -2.70458
0.752405 0.58823
1.27533 -2.51032
-0.992734 -2.3212
0.214719 -0.484152
1.7368 -0.653939
0.142373 -2.0106
-0.699823 -1.91602
-0.318861 -1.77481
-0.554697 -2.01994
-0.360633 -1.6456
-0.562063 -2.23395
-0.260897 -1.335
-0.546652 -2.90081
0.199188 -0.168596
1.68949 -1.89944
-0.770011 -3.72761
1.58462 1.42148
0.886816 -0.789317
1.5921 -0.408142
0.886643 -0.243703
1.51469 -1.60467
-0.17535 -3.88107
1.1154 1.49988
1.01424 -1.67757
-0.147922 -3.28044
0.370453 0.461056
1.44896 -3.09043
-0.778541 -0.729695
-0.00897703 -1.6604
-0.684156 -2.5601
0.00755382 -0.740482
0.852782 0.152689
1.39564 -2.0857
-0.717977 -3.65662
1.40085 1.42175
1.02742 -1.00418
1.36404 0.145941
1.35814 -0.713542
1.25316 0.0159204
1.41307 -0.96255
0.81394 -0.210872
1.51564 -1.77061
-0.356879 -4.07082
1.53589 1.6432
0.865776 -0.928145
1.51433 -0.0131566
1.22651 -0.249807
1.46641 -0.800236
0.900883 -0.139623
1.48102 -1.71428
-0.254415 -4.00774
1.35415 1.63788
0.968279 -1.16243
1.08227 0.189072
1.37725 -1.55638
-0.0857014 -3.14119
0.209355 0.213056
1.58585 -2.85104
-0.966222 -1.26045
-0.139496 -1.83916
-0.6191 -1.99044
-0.339413 -1.68928
-0.564576 -2.16491
-0.293176 -1.43734
-0.580112 -2.6741
0.0248176 -0.597497
1.43732 0.429861
1.27182 -0.640371
1.41575 -0.171717
1.34754 -0.348017
1.40307 -0.358978
1.34126 -0.219392
1.41057 -0.504615
1.28483 -0.0855463
1.42397 -0.789195
1.03397 -0.0179711
1.43559 -1.54013
-0.0978736 -3.32104
0.390341 0.531647
1.41844 -3.1235
-0.741903 -0.651549
0.0888036 -1.35816
-0.440793 -3.35051
0.620789 0.705111
1.26952 -2.82007
-0.903685 -1.37836
-0.229994 -2.05974
-0.488198 -1.54593
-0.512944 -2.35042
-0.221178 -1.15416
-0.405237 -3.15015
0.362348 0.2663
1.50655 -2.89051
-0.931448 -1.20662
-0.171992 -1.98185
-0.551134 -1.69525
-0.461668 -2.11032
-0.364244 -1.49855
-0.566557 -2.4968
-0.108468 -0.918667
-0.0590916 -2.1478
-0.527067 -1.43504
-0.493209 -2.49955
-0.140605 -0.917867
-0.0933028 -2.2919
-0.426556 -1.17087
-0.443601 -2.92712
0.163382 -0.164629
1.70171 -1.85137
-0.731646 -3.80545
1.63056 1.43385
0.815135 -0.819788
1.59932 -0.325071
0.918639 -0.228474
1.50593 -1.56763
-0.143924 -3.74484
0.911976 1.2931
1.0555 -2.18062
-0.808443 -3.23401
0.926766 0.966226
1.15059 -2.1403
-0.748028 -3.45818
1.15443 1.24624
1.09272 -1.55978
-0.0126723 -2.39978
-0.398053 -1.0019
-0.319863 -2.95453
0.131797 -0.1294
1.70293 -1.91386
-0.805804 -3.66373
1.55609 1.40467
0.926856 -0.787159
1.58011 -0.392981
0.937057 -0.195614
1.49403 -1.5746
-0.142211 -3.72223
0.88164 1.25596
1.06532 -2.25659
-0.873442 -2.99391
0.710757 0.616417
1.27458 -2.60855
-0.986748 -2.00523
0.00240314 -1.09558
-0.203418 -2.90049
0.0429314 -0.211599
1.7573 -1.38959
-0.273864 -4.20961
1.63804 1.68892
0.718216 -1.01279
1.3768 0.267321
1.33171 -0.739765
1.27887 0.0183602
1.40748 -0.887453
0.94813 -0.066121
1.45422 -1.69635
-0.216605 -3.93371
1.22019 1.56914
1.0011 -1.43415
0.248577 -1.29056
-0.218151 -3.12138
0.242837 0.173123
1.58088 -2.78257
-0.999363 -1.44006
-0.110495 -1.65579
-0.658379 -2.42111
-0.105018 -1.01462
-0.193725 -2.78951
-0.0479701 -0.392032
1.72095 -0.165765
0.56503 -0.802219
1.61814 -0.14102
0.952562 -0.239968
1.50533 -1.48602
-0.0984845 -3.42199
0.498088 0.714874
1.31074 -3.05627
-0.755108 -0.785569
-0.0902902 -1.95824
-0.601414 -1.78377
-0.414644 -1.97939
-0.440856 -1.68271
-0.518943 -2.14599
-0.322924 -1.45892
-0.576235 -2.60383
-0.0301026 -0.728966
0.782696 0.0607142
1.43439 -2.14691
-0.814172 -3.47119
1.29331 1.32008
1.07785 -1.21897
0.879245 -0.0202204
1.4464 -1.8857
-0.456367 -4.00052
1.54415 1.58994
0.876535 -0.893441
1.54177 -0.109478
1.16134 -0.177343
1.4673 -1.05913
0.480041 -0.817231
1.56788 0.0838406
1.13647 -0.239219
1.4841 -1.05828
0.431637 -0.937041
1.23793 0.380054
1.33047 -1.19927
0.549725 -0.619098
1.68427 -0.836135
0.133338 -2.00292
-0.697944 -1.92184
-0.318121 -1.76754
-0.556946 -2.03305
-0.354293 -1.6271
-0.567166 -2.26999
-0.24008 -1.2809
-0.513829 -3.01472
0.289565 0.0465583
1.59351 -2.54534
-1.06653 -2.08384
0.207776 -0.576908
1.68616 -0.179191
0.694402 -0.556474
1.64217 -1.13604
-0.0146994 -2.83508
-0.0793543 -0.288655
1.77556 -0.595201
0.0847577 -2.33505
-0.494526 -1.15764
-0.42513 -2.86348
0.098554 -0.289241
1.75594 -1.20773
-0.131875 -4.00417
1.24677 1.63523
0.980291 -1.38701
0.384622 -0.904085
1.25147 0.392515
1.32713 -1.16392
0.637521 -0.449978
1.63075 -1.433
-0.142862 -3.88637
1.09771 1.50044
1.01216 -1.72143
-0.187877 -3.5063
0.641426 0.888519
1.2048 -2.81237
-0.882618 -1.35911
-0.249946 -2.13201
-0.443699 -1.42723
-0.528944 -2.56344
-0.0826082 -0.81117
0.279468 -0.969187
0.713759 -0.0970483
1.49854 -2.07322
-0.767749 -3.61647
1.42418 1.40504
1.02403 -0.954746
1.42673 0.0655719
1.33053 -0.486725
1.39917 -0.245952
1.36084 -0.327369
1.39258 -0.346586
1.35653 -0.252917
1.39977 -0.430762
1.3283 -0.16248
1.41502 -0.594182
1.22902 -0.0237566
1.42512 -1.00426
0.705894 -0.369899
1.5888 -1.60328
-0.239088 -4.06506
1.4182 1.67629
0.934278 -1.06632
1.30514 0.227987
1.35982 -0.93419
0.999261 -0.00376917
1.43279 -1.63642
-0.155243 -3.72157
0.889532 1.25861
1.06473 -2.23685
-0.858349 -3.06003
0.772119 0.721805
1.231 -2.49564
-0.982373 -2.34542
0.213574 -0.477758
1.73819 -0.681047
0.11912 -2.1176
-0.642013 -1.63476
-0.421743 -2.17358
-0.351117 -1.3961
-0.554664 -2.69171
0.0239063 -0.575815
1.493 0.38132
1.2359 -0.483292
1.47597 -0.477036
1.16971 -0.0569232
1.4393 -1.14816
0.391887 -1.01828
0.835554 0.0656252
1.42482 -2.05181
-0.687841 -3.72558
1.45427 1.45419
0.993328 -0.920514
1.47704 -0.0158689
1.2809 -0.315058
1.45039 -0.573985
1.16736 -0.0257995
1.43213 -1.18017
0.348976 -1.12927
0.255167 -1.12419
0.0608459 -1.75765
-0.709274 -2.43014
-0.0644766 -0.960066
-0.0807472 -2.26608
-0.448268 -1.21701
-0.46467 -2.85856
0.113391 -0.290415
1.75209 -1.24534
-0.14905 -4.05247
1.32498 1.67835
0.959931 -1.23278
0.883203 0.0139781
1.43537 -1.90991
-0.484208 -3.97626
1.542 1.57481
0.884065 -0.885555
1.5456 -0.131552
1.14803 -0.167532
1.46691 -1.10542
0.396754 -1.01665
0.855941 0.0917259
1.41418 -2.03272
-0.654201 -3.77393
1.47432 1.47611
0.97399 -0.899775
1.5033 -0.0720242
1.23908 -0.234978
1.46046 -0.780751
0.943454 -0.0986435
1.46438 -1.67322
-0.201019 -3.90806
1.17234 1.53795
1.00806 -1.54284
0.0049929 -2.26208
-0.495447 -1.25248
-0.467051 -2.77056
0.0413992 -0.453878
1.71253 -0.189317
0.584469 -0.757866
1.64991 -0.347298
0.722825 -0.477981
1.61645 -1.34182
-0.0890154 -3.51231
0.59462 0.877079
1.22196 -2.91042
-0.826467 -1.10678
-0.245119 -2.31822
-0.344265 -1.1355
-0.419698 -3.03958
0.25711 0.0487638
1.6055 -2.53907
-1.06961 -2.08647
0.217033 -0.555074
1.70663 -0.316067
0.522288 -0.867562
1.51935 0.169321
1.223 -0.333138
1.47764 -0.712387
0.973339 -0.0872573
1.45872 -1.61954
-0.154927 -3.747
0.922307 1.29964
1.05411 -2.15467
-0.781069 -3.31485
0.996694 1.06606
1.12635 -1.96326
-0.487547 -3.8315
1.34236 1.5102
1.01325 -1.14784
1.10281 0.18681
1.37828 -1.49966
-0.0443838 -2.79646
-0.0977127 -0.353859
1.72916 -0.172802
0.527912 -0.881042
1.50056 0.199546
1.2464 -0.383445
1.47086 -0.585509
1.11006 -0.0345008
1.43744 -1.33046
0.0856471 -2.06031
-0.650176 -1.72589
-0.400603 -2.04925
-0.417702 -1.57523
-0.543854 -2.33142
-0.218028 -1.18613
-0.433544 -3.14196
0.370932 0.2635
1.50357 -2.88121
-0.936254 -1.23156
-0.172143 -1.96729
-0.557246 -1.72198
-0.45291 -2.07102
-0.385574 -1.55394
-0.558919 -2.3842
-0.181215 -1.10379
-0.337221 -3.14706
0.321775 0.236142
1.53206 -2.87158
-0.946985 -1.24322
-0.161366 -1.92336
-0.580118 -1.8095
-0.419194 -1.94493
-0.45229 -1.73553
-0.502243 -2.05998
-0.368573 -1.58019
-0.565003 -2.34687
-0.199598 -1.16243
-0.404478 -3.16683
0.379823 0.300089
1.48974 -2.9189
-0.910886 -1.14045
-0.176571 -2.03989
-0.522772 -1.58929
-0.492486 -2.27241
-0.272048 -1.26824
-0.507887 -2.99236
0.262874 -0.00423388
1.61731 -2.42302
-1.06866 -2.41165
0.480507 0.0724943
1.51402 -2.54601
-1.04851 -2.16478
0.218661 -0.527734
1.72226 -0.455015
0.350869 -1.28428
-0.116483 -2.64433
-0.182983 -0.605854
0.858399 0.191415
1.38309 -2.10028
-0.731454 -3.62399
1.37472 1.40418
1.04066 -1.05213
1.28183 0.19384
1.37097 -0.986782
0.885698 -0.109085
1.47331 -1.77913
-0.327262 -4.04589
1.4736 1.6473
0.914819 -0.978993
1.44646 0.100736
1.31066 -0.456201
1.4239 -0.328163
1.31948 -0.203943
1.42304 -0.581079
1.22125 -0.0267924
1.42687 -1.02467
0.663352 -0.44039
1.62105 -1.45541
-0.148975 -3.89916
1.11943 1.51805
1.0092 -1.66949
-0.14195 -3.23556
0.322488 0.378988
1.49484 -3.05289
-0.819887 -0.812373
-0.0699312 -1.84112
-0.650417 -2.04825
-0.299774 -1.60283
-0.592086 -2.34745
-0.18596 -1.15934
-0.395505 -3.17733
0.385774 0.317388
1.48235 -2.93365
-0.899979 -1.10538
-0.176226 -2.06191
-0.512456 -1.55062
-0.500851 -2.33414
-0.235377 -1.1772
-0.431139 -3.12922
0.355738 0.235877
1.51748 -2.85453
-0.95378 -1.29426
-0.162181 -1.89705
-0.58948 -1.8598
-0.399626 -1.87391
-0.486921 -1.84409
-0.455735 -1.89325
-0.45433 -1.81745
-0.47939 -1.93254
-0.429394 -1.76169
-0.506719 -2.02089
-0.382769 -1.63743
-0.553267 -2.23911
-0.2624 -1.32669
-0.542246 -2.91312
0.207969 -0.146169
1.67928 -1.9845
-0.849925 -3.54706
1.4719 1.37545
1.00879 -0.863555
1.51186 -0.13781
1.21485 -0.188843
1.45982 -0.897926
0.78066 -0.275368
1.5423 -1.71413
-0.31245 -4.08166
1.50757 1.66318
0.883999 -0.955888
1.48146 0.0535539
1.27558 -0.346312
1.4544 -0.552277
1.17285 -0.0325271
1.43331 -1.15933
0.385999 -1.03117
0.763793 -0.0360824
1.46858 -2.07758
-0.751184 -3.63292
1.42025 1.41208
1.02337 -0.964272
1.41657 0.082544
1.33682 -0.524743
1.38232 -0.189239
1.3789 -0.419389
1.35898 -0.213462
1.39781 -0.461029
1.32177 -0.139462
1.41626 -0.633693
1.19962 -0.00539127
1.42467 -1.10398
0.517418 -0.718873
1.66677 -0.386052
0.627078 -0.638174
1.66863 -0.848299
0.163325 -1.86377
-0.737571 -2.33281
-0.10386 -1.10595
-0.293006 -3.12835
0.281748 0.191372
1.56029 -2.81351
-0.981941 -1.37536
-0.133393 -1.75967
-0.640812 -2.16323
-0.255088 -1.43576
-0.588137 -2.7196
0.0660461 -0.505765
1.67336 -0.0228583
0.81707 -0.406955
1.57535 -1.42692
-0.104162 -3.57695
0.678286 0.995931
1.16195 -2.74087
-0.904059 -1.52673
-0.230179 -1.95833
-0.533218 -1.71979
-0.465815 -2.07653
-0.377549 -1.54872
-0.562408 -2.39802
-0.171478 -1.08157
-0.309026 -3.113
0.274002 0.164486
1.57004 -2.76827
-1.00415 -1.48665
-0.102795 -1.61036
-0.657245 -2.53694
-0.0284821 -0.807325
0.443192 -0.571739
1.70416 -0.850351
0.0758221 -2.3021
-0.51058 -1.21527
-0.44779 -2.79602
0.0529666 -0.410199
1.74665 -0.459353
0.259148 -1.58039
-0.574571 -3.30026
0.681241 0.728425
1.24591 -2.69931
-0.952975 -1.71198
-0.147597 -1.62456
-0.646142 -2.44588
-0.0969584 -0.978301
-0.141552 -2.54589
-0.241815 -0.764257
0.104516 -1.46513
-0.551304 -3.23799
0.57628 0.566074
1.32858 -2.85678
-0.903399 -1.30231
-0.222233 -2.08842
-0.477923 -1.49865
-0.518812 -2.42921
-0.172974 -1.03199
-0.258446 -2.99087
0.139481 -0.0624801
1.68028 -2.14217
-0.986145 -3.11709
1.15026 1.12601
1.12632 -1.56368
-0.0197757 -2.45932
-0.354398 -0.89981
-0.213188 -2.70566
-0.103598 -0.530572
1.36761 0.493728
1.2883 -0.857674
1.24384 0.0775184
1.40138 -1.03238
0.721448 -0.336244
1.57446 -1.66234
-0.287013 -4.09177
1.4973 1.675
0.887887 -0.970511
1.46344 0.086819
1.29499 -0.406175
1.44131 -0.428399
1.26266 -0.102387
1.43317 -0.8405
0.943763 -0.0830882
1.45967 -1.68872
-0.212619 -3.92989
1.21165 1.5645
1.00224 -1.45333
0.196747 -1.45868
-0.476335 -3.39113
0.704022 0.818371
1.21258 -2.66494
-0.954495 -1.79313
-0.125483 -1.52196
-0.6344 -2.70813
0.0879132 -0.494278
1.70025 -0.15903
0.651162 -0.635546
1.66322 -0.874392
0.152538 -1.90397
-0.73054 -2.20505
-0.179083 -1.32735
-0.537971 -3.02449
0.316975 0.0856023
1.57257 -2.62544
-1.05086 -1.87686
0.0648787 -0.988531
0.0513657 -1.74139
-0.706052 -2.45594
-0.0497622 -0.915857
0.0301785 -1.79065
-0.69963 -2.29547
-0.152464 -1.2023
-0.42248 -3.19781
0.425288 0.373439
1.44894 -2.95202
-0.879895 -1.06543
-0.181186 -2.10883
-0.486849 -1.4687
-0.513918 -2.47147
-0.1493 -0.96422
-0.16663 -2.63749
-0.168927 -0.626443
0.808788 0.121257
1.41116 -2.15096
-0.807289 -3.47349
1.2838 1.31746
1.07897 -1.24152
0.815187 -0.101144
1.48045 -1.91594
-0.532095 -3.95703
1.57102 1.54986
0.860714 -0.864334
1.56567 -0.192791
1.08167 -0.154682
1.47026 -1.29241
0.0862254 -2.07566
-0.643524 -1.69215
-0.411281 -2.09648
-0.391982 -1.50712
-0.556132 -2.46273
-0.135275 -0.977012
-0.1717 -2.66959
-0.144281 -0.577382
1.09217 0.425767
1.3124 -1.62804
-0.113774 -3.31091
0.386851 0.514293
1.42535 -3.11496
-0.751282 -0.671961
0.0586656 -1.44996
-0.56135 -3.18535
0.520289 0.461138
1.38255 -2.89421
-0.898155 -1.21392
-0.211025 -2.1127
-0.470989 -1.45905
-0.520491 -2.49542
-0.131285 -0.925361
-0.0958871 -2.30827
-0.415343 -1.14305
-0.427343 -2.9601
0.185283 -0.105281
1.67546 -2.07801
-0.933258 -3.30852
1.30069 1.26576
1.09372 -1.19246
0.937195 0.0384999
1.42339 -1.81502
-0.335997 -4.02037
1.44734 1.63475
0.934974 -1.00567
1.40491 0.149279
1.3367 -0.596722
1.35644 -0.110037
1.39453 -0.558104
1.28699 -0.0640094
1.41986 -0.800496
1.03114 -0.0168557
1.43537 -1.54807
-0.102266 -3.35983
0.432883 0.602239
1.37619 -3.11073
-0.737121 -0.675191
0.0451921 -1.49998
-0.609792 -3.05547
0.411866 0.227512
1.4961 -2.80631
-0.974349 -1.43084
-0.147019 -1.77412
-0.632143 -2.11989
-0.27951 -1.50164
-0.595881 -2.5626
-0.0484476 -0.795474
0.43358 -0.590095
1.70482 -0.755511
0.148844 -1.95308
-0.719693 -2.07062
-0.248407 -1.54312
-0.609988 -2.50974
-0.0766257 -0.883501
0.0654213 -1.64848
-0.689056 -2.72571
0.147147 -0.399033
1.7528 -0.847058
-0.0015636 -2.8901
-0.0404371 -0.198301
1.77832 -1.19512
-0.15137 -4.08975
1.37644 1.70538
0.939031 -1.14658
1.12736 0.219977
1.36989 -1.44926
0.0116207 -2.41202
-0.402456 -0.986734
-0.30784 -2.9322
0.107715 -0.169203
1.72377 -1.72349
-0.609846 -3.998
1.71766 1.47001
0.634219 -1.04138
1.23708 0.331012
1.34256 -1.18322
0.558966 -0.604269
1.68194 -0.902519
0.083095 -2.24187
-0.552224 -1.33833
-0.468582 -2.61487
-0.0742341 -0.726582
0.652658 -0.143224
1.52833 -2.07327
-0.791774 -3.58287
1.41701 1.39061
1.03159 -0.963635
1.41226 0.0838879
1.33979 -0.537467
1.3748 -0.169205
1.38484 -0.456864
1.34151 -0.166052
1.40771 -0.552982
1.2666 -0.0539869
1.42373 -0.869279
0.929968 -0.0900299
1.46294 -1.71083
-0.237175 -3.97428
1.29323 1.61081
0.986324 -1.27881
0.737492 -0.191617
1.52408 -1.90411
-0.558877 -3.95129
1.59523 1.53403
0.835188 -0.859162
1.57459 -0.205912
1.05313 -0.16114
1.47414 -1.35638
0.00888639 -2.50058
-0.340081 -0.834845
-0.130593 -2.36459
-0.364529 -1.0493
-0.353402 -3.01873
0.204134 -0.00818586
1.64071 -2.37046
-1.06695 -2.52847
0.599068 0.308829
1.40162 -2.66519
-1.00638 -1.85565
-0.0274305 -1.23602
-0.38449 -3.28427
0.499118 0.531328
1.36916 -2.96967
-0.84372 -1.01764
-0.193153 -2.19366
-0.436599 -1.3265
-0.510316 -2.72622
0.0273522 -0.526227
1.60448 0.201054
1.06692 -0.275069
1.5017 -1.18899
0.170195 -1.73497
-0.719796 -2.7054
0.157455 -0.399473
1.75155 -0.877812
-0.0124099 -2.98597
0.0436887 -0.0421988
1.71068 -2.04396
-0.940976 -3.31421
1.32671 1.27655
1.08844 -1.13171
1.08828 0.1558
1.38652 -1.52168
-0.0657592 -2.97721
0.0568468 -0.0625361
1.71152 -2.00008
-0.903986 -3.42834
1.41015 1.33166
1.05287 -0.959772
1.40259 0.0845477
1.34631 -0.56495
1.35665 -0.12765
1.39571 -0.542897
1.29238 -0.0744014
1.41979 -0.775951
1.06003 -0.0042227
1.43094 -1.48593
-0.0628556 -2.9987
0.0740091 -0.0265165
1.6949 -2.15032
-1.00322 -3.05858
1.11084 1.0801
1.13462 -1.66529
-0.122947 -3.20609
0.285655 0.325801
1.52585 -3.01117
-0.857051 -0.902248
-0.111585 -1.94593
-0.595712 -1.79419
-0.415018 -1.96541
-0.446239 -1.70393
-0.512159 -2.11091
-0.341914 -1.5085
-0.57552 -2.49521
-0.10493 -0.919519
-0.056395 -2.13703
-0.534293 -1.45635
-0.490983 -2.4647
-0.163359 -0.973494
-0.188214 -2.72837
-0.0957232 -0.488573
1.50383 0.404289
1.22163 -0.469656
1.48451 -0.532368
1.11467 -0.0484667
1.44084 -1.30643
0.114188 -1.93299
-0.709399 -2.06709
-0.256606 -1.55426
-0.60811 -2.47904
-0.097914 -0.937703
-0.0805833 -2.25103
-0.457308 -1.24301
-0.474293 -2.81938
0.0848735 -0.362041
1.76169 -0.820245
-0.00123916 -2.90324
-0.0298287 -0.176871
1.77206 -1.32842
-0.243031 -4.20665
1.607 1.7096
0.757443 -0.989902
1.43464 0.196403
1.31047 -0.540358
1.40716 -0.225096
1.35382 -0.325687
1.39915 -0.366058
1.34488 -0.221183
1.40815 -0.492804
1.29386 -0.0976499
1.42277 -0.752166
1.07871 -0.000198665
1.42934 -1.44096
-0.0276865 -2.71471
-0.167203 -0.483518
1.37893 0.505088
1.28249 -0.829163
1.28185 0.0575725
1.39927 -0.905576
0.94321 -0.0662485
1.45464 -1.70692
-0.227478 -3.95354
1.2565 1.59071
0.994584 -1.35505
0.48932 -0.65906
1.68822 -0.57958
0.367265 -1.21225
0.0419797 -1.86601
-0.693477 -2.12663
-0.240951 -1.47326
-0.601025 -2.66086
0.0272435 -0.611216
1.40278 0.449577
1.28562 -0.742267
1.34685 -0.0221072
1.39059 -0.654645
1.23619 -0.00283007
1.41966 -0.999082
0.73107 -0.328808
1.56988 -1.66898
-0.289369 -4.09001
1.49713 1.67367
0.888503 -0.969915
1.46404 0.0853426
1.29444 -0.403897
1.44183 -0.432603
1.26009 -0.099053
1.43329 -0.850976
0.929017 -0.0958168
1.46478 -1.7067
-0.234108 -3.97109
1.28622 1.60782
0.987823 -1.29321
0.690899 -0.267176
1.55936 -1.82231
-0.481479 -4.03927
1.62328 1.57311
0.781165 -0.905913
1.54579 -0.0415569
1.16563 -0.202482
1.4719 -1.02101
0.534832 -0.700641
1.67409 -0.49303
0.504562 -0.875486
1.4915 0.223109
1.25524 -0.414177
1.46658 -0.522219
1.16435 -0.0425869
1.43636 -1.17508
0.348161 -1.13313
0.239443 -1.17035
-0.0654942 -2.31729
-0.42456 -1.13229
-0.419902 -2.95657
0.178287 -0.114081
1.68074 -2.04088
-0.90629 -3.3969
1.36964 1.31482
1.06981 -1.04108
1.27855 0.182256
1.37396 -0.990455
0.871609 -0.125689
1.48019 -1.78643
-0.343193 -4.05172
1.49687 1.64429
0.899349 -0.954106
1.47985 0.0469557
1.27766 -0.346
1.45323 -0.546983
1.17885 -0.0341631
1.43319 -1.14101
0.421778 -0.940983
1.20568 0.375339
1.33149 -1.29169
0.337698 -1.12458
0.243556 -1.15597
-0.0324282 -2.15663
-0.536378 -1.43133
-0.488477 -2.49948
-0.142658 -0.91764
-0.0950228 -2.29905
-0.421388 -1.15862
-0.436755 -2.94262
0.173996 -0.136566
1.68916 -1.96294
-0.839934 -3.578
1.49704 1.38444
0.988456 -0.831641
1.53909 -0.231087
1.1337 -0.134998
1.46096 -1.17657
0.2846 -1.32664
-0.228157 -3.18504
0.308993 0.290898
1.52386 -2.95345
-0.895852 -1.04243
-0.154258 -2.02028
-0.542726 -1.63146
-0.477007 -2.2048
-0.312916 -1.36443
-0.553579 -2.78717
0.101189 -0.393416
1.75649 -0.720478
0.0539984 -2.48928
-0.371535 -0.864377
-0.18219 -2.56997
-0.209884 -0.734889
0.253916 -1.01355
0.441673 -0.624496
1.69904 -0.627265
0.282587 -1.46435
-0.404218 -3.46807
0.742546 0.916944
1.17515 -2.58746
-0.96364 -2.00349
-0.0348728 -1.18733
-0.334562 -3.2433
0.422357 0.42596
1.43487 -3.0019
-0.841488 -0.942647
-0.153514 -2.09075
-0.50924 -1.50545
-0.504029 -2.40407
-0.194282 -1.07025
-0.310003 -3.09847
0.260265 0.136976
1.58231 -2.71771
-1.0259 -1.61123
-0.0558085 -1.41657
-0.576495 -3.05155
0.377189 0.180647
1.52322 -2.76569
-0.997707 -1.52644
-0.111012 -1.61655
-0.655919 -2.51114
-0.0474245 -0.855825
0.208448 -1.17996
-0.118127 -2.58131
-0.226781 -0.705094
0.322929 -0.825256
1.37094 0.389469
1.3098 -0.810131
1.25534 0.0554646
1.40452 -0.983585
0.801596 -0.223175
1.52172 -1.77031
-0.363024 -4.07355
1.54557 1.64081
0.856907 -0.923488
1.52051 -0.0237129
1.21519 -0.235843
1.46755 -0.84743
0.832501 -0.213484
1.51339 -1.73818
-0.312044 -4.06474
1.48451 1.65835
0.903391 -0.973162
1.45666 0.0898497
1.30173 -0.424308
1.43496 -0.389069
1.28715 -0.138104
1.43087 -0.73659
1.07482 -0.00686198
1.43126 -1.44576
-0.0331171 -2.7569
-0.132834 -0.41622
1.60949 0.252643
1.05859 -0.292626
1.50696 -1.18567
0.163631 -1.76303
-0.727663 -2.6128
0.084961 -0.583451
1.56977 0.250481
1.13996 -0.303034
1.49617 -0.971801
0.5436 -0.692821
1.67598 -0.539607
0.452868 -0.990879
1.09726 0.318485
1.34211 -1.57629
-0.0869917 -3.11426
0.185101 0.166464
1.60601 -2.75603
-1.01409 -1.48642
-0.0866991 -1.56141
-0.650633 -2.67585
0.0730574 -0.544514
1.62507 0.130419
1.00777 -0.272463
1.50811 -1.32714
-0.0011041 -2.59352
-0.268821 -0.679533
0.324635 -0.812477
1.40827 0.368607
1.29901 -0.694811
1.35807 -0.0583829
1.38888 -0.594414
1.27746 -0.0427604
1.41899 -0.845866
0.975505 -0.0506654
1.44777 -1.65017
-0.172313 -3.80832
1.01554 1.39863
1.03303 -1.92114
-0.448042 -3.81454
1.27336 1.48797
1.02692 -1.29541
0.678411 -0.297185
1.57224 -1.77359
-0.428946 -4.07896
1.61938 1.60298
0.77694 -0.9231
1.5284 0.0120136
1.20478 -0.243229
1.47141 -0.868438
0.789567 -0.269044
1.53856 -1.7135
-0.307548 -4.07805
1.49812 1.66394
0.891276 -0.963715
1.47085 0.0706337
1.28766 -0.379541
1.44731 -0.479915
1.22892 -0.0658628
1.43378 -0.970752
0.7398 -0.321601
1.56562 -1.67504
-0.291528 -4.08834
1.4969 1.67244
0.889128 -0.969423
1.4645 0.0840996
1.29401 -0.402073
1.44223 -0.435938
1.25804 -0.0964607
1.43337 -0.859251
0.917164 -0.106597
1.46918 -1.71951
-0.25112 -3.99633
1.33564 1.62939
0.974827 -1.19593
0.990513 0.120619
1.39663 -1.75076
-0.240032 -3.93352
1.23978 1.57171
1.00071 -1.38918
0.381663 -0.916395
1.20465 0.383764
1.32933 -1.29762
0.328591 -1.14926
0.140534 -1.48293
-0.547701 -3.26899
0.61234 0.629815
1.29625 -2.81394
-0.916626 -1.40787
-0.217674 -2.00332
-0.51986 -1.64391
-0.486877 -2.1911
-0.315469 -1.38673
-0.560736 -2.74458
0.0697507 -0.472645
1.71042 -0.20048
0.586016 -0.752693
1.65244 -0.370025
0.695805 -0.518065
1.63341 -1.24437
-0.0593753 -3.24241
0.295135 0.390714
1.50497 -3.08545
-0.797496 -0.733945
0.000178975 -1.61917
-0.676218 -2.67971
0.0961971 -0.510573
1.68887 -0.108646
0.72219 -0.52474
1.62834 -1.22083
-0.0454219 -3.09272
0.149638 0.133088
1.62733 -2.66653
-1.049 -1.70079
0.00443668 -1.21166
-0.332853 -3.2664
0.446932 0.471529
1.41018 -3.00673
-0.830534 -0.930394
-0.155178 -2.10822
-0.499585 -1.47447
-0.508262 -2.45587
-0.161411 -0.988974
-0.204656 -2.80133
-0.0351248 -0.375304
1.74108 -0.303844
0.394214 -1.18894
0.160435 -1.43048
-0.471503 -3.37388
0.676966 0.778526
1.23105 -2.71828
-0.940437 -1.6464
-0.175689 -1.73707
-0.627095 -2.17301
-0.257957 -1.42355
-0.583851 -2.74018
0.0803233 -0.468169
1.719 -0.262769
0.510669 -0.903569
1.44141 0.283453
1.29362 -0.565882
1.41752 -0.228198
1.34203 -0.298657
1.41037 -0.424408
1.31471 -0.149504
1.4207 -0.645385
1.18136 -0.0014511
1.42532 -1.15938
0.40647 -0.976014
1.04554 0.290215
1.348 -1.70313
-0.175466 -3.7295
0.913745 1.27759
1.06009 -2.17612
-0.802984 -3.25439
0.94672 0.994398
1.14331 -2.09028
-0.681844 -3.59074
1.24658 1.35322
1.06823 -1.33741
0.533194 -0.581763
1.68613 -0.953834
0.0377205 -2.50726
-0.350126 -0.829162
-0.128734 -2.3509
-0.37387 -1.07134
-0.373122 -3.01998
0.214511 -0.00244163
1.63523 -2.39386
-1.06983 -2.46858
0.542361 0.197537
1.45478 -2.6431
-1.0236 -1.9085
0.0238379 -1.08188
-0.168764 -2.74861
-0.0875825 -0.451974
1.59854 0.258337
1.083 -0.293097
1.5037 -1.12708
0.260183 -1.42146
-0.368242 -3.44703
0.686625 0.852072
1.2056 -2.70828
-0.935787 -1.65794
-0.179439 -1.74004
-0.624974 -2.16368
-0.263458 -1.4378
-0.587036 -2.70588
0.0542009 -0.533052
1.62352 0.143075
1.01381 -0.273184
1.5076 -1.31299
0.0120367 -2.50645
-0.33754 -0.825492
-0.116143 -2.30176
-0.409731 -1.15202
-0.433396 -2.96014
0.188419 -0.103464
1.67373 -2.08787
-0.93975 -3.28534
1.28179 1.25091
1.09876 -1.23673
0.813393 -0.108671
1.48314 -1.90971
-0.525283 -3.96478
1.57351 1.55349
0.856451 -0.86658
1.56529 -0.185995
1.08506 -0.155694
1.47025 -1.28278
0.0988793 -2.01667
-0.675418 -1.84212
-0.356541 -1.8851
-0.502832 -1.82679
-0.4533 -1.91959
-0.446148 -1.77768
-0.494548 -1.99435
-0.398952 -1.67374
-0.540247 -2.17121
-0.301527 -1.42554
-0.575107 -2.68773
0.0325184 -0.574199
1.51159 0.357315
1.21899 -0.433817
1.4857 -0.590134
1.06783 -0.0515111
1.44368 -1.42628
-0.0261549 -2.71579
-0.167042 -0.481696
1.38504 0.503128
1.28096 -0.811206
1.30053 0.0421847
1.39769 -0.83897
1.03981 0.000482533
1.43018 -1.54084
-0.0961785 -3.29884
0.366818 0.491551
1.44189 -3.12025
-0.752321 -0.660171
0.0794974 -1.38314
-0.477478 -3.31962
0.612368 0.669982
1.28337 -2.82688
-0.90489 -1.36638
-0.227815 -2.06151
-0.488361 -1.54315
-0.513005 -2.3547
-0.218755 -1.14761
-0.398122 -3.1526
0.360759 0.268135
1.50675 -2.89389
-0.929506 -1.19795
-0.172076 -1.98744
-0.548673 -1.68498
-0.464944 -2.12557
-0.35586 -1.47711
-0.56779 -2.54203
-0.0778748 -0.840981
0.187807 -1.23602
-0.208372 -3.04
0.163971 0.0276016
1.64663 -2.42468
-1.07825 -2.35725
0.455019 0.0112507
1.54123 -2.46426
-1.05141 -2.38887
0.411011 -0.0640686
1.57941 -2.33436
-1.03019 -2.74042
0.748064 0.591231
1.27516 -2.5207
-0.993239 -2.28714
0.188973 -0.551823
1.69895 -0.236269
0.608886 -0.700722
1.66742 -0.60235
0.423092 -1.05506
0.765828 -0.0393287
1.46923 -2.07056
-0.742643 -3.65021
1.43127 1.41992
1.01611 -0.9468
1.43974 0.0477743
1.32054 -0.44157
1.41711 -0.32183
1.32996 -0.222503
1.41798 -0.533399
1.25807 -0.0575275
1.42639 -0.891756
0.889518 -0.130099
1.47938 -1.74744
-0.292037 -4.03646
1.42754 1.65132
0.938991 -1.04135
1.34839 0.20151
1.35421 -0.790753
1.1923 0.0500979
1.41234 -1.16518
0.428102 -0.917842
1.29082 0.382992
1.32706 -1.04411
0.888521 -0.0883907
1.46657 -1.79675
-0.345025 -4.04449
1.4889 1.64153
0.906306 -0.960042
1.47139 0.0600553
1.28741 -0.372218
1.44758 -0.489388
1.22366 -0.0606769
1.4336 -0.990415
0.705813 -0.373481
1.58994 -1.59554
-0.232571 -4.05847
1.40359 1.67368
0.941112 -1.08815
1.26067 0.238457
1.36337 -1.07266
0.744391 -0.287209
1.55359 -1.73483
-0.352192 -4.09185
1.55923 1.64774
0.839744 -0.92577
1.52113 -0.0125245
1.21518 -0.240601
1.46829 -0.842256
0.837613 -0.207859
1.5108 -1.73813
-0.309391 -4.06241
1.47888 1.65837
0.907302 -0.978917
1.44853 0.101627
1.30869 -0.451436
1.42627 -0.33873
1.31385 -0.191046
1.42505 -0.609561
1.19829 -0.0136796
1.42669 -1.10149
0.516722 -0.721108
1.66566 -0.375467
0.639953 -0.615962
1.66444 -0.933472
0.095289 -2.16436
-0.603926 -1.50831
-0.4549 -2.35799
-0.24089 -1.13195
-0.391825 -3.13524
0.3388 0.230326
1.52621 -2.85564
-0.954745 -1.28709
-0.159759 -1.893
-0.592085 -1.86906
-0.395398 -1.86085
-0.493276 -1.86475
-0.446146 -1.86301
-0.468993 -1.86257
-0.458401 -1.86458
-0.462734 -1.86088
-0.461903 -1.86673
-0.460381 -1.85785
-0.463992 -1.87117
-0.457937 -1.85131
-0.467243 -1.88094
-0.453148 -1.8369
-0.47404 -1.90272
-0.44251 -1.8051
-0.488617 -1.95172
-0.418042 -1.73484
-0.518701 -2.06558
-0.358734 -1.57509
-0.569412 -2.36161
-0.189167 -1.13906
-0.376893 -3.17105
0.368144 0.296732
1.49582 -2.92396
-0.909035 -1.12583
-0.173678 -2.03882
-0.524674 -1.59197
-0.491241 -2.26785
-0.274952 -1.27476
-0.512154 -2.9794
0.25273 -0.028486
1.62782 -2.35866
-1.05884 -2.58702
0.642157 0.39328
1.3621 -2.64977
-1.0006 -1.90242
-0.0195433 -1.19545
-0.332469 -3.25063
0.429244 0.439863
1.42764 -3.00506
-0.837084 -0.934993
-0.152528 -2.09292
-0.508631 -1.50188
-0.504346 -2.40976
-0.190806 -1.06142
-0.299111 -3.08052
0.238115 0.101791
1.59968 -2.64366
-1.05127 -1.79631
0.0360411 -1.09184
-0.170309 -2.76347
-0.0759008 -0.428631
1.6533 0.119402
0.925396 -0.324256
1.53292 -1.41522
-0.0768158 -3.25736
0.317006 0.417037
1.48735 -3.09833
-0.783043 -0.707533
0.0251529 -1.54417
-0.643794 -2.91298
0.287636 -0.0491677
1.62049 -2.3313
-1.04715 -2.68251
0.723334 0.54089
1.29558 -2.55828
-0.997629 -2.1736
0.116882 -0.754941
1.12791 0.402042
1.32104 -1.52198
-0.0340134 -2.67434
-0.194718 -0.548717
1.07016 0.417969
1.31326 -1.6853
-0.153062 -3.58864
0.720636 1.02898
1.14384 -2.64519
-0.938144 -1.79414
-0.146304 -1.57418
-0.641997 -2.56076
-0.0215889 -0.773845
0.608963 -0.231258
1.56901 -1.94756
-0.671444 -3.82828
1.57468 1.47505
0.881752 -0.820038
1.58267 -0.320494
0.974444 -0.180251
1.48584 -1.51556
-0.10506 -3.45214
0.534651 0.770699
1.27773 -3.00703
-0.779797 -0.892033
-0.167037 -2.19875
-0.445734 -1.31911
-0.505223 -2.72888
0.0268747 -0.522604
1.61037 0.187617
1.05202 -0.273433
1.50315 -1.2262
0.115804 -1.9589
-0.703269 -2.00482
-0.285275 -1.64806
-0.594224 -2.27011
-0.226816 -1.27996
-0.51163 -3.03335
0.307329 0.0843437
1.5767 -2.62279
-1.05216 -1.88012
0.0689515 -0.977002
0.0903455 -1.59638
-0.663198 -2.91145
0.304475 -0.0268122
1.60781 -2.39193
-1.05956 -2.52038
0.568658 0.255834
1.428 -2.66599
-1.01228 -1.84891
-0.0196711 -1.21857
-0.358967 -3.27637
0.473733 0.502529
1.3889 -2.99059
-0.835405 -0.968348
-0.174178 -2.15676
-0.465204 -1.38854
-0.514636 -2.60906
-0.0577628 -0.734458
0.669432 -0.116586
1.51539 -2.09794
-0.810165 -3.53274
1.37695 1.36604
1.05216 -1.03762
1.29762 0.181903
1.37092 -0.932907
0.974219 -0.0273309
1.44093 -1.67454
-0.188863 -3.85664
1.09293 1.47069
1.02048 -1.73077
-0.194731 -3.54305
0.689916 0.958538
1.17135 -2.71174
-0.921705 -1.6199
-0.201695 -1.82193
-0.595355 -1.9834
-0.354491 -1.69993
-0.555748 -2.1403
-0.30871 -1.47247
-0.582785 -2.59141
-0.0354015 -0.7489
0.676076 -0.108787
1.51121 -2.10228
-0.811966 -3.5258
1.37008 1.36214
1.05503 -1.05134
1.27295 0.190789
1.37284 -1.01181
0.836363 -0.166289
1.49787 -1.79744
-0.375334 -4.05911
1.53853 1.6334
0.866709 -0.921243
1.52068 -0.0318317
1.21408 -0.231573
1.46717 -0.855211
0.822406 -0.225397
1.51881 -1.73627
-0.315141 -4.06874
1.49282 1.65863
0.897241 -0.965438
1.46745 0.0735746
1.29133 -0.389097
1.44463 -0.458673
1.24401 -0.0800215
1.43365 -0.914637
0.833252 -0.196187
1.50781 -1.76166
-0.336765 -4.06633
1.51028 1.65041
0.886374 -0.946726
1.491 0.0308432
1.26329 -0.313937
1.45915 -0.624225
1.10846 -0.0237923
1.43471 -1.34352
0.0720486 -2.12421
-0.611785 -1.57195
-0.446641 -2.26884
-0.292724 -1.26274
-0.505112 -2.97466
0.243481 -0.0426468
1.63528 -2.31632
-1.0486 -2.70065
0.750259 0.584205
1.27695 -2.51389
-0.993303 -2.31019
0.207087 -0.504414
1.73041 -0.530787
0.258982 -1.56581
-0.557752 -3.32885
0.701495 0.769837
1.22835 -2.66302
-0.960098 -1.81008
-0.113014 -1.48076
-0.620359 -2.81987
0.176135 -0.27704
1.72963 -1.4633
-0.298443 -4.19612
1.64323 1.67387
0.714995 -1.00928
1.3823 0.264439
1.32996 -0.722306
1.29486 0.00335947
1.40617 -0.828664
1.03152 -0.00857019
1.433 -1.55405
-0.104747 -3.37845
0.453854 0.636346
1.35562 -3.09679
-0.740609 -0.703198
0.00351821 -1.6378
-0.681507 -2.63851
0.0664055 -0.588545
1.53252 0.318551
1.19633 -0.378717
1.49177 -0.72508
0.916511 -0.140282
1.47953 -1.68272
-0.220061 -3.95887
1.25748 1.59538
0.993062 -1.35387
0.492984 -0.650632
1.68981 -0.621447
0.320724 -1.34276
-0.215331 -3.15549
0.274434 0.235424
1.55282 -2.88565
-0.942402 -1.19611
-0.155769 -1.93106
-0.579863 -1.79764
-0.422557 -1.96166
-0.444323 -1.71059
-0.51167 -2.10058
-0.346729 -1.52334
-0.574479 -2.46416
-0.125302 -0.972009
-0.157455 -2.6076
-0.193272 -0.671075
0.542717 -0.33085
1.6213 -1.7365
-0.448124 -4.09398
1.65872 1.58475
0.718326 -0.967676
1.45985 0.179908
1.2914 -0.466326
1.43879 -0.362383
1.28885 -0.151751
1.43203 -0.719171
1.0897 -0.0041533
1.43011 -1.40902
0.00133906 -2.51612
-0.325395 -0.807696
-0.0809281 -2.15293
-0.512955 -1.41672
-0.498149 -2.53467
-0.115806 -0.860803
0.056391 -1.67088
-0.6954 -2.64954
0.0868776 -0.550163
1.6304 0.109245
0.989675 -0.27626
1.51124 -1.36068
-0.0303342 -2.8115
-0.091612 -0.328163
1.75276 -0.334055
0.328361 -1.37612
-0.247106 -3.28052
0.416606 0.474453
1.4231 -3.04801
-0.803684 -0.830548
-0.100479 -1.95722
-0.596731 -1.77894
-0.41842 -1.98661
-0.436273 -1.67238
-0.523016 -2.16373
-0.312831 -1.43383
-0.574203 -2.66058
0.0109439 -0.625646
1.3209 0.476235
1.30173 -0.987553
1.04402 0.0510115
1.41579 -1.56915
-0.107132 -3.37702
0.453427 0.633994
1.35657 -3.09629
-0.741402 -0.704639
0.00185389 -1.64309
-0.682536 -2.62223
0.0541449 -0.620113
1.43188 0.425902
1.27577 -0.653317
1.40644 -0.146961
1.35738 -0.390982
1.38868 -0.289944
1.36819 -0.313768
1.38673 -0.341637
1.3641 -0.270622
1.39305 -0.393753
1.34688 -0.208612
1.40639 -0.499018
1.29418 -0.0951508
1.4223 -0.753324
1.07866 0.000114636
1.42925 -1.44133
-0.027939 -2.7165
-0.165747 -0.480666
1.39102 0.500767
1.27942 -0.793567
1.3177 0.0249553
1.39549 -0.77542
1.11943 0.0261965
1.42128 -1.35263
0.0782195 -2.08695
-0.633765 -1.65863
-0.422887 -2.14443
-0.364715 -1.4392
-0.559599 -2.60307
-0.0396417 -0.735879
0.720907 -0.0333931
1.47647 -2.14606
-0.837099 -3.43999
1.2909 1.30735
1.08177 -1.22275
0.865881 -0.0371558
1.4532 -1.89521
-0.476438 -3.9905
1.55266 1.57961
0.871217 -0.884694
1.54954 -0.134037
1.13861 -0.165837
1.46764 -1.13254
0.345765 -1.15211
0.169851 -1.38794
-0.40926 -3.40591
0.665879 0.796105
1.22812 -2.7454
-0.927289 -1.56527
-0.20155 -1.85635
-0.584756 -1.91713
-0.383584 -1.79333
-0.519647 -1.97468
-0.394909 -1.70601
-0.53593 -2.11788
-0.328035 -1.50245
-0.580046 -2.51753
-0.0879071 -0.88018
0.054325 -1.68661
-0.698933 -2.6044
0.0532051 -0.637559
1.37895 0.453535
1.2937 -0.811206
1.28083 0.04956
1.40105 -0.903251
0.941964 -0.0681915
1.45532 -1.70767
-0.228705 -3.95604
1.26097 1.59327
0.993673 -1.34554
0.520086 -0.592167
1.68963 -0.897552
0.0709833 -2.31411
-0.50007 -1.1894
-0.439442 -2.83164
0.0783749 -0.346052
1.7635 -0.876908
-0.0237035 -3.12248
0.16801 0.185175
1.60893 -2.78694
-1.00084 -1.40344
-0.106854 -1.6615
-0.659589 -2.41262
-0.109547 -1.02863
-0.213061 -2.87025
0.021867 -0.263787
1.77119 -1.08709
-0.0922347 -3.83549
0.99434 1.41949
1.02483 -1.97537
-0.53977 -3.73875
1.27009 1.43968
1.04205 -1.29416
0.677615 -0.30207
1.57404 -1.7643
-0.41836 -4.08502
1.61638 1.60927
0.779271 -0.924615
1.52676 0.0148083
1.20785 -0.24665
1.47118 -0.856083
0.808618 -0.244436
1.52723 -1.7274
-0.312721 -4.07295
1.49617 1.6607
0.893954 -0.963594
1.47039 0.0698881
1.28822 -0.380185
1.44694 -0.477664
1.23075 -0.067343
1.43376 -0.964171
0.751212 -0.304897
1.55779 -1.69528
-0.306781 -4.08921
1.51229 1.66717
0.878601 -0.954865
1.48374 0.0521849
1.27277 -0.340717
1.45576 -0.566621
1.16016 -0.0288045
1.43335 -1.19799
0.312309 -1.23312
-0.0813219 -2.43068
-0.344385 -0.942271
-0.25161 -2.84558
0.0157566 -0.311888
1.77195 -0.829236
-0.0156312 -3.05848
0.107623 0.0779529
1.65574 -2.49706
-1.08323 -2.13154
0.282398 -0.397208
1.72376 -1.22478
-0.110031 -3.85861
1.03698 1.45629
1.01847 -1.86984
-0.372513 -3.82444
1.20894 1.47855
1.02874 -1.44613
0.219618 -1.39004
-0.365762 -3.42324
0.654614 0.803268
1.22866 -2.77093
-0.914928 -1.49229
-0.220001 -1.95412
-0.539758 -1.72984
-0.460233 -2.06126
-0.386636 -1.56979
-0.557836 -2.35572
-0.198018 -1.14872
-0.390495 -3.16791
0.372644 0.295966
1.49404 -2.91965
-0.911335 -1.13722
-0.174995 -2.03623
-0.525248 -1.5962
-0.490492 -2.26135
-0.278643 -1.28424
-0.518037 -2.96079
0.23819 -0.0633722
1.64318 -2.2581
-1.0281 -2.85957
0.900008 0.818927
1.19293 -2.1997
-0.815281 -3.30931
1.05198 1.11194
1.11891 -1.82064
-0.27386 -3.81169
1.10056 1.43279
1.03254 -1.70879
-0.171444 -3.43948
0.554228 0.75974
1.27398 -2.96649
-0.809044 -0.992252
-0.208213 -2.27923
-0.382037 -1.19035
-0.458887 -2.95803
0.200056 -0.0988887
1.66797 -2.117
-0.957554 -3.21717
1.22438 1.20204
1.11149 -1.37625
0.396283 -0.906475
1.26684 0.390979
1.32691 -1.11804
0.739003 -0.282436
1.55323 -1.7491
-0.370795 -4.08939
1.57423 1.63794
0.825858 -0.920504
1.52813 -0.0220253
1.20198 -0.227277
1.46944 -0.89379
0.757048 -0.312482
1.55896 -1.6751
-0.283965 -4.08054
1.4795 1.67237
0.90181 -0.985572
1.44129 0.116499
1.31388 -0.478646
1.41738 -0.29326
1.33441 -0.245631
1.41594 -0.49838
1.27837 -0.0836848
1.42564 -0.809921
1.00433 -0.0351546
1.4417 -1.59721
-0.133058 -3.60664
0.730755 1.05563
1.13407 -2.62252
-0.942157 -1.85408
-0.12322 -1.48236
-0.620658 -2.80044
0.158473 -0.317476
1.74424 -1.25218
-0.143946 -4.02831
1.28861 1.6581
0.971002 -1.30148
0.662975 -0.311163
1.58073 -1.75486
-0.414313 -4.09035
1.6192 1.6112
0.774389 -0.928832
1.52204 0.0302556
1.21688 -0.260637
1.47081 -0.815164
0.867586 -0.17571
1.49633 -1.73131
-0.287249 -4.0439
1.43319 1.656
0.934653 -1.03513
1.35994 0.194579
1.35142 -0.752675
1.23332 0.0353693
1.41189 -1.03517
0.686722 -0.395524
1.60152 -1.55661
-0.208168 -4.0328
1.34782 1.65932
0.962294 -1.18184
1.03164 0.157191
1.38563 -1.67094
-0.162293 -3.70758
0.876225 1.23764
1.07058 -2.27013
-0.882692 -2.95466
0.676354 0.554226
1.30216 -2.66014
-0.982424 -1.85742
-0.0654666 -1.33415
-0.510496 -3.17929
0.468386 0.39727
1.42329 -2.92126
-0.893036 -1.14537
-0.197381 -2.11252
-0.477387 -1.46047
-0.51775 -2.48952
-0.136265 -0.935019
-0.115757 -2.4005
-0.34844 -0.991173
-0.298564 -2.96022
0.128255 -0.118868
1.70111 -1.94304
-0.834754 -3.5984
1.51621 1.38893
0.971423 -0.811069
1.55537 -0.29693
1.0658 -0.131372
1.46531 -1.35618
0.0188501 -2.43233
-0.392478 -0.953443
-0.276623 -2.87645
0.0494925 -0.263611
1.76483 -1.17611
-0.124848 -3.99081
1.22345 1.62133
0.984603 -1.43682
0.23709 -1.32218
-0.264797 -3.27718
0.421916 0.471959
1.42139 -3.03945
-0.809668 -0.851123
-0.113693 -1.99671
-0.573462 -1.69373
-0.450169 -2.10935
-0.369603 -1.49728
-0.56444 -2.49525
-0.110532 -0.921662
-0.0669623 -2.18274
-0.503668 -1.36782
-0.495319 -2.6116
-0.0648492 -0.731732
0.659203 -0.133242
1.52339 -2.08285
-0.798982 -3.56366
1.40187 1.38163
1.03995 -0.990461
1.37429 0.128413
1.35632 -0.673116
1.28534 -0.013488
1.41174 -0.844774
0.996255 -0.0323682
1.44127 -1.61879
-0.146684 -3.68698
0.839497 1.19858
1.08217 -2.36141
-0.930409 -2.65542
0.406833 0.0124956
1.55838 -2.48204
-1.05803 -2.31513
0.360975 -0.182721
1.63409 -2.04249
-0.858164 -3.49427
1.41205 1.35551
1.04466 -0.962772
1.40479 0.086638
1.34462 -0.560044
1.36076 -0.135782
1.39357 -0.524355
1.30424 -0.0921067
1.41817 -0.726031
1.11671 0.00974993
1.42565 -1.3477
0.0789368 -2.08586
-0.634685 -1.66178
-0.421834 -2.13992
-0.367298 -1.44556
-0.559738 -2.58959
-0.0491577 -0.759783
0.584132 -0.273742
1.59014 -1.86877
-0.588616 -3.95136
1.63159 1.51226
0.78826 -0.872844
1.57306 -0.147765
1.07798 -0.168494
1.4741 -1.28713
0.0869272 -2.0745
-0.644446 -1.69549
-0.410105 -2.09171
-0.394656 -1.51391
-0.555243 -2.44918
-0.144114 -0.999352
-0.204499 -2.81184
-0.0270836 -0.358188
1.75451 -0.426297
0.256357 -1.59733
-0.595318 -3.25847
0.648424 0.663499
1.27489 -2.75233
-0.940266 -1.57247
-0.185507 -1.80801
-0.606721 -2.02081
-0.334284 -1.64674
-0.5735 -2.24429
-0.25025 -1.31987
-0.538664 -2.94019
0.231746 -0.0924117
1.65408 -2.17297
-0.98635 -3.0877
1.10818 1.08601
1.13265 -1.67255
-0.128819 -3.24875
0.330133 0.402452
1.48488 -3.07235
-0.802641 -0.768515
-0.0380565 -1.74485
-0.679651 -2.30809
-0.158438 -1.19386
-0.416914 -3.19518
0.418723 0.364873
1.45432 -2.95105
-0.881925 -1.06719
-0.179886 -2.10252
-0.490655 -1.47966
-0.512576 -2.4525
-0.161597 -0.994602
-0.211088 -2.82809
-0.0121719 -0.333022
1.76767 -0.61707
0.0898813 -2.29733
-0.521893 -1.23356
-0.45131 -2.76575
0.0303403 -0.464608
1.69533 -0.0934997
0.705225 -0.554891
1.63913 -1.14028
-0.0138023 -2.82379
-0.088677 -0.306833
1.76628 -0.460867
0.193558 -1.83175
-0.743529 -2.48143
-0.00183573 -0.824688
0.450383 -0.560178
1.70262 -0.910154
0.0382301 -2.52259
-0.339449 -0.803113
-0.0838716 -2.15926
-0.507996 -1.40421
-0.498954 -2.5561
-0.101259 -0.825305
0.187047 -1.2331
-0.20567 -3.0273
0.151631 0.00546955
1.65702 -2.35331
-1.06934 -2.54857
0.628829 0.362437
1.37568 -2.65413
-1.0029 -1.8899
-0.020567 -1.20349
-0.342385 -3.26124
0.446703 0.464876
1.4123 -3.00214
-0.834542 -0.941815
-0.159039 -2.11501
-0.494243 -1.46189
-0.51021 -2.47795
-0.146884 -0.953637
-0.151144 -2.56522
-0.224898 -0.73582
0.219942 -1.1071
0.0385454 -1.83694
-0.697316 -2.19297
-0.207411 -1.36919
-0.565679 -2.91007
0.221211 -0.135282
1.67096 -2.03623
-0.89142 -3.43204
1.38915 1.33038
1.06004 -1.00272
1.34372 0.147322
1.36566 -0.774887
1.18489 0.0435073
1.41437 -1.18194
0.389407 -1.01532
0.841166 0.073571
1.42161 -2.04755
-0.679896 -3.73712
1.45899 1.45943
0.988926 -0.91523
1.48379 -0.0295505
1.27145 -0.293287
1.45389 -0.624991
1.12086 -0.0192943
1.43305 -1.3138
0.115984 -1.92132
-0.712883 -2.09936
-0.240613 -1.50415
-0.607328 -2.59798
-0.0163723 -0.725696
0.841594 0.141695
1.40035 -2.10099
-0.740613 -3.61546
1.37721 1.40073
1.04113 -1.04602
1.29173 0.1896
1.37034 -0.954764
0.941059 -0.0545988
1.45129 -1.72305
-0.242273 -3.97341
1.29648 1.61021
0.986254 -1.27167
0.760343 -0.156725
1.50807 -1.9267
-0.575134 -3.92538
1.58012 1.52634
0.857614 -0.850481
1.57453 -0.233829
1.04175 -0.158881
1.47439 -1.38629
-0.0182024 -2.68447
-0.194017 -0.531701
1.141 0.467068
1.30443 -1.50501
-0.00665032 -2.48207
-0.34524 -0.863547
-0.169371 -2.53235
-0.240091 -0.79043
0.0404732 -1.6933
-0.698196 -2.56168
0.0195805 -0.722993
0.967939 0.286971
1.3481 -1.89946
-0.413692 -3.97412
1.46226 1.59801
0.939473 -0.969037
1.45078 0.0783702
1.30821 -0.432143
1.42898 -0.3633
1.3039 -0.166993
1.42755 -0.661017
1.15357 0.000210663
1.42664 -1.23908
0.251677 -1.4157
-0.368836 -3.44265
0.68149 0.843751
1.20936 -2.71857
-0.932717 -1.63038
-0.187434 -1.77795
-0.613504 -2.07981
-0.306725 -1.56187
-0.590448 -2.42118
-0.143681 -1.04024
-0.248899 -2.98097
0.127196 -0.0793322
1.68981 -2.07061
-0.941294 -3.2945
1.29877 1.26059
1.09535 -1.19636
0.925625 0.0262444
1.4279 -1.83045
-0.360689 -4.0243
1.47692 1.63018
0.918751 -0.966743
1.46017 0.074061
1.29907 -0.406603
1.43831 -0.417333
1.27206 -0.113453
1.43229 -0.803075
0.994965 -0.0448702
1.44498 -1.61055
-0.142803 -3.66965
0.815054 1.16804
1.09205 -2.42154
-0.947713 -2.46186
0.247126 -0.364376
1.72754 -1.27775
-0.140554 -3.99674
1.24368 1.62819
0.982594 -1.39233
0.368513 -0.945995
1.06684 0.313901
1.34208 -1.65666
-0.13948 -3.5357
0.648964 0.92984
1.18965 -2.80077
-0.883005 -1.37987
-0.251188 -2.12017
-0.44911 -1.44629
-0.528833 -2.5291
-0.105643 -0.869219
0.052082 -1.68992
-0.699326 -2.59157
0.0434364 -0.662746
1.27366 0.468767
1.30771 -1.1238
0.769928 -0.230494
1.53003 -1.80188
-0.416377 -4.06305
1.58548 1.61263
0.820845 -0.906742
1.54158 -0.0594597
1.17122 -0.197882
1.47005 -1.0106
0.559072 -0.650503
1.68141 -0.729383
0.242674 -1.58046
-0.586115 -3.26777
0.650592 0.672165
1.27154 -2.75029
-0.940081 -1.57667
-0.185304 -1.80492
-0.607648 -2.02711
-0.331322 -1.63774
-0.575899 -2.26234
-0.239862 -1.29258
-0.521571 -2.99751
0.277279 0.0157273
1.60642 -2.47536
-1.07063 -2.27227
0.357566 -0.201355
1.64127 -1.99015
-0.81006 -3.61401
1.49401 1.39951
0.985815 -0.841777
1.53519 -0.207763
1.15026 -0.142775
1.46106 -1.12413
0.378729 -1.06088
0.614209 -0.287707
1.58615 -1.82842
-0.525843 -4.0156
1.64177 1.54491
0.760736 -0.909112
1.54296 -0.0177689
1.17471 -0.214575
1.47275 -0.983135
0.598841 -0.574503
1.66955 -1.0447
0.00532299 -2.71199
-0.183636 -0.486695
1.33239 0.517585
1.29032 -0.966991
1.09925 0.0812878
1.4069 -1.44586
-0.014995 -2.60681
-0.252714 -0.657309
0.44598 -0.525442
1.70083 -1.03839
-0.0264628 -3.0277
0.0850025 0.0256432
1.67693 -2.32562
-1.07066 -2.58964
0.680386 0.453638
1.3328 -2.61018
-1.00114 -2.01994
0.034388 -1.01099
-0.0481533 -2.15308
-0.52995 -1.43023
-0.49147 -2.50481
-0.137998 -0.909252
-0.0761367 -2.21336
-0.481549 -1.31006
-0.490553 -2.71007
0.00514901 -0.559654
1.50068 0.378382
1.22843 -0.465342
1.4809 -0.521418
1.131 -0.0474684
1.43974 -1.26318
0.183189 -1.65682
-0.679989 -2.95024
0.36388 0.0860398
1.55406 -2.62126
-1.04827 -1.90696
0.0721342 -0.959615
0.148807 -1.39471
-0.436446 -3.38781
0.664777 0.778881
1.23387 -2.7447
-0.929677 -1.57107
-0.198229 -1.8437
-0.590365 -1.94315
-0.371686 -1.75673
-0.535025 -2.0377
-0.362817 -1.61774
-0.564457 -2.28263
-0.234749 -1.26163
-0.499585 -3.04855
0.31491 0.108086
1.56754 -2.6666
-1.03994 -1.76564
0.00391062 -1.18893
-0.307219 -3.22764
0.390583 0.386273
1.46087 -3.0008
-0.849425 -0.94327
-0.146736 -2.06161
-0.526936 -1.55917
-0.493032 -2.31622
-0.248475 -1.2029
-0.456571 -3.09709
0.337597 0.183049
1.53896 -2.78659
-0.991265 -1.46058
-0.122982 -1.68462
-0.653792 -2.34008
-0.156266 -1.15402
-0.375484 -3.19421
0.392245 0.34302
1.47232 -2.95557
-0.883391 -1.05287
-0.172181 -2.08288
-0.504148 -1.51494
-0.506358 -2.39184
-0.200415 -1.08953
-0.33272 -3.12787
0.300073 0.197606
1.55103 -2.82032
-0.977186 -1.36402
-0.139222 -1.78421
-0.63335 -2.10538
-0.28522 -1.52274
-0.596365 -2.5155
-0.0804374 -0.878611
0.0714947 -1.62511
-0.679816 -2.79891
0.206738 -0.253561
1.7125 -1.61877
-0.451416 -4.14188
1.7224 1.56055
0.598659 -1.13127
0.873957 0.0782323
1.41642 -1.98442
-0.584143 -3.86999
1.51527 1.51929
0.928486 -0.873299
1.54 -0.156892
1.15396 -0.159901
1.46448 -1.09705
0.418883 -0.960215
1.13308 0.346369
1.33627 -1.48807
-0.00727436 -2.50634
-0.328039 -0.822928
-0.106273 -2.26282
-0.437726 -1.21814
-0.467336 -2.86838
0.123276 -0.270921
1.7453 -1.3566
-0.221733 -4.16833
1.5393 1.71872
0.834804 -0.974385
1.46536 0.113659
1.29141 -0.416818
1.44326 -0.424587
1.26064 -0.102657
1.43376 -0.846215
0.934291 -0.0914452
1.46299 -1.70024
-0.226202 -3.95738
1.26067 1.59438
0.993318 -1.34648
0.517007 -0.59864
1.69046 -0.868508
0.0915244 -2.20629
-0.578193 -1.41726
-0.466586 -2.49371
-0.155359 -0.924491
-0.117811 -2.40095
-0.347242 -0.990511
-0.297601 -2.9593
0.127071 -0.120495
1.70204 -1.9354
-0.827927 -3.61465
1.52663 1.39305
0.960727 -0.80258
1.56282 -0.327417
1.02968 -0.141075
1.47037 -1.43412
-0.0510176 -2.93923
0.0194709 -0.123246
1.74278 -1.69342
-0.60848 -4.01053
1.7317 1.46346
0.603864 -1.09071
1.03495 0.242758
1.36122 -1.70875
-0.184321 -3.77434
0.979181 1.35102
1.04332 -2.01171
-0.590036 -3.68709
1.25866 1.40685
1.05221 -1.31589
0.606173 -0.43285
1.63447 -1.47732
-0.176435 -3.99748
1.27354 1.63019
0.981198 -1.32651
0.581353 -0.464437
1.65049 -1.38136
-0.128781 -3.84821
1.0367 1.44558
1.02158 -1.86997
-0.371406 -3.8258
1.20977 1.47979
1.02841 -1.44429
0.224491 -1.37412
-0.340517 -3.40668
0.616118 0.756293
1.25446 -2.84234
-0.884933 -1.30897
-0.242059 -2.14557
-0.440257 -1.40513
-0.527096 -2.60141
-0.057219 -0.746033
0.619609 -0.20565
1.55761 -1.99076
-0.716389 -3.7484
1.52977 1.45149
0.938444 -0.827658
1.56105 -0.275453
1.06036 -0.13941
1.46782 -1.36149
0.0107259 -2.48423
-0.352454 -0.862771
-0.171916 -2.53879
-0.234798 -0.780957
0.0712611 -1.58263
-0.658547 -2.9078
0.296117 -0.0413793
1.61508 -2.35448
-1.05241 -2.62175
0.66447 0.436996
1.34217 -2.63258
-0.99941 -1.9524
-0.000615082 -1.12597
-0.24016 -3.04668
0.182246 0.0379007
1.63706 -2.46716
-1.07857 -2.24903
0.359774 -0.203099
1.64103 -1.98711
-0.806366 -3.62198
1.49879 1.40203
0.981375 -0.836789
1.53968 -0.22357
1.13487 -0.137309
1.4614 -1.17116
0.293051 -1.30125
-0.191749 -3.02796
0.147002 0.00781208
1.65816 -2.35441
-1.07007 -2.54307
0.624764 0.354518
1.37938 -2.65589
-1.00337 -1.88463
-0.0217884 -1.20891
-0.349468 -3.26731
0.4577 0.480016
1.40282 -2.99819
-0.834422 -0.950939
-0.164758 -2.13166
-0.482881 -1.43224
-0.513118 -2.53004
-0.112219 -0.868429
0.0431981 -1.72159
-0.702538 -2.49309
-0.0269168 -0.85007
0.279512 -0.980194
0.665298 -0.1789
1.53675 -2.00238
-0.710405 -3.74722
1.51903 1.45385
0.947466 -0.838047
1.55285 -0.242502
1.09587 -0.136803
1.4646 -1.27442
0.119986 -1.92002
-0.714854 -2.10899
-0.235102 -1.48845
-0.605742 -2.63652
0.0114385 -0.654623
1.22017 0.464148
1.30922 -1.27845
0.408918 -0.930398
1.21472 0.380535
1.33032 -1.26727
0.394481 -0.973456
1.02576 0.276056
1.35154 -1.74835
-0.21793 -3.86129
1.12232 1.48353
1.01987 -1.65885
-0.130377 -3.16214
0.246437 0.247527
1.56219 -2.90963
-0.929728 -1.13081
-0.151271 -1.95325
-0.573224 -1.75754
-0.436311 -2.0188
-0.415155 -1.62738
-0.539842 -2.24428
-0.265919 -1.31769
-0.537293 -2.92376
0.214883 -0.12749
1.67097 -2.0513
-0.90539 -3.3917
1.36014 1.31103
1.07297 -1.06135
1.2417 0.191034
1.37587 -1.10522
0.645915 -0.451568
1.62893 -1.42851
-0.138735 -3.86662
1.06834 1.47323
1.01696 -1.79236
-0.263857 -3.73729
0.990193 1.32045
1.05315 -1.98322
-0.541085 -3.75019
1.28851 1.45129
1.03784 -1.25341
0.803959 -0.106165
1.48388 -1.92841
-0.553983 -3.93665
1.56952 1.53811
0.866561 -0.857303
1.56842 -0.213436
1.06675 -0.153746
1.47116 -1.33076
0.0389334 -2.31952
-0.478286 -1.1623
-0.430927 -2.8778
0.113522 -0.26158
1.74628 -1.37012
-0.235412 -4.1808
1.56734 1.71366
0.806559 -0.970621
1.47074 0.119531
1.2854 -0.407367
1.44796 -0.451858
1.2407 -0.0811128
1.43454 -0.92343
0.816611 -0.216994
1.51713 -1.75754
-0.340959 -4.07177
1.52163 1.65001
0.876679 -0.93914
1.50109 0.0134156
1.24863 -0.285427
1.46308 -0.698014
1.02986 -0.0457666
1.44362 -1.52619
-0.0932183 -3.28927
0.355828 0.474251
1.45232 -3.11739
-0.757888 -0.666673
0.0717457 -1.4053
-0.507871 -3.28153
0.590872 0.616231
1.30756 -2.85027
-0.899988 -1.31269
-0.227248 -2.09702
-0.471397 -1.48412
-0.521499 -2.45552
-0.155806 -0.990099
-0.202099 -2.79406
-0.0415874 -0.386535
1.72933 -0.219297
0.498137 -0.94042
1.3379 0.355392
1.32594 -0.893589
1.13174 0.0708535
1.40936 -1.35034
0.098035 -1.98872
-0.685226 -1.90725
-0.330758 -1.79264
-0.544324 -1.9855
-0.379048 -1.69364
-0.545747 -2.14324
-0.312026 -1.46704
-0.580907 -2.59864
-0.0312559 -0.736578
0.744754 0.00316777
1.45976 -2.15237
-0.834104 -3.43664
1.28005 1.30193
1.0837 -1.24833
0.792278 -0.133845
1.49474 -1.91144
-0.539126 -3.95715
1.57949 1.54581
0.851727 -0.862356
1.56902 -0.198226
1.07098 -0.156466
1.47155 -1.31739
0.0536095 -2.2399
-0.536232 -1.32161
-0.472115 -2.64896
-0.0485659 -0.668616
0.990721 0.321706
1.33791 -1.85793
-0.347628 -3.97744
1.39966 1.61041
0.964699 -1.06961
1.29007 0.221987
1.36362 -0.976473
0.921899 -0.0693034
1.45735 -1.74922
-0.276485 -4.01298
1.38123 1.6398
0.960562 -1.11295
1.203 0.233564
1.36717 -1.24046
0.377687 -1.02901
0.749163 -0.0571013
1.47816 -2.07528
-0.755072 -3.6306
1.42334 1.41115
1.0224 -0.958252
1.42388 0.0714512
1.3323 -0.498023
1.39463 -0.229044
1.36653 -0.353181
1.38435 -0.306774
1.37107 -0.3087
1.38436 -0.339353
1.3671 -0.278197
1.39007 -0.378722
1.35378 -0.228655
1.4019 -0.461195
1.31559 -0.132609
1.41847 -0.657816
1.17649 0.00237198
1.42476 -1.17612
0.375108 -1.05636
0.623144 -0.270518
1.57801 -1.86078
-0.56115 -3.97606
1.63096 1.52757
0.78426 -0.882643
1.56595 -0.114874
1.10538 -0.17274
1.47273 -1.21287
0.196677 -1.62261
-0.650858 -3.07023
0.47143 0.31696
1.44593 -2.84661
-0.942909 -1.33815
-0.181788 -1.93589
-0.565375 -1.77628
-0.435768 -1.99268
-0.426107 -1.66607
-0.528919 -2.17654
-0.304128 -1.41611
-0.571986 -2.70268
0.0425021 -0.547341
1.58416 0.238481
1.1123 -0.289463
1.49844 -1.05953
0.386924 -1.05497
0.663625 -0.199771
1.54401 -1.968
-0.67153 -3.81475
1.55621 1.47567
0.90316 -0.824555
1.57433 -0.300619
1.01047 -0.159439
1.4769 -1.45914
-0.0704805 -3.12081
0.184725 0.178968
1.60345 -2.78085
-1.00298 -1.42436
-0.104414 -1.64412
-0.65978 -2.45606
-0.0818223 -0.95246
-0.0875369 -2.29078
-0.430037 -1.17362
-0.444801 -2.92098
0.158436 -0.176171
1.70706 -1.80219
-0.679855 -3.89253
1.67201 1.44981
0.735832 -0.895475
1.55592 -0.0396074
1.14486 -0.197969
1.47404 -1.08203
0.418803 -0.964257
1.11835 0.338202
1.33775 -1.52598
-0.046043 -2.77499
-0.113669 -0.388506
1.67675 0.0636858
0.835415 -0.402849
1.57053 -1.41343
-0.0954554 -3.49419
0.57723 0.845476
1.2379 -2.94068
-0.811997 -1.03825
-0.228483 -2.3183
-0.350949 -1.13231
-0.41801 -3.03417
0.250891 0.0374063
1.61083 -2.51138
-1.07219 -2.15981
0.273541 -0.40858
1.72818 -1.1579
-0.0867829 -3.70713
0.827026 1.21672
1.07712 -2.39218
-0.939405 -2.54309
0.307877 -0.213502
1.66319 -1.90831
-0.742739 -3.76257
1.58955 1.43551
0.87571 -0.797729
1.59267 -0.38761
0.899471 -0.234274
1.5101 -1.59518
-0.1652 -3.84204
1.05525 1.44518
1.02375 -1.82334
-0.302173 -3.79213
1.09787 1.41524
1.03739 -1.7143
-0.175379 -3.46452
0.585177 0.807387
1.24768 -2.91678
-0.833483 -1.10618
-0.239197 -2.2969
-0.358971 -1.1672
-0.44394 -3.00398
0.235669 -0.013178
1.63008 -2.38381
-1.06592 -2.50759
0.572975 0.259918
1.42529 -2.6636
-1.01227 -1.85658
-0.0169298 -1.20819
-0.345053 -3.26626
0.453892 0.476055
1.40571 -3.00061
-0.833584 -0.94518
-0.161947 -2.12458
-0.487904 -1.44484
-0.511992 -2.50767
-0.127246 -0.90532
-0.0568891 -2.13045
-0.537551 -1.46846
-0.48982 -2.44549
-0.175596 -1.00375
-0.230145 -2.89346
0.0466627 -0.227836
1.75957 -1.3292
-0.221683 -4.18031
1.55471 1.72049
0.818172 -0.973946
1.46635 0.120915
1.28991 -0.418485
1.44423 -0.426385
1.25819 -0.100405
1.43401 -0.855399
0.920777 -0.103605
1.46792 -1.71539
-0.245649 -3.98896
1.32073 1.62355
0.979114 -1.22442
0.907234 0.0368735
1.42609 -1.87945
-0.430939 -4.00456
1.52227 1.60137
0.893564 -0.911165
1.52309 -0.0612605
1.20632 -0.21416
1.46619 -0.895729
0.764272 -0.300813
1.55373 -1.68871
-0.294168 -4.08219
1.49114 1.66969
0.894481 -0.972929
1.45905 0.09088
1.29927 -0.419083
1.43728 -0.401659
1.27926 -0.125746
1.43188 -0.770946
1.03452 -0.0226715
1.4369 -1.5348
-0.095377 -3.30021
0.367875 0.49399
1.44066 -3.12107
-0.75125 -0.658238
0.082249 -1.37492
-0.465851 -3.33107
0.616954 0.684305
1.27736 -2.822
-0.905471 -1.37697
-0.228004 -2.05479
-0.49146 -1.55441
-0.510892 -2.33594
-0.230109 -1.17599
-0.428405 -3.1351
0.360329 0.246603
1.51267 -2.86623
-0.946473 -1.26627
-0.166651 -1.92807
-0.575747 -1.79788
-0.424662 -1.96153
-0.44343 -1.71108
-0.511993 -2.09994
-0.346866 -1.52432
-0.574463 -2.46226
-0.126508 -0.975191
-0.162511 -2.63115
-0.174911 -0.635433
0.751127 0.0365425
1.44787 -2.17768
-0.85446 -3.3724
1.22464 1.25301
1.09681 -1.38055
0.391386 -0.915105
1.22937 0.387644
1.32863 -1.22704
0.489889 -0.745953
1.647 -0.216824
0.818837 -0.364785
1.56264 -1.50684
-0.139035 -3.78682
0.963267 1.35761
1.04006 -2.05206
-0.652251 -3.59083
1.20227 1.33363
1.07179 -1.44509
0.220756 -1.39833
-0.375545 -3.42859
0.668656 0.81981
1.21991 -2.74326
-0.925313 -1.56585
-0.203768 -1.86198
-0.581857 -1.90531
-0.389051 -1.80995
-0.512275 -1.9469
-0.408757 -1.74509
-0.520617 -2.05031
-0.36429 -1.5974
-0.56567 -2.31831
-0.215062 -1.20686
-0.45102 -3.13128
0.370639 0.251147
1.50702 -2.86566
-0.94571 -1.27016
-0.168334 -1.93149
-0.573599 -1.79058
-0.42774 -1.97197
-0.437958 -1.69579
-0.517776 -2.12544
-0.33286 -1.48851
-0.577037 -2.53967
-0.0746227 -0.842602
0.189796 -1.23063
-0.200419 -3.00475
0.129834 -0.0333893
1.67573 -2.21565
-1.02671 -2.91521
0.972701 0.914281
1.16761 -2.02081
-0.574088 -3.76505
1.35225 1.47179
1.02391 -1.11693
1.16767 0.206654
1.37406 -1.32904
0.187347 -1.61391
-0.647585 -3.07215
0.470154 0.316519
1.44658 -2.84767
-0.942491 -1.33522
-0.181971 -1.93823
-0.564362 -1.77186
-0.437422 -1.99903
-0.422798 -1.6569
-0.531997 -2.19257
-0.295056 -1.39309
-0.56699 -2.75532
0.0824371 -0.448456
1.73327 -0.371763
0.374858 -1.23048
0.0114238 -1.9998
-0.636501 -1.78173
-0.395597 -1.97698
-0.450305 -1.68384
-0.514214 -2.1423
-0.326735 -1.46342
-0.575778 -2.59193
-0.0389096 -0.750568
0.657395 -0.14066
1.52627 -2.07284
-0.789542 -3.58652
1.41839 1.39219
1.03054 -0.961516
1.41531 0.0798739
1.33801 -0.526585
1.38035 -0.184781
1.38056 -0.42848
1.35477 -0.201281
1.40065 -0.483792
1.30942 -0.115592
1.41918 -0.690779
1.14721 0.00832389
1.42492 -1.26295
0.212766 -1.54482
-0.56719 -3.28342
0.65099 0.683291
1.26789 -2.75247
-0.93786 -1.5685
-0.188799 -1.8195
-0.602006 -1.9959
-0.346346 -1.68221
-0.562726 -2.17474
-0.289427 -1.42277
-0.577215 -2.7059
0.0482003 -0.538491
1.60752 0.185481
1.05858 -0.271457
1.50187 -1.21337
0.135456 -1.87399
-0.728069 -2.25455
-0.155106 -1.24844
-0.467755 -3.1639
0.418121 0.3306
1.46442 -2.91774
-0.905852 -1.14968
-0.185114 -2.06495
-0.506738 -1.54344
-0.504079 -2.3472
-0.226773 -1.15787
-0.410761 -3.1447
0.35983 0.257697
1.50993 -2.88107
-0.937575 -1.22935
-0.170031 -1.96132
-0.560761 -1.73389
-0.44842 -2.05357
-0.39511 -1.57853
-0.553649 -2.33618
-0.210896 -1.17914
-0.42467 -3.15238
0.37662 0.280373
1.49653 -2.89799
-0.925021 -1.19128
-0.175601 -2.00401
-0.539671 -1.6537
-0.475162 -2.17277
-0.329303 -1.41078
-0.564287 -2.68671
0.0254382 -0.581154
1.4822 0.392051
1.2446 -0.512384
1.46819 -0.413856
1.21758 -0.0861739
1.43979 -0.986555
0.694207 -0.394524
1.59933 -1.55521
-0.204655 -4.025
1.33429 1.65357
0.96685 -1.2063
0.962043 0.0966262
1.40462 -1.80246
-0.306777 -4.00096
1.39283 1.62904
0.960604 -1.08847
1.2548 0.232404
1.36525 -1.08722
0.710169 -0.340411
1.57844 -1.66267
-0.292203 -4.09657
1.50848 1.67446
0.879142 -0.96166
1.47581 0.0683247
1.28206 -0.367045
1.45093 -0.509953
1.20587 -0.0490772
1.4337 -1.05157
0.59304 -0.569739
1.6703 -1.05634
-0.00233511 -2.77186
-0.134227 -0.390003
1.65437 0.143074
0.927115 -0.328569
1.53388 -1.40536
-0.0723931 -3.2156
0.274424 0.343419
1.52678 -3.03958
-0.836826 -0.834727
-0.0757142 -1.84745
-0.646124 -2.02853
-0.310042 -1.63195
-0.585588 -2.28525
-0.223163 -1.25724
-0.494359 -3.069
0.332903 0.147732
1.55004 -2.73203
-1.01567 -1.59978
-0.07497 -1.47692
-0.617767 -2.89036
0.241892 -0.129096
1.66129 -2.08025
-0.921375 -3.33476
1.31214 1.27834
1.08924 -1.1668
1.00568 0.101437
1.40193 -1.70067
-0.192954 -3.8361
1.06838 1.44369
1.02567 -1.79028
-0.258395 -3.73256
0.979437 1.31098
1.0549 -2.01036
-0.583668 -3.70088
1.27059 1.41825
1.04865 -1.28931
0.690065 -0.282603
1.56461 -1.79358
-0.44709 -4.06501
1.6201 1.59274
0.779361 -0.916513
1.53534 -0.00883831
1.19029 -0.225568
1.47175 -0.928182
0.694787 -0.407312
1.6031 -1.52539
-0.183267 -3.98447
1.26157 1.61808
0.98561 -1.34994
0.504898 -0.622943
1.69204 -0.754727
0.185582 -1.79401
-0.736568 -2.57156
0.0598526 -0.655315
1.3381 0.463111
1.30196 -0.932909
1.12648 0.082913
1.40627 -1.37284
0.0703292 -2.11713
-0.614432 -1.58544
-0.443831 -2.2496
-0.303891 -1.29036
-0.520959 -2.92067
0.201352 -0.144124
1.68115 -1.9812
-0.848821 -3.55108
1.47552 1.37667
1.00608 -0.858534
1.51628 -0.151724
1.20386 -0.177374
1.46011 -0.940707
0.71075 -0.376998
1.58984 -1.58468
-0.221875 -4.04454
1.37548 1.66638
0.953006 -1.13312
1.15836 0.226993
1.36869 -1.36567
0.13158 -1.82586
-0.729249 -2.37634
-0.0837473 -1.0374
-0.204051 -2.84862
0.00150025 -0.297875
1.77438 -0.849259
-0.0243888 -3.15442
0.197547 0.239519
1.58516 -2.89672
-0.940532 -1.1474
-0.14347 -1.91516
-0.591886 -1.83524
-0.405676 -1.90825
-0.472066 -1.79064
-0.478593 -1.97346
-0.414403 -1.70154
-0.527744 -2.12081
-0.330454 -1.49692
-0.578706 -2.52592
-0.0830138 -0.866036
0.101083 -1.51878
-0.604084 -3.12155
0.484197 0.369293
1.42514 -2.87773
-0.920167 -1.25832
-0.196567 -2.03385
-0.516014 -1.59515
-0.495275 -2.26549
-0.27448 -1.27908
-0.514825 -2.97366
0.248787 -0.0387061
1.63217 -2.33044
-1.05208 -2.66401
0.714779 0.523698
1.30276 -2.57012
-0.998579 -2.1382
0.0961514 -0.816459
0.802097 0.0684305
1.42876 -2.11847
-0.777598 -3.5539
1.3495 1.36945
1.05688 -1.09808
1.18521 0.198194
1.3762 -1.27438
0.288524 -1.28188
-0.173037 -2.92817
0.0549039 -0.160189
1.74033 -1.63496
-0.52861 -4.09583
1.74652 1.50243
0.559111 -1.18667
0.562865 -0.418135
1.64263 -1.50782
-0.210576 -4.0701
1.40006 1.68409
0.938736 -1.0982
1.24015 0.241664
1.36403 -1.13519
0.612929 -0.507088
1.65262 -1.26666
-0.0797901 -3.48996
0.564498 0.835294
1.24559 -2.96439
-0.797918 -0.982097
-0.210888 -2.30088
-0.368376 -1.15671
-0.436959 -3.0016
0.229519 -0.0205939
1.63444 -2.36064
-1.06204 -2.56921
0.630905 0.370877
1.37242 -2.65594
-1.00167 -1.88435
-0.0247806 -1.21675
-0.360611 -3.27428
0.472358 0.499026
1.39058 -2.99031
-0.836155 -0.969238
-0.17405 -2.15545
-0.465961 -1.39075
-0.514712 -2.60512
-0.0604999 -0.741258
0.630491 -0.185204
1.54793 -2.02064
-0.744985 -3.69066
1.49309 1.43292
0.975476 -0.856984
1.5314 -0.17667
1.16741 -0.155601
1.46179 -1.06444
0.486609 -0.800316
1.5935 0.0075627
1.06683 -0.216176
1.48724 -1.26138
0.0984335 -2.02816
-0.670674 -1.81469
-0.367002 -1.92376
-0.48393 -1.76458
-0.479779 -2.01277
-0.398293 -1.64437
-0.545257 -2.22134
-0.274972 -1.35239
-0.554041 -2.85278
0.159388 -0.262048
1.73139 -1.48353
-0.324016 -4.19905
1.67033 1.6535
0.674912 -1.04764
1.26318 0.320886
1.34388 -1.10193
0.732918 -0.297521
1.55944 -1.72739
-0.349532 -4.09524
1.56111 1.64931
0.837072 -0.926739
1.52055 -0.00893289
1.21649 -0.24318
1.46833 -0.835727
0.846754 -0.197352
1.50609 -1.73796
-0.304571 -4.05797
1.46835 1.65811
0.914311 -0.990357
1.43189 0.123928
1.3209 -0.507745
1.40444 -0.242336
1.35548 -0.317726
1.39821 -0.369861
1.34533 -0.219725
1.40781 -0.49295
1.29437 -0.0980003
1.42264 -0.750359
1.08096 0.000490209
1.42909 -1.43564
-0.0228748 -2.67954
-0.195659 -0.539811
1.10406 0.44347
1.30832 -1.60079
-0.0943193 -3.14203
0.213481 0.213988
1.58391 -2.85321
-0.964814 -1.2565
-0.140626 -1.84511
-0.616822 -1.9774
-0.345477 -1.70786
-0.558262 -2.12952
-0.31242 -1.4884
-0.583851 -2.55757
-0.0586735 -0.809003
0.350316 -0.787998
1.50153 0.266279
1.24006 -0.413431
1.47483 -0.563121
1.11696 -0.0387966
1.43825 -1.30841
0.115521 -1.9259
-0.711654 -2.08703
-0.246736 -1.52336
-0.608437 -2.55194
-0.0486529 -0.809099
0.377681 -0.722072
1.6279 -0.0420509
0.958892 -0.258595
1.50993 -1.44813
-0.0815005 -3.26949
0.331003 0.438628
1.4746 -3.10842
-0.771602 -0.6859
0.0494667 -1.47049
-0.584221 -3.12764
0.472087 0.358735
1.43328 -2.88399
-0.918603 -1.24125
-0.194916 -2.0393
-0.514261 -1.586
-0.497105 -2.27986
-0.266197 -1.25808
-0.500765 -3.01368
0.279723 0.0357029
1.60017 -2.51961
-1.06944 -2.15041
0.259745 -0.441318
1.73499 -0.983309
-0.0352886 -3.18323
0.22874 0.288422
1.56077 -2.97644
-0.887094 -0.969421
-0.124957 -1.95338
-0.58612 -1.77137
-0.426042 -1.99819
-0.428189 -1.65622
-0.529581 -2.19222
-0.296313 -1.39325
-0.566798 -2.75362
0.0808999 -0.45188
1.73067 -0.348411
0.40252 -1.15781
0.286124 -1.04645
0.401663 -0.724272
1.63735 -0.0960485
0.909848 -0.288099
1.52474 -1.49854
-0.11383 -3.57838
0.685426 1.00067
1.159 -2.72494
-0.910739 -1.57031
-0.219628 -1.9011
-0.560616 -1.82561
-0.424788 -1.92256
-0.458126 -1.77017
-0.490814 -2.0054
-0.39627 -1.65708
-0.544264 -2.20035
-0.28573 -1.38329
-0.565243 -2.78402
0.105679 -0.393024
1.75645 -0.737998
0.0446008 -2.5491
-0.323632 -0.759369
0.0103743 -1.78004
-0.6937 -2.29185
-0.158385 -1.21223
-0.434915 -3.18773
0.42223 0.359646
1.45428 -2.9423
-0.887675 -1.08919
-0.182994 -2.09868
-0.491119 -1.48574
-0.512513 -2.44285
-0.167505 -1.00998
-0.231738 -2.90484
0.0565529 -0.208823
1.75234 -1.43952
-0.316353 -4.21293
1.68056 1.65535
0.655343 -1.07494
1.16352 0.308364
1.3476 -1.38735
0.123434 -1.85024
-0.726073 -2.29633
-0.133573 -1.18004
-0.390175 -3.21448
0.423314 0.390927
1.44472 -2.97024
-0.866475 -1.02032
-0.173703 -2.11287
-0.488333 -1.46294
-0.512964 -2.47956
-0.144662 -0.951113
-0.145959 -2.54156
-0.243009 -0.771754
0.0827361 -1.53979
-0.627775 -3.03644
0.407511 0.207529
1.50344 -2.78397
-0.986127 -1.4876
-0.130145 -1.69317
-0.650705 -2.3127
-0.173472 -1.20009
-0.429697 -3.17903
0.409069 0.338437
1.46615 -2.93473
-0.895507 -1.10629
-0.181346 -2.08049
-0.500947 -1.51726
-0.507855 -2.38966
-0.201041 -1.09309
-0.336623 -3.13208
0.306251 0.206713
1.54614 -2.83305
-0.96999 -1.33413
-0.146114 -1.82221
-0.620841 -2.02025
-0.32707 -1.64684
-0.576617 -2.24782
-0.246957 -1.31457
-0.535555 -2.95325
0.242475 -0.0673047
1.6427 -2.25165
-1.02466 -2.87973
0.917829 0.8448
1.18548 -2.15692
-0.766439 -3.43506
1.15155 1.23474
1.0957 -1.56648
-0.022146 -2.45721
-0.354669 -0.903017
-0.216592 -2.7183
-0.0931978 -0.511351
1.44734 0.453531
1.26118 -0.623426
1.43223 -0.216014
1.32553 -0.275187
1.42249 -0.493289
1.26916 -0.0798472
1.42761 -0.840489
0.959253 -0.0675935
1.45386 -1.67046
-0.192344 -3.87735
1.12368 1.49856
1.01551 -1.65698
-0.129589 -3.15282
0.237319 0.231082
1.56991 -2.88351
-0.946145 -1.19065
-0.149506 -1.91208
-0.590107 -1.83776
-0.405886 -1.9048
-0.473214 -1.796
-0.476548 -1.96528
-0.41848 -1.71319
-0.523375 -2.10083
-0.341341 -1.52508
-0.576591 -2.46488
-0.123782 -0.970424
-0.154141 -2.59249
-0.205003 -0.693929
0.417592 -0.598689
1.70557 -0.684717
0.208264 -1.7199
-0.710941 -2.83174
0.270234 -0.134371
1.65229 -2.09631
-0.92667 -3.31008
1.28793 1.26129
1.09556 -1.22304
0.854033 -0.0552993
1.46036 -1.89892
-0.488217 -3.98525
1.55871 1.57347
0.866722 -0.879723
1.55414 -0.148124
1.12426 -0.161132
1.46809 -1.17557
0.268991 -1.37787
-0.30333 -3.38239
0.562666 0.690816
1.29333 -2.92971
-0.843542 -1.09594
-0.226978 -2.2602
-0.384929 -1.2224
-0.477413 -2.9203
0.175203 -0.16634
1.6978 -1.86664
-0.743828 -3.78156
1.61686 1.43035
0.838059 -0.805839
1.59976 -0.369899
0.887895 -0.250565
1.5166 -1.59259
-0.167363 -3.85625
1.0759 1.46527
1.02016 -1.7729
-0.239446 -3.68878
0.906172 1.23266
1.07282 -2.19509
-0.82005 -3.20896
0.911784 0.940909
1.15753 -2.17733
-0.791736 -3.35252
1.07268 1.14545
1.11183 -1.76756
-0.21358 -3.67881
0.874276 1.20629
1.07973 -2.27501
-0.885621 -2.94977
0.675757 0.551622
1.30313 -2.66039
-0.98262 -1.857
-0.0653085 -1.33394
-0.510228 -3.17983
0.468793 0.398187
1.42285 -2.92148
-0.892769 -1.14481
-0.197479 -2.11327
-0.476961 -1.4592
-0.517862 -2.49175
-0.134802 -0.931385
-0.108854 -2.36818
-0.37206 -1.0434
-0.349902 -3.00961
0.194078 -0.0258949
1.64934 -2.31462
-1.05462 -2.67865
0.740367 0.5646
1.28484 -2.52961
-0.995625 -2.26217
0.174851 -0.59178
1.64986 0.00147393
0.90456 -0.315252
1.53341 -1.4658
-0.101576 -3.49077
0.576475 0.840349
1.23983 -2.94122
-0.812484 -1.03804
-0.228021 -2.31664
-0.352107 -1.13479
-0.420012 -3.03185
0.249698 0.0334883
1.61231 -2.50205
-1.07271 -2.18502
0.293449 -0.358665
1.71177 -1.3983
-0.206265 -4.12234
1.46578 1.71121
0.896637 -1.0205
1.39184 0.182589
1.33923 -0.652631
1.32509 -0.0494461
1.40397 -0.698448
1.17444 0.0157666
1.42168 -1.19192
0.351917 -1.11727
0.306816 -0.979337
0.753838 -0.0379846
1.47111 -2.09107
-0.76987 -3.59581
1.3977 1.3946
1.03718 -1.00249
1.3601 0.14458
1.36 -0.724441
1.2411 0.023057
1.41349 -1.00347
0.740859 -0.311664
1.56221 -1.69303
-0.309211 -4.09254
1.519 1.667
0.872858 -0.950574
1.48966 0.0429552
1.26517 -0.323361
1.45884 -0.608017
1.12234 -0.0238953
1.43417 -1.30609
0.125632 -1.88073
-0.723831 -2.2198
-0.1763 -1.30884
-0.5242 -3.05828
0.342768 0.147009
1.54621 -2.72825
-1.01645 -1.613
-0.071823 -1.46206
-0.609349 -2.92863
0.273539 -0.0548709
1.62742 -2.30834
-1.04185 -2.7393
0.779869 0.635234
1.25652 -2.4608
-0.982471 -2.47638
0.330239 -0.194177
1.64887 -1.98696
-0.815584 -3.60669
1.49345 1.39659
0.987186 -0.841289
1.53483 -0.207964
1.15101 -0.14277
1.46098 -1.1221
0.38268 -1.05053
0.670517 -0.187052
1.5381 -1.98372
-0.686789 -3.78749
1.54029 1.46744
0.922789 -0.828197
1.56632 -0.282077
1.04275 -0.145761
1.47075 -1.39789
-0.0245805 -2.72813
-0.158359 -0.461762
1.46176 0.459936
1.25009 -0.589343
1.45144 -0.288631
1.28719 -0.184145
1.43664 -0.693573
1.1031 -0.00555181
1.43009 -1.37242
0.0416453 -2.27851
-0.505753 -1.24029
-0.459194 -2.77442
0.040828 -0.447998
1.71741 -0.217248
0.547366 -0.830368
1.58482 -0.00271727
1.08606 -0.209274
1.48357 -1.22191
0.160075 -1.76513
-0.727837 -2.59951
0.0742765 -0.610556
1.49382 0.365544
1.23721 -0.474701
1.47559 -0.485997
1.16546 -0.0541035
1.439 -1.16244
0.365454 -1.08735
0.463168 -0.595279
1.70018 -0.792304
0.130247 -2.03026
-0.686521 -1.85115
-0.347176 -1.86906
-0.512726 -1.85368
-0.440268 -1.88055
-0.465872 -1.83548
-0.468452 -1.90527
-0.444225 -1.80071
-0.489067 -1.95851
-0.41529 -1.725
-0.522268 -2.08209
-0.350028 -1.55192
-0.573605 -2.40928
-0.159362 -1.06242
-0.282039 -3.06487
0.215995 0.0713831
1.61576 -2.56893
-1.06859 -1.98681
0.15611 -0.726946
1.32752 0.442922
1.30844 -0.957042
1.07832 0.0646675
1.41157 -1.4902
-0.0554243 -2.91548
0.00157146 -0.162678
1.75928 -1.48366
-0.380859 -4.20537
1.73119 1.59862
0.568661 -1.19887
0.535396 -0.475644
1.66667 -1.32027
-0.110253 -3.76734
0.91839 1.32005
1.04797 -2.16466
-0.793266 -3.27546
0.960094 1.01589
1.13791 -2.05656
-0.6333 -3.6698
1.29267 1.40827
1.051 -1.23565
0.849665 -0.0491785
1.459 -1.91368
-0.509374 -3.96736
1.55854 1.56207
0.870904 -0.872962
1.55765 -0.167707
1.11012 -0.156218
1.46825 -1.21777
0.198489 -1.61405
-0.643059 -3.09597
0.494098 0.364356
1.42263 -2.86069
-0.929298 -1.30348
-0.193645 -1.99549
-0.534747 -1.66351
-0.476052 -2.15919
-0.335408 -1.43078
-0.567202 -2.64433
-0.00530503 -0.658618
1.15923 0.442214
1.3122 -1.44654
0.066477 -2.08834
-0.626545 -1.64368
-0.429428 -2.16681
-0.351252 -1.40803
-0.557566 -2.67049
0.00914274 -0.614122
1.35431 0.471322
1.29667 -0.888493
1.19429 0.0878245
1.40319 -1.18445
0.411837 -0.95453
1.13777 0.350268
1.33546 -1.4764
0.00676945 -2.41956
-0.394829 -0.972419
-0.293946 -2.913
0.0861096 -0.202233
1.74076 -1.54442
-0.414885 -4.17936
1.73214 1.57778
0.572314 -1.18507
0.599978 -0.34812
1.6099 -1.69441
-0.374199 -4.11979
1.61729 1.63399
0.769354 -0.943449
1.50441 0.0746269
1.24521 -0.312234
1.46698 -0.676483
1.04078 -0.044121
1.44271 -1.50077
-0.0781075 -3.14901
0.213661 0.227075
1.58095 -2.87635
-0.9517 -1.20081
-0.145061 -1.89071
-0.599936 -1.88245
-0.387038 -1.84184
-0.503358 -1.8954
-0.431175 -1.81887
-0.489907 -1.93047
-0.425242 -1.76607
-0.507548 -2.01429
-0.38505 -1.64708
-0.550895 -2.22148
-0.272315 -1.35275
-0.554463 -2.8554
0.162055 -0.256445
1.729 -1.51186
-0.351883 -4.19456
1.69064 1.63145
0.643556 -1.08299
1.12269 0.292732
1.35021 -1.49567
-0.0242181 -2.62762
-0.233383 -0.62356
0.637004 -0.144702
1.53294 -2.08517
-0.80943 -3.54566
1.39451 1.3736
1.04487 -1.00305
1.35415 0.146097
1.3621 -0.743024
1.22149 0.032833
1.41383 -1.06821
0.617847 -0.515823
1.65334 -1.24213
-0.0709691 -3.40106
0.462472 0.673934
1.33961 -3.10056
-0.730882 -0.689481
0.0190499 -1.58982
-0.666654 -2.78816
0.184673 -0.293784
1.73102 -1.41659
-0.253066 -4.18076
1.58288 1.7042
0.791336 -0.969091
1.47208 0.125238
1.28362 -0.407382
1.44916 -0.456484
1.23633 -0.0774468
1.43471 -0.939365
0.790151 -0.251233
1.53278 -1.74202
-0.337488 -4.08026
1.5296 1.65305
0.868244 -0.936755
1.50527 0.00894613
1.24221 -0.275786
1.46448 -0.726995
0.995046 -0.0648262
1.45079 -1.59182
-0.133379 -3.61955
0.746786 1.0785
1.12488 -2.58531
-0.949196 -1.96088
-0.0743523 -1.30456
-0.486261 -3.20539
0.479758 0.433179
1.40765 -2.93404
-0.880295 -1.1126
-0.199219 -2.1429
-0.460913 -1.40968
-0.519674 -2.57941
-0.0760484 -0.784893
0.397785 -0.668653
1.68001 -0.32864
0.619375 -0.663466
1.66997 -0.751525
0.257271 -1.52377
-0.507278 -3.3961
0.74025 0.857124
1.19399 -2.58737
-0.968933 -2.01987
-0.0191061 -1.14132
-0.271368 -3.13239
0.27599 0.196393
1.56151 -2.82257
-0.977645 -1.35105
-0.137302 -1.78468
-0.634084 -2.10609
-0.284517 -1.52161
-0.596496 -2.51838
-0.0784362 -0.873535
0.0888632 -1.56302
-0.642528 -2.99244
0.372265 0.127624
1.5395 -2.68764
-1.02899 -1.73062
-0.0262612 -1.28471
-0.438468 -3.27898
0.530793 0.553649
1.34936 -2.93023
-0.864108 -1.11403
-0.215237 -2.20148
-0.422505 -1.31429
-0.510637 -2.75727
0.0522448 -0.468574
1.70477 -0.155547
0.635358 -0.665182
1.66682 -0.759919
0.258763 -1.5167
-0.49688 -3.40782
0.745831 0.871184
1.18879 -2.57588
-0.96943 -2.05218
-0.00235492 -1.0859
-0.196044 -2.86413
0.0110102 -0.270748
1.77371 -1.01733
-0.071266 -3.67236
0.774689 1.15475
1.09873 -2.51969
-0.952608 -2.14225
0.020427 -0.990287
-0.0266269 -2.05059
-0.593862 -1.64253
-0.448011 -2.17738
-0.338441 -1.39736
-0.558385 -2.70183
0.0339318 -0.555293
1.55631 0.2925
1.16219 -0.333654
1.4964 -0.87456
0.699533 -0.411181
1.60308 -1.51405
-0.174436 -3.96213
1.22417 1.59492
0.993055 -1.4298
0.259084 -1.25618
-0.168781 -2.88746
0.0201354 -0.227137
1.76699 -1.25289
-0.173674 -4.12403
1.44026 1.72071
0.90778 -1.0559
1.32952 0.226476
1.35483 -0.860134
1.11328 0.0510054
1.41487 -1.38718
0.0414282 -2.27051
-0.510595 -1.25533
-0.463036 -2.7527
0.0253834 -0.486805
1.66452 0.0327886
0.866781 -0.360639
1.55264 -1.44976
-0.103273 -3.53445
0.627708 0.919621
1.19847 -2.84604
-0.859208 -1.26202
-0.258982 -2.2338
-0.386183 -1.26803
-0.500482 -2.86039
0.133999 -0.274849
1.74282 -1.36829
-0.227972 -4.17195
1.54943 1.7164
0.82531 -0.971347
1.46977 0.1111
1.28693 -0.404946
1.44702 -0.450865
1.24292 -0.0825187
1.43434 -0.91572
0.82949 -0.201045
1.50994 -1.76079
-0.337803 -4.0676
1.51299 1.65033
0.884122 -0.94478
1.49358 0.0263745
1.2597 -0.306436
1.46027 -0.642913
1.0897 -0.026158
1.43601 -1.39127
0.0138643 -2.44208
-0.383208 -0.935368
-0.25768 -2.83361
0.00844239 -0.332962
1.76875 -0.694625
0.0452526 -2.5622
-0.314437 -0.737306
0.0716334 -1.55816
-0.643568 -2.96969
0.348066 0.0775812
1.56252 -2.60904
-1.05216 -1.93402
0.0925922 -0.899007
0.427 -0.630076
1.6984 -0.570594
0.338088 -1.29983
-0.149682 -2.82816
-0.033648 -0.320325
1.76975 -0.602309
0.093802 -2.27917
-0.535665 -1.27193
-0.459201 -2.71001
-0.00921078 -0.563085
1.46603 0.416712
1.25433 -0.56144
1.45386 -0.320086
1.27582 -0.158562
1.43773 -0.751086
1.04151 -0.0233206
1.43684 -1.51691
-0.0850521 -3.20564
0.269932 0.325621
1.53322 -3.01807
-0.853601 -0.883085
-0.100484 -1.91399
-0.613247 -1.86629
-0.384937 -1.8636
-0.497183 -1.86053
-0.445625 -1.86951
-0.46709 -1.85263
-0.462497 -1.87941
-0.455891 -1.83883
-0.472147 -1.89986
-0.444388 -1.80915
-0.486551 -1.9454
-0.421346 -1.74378
-0.515006 -2.0506
-0.366741 -1.59603
-0.564722 -2.31949
-0.214872 -1.20505
-0.449376 -3.13288
0.371299 0.253526
1.50609 -2.86828
-0.944071 -1.26378
-0.169193 -1.93812
-0.570577 -1.77766
-0.43269 -1.99043
-0.428385 -1.66892


