-0.59054 -0.703652
-2.98699 -1.97073
-0.742404 -0.221682
-2.9686 -2.80286
-0.977636 0.487956
-2.84987 -4.09958
-2.19385 -0.0665589
-1.71841 -3.21537
-2.2367 -1.19397
-1.88946 -1.34477
-2.08065 -1.26221
-1.9627 -1.19689
-2.05858 -1.3493
-1.95038 -1.10405
-2.0821 -1.53297
-1.87235 -0.961342
-2.09921 -2.14392
-1.64142 -0.656219
-0.882967 -3.72315
-2.31749 -4.38752
-2.14703 -0.193708
-1.80377 -3.08961
-2.0042 -0.290603
-1.74637 -3.29122
-2.21728 -0.95973
-1.96011 -1.57596
-1.95347 -0.891979
-2.08656 -1.97549
-1.70973 -0.717394
-1.44116 -3.69309
-0.833422 -4.87407
-2.43774 -3.17407
-1.10877 -0.289041
-2.15737 -5.7343
-1.32033 -4.40275
-1.73734 -5.15625
-1.28793 -4.92334
-1.82216 -4.77167
-0.855065 -4.63253
-2.34341 -3.70662
-1.29033 0.151315
-1.69662 -6.01699
-1.94351 -4.06362
-2.27977 -1.29593
-1.83228 -1.3032
-2.12643 -1.5424
-1.8399 -0.990394
-2.09721 -2.25155
-1.60688 -0.606521
-0.591153 -3.68466
-2.599 -2.99513
-1.00004 -0.366942
-2.48316 -5.16607
-1.44117 -4.13335
-1.27959 -5.24519
-1.88948 -4.48932
-0.978824 -4.05432
-2.18783 -4.57437
-2.21198 -2.61031
-1.40842 -0.56941
-0.509561 -4.79248
-2.63424 -0.516405
-1.70443 -2.0013
-2.16234 -1.18956
-1.9343 -1.30052
-2.05563 -1.23642
-1.98641 -1.22481
-2.03612 -1.27679
-1.98785 -1.18097
-2.04537 -1.33958
-1.96253 -1.11205
-2.07413 -1.49264
-1.8919 -0.986057
-2.10459 -1.98527
-1.69324 -0.733072
-1.37212 -3.72227
-1.16657 -5.24513
-2.06602 -4.18776
-2.21305 -0.579205
-1.98833 -2.16641
-1.73164 -0.533198
-1.20921 -3.73012
-1.76925 -5.35507
-1.32085 -4.81915
-1.78004 -4.89483
-1.04736 -4.86436
-2.11864 -4.25405
-2.20283 -0.497176
-1.97783 -2.33732
-1.69468 -0.445969
-0.815706 -3.68756
-2.3901 -4.13476
-1.6908 0.32278
-0.241117 -4.34042
-2.58064 0.66587
-1.56486 -3.0635
-1.68749 -3.7153
-1.65828 -3.78641
-1.14142 -3.97745
-1.97618 -5.07141
-0.90746 -4.56603
-2.26296 -4.01946
-1.6511 0.256593
-0.287236 -4.45987
-2.58381 0.546939
-1.61954 -2.96914
-2.16925 -2.5114
-1.46982 -0.572122
-0.325776 -4.30018
-2.65448 -0.0903456
-1.71416 -2.27877
-2.12861 -0.868776
-2.02122 -1.71818
-1.85201 -0.797104
-2.01375 -2.71775
-1.57159 -0.303166
-0.257642 -3.99863
-2.6769 -0.0299135
-1.69089 -2.28536
-2.16524 -1.04769
-1.97002 -1.45723
-1.98291 -1.00384
-2.07659 -1.65417
-1.83292 -0.876768
-2.04157 -2.6148
-1.55768 -0.37864
-0.267528 -3.97729
-2.68526 -0.143138
-1.67729 -2.1984
-2.18424 -1.2414
-1.90597 -1.26516
-2.08404 -1.35152
-1.93265 -1.10955
-2.09096 -1.56612
-1.85459 -0.944937
-2.08912 -2.28694
-1.60189 -0.581402
-0.531041 -3.68514
-2.64608 -2.59844
-1.0396 -0.71274
-2.20973 -5.59041
-1.19534 -4.40157
-1.92277 -4.93964
-0.861052 -4.55293
-2.32247 -3.82648
-1.39115 0.217299
-1.28332 -5.86697
-2.38879 -2.93063
-1.18742 -0.497812
-1.68306 -5.9164
-1.80638 -4.27131
-1.04744 -4.02257
-2.11053 -4.79394
-1.18244 -4.07884
-1.91923 -5.10668
-0.99563 -4.70417
-2.16305 -4.22973
-2.09831 -0.145279
-1.70285 -3.30112
-2.25193 -1.72414
-1.69812 -1.02983
-1.85673 -3.27617
-1.93775 -0.152594
-1.36033 -3.63405
-1.13574 -5.23422
-2.11223 -4.09488
-2.00731 -0.0108676
-1.30304 -3.62093
-1.37701 -5.38832
-1.80594 -4.52642
-0.720713 -4.28718
-2.46945 -3.3511
-1.08574 -0.106814
-2.33888 -5.5238
-1.27714 -4.2978
-1.7913 -5.15473
-1.20864 -4.88736
-1.91268 -4.65252
-0.79856 -4.16138
-2.37663 -3.85547
-1.36937 0.251402
-1.4205 -5.95356
-2.27427 -3.36064
-1.24874 -0.104993
-1.67648 -5.97532
-1.90311 -4.13759
-2.18545 -2.63957
-1.42032 -0.524055
-0.491106 -4.76316
-2.63358 -0.432814
-1.71598 -2.05805
-2.14305 -1.03964
-1.98436 -1.46436
-1.96879 -0.99141
-2.08372 -1.71094
-1.80738 -0.849187
-1.98514 -2.86936
-1.59589 -0.2092
-0.245792 -3.99165
-2.67183 0.0577328
-1.69558 -2.35446
-2.15689 -0.966717
-1.99187 -1.561
-1.93078 -0.902131
-2.09064 -2.03166
-1.68683 -0.696253
-1.26128 -3.74369
-1.61683 -5.40115
-1.50851 -4.76487
-1.5068 -5.11458
-1.5826 -4.90274
-1.42916 -5.06357
-1.66867 -4.86539
-1.25009 -5.03234
-1.87752 -4.62262
-0.7601 -4.20711
-2.42036 -3.63873
-1.19651 0.128021
-2.07846 -5.88528
-1.49794 -4.36162
-1.2936 -5.20142
-1.85591 -4.55968
-0.760223 -4.17543
-2.41959 -3.66266
-1.2088 0.146221
-2.04258 -5.91507
-1.53931 -4.35315
-1.15581 -5.11605
-2.02804 -4.32121
-2.26769 -2.09507
-1.54891 -0.885089
-0.645192 -3.72039
-2.54974 -3.30171
-1.02925 -0.0946014
-2.51651 -5.1532
-1.53259 -4.09286
-0.899423 -4.89554
-2.34887 -3.5528
-1.21781 0.0388712
-1.92715 -5.95943
-1.63587 -4.33434
-0.830444 -4.73366
-2.40036 -3.42268
-1.14514 -0.063968
-2.15133 -5.78354
-1.37945 -4.38315
-1.61566 -5.22905
-1.47047 -4.88734
-1.59678 -5.02373
-1.44683 -5.00605
-1.64226 -4.92428
-1.33456 -5.04236
-1.77673 -4.75833
-0.926724 -4.76058
-2.26908 -3.89677
-1.5109 0.232835
-0.743882 -5.31586
-2.6014 -0.819424
-1.68941 -1.8172
-2.18124 -1.58101
-1.79245 -1.0214
-2.07467 -2.49544
-1.55301 -0.470212
-0.289901 -3.89187
-2.70548 -0.449077
-1.61643 -1.99617
-2.16618 -2.26089
-1.5535 -0.686034
-0.4371 -3.73172
-2.70051 -1.86338
-1.21884 -1.2438
-1.09027 -5.51019
-2.37985 -3.14173
-1.15817 -0.316967
-1.93774 -5.89461
-1.53497 -4.40816
-1.22184 -5.15001
-1.94136 -4.45766
-1.42052 -3.98273
-1.21578 -5.23563
-1.98189 -4.3483
-2.08178 -3.09703
-1.45575 -0.164334
-0.610572 -5.04768
-2.61752 -0.61476
-1.70957 -1.94394
-2.16094 -1.21723
-1.927 -1.27282
-2.06736 -1.29197
-1.96235 -1.16352
-2.06545 -1.4041
-1.9279 -1.05493
-2.09753 -1.6907
-1.80521 -0.873542
-2.00051 -2.817
-1.57716 -0.244929
-0.252131 -4.0497
-2.66431 0.091469
-1.70144 -2.39298
-2.14682 -0.899339
-2.00837 -1.66088
-1.88271 -0.829095
-2.05913 -2.44814
-1.58032 -0.474889
-0.341368 -3.76943
-2.72316 -1.03302
-1.45769 -1.69003
-0.83575 -3.81298
-2.35805 -4.1728
-1.76696 0.290518
-0.176319 -3.87536
-2.64973 0.45386
-1.66522 -2.69206
-2.21657 -1.26956
-1.87824 -1.26608
-2.10279 -1.43054
-1.89415 -1.05202
-2.10924 -1.81733
-1.75101 -0.817875
-1.79905 -3.3468
-2.12583 -0.495493
-1.98605 -2.47105
-1.65241 -0.392426
-0.507309 -3.65848
-2.66394 -2.44574
-1.06486 -0.832016
-2.06027 -5.72712
-1.30133 -4.47612
-1.78128 -5.08468
-1.18458 -4.90567
-1.94345 -4.58818
-1.00445 -4.06558
-2.15875 -4.64685
-1.9282 -3.52177
-1.88617 -0.0361717
-0.926994 -3.64411
-2.27443 -4.5818
-2.29623 -1.94476
-1.58827 -0.985579
-1.08823 -3.77943
-2.04673 -5.04523
-0.857141 -4.39402
-2.31283 -3.95205
-1.51707 0.26666
-0.751515 -5.33207
-2.60022 -0.821624
-1.69033 -1.81584
-2.18086 -1.57389
-1.79525 -1.02508
-2.07935 -2.46366
-1.55737 -0.490227
-0.304269 -3.84967
-2.71356 -0.624913
-1.5726 -1.89748
-1.98918 -3.08633
-1.59502 -0.111346
-0.247865 -4.1502
-2.63977 0.285076
-1.6985 -2.59516
-2.1583 -0.871453
-2.00633 -1.69985
-1.87082 -0.801305
-2.03624 -2.59292
-1.56815 -0.383608
-0.274002 -3.91294
-2.69767 -0.286368
-1.64911 -2.09572
-2.2007 -1.66751
-1.74926 -0.996489
-1.98539 -2.91984
-1.59402 -0.185917
-0.24425 -4.03718
-2.6621 0.136944
-1.70082 -2.43039
-2.1479 -0.888611
-2.00931 -1.67702
-1.8763 -0.818224
-2.0497 -2.51402
-1.57236 -0.434385
-0.2999 -3.8364
-2.71426 -0.60351
-1.57566 -1.90813
-2.00925 -3.02715
-1.55805 -0.149989
-0.291597 -4.3314
-2.62587 0.256729
-1.70839 -2.6093
-2.14049 -0.785606
-2.02219 -1.85272
-1.80383 -0.718059
-1.84449 -3.23526
-1.95205 -0.179805
-1.45584 -3.59208
-0.687577 -4.62458
-2.55248 -2.61271
-1.13559 -0.769613
-1.77295 -5.872
-1.63908 -4.41118
-0.903817 -4.83026
-2.32123 -3.68695
-1.30006 0.13373
-1.63662 -6.00763
-2.01098 -3.96862
-2.07956 -0.192169
-1.73504 -3.26413
-2.227 -1.05681
-1.9326 -1.46921
-2.01169 -1.01797
-2.06079 -1.57673
-1.87182 -0.916189
-2.0868 -2.26762
-1.60996 -0.587266
-0.579709 -3.68223
-2.60858 -2.92403
-1.00202 -0.430797
-2.45154 -5.22512
-1.35138 -4.17728
-1.58801 -5.29862
-1.51731 -4.82594
-1.51183 -5.08738
-1.5728 -4.92533
-1.45327 -5.0523
-1.6392 -4.89861
-1.32695 -5.0505
-1.7865 -4.74071
-0.89005 -4.70908
-2.31008 -3.78701
-1.37363 0.192933
-1.34321 -5.90191
-2.33492 -3.15744
-1.19368 -0.290906
-1.79516 -5.94249
-1.71113 -4.32609
-0.687988 -4.33644
-2.51072 -3.08987
-1.05977 -0.345818
-2.30559 -5.52683
-1.22776 -4.3249
-1.87472 -5.05084
-1.0138 -4.75873
-2.14628 -4.2428
-2.14441 -0.272375
-1.86781 -2.93214
-1.81365 -0.170169
-0.886722 -3.66055
-2.31891 -4.42501
-2.2013 -0.377125
-1.94055 -2.58644
-1.69076 -0.308411
-0.554632 -3.64104
-2.63079 -2.78011
-1.00913 -0.552486
-2.38048 -5.34755
-1.22115 -4.25134
-1.87732 -5.08284
-1.03453 -4.76857
-2.11985 -4.30217
-2.25195 -0.767227
-1.97057 -1.83409
-1.85704 -0.699327
-1.94394 -2.9586
-1.66436 -0.149233
-0.286339 -3.74801
-2.72152 -0.587668
-1.56675 -1.91186
-1.96394 -3.15811
-1.65193 -0.0729463
-0.232547 -3.8874
-2.68332 0.0249139
-1.68407 -2.3112
-2.17448 -1.0951
-1.95309 -1.405
-2.01281 -1.07359
-2.05154 -1.47954
-1.91227 -0.985066
-2.1018 -1.90216
-1.72518 -0.768507
-1.61361 -3.58188
-1.199 -3.95987
-1.86671 -5.21275
-1.13575 -4.80451
-1.99453 -4.55316
-1.41646 -3.9942
-1.24236 -5.25094
-1.94719 -4.3986
-1.69777 -3.80487
-1.50736 -3.89456
-0.780993 -4.74845
-2.47091 -3.06773
-1.09462 -0.383327
-2.15997 -5.71356
-1.29737 -4.40936
-1.7775 -5.11935
-1.21033 -4.90561
-1.91207 -4.64242
-0.806006 -4.15017
-2.3685 -3.89568
-1.41179 0.267286
-1.23534 -5.84026
-2.43129 -2.7132
-1.2127 -0.683582
-1.42965 -5.82287
-2.08938 -3.90554
-1.8254 0.122947
-0.410029 -3.57467
-2.72042 -1.75954
-1.22438 -1.29404
-1.03855 -5.45316
-2.42015 -2.97338
-1.15282 -0.470582
-1.86478 -5.89789
-1.5865 -4.4071
-1.06022 -5.01916
-2.14195 -4.12272
-1.98555 0.0331831
-1.15014 -3.64
-1.89458 -5.28938
-1.14429 -4.76656
-1.98205 -4.60065
-1.16959 -4.05033
-1.93732 -5.09496
-0.964833 -4.66316
-2.19877 -4.15622
-1.93077 0.119939
-0.781472 -3.59217
-2.43352 -4.01754
-1.51258 0.341042
-0.847727 -5.46912
-2.59026 -1.12413
-1.62492 -1.64391
-2.07788 -2.71559
-1.49858 -0.366558
-0.332522 -4.39783
-2.63664 0.0518538
-1.72632 -2.41869
-2.10065 -0.714202
-2.03605 -2.03569
-1.72885 -0.637128
-1.39885 -3.70081
-1.02604 -5.11906
-2.2391 -3.82005
-1.4823 0.195116
-0.831646 -5.42516
-2.59269 -1.18087
-1.60529 -1.6155
-1.99027 -3.04009
-1.58922 -0.133005
-0.250491 -4.15114
-2.64139 0.26558
-1.70074 -2.57585
-2.15289 -0.853041
-2.01119 -1.73102
-1.85581 -0.783201
-2.00895 -2.73355
-1.57543 -0.291475
-0.256209 -3.99256
-2.67724 -0.0268181
-1.69054 -2.28689
-2.16571 -1.04983
-1.96925 -1.45474
-1.98433 -1.00681
-2.07566 -1.64546
-1.83671 -0.881429
-2.04829 -2.57649
-1.55891 -0.403677
-0.273553 -3.93829
-2.69381 -0.248392
-1.65826 -2.12249
-2.19904 -1.52392
-1.80245 -1.07372
-2.10443 -2.27538
-1.59347 -0.604503
-0.520494 -3.69022
-2.65337 -2.52167
-1.05393 -0.775791
-2.12835 -5.67344
-1.24689 -4.4496
-1.85695 -5.00991
-1.0083 -4.77126
-2.15577 -4.21215
-2.08586 -0.122018
-1.65563 -3.36982
-2.06159 -3.04106
-1.48243 -0.179776
-0.491411 -4.83037
-2.61888 -0.232544
-1.74683 -2.22053
-2.07625 -0.722694
-2.04355 -2.05785
-1.71496 -0.634056
-1.31304 -3.72665
-1.41808 -5.38416
-1.74678 -4.59407
-0.827268 -4.64834
-2.3847 -3.53475
-1.18254 0.0303608
-2.06666 -5.8764
-1.48248 -4.37624
-1.35111 -5.22214
-1.78517 -4.64031
-0.799595 -4.56926
-2.40655 -3.48407
-1.15232 -0.00757966
-2.15924 -5.78626
-1.38751 -4.37554
-1.59473 -5.23775
-1.49737 -4.87261
-1.55533 -5.05167
-1.51139 -4.97571
-1.55603 -4.99813
-1.49887 -5.00829
-1.57778 -4.96845
-1.45904 -5.03149
-1.63013 -4.91871
-1.35354 -5.04911
-1.75519 -4.78092
-0.994277 -4.84389
-2.19042 -4.08433
-1.84381 0.175613
-0.391005 -3.56703
-2.7276 -1.61293
-1.26421 -1.37874
-0.784202 -5.13379
-2.57563 -1.98724
-1.34075 -1.20106
-0.485488 -4.6195
-2.65356 -0.788875
-1.62868 -1.83142
-2.15196 -2.31719
-1.54435 -0.643267
-0.369693 -3.77867
-2.71935 -1.26417
-1.39517 -1.57601
-0.422025 -3.9462
-2.69765 -1.52123
-1.3459 -1.44996
-0.423857 -4.38138
-2.67233 -0.795977
-1.60015 -1.82402
-2.0767 -2.76188
-1.49128 -0.341657
-0.361596 -4.49368
-2.63102 0.0157692
-1.73283 -2.40086
-2.08854 -0.685333
-2.03627 -2.11697
-1.70152 -0.599513
-1.16246 -3.74073
-1.89227 -5.26089
-1.13125 -4.77251
-1.99789 -4.56585
-1.38897 -4.00454
-1.35397 -5.30707
-1.80615 -4.56821
-0.730411 -4.36028
-2.46444 -3.33102
-1.08752 -0.128989
-2.32127 -5.54815
-1.2723 -4.31075
-1.80217 -5.13914
-1.18404 -4.87956
-1.94167 -4.60691
-0.953371 -4.07668
-2.21376 -4.48357
-2.30601 -1.39885
-1.78224 -1.26331
-2.13959 -1.93031
-1.68946 -0.798778
-1.46967 -3.68907
-0.721059 -4.67603
-2.52634 -2.76951
-1.11305 -0.643065
-1.94467 -5.83707
-1.45888 -4.45842
-1.46897 -5.22448
-1.64231 -4.78841
-1.25303 -5.06064
-1.87825 -4.60517
-0.769906 -4.1799
-2.40876 -3.70778
-1.24063 0.174489
-1.93324 -5.98033
-1.6671 -4.30456
-0.728309 -4.52257
-2.48852 -3.10157
-1.07601 -0.344884
-2.24914 -5.61123
-1.24611 -4.36393
-1.85124 -5.06126
-1.0574 -4.80544
-2.09455 -4.34108
-2.29512 -1.33204
-1.81121 -1.29383
-2.13649 -1.67215
-1.78654 -0.922762
-2.00485 -2.81898
-1.57098 -0.247384
-0.255128 -4.08429
-2.65911 0.120395
-1.70431 -2.42467
-2.14173 -0.862921
-2.01553 -1.72047
-1.85589 -0.792366
-2.01525 -2.70719
-1.57132 -0.309525
-0.258485 -3.99135
-2.67861 -0.04745
-1.68872 -2.2708
-2.16863 -1.07679
-1.96106 -1.42376
-2.00064 -1.04547
-2.06282 -1.54453
-1.88171 -0.940512
-2.09603 -2.15055
-1.64155 -0.64959
-0.871624 -3.72067
-2.32972 -4.34548
-2.07086 -0.00958338
-1.46008 -3.53984
-0.638142 -4.51104
-2.58308 -2.44152
-1.16159 -0.897261
-1.57429 -5.84377
-1.8694 -4.24195
-1.67983 -3.80722
-1.30654 -3.96131
-1.59703 -5.35328
-1.51897 -4.79054
-1.49743 -5.1055
-1.59264 -4.90152
-1.41161 -5.06375
-1.68912 -4.8453
-1.19379 -5.00684
-1.94575 -4.52624
-1.19904 -4.03785
-1.88306 -5.16682
-1.0856 -4.78204
-2.05497 -4.44198
-2.1469 -2.87932
-1.39981 -0.347691
-0.707834 -5.17028
-2.61247 -1.08868
-1.60752 -1.66899
-2.03121 -2.91321
-1.52781 -0.222325
-0.325859 -4.42219
-2.62616 0.159431
-1.72272 -2.52877
-2.10782 -0.696174
-2.03247 -2.06238
-1.72295 -0.621113
-1.33445 -3.71971
-1.32595 -5.34801
-1.86275 -4.4754
-0.882034 -4.07079
-2.28983 -4.2421
-1.93682 0.15769
-0.729216 -3.57594
-2.48492 -3.78272
-1.25728 0.270335
-1.93832 -5.99501
-1.6899 -4.28171
-0.684184 -4.35987
-2.51732 -3.03428
-1.06194 -0.39761
-2.27291 -5.56631
-1.22503 -4.34974
-1.88068 -5.03039
-0.98879 -4.73544
-2.17671 -4.17694
-1.99849 0.0347265
-1.18823 -3.63559
-1.79146 -5.36709
-1.29947 -4.80646
-1.80457 -4.87057
-0.978398 -4.79143
-2.20152 -4.08065
-1.82013 0.19246
-0.309307 -3.60435
-2.73773 -0.914581
-1.46407 -1.74084
-0.930391 -3.82711
-2.2575 -4.51745
-2.30915 -1.39016
-1.78321 -1.27183
-2.14064 -1.9026
-1.69896 -0.812649
-1.54898 -3.64148
-0.637028 -4.08004
-2.54903 -3.02777
-1.03686 -0.382914
-2.36447 -5.41694
-1.23174 -4.27413
-1.86332 -5.08941
-1.05987 -4.79458
-2.08976 -4.35797
-2.2973 -1.54476
-1.73671 -1.1723
-2.07883 -2.55315
-1.53415 -0.447578
-0.275261 -4.02705
-2.6805 -0.135104
-1.68358 -2.21003
-2.17678 -1.16935
-1.93164 -1.32809
-2.05102 -1.20068
-1.99925 -1.26886
-2.01577 -1.20629
-2.02084 -1.27777
-1.9981 -1.1841
-2.03792 -1.3237
-1.97261 -1.12862
-2.06546 -1.44536
-1.91408 -1.01939
-2.10293 -1.81537
-1.75602 -0.812149
-1.80984 -3.32611
-2.08743 -0.391859
-1.92534 -2.80701
-1.69492 -0.206627
-0.426752 -3.64321
-2.70955 -1.84718
-1.21046 -1.24673
-1.13741 -5.5527
-2.33534 -3.31052
-1.18875 -0.162256
-1.90764 -5.93326
-1.60638 -4.36821
-0.955398 -4.91031
-2.26815 -3.82652
-1.45042 0.203888
-0.987434 -5.60663
-2.55446 -1.7919
-1.4391 -1.29787
-0.449068 -3.83767
-2.69075 -1.86595
-1.23298 -1.24957
-1.00656 -5.42555
-2.44921 -2.82747
-1.16443 -0.598356
-1.73121 -5.90158
-1.72464 -4.34462
-0.689017 -4.30611
-2.50677 -3.13326
-1.05844 -0.304429
-2.33016 -5.49528
-1.23542 -4.30538
-1.86123 -5.07732
-1.05413 -4.79412
-2.09731 -4.34099
-2.29427 -1.29791
-1.82278 -1.31579
-2.13054 -1.56323
-1.82985 -0.980844
-2.08861 -2.34203
-1.58504 -0.556236
-0.428385 -3.71185
-2.70528 -1.80954
-1.2309 -1.27499
-1.00836 -5.42422
-2.44588 -2.84738
-1.16184 -0.581347
-1.75422 -5.90261
-1.69913 -4.36006
-0.716364 -4.4599
-2.49305 -3.11429
-1.07099 -0.330411
-2.27429 -5.57823
-1.23855 -4.34732
-1.86083 -5.05753
-1.03984 -4.78734
-2.11543 -4.30245
-2.25716 -0.809209
-1.96313 -1.77498
-1.88418 -0.735835
-2.00924 -2.70152
-1.57973 -0.306878
-0.259944 -3.94724
-2.68673 -0.121826
-1.67654 -2.21002
-2.18489 -1.23977
-1.90608 -1.26705
-2.08361 -1.34803
-1.93407 -1.11261
-2.08987 -1.55645
-1.85876 -0.950635
-2.09263 -2.24717
-1.61191 -0.603099
-0.613286 -3.6843
-2.58024 -3.13059
-1.00363 -0.243551
-2.5235 -5.09533
-1.5774 -4.05387
-0.717894 -4.57906
-2.51073 -2.93394
-1.08593 -0.497888
-2.13363 -5.71971
-1.29547 -4.42731
-1.78341 -5.10555
-1.19346 -4.90182
-1.93216 -4.61029
-0.908962 -4.08774
-2.2602 -4.33019
-2.11064 -0.125889
-1.69511 -3.30465
-2.24532 -1.89693
-1.63712 -0.943611
-1.38461 -3.74146
-1.13002 -5.21186
-2.11033 -4.10875
-2.02972 -0.0445087
-1.42444 -3.57474
-0.789541 -4.8247
-2.48101 -2.96691
-1.10418 -0.475677
-2.07232 -5.78044
-1.35698 -4.43961
-1.6801 -5.17968
-1.37607 -4.92789
-1.72044 -4.8974
-1.16821 -4.9708
-1.97322 -4.49767
-1.49156 -3.95787
-0.905941 -4.93078
-2.35156 -3.52544
-1.20721 0.0171685
-1.95616 -5.94265
-1.5969 -4.35243
-0.967934 -4.92957
-2.25521 -3.85759
-1.49266 0.214204
-0.804766 -5.394
-2.59631 -1.06238
-1.63505 -1.67848
-2.11835 -2.50567
-1.5118 -0.515249
-0.285038 -4.07957
-2.67602 -0.136169
-1.68895 -2.21549
-2.16984 -1.11473
-1.95066 -1.38169
-2.02149 -1.10431
-2.04062 -1.42087
-1.9398 -1.03252
-2.09368 -1.70246
-1.80356 -0.863222
-1.98952 -2.85775
-1.58995 -0.217596
-0.24719 -4.01379
-2.66844 0.0783577
-1.69821 -2.37546
-2.1524 -0.934022
-2.00011 -1.6077
-1.90799 -0.865681
-2.08202 -2.22118
-1.62887 -0.602283
-0.708975 -3.69143
-2.49295 -3.65069
-1.16527 0.182983
-2.23186 -5.74146
-1.38737 -4.33744
-1.57776 -5.2537
-1.52045 -4.85258
-1.51466 -5.0747
-1.56751 -4.936
-1.46506 -5.04601
-1.62445 -4.91437
-1.36161 -5.05249
-1.74611 -4.78969
-1.02241 -4.87401
-2.1566 -4.15704
-2.00594 0.0145533
-1.25036 -3.62915
-1.588 -5.42767
-1.54942 -4.72764
-1.4132 -5.13178
-1.69441 -4.79716
-1.14432 -4.98746
-2.0088 -4.42255
-2.00226 -3.32839
-1.62158 -0.0112064
-0.236712 -4.15321
-2.63084 0.378342
-1.6839 -2.69209
-2.1921 -1.03248
-1.95839 -1.48217
-1.98502 -0.983689
-2.07722 -1.68957
-1.8197 -0.855882
-2.0107 -2.764
-1.56912 -0.278479
-0.256089 -4.04898
-2.66673 0.0578674
-1.7005 -2.36424
-2.14872 -0.920803
-2.00418 -1.62792
-1.89763 -0.851473
-2.0749 -2.30891
-1.60679 -0.555285
-0.52007 -3.68272
-2.65402 -2.52294
-1.05277 -0.773851
-2.13373 -5.66816
-1.24252 -4.44714
-1.86273 -5.00345
-0.993958 -4.75553
-2.17288 -4.17633
-2.00431 0.0250544
-1.22507 -3.63192
-1.67646 -5.41474
-1.4448 -4.77788
-1.6139 -5.06952
-1.43513 -4.98419
-1.65429 -4.92732
-1.31434 -5.03527
-1.79984 -4.73253
-0.857381 -4.6538
-2.34434 -3.69183
-1.28129 0.141519
-1.72928 -6.01631
-1.90128 -4.11661
-2.20971 -2.49567
-1.44519 -0.627336
-0.361739 -4.41298
-2.64942 -0.167007
-1.71781 -2.23045
-2.12555 -0.877522
-2.02173 -1.70557
-1.85605 -0.805509
-2.02395 -2.66911
-1.56712 -0.33561
-0.262002 -3.98004
-2.68226 -0.0929736
-1.68323 -2.23508
-2.17667 -1.1536
-1.93614 -1.34386
-2.04347 -1.17168
-2.01161 -1.30886
-1.99568 -1.15073
-2.04688 -1.37663
-1.94974 -1.07535
-2.08581 -1.58921
-1.84984 -0.92557
-2.07965 -2.36888
-1.58446 -0.533842
-0.403879 -3.72214
-2.71405 -1.60226
-1.29078 -1.39533
-0.642385 -4.90683
-2.62445 -1.42793
-1.48554 -1.50345
-0.924399 -3.80774
-2.26559 -4.50466
-2.30459 -1.21337
-1.84263 -1.38561
-2.10975 -1.34188
-1.91925 -1.13017
-2.09579 -1.56298
-1.85247 -0.950844
-2.09012 -2.28333
-1.60223 -0.584168
-0.536365 -3.68489
-2.64219 -2.63538
-1.03353 -0.682073
-2.2447 -5.54885
-1.18153 -4.37533
-1.93984 -4.92666
-0.836468 -4.49174
-2.34694 -3.77055
-1.32727 0.193043
-1.56314 -6.00056
-2.11114 -3.78333
-1.66218 0.150083
-0.224321 -4.19016
-2.61108 0.534256
-1.64005 -2.87157
-2.23079 -1.87858
-1.65268 -0.933593
-1.4735 -3.70273
-0.719808 -4.67049
-2.52658 -2.77141
-1.11229 -0.641306
-1.94896 -5.83514
-1.4544 -4.45885
-1.48007 -5.2248
-1.6294 -4.7991
-1.28796 -5.07326
-1.83637 -4.65924
-0.753965 -4.4049
-2.4409 -3.42075
-1.1148 -0.0532921
-2.26879 -5.64373
-1.30437 -4.34001
-1.75162 -5.17086
-1.27379 -4.91083
-1.83782 -4.75682
-0.818722 -4.55891
-2.37953 -3.60469
-1.21103 0.0860022
-1.9902 -5.93692
-1.57798 -4.3508
-1.02724 -4.99796
-2.18621 -4.02141
-1.76956 0.200151
-0.21487 -3.74432
-2.69769 0.00114402
-1.66724 -2.27137
-2.19437 -1.29615
-1.88285 -1.22662
-2.10515 -1.48953
-1.87224 -1.00911
-2.10833 -2.02089
-1.67785 -0.721314
-1.25183 -3.74784
-1.64981 -5.39472
-1.46922 -4.78401
-1.57779 -5.08456
-1.48832 -4.96533
-1.58509 -4.98832
-1.45388 -5.02259
-1.63543 -4.91986
-1.34464 -5.04666
-1.76535 -4.76998
-0.961879 -4.80616
-2.2287 -3.99633
-1.67114 0.236078
-0.238739 -4.29494
-2.59298 0.602797
-1.60425 -2.98033
-2.09537 -2.87224
-1.45385 -0.301443
-0.51056 -4.84445
-2.62434 -0.364526
-1.73339 -2.11403
-2.11123 -0.875666
-2.02878 -1.71832
-1.84584 -0.801675
-2.00906 -2.74356
-1.57391 -0.286824
-0.255664 -4.00803
-2.67418 0.000181362
-1.69396 -2.31042
-2.16014 -1.00518
-1.98236 -1.5097
-1.95578 -0.948126
-2.08923 -1.83884
-1.75701 -0.78605
-1.77874 -3.37549
-2.18772 -0.739682
-2.00342 -1.90007
-1.80381 -0.67848
-1.79407 -3.32587
-2.12793 -0.508377
-1.99049 -2.43755
-1.65497 -0.411332
-0.546056 -3.6577
-2.63637 -2.71519
-1.01879 -0.610957
-2.32524 -5.43677
-1.18052 -4.30472
-1.93969 -4.96677
-0.864576 -4.54189
-2.31638 -3.85427
-1.42004 0.229265
-1.15732 -5.77224
-2.47705 -2.44768
-1.26451 -0.888911
-1.01224 -5.47809
-2.47236 -2.65546
-1.19648 -0.73921
-1.48067 -5.83695
-2.01688 -4.03559
-2.14107 -0.339572
-1.91252 -2.79211
-1.71786 -0.20976
-0.519504 -3.62598
-2.65735 -2.54887
-1.04103 -0.7456
-2.19061 -5.60827
-1.20223 -4.41523
-1.91428 -4.94539
-0.874652 -4.58178
-2.3084 -3.86028
-1.43332 0.229671
-1.09466 -5.71683
-2.51105 -2.20019
-1.32648 -1.05752
-0.597195 -4.87784
-2.63419 -1.08375
-1.58032 -1.67574
-1.90476 -3.27042
-1.81369 -0.0631544
-0.674816 -3.60927
-2.53157 -3.50142
-1.08315 0.0873362
-2.44712 -5.36211
-1.38426 -4.2056
-1.51445 -5.29655
-1.60228 -4.77542
-1.33028 -5.09708
-1.78808 -4.71014
-0.857778 -4.66354
-2.34577 -3.68131
-1.27442 0.134583
-1.75441 -6.01453
-1.86883 -4.15323
-1.9714 -3.36733
-1.6996 -0.00028483
-0.245813 -3.77187
-2.70715 -0.222139
-1.64192 -2.12308
-2.20219 -1.73674
-1.72272 -0.963801
-1.87464 -3.22487
-1.87021 -0.108601
-1.01202 -3.66617
-2.16201 -4.8699
-1.16025 -4.0977
-1.95716 -5.04505
-0.905703 -4.58288
-2.26723 -3.99656
-1.61847 0.256921
-0.370829 -4.67205
-2.5845 0.366102
-1.68496 -2.81893
-2.20632 -1.08528
-1.93733 -1.42916
-2.01919 -1.06018
-2.05026 -1.49405
-1.90823 -0.972712
-2.10143 -1.94796
-1.70888 -0.746616
-1.48941 -3.67166
-0.649136 -4.50535
-2.57205 -2.54196
-1.13885 -0.821094
-1.7299 -5.86845
-1.68348 -4.39066
-0.768572 -4.59393
-2.4515 -3.2581
-1.09454 -0.205295
-2.25619 -5.62997
-1.27373 -4.35417
-1.80707 -5.11529
-1.16264 -4.87602
-1.96761 -4.56198
-1.21333 -4.04031
-1.85606 -5.19415
-1.13905 -4.81753
-1.99148 -4.55134
-1.40367 -3.99827
-1.29459 -5.28044
-1.88077 -4.48408
-0.947014 -4.0581
-2.2219 -4.47166
-2.30141 -1.21963
-1.84273 -1.37815
-2.11084 -1.35469
-1.91438 -1.11955
-2.09929 -1.59872
-1.83733 -0.930481
-2.07324 -2.4338
-1.57124 -0.497096
-0.33522 -3.78537
-2.72206 -0.963749
-1.47863 -1.72454
-1.06043 -3.83774
-2.09389 -4.93089
-0.89743 -4.1866
-2.26687 -4.24084
-1.96123 0.122422
-0.885726 -3.6079
-2.32445 -4.44067
-2.2194 -0.451836
-1.9636 -2.40472
-1.69502 -0.404598
-0.7401 -3.67032
-2.46541 -3.80752
-1.28301 0.271838
-1.83097 -6.02811
-1.81574 -4.19109
-1.39022 -3.96908
-1.31926 -5.29862
-1.85197 -4.51433
-0.788984 -4.12623
-2.38767 -3.83313
-1.3428 0.244308
-1.53822 -6.00102
-2.1511 -3.6922
-1.5223 0.130211
-0.597062 -5.07759
-2.60657 -0.375814
-1.75136 -2.12116
-2.08103 -0.777682
-2.04547 -1.93469
-1.75585 -0.69501
-1.63774 -3.54668
-1.56079 -3.84746
-0.623677 -4.3141
-2.57518 -2.66279
-1.09696 -0.716288
-1.97768 -5.80647
-1.40851 -4.47115
-1.58892 -5.20706
-1.49846 -4.89087
-1.5577 -5.04159
-1.50615 -4.98304
-1.56432 -4.98999
-1.48501 -5.01608
-1.59645 -4.95236
-1.42456 -5.04161
-1.67203 -4.87594
-1.25025 -5.02859
-1.87678 -4.62595
-0.75795 -4.2142
-2.423 -3.62225
-1.18722 0.116138
-2.10654 -5.85988
-1.46767 -4.36481
-1.38492 -5.23591
-1.74551 -4.67868
-0.914179 -4.76905
-2.28929 -3.82705
-1.42623 0.208913
-1.10704 -5.72498
-2.50308 -2.26727
-1.30833 -1.01405
-0.705492 -5.06723
-2.61084 -1.47383
-1.48763 -1.47741
-0.916379 -3.80467
-2.27461 -4.47765
-2.28537 -0.922561
-1.92854 -1.64016
-1.96277 -0.84661
-2.07982 -2.05381
-1.68721 -0.674175
-1.22054 -3.746
-1.7437 -5.36378
-1.35331 -4.81818
-1.74122 -4.94158
-1.16005 -4.94834
-1.98025 -4.49726
-1.54227 -3.93165
-0.706435 -4.58541
-2.52499 -2.83741
-1.09604 -0.582372
-2.04932 -5.78006
-1.35844 -4.45366
-1.68132 -5.17344
-1.3725 -4.9311
-1.72483 -4.8906
-1.15425 -4.963
-1.99043 -4.4703
-1.72012 -3.79015
-1.78077 -3.6615
-2.26427 -1.74414
-1.68336 -1.03552
-1.79968 -3.38393
-2.14335 -0.544378
-1.99956 -2.32928
-1.6727 -0.468149
-0.731302 -3.67742
-2.47311 -3.76377
-1.24587 0.249983
-1.96949 -5.97704
-1.64863 -4.30481
-0.767911 -4.62033
-2.45765 -3.21151
-1.09098 -0.24854
-2.24569 -5.63556
-1.26908 -4.36196
-1.81571 -5.10278
-1.14155 -4.86567
-1.99293 -4.52026
-1.53658 -3.93729
-0.727294 -4.63217
-2.51005 -2.90501
-1.09291 -0.525262
-2.09173 -5.75474
-1.32813 -4.44105
-1.73211 -5.14416
-1.29036 -4.93025
-1.81974 -4.77075
-0.858219 -4.63921
-2.34034 -3.71457
-1.29765 0.15587
-1.6671 -6.01526
-1.98026 -4.01268
-2.19451 -0.556406
-1.99104 -2.2305
-1.70972 -0.505602
-1.02276 -3.72402
-2.14685 -4.87513
-1.10154 -4.10698
-2.04075 -4.89509
-0.843846 -4.22088
-2.32522 -4.01532
-1.57651 0.287433
-0.534164 -5.00138
-2.59467 -0.0684354
-1.7642 -2.39648
-2.02664 -0.547657
-1.99253 -2.60118
-1.61772 -0.338947
-0.329462 -3.74529
-2.7255 -0.956474
-1.47461 -1.72658
-1.02209 -3.83505
-2.14728 -4.81543
-1.25954 -4.07127
-1.76741 -5.25678
-1.28757 -4.86928
-1.82019 -4.80888
-0.892478 -4.6862
-2.30186 -3.82712
-1.41259 0.212039
-1.17535 -5.78465
-2.4643 -2.53236
-1.24527 -0.826543
-1.15854 -5.62493
-2.36068 -3.17462
-1.17074 -0.284261
-1.90378 -5.91452
-1.58171 -4.39021
-1.05749 -5.02034
-2.14663 -4.11089
-1.96019 0.0643876
-1.00047 -3.63263
-2.1787 -4.84799
-1.27465 -4.07518
-1.73425 -5.27602
-1.33651 -4.86978
-1.76376 -4.88354
-1.06987 -4.89181
-2.09257 -4.29951
-2.27725 -1.01817
-1.91251 -1.53512
-2.01094 -0.965347
-2.06698 -1.67543
-1.83212 -0.855906
-2.02782 -2.67932
-1.56074 -0.3344
-0.261653 -4.01944
-2.67524 -0.0326306
-1.69269 -2.28624
-2.16258 -1.03114
-1.97532 -1.47702
-1.97223 -0.981455
-2.0828 -1.72314
-1.8036 -0.84141
-1.97146 -2.91781
-1.61614 -0.1787
-0.24429 -3.92379
-2.68314 -0.023847
-1.68395 -2.27919
-2.17498 -1.11601
-1.94735 -1.38237
-2.02402 -1.10693
-2.03857 -1.41444
-1.94338 -1.03806
-2.09188 -1.68069
-1.81271 -0.874087
-2.0131 -2.76171
-1.56631 -0.281618
-0.257271 -4.06174
-2.66491 0.0677034
-1.70186 -2.37475
-2.14627 -0.904593
-2.0079 -1.65303
-1.88583 -0.834474
-2.06326 -2.41634
-1.58527 -0.49392
-0.370065 -3.74087
-2.72177 -1.30435
-1.37822 -1.55409
-0.393987 -4.0624
-2.69778 -1.11645
-1.47629 -1.65745
-0.982276 -3.82619
-2.19784 -4.69252
-1.9055 -3.57185
-1.98165 -0.125971
-1.44335 -3.58603
-0.72582 -4.70697
-2.52766 -2.74026
-1.1202 -0.668345
-1.89916 -5.85383
-1.5061 -4.45195
-1.34207 -5.19924
-1.79148 -4.64562
-0.794198 -4.55333
-2.41087 -3.47381
-1.14677 -0.0154103
-2.17527 -5.76772
-1.3726 -4.37281
-1.62638 -5.22886
-1.45739 -4.89111
-1.61525 -5.01039
-1.41504 -5.01475
-1.68088 -4.88417
-1.23802 -5.01924
-1.89078 -4.60965
-0.789801 -4.15544
-2.38643 -3.81901
-1.33222 0.235913
-1.57951 -6.01173
-2.10307 -3.79525
-1.68843 0.147653
-0.201366 -4.0349
-2.6326 0.472288
-1.66236 -2.75756
-2.22514 -1.35306
-1.84618 -1.21082
-2.12483 -1.67119
-1.79432 -0.911293
-2.01012 -2.79173
-1.56662 -0.264711
-0.257229 -4.08529
-2.66018 0.104753
-1.70435 -2.41101
-2.14167 -0.868292
-2.01495 -1.71183
-1.85942 -0.797657
-2.0227 -2.67079
-1.5683 -0.33364
-0.261889 -3.97588
-2.68291 -0.0979518
-1.68227 -2.23088
-2.17794 -1.16605
-1.9319 -1.33199
-2.04985 -1.19469
-2.0016 -1.27671
-2.01196 -1.19478
-2.02624 -1.29627
-1.98899 -1.16075
-2.04902 -1.36919
-1.95063 -1.08291
-2.08454 -1.57247
-1.85669 -0.935728
-2.08698 -2.29987
-1.59954 -0.573171
-0.509217 -3.68737
-2.66127 -2.44288
-1.06911 -0.83773
-2.04018 -5.74244
-1.32067 -4.48061
-1.75188 -5.11031
-1.24494 -4.92832
-1.87258 -4.69282
-0.753926 -4.33538
-2.43429 -3.49429
-1.13495 0.0116525
-2.2351 -5.70239
-1.33831 -4.35124
-1.68995 -5.20752
-1.37153 -4.91233
-1.72484 -4.90224
-1.16303 -4.96528
-1.97914 -4.48993
-1.56397 -3.91809
-0.649901 -4.41853
-2.56024 -2.7008
-1.10057 -0.690514
-1.97485 -5.81249
-1.41639 -4.46787
-1.57094 -5.21286
-1.52108 -4.87753
-1.52057 -5.0615
-1.55815 -4.94898
-1.48325 -5.03671
-1.60125 -4.93699
-1.41106 -5.04837
-1.68839 -4.85571
-1.20298 -5.0091
-1.93409 -4.54484
-1.07186 -4.05233
-2.07935 -4.8463
-0.964215 -4.12638
-2.19868 -4.4944
-2.30413 -1.6436
-1.69663 -1.13082
-1.95537 -3.05226
-1.65155 -0.113774
-0.247525 -3.83666
-2.69851 -0.161338
-1.6589 -2.16969
-2.19966 -1.47195
-1.82049 -1.10623
-2.12001 -2.06564
-1.6537 -0.715198
-1.07759 -3.75206
-2.06248 -5.0299
-0.853008 -4.34689
-2.31583 -3.96992
-1.53336 0.273053
-0.68928 -5.24546
-2.6019 -0.59214
-1.73135 -1.96474
-2.13238 -1.03718
-1.99091 -1.46746
-1.96248 -0.986972
-2.08649 -1.73604
-1.79632 -0.837601
-1.953 -2.98023
-1.64942 -0.143092
-0.259104 -3.81147
-2.70654 -0.287703
-1.63614 -2.08588
-2.19804 -1.85677
-1.68038 -0.902793
-1.59312 -3.61845
-0.916609 -3.96789
-2.26109 -4.41022
-2.22369 -0.508053
-1.97497 -2.28932
-1.71072 -0.465624
-0.948 -3.7104
-2.24531 -4.62893
-2.20392 -2.6762
-1.39591 -0.524042
-0.591464 -4.95441
-2.62767 -0.766347
-1.66824 -1.84768
-2.18634 -1.76345
-1.72222 -0.93205
-1.83538 -3.30106
-2.0065 -0.235836
-1.67732 -3.38597
-2.16156 -2.63194
-1.44144 -0.501404
-0.428757 -4.62899
-2.63555 -0.239886
-1.72961 -2.19458
-2.10883 -0.831239
-2.0335 -1.79834
-1.81367 -0.757133
-1.91346 -3.07501
-1.738 -0.104327
-0.442727 -3.61736
-2.70363 -1.98873
-1.16844 -1.15475
-1.41421 -5.75245
-2.03239 -4.04318
-2.11558 -0.260178
-1.84036 -3.03074
-1.89508 -0.183992
-1.27045 -3.66767
-1.53882 -5.419
-1.60501 -4.69807
-1.2728 -5.09958
-1.85985 -4.61031
-0.74549 -4.24045
-2.43823 -3.53503
-1.14405 0.0498098
-2.22534 -5.72244
-1.35439 -4.35182
-1.65727 -5.22368
-1.41791 -4.90154
-1.66773 -4.96478
-1.30974 -5.0185
-1.80363 -4.7378
-0.855551 -4.6481
-2.34574 -3.68957
-1.27884 0.14029
-1.73933 -6.016
-1.88873 -4.13103
-2.13799 -2.85963
-1.41177 -0.350345
-0.650499 -5.08157
-2.61929 -0.874981
-1.65457 -1.78538
-2.17397 -2.03879
-1.62763 -0.792783
-1.04107 -3.75748
-2.12053 -4.91561
-0.963282 -4.14792
-2.19825 -4.48102
-2.30562 -1.51246
-1.7431 -1.19881
-2.09994 -2.42167
-1.55152 -0.533254
-0.316376 -3.83549
-2.71668 -0.745754
-1.5418 -1.83456
-1.75127 -3.54935
-2.2594 -1.77067
-1.67631 -1.01737
-1.74164 -3.47043
-2.26003 -1.60612
-1.73691 -1.09732
-2.03441 -2.75592
-1.54043 -0.303496
-0.277149 -4.19762
-2.64847 0.127815
-1.712 -2.45304
-2.12772 -0.794053
-2.02728 -1.84834
-1.8011 -0.724379
-1.84436 -3.23715
-1.95318 -0.180595
-1.4606 -3.58926
-0.67048 -4.58472
-2.563 -2.55747
-1.14309 -0.811727
-1.71386 -5.87046
-1.70549 -4.37587
-0.71801 -4.45752
-2.49078 -3.12872
-1.07129 -0.317155
-2.27989 -5.57267
-1.23949 -4.3432
-1.85905 -5.06178
-1.0458 -4.79219
-2.10814 -4.31694
-2.27569 -0.983392
-1.92147 -1.57015
-1.99169 -0.918904
-2.07724 -1.80812
-1.77674 -0.789877
-1.85102 -3.23881
-1.9364 -0.161565
-1.37312 -3.63081
-1.07392 -5.1787
-2.18825 -3.93547
-1.6669 0.209533
-0.235686 -4.27106
-2.59753 0.584138
-1.61499 -2.95212
-2.15858 -2.571
-1.46063 -0.529643
-0.359357 -4.43423
-2.64368 -0.0993198
-1.7249 -2.28889
-2.10929 -0.793029
-2.03492 -1.86839
-1.78774 -0.719718
-1.7974 -3.32922
-2.12118 -0.485821
-1.98233 -2.50295
-1.64992 -0.374934
-0.473102 -3.66195
-2.68512 -2.19252
-1.12261 -1.02082
-1.71435 -5.83976
-1.66805 -4.41693
-0.830527 -4.71116
-2.39456 -3.45969
-1.1562 -0.0321515
-2.12885 -5.81167
-1.40708 -4.38324
-1.55328 -5.24371
-1.54729 -4.84471
-1.46773 -5.08649
-1.62571 -4.88858
-1.34676 -5.05971
-1.76414 -4.76333
-0.95794 -4.80314
-2.23373 -3.98316
-1.64854 0.238325
-0.282874 -4.44108
-2.58614 0.542481
-1.62301 -2.95831
-2.18446 -2.4094
-1.49088 -0.639996
-0.297763 -4.05716
-2.68502 -0.280033
-1.66724 -2.11256
-2.19375 -1.42804
-1.83926 -1.12902
-2.12409 -1.89629
-1.71214 -0.796317
-1.59296 -3.60441
-0.942329 -3.96615
-2.23381 -4.49786
-2.3071 -1.37367
-1.79002 -1.2797
-2.14111 -1.83642
-1.72306 -0.844106
-1.72091 -3.47239
-2.24095 -2.04838
-1.58277 -0.872425
-0.855542 -3.74187
-2.34447 -4.27599
-1.94387 0.175103
-0.720318 -3.5709
-2.4937 -3.74126
-1.22327 0.250119
-2.06012 -5.92185
-1.5522 -4.33681
-1.09701 -5.07005
-2.10252 -4.18979
-2.15159 -0.318565
-1.90277 -2.81438
-1.73547 -0.199856
-0.578875 -3.62344
-2.61283 -2.94385
-0.995285 -0.404356
-2.48164 -5.16018
-1.43941 -4.13224
-1.28476 -5.24822
-1.88308 -4.497
-0.929633 -4.06313
-2.24003 -4.41202
-2.24333 -0.626097
-1.97989 -2.05821
-1.77399 -0.579495
-1.52204 -3.62721
-0.596519 -4.2072
-2.59256 -2.60492
-1.09665 -0.756682
-1.95926 -5.81042
-1.4214 -4.47486
-1.56317 -5.2122
-1.53019 -4.87347
-1.50516 -5.06747
-1.57824 -4.93382
-1.44738 -5.04895
-1.64585 -4.89505
-1.31258 -5.04742
-1.80321 -4.72053
-0.840475 -4.62527
-2.36201 -3.63901
-1.23986 0.107827
-1.885 -5.98658
-1.70412 -4.29119
-0.680824 -4.30631
-2.5158 -3.07917
-1.057 -0.353649
-2.31126 -5.516
-1.22564 -4.3205
-1.87745 -5.04944
-1.00868 -4.75279
-2.15232 -4.2308
-2.11793 -0.19741
-1.78296 -3.15442
-2.08125 -0.424579
-1.94365 -2.74568
-1.66764 -0.240153
-0.37569 -3.67554
-2.72483 -1.40918
-1.33866 -1.49676
-0.437628 -4.41671
-2.66993 -0.844368
-1.59237 -1.79903
-2.03628 -2.91848
-1.52068 -0.223788
-0.342496 -4.47191
-2.62434 0.128517
-1.72747 -2.50741
-2.09776 -0.672889
-2.03251 -2.12787
-1.70129 -0.590782
-1.14348 -3.74
-1.93471 -5.21683
-1.05434 -4.71679
-2.08847 -4.405
-2.27787 -2.0242
-1.56939 -0.928582
-0.848577 -3.74648
-2.35118 -4.2472
-1.8912 0.223592
-0.460414 -3.54154
-2.699 -2.16421
-1.11269 -1.0273
-1.76053 -5.83496
-1.60913 -4.44873
-1.03434 -4.9828
-2.16985 -4.07081
-1.86218 0.154626
-0.477604 -3.5562
-2.68837 -2.28371
-1.08644 -0.94261
-1.91995 -5.80031
-1.43328 -4.49351
-1.54572 -5.20921
-1.55032 -4.86447
-1.46954 -5.07775
-1.62259 -4.89643
-1.35638 -5.05874
-1.75279 -4.77778
-0.996467 -4.84762
-2.18812 -4.08864
-1.85361 0.169284
-0.42862 -3.55916
-2.71365 -1.91395
-1.17981 -1.19729
-1.33285 -5.70322
-2.12663 -3.87317
-1.7146 0.167715
-0.193966 -3.93181
-2.65057 0.389047
-1.67724 -2.64327
-2.1973 -1.09705
-1.93947 -1.41246
-2.02212 -1.07816
-2.04535 -1.46145
-1.92286 -0.997883
-2.09993 -1.83294
-1.75167 -0.800168
-1.77778 -3.3798
-2.19173 -0.759664
-2.00067 -1.86454
-1.8185 -0.69644
-1.85855 -3.1979
-1.90069 -0.139518
-1.20122 -3.67065
-1.76795 -5.37099
-1.32781 -4.81037
-1.77147 -4.91096
-1.07776 -4.88946
-2.08107 -4.32619
-2.29499 -1.37049
-1.79859 -1.2691
-2.13932 -1.80468
-1.73593 -0.857356
-1.79362 -3.36385
-2.14791 -0.567202
-2.00396 -2.2728
-1.68396 -0.49766
-0.851656 -3.6998
-2.35244 -4.27559
-1.93787 0.184439
-0.681721 -3.56299
-2.52965 -3.55015
-1.10293 0.130272
-2.40912 -5.45004
-1.35462 -4.24088
-1.61117 -5.27546
-1.48551 -4.85388
-1.56883 -5.05507
-1.49397 -4.97969
-1.57986 -4.98336
-1.46029 -5.02411
-1.62784 -4.92497
-1.36055 -5.04791
-1.74693 -4.79159
-1.02241 -4.87337
-2.15645 -4.15773
-2.00719 0.0127734
-1.25749 -3.6279
-1.56135 -5.428
-1.58089 -4.70871
-1.33523 -5.12121
-1.78554 -4.69883
-0.851825 -4.6567
-2.35263 -3.65878
-1.25709 0.120156
-1.81971 -6.00475
-1.78558 -4.23231
-1.00744 -4.02087
-2.15798 -4.67774
-1.81088 -3.71225
-2.2684 -1.43249
-1.79367 -1.20296
-2.13233 -1.99836
-1.66944 -0.759612
-1.26985 -3.7495
-1.59147 -5.40228
-1.53795 -4.74983
-1.44653 -5.12563
-1.65491 -4.83921
-1.26092 -5.04705
-1.86612 -4.63133
-0.747068 -4.25455
-2.43708 -3.53149
-1.14369 0.0461419
-2.22441 -5.72285
-1.35399 -4.35246
-1.65833 -5.22298
-1.4164 -4.90212
-1.66968 -4.96275
-1.30528 -5.01788
-1.80884 -4.73109
-0.84054 -4.62081
-2.36108 -3.64506
-1.24342 0.1121
-1.87299 -5.99095
-1.71952 -4.28115
-0.68576 -4.21781
-2.50401 -3.20806
-1.0563 -0.230247
-2.37306 -5.4355
-1.26213 -4.26988
-1.81225 -5.1467
-1.1734 -4.86852
-1.95368 -4.59196
-1.04458 -4.06151
-2.11265 -4.76548
-1.27831 -4.05879
-1.71942 -5.28899
-1.35895 -4.86459
-1.73703 -4.91811
-1.15083 -4.95029
-1.99277 -4.47287
-1.72562 -3.78475
-1.84639 -3.56822
-2.13656 -0.466754
-1.97548 -2.51428
-1.65609 -0.364295
-0.484542 -3.65757
-2.67854 -2.28054
-1.10094 -0.957
-1.84713 -5.82671
-1.51559 -4.47781
-1.33558 -5.18992
-1.79771 -4.64315
-0.783152 -4.52496
-2.42051 -3.44623
-1.13398 -0.0372581
-2.20935 -5.72447
-1.34201 -4.36471
-1.68679 -5.20433
-1.37471 -4.91425
-1.7212 -4.90502
-1.17232 -4.97094
-1.96782 -4.50735
-1.4156 -3.98951
-1.24125 -5.25113
-1.94897 -4.39566
-1.72219 -3.78021
-1.8269 -3.59741
-2.20043 -0.732226
-1.99802 -1.90548
-1.80688 -0.671859
-1.79481 -3.32296
-2.12464 -0.498584
-1.98716 -2.46644
-1.65214 -0.39544
-0.510322 -3.65856
-2.66191 -2.46722
-1.06054 -0.815173
-2.08512 -5.70837
-1.2799 -4.46816
-1.81213 -5.05555
-1.11566 -4.8655
-2.02611 -4.45488
-1.98852 -3.36535
-1.66238 0.00239169
-0.21784 -3.94238
-2.66463 0.215461
-1.69279 -2.4813
-2.16266 -0.941326
-1.99341 -1.59577
-1.9177 -0.873714
-2.08542 -2.15681
-1.64758 -0.634576
-0.88323 -3.72077
-2.31742 -4.3894
-2.14996 -0.202214
-1.81358 -3.06545
-1.97141 -0.251061
-1.62639 -3.45993
-1.64069 -3.78404
-0.981845 -3.98045
-2.18942 -4.61866
-2.11462 -3.04244
-1.41592 -0.22188
-0.739258 -5.23553
-2.60728 -1.12707
-1.6031 -1.64782
-2.0009 -3.01236
-1.57062 -0.151964
-0.269727 -4.24167
-2.6331 0.266447
-1.70412 -2.59813
-2.14798 -0.821938
-2.01653 -1.78466
-1.83249 -0.753146
-1.94885 -2.96366
-1.65583 -0.148665
-0.271301 -3.77968
-2.71443 -0.426377
-1.60594 -2.00158
-2.14634 -2.42272
-1.51436 -0.5878
-0.293855 -3.97217
-2.69606 -0.37375
-1.64118 -2.04619
-2.1967 -1.83015
-1.69113 -0.913266
-1.66848 -3.54672
-1.87723 -3.49825
-2.00682 -0.18322
-1.60049 -3.46808
-1.32509 -3.93546
-1.5231 -5.36178
-1.60718 -4.73139
-1.29132 -5.09737
-1.83597 -4.64566
-0.747881 -4.38285
-2.4459 -3.40986
-1.10954 -0.0614269
-2.28259 -5.62223
-1.2969 -4.33295
-1.76351 -5.16423
-1.25376 -4.90595
-1.86077 -4.72516
-0.77219 -4.42959
-2.42129 -3.49781
-1.14493 0.00952164
-2.1975 -5.74772
-1.36247 -4.36441
-1.64481 -5.22466
-1.43372 -4.89868
-1.64737 -4.98319
-1.35326 -5.02171
-1.75316 -4.80061
-1.01738 -4.86462
-2.16168 -4.14895
-1.9851 0.0440085
-1.12692 -3.63909
-1.94941 -5.23343
-1.0489 -4.69877
-2.09385 -4.40303
-2.28479 -1.92962
-1.60103 -0.978217
-1.17574 -3.77992
-1.87183 -5.26767
-1.1598 -4.79276
-1.96494 -4.61721
-1.03309 -4.06657
-2.12598 -4.73013
-1.46341 -3.99963
-1.06295 -5.10537
-2.17153 -4.01057
-1.78216 0.188301
-0.239647 -3.69099
-2.7158 -0.255969
-1.6258 -2.09412
-2.19206 -2.002
-1.62987 -0.831304
-1.12879 -3.76598
-1.97028 -5.16452
-0.980118 -4.64216
-2.17637 -4.22913
-2.07522 -0.0898817
-1.59344 -3.44128
-1.30572 -3.9375
-1.58595 -5.36022
-1.53339 -4.77887
-1.46738 -5.11373
-1.62922 -4.86884
-1.32982 -5.06288
-1.78443 -4.73574
-0.88928 -4.70964
-2.31129 -3.78249
-1.36916 0.190689
-1.36245 -5.91296
-2.31729 -3.22274
-1.20459 -0.230543
-1.78764 -5.95309
-1.73457 -4.30469
-0.696061 -4.19399
-2.49157 -3.29391
-1.06618 -0.15102
-2.38008 -5.4404
-1.28035 -4.26494
-1.77841 -5.17915
-1.23946 -4.89166
-1.87661 -4.70924
-0.758068 -4.34955
-2.43051 -3.50329
-1.13992 0.0181041
-2.22105 -5.72134
-1.34868 -4.356
-1.67054 -5.21598
-1.39907 -4.90755
-1.69151 -4.93948
-1.25261 -5.00569
-1.87084 -4.64856
-0.748581 -4.26764
-2.43602 -3.52825
-1.14339 0.0427722
-2.22344 -5.72336
-1.3537 -4.35308
-1.65916 -5.22239
-1.41521 -4.90259
-1.6712 -4.96113
-1.30174 -5.01735
-1.81297 -4.72574
-0.829078 -4.59861
-2.37251 -3.61153
-1.21939 0.089494
-1.95802 -5.95433
-1.61468 -4.33761
-0.895937 -4.8369
-2.33497 -3.63373
-1.26111 0.0987063
-1.78448 -6.00629
-1.82241 -4.20253
-1.40943 -3.96392
-1.24116 -5.25589
-1.95113 -4.38992
-1.75981 -3.7383
-2.16645 -2.6659
-1.4285 -0.488719
-0.481909 -4.75072
-2.63261 -0.384526
-1.72225 -2.0925
-2.13072 -0.963267
-2.00655 -1.57015
-1.91556 -0.896804
-2.0901 -2.10658
-1.66111 -0.662155
-1.02521 -3.74227
-2.14347 -4.87345
-1.09509 -4.10749
-2.04909 -4.87807
-0.864898 -4.18843
-2.30244 -4.11834
-1.73447 0.27155
-0.181335 -4.00036
-2.62484 0.575803
-1.63256 -2.85653
-2.22322 -2.00257
-1.61066 -0.870066
-1.05779 -3.76652
-2.09541 -4.96229
-0.880489 -4.21719
-2.28431 -4.16203
-1.81831 0.235788
-0.26198 -3.6361
-2.72894 -0.492643
-1.57162 -1.95539
-2.00816 -3.0375
-1.56018 -0.144317
-0.289654 -4.32643
-2.62577 0.262874
-1.70737 -2.61457
-2.14288 -0.793601
-2.02076 -1.83676
-1.81063 -0.725888
-1.87216 -3.17397
-1.85816 -0.115737
-0.975111 -3.66375
-2.21335 -4.74508
-1.76419 -3.78235
-2.12785 -2.84956
-1.42345 -0.345991
-0.602175 -5.00273
-2.62286 -0.698144
-1.68811 -1.88947
-2.18173 -1.48328
-1.82712 -1.08097
-2.11632 -2.08943
-1.64788 -0.700344
-1.00929 -3.7448
-2.16576 -4.82059
-1.3125 -4.06194
-1.6333 -5.32063
-1.4696 -4.83112
-1.58765 -5.05735
-1.46873 -4.98506
-1.61297 -4.95915
-1.40025 -5.03807
-1.70007 -4.85021
-1.17444 -4.99202
-1.96873 -4.4941
-1.4742 -3.96536
-0.982852 -5.02585
-2.26806 -3.77332
-1.41037 0.177657
-1.15113 -5.7591
-2.47551 -2.46747
-1.25867 -0.875085
-1.05328 -5.52176
-2.44375 -2.80911
-1.17404 -0.612373
-1.67526 -5.89904
-1.79293 -4.29281
-0.907661 -4.03803
-2.2651 -4.34844
-2.13325 -0.18054
-1.77992 -3.14924
-2.0871 -0.440745
-1.95524 -2.69096
-1.65515 -0.270737
-0.369714 -3.68701
-2.72539 -1.34994
-1.35719 -1.52817
-0.400055 -4.2384
-2.68432 -0.870184
-1.56441 -1.78291
-1.88021 -3.33474
-1.90387 -0.103488
-1.13899 -3.66869
-1.9286 -5.24684
-1.08039 -4.72896
-2.05699 -4.46859
-2.08765 -3.09845
-1.44805 -0.167938
-0.640657 -5.09588
-2.61633 -0.723666
-1.69123 -1.87486
-2.18007 -1.4739
-1.8314 -1.08538
-2.11796 -2.05155
-1.66015 -0.718977
-1.12894 -3.75433
-1.96794 -5.17178
-0.987588 -4.64972
-2.16747 -4.24856
-2.11767 -0.188828
-1.7739 -3.17197
-2.11105 -0.50038
-1.98747 -2.49127
-1.64619 -0.384514
-0.470298 -3.66435
-2.6866 -2.16988
-1.12852 -1.03699
-1.67749 -5.83748
-1.71218 -4.39018
-0.718398 -4.4511
-2.48943 -3.14035
-1.07126 -0.306237
-2.2855 -5.56651
-1.24011 -4.3391
-1.8577 -5.06545
-1.05062 -4.7959
-2.10224 -4.32864
-2.28699 -1.13781
-1.8755 -1.43108
-2.07338 -1.16518
-1.99456 -1.30848
-2.00818 -1.15951
-2.03702 -1.35008
-1.9651 -1.10096
-2.07432 -1.50754
-1.88659 -0.974881
-2.10316 -2.03784
-1.67552 -0.707747
-1.21017 -3.75065
-1.77469 -5.34667
-1.31157 -4.82241
-1.791 -4.87866
-1.01171 -4.83012
-2.16211 -4.16533
-2.00768 0.0149884
-1.25469 -3.62803
-1.57168 -5.42814
-1.5687 -4.71619
-1.36649 -5.12752
-1.74882 -4.73986
-0.968193 -4.82463
-2.22395 -4.00083
-1.68355 0.233135
-0.219364 -4.21447
-2.59979 0.611367
-1.60627 -2.96399
-2.11485 -2.7893
-1.44704 -0.366224
-0.491347 -4.79398
-2.62734 -0.342624
-1.7319 -2.12736
-2.11208 -0.872616
-2.02869 -1.72289
-1.8443 -0.798752
-2.00494 -2.7616
-1.57701 -0.274787
-0.254161 -4.00689
-2.67359 0.0109405
-1.69453 -2.31885
-2.15909 -0.995262
-1.98502 -1.52259
-1.94932 -0.935893
-2.09062 -1.88633
-1.7388 -0.76402
-1.67115 -3.52137
-1.94903 -3.35627
-1.74485 -0.0125801
-0.348901 -3.63587
-2.73261 -1.21928
-1.38605 -1.59206
-0.408492 -3.99503
-2.69917 -1.34111
-1.40417 -1.5445
-0.436079 -3.9086
-2.69402 -1.68458
-1.29391 -1.35933
-0.637638 -4.90388
-2.62589 -1.39151
-1.4959 -1.52166
-1.03945 -3.82101
-2.12374 -4.87655
-1.03213 -4.11861
-2.12452 -4.70076
-1.57008 -3.94058
-0.652709 -4.41966
-2.55755 -2.72029
-1.09751 -0.674434
-1.99618 -5.802
-1.39627 -4.46668
-1.61236 -5.20106
-1.46862 -4.90459
-1.60209 -5.01139
-1.4353 -5.01332
-1.65679 -4.90741
-1.29887 -5.03785
-1.81851 -4.7055
-0.803712 -4.54785
-2.39751 -3.53535
-1.17285 0.034263
-2.10743 -5.8437
-1.44419 -4.37648
-1.45702 -5.24709
-1.66028 -4.75846
-1.19022 -5.03327
-1.95565 -4.49473
-1.37962 -3.99958
-1.38333 -5.31924
-1.77036 -4.60365
-0.792484 -4.56831
-2.41571 -3.44366
-1.13704 -0.0411057
-2.19576 -5.73972
-1.35054 -4.36953
-1.67125 -5.21077
-1.39674 -4.91062
-1.69458 -4.93465
-1.2439 -5.00324
-1.88127 -4.6339
-0.760298 -4.21348
-2.4203 -3.63489
-1.19474 0.124965
-2.08328 -5.88089
-1.49236 -4.36252
-1.31115 -5.20941
-1.83438 -4.58467
-0.732622 -4.28305
-2.45545 -3.42471
-1.10544 -0.0428953
-2.30699 -5.5894
-1.29445 -4.31783
-1.76457 -5.16949
-1.25467 -4.90368
-1.85958 -4.72842
-0.774924 -4.43905
-2.419 -3.50265
-1.14782 0.0129772
-2.18892 -5.75819
-1.36966 -4.3665
-1.63026 -5.2296
-1.45281 -4.89181
-1.62149 -5.00588
-1.40387 -5.01683
-1.69412 -4.86968
-1.20126 -5.00307
-1.93532 -4.54615
-1.07484 -4.05224
-2.07555 -4.8545
-0.942404 -4.13581
-2.2214 -4.42
-2.26625 -0.794815
-1.95999 -1.7943
-1.88077 -0.722124
-1.99614 -2.75887
-1.58915 -0.268924
-0.254978 -3.946
-2.68463 -0.082174
-1.68077 -2.23862
-2.17963 -1.17511
-1.92833 -1.32397
-2.05463 -1.21209
-1.99384 -1.25398
-2.02357 -1.22979
-2.0095 -1.24236
-2.01572 -1.23394
-2.0137 -1.24117
-2.01315 -1.23296
-2.01571 -1.24395
-2.01103 -1.22828
-2.01838 -1.25146
-2.00716 -1.2174
-2.0238 -1.26877
-1.99861 -1.19385
-2.03531 -1.30905
-1.97887 -1.14474
-2.05865 -1.40855
-1.93112 -1.04858
-2.0965 -1.69429
-1.80461 -0.870522
-1.99714 -2.82984
-1.58082 -0.236263
-0.250558 -4.04046
-2.66521 0.0903862
-1.70069 -2.3904
-2.14813 -0.906631
-2.00665 -1.64934
-1.88815 -0.836642
-2.06537 -2.39803
-1.58854 -0.504572
-0.389826 -3.72608
-2.7181 -1.48292
-1.32532 -1.46049
-0.482584 -4.55878
-2.65913 -0.921377
-1.58914 -1.76018
-2.00271 -3.02501
-1.56823 -0.14703
-0.274783 -4.26633
-2.63053 0.270273
-1.70445 -2.60795
-2.14804 -0.818435
-2.01679 -1.79052
-1.83022 -0.749821
-1.94141 -2.98722
-1.67096 -0.136832
-0.289912 -3.73697
-2.72332 -0.629414
-1.55551 -1.88952
-1.88395 -3.33919
-1.89633 -0.0957754
-1.09304 -3.66792
-2.02557 -5.12373
-0.907588 -4.51303
-2.25781 -4.06584
-1.71634 0.250646
-0.190149 -4.05979
-2.61713 0.592537
-1.62393 -2.89357
-2.20248 -2.24986
-1.53319 -0.73589
-0.406763 -3.76257
-2.71095 -1.59013
-1.30017 -1.40438
-0.595815 -4.81978
-2.63579 -1.25872
-1.52563 -1.58882
-1.39795 -3.79416
-1.12371 -5.19761
-2.11378 -4.10729
-2.02069 -0.0289993
-1.37365 -3.59767
-1.03936 -5.14944
-2.23179 -3.82817
-1.4989 0.197025
-0.759926 -5.33176
-2.60098 -0.906211
-1.66989 -1.76597
-2.17947 -1.88342
-1.68168 -0.868023
-1.54341 -3.6525
-0.618585 -4.12004
-2.56809 -2.86543
-1.05002 -0.531172
-2.25203 -5.56919
-1.20664 -4.36729
-1.90706 -4.9834
-0.913917 -4.63976
-2.26401 -3.97574
-1.59884 0.252274
-0.426977 -4.79204
-2.58858 0.218896
-1.7249 -2.67503
-2.1119 -0.658131
-2.02718 -2.13614
-1.70341 -0.581788
-1.13852 -3.73896
-1.94516 -5.20515
-1.03485 -4.69871
-2.11154 -4.36128
-2.29574 -1.30603
-1.81927 -1.31171
-2.13252 -1.5898
-1.81903 -0.966321
-2.07447 -2.45579
-1.56398 -0.488369
-0.314561 -3.8219
-2.71784 -0.746087
-1.53978 -1.83384
-1.73455 -3.57052
-2.2255 -2.24323
-1.52071 -0.767245
-0.390087 -3.78562
-2.71459 -1.42918
-1.34943 -1.49182
-0.413339 -4.32485
-2.67706 -0.819851
-1.58758 -1.81043
-2.02103 -2.97357
-1.53977 -0.184259
-0.31547 -4.40134
-2.62445 0.2017
-1.71772 -2.56781
-2.11937 -0.720657
-2.03047 -1.99668
-1.74691 -0.650643
-1.51952 -3.63972
-0.596511 -4.24185
-2.59464 -2.55846
-1.10922 -0.795747
-1.88373 -5.83948
-1.50045 -4.46611
-1.36773 -5.20397
-1.76015 -4.68065
-0.884455 -4.72145
-2.32081 -3.74289
-1.33311 0.169529
-1.51407 -5.98112
-2.16029 -3.67894
-1.49902 0.124524
-0.687989 -5.21777
-2.60663 -0.695597
-1.70832 -1.89416
-2.16583 -1.29249
-1.90089 -1.20803
-2.09669 -1.46737
-1.88548 -1.01952
-2.1089 -1.93183
-1.70949 -0.762495
-1.52097 -3.65427
-0.598228 -4.25474
-2.59396 -2.55368
-1.11151 -0.800262
-1.87097 -5.84344
-1.51462 -4.4629
-1.32692 -5.19057
-1.80898 -4.62842
-0.759089 -4.4557
-2.4408 -3.39103
-1.11047 -0.0813551
-2.26815 -5.63881
-1.29773 -4.34179
-1.76397 -5.16025
-1.25124 -4.90683
-1.86375 -4.71999
-0.767471 -4.41075
-2.42501 -3.49195
-1.1408 0.00570757
-2.21031 -5.7319
-1.35251 -4.36074
-1.66428 -5.21732
-1.40742 -4.90624
-1.68118 -4.94999
-1.27777 -5.01281
-1.84109 -4.68867
-0.766462 -4.43797
-2.4294 -3.45553
-1.12939 -0.0256093
-2.23294 -5.69758
-1.32994 -4.35488
-1.70749 -5.19585
-1.34452 -4.91618
-1.75663 -4.8631
-1.06671 -4.89599
-2.09792 -4.28535
-2.26178 -0.861251
-1.95313 -1.70711
-1.91664 -0.784057
-2.05742 -2.40055
-1.59513 -0.494657
-0.402404 -3.71485
-2.71494 -1.59637
-1.29138 -1.39816
-0.638722 -4.89992
-2.6254 -1.41538
-1.48853 -1.50983
-0.958147 -3.81215
-2.22719 -4.61882
-2.19485 -2.71659
-1.39241 -0.491407
-0.630315 -5.026
-2.62351 -0.886842
-1.64633 -1.77892
-2.16501 -2.15969
-1.58973 -0.729154
-0.674825 -3.70343
-2.52382 -3.47092
-1.07658 0.0507774
-2.44842 -5.35039
-1.38048 -4.20373
-1.52388 -5.29706
-1.59137 -4.78296
-1.35722 -5.10199
-1.75653 -4.74639
-0.957679 -4.80853
-2.23541 -3.97552
-1.63743 0.238516
-0.308382 -4.51296
-2.58496 0.494414
-1.6408 -2.92474
-2.22842 -1.95956
-1.62364 -0.89522
-1.20025 -3.77087
-1.80866 -5.32013
-1.26126 -4.82245
-1.84883 -4.79657
-0.836373 -4.58029
-2.35952 -3.67303
-1.25834 0.132069
-1.82379 -6.00598
-1.78398 -4.23241
-0.996045 -4.0216
-2.17087 -4.64291
-1.98558 -3.40417
-1.68457 0.0140239
-0.223814 -3.8516
-2.68482 0.051268
-1.6823 -2.326
-2.17681 -1.10379
-1.94951 -1.39634
-2.01828 -1.0874
-2.04585 -1.45076
-1.9261 -1.00724
-2.09915 -1.80051
-1.76404 -0.815762
-1.84194 -3.264
-1.9714 -0.195567
-1.53694 -3.53581
-0.666042 -4.02528
-2.51936 -3.25304
-1.04544 -0.173246
-2.43398 -5.32703
-1.33069 -4.21289
-1.65625 -5.26976
-1.43057 -4.87232
-1.64841 -4.99722
-1.35758 -5.01627
-1.74775 -4.81056
-1.03833 -4.8846
-2.136 -4.2024
-2.10734 -0.180279
-1.75419 -3.21463
-2.17423 -0.725899
-2.0096 -1.93285
-1.78704 -0.665398
-1.71845 -3.44386
-2.24572 -1.96968
-1.60946 -0.912453
-1.12465 -3.77387
-1.97973 -5.14908
-0.960001 -4.61685
-2.19989 -4.17888
-1.96219 0.0894958
-0.956108 -3.62342
-2.23957 -4.69654
-2.01509 -3.34932
-1.60365 -0.00452187
-0.262461 -4.2797
-2.61765 0.392952
-1.68152 -2.74236
-2.20137 -1.08107
-1.94125 -1.43134
-2.01518 -1.05349
-2.05363 -1.51017
-1.90025 -0.961475
-2.10087 -2.00936
-1.68728 -0.717913
-1.30602 -3.73819
-1.45382 -5.39193
-1.70224 -4.63392
-0.970922 -4.8609
-2.22944 -3.96717
-1.63677 0.234548
-0.307599 -4.50964
-2.58539 0.493405
-1.64143 -2.92258
-2.22934 -1.94269
-1.62943 -0.903696
-1.25824 -3.76623
-1.63915 -5.39262
-1.48076 -4.78145
-1.55876 -5.09332
-1.5149 -4.9511
-1.54659 -5.01553
-1.51585 -4.99365
-1.55322 -4.98973
-1.5009 -5.01202
-1.57573 -4.96752
-1.46189 -5.03153
-1.6267 -4.92138
-1.36088 -5.04947
-1.74668 -4.79091
-1.02232 -4.8735
-2.15661 -4.15727
-2.00624 0.0141431
-1.25206 -3.62886
-1.58171 -5.4279
-1.55683 -4.72333
-1.39565 -5.13091
-1.71482 -4.77617
-1.0799 -4.93824
-2.08866 -4.28435
-2.27048 -0.949378
-1.93188 -1.6048
-1.97072 -0.877317
-2.08194 -1.9559
-1.72012 -0.721532
-1.50675 -3.65792
-0.609185 -4.35749
-2.5923 -2.48335
-1.13685 -0.859892
-1.71975 -5.86319
-1.68925 -4.3904
-0.75651 -4.56502
-2.46132 -3.22436
-1.0877 -0.234801
-2.26468 -5.61197
-1.2632 -4.35048
-1.82344 -5.09977
-1.12764 -4.85556
-2.00943 -4.49388
-1.75132 -3.75926
-2.09349 -2.97835
-1.44475 -0.240706
-0.594174 -5.00706
-2.62036 -0.60556
-1.70766 -1.94898
-2.1626 -1.22625
-1.92332 -1.26521
-2.07164 -1.31154
-1.95351 -1.14422
-2.07434 -1.45355
-1.90519 -1.01698
-2.10517 -1.85464
-1.74015 -0.795056
-1.72401 -3.46
-2.24917 -1.92315
-1.62494 -0.936963
-1.28481 -3.76554
-1.54993 -5.39961
-1.58578 -4.72301
-1.33345 -5.11592
-1.7869 -4.70027
-0.85066 -4.6539
-2.35367 -3.65627
-1.25498 0.118572
-1.82772 -6.00299
-1.77549 -4.24055
-0.921188 -4.02951
-2.25147 -4.39879
-2.21757 -0.48445
-1.97179 -2.34278
-1.70029 -0.438771
-0.834156 -3.68964
-2.37132 -4.20941
-1.81686 0.277174
-0.225232 -3.67568
-2.71239 -0.152781
-1.64027 -2.15701
-2.20402 -1.72788
-1.72493 -0.97028
-1.88961 -3.19166
-1.82172 -0.0907804
-0.762852 -3.62747
-2.44787 -3.92468
-1.39976 0.319472
-1.34472 -5.92232
-2.35517 -3.06123
-1.18896 -0.378199
-1.75665 -5.93342
-1.73922 -4.3149
-0.698633 -4.19187
-2.48866 -3.31123
-1.06921 -0.135411
-2.37817 -5.44754
-1.28226 -4.26674
-1.77528 -5.18102
-1.24478 -4.89325
-1.87051 -4.71792
-0.763057 -4.38436
-2.42767 -3.4954
-1.13981 0.00985974
-2.21646 -5.72531
-1.34949 -4.3583
-1.66965 -5.2156
-1.40012 -4.90771
-1.69025 -4.94059
-1.25563 -5.0067
-1.86726 -4.65342
-0.747054 -4.28705
-2.43893 -3.50231
-1.13393 0.0209884
-2.24429 -5.69239
-1.3355 -4.34681
-1.6942 -5.20676
-1.36573 -4.91242
-1.73168 -4.8946
-1.14353 -4.95329
-2.00308 -4.45173
-1.87141 -3.59143
-2.0881 -0.320418
-1.87228 -2.9716
-1.80935 -0.155546
-0.836616 -3.65021
-2.37267 -4.23234
-1.85369 0.258163
-0.31276 -3.58095
-2.73978 -0.961728
-1.44787 -1.71661
-0.769299 -3.80983
-2.42479 -3.89417
-1.37685 0.29341
-1.42625 -5.96294
-2.27711 -3.34661
-1.24457 -0.116849
-1.68674 -5.97423
-1.8875 -4.15654
-2.07716 -3.08432
-1.46171 -0.16796
-0.582494 -4.99976
-2.61833 -0.520147
-1.72289 -2.00731
-2.13878 -1.04515
-1.98553 -1.45713
-1.97016 -0.998331
-2.08273 -1.6935
-1.81439 -0.858389
-2.0043 -2.794
-1.57419 -0.258864
-0.253639 -4.04702
-2.66571 0.0750452
-1.70086 -2.37844
-2.14793 -0.910849
-2.00612 -1.64303
-1.89078 -0.841012
-2.06837 -2.37223
-1.59334 -0.519569
-0.421336 -3.70849
-2.70836 -1.75555
-1.24548 -1.30685
-0.912984 -5.31226
-2.51052 -2.48142
-1.2216 -0.874582
-1.26117 -5.69844
-2.25293 -3.53898
-1.30918 0.0322045
-1.50319 -5.95616
-2.14192 -3.7342
-1.5667 0.145764
-0.44676 -4.80853
-2.59792 0.0976325
-1.74464 -2.54089
-2.06233 -0.56883
-2.0098 -2.44471
-1.63146 -0.425702
-0.462463 -3.67387
-2.6905 -2.10415
-1.14641 -1.08332
-1.56446 -5.81568
-1.85046 -4.27642
-1.38536 -3.97754
-1.34452 -5.30851
-1.81981 -4.55063
-0.726239 -4.27727
-2.46242 -3.39342
-1.09569 -0.0692994
-2.32559 -5.55409
-1.28562 -4.30653
-1.77803 -5.16283
-1.2321 -4.89627
-1.88551 -4.69206
-0.75537 -4.29265
-2.42954 -3.54277
-1.1523 0.0525259
-2.19695 -5.75688
-1.37436 -4.36044
-1.61763 -5.23599
-1.46956 -4.88343
-1.5974 -5.02544
-1.44642 -5.00525
-1.64268 -4.92441
-1.33386 -5.04212
-1.77752 -4.75747
-0.924271 -4.75722
-2.27185 -3.88967
-1.50082 0.231116
-0.785934 -5.37222
-2.59819 -0.977619
-1.65542 -1.72511
-2.1637 -2.1392
-1.5979 -0.736448
-0.737308 -3.71071
-2.46438 -3.78166
-1.2625 0.25549
-1.90488 -6.00533
-1.72382 -4.2631
-0.696504 -4.17133
-2.49015 -3.31691
-1.06859 -0.128792
-2.38344 -5.43916
-1.28641 -4.2623
-1.76637 -5.18986
-1.26133 -4.89602
-1.85146 -4.74571
-0.793611 -4.49506
-2.40261 -3.54301
-1.1714 0.0423527
-2.11841 -5.83543
-1.43627 -4.37485
-1.47666 -5.24924
-1.63752 -4.77706
-1.25553 -5.0657
-1.87592 -4.6058
-0.765851 -4.18692
-2.41342 -3.6827
-1.22337 0.15841
-1.99254 -5.94849
-1.59603 -4.3364
-0.952992 -4.9146
-2.2733 -3.80814
-1.42978 0.196235
-1.07714 -5.6953
-2.51701 -2.159
-1.33658 -1.08409
-0.541736 -4.76589
-2.64317 -0.903583
-1.61605 -1.77013
-2.10529 -2.60934
-1.49555 -0.449625
-0.311296 -4.28935
-2.64884 0.0118127
-1.71834 -2.36412
-2.11734 -0.790648
-2.03172 -1.86441
-1.79177 -0.719197
-1.80972 -3.3062
-2.07774 -0.373598
-1.90742 -2.87743
-1.72811 -0.175508
-0.509016 -3.62065
-2.6648 -2.47788
-1.05364 -0.801934
-2.11839 -5.67881
-1.25113 -4.45551
-1.85154 -5.01389
-1.02011 -4.78418
-2.14172 -4.24052
-2.14892 -0.288283
-1.8815 -2.8869
-1.78003 -0.176713
-0.741091 -3.63771
-2.46759 -3.82183
-1.29454 0.281515
-1.7892 -6.03603
-1.86847 -4.13893
-2.00847 -3.27758
-1.59492 -0.0332924
-0.267195 -4.28593
-2.61967 0.366882
-1.68767 -2.7156
-2.18868 -0.99741
-1.96818 -1.52339
-1.96343 -0.93845
-2.08673 -1.83827
-1.75899 -0.783773
-1.78305 -3.3678
-2.17466 -0.677632
-2.00894 -2.01985
-1.75828 -0.620566
-1.52151 -3.63391
-0.59644 -4.22037
-2.59339 -2.58702
-1.1014 -0.771824
-1.93084 -5.82284
-1.45051 -4.4733
-1.49712 -5.22038
-1.60883 -4.81823
-1.34172 -5.08518
-1.77288 -4.73668
-0.913409 -4.74811
-2.28542 -3.85039
-1.44985 0.218814
-1.00552 -5.62786
-2.54871 -1.85199
-1.42255 -1.26468
-0.387736 -3.9287
-2.70687 -1.24806
-1.42132 -1.58928
-0.520723 -3.8332
-2.6482 -2.42645
-1.09068 -0.866187
-1.93441 -5.80562
-1.42984 -4.48587
-1.54976 -5.21109
-1.54587 -4.86582
-1.4774 -5.07615
-1.61304 -4.90475
-1.37743 -5.0591
-1.72835 -4.80614
-1.07662 -4.92531
-2.09032 -4.28726
-2.27096 -0.952564
-1.93093 -1.60145
-1.9727 -0.881053
-2.08178 -1.94142
-1.72541 -0.728202
-1.54661 -3.63181
-0.635526 -4.07993
-2.5505 -3.01806
-1.03702 -0.391689
-2.35997 -5.42328
-1.22797 -4.27807
-1.8697 -5.07981
-1.04338 -4.78061
-2.10972 -4.31957
-2.27615 -0.986803
-1.92043 -1.56678
-1.99374 -0.923291
-2.07643 -1.79417
-1.78237 -0.796476
-1.87553 -3.18477
-1.85353 -0.109711
-0.942232 -3.65879
-2.25523 -4.63093
-2.21461 -2.62165
-1.40315 -0.566072
-0.532814 -4.83911
-2.63281 -0.589892
-1.69494 -1.95436
-2.17473 -1.3291
-1.88379 -1.18461
-2.10904 -1.56929
-1.84146 -0.957696
-2.08694 -2.33162
-1.58964 -0.558966
-0.449316 -3.70251
-2.69602 -1.98245
-1.18231 -1.1666
-1.33168 -5.7065
-2.13234 -3.85891
-1.68959 0.170989
-0.201795 -4.0682
-2.6247 0.517043
-1.6496 -2.81516
-2.23458 -1.61936
-1.74705 -1.06072
-2.02965 -2.76411
-1.54507 -0.295111
-0.273045 -4.17928
-2.64995 0.129742
-1.71076 -2.45128
-2.13003 -0.803693
-2.02584 -1.82904
-1.80909 -0.73398
-1.87735 -3.1636
-1.84214 -0.109562
-0.891599 -3.65162
-2.31431 -4.44686
-2.2329 -0.523097
-1.9748 -2.25041
-1.72165 -0.48343
-1.04875 -3.72354
-2.10768 -4.95813
-0.899511 -4.19803
-2.2641 -4.24233
-1.96699 0.11481
-0.921365 -3.61418
-2.28306 -4.57335
-2.30502 -1.79505
-1.63963 -1.06201
-1.59514 -3.63592
-0.900545 -3.97001
-2.27782 -4.35328
-2.12777 -0.159996
-1.75352 -3.20201
-2.171 -0.714701
-2.01102 -1.95531
-1.77811 -0.654801
-1.66765 -3.5068
-1.94647 -3.36052
-1.75257 -0.0132638
-0.371453 -3.62285
-2.72931 -1.41577
-1.32868 -1.49027
-0.467212 -4.51016
-2.66286 -0.899193
-1.58933 -1.77139
-2.00947 -3.00532
-1.5571 -0.160709
-0.2895 -4.31942
-2.62749 0.250629
-1.70883 -2.60011
-2.139 -0.782865
-2.02294 -1.85883
-1.80106 -0.715277
-1.83306 -3.25883
-1.99272 -0.226356
-1.63599 -3.43985
-1.78489 -3.63018
-2.26606 -1.50077
-1.77122 -1.16064
-2.11225 -2.28011
-1.58589 -0.611726
-0.494101 -3.69681
-2.67075 -2.32698
-1.09545 -0.927059
-1.88572 -5.81779
-1.47523 -4.4849
-1.4445 -5.21453
-1.66941 -4.77017
-1.17871 -5.02166
-1.96885 -4.47784
-1.54002 -3.9309
-0.711927 -4.59877
-2.52125 -2.85365
-1.09531 -0.568843
-2.05935 -5.77448
-1.35101 -4.45101
-1.69417 -5.16665
-1.35275 -4.93295
-1.74797 -4.86294
-1.08443 -4.91337
-2.07661 -4.32343
-2.2953 -1.40382
-1.78718 -1.24897
-2.13813 -1.92996
-1.69054 -0.797209
-1.47334 -3.68694
-0.706982 -4.6466
-2.53598 -2.721
-1.11804 -0.682619
-1.90134 -5.85063
-1.50085 -4.45465
-1.3584 -5.20415
-1.77186 -4.6667
-0.847234 -4.66034
-2.35974 -3.62928
-1.23742 0.10001
-1.88945 -5.98383
-1.69669 -4.29644
-0.685385 -4.35286
-2.51525 -3.05158
-1.06108 -0.38155
-2.28371 -5.55343
-1.22494 -4.3417
-1.88021 -5.03513
-0.993282 -4.73929
-2.17118 -4.18945
-2.02631 -0.00740397
-1.34918 -3.60276
-1.15765 -5.25739
-2.08743 -4.1384
-2.11527 -0.226379
-1.80916 -3.1027
-1.99453 -0.272278
-1.70532 -3.35628
-2.24801 -1.8794
-1.64214 -0.95466
-1.43855 -3.72178
-0.873073 -4.92762
-2.39968 -3.32678
-1.13596 -0.151358
-2.13298 -5.78521
-1.37338 -4.39591
-1.6335 -5.21825
-1.44625 -4.90003
-1.63127 -4.99452
-1.38424 -5.02096
-1.71726 -4.84258
-1.13195 -4.96237
-2.02063 -4.41298
-2.08616 -3.09349
-1.44995 -0.169619
-0.630973 -5.08008
-2.61686 -0.690123
-1.69704 -1.89569
-2.17547 -1.38891
-1.86345 -1.13965
-2.11954 -1.74907
-1.7692 -0.86371
-1.91194 -3.11008
-1.74844 -0.0938854
-0.465257 -3.61057
-2.69225 -2.16421
-1.12246 -1.03523
-1.70879 -5.83783
-1.67266 -4.41541
-0.817366 -4.68744
-2.40699 -3.41779
-1.13928 -0.066943
-2.17171 -5.76156
-1.36211 -4.37878
-1.65075 -5.21711
-1.42446 -4.90453
-1.65979 -4.96979
-1.32605 -5.02122
-1.78475 -4.76119
-0.913333 -4.73914
-2.28349 -3.86126
-1.46141 0.223071
-0.95595 -5.57574
-2.56537 -1.64921
-1.48003 -1.37369
-0.746081 -3.77707
-2.45028 -3.80002
-1.28229 0.257804
-1.82243 -6.02731
-1.82176 -4.18713
-1.46005 -3.94391
-1.01702 -5.068
-2.23053 -3.8676
-1.53482 0.211423
-0.623125 -5.13424
-2.60361 -0.407714
-1.75179 -2.099
-2.08348 -0.794304
-2.04483 -1.89777
-1.76935 -0.713033
-1.72208 -3.44796
-2.24952 -1.90998
-1.6297 -0.943139
-1.33062 -3.75684
-1.37211 -5.36208
-1.80166 -4.54485
-0.724198 -4.33638
-2.46945 -3.32002
-1.0832 -0.137359
-2.33138 -5.52969
-1.27013 -4.30367
-1.80461 -5.13981
-1.18078 -4.87703
-1.94542 -4.60174
-0.981093 -4.07102
-2.18422 -4.57342
-2.20703 -2.63661
-1.40455 -0.549509
-0.537686 -4.85145
-2.63204 -0.596573
-1.69481 -1.95041
-2.17503 -1.33545
-1.88153 -1.17982
-2.11059 -1.58734
-1.83398 -0.947521
-2.07812 -2.40784
-1.57431 -0.514452
-0.355634 -3.7619
-2.72253 -1.16197
-1.42123 -1.6263
-0.537519 -3.82981
-2.63604 -2.55128
-1.06512 -0.76794
-2.08713 -5.71506
-1.28636 -4.46365
-1.80219 -5.06887
-1.1409 -4.88079
-1.99551 -4.50659
-1.60917 -3.88988
-0.657593 -4.11467
-2.52931 -3.1288
-1.04148 -0.294152
-2.3902 -5.38812
-1.26353 -4.25257
-1.80645 -5.15938
-1.18903 -4.87282
-1.93509 -4.62262
-0.897497 -4.09371
-2.27196 -4.28711
-2.02925 0.0361485
-1.27616 -3.61699
-1.48327 -5.42126
-1.67488 -4.64201
-1.04906 -4.94792
-2.13656 -4.16963
-2.06106 -0.0833303
-1.55741 -3.47961
-0.861114 -3.95819
-2.31979 -4.21409
-1.86209 0.229304
-0.369126 -3.56033
-2.73418 -1.44071
-1.31181 -1.47302
-0.530651 -4.67298
-2.64982 -1.06993
-1.56255 -1.68432
-1.79756 -3.4691
-2.19256 -0.733442
-2.0015 -1.90781
-1.80291 -0.672935
-1.78379 -3.343
-2.16123 -0.626288
-2.00987 -2.13269
-1.72067 -0.567265
-1.21389 -3.73395
-1.75759 -5.36013
-1.33608 -4.81856
-1.76199 -4.91741
-1.10149 -4.90938
-2.05212 -4.37754
-2.25084 -2.27844
-1.49184 -0.781784
-0.331452 -3.90073
-2.71167 -0.795392
-1.5387 -1.81197
-1.71098 -3.5966
-2.10525 -2.91431
-1.43765 -0.287471
-0.586985 -4.98668
-2.62202 -0.609436
-1.70502 -1.94586
-2.16558 -1.25193
-1.91374 -1.24337
-2.08265 -1.36945
-1.92775 -1.09268
-2.09507 -1.61317
-1.83496 -0.917761
-2.06545 -2.48508
-1.56442 -0.464815
-0.302755 -3.84228
-2.71411 -0.620883
-1.5725 -1.89925
-1.98943 -3.08584
-1.59454 -0.111678
-0.248304 -4.15271
-2.63948 0.285689
-1.69852 -2.59638
-2.15835 -0.871215
-2.00634 -1.7002
-1.87069 -0.801071
-2.03599 -2.59432
-1.56812 -0.382703
-0.273696 -3.91419
-2.69738 -0.282121
-1.64997 -2.09853
-2.20073 -1.65334
-1.75446 -1.00383
-2.00315 -2.85548
-1.57039 -0.228602
-0.256583 -4.11726
-2.65307 0.161036
-1.70592 -2.46797
-2.13917 -0.834384
-2.01957 -1.76914
-1.8354 -0.764441
-1.96415 -2.91418
-1.6281 -0.176487
-0.25131 -3.86707
-2.69553 -0.155354
-1.66329 -2.17719
-2.19694 -1.41301
-1.84254 -1.14228
-2.12469 -1.84643
-1.73003 -0.820603
-1.71759 -3.47299
-2.23444 -2.12467
-1.55836 -0.831079
-0.630581 -3.71365
-2.56326 -3.22055
-1.01516 -0.166117
-2.52434 -5.11382
-1.56885 -4.06381
-0.74976 -4.64869
-2.48649 -3.03738
-1.08668 -0.407888
-2.17728 -5.68955
-1.27848 -4.40434
-1.80677 -5.09254
-1.14895 -4.87633
-1.98478 -4.52966
-1.44397 -3.98157
-1.12178 -5.16307
-2.10068 -4.1514
-2.10573 -0.195776
-1.76926 -3.18887
-2.12916 -0.552784
-2.00354 -2.3358
-1.66667 -0.468845
-0.698835 -3.67324
-2.50399 -3.60572
-1.13765 0.155231
-2.31071 -5.62636
-1.34443 -4.30657
-1.66205 -5.23708
-1.41535 -4.894
-1.67023 -4.967
-1.3065 -5.01652
-1.80727 -4.73408
-0.84587 -4.63047
-2.35563 -3.66112
-1.25566 0.122537
-1.8279 -6.00362
-1.77637 -4.23945
-0.929069 -4.02839
-2.24321 -4.42592
-2.25592 -0.70341
-1.97321 -1.92772
-1.82314 -0.644889
-1.80765 -3.29212
-2.07632 -0.374103
-1.90696 -2.88032
-1.72912 -0.174398
-0.5114 -3.62026
-2.66322 -2.49491
-1.0503 -0.788328
-2.13725 -5.66172
-1.23686 -4.44647
-1.87028 -4.99342
-0.974012 -4.73265
-2.19654 -4.12491
-1.88953 0.151607
-0.574184 -3.55744
-2.62118 -2.9385
-0.988868 -0.398887
-2.50181 -5.11081
-1.51429 -4.0891
-0.962713 -4.97866
-2.28127 -3.7526
-1.38091 0.16832
-1.28395 -5.85996
-2.38101 -2.97229
-1.1845 -0.461033
-1.72185 -5.92254
-1.76496 -4.30288
-0.76605 -4.09239
-2.41328 -3.74571
-1.26149 0.202803
-1.86704 -6.00801
-1.75254 -4.24918
-0.789263 -4.06728
-2.38884 -3.86787
-1.37195 0.262985
-1.41958 -5.9549
-2.27745 -3.34916
-1.24448 -0.114975
-1.68866 -5.97464
-1.88556 -4.15853
-2.06161 -3.13303
-1.48503 -0.130222
-0.51973 -4.89427
-2.61685 -0.290558
-1.74641 -2.17734
-2.08204 -0.756215
-2.04436 -1.97718
-1.74194 -0.673108
-1.53463 -3.63257
-0.608842 -4.14084
-2.57807 -2.77484
-1.06249 -0.611191
-2.16887 -5.66019
-1.24374 -4.42077
-1.8594 -5.02196
-1.01419 -4.7731
-2.14801 -4.23077
-2.12519 -0.218273
-1.80965 -3.09397
-1.99038 -0.268695
-1.69247 -3.37537
-2.21947 -2.24064
-1.5255 -0.761003
-0.400804 -3.77333
-2.71228 -1.53068
-1.31869 -1.43735
-0.510658 -4.63345
-2.65331 -0.989148
-1.5798 -1.72543
-1.93518 -3.20652
-1.72251 -0.0574007
-0.337759 -3.6562
-2.73233 -1.10947
-1.41964 -1.64771
-0.539025 -3.83208
-2.63485 -2.56039
-1.06369 -0.760855
-2.09604 -5.7081
-1.27915 -4.46039
-1.81241 -5.05914
-1.11769 -4.86568
-2.02348 -4.46008
-1.95786 -3.43333
-1.76068 0.00717238
-0.370199 -3.61834
-2.7299 -1.40885
-1.32994 -1.49365
-0.462835 -4.49677
-2.66388 -0.891002
-1.58989 -1.77554
-2.01411 -2.99089
-1.54989 -0.170833
-0.299618 -4.35248
-2.62611 0.23269
-1.71226 -2.58908
-2.13149 -0.757229
-2.02665 -1.91253
-1.77918 -0.689605
-1.72506 -3.43931
-2.2541 -1.80887
-1.6651 -0.993542
-1.6467 -3.5804
-1.57575 -3.84009
-0.622239 -4.21125
-2.569 -2.78909
-1.06757 -0.604195
-2.15266 -5.67967
-1.25815 -4.42779
-1.83964 -5.04349
-1.06228 -4.81897
-2.09002 -4.34398
-2.29658 -1.41372
-1.78303 -1.2444
-2.13711 -1.97108
-1.67617 -0.777479
-1.34783 -3.73474
-1.28286 -5.32235
-1.91648 -4.41216
-1.40973 -3.982
-1.25682 -5.26219
-1.9298 -4.42061
-1.47914 -3.95588
-0.95281 -4.99168
-2.3021 -3.67713
-1.31395 0.124713
-1.56359 -5.99005
-2.09431 -3.82366
-1.73212 0.14322
-0.207741 -3.81719
-2.68185 0.139598
-1.68315 -2.39076
-2.17591 -1.06377
-1.96012 -1.44093
-1.99625 -1.02691
-2.06762 -1.58519
-1.86395 -0.914847
-2.08311 -2.31523
-1.59792 -0.561866
-0.487761 -3.6903
-2.67502 -2.28419
-1.10445 -0.957922
-1.83021 -5.83151
-1.53566 -4.47173
-1.27519 -5.16479
-1.87109 -4.55787
-0.792875 -4.13543
-2.38324 -3.84543
-1.3561 0.248995
-1.48055 -5.98053
-2.21367 -3.53753
-1.35552 0.0388492
-1.28222 -5.83943
-2.36313 -3.06551
-1.18183 -0.377573
-1.79069 -5.92959
-1.69698 -4.34306
-0.708382 -4.43891
-2.49946 -3.09041
-1.06866 -0.351078
-2.27215 -5.57709
-1.23495 -4.34926
-1.86632 -5.0496
-1.02541 -4.77389
-2.13287 -4.26779
-2.19756 -0.465825
-1.971 -2.40853
-1.68503 -0.408395
-0.692925 -3.66441
-2.51022 -3.57849
-1.12247 0.137282
-2.35075 -5.55784
-1.3358 -4.28379
-1.67239 -5.2401
-1.40324 -4.89335
-1.68526 -4.95386
-1.27256 -5.00907
-1.84696 -4.68236
-0.758821 -4.40611
-2.43511 -3.44762
-1.12376 -0.0306327
-2.25016 -5.67403
-1.319 -4.34778
-1.72643 -5.18621
-1.31531 -4.91574
-1.7903 -4.82052
-0.959338 -4.78469
-2.22744 -4.01081
-1.69021 0.235108
-0.211565 -4.17885
-2.60318 0.612148
-1.6085 -2.95334
-2.13068 -2.71578
-1.44724 -0.42266
-0.45422 -4.70423
-2.63075 -0.264863
-1.73341 -2.18152
-2.10373 -0.819721
-2.03629 -1.82446
-1.80215 -0.744658
-1.87122 -3.18142
-1.863 -0.116572
-0.997877 -3.66625
-2.18231 -4.82219
-1.36823 -4.04854
-1.45916 -5.32892
-1.67593 -4.69467
-1.09726 -4.97943
-2.07383 -4.2957
-2.28824 -1.20527
-1.85519 -1.37755
-2.1014 -1.3102
-1.93469 -1.15511
-2.08392 -1.47512
-1.8913 -1.0054
-2.10682 -1.94031
-1.70786 -0.756216
-1.5008 -3.66616
-0.621852 -4.41351
-2.58644 -2.48997
-1.14104 -0.857333
-1.7002 -5.86393
-1.71453 -4.37365
-0.705938 -4.40863
-2.49839 -3.11581
-1.06664 -0.326379
-2.29149 -5.55311
-1.2343 -4.33521
-1.86599 -5.05698
-1.03161 -4.77785
-2.12509 -4.28451
-2.22771 -0.6139
-1.98574 -2.09048
-1.7578 -0.567636
-1.42096 -3.68215
-0.90865 -4.98304
-2.36757 -3.43676
-1.17375 -0.0559644
-2.04378 -5.87759
-1.48282 -4.3875
-1.35869 -5.22191
-1.77542 -4.65219
-0.826915 -4.6255
-2.38053 -3.56433
-1.19527 0.0538517
-2.03166 -5.90571
-1.52466 -4.36771
-1.2165 -5.15613
-1.951 -4.43871
-1.56707 -3.91098
-0.641842 -4.38567
-2.56454 -2.69208
-1.0989 -0.696087
-1.97932 -5.80888
-1.41047 -4.46879
-1.58388 -5.20929
-1.50495 -4.88689
-1.54729 -5.04786
-1.52132 -4.97401
-1.54218 -5.00536
-1.51977 -4.99764
-1.54867 -4.98971
-1.50734 -5.01008
-1.56712 -4.97346
-1.47653 -5.02614
-1.60823 -4.93838
-1.39997 -5.04722
-1.70116 -4.84331
-1.16679 -4.98894
-1.97842 -4.47831
-1.60575 -3.88931
-0.650315 -4.12924
-2.53719 -3.06879
-1.04117 -0.349988
-2.36551 -5.42243
-1.23764 -4.27406
-1.85392 -5.10055
-1.08182 -4.81239
-2.06327 -4.40679
-2.23513 -2.40786
-1.45668 -0.701046
-0.321848 -4.2223
-2.66748 -0.205402
-1.6955 -2.18037
-2.16248 -1.08524
-1.96247 -1.41225
-2.00292 -1.05756
-2.05977 -1.51992
-1.89248 -0.957119
-2.10033 -2.0554
-1.67136 -0.696657
-1.16098 -3.75179
-1.89851 -5.2513
-1.11824 -4.76614
-2.0132 -4.5389
-1.59536 -3.9031
-0.631763 -4.20174
-2.55918 -2.86786
-1.05764 -0.535358
-2.2225 -5.60889
-1.22131 -4.38728
-1.88822 -5.00021
-0.953247 -4.69809
-2.21943 -4.07888
-1.78899 0.213615
-0.231307 -3.69531
-2.71211 -0.183158
-1.63822 -2.13979
-2.20266 -1.77277
-1.70901 -0.947152
-1.80088 -3.36733
-2.13173 -0.508895
-1.99053 -2.42888
-1.65702 -0.415263
-0.561606 -3.65763
-2.62443 -2.81839
-1.00708 -0.521303
-2.39956 -5.31639
-1.24708 -4.23278
-1.83176 -5.14277
-1.14241 -4.84697
-1.98991 -4.53696
-1.44957 -3.98017
-1.09788 -5.14206
-2.13044 -4.09387
-1.96885 0.0463741
-1.06754 -3.63956
-2.07009 -5.06372
-0.864652 -4.37129
-2.30272 -4.00115
-1.58234 0.274442
-0.501478 -4.94053
-2.59294 0.0217455
-1.75698 -2.48225
-2.0369 -0.535847
-1.99001 -2.59907
-1.62128 -0.337786
-0.337366 -3.73495
-2.72612 -1.03388
-1.4523 -1.68827
-0.787939 -3.80862
-2.4064 -3.97656
-1.47325 0.316032
-0.998214 -5.6356
-2.55575 -1.73823
-1.45785 -1.32524
-0.554413 -3.78315
-2.62438 -2.70195
-1.03476 -0.63832
-2.25884 -5.53733
-1.18352 -4.36365
-1.93715 -4.93788
-0.846249 -4.51322
-2.33681 -3.79638
-1.35465 0.205161
-1.44561 -5.95848
-2.24014 -3.46896
-1.30353 -0.0140853
-1.48934 -5.94391
-2.14753 -3.72631
-1.55138 0.143661
-0.498311 -4.90797
-2.60126 -0.0533438
-1.7587 -2.3981
-2.03748 -0.56714
-2.00506 -2.51821
-1.61951 -0.387945
-0.377579 -3.70896
-2.72224 -1.39633
-1.34738 -1.50525
-0.416782 -4.33491
-2.67634 -0.8304
-1.58618 -1.80509
-2.0121 -3.00221
-1.55303 -0.163951
-0.296049 -4.3423
-2.62622 0.241746
-1.71076 -2.59618
-2.13493 -0.767973
-2.02511 -1.88936
-1.78856 -0.700514
-1.77419 -3.36562
-2.19295 -0.771367
-1.99936 -1.84487
-1.82645 -0.706932
-1.89001 -3.12335
-1.8006 -0.103328
-0.694106 -3.61878
-2.51318 -3.59833
-1.13071 0.156958
-2.33488 -5.58857
-1.34106 -4.29285
-1.66429 -5.24071
-1.41349 -4.89208
-1.67238 -4.96624
-1.30233 -5.01544
-1.81209 -4.72814
-0.832588 -4.60522
-2.36898 -3.62216
-1.22671 0.0968018
-1.93269 -5.96708
-1.64552 -4.32362
-0.793756 -4.66855
-2.43445 -3.3006
-1.10799 -0.169472
-2.22752 -5.67549
-1.29765 -4.36689
-1.76928 -5.14528
-1.23622 -4.90712
-1.88137 -4.69199
-0.754312 -4.30552
-2.43162 -3.52515
-1.14539 0.0380173
-2.2133 -5.73478
-1.35906 -4.35692
-1.64927 -5.22538
-1.42834 -4.89913
-1.65431 -4.97741
-1.33902 -5.02123
-1.76964 -4.78054
-0.963078 -4.80411
-2.22647 -4.00383
-1.68332 0.234688
-0.220119 -4.2187
-2.59922 0.612659
-1.60534 -2.96676
-2.1087 -2.81606
-1.44842 -0.345345
-0.500423 -4.81621
-2.6263 -0.35854
-1.73174 -2.11666
-2.11355 -0.88286
-2.02692 -1.70447
-1.85224 -0.809303
-2.02206 -2.68184
-1.56714 -0.32779
-0.260781 -3.99055
-2.67988 -0.0677057
-1.68682 -2.25531
-2.17159 -1.10499
-1.9522 -1.39302
-2.01701 -1.08885
-2.04632 -1.44984
-1.92606 -1.00819
-2.09917 -1.7985
-1.76476 -0.816814
-1.84558 -3.25662
-1.95842 -0.181399
-1.47718 -3.57849
-0.620899 -4.44339
-2.59049 -2.42885
-1.15783 -0.904273
-1.59027 -5.84617
-1.84751 -4.2654
-1.40074 -3.97189
-1.28198 -5.27871
-1.89871 -4.45925
-1.116 -4.03817
-2.01962 -4.97156
-0.830387 -4.35955
-2.34358 -3.86043
-1.3999 0.24113
-1.26539 -5.85812
-2.40602 -2.84626
-1.1946 -0.571655
-1.59805 -5.89489
-1.89974 -4.18175
-2.08364 -3.06676
-1.4532 -0.182744
-0.605952 -5.03685
-2.61822 -0.610283
-1.70946 -1.94664
-2.16085 -1.21469
-1.92781 -1.27521
-2.06625 -1.28664
-1.96471 -1.16898
-2.0629 -1.39109
-1.93393 -1.06574
-2.09427 -1.65025
-1.82211 -0.894278
-2.03938 -2.63844
-1.55522 -0.365183
-0.265275 -4.0099
-2.67873 -0.0769395
-1.68791 -2.25093
-2.17022 -1.09793
-1.95481 -1.40033
-2.01274 -1.07764
-2.05086 -1.47294
-1.915 -0.990235
-2.10157 -1.87943
-1.7336 -0.779126
-1.67093 -3.52403
-1.94243 -3.37072
-1.76652 -0.0142246
-0.415513 -3.6053
-2.7164 -1.78361
-1.22235 -1.2822
-1.05477 -5.47096
-2.40751 -3.02896
-1.15219 -0.4204
-1.89878 -5.89414
-1.55705 -4.41251
-1.15801 -5.10408
-2.02065 -4.34105
-2.2316 -2.41099
-1.45799 -0.695365
-0.320868 -4.21988
-2.66748 -0.2014
-1.69574 -2.18306
-2.16202 -1.08093
-1.96381 -1.4171
-2.00036 -1.0511
-2.06215 -1.53502
-1.88552 -0.947114
-2.09801 -2.11434
-1.6525 -0.667848
-0.978512 -3.73779
-2.2064 -4.72172
-1.82788 -3.6979
-2.2501 -1.07842
-1.91365 -1.45988
-2.03148 -1.05221
-2.04473 -1.49351
-1.91242 -0.970864
-2.10065 -1.93552
-1.71392 -0.751525
-1.52607 -3.64942
-0.598568 -4.21483
-2.59117 -2.61042
-1.09641 -0.752757
-1.96221 -5.80941
-1.41884 -4.47462
-1.56855 -5.21111
-1.52361 -4.8774
-1.51661 -5.0627
-1.56332 -4.94543
-1.47437 -5.0401
-1.61252 -4.92696
-1.38802 -5.05112
-1.71535 -4.82565
-1.12199 -4.95986
-2.03389 -4.38807
-2.19104 -2.66509
-1.40898 -0.516249
-0.541132 -4.86392
-2.63087 -0.588972
-1.69751 -1.95572
-2.17233 -1.30419
-1.89329 -1.20295
-2.10189 -1.50056
-1.87051 -0.998735
-2.10656 -2.05615
-1.66659 -0.703537
-1.14255 -3.75274
-1.9394 -5.20713
-1.04262 -4.70788
-2.1025 -4.37747
-2.29818 -1.56357
-1.72942 -1.16358
-2.06188 -2.64632
-1.52934 -0.384359
-0.2779 -4.1484
-2.6594 0.0368851
-1.70799 -2.36303
-2.13592 -0.863345
-2.01829 -1.72289
-1.85276 -0.792386
-2.01147 -2.72644
-1.5732 -0.297034
-0.25688 -3.99776
-2.67666 -0.0248611
-1.6912 -2.28916
-2.1647 -1.04251
-1.97152 -1.4634
-1.97972 -0.996748
-2.07863 -1.67496
-1.82398 -0.865803
-2.02368 -2.70636
-1.5611 -0.317584
-0.260335 -4.04119
-2.67056 0.0109666
-1.69766 -2.32421
-2.15407 -0.96565
-1.99359 -1.56269
-1.92877 -0.900849
-2.0906 -2.04259
-1.68302 -0.69128
-1.22705 -3.74732
-1.72541 -5.37148
-1.37671 -4.81418
-1.71195 -4.97459
-1.23637 -4.98352
-1.88815 -4.63476
-0.768765 -4.19608
-2.41028 -3.69065
-1.22981 0.162828
-1.96937 -5.96161
-1.62288 -4.32596
-0.858661 -4.78291
-2.3737 -3.51014
-1.18445 0.00743739
-2.04334 -5.88933
-1.49996 -4.37744
-1.30075 -5.201
-1.84609 -4.57342
-0.741286 -4.22517
-2.44238 -3.5251
-1.13825 0.0430709
-2.24208 -5.69979
-1.34256 -4.34607
-1.67974 -5.21488
-1.38697 -4.90851
-1.70621 -4.92431
-1.21512 -4.99142
-1.91571 -4.58555
-0.892404 -4.08787
-2.27774 -4.27168
-1.99786 0.0835847
-1.08873 -3.63143
-2.02897 -5.13228
-0.91115 -4.51377
-2.25336 -4.07938
-1.74023 0.244413
-0.182399 -3.92764
-2.64286 0.472371
-1.66216 -2.726
-2.22248 -1.33301
-1.85437 -1.22273
-2.1208 -1.60808
-1.81987 -0.944064
-2.06452 -2.51276
-1.55808 -0.450925
-0.288116 -3.8873
-2.70558 -0.439737
-1.6177 -2.00124
-2.16918 -2.23447
-1.56062 -0.701488
-0.483062 -3.71447
-2.67683 -2.23308
-1.11982 -0.997417
-1.73848 -5.84175
-1.64163 -4.42978
-0.916728 -4.84394
-2.30601 -3.73364
-1.34212 0.161053
-1.46341 -5.95969
-2.21266 -3.54976
-1.36122 0.0468758
-1.26174 -5.82629
-2.38133 -2.98725
-1.18118 -0.448854
-1.74597 -5.92338
-1.73718 -4.32267
-0.69415 -4.21263
-2.49458 -3.26484
-1.06301 -0.178497
-2.37667 -5.44051
-1.27342 -4.26752
-1.79172 -5.16671
-1.21425 -4.88461
-1.90581 -4.6658
-0.778164 -4.19512
-2.39961 -3.73755
-1.26494 0.191032
-1.84267 -6.01201
-1.77809 -4.23111
-0.959761 -4.02424
-2.21068 -4.52839
-2.29547 -1.88708
-1.61067 -1.00982
-1.30479 -3.76899
-1.48052 -5.39157
-1.66794 -4.66505
-1.08937 -4.98081
-2.08577 -4.26935
-2.26211 -0.87509
-1.95067 -1.68983
-1.92476 -0.797667
-2.06534 -2.32654
-1.60966 -0.536655
-0.509109 -3.68162
-2.66161 -2.44548
-1.06785 -0.835019
-2.0466 -5.73782
-1.31459 -4.47922
-1.76128 -5.10248
-1.2263 -4.92254
-1.89429 -4.66159
-0.765347 -4.21901
-2.41469 -3.65646
-1.20883 0.139206
-2.03744 -5.91729
-1.54261 -4.35338
-1.14535 -5.10772
-2.04109 -4.29994
-2.29135 -1.68852
-1.68785 -1.09423
-1.88746 -3.2212
-1.83714 -0.0895537
-0.828382 -3.63821
-2.38224 -4.20272
-1.8004 0.289421
-0.197173 -3.74121
-2.68882 0.139539
-1.67627 -2.37646
-2.18518 -1.14021
-1.93491 -1.36177
-2.0398 -1.14905
-2.01948 -1.34139
-1.98031 -1.11172
-2.0638 -1.46146
-1.90977 -1.00532
-2.10354 -1.8641
-1.73781 -0.788688
-1.70447 -3.48488
-2.19099 -2.47984
-1.46357 -0.613428
-0.327101 -4.28899
-2.6574 -0.123722
-1.71051 -2.25036
-2.13628 -0.913672
-2.01168 -1.64271
-1.88631 -0.843385
-2.06715 -2.38917
-1.58949 -0.51056
-0.398663 -3.72082
-2.7158 -1.56054
-1.30245 -1.41826
-0.582084 -4.79077
-2.63885 -1.21641
-1.5346 -1.61017
-1.5031 -3.75024
-0.668873 -4.53879
-2.5574 -2.63561
-1.12334 -0.748567
-1.84227 -5.86068
-1.55824 -4.44429
-1.18486 -5.1164
-1.98472 -4.40078
-1.93997 -3.46207
-1.81938 -0.00884653
-0.598952 -3.59113
-2.59874 -3.07943
-0.992545 -0.276148
-2.54019 -5.04117
-1.65971 -3.98605
-0.744506 -4.04639
-2.43731 -3.66768
-1.20072 0.159129
-2.0836 -5.88701
-1.50186 -4.35692
-1.27763 -5.1945
-1.87587 -4.53512
-0.833563 -4.1014
-2.33985 -4.03993
-1.59373 0.298177
-0.48255 -4.9106
-2.58967 0.0927493
-1.74882 -2.55529
-2.05358 -0.544522
-1.99859 -2.52823
-1.62489 -0.377499
-0.384261 -3.70158
-2.72106 -1.45819
-1.32869 -1.47233
-0.469607 -4.52101
-2.662 -0.894826
-1.59167 -1.77374
-2.02105 -2.96742
-1.53983 -0.187335
-0.313997 -4.39553
-2.62495 0.201816
-1.71748 -2.56665
-2.1198 -0.722571
-2.03041 -1.99235
-1.74844 -0.652702
-1.53084 -3.63226
-0.603619 -4.16168
-2.58381 -2.71357
-1.07339 -0.66452
-2.10118 -5.72079
-1.29209 -4.45095
-1.79202 -5.08581
-1.1681 -4.89376
-1.96266 -4.56067
-1.18788 -4.04323
-1.90453 -5.13995
-1.03881 -4.74342
-2.11101 -4.33714
-2.28595 -1.10942
-1.88395 -1.45478
-2.06004 -1.11169
-2.01587 -1.383
-1.97009 -1.06808
-2.07609 -1.55782
-1.86771 -0.939642
-2.09245 -2.22669
-1.61877 -0.611916
-0.665405 -3.68824
-2.53361 -3.4258
-1.05963 0.0160816
-2.4813 -5.26801
-1.43512 -4.16306
-1.32634 -5.26204
-1.82919 -4.56317
-0.730269 -4.26494
-2.457 -3.42846
-1.10508 -0.038553
-2.31063 -5.58464
-1.29477 -4.31541
-1.76343 -5.17138
-1.25717 -4.90381
-1.85668 -4.73281
-0.779957 -4.45628
-2.41481 -3.51148
-1.15321 0.019248
-2.17278 -5.77718
-1.38371 -4.36983
-1.60078 -5.23798
-1.49021 -4.87524
-1.56645 -5.04555
-1.49513 -4.98446
-1.57907 -4.98115
-1.46082 -5.02511
-1.6273 -4.9248
-1.36142 -5.04815
-1.74594 -4.79262
-1.02555 -4.87657
-2.15264 -4.16566
-2.02548 -0.0155813
-1.36191 -3.59941
-1.09563 -5.20415
-2.16459 -3.98489
-1.76391 0.188307
-0.215316 -3.75061
-2.69693 0.00426301
-1.66822 -2.27459
-2.19343 -1.28298
-1.88759 -1.23656
-2.10096 -1.455
-1.88695 -1.03182
-2.10974 -1.89549
-1.72212 -0.780464
-1.61793 -3.57956
-1.25238 -3.95446
-1.7431 -5.30747
-1.33593 -4.85102
-1.76361 -4.89542
-1.08023 -4.89764
-2.07925 -4.32588
-2.29528 -1.39108
-1.7915 -1.25668
-2.13905 -1.88117
-1.70788 -0.82067
-1.61067 -3.59207
-1.14271 -3.96364
-1.97254 -5.08281
-0.918923 -4.5834
-2.24989 -4.0506
-1.70734 0.24719
-0.196556 -4.10304
-2.61113 0.607695
-1.61544 -2.92392
-2.17008 -2.49696
-1.47359 -0.580274
-0.317501 -4.25998
-2.65832 -0.0972949
-1.71007 -2.26786
-2.13604 -0.904813
-2.01307 -1.65652
-1.88035 -0.834169
-2.05995 -2.44689
-1.57989 -0.476355
-0.341368 -3.76986
-2.72312 -1.03257
-1.45787 -1.69026
-0.837548 -3.81317
-2.35621 -4.17986
-1.77917 0.285612
-0.182518 -3.81642
-2.66617 0.337115
-1.67839 -2.56349
-2.18951 -1.07524
-1.94952 -1.43268
-2.0077 -1.04424
-2.05919 -1.53617
-1.88722 -0.94456
-2.09766 -2.11263
-1.65334 -0.6682
-0.984859 -3.73859
-2.19827 -4.74273
-1.71924 -3.8295
-1.6592 -3.79364
-1.13131 -3.9784
-1.99274 -5.04554
-0.877028 -4.50565
-2.29615 -3.9447
-1.527 0.257959
-0.700707 -5.25936
-2.60229 -0.643918
-1.72258 -1.92916
-2.14751 -1.13778
-1.95747 -1.3485
-2.02526 -1.13925
-2.03083 -1.36506
-1.96481 -1.08558
-2.07665 -1.53616
-1.87496 -0.955357
-2.0983 -2.14602
-1.64138 -0.654232
-0.879073 -3.72233
-2.3217 -4.37315
-2.12151 -0.123625
-1.70584 -3.28266
-2.25302 -1.60246
-1.74238 -1.09098
-2.04099 -2.72302
-1.53782 -0.325846
-0.276516 -4.18032
-2.65188 0.10291
-1.71123 -2.42689
-2.12917 -0.809935
-2.02587 -1.81865
-1.81273 -0.739857
-1.89298 -3.12562
-1.79438 -0.10043
-0.661511 -3.61388
-2.54309 -3.42922
-1.05601 0.0292001
-2.49784 -5.23202
-1.47488 -4.13862
-1.16326 -5.16727
-2.03579 -4.28223
-2.29247 -1.60657
-1.71732 -1.13519
-2.01764 -2.83975
-1.5517 -0.247686
-0.273575 -4.21036
-2.64328 0.179539
-1.71064 -2.50459
-2.13105 -0.787095
-2.02615 -1.85799
-1.79866 -0.718216
-1.82963 -3.26663
-2.00548 -0.243588
-1.68623 -3.3754
-2.20184 -2.38228
-1.48784 -0.673871
-0.301279 -4.03629
-2.68941 -0.342595
-1.65453 -2.07035
-2.19874 -1.62529
-1.76593 -1.01632
-2.03461 -2.72371
-1.54519 -0.319423
-0.269764 -4.14051
-2.65627 0.0910956
-1.70839 -2.409
-2.13448 -0.838413
-2.02141 -1.76535
-1.83522 -0.767918
-1.9668 -2.90581
-1.62374 -0.18158
-0.249641 -3.88165
-2.69256 -0.123081
-1.6691 -2.20118
-2.19235 -1.32664
-1.87418 -1.20093
-2.1126 -1.57188
-1.83822 -0.959123
-2.08558 -2.34813
-1.5857 -0.549989
-0.42442 -3.71278
-2.7069 -1.77696
-1.24012 -1.29451
-0.94808 -5.35515
-2.48837 -2.61772
-1.19476 -0.770742
-1.47045 -5.82862
-2.02412 -4.02658
-2.11489 -0.263691
-1.84293 -3.02497
-1.88748 -0.180028
-1.23274 -3.67392
-1.6728 -5.40625
-1.44646 -4.78299
-1.61242 -5.06785
-1.43676 -4.98487
-1.65238 -4.92855
-1.31847 -5.03606
-1.79504 -4.73844
-0.871654 -4.67795
-2.32939 -3.7345
-1.31966 0.166188
-1.57424 -5.9994
-2.09202 -3.824
-1.73722 0.141347
-0.212771 -3.79408
-2.6886 0.0727586
-1.678 -2.33319
-2.18252 -1.14315
-1.93564 -1.35743
-2.04035 -1.15388
-2.01798 -1.33443
-1.98351 -1.11969
-2.06049 -1.44298
-1.91834 -1.01926
-2.10167 -1.80035
-1.76237 -0.818454
-1.83971 -3.2692
-1.97971 -0.205171
-1.57353 -3.50417
-0.959362 -3.95799
-2.2159 -4.55736
-2.27548 -2.15278
-1.52245 -0.86888
-0.483214 -3.74137
-2.67565 -2.21528
-1.12774 -1.01274
-1.69219 -5.84128
-1.69752 -4.39797
-0.747138 -4.53776
-2.46816 -3.20435
-1.08327 -0.251898
-2.27134 -5.59886
-1.25668 -4.347
-1.83324 -5.09055
-1.1063 -4.84098
-2.03506 -4.45039
-2.04549 -3.22088
-1.5192 -0.0746334
-0.438374 -4.74331
-2.61212 -0.0143291
-1.74854 -2.41198
-2.05697 -0.602373
-2.02111 -2.37695
-1.63712 -0.467215
-0.543044 -3.66655
-2.63816 -2.6905
-1.02316 -0.633225
-2.3013 -5.47234
-1.17489 -4.32691
-1.9476 -4.94138
-0.840289 -4.49065
-2.34189 -3.79019
-1.34557 0.203134
-1.48664 -5.97588
-2.19727 -3.58539
-1.39573 0.071617
-1.11594 -5.71227
-2.4861 -2.41683
-1.26773 -0.912728
-0.979916 -5.44033
-2.49226 -2.53941
-1.21801 -0.829628
-1.30817 -5.736
-2.20785 -3.65678
-1.41594 0.111513
-1.05749 -5.66355
-2.52028 -2.15133
-1.33633 -1.08988
-0.540528 -4.7624
-2.64343 -0.902601
-1.61593 -1.77065
-2.10516 -2.61017
-1.49546 -0.449071
-0.3116 -4.29087
-2.64868 0.0121722
-1.71846 -2.36468
-2.1171 -0.789541
-2.03186 -1.86672
-1.79085 -0.718067
-1.80531 -3.31426
-2.09333 -0.410338
-1.93958 -2.74719
-1.67403 -0.237529
-0.393047 -3.66458
-2.72081 -1.56066
-1.29398 -1.41477
-0.621844 -4.86695
-2.62963 -1.36001
-1.50134 -1.53791
-1.10887 -3.82627
-2.0157 -5.07591
-0.882829 -4.48853
-2.28721 -3.98461
-1.58057 0.264305
-0.498789 -4.93353
-2.59342 0.0230954
-1.75657 -2.48251
-2.03774 -0.537389
-1.99107 -2.59256
-1.62115 -0.341645
-0.340255 -3.73265
-2.72613 -1.06062
-1.44469 -1.67507
-0.717605 -3.80414
-2.47599 -3.6527
-1.1732 0.171839
-2.19616 -5.78156
-1.40829 -4.34796
-1.53232 -5.25666
-1.57395 -4.82022
-1.4101 -5.09682
-1.6941 -4.81942
-1.16315 -4.99439
-1.98441 -4.46444
-1.70262 -3.80697
-1.55308 -3.86949
-0.640881 -4.40297
-2.56738 -2.6571
-1.1066 -0.725544
-1.93059 -5.83054
-1.45925 -4.46714
-1.47303 -5.22205
-1.63717 -4.79432
-1.26824 -5.06611
-1.85987 -4.62951
-0.74362 -4.27159
-2.44199 -3.49745
-1.13058 0.0180497
-2.25445 -5.67828
-1.32931 -4.34263
-1.70516 -5.20187
-1.34966 -4.91357
-1.75054 -4.87207
-1.08693 -4.91249
-2.07292 -4.33185
-2.29602 -1.52791
-1.74352 -1.1797
-2.09201 -2.46959
-1.54448 -0.501875
-0.292438 -3.90126
-2.70497 -0.458543
-1.61575 -1.99134
-2.16412 -2.27771
-1.54914 -0.675977
-0.411499 -3.7463
-2.71016 -1.64379
-1.28254 -1.37358
-0.689605 -4.99012
-2.61107 -1.60095
-1.44248 -1.41444
-0.532673 -3.80246
-2.64036 -2.53641
-1.0647 -0.776931
-2.08488 -5.71548
-1.28691 -4.46505
-1.80153 -5.0689
-1.142 -4.88165
-1.99422 -4.50857
-1.59245 -3.90172
-0.629782 -4.2155
-2.56195 -2.83776
-1.06211 -0.562573
-2.19313 -5.64084
-1.23513 -4.40564
-1.87034 -5.01532
-0.991987 -4.74723
-2.17422 -4.17723
-2.00326 0.0271478
-1.21779 -3.63276
-1.70051 -5.40779
-1.41576 -4.78791
-1.65747 -5.03609
-1.35894 -4.99877
-1.74488 -4.82504
-1.05768 -4.90008
-2.11169 -4.25187
-2.21086 -0.538011
-1.98358 -2.24687
-1.71297 -0.491926
-1.01455 -3.72156
-2.15858 -4.84967
-1.20138 -4.08746
-1.88754 -5.142
-1.06284 -4.77078
-2.08294 -4.38668
-2.28483 -1.91613
-1.60613 -0.984136
-1.22564 -3.7776
-1.74262 -5.35617
-1.35214 -4.82289
-1.7429 -4.93687
-1.15339 -4.94517
-1.98851 -4.48368
-1.65388 -3.85288
-0.93849 -3.98777
-2.23628 -4.47552
-2.29894 -1.14628
-1.86574 -1.43328
-2.08152 -1.18767
-1.9835 -1.28048
-2.02397 -1.20321
-2.0162 -1.27683
-2.00161 -1.18707
-2.03493 -1.31599
-1.97705 -1.13718
-2.06121 -1.42379
-1.92428 -1.03603
-2.0996 -1.74283
-1.7848 -0.846572
-1.93501 -3.03965
-1.68867 -0.115148
-0.309931 -3.70081
-2.72903 -0.834797
-1.49968 -1.78447
-1.3226 -3.82867
-1.4579 -5.37516
-1.69122 -4.65369
-1.01894 -4.91226
-2.17169 -4.09985
-1.89806 0.132518
-0.638599 -3.56784
-2.56716 -3.31693
-1.02145 -0.0590478
-2.55302 -5.06526
-1.67027 -3.98597
-0.796293 -4.02364
-2.38314 -3.92157
-1.42698 0.284829
-1.18142 -5.80082
-2.46848 -2.49285
-1.25569 -0.855243
-1.08226 -5.55253
-2.423 -2.90945
-1.1649 -0.525342
-1.7743 -5.909
-1.68555 -4.36347
-0.741079 -4.535
-2.47514 -3.16848
-1.08005 -0.284465
-2.26577 -5.60015
-1.25171 -4.35155
-1.84147 -5.07895
-1.08547 -4.82645
-2.06033 -4.40531
-2.23086 -2.43658
-1.44985 -0.68177
-0.336215 -4.30037
-2.65957 -0.18004
-1.7061 -2.20769
-2.14573 -0.977724
-1.99581 -1.54679
-1.93228 -0.914487
-2.09209 -1.99569
-1.6985 -0.714209
-1.36867 -3.72113
-1.18064 -5.25625
-2.04828 -4.21793
-2.2647 -0.934724
-1.93822 -1.61929
-1.95992 -0.860646
-2.08205 -2.02925
-1.69409 -0.687778
-1.29076 -3.73777
-1.5105 -5.40232
-1.63415 -4.6865
-1.19357 -5.05758
-1.95643 -4.48038
-1.44097 -3.97754
-1.12965 -5.17057
-2.09118 -4.16856
-2.14604 -0.308285
-1.89408 -2.84994
-1.75275 -0.186665
-0.633284 -3.62493
-2.56707 -3.26933
-1.01587 -0.109655
-2.54635 -5.06981
-1.65076 -4.00125
-0.695651 -4.08937
-2.48909 -3.37848
-1.07593 -0.0680722
-2.39063 -5.43947
-1.30224 -4.2567
-1.73381 -5.21533
-1.3161 -4.90024
-1.78868 -4.83251
-0.973838 -4.79979
-2.20989 -4.05318
-1.77028 0.213646
-0.208088 -3.75765
-2.69209 0.0700271
-1.67419 -2.32496
-2.18721 -1.18755
-1.92032 -1.31639
-2.06268 -1.23775
-1.98145 -1.22271
-2.04005 -1.28513
-1.98273 -1.1708
-2.05092 -1.36156
-1.95175 -1.09067
-2.08304 -1.55504
-1.86391 -0.946515
-2.09321 -2.2292
-1.61734 -0.611697
-0.656869 -3.68755
-2.54142 -3.37949
-1.04552 -0.0226694
-2.50341 -5.205
-1.48897 -4.1259
-1.09793 -5.11466
-2.11848 -4.13357
-2.04663 -0.0674902
-1.50264 -3.52573
-0.586851 -4.18489
-2.59985 -2.56058
-1.10285 -0.790526
-1.91524 -5.82717
-1.46491 -4.47299
-1.46267 -5.21971
-1.64891 -4.78562
-1.23657 -5.05282
-1.89805 -4.57899
-0.842499 -4.10682
-2.32999 -4.07333
-1.64563 0.294997
-0.323581 -4.56922
-2.57914 0.498998
-1.63544 -2.9468
-2.21764 -2.11581
-1.57203 -0.814006
-0.691112 -3.71471
-2.50782 -3.55228
-1.11223 0.112046
-2.36989 -5.51892
-1.33244 -4.2715
-1.67521 -5.24292
-1.40047 -4.89189
-1.68855 -4.95164
-1.26528 -5.00678
-1.85551 -4.67108
-0.750282 -4.35657
-2.44046 -3.45209
-1.12093 -0.024243
-2.26389 -5.65663
-1.31385 -4.34087
-1.73432 -5.18338
-1.3033 -4.91409
-1.80402 -4.80301
-0.916246 -4.72789
-2.27686 -3.88853
-1.49373 0.232201
-0.818355 -5.4144
-2.59451 -1.10017
-1.62664 -1.65791
-2.0892 -2.66392
-1.49791 -0.404647
-0.3202 -4.3419
-2.6423 0.040421
-1.7226 -2.39849
-2.10832 -0.746283
-2.03521 -1.9599
-1.75552 -0.673031
-1.59988 -3.57997
-1.05915 -3.96415
-2.0968 -4.85837
-0.990835 -4.12262
-2.17016 -4.5781
-2.16734 -2.82793
-1.39021 -0.398235
-0.712077 -5.16876
-2.61205 -1.13716
-1.5941 -1.64399
-1.95673 -3.14029
-1.66249 -0.0788882
-0.243013 -3.83105
-2.69743 -0.13074
-1.66232 -2.18981
-2.19776 -1.41367
-1.84183 -1.14262
-2.12482 -1.84943
-1.72884 -0.81932
-1.71039 -3.48227
-2.21196 -2.33197
-1.4982 -0.709865
-0.314223 -3.93376
-2.70597 -0.602604
-1.58918 -1.91331
-2.07031 -2.80719
-1.49095 -0.311863
-0.377684 -4.54544
-2.6278 -0.000823692
-1.73624 -2.39354
-2.08219 -0.670649
-2.03545 -2.16111
-1.68789 -0.578569
-1.03482 -3.73376
-2.12931 -4.90865
-0.992837 -4.13666
-2.16707 -4.57721
-2.16199 -2.8505
-1.39068 -0.379573
-0.724929 -5.19054
-2.60991 -1.17496
-1.58564 -1.62423
-1.89754 -3.27958
-1.83496 -0.0709953
-0.78148 -3.62726
-2.42989 -4.00754
-1.50104 0.336813
-0.894297 -5.52421
-2.58279 -1.30814
-1.57761 -1.54762
-1.78285 -3.47683
-2.22466 -0.939485
-1.96 -1.60252
-1.94485 -0.868497
-2.08465 -2.06229
-1.68059 -0.675732
-1.18074 -3.74885
-1.85076 -5.29518
-1.1994 -4.80475
-1.91918 -4.69278
-0.783239 -4.20033
-2.39392 -3.75842
-1.28254 0.202357
-1.77498 -6.02424
-1.86274 -4.15292
-1.92968 -3.45487
-1.84097 -0.0231555
-0.71295 -3.60788
-2.49686 -3.69547
-1.19088 0.220309
-2.16298 -5.82681
-1.44832 -4.3471
-1.42669 -5.25046
-1.69723 -4.72117
-1.0701 -4.94591
-2.10483 -4.24446
-2.21293 -0.552287
-1.98509 -2.21721
-1.71992 -0.506853
-1.08641 -3.72874
-2.0451 -5.06923
-0.868313 -4.4235
-2.30075 -3.97665
-1.55648 0.268444
-0.591969 -5.09493
-2.59957 -0.264554
-1.76408 -2.218
-2.04569 -0.652958
-2.03583 -2.28345
-1.64947 -0.524036
-0.697097 -3.68021
-2.50501 -3.59465
-1.13194 0.146719
-2.3249 -5.60236
-1.33942 -4.29918
-1.67016 -5.23593
-1.40493 -4.89566
-1.68336 -4.95425
-1.27622 -5.01046
-1.8427 -4.68777
-0.764666 -4.43065
-2.43074 -3.45359
-1.12804 -0.0268686
-2.23705 -5.69205
-1.3272 -4.35327
-1.71231 -5.19343
-1.3372 -4.91635
-1.76512 -4.85256
-1.03997 -4.87181
-2.13072 -4.22157
-2.14244 -0.275184
-1.86893 -2.93082
-1.81104 -0.169716
-0.873507 -3.65841
-2.33337 -4.37518
-2.1168 -0.106717
-1.67953 -3.32218
-2.20978 -2.30833
-1.50786 -0.718214
-0.330471 -3.87482
-2.71405 -0.819576
-1.52898 -1.79892
-1.61789 -3.68707
-0.994943 -3.97238
-2.17506 -4.66324
-1.93037 -3.52096
-1.88 -0.0314446
-0.891867 -3.63832
-2.31511 -4.45288
-2.23987 -0.559593
-1.97703 -2.17669
-1.74049 -0.519654
-1.23229 -3.72606
-1.69991 -5.38621
-1.4101 -4.80263
-1.66719 -5.0208
-1.33709 -5.00167
-1.77035 -4.79197
-0.972628 -4.81275
-2.2146 -4.0334
-1.73762 0.222998
-0.185947 -3.90675
-2.65012 0.418872
-1.67194 -2.66602
-2.20649 -1.16889
-1.91446 -1.34602
-2.06037 -1.20481
-1.99214 -1.26179
-2.02271 -1.22075
-2.01248 -1.25445
-2.01041 -1.21666
-2.02179 -1.26742
-2.00038 -1.19623
-2.03357 -1.30396
-1.98161 -1.1506
-2.05579 -1.39507
-1.93754 -1.05995
-2.09304 -1.65191
-1.82235 -0.89219
-2.03839 -2.64276
-1.55546 -0.362139
-0.264921 -4.01267
-2.67807 -0.0698987
-1.68885 -2.25662
-2.16879 -1.0853
-1.95884 -1.41406
-2.00538 -1.05818
-2.05831 -1.51533


