2.44501 -0.224044
-0.877722 2.83613
2.51853 0.503794
-0.722477 1.74002
2.55404 1.53267
0.300095 1.75011
0.939343 4.48492
0.432657 2.65774
0.346562 4.04226
0.403189 3.48815
0.337542 3.75978
0.420701 3.63922
0.302101 3.68342
0.474643 3.67499
0.207755 3.62405
0.608029 3.68245
-0.0629056 3.31282
1.07736 3.76039
1.94538 0.265358
0.263642 2.0871
0.882114 4.36514
0.166483 2.58209
0.884941 4.14747
0.389271 2.61245
0.465612 4.11971
0.244491 3.43478
0.582129 3.78998
0.0105506 3.39185
0.934307 3.74285
1.51136 2.63672
1.39767 -0.287809
-0.581311 2.7767
2.23391 2.6852
1.22509 1.40541
1.82051 1.33054
1.57259 1.5563
1.6762 0.652078
1.40842 2.24139
1.54947 -0.220429
-0.452617 2.15809
2.11149 3.29379
1.16786 0.714758
0.4669 2.40832
0.292959 4.06618
0.478852 3.47034
0.192021 3.68885
0.624512 3.64544
-0.103668 3.24341
1.16477 3.77531
1.76089 -0.640981
-0.659205 2.91489
2.34597 2.13037
1.00363 1.89242
1.69173 2.16239
1.51195 0.424681
1.06502 2.50407
1.88239 0.381314
0.651806 2.29172
-0.28566 3.16634
1.58155 3.66324
1.13906 -0.75054
0.54735 4.91962
0.408071 3.07665
0.35648 3.92204
0.388832 3.55384
0.357998 3.73667
0.393553 3.65197
0.345365 3.68898
0.414429 3.6766
0.311453 3.66959
0.463076 3.68375
0.229021 3.6328
0.578096 3.68397
-6.16838e-05 3.41465
0.951179 3.73194
1.66941 2.42153
1.44285 0.210646
0.34075 2.2776
0.662032 4.28699
-0.00945669 3.14069
1.00406 3.83993
1.89696 1.74456
1.52527 1.36663
1.72514 0.839369
1.51312 2.01259
1.57578 0.108046
0.326203 2.23606
0.706618 4.3084
-0.0562954 3.02582
1.10706 3.86857
1.92318 0.0347647
-0.113599 1.94011
1.56249 4.11624
1.12753 -1.16712
1.11687 5.31818
0.830003 2.88677
0.843509 2.70981
0.986918 2.73332
1.92246 1.12214
1.37301 2.05565
1.62551 -0.0960467
-0.147029 2.03867
1.58008 4.06234
1.10882 -1.08466
1.06596 5.281
0.626859 2.8256
-0.231323 3.17851
1.45127 3.72563
1.23015 -1.06584
0.720263 5.11793
0.333348 2.94325
0.524742 4.02413
0.14774 3.43691
0.714345 3.75722
-0.182756 2.8224
1.39174 3.86744
1.31326 -1.2205
0.717775 5.16031
0.381817 2.95172
0.427065 3.99477
0.292015 3.50989
0.50659 3.76313
0.153856 3.55227
0.691164 3.703
-0.185171 2.92497
1.37641 3.83689
1.33276 -1.21136
0.657176 5.11942
0.423823 2.99712
0.328012 3.93259
0.427133 3.54554
0.293177 3.71978
0.483745 3.65409
0.189777 3.62052
0.63332 3.67919
-0.112995 3.20873
1.18711 3.78434
1.70849 -0.782462
-0.558618 3.40146
2.22241 2.45915
1.23577 1.57366
1.83483 0.857136
1.37046 2.16331
1.59533 -0.19213
-0.366071 2.07434
1.97738 3.59492
1.09416 0.222213
-0.486531 3.06014
2.04875 3.09778
1.23997 0.752259
1.02947 2.58489
1.91275 0.672604
1.01497 2.3374
1.89956 1.18004
1.43854 1.94612
1.62189 0.0542376
0.223442 2.17237
0.924787 4.32379
0.518963 2.67606
0.0872483 3.80374
0.791314 3.58025
0.102657 2.4903
1.00808 4.14948
1.66112 2.47489
1.42799 0.159369
0.146452 2.18809
1.04512 4.28086
1.76109 2.28592
1.47811 0.541328
1.26447 2.46354
1.60807 -0.434182
-0.617896 2.52604
2.31377 2.49018
1.14319 1.64316
1.84623 1.29863
1.54246 1.66925
1.66017 0.471915
1.17875 2.42574
1.73002 -0.229341
-0.384476 2.02523
2.02824 3.52268
1.112 0.379515
-0.479223 2.51009
2.0796 3.22857
1.1955 0.711272
0.647546 2.48768
-0.283219 3.10513
1.57695 3.68469
1.13813 -0.777684
0.587537 4.95573
0.372152 3.04601
0.434585 3.96388
0.28046 3.52353
0.52091 3.75391
0.125997 3.5331
0.733951 3.70479
-0.172012 2.69464
1.40093 3.91032
1.30525 -1.23842
0.761931 5.19163
0.363731 2.91971
0.469358 4.02026
0.232275 3.48171
0.591958 3.76255
-0.0142312 3.3659
0.980958 3.74899
1.84433 1.96464
1.53112 1.01379
1.71222 1.49408
1.63998 1.04996
1.66779 1.52179
1.65291 0.901143
1.61107 1.80728
1.61012 0.479397
1.21386 2.43358
1.6789 -0.334617
-0.533416 2.19017
2.2414 2.9209
1.19599 1.21709
1.68085 2.0406
1.54343 0.476356
1.19815 2.46683
1.69337 -0.326965
-0.523039 2.16475
2.23056 2.96719
1.19545 1.16442
1.62337 2.17875
1.51139 0.23549
0.581623 2.37935
-0.0890006 3.61589
1.13773 3.6528
1.79161 -0.509061
-0.666228 2.52139
2.3793 2.17511
0.976674 1.86782
1.518 2.47009
1.4427 -0.180713
-0.512807 2.31182
2.18017 3.05365
1.2057 1.02219
1.45379 2.42898
1.4742 -0.280369
-0.570377 2.4581
2.25003 2.77015
1.20703 1.3548
1.7928 1.58555
1.59585 1.18938
1.70642 1.21369
1.64841 1.39562
1.67503 1.0075
1.63404 1.65395
1.63959 0.677189
1.4632 2.18845
1.5402 -0.106959
-0.264237 2.06546
1.7867 3.86285
1.03598 -0.421892
0.430018 4.75098
0.487647 3.17142
0.164148 3.75926
0.662177 3.60513
-0.175628 3.05059
1.33669 3.80637
1.39373 -1.19694
0.490106 4.99566
0.597586 3.12464
-0.134325 3.34624
1.22503 3.73162
1.60359 -0.975134
-0.241794 4.12324
1.77656 3.23242
1.21252 0.0302806
-0.536843 2.80892
2.15334 2.92736
1.24513 1.08278
1.64752 2.09138
1.53309 0.353579
0.924612 2.48895
1.67492 2.28359
1.48056 0.304667
0.710951 2.44268
-0.296722 2.61231
1.67912 3.76982
1.08254 -0.599156
0.516335 4.86052
0.413208 3.10343
0.342972 3.9064
0.407357 3.56131
0.326982 3.72529
0.437435 3.65644
0.273604 3.66538
0.51476 3.67861
0.130873 3.56547
0.723538 3.69068
-0.184486 2.74225
1.4137 3.8874
1.28365 -1.21673
0.786155 5.19884
0.347248 2.9002
0.505517 4.03686
0.179159 3.4501
0.668686 3.76116
-0.150916 3.06055
1.28322 3.81733
1.4975 -1.13896
0.176173 4.69782
1.06466 3.35355
1.89235 0.0343814
-0.0518153 1.97017
1.44446 4.18343
1.29351 -1.36144
0.952174 5.32236
0.437663 2.82499
0.310831 3.97261
0.450393 3.52172
0.250371 3.70842
0.542346 3.65027
0.0709035 3.51598
0.821413 3.70075
0.274143 2.5375
0.723013 4.19771
-0.100953 2.95275
1.20354 3.87642
1.69828 -0.833769
-0.506804 3.56708
2.16045 2.61366
1.28593 1.34866
1.81501 1.16331
1.5471 1.74718
1.63952 0.400497
1.06166 2.45957
1.88861 0.466801
0.782948 2.3309
0.0533206 2.37752
1.11981 4.15977
1.98215 0.508417
0.571962 2.21713
-0.0241847 3.75307
1.01077 3.608
1.96054 1.10877
1.28863 2.13699
1.66975 -0.158667
-0.258763 2.0185
1.79447 3.87218
1.03223 -0.412332
0.429893 4.74882
0.486301 3.17185
0.167573 3.76226
0.656903 3.60426
-0.168532 3.07871
1.31793 3.80204
1.42659 -1.18363
0.39487 4.91447
0.723071 3.19905
-0.181226 2.55787
1.45723 3.93526
1.2306 -1.20001
0.897442 5.25027
0.347679 2.82422
0.517955 4.06764
0.163186 3.4264
0.694249 3.76745
-0.175356 2.93325
1.35447 3.84151
1.3689 -1.21583
0.575924 5.06528
0.503627 3.05915
0.120582 3.74722
0.731277 3.6051
-0.175838 2.66199
1.41714 3.91541
1.28212 -1.23025
0.808088 5.21472
0.345831 2.88525
0.510851 4.04362
0.1716 3.44269
0.680184 3.76228
-0.164276 3.00383
1.3195 3.82753
1.42842 -1.19279
0.404036 4.9251
0.713326 3.19229
-0.209802 2.60762
1.49949 3.89462
1.18097 -1.10439
0.90197 5.22525
0.324587 2.81138
0.565609 4.08149
0.0900344 3.36486
0.808857 3.77315
0.116107 2.51042
0.981736 4.14946
1.42451 2.73778
1.40507 -0.512105
-0.470552 3.45565
2.06102 2.93409
1.27959 0.900375
1.49194 2.35139
1.48332 -0.163362
-0.444038 2.18271
2.0891 3.3349
1.16117 0.642951
0.212268 2.28545
0.905553 4.27937
0.408001 2.63034
0.415802 4.09049
0.31132 3.46168
0.485038 3.78994
0.194496 3.56916
0.632128 3.70644
-0.104753 3.21742
1.16943 3.78395
1.75211 -0.668706
-0.647345 3.00585
2.32977 2.1662
1.04167 1.87113
1.80372 1.76597
1.57317 1.05204
1.70325 1.43647
1.64882 1.09274
1.67028 1.46276
1.65958 0.976018
1.63541 1.68283
1.63332 0.651888
1.44112 2.22623
1.538 -0.167194
-0.381128 2.10641
1.9951 3.5517
1.10657 0.292724
-0.50999 2.76947
2.10501 3.07065
1.23192 0.882416
1.29623 2.53699
1.55519 -0.503214
-0.61434 2.86714
2.28306 2.45416
1.17167 1.64697
1.85255 1.06765
1.46465 1.95905
1.6071 0.0743635
0.266136 2.19744
0.839641 4.3262
0.00652105 2.61434
1.11258 4.04939
1.96503 0.32578
0.316239 2.10532
0.770542 4.35992
-0.0796703 2.83622
1.19152 3.92618
1.74701 -0.72439
-0.61886 3.17917
2.29528 2.24813
1.11658 1.80593
1.86641 1.13057
1.47013 1.91934
1.61655 0.11678
0.385971 2.25536
0.560569 4.26378
0.12809 3.3071
0.762802 3.81255
-0.119272 2.61465
1.32368 3.97243
1.4549 -1.23054
0.40011 4.93426
0.734577 3.19758
-0.13578 2.5073
1.38711 3.98852
1.34123 -1.28059
0.732161 5.18703
0.393822 2.94482
0.401976 3.98689
0.326779 3.51819
0.456163 3.76276
0.2428 3.60623
0.562241 3.70161
0.0362269 3.45726
0.884072 3.7201
0.967188 2.7878
1.90462 1.40319
1.49441 1.72456
1.66181 0.339813
0.929468 2.44799
1.68534 2.25607
1.48769 0.349077
0.844799 2.48492
0.886408 2.69907
1.46369 2.60254
1.42219 -0.365048
-0.580685 2.91233
2.22766 2.64862
1.23183 1.42724
1.82647 1.23328
1.55101 1.69097
1.65243 0.464103
1.17066 2.43195
1.74059 -0.206616
-0.347991 2.00702
1.96693 3.63868
1.08083 0.164759
-0.429463 3.32041
1.94376 3.2189
1.21727 0.438569
-0.0028335 2.18945
1.27599 4.17784
1.64424 -1.03741
-0.214839 4.19477
1.75272 3.24122
1.20959 -0.034852
-0.519616 3.02573
2.11547 2.94838
1.25743 0.998056
1.57492 2.23616
1.49999 0.0833416
0.127593 2.16102
1.08442 4.27831
1.94191 1.57304
1.47617 1.66543
1.68405 0.384715
1.00491 2.44502
1.90637 1.15892
1.41873 1.98419
1.62022 3.05769e-05
0.0815497 2.10847
1.17557 4.26371
1.93477 -0.0365742
-0.261143 1.91339
1.84086 3.85763
1.02793 -0.293533
0.284871 4.59065
0.671735 3.28111
-0.238349 2.89933
1.49504 3.79558
1.18587 -1.03848
0.802934 5.15804
0.291336 2.87635
0.612397 4.05855
0.00899199 3.28147
0.950117 3.78779
1.60822 2.5246
1.41528 -0.00204356
-0.288457 2.11521
1.81454 3.81179
1.04393 -0.311876
0.253653 4.56319
0.723125 3.3042
-0.184491 2.58759
1.45488 3.9253
1.23266 -1.19633
0.88746 5.2446
0.342014 2.82937
0.528344 4.0681
0.147185 3.41614
0.718159 3.76708
-0.180814 2.80667
1.39126 3.87328
1.31476 -1.22382
0.718633 5.16181
0.382385 2.95126
0.425918 3.99449
0.293622 3.5103
0.504298 3.7632
0.158107 3.55545
0.684723 3.70263
-0.180578 2.95971
1.36078 3.83016
1.35674 -1.21114
0.598521 5.07977
0.478372 3.04166
0.188984 3.81814
0.623797 3.58079
-0.115911 3.23946
1.19037 3.77297
1.69703 -0.806081
-0.531063 3.48855
2.18876 2.54784
1.26764 1.45101
1.82524 0.993354
1.47011 1.9875
1.59673 0.0577826
0.212638 2.17408
0.942679 4.31901
0.699689 2.74611
-0.272422 2.63789
1.62134 3.80667
1.09886 -0.769684
0.694922 5.02617
0.279315 2.9612
0.615072 4.02127
-0.0035698 3.27949
0.97188 3.78561
1.77135 2.20277
1.49765 0.623527
1.41733 2.33515
1.51759 -0.275614
-0.542876 2.32496
2.22829 2.9028
1.20712 1.21608
1.70238 1.96901
1.55845 0.58683
1.38432 2.33894
1.53539 -0.316614
-0.567231 2.37953
2.25769 2.7791
1.20049 1.35617
1.78741 1.62706
1.59515 1.13115
1.70347 1.3133
1.65383 1.24963
1.67957 1.22292
1.66516 1.31901
1.67295 1.14863
1.66319 1.41803
1.66704 1.01346
1.64145 1.62985
1.64248 0.719521
1.50067 2.12042
1.54796 0.00531705
0.0108043 2.10215
1.28852 4.21175
1.62984 -1.07512
-0.144562 4.30737
1.63982 3.31869
1.1946 -0.367645
-0.164357 4.0429
1.49754 3.46831
1.21454 -0.802684
0.394518 4.80771
0.608225 3.19056
-0.151555 3.28674
1.26459 3.74459
1.52017 -1.09057
0.0604291 4.55799
1.25752 3.40014
1.49447 -0.982426
-0.0462514 4.392
1.41695 3.4133
1.28314 -0.919503
0.368762 4.81489
0.674423 3.21132
-0.24789 2.86372
1.52188 3.79345
1.16289 -0.98369
0.79349 5.13831
0.279559 2.88139
0.631211 4.056
-0.0223348 3.23443
1.01094 3.79908
1.93268 1.50921
1.4782 1.69976
1.67439 0.347334
0.9378 2.44457
1.72992 2.14647
1.5139 0.541232
1.29729 2.43032
1.58101 -0.423806
-0.6147 2.55657
2.3056 2.5098
1.15413 1.62223
1.84623 1.26228
1.53534 1.71183
1.65179 0.415119
1.08395 2.45238
1.86344 0.274537
0.496274 2.23236
0.240048 4.06044
0.55739 3.46944
0.012888 3.5025
0.922385 3.69852
1.44074 2.6942
1.40781 -0.459265
-0.518767 3.27869
2.13149 2.81077
1.27764 1.13693
1.73834 1.7693
1.59294 0.850556
1.62243 1.85145
1.59732 0.468854
1.19725 2.44568
1.6992 -0.305109
-0.49574 2.12541
2.19527 3.09062
1.19008 1.01304
1.37292 2.50594
1.49684 -0.441887
-0.601242 2.86195
2.2627 2.53956
1.19989 1.5593
1.84322 1.09209
1.48836 1.9079
1.61331 0.153097
0.480483 2.30365
0.273959 4.07463
0.507226 3.46447
0.129536 3.63786
0.720084 3.6563
-0.18956 2.7449
1.42329 3.8823
1.26982 -1.20498
0.805039 5.2057
0.338433 2.88543
0.525214 4.04652
0.149543 3.42778
0.713121 3.76223
-0.182225 2.83118
1.38877 3.86545
1.31751 -1.22093
0.707906 5.15441
0.388422 2.9592
0.411938 3.98628
0.312979 3.51722
0.476171 3.76231
0.208602 3.58899
0.610533 3.70058
-0.0642113 3.30385
1.08067 3.7634
1.94111 0.222976
0.196181 2.05575
1.01302 4.35138
1.38613 2.77575
1.41999 -0.592184
-0.414204 3.63413
1.98065 3.0529
1.26397 0.638138
0.845983 2.54471
0.940858 2.71535
1.82317 1.87724
1.55111 1.01791
1.7056 1.49072
1.64298 1.03563
1.66284 1.55173
1.65006 0.855335
1.59031 1.88685
1.59383 0.364874
0.991761 2.47689
1.89902 1.30396
1.47952 1.81308
1.64322 0.229257
0.682651 2.3861
-0.326728 2.85822
1.6995 3.67059
1.09838 -0.468868
0.284405 4.62759
0.701363 3.27792
-0.229373 2.70402
1.51492 3.85177
1.1665 -1.04256
0.860663 5.18884
0.292244 2.83238
0.620068 4.07721
0.000557354 3.26092
0.967383 3.79413
1.73546 2.29302
1.47703 0.464561
1.10584 2.51198
1.82598 0.0439504
0.0856335 2.04645
1.1934 4.28457
1.90757 -0.211106
-0.480936 1.99426
2.2067 3.11553
1.17873 1.00741
1.30797 2.54984
1.54015 -0.511789
-0.605092 2.94015
2.26738 2.48491
1.1915 1.6078
1.84783 1.02748
1.45313 1.99542
1.60105 0.0279222
0.137689 2.13803
1.07715 4.29195
1.91072 1.76294
1.51483 1.39342
1.72551 0.788098
1.47773 2.08977
1.56404 -0.0116772
-0.00854443 2.09108
1.3238 4.1985
1.53828 -1.21853
0.212447 4.76286
1.03666 3.33262
1.93364 0.37444
0.497248 2.20558
0.244068 4.06991
0.552165 3.46513
0.0247641 3.51981
0.900168 3.69277
1.19934 2.79427
1.63158 -0.583463
-0.627465 2.92607
2.30166 2.34395
1.13179 1.74368
1.8609 1.14539
1.4836 1.88857
1.62046 0.163353
0.511007 2.31656
0.169089 3.97319
0.663278 3.50798
-0.195732 3.0167
1.38454 3.80264
1.31661 -1.18989
0.667262 5.11963
0.40831 2.98849
0.364599 3.95509
0.377583 3.53637
0.377221 3.74835
0.365467 3.64474
0.388415 3.6982
0.351166 3.66793
0.407659 3.6874
0.321922 3.66737
0.448855 3.68625
0.254033 3.64423
0.543148 3.68485
0.0736489 3.50697
0.817678 3.70521
0.236483 2.52674
0.791125 4.19571
-0.0879641 2.69416
1.24436 3.96866
1.63136 -1.00039
-0.246671 4.12963
1.79467 3.20877
1.22003 0.0903683
-0.526404 2.59073
2.15544 3.00804
1.22728 1.02082
1.52512 2.33174
1.48074 -0.0846905
-0.315537 2.09929
1.87242 3.74459
1.05593 -0.123307
-0.0415117 4.17175
1.222 3.49501
1.56871 -0.945821
-0.2287 4.12822
1.74305 3.26877
1.20153 -0.0765592
-0.486948 3.2052
2.05829 3.02598
1.25714 0.825732
1.28188 2.53511
1.571 -0.498966
-0.620884 2.80887
2.29508 2.43082
1.15526 1.67491
1.85513 1.12163
1.483 1.9019
1.61687 0.150482
0.475487 2.3002
0.290913 4.08957
0.483622 3.45824
0.181377 3.68479
0.64002 3.6449
-0.132606 3.17265
1.23135 3.78937
1.60398 -0.992892
-0.218819 4.16551
1.74199 3.26036
1.20398 -0.0738791
-0.492425 3.18141
2.06776 3.012
1.25824 0.855611
1.34678 2.49823
1.51853 -0.459278
-0.607277 2.84262
2.27289 2.50778
1.18771 1.59533
1.84719 1.08285
1.47902 1.92851
1.61063 0.121132
0.393841 2.26097
0.538688 4.25333
0.157272 3.33056
0.717912 3.81197
-0.175259 2.82856
1.37516 3.87153
1.3396 -1.22855
0.664406 5.12927
0.423689 2.9925
0.328741 3.93445
0.426132 3.54463
0.294986 3.7209
0.48122 3.65385
0.194568 3.62385
0.626311 3.67884
-0.0999137 3.23915
1.15751 3.77786
1.77963 -0.585124
-0.672911 2.73801
2.37002 2.09909
0.954336 1.90533
1.39949 2.58892
1.45756 -0.462336
-0.569278 3.07714
2.20976 2.64198
1.24662 1.4072
1.82423 1.203
1.54672 1.72211
1.64595 0.42462
1.10448 2.45148
1.83571 0.119477
0.231984 2.11141
0.931226 4.34797
0.543668 2.6877
0.00672289 3.69745
0.937881 3.62437
1.65252 2.44114
1.43749 0.15566
0.165432 2.19407
1.01302 4.28954
1.49464 2.69421
1.38673 -0.354842
-0.558456 3.04139
2.18932 2.7256
1.25517 1.307
1.80292 1.42112
1.59331 1.39804
1.69556 0.891123
1.57179 1.88476
1.59787 0.326049
0.906223 2.46573
1.53189 2.51196
1.42793 -0.17427
-0.521146 2.34197
2.18831 3.0176
1.20946 1.0643
1.53322 2.32895
1.47992 -0.0658387
-0.279697 2.08965
1.80711 3.83025
1.04031 -0.345343
0.311706 4.62761
0.639343 3.2598
-0.204426 3.10653
1.39372 3.7698
1.30077 -1.16527
0.672849 5.11607
0.395904 2.98323
0.392745 3.97007
0.339269 3.52791
0.436816 3.75799
0.27448 3.62102
0.517951 3.70208
0.126704 3.55317
0.73092 3.69549
-0.176283 2.70571
1.40648 3.90386
1.29609 -1.23152
0.775182 5.19708
0.355928 2.90939
0.486776 4.02888
0.206965 3.46753
0.62822 3.76169
-0.0851419 3.23914
1.12791 3.78187
1.85213 -0.320316
-0.56113 2.117
2.30063 2.74716
1.16769 1.42521
1.78601 1.68079
1.59029 1.07495
1.69907 1.40952
1.65261 1.11445
1.67121 1.43326
1.66237 1.01411
1.64486 1.62081
1.64331 0.737124
1.51502 2.09102
1.55267 0.0530344
0.144295 2.15426
1.06081 4.29071
1.84069 2.05735
1.51703 0.931815
1.68922 1.6747
1.62199 0.798088
1.57453 1.96869
1.57477 0.265331
0.74644 2.42983
-0.165154 2.41919
1.47051 3.98135
1.21843 -1.21401
0.946133 5.27555
0.38942 2.80549
0.431376 4.04494
0.287772 3.48302
0.515861 3.776
0.137701 3.53447
0.716514 3.70719
-0.187759 2.78784
1.40961 3.87266
1.28778 -1.21151
0.768799 5.1876
0.351947 2.91275
0.494164 4.02953
0.195859 3.46213
0.644094 3.76074
-0.113627 3.1735
1.19215 3.79611
1.69974 -0.80669
-0.532462 3.48613
2.19084 2.54145
1.26605 1.45958
1.82583 0.980068
1.46246 2.00512
1.59446 0.032258
0.14261 2.14206
1.06794 4.29365
1.87216 1.94025
1.52394 1.12031
1.73313 1.27371
1.63515 1.38007
1.68174 0.998629
1.62638 1.68086
1.63584 0.632265
1.41788 2.25605
1.54022 -0.219751
-0.460317 2.17122
2.1217 3.26427
1.17358 0.75595
0.628948 2.4848
-0.242434 3.25114
1.47726 3.69254
1.20624 -0.9976
0.692246 5.0822
0.333553 2.96386
0.520849 4.0154
0.152987 3.44441
0.70588 3.75528
-0.182637 2.86675
1.38221 3.85526
1.3262 -1.2185
0.683204 5.13829
0.405335 2.97776
0.372458 3.96246
0.366925 3.53257
0.394332 3.75269
0.340209 3.63973
0.425468 3.70178
0.293135 3.65269
0.489567 3.6895
0.180613 3.60055
0.648123 3.68665
-0.137187 3.14193
1.24424 3.79758
1.57678 -1.03733
-0.116379 4.32519
1.5705 3.36194
1.20031 -0.565929
0.0947688 4.44513
1.04117 3.4125
1.93707 0.365791
0.471721 2.19233
0.332102 4.14689
0.429735 3.43153
0.291314 3.7639
0.483097 3.63026
0.18988 3.62965
0.632324 3.67463
-0.112161 3.21254
1.18503 3.78331
1.7133 -0.770481
-0.570909 3.35887
2.23714 2.41927
1.21771 1.62472
1.84033 0.834327
1.34298 2.19473
1.60594 -0.229894
-0.420963 2.10263
2.07027 3.40768
1.14239 0.550427
-0.137082 2.19077
1.50169 4.05412
1.18816 -1.22175
1.03154 5.30967
0.538754 2.81327
0.0175751 3.68359
0.915081 3.62892
1.43857 2.69089
1.40971 -0.461189
-0.519757 3.27634
2.13315 2.80686
1.27747 1.14317
1.74209 1.75291
1.59476 0.876075
1.63489 1.80132
1.60717 0.541747
1.31379 2.37635
1.57946 -0.382907
-0.596847 2.44708
2.29293 2.6154
1.17424 1.52768
1.83242 1.35177
1.56413 1.56682
1.67667 0.624416
1.37751 2.27837
1.55712 -0.278504
-0.520021 2.24723
2.20657 3.00445
1.20248 1.10134
1.56362 2.28564
1.48737 0.0272526
-0.0496441 2.10096
1.38681 4.15991
1.389 -1.33906
0.70102 5.18664
0.436378 2.97242
0.299939 3.92283
0.465254 3.54675
0.221816 3.68208
0.583423 3.65655
-0.0162765 3.40006
0.981896 3.73531
1.85569 1.91747
1.53361 1.08705
1.72549 1.3435
1.64158 1.26798
1.6854 1.17018
1.65778 1.41137
1.66982 1.00901
1.63824 1.64227
1.64088 0.699065
1.48336 2.15363
1.54346 -0.0489203
-0.130521 2.06709
1.53908 4.08018
1.14881 -1.1799
1.0788 5.31196
0.67675 2.84535
-0.285208 2.80211
1.61485 3.75598
1.10928 -0.743712
0.628708 4.97643
0.326526 3.0151
0.524993 3.99532
0.144109 3.44746
0.718005 3.75096
-0.182668 2.80003
1.39651 3.87359
1.30692 -1.22116
0.734341 5.17044
0.372055 2.93926
0.449304 4.007
0.260781 3.49701
0.551222 3.76284
0.0677685 3.47249
0.8303 3.71926
0.342993 2.56241
0.581781 4.1746
0.0808895 3.31281
0.830664 3.79401
0.277061 2.54584
0.715524 4.19456
-0.0959163 2.97888
1.18876 3.86971
1.73287 -0.746198
-0.598846 3.2606
2.27118 2.31965
1.16438 1.73738
1.8581 0.907023
1.36469 2.14806
1.60374 -0.18217
-0.341324 2.06065
1.93535 3.66842
1.07405 0.0756812
-0.334512 3.60729
1.77224 3.37596
1.16998 -0.0747442
-0.42975 3.40127
1.95802 3.16829
1.23194 0.506204
0.268685 2.29387
0.803784 4.29104
-0.0683585 2.69648
1.20961 3.97921
1.72232 -0.805097
-0.548891 3.44904
2.2133 2.47404
1.24537 1.54877
1.83188 0.867688
1.38331 2.1474
1.59172 -0.170527
-0.330009 2.06149
1.91357 3.701
1.06557 0.00259016
-0.229838 3.84195
1.57684 3.47804
1.17397 -0.628095
0.266131 4.64547
0.760705 3.2902
-0.00272224 2.4628
1.17653 4.0958
1.85711 -0.395975
-0.630295 2.25821
2.3693 2.37807
1.05958 1.74713
1.77625 1.85588
1.56842 0.8906
1.65393 1.76085
1.61273 0.625171
1.4222 2.26512
1.5354 -0.220683
-0.466163 2.18054
2.12963 3.24123
1.17773 0.787894
0.750727 2.53469
-0.100439 2.40283
1.35895 4.04419
1.40602 -1.28727
0.590292 5.09776
0.515324 3.05222
0.0879187 3.71315
0.786088 3.61752
0.0461231 2.49335
1.09122 4.11542
1.98744 0.872468
1.03068 2.28594
1.90081 1.06198
1.3816 2.06997
1.61576 -0.10482
-0.174069 2.03854
1.62897 4.02422
1.07271 -0.942984
0.990473 5.21746
0.403721 2.769
0.403361 4.04319
0.326263 3.48814
0.460151 3.77766
0.236499 3.59683
0.571778 3.7047
0.016782 3.4309
0.919912 3.72794
1.38099 2.7349
1.43328 -0.574748
-0.454086 3.52922
2.042 2.95456
1.27967 0.844619
1.39891 2.45028
1.49525 -0.375871
-0.602105 2.66181
2.27602 2.57985
1.18886 1.54072
1.84006 1.21214
1.53085 1.75437
1.64221 0.364637
0.989139 2.46004
1.89308 1.36399
1.501 1.73238
1.65744 0.340502
0.933001 2.44996
1.70655 2.20707
1.49987 0.43705
1.07749 2.50724
1.86682 0.265477
0.47026 2.2188
0.329226 4.13863
0.433022 3.43567
0.284867 3.75918
0.492085 3.63145
0.172388 3.61656
0.658269 3.67645
-0.155202 3.08995
1.28824 3.80582
1.48467 -1.14643
0.213578 4.73746
1.00141 3.33144
1.95482 0.91634
1.16069 2.25828
1.78985 0.030164
0.105721 2.06722
1.15395 4.29288
1.97914 0.361091
0.335169 2.10885
0.728005 4.35377
-0.0625361 2.96894
1.13004 3.88702
1.8819 -0.215157
-0.458622 1.9925
2.17005 3.21756
1.16965 0.869952
0.925334 2.58955
1.7183 2.19623
1.50217 0.476493
1.16463 2.49234
1.73792 -0.242688
-0.407364 2.03304
2.06743 3.44156
1.13203 0.517484
-0.253961 2.21084
1.71321 3.88346
1.05031 -0.614796
0.639898 4.95366
0.292336 3.00948
0.584398 4.00072
0.0447857 3.35266
0.88116 3.76641
0.868868 2.76728
1.30382 2.70815
1.50773 -0.618853
-0.514155 3.3883
2.13831 2.75021
1.28386 1.19798
1.77507 1.56959
1.60576 1.15139
1.69995 1.29278
1.65569 1.26846
1.67863 1.19917
1.66433 1.35237
1.67172 1.10136
1.65743 1.49128
1.66062 0.910591
1.60965 1.80039
1.61207 0.482116
1.21804 2.43092
1.67389 -0.341116
-0.541241 2.20693
2.25015 2.88431
1.19517 1.25854
1.71625 1.93495
1.56436 0.651393
1.46672 2.23418
1.52551 -0.132969
-0.336132 2.08959
1.91531 3.68765
1.06961 0.01763
-0.259617 3.78158
1.63347 3.456
1.16219 -0.474422
0.0833489 4.41022
1.0438 3.42189
1.93486 0.336601
0.425413 2.17116
0.47907 4.24851
0.238985 3.36515
0.600411 3.82324
-0.0188685 3.33622
0.992247 3.75982
1.88757 1.77724
1.53029 1.30753
1.72965 0.938367
1.56145 1.86731
1.60467 0.319066
0.892059 2.46098
1.40416 2.6315
1.44368 -0.48153
-0.545099 3.19561
2.17338 2.71556
1.26701 1.28888
1.80126 1.40734
1.59406 1.40882
1.6939 0.87781
1.56647 1.90439
1.59369 0.29866
0.840501 2.45285
0.808392 2.67408
0.525519 2.57261
0.0761882 3.81368
0.812662 3.57687
0.291277 2.53364
0.692548 4.19937
-0.0715455 3.05703
1.12854 3.85162
1.87327 -0.246136
-0.491066 2.0221
2.21536 3.07772
1.18269 1.05096
1.41055 2.47939
1.48059 -0.379108
-0.600636 2.72307
2.26883 2.57945
1.19566 1.53368
1.8399 1.18401
1.52355 1.78798
1.63549 0.319585
0.894502 2.45145
1.42099 2.61843
1.43754 -0.448333
-0.558708 3.11459
2.19271 2.68478
1.25665 1.34584
1.81368 1.30952
1.57625 1.56138
1.67407 0.652934
1.41126 2.23916
1.5486 -0.215518
-0.446341 2.15214
2.10185 3.31849
1.16303 0.678246
0.325838 2.33897
0.676672 4.26904
-0.0332174 3.10614
1.05103 3.84607
1.97669 0.86348
1.05225 2.28811
1.89957 0.807202
1.196 2.28053
1.73819 -0.133127
-0.208693 1.99365
1.71086 3.96947
1.03659 -0.699541
0.791598 5.06567
0.218162 2.87459
0.729144 4.046
-0.138346 2.8769
1.29123 3.88182
1.49684 -1.16225
0.211704 4.74124
1.01161 3.33273
1.95407 0.748838
0.992444 2.31509
1.86784 1.52616
1.54636 1.48536
1.6985 0.696476
1.43094 2.19382
1.55211 -0.15779
-0.347761 2.08379
1.9395 3.65307
1.07862 0.0971959
-0.367672 3.52033
1.83312 3.32681
1.18484 0.106551
-0.530065 2.76192
2.14393 2.972
1.24027 1.03057
1.57505 2.24555
1.49731 0.0778311
0.106499 2.15276
1.12017 4.26736
1.99371 0.851973
0.991141 2.28914
1.85819 1.58636
1.55548 1.39399
1.71001 0.835406
1.52667 1.99666
1.57686 0.145595
0.430228 2.28849
0.431528 4.19162
0.297292 3.40594
0.512498 3.81603
0.147565 3.52638
0.703078 3.71381
-0.188336 2.86422
1.3945 3.85152
1.30722 -1.21038
0.718866 5.15798
0.377773 2.95033
0.435799 3.99846
0.279772 3.50573
0.524076 3.76287
0.120843 3.52516
0.742469 3.70724
-0.15758 2.65393
1.38392 3.9328
1.33559 -1.25579
0.711721 5.1672
0.397835 2.95839
0.391436 3.97772
0.341138 3.52392
0.434424 3.75989
0.278319 3.62147
0.512715 3.70273
0.137066 3.56189
0.714667 3.6939
-0.18984 2.79183
1.41296 3.86984
1.28277 -1.20707
0.77534 5.18999
0.347945 2.90756
0.502911 4.03353
0.182855 3.45366
0.663094 3.76063
-0.143415 3.08727
1.26398 3.81252
1.53702 -1.09488
0.0348984 4.53118
1.30767 3.4025
1.41347 -1.01136
0.171497 4.65038
1.02319 3.35757
1.94961 0.586496
0.793467 2.30452
0.133905 2.39284
0.993477 4.20268
1.4532 2.72142
1.39504 -0.452077
-0.507433 3.31337
2.11338 2.8489
1.27915 1.07211
1.69248 1.93887
1.56661 0.581905
1.37764 2.34138
1.539 -0.324701
-0.571616 2.39087
2.26271 2.756
1.19819 1.38119
1.79703 1.5739
1.59438 1.21438
1.70745 1.16988
1.64332 1.46228
1.66937 0.911813
1.60352 1.81041
1.61079 0.459254
1.17864 2.44679
1.72583 -0.249611
-0.416547 2.04392
2.08053 3.40946
1.13967 0.566861
-0.115311 2.19266
1.46236 4.07731
1.24231 -1.28829
0.98145 5.31155
0.453914 2.81053
0.269063 3.94664
0.507969 3.52916
0.132608 3.6194
0.716574 3.66558
-0.191461 2.7684
1.42161 3.87458
1.27135 -1.20193
0.797105 5.20053
0.339356 2.89102
0.522449 4.04387
0.153584 3.43165
0.706876 3.76168
-0.18186 2.86418
1.38113 3.85657
1.32804 -1.21957
0.680149 5.13667
0.408037 2.98012
0.366102 3.95855
0.375543 3.53456
0.3806 3.74976
0.360505 3.64361
0.395813 3.69924
0.339892 3.66558
0.423882 3.6885
0.295907 3.65954
0.485168 3.68643
0.188713 3.6073
0.636093 3.68554
-0.116644 3.19728
1.19575 3.78701
1.68811 -0.830514
-0.501973 3.57395
2.15281 2.63589
1.28923 1.31672
1.81042 1.22966
1.56694 1.65051
1.65754 0.536093
1.27975 2.37545
1.61347 -0.3728
-0.582992 2.35484
2.28639 2.68538
1.18106 1.46426
1.81671 1.47064
1.58456 1.38489
1.70042 0.89394
1.56875 1.88769
1.5977 0.317188
0.885726 2.46194
1.34273 2.66907
1.47918 -0.574084
-0.517641 3.35008
2.13905 2.76221
1.28162 1.1898
1.7702 1.60311
1.60505 1.10234
1.69558 1.3777
1.65607 1.14527
1.67286 1.38941
1.66552 1.07326
1.65644 1.52577
1.65604 0.868408
1.59286 1.87002
1.59774 0.384414
1.03416 2.4762
1.90929 0.742422
1.10577 2.31791
1.85122 0.27698
0.529465 2.25222
0.12003 3.93343
0.745185 3.52707
-0.133062 2.56474
1.36405 3.97587
1.37859 -1.27057
0.630086 5.11958
0.469154 3.02083
0.21387 3.84527
0.586788 3.57159
-0.0389064 3.39255
1.02512 3.73493
1.96643 1.08953
1.26356 2.16043
1.68854 -0.153774
-0.244999 2.01096
1.77155 3.90063
1.0307 -0.491809
0.540941 4.85527
0.367723 3.08943
0.437751 3.94864
0.275476 3.53009
0.526939 3.74945
0.113897 3.52398
0.753063 3.7061
-0.132448 2.60585
1.35046 3.96526
1.40092 -1.25904
0.562071 5.06884
0.534959 3.07214
0.0331009 3.64086
0.883443 3.64504
1.05446 2.7953
1.88286 0.220857
0.342478 2.15004
0.697849 4.33528
-0.0393117 3.05143
1.07213 3.86502
1.97081 0.542775
0.662155 2.2567
-0.304518 3.10199
1.628 3.65161
1.12196 -0.629812
0.432726 4.79951
0.52036 3.16364
0.0780166 3.67218
0.802963 3.63422
0.162307 2.50342
0.915079 4.17615
0.642876 2.71426
-0.268521 3.07678
1.54358 3.71302
1.15383 -0.875658
0.674709 5.0395
0.316844 2.9771
0.548687 4.0134
0.107415 3.41078
0.776331 3.75711
-0.0614588 2.54514
1.24434 4.03199
1.65672 -0.969842
-0.316934 4.00704
1.90501 3.08127
1.26046 0.442163
0.243885 2.27492
0.854748 4.29339
0.0726703 2.5791
1.0239 4.09948
1.82042 2.09818
1.514 0.840296
1.64105 1.88171
1.58702 0.490233
1.23476 2.43395
1.65136 -0.374323
-0.576675 2.30134
2.28624 2.71168
1.18078 1.44224
1.80804 1.53279
1.58989 1.29127
1.70705 1.0404
1.61857 1.66129
1.64185 0.633546
1.41542 2.25531
1.54169 -0.222267
-0.462421 2.17283
2.12502 3.2556
1.17507 0.768544
0.676256 2.50526
-0.316014 2.86354
1.67446 3.69032
1.1 -0.546001
0.386652 4.74044
0.566148 3.19946
-0.0431839 3.49647
1.03045 3.69623
1.9701 0.913146
1.11798 2.26858
1.84301 0.259032
0.511535 2.24692
0.184111 4.00337
0.641432 3.49469
-0.16631 3.13702
1.3067 3.78518
1.44448 -1.16767
0.331366 4.85434
0.813436 3.24796
0.528017 2.60756
0.0641611 3.79117
0.833283 3.58625
0.503377 2.61783
0.142951 3.8793
0.698932 3.54841
-0.209741 2.81853
1.44844 3.8451
1.23517 -1.15098
0.821473 5.19895
0.319522 2.86928
0.563802 4.05865
0.089294 3.37447
0.808572 3.76855
0.117045 2.51003
0.980477 4.15013
1.41073 2.74671
1.41079 -0.539487
-0.453396 3.51471
2.03687 2.97115
1.27666 0.821343
1.34538 2.49226
1.52123 -0.456146
-0.608755 2.82382
2.27592 2.50426
1.18432 1.60111
1.84785 1.09148
1.48158 1.91981
1.61223 0.13251
0.425212 2.27639
0.449115 4.2049
0.274744 3.39582
0.546063 3.81719
0.08529 3.47066
0.802619 3.72384
0.102446 2.50449
1.00381 4.1441
1.63412 2.51756
1.41628 0.0666786
-0.133936 2.10546
1.52963 4.07084
1.15813 -1.18902
1.06646 5.31105
0.635027 2.83431
-0.246963 3.1186
1.49058 3.72714
1.19264 -0.996961
0.728911 5.10467
0.309969 2.93457
0.56857 4.03255
0.0772019 3.37431
0.827035 3.76522
0.269966 2.54134
0.72946 4.19587
-0.105632 2.92854
1.21743 3.88241
1.66601 -0.906606
-0.402261 3.82472
2.02321 2.90233
1.29733 0.841245
1.44428 2.39924
1.48658 -0.277677
-0.562696 2.41306
2.24476 2.80873
1.20753 1.31606
1.77372 1.68991
1.59399 1.02863
1.68859 1.50072
1.64839 0.9787
1.64392 1.66125
1.63571 0.693854
1.48195 2.16011
1.54201 -0.0559266
-0.149199 2.06494
1.57324 4.0567
1.11468 -1.09379
1.0618 5.28236
0.612997 2.82227
-0.199598 3.27492
1.37501 3.72225
1.32376 -1.15224
0.596682 5.06102
0.460352 3.04071
0.235747 3.8572
0.555166 3.56955
0.0319921 3.49633
0.888584 3.70321
1.04526 2.79792
1.89553 0.314595
0.493674 2.21907
0.252398 4.07453
0.539773 3.46326
0.0539866 3.55728
0.847179 3.68049
0.565592 2.65012
-0.0622004 3.60135
1.07542 3.65896
1.92678 0.148015
0.0910583 2.01256
1.19835 4.29808
1.90334 -0.238669
-0.510694 2.0223
2.24678 2.98054
1.18316 1.17247
1.59807 2.23615
1.49752 0.137827
0.274715 2.23068
0.812566 4.3151
-0.0546809 2.68006
1.1912 3.99237
1.77474 -0.662788
-0.657043 2.97022
2.34264 2.11755
1.00293 1.89881
1.69392 2.1579
1.513 0.433531
1.08574 2.50221
1.85623 0.202674
0.366671 2.17169
0.633996 4.31322
0.0351837 3.19285
0.921776 3.8323
1.26655 2.78886
1.53509 -0.666727
-0.504058 3.44691
2.12894 2.75627
1.28805 1.17529
1.76709 1.61138
1.60556 1.0846
1.69292 1.41027
1.6553 1.0975
1.66713 1.4664
1.66033 0.96382
1.63077 1.70549
1.62956 0.618837
1.4061 2.27468
1.54103 -0.247312
-0.49559 2.21682
2.17205 3.11634
1.19479 0.957806
1.28417 2.55562
1.56359 -0.514628
-0.6155 2.87895
2.28453 2.44231
1.16857 1.65739
1.8536 1.06461
1.46172 1.96501
1.60651 0.0652757
0.241403 2.18539
0.888834 4.32507
0.236198 2.58542
0.775204 4.1723
-0.107469 2.74182
1.26606 3.94204
1.57035 -1.09294
-0.0271227 4.45914
1.42499 3.39523
1.27796 -0.895276
0.347649 4.78944
0.698831 3.22752
-0.235393 2.70497
1.52729 3.84449
1.15606 -1.01208
0.849448 5.17511
0.282691 2.8384
0.635185 4.07456
-0.0242932 3.22264
1.0161 3.80322
1.94366 1.41893
1.446 1.81866
1.65537 0.185911
0.574702 2.33655
-0.0582649 3.67597
1.07539 3.63461
1.92172 0.11938
0.0484645 1.99633
1.27172 4.26936
1.70346 -0.934091
-0.407061 3.83755
2.03953 2.85988
1.30346 0.908733
1.55861 2.23913
1.50138 0.044531
0.0259608 2.12047
1.25737 4.21892
1.71303 -0.896523
-0.455927 3.72198
2.1026 2.7338
1.30522 1.14022
1.75969 1.62757
1.60681 1.04618
1.68568 1.48212
1.65162 0.992466
1.64599 1.6415
1.63907 0.718728
1.50234 2.12004
1.54761 0.0086368
0.0187994 2.10503
1.27473 4.21741
1.66757 -1.00081
-0.290728 4.06597
1.87205 3.1181
1.24944 0.33852
-0.0941261 2.16072
1.43802 4.10497
1.28406 -1.32335
0.925634 5.29947
0.40225 2.82716
0.398365 4.0229
0.332479 3.49936
0.449766 3.77218
0.253569 3.60671
0.547673 3.7043
0.0668602 3.4926
0.829942 3.71026
0.347923 2.56356
0.570881 4.17157
0.0969031 3.32885
0.804184 3.79176
0.0727921 2.51138
1.04543 4.12462
1.90069 1.78141
1.52145 1.34533
1.72925 0.869151
1.52653 1.97352
1.58346 0.163437
0.485522 2.31428
0.254975 4.05583
0.533983 3.4724
0.068625 3.57168
0.821608 3.67618
0.296963 2.54303
0.679371 4.19525
-0.0567628 3.09712
1.09439 3.84192
1.93812 0.160458
0.0861668 2.00605
1.20862 4.29623
1.87897 -0.359841
-0.614394 2.19617
2.35931 2.46008
1.08937 1.68735
1.80569 1.6896
1.58094 1.12785
1.70982 1.30187
1.65026 1.28123
1.68106 1.16893
1.66035 1.40374
1.66951 1.0248
1.64275 1.61478
1.64499 0.738275
1.51476 2.09007
1.55302 0.0532257
0.145341 2.15463
1.05903 4.29121
1.83099 2.09003
1.5134 0.878239
1.66395 1.79687
1.60298 0.619497
1.41948 2.27452
1.53402 -0.230858
-0.480927 2.19999
2.15068 3.18021
1.1872 0.871926
1.04164 2.60055
1.9031 0.516051
0.822414 2.33318
0.480696 2.53219
0.22662 3.98081
0.571303 3.50658
-0.014477 3.45174
0.97539 3.71553
1.8349 1.99492
1.52924 0.961027
1.69699 1.60731
1.63102 0.886112
1.61899 1.81026
1.60793 0.495484
1.2413 2.42163
1.6461 -0.373484
-0.576857 2.30642
2.28558 2.7117
1.18134 1.44161
1.80826 1.53034
1.58982 1.29452
1.70688 1.0353
1.6173 1.66906
1.6405 0.622847
1.40408 2.27031
1.54342 -0.246453
-0.492598 2.21095
2.16831 3.12901
1.1933 0.94161
1.24179 2.57284
1.61057 -0.497085
-0.631302 2.70479
2.31634 2.38833
1.12348 1.72088
1.85411 1.27412
1.52885 1.72037
1.65156 0.395502
1.04683 2.45612
1.90169 0.624337
0.982232 2.34673
1.85535 1.62437
1.55712 1.34747
1.71517 0.906327
1.56084 1.89185
1.59822 0.297233
0.838972 2.45107
0.78765 2.66701
0.277838 2.46596
0.735861 4.22603
-0.101815 2.91401
1.21344 3.88909
1.67819 -0.882697
-0.440513 3.73811
2.07535 2.80264
1.30419 1.02986
1.68768 1.93237
1.56871 0.573661
1.36593 2.35157
1.54409 -0.341958
-0.58142 2.42243
2.27299 2.70376
1.1922 1.43583
1.81426 1.46653
1.58624 1.38184
1.70016 0.901091
1.57251 1.87551
1.60018 0.335269
0.927834 2.46845
1.68517 2.25896
1.48693 0.346872
0.837584 2.48319
0.793859 2.67098
0.34938 2.49497
0.58398 4.19776
0.0819105 3.30258
0.830793 3.79895
0.273754 2.54522
0.721647 4.19462
-0.100743 2.9569
1.20229 3.8751
1.70094 -0.827164
-0.514947 3.54391
2.17054 2.58899
1.28031 1.38664
1.81938 1.09347
1.52047 1.84768
1.62022 0.258782
0.752782 2.41866
-0.131614 2.40089
1.41499 4.01781
1.30179 -1.28823
0.837126 5.24715
0.361644 2.87063
0.481436 4.04129
0.215855 3.46517
0.616513 3.76578
-0.0620864 3.28366
1.0784 3.77125
1.9462 0.268073
0.266355 2.08812
0.876627 4.3653
0.137986 2.58201
0.927213 4.13356
0.845911 2.78318
1.03625 2.74378
1.90668 0.45167
0.708604 2.30148
-0.326212 2.68617
1.72673 3.70198
1.08565 -0.427354
0.269232 4.60348
0.717665 3.29016
-0.198864 2.61196
1.47638 3.90535
1.20586 -1.15139
0.897718 5.2365
0.3344 2.8187
0.545305 4.07542
0.121521 3.39433
0.758041 3.76914
-0.126539 2.61379
1.33721 3.96744
1.42667 -1.24739
0.486874 5.0092
0.621314 3.13002
-0.189104 3.20663
1.35232 3.75029
1.36031 -1.17503
0.538641 5.0258
0.530787 3.08595
0.0455381 3.65332
0.860656 3.64041
0.774543 2.72998
0.157599 2.43054
0.945218 4.20138
0.931448 2.8099
1.79853 1.98882
1.53938 0.853912
1.64454 1.83913
1.59667 0.533786
1.30436 2.38839
1.5851 -0.392044
-0.600827 2.45911
2.29721 2.59244
1.16919 1.54995
1.83583 1.33148
1.55831 1.60051
1.67126 0.575242
1.32232 2.33575
1.58291 -0.350178
-0.574344 2.35669
2.27279 2.7354
1.1912 1.4092
1.80317 1.54662
1.59231 1.26166
1.7075 1.0904
1.63022 1.58347
1.65422 0.741847
1.51078 2.09006
1.55404 0.0457617
0.126835 2.14617
1.0911 4.28259
1.9569 1.46004
1.43673 1.81521
1.6606 0.181363
0.56275 2.32954
-0.0150342 3.74353
0.989106 3.61024
1.92364 1.52373
1.49085 1.65892
1.67999 0.408436
1.05284 2.44469
1.89732 0.574878
0.925681 2.34917
1.60655 2.39532
1.452 0.0651188
-0.0392511 2.11384
1.36451 4.16647
1.43575 -1.31411
0.561715 5.08648
0.557707 3.07613
-0.0312342 3.54811
1.00684 3.67832
1.94906 1.31698
1.408 1.93053
1.64172 0.0423734
0.202806 2.15686
0.965281 4.32075
0.936374 2.81885
1.82093 1.90552
1.54766 0.987883
1.69904 1.55166
1.63829 0.950198
1.64093 1.69922
1.62863 0.649503
1.44138 2.22902
1.53706 -0.168789
-0.38496 2.10911
2.00144 3.53932
1.10995 0.315183
-0.506967 2.68481
2.10741 3.09669
1.2244 0.866271
1.22753 2.56728
1.63077 -0.473003
-0.630759 2.59152
2.32512 2.40643
1.11691 1.71258
1.84824 1.35501
1.54926 1.61034
1.67184 0.548409
1.28582 2.36385
1.61015 -0.366491
-0.579008 2.3454
2.28193 2.70679
1.18455 1.44223
1.81112 1.50467
1.58847 1.33073
1.70466 0.978559
1.6011 1.75623
1.62441 0.502362
1.24739 2.411
1.64123 -0.372585
-0.576993 2.31109
2.28494 2.71188
1.18188 1.44086
1.80841 1.52835
1.58978 1.2971
1.70673 1.03127
1.61629 1.67518
1.63943 0.614418
1.39487 2.28189
1.54533 -0.26485
-0.512885 2.24222
2.19568 3.03883
1.20125 1.05719
1.4946 2.38465
1.47299 -0.178464
-0.477066 2.22952
2.13641 3.20434
1.18581 0.829255
0.920312 2.58412
1.68671 2.2695
1.48409 0.344666
0.826261 2.48081
0.648254 2.61495
-0.281888 3.0574
1.57622 3.69986
1.13635 -0.791014
0.611121 4.9757
0.352279 3.02782
0.475692 3.98181
0.220499 3.49604
0.605901 3.75161
-0.0443201 3.32102
1.04091 3.76092
1.97326 0.856067
1.05443 2.28998
1.89874 0.780601
1.17183 2.29553
1.7672 -0.0633924
-0.0784525 2.0068
1.4738 4.14899
1.23978 -1.3233
1.03142 5.34002
0.556603 2.82607
-0.0379139 3.59952
1.02289 3.65999
1.96731 0.980823
1.18313 2.23271
1.76586 -0.0327572
-0.0103469 2.0287
1.35205 4.21154
1.48041 -1.29072
0.432641 4.98133
0.713933 3.17595
-0.208436 2.59998
1.49885 3.89774
1.18167 -1.10791
0.904647 5.22744
0.327126 2.81028
0.560983 4.08123
0.0974189 3.37167
0.796793 3.77224
0.0371699 2.5121
1.09854 4.10346
1.98635 0.704615
0.841134 2.29331
0.672953 2.61432
-0.306398 2.85918
1.65327 3.70878
1.10253 -0.612665
0.470831 4.82732
0.469208 3.13612
0.210641 3.8096
0.59207 3.58888
-0.0474447 3.37254
1.04287 3.74112
1.97227 0.781145
0.976816 2.30519
1.82803 1.76592
1.56314 1.12845
1.7178 1.2826
1.64517 1.32784
1.68155 1.09164
1.64921 1.5267
1.6582 0.849781
1.58118 1.90579
1.5905 0.329231
0.910934 2.46889
1.5707 2.46175
1.43626 -0.0581048
-0.349635 2.13127
1.92691 3.65434
1.07923 0.0700654
-0.343264 3.58813
1.78926 3.3619
1.174 -0.0234857
-0.476292 3.22377
2.03726 3.06714
1.2509 0.751417
1.08243 2.58278
1.85338 0.145103
0.252235 2.11536
0.893391 4.35268
0.242097 2.58967
0.764291 4.17203
-0.114644 2.78428
1.26812 3.9245
1.55987 -1.1022
0.00425066 4.49939
1.36925 3.40007
1.33327 -0.975143
0.316312 4.78231
0.769393 3.25337
0.0721886 2.45744
1.06413 4.14372
1.94881 1.48372
1.45311 1.77047
1.66572 0.24363
0.712833 2.39071
-0.303074 2.61614
1.69179 3.75759
1.08128 -0.558089
0.464371 4.80967
0.467259 3.14234
0.215359 3.81154
0.585226 3.58882
-0.0323533 3.39756
1.01225 3.73397
1.94985 1.33174
1.41168 1.91848
1.64328 0.0567644
0.240694 2.17483
0.893695 4.32861
0.265251 2.59184
0.724334 4.17523
-0.107474 2.94163
1.21814 3.87716
1.66247 -0.912363
-0.39203 3.84657
2.00881 2.92786
1.29389 0.79033
1.34237 2.48779
1.52485 -0.454998
-0.610167 2.8084
2.27877 2.49982
1.181 1.60736
1.84853 1.0989
1.48358 1.9126
1.6136 0.141802
0.450732 2.28881
0.370994 4.15273
0.376164 3.42995
0.387593 3.79787
0.348632 3.61821
0.415067 3.71267
0.309587 3.65254
0.467136 3.6924
0.221995 3.62541
0.588398 3.68581
-0.0214759 3.38199
0.9929 3.74154
1.89721 1.72311
1.52558 1.38698
1.72228 0.80857
1.496 2.05512
1.56834 0.0450753
0.145642 2.1506
1.06003 4.2927
1.83478 2.07767
1.51484 0.898772
1.67449 1.7498
1.61095 0.688691
1.49133 2.16254
1.53838 -0.0412181
-0.120293 2.07032
1.51973 4.09203
1.1712 -1.22261
1.07471 5.3233
0.665122 2.84472
-0.283337 2.89073
1.59669 3.73952
1.12032 -0.773822
0.635927 4.98862
0.326333 3.00888
0.526376 3.99804
0.142163 3.44486
0.721136 3.75159
-0.181361 2.78371
1.39758 3.87905
1.30602 -1.22348
0.739727 5.17432
0.369822 2.93534
0.454498 4.01009
0.25342 3.49346
0.561707 3.76269
0.046787 3.44842
0.867031 3.72568
0.748773 2.72585
-0.0622983 2.41358
1.29002 4.07062
1.56209 -1.14535
0.0625326 4.58196
1.27833 3.39339
1.45905 -0.99834
0.0499448 4.51306
1.24098 3.41124
1.52485 -0.962735
-0.131712 4.27317
1.57105 3.37409
1.1975 -0.572478
0.112833 4.46775
1.00983 3.40131
1.95814 0.839703
1.07973 2.29305
1.88158 0.525184
0.89372 2.35445
1.34254 2.66129
1.48119 -0.569324
-0.523826 3.32767
2.14783 2.74426
1.27928 1.22045
1.78218 1.53077
1.60473 1.2138
1.70278 1.18682
1.64834 1.42615
1.67191 0.968229
1.62383 1.716
1.62878 0.592317
1.374 2.31113
1.55003 -0.305834
-0.551351 2.32022
2.24302 2.85656
1.20352 1.27361
1.74173 1.83565
1.58017 0.803973
1.59973 1.9413
1.57801 0.343286
0.937482 2.47693
1.74174 2.11838
1.51978 0.593604
1.38468 2.3581
1.52973 -0.329804
-0.578596 2.42739
2.26781 2.72056
1.19592 1.41638
1.8097 1.49313
1.58949 1.33875
1.70353 0.968454
1.59837 1.77061
1.62154 0.483085
1.21698 2.42727
1.67615 -0.335589
-0.534895 2.19444
2.2428 2.91437
1.19602 1.22433
1.68781 2.02118
1.54758 0.508896
1.25929 2.43823
1.62033 -0.409025
-0.605418 2.43408
2.30754 2.56257
1.15716 1.58207
1.83817 1.34177
1.55741 1.59553
1.67262 0.579335
1.32643 2.33144
1.58054 -0.346134
-0.572007 2.35164
2.27004 2.74783
1.19283 1.39592
1.79884 1.57149
1.59355 1.22245
1.70781 1.15538
1.64119 1.48478
1.66703 0.879714
1.5902 1.86356
1.59989 0.383813
1.0332 2.47547
1.90972 0.754691
1.11803 2.31304
1.83651 0.198169
0.398799 2.19461
0.545268 4.27458
0.151503 3.31624
0.728401 3.81674
-0.171532 2.777
1.37941 3.88866
1.33544 -1.23582
0.68457 5.14433
0.410228 2.97765
0.361388 3.95696
0.381928 3.53524
0.37033 3.7476
0.375428 3.64577
0.373466 3.69626
0.373512 3.67149
0.374827 3.68386
0.372181 3.67751
0.376454 3.68104
0.369921 3.67867
0.379719 3.68074
0.365068 3.67827
0.386857 3.68143
0.354285 3.6765
0.402586 3.68296
0.330024 3.6713
0.437282 3.68497
0.273752 3.65317
0.515717 3.68507
0.129551 3.56194
0.725839 3.69203
-0.182242 2.73065
1.41204 3.89233
1.28658 -1.22093
0.784518 5.19916
0.349138 2.90172
0.501542 4.03538
0.18512 3.45396
0.659945 3.76124
-0.138731 3.10225
1.25231 3.80984
1.56195 -1.06213
-0.0566594 4.41071
1.46782 3.39187
1.24528 -0.814377
0.321879 4.7447
0.716574 3.24691
-0.20132 2.60478
1.48327 3.90437
1.1982 -1.13959
0.902291 5.23524
0.333842 2.81492
0.547113 4.07717
0.118903 3.39149
0.762258 3.76965
-0.114786 2.59719
1.32081 3.98059
1.46312 -1.22705
0.377253 4.91394
0.767243 3.21537
0.065658 2.45353
1.0752 4.1412
1.97135 1.25975
1.34547 2.03265
1.65156 -0.0791464
-0.0933593 2.04073
1.48513 4.1272
1.21965 -1.29704
1.04728 5.33721
0.591227 2.83108
-0.141134 3.41175
1.24131 3.70812
1.56203 -1.02822
-0.104718 4.33615
1.54485 3.37397
1.20708 -0.634521
0.173202 4.55021
0.916479 3.35966
1.64668 2.42678
1.44159 0.148558
0.157689 2.18955
1.02691 4.2868
1.62044 2.55052
1.40736 0.0143801
-0.274409 2.11443
1.78778 3.84294
1.04053 -0.401473
0.387015 4.70917
0.541155 3.20296
0.0244859 3.59491
0.899029 3.66277
1.22235 2.78852
1.59661 -0.623255
-0.591518 3.13459
2.25019 2.46601
1.20782 1.60376
1.84419 0.936939
1.40884 2.09193
1.59338 -0.103024
-0.190421 2.04466
1.65644 3.99877
1.0582 -0.855794
0.923864 5.16844
0.28837 2.77546
0.639256 4.10118
-0.0242598 3.21027
1.01788 3.80809
1.94628 1.39629
1.43644 1.84757
1.65151 0.147473
0.477456 2.29143
0.28678 4.08815
0.489532 3.45865
0.168546 3.6743
0.659331 3.64708
-0.163036 3.07703
1.30644 3.80568
1.44885 -1.17292
0.329379 4.85431
0.818718 3.24973
0.592123 2.63531
-0.144804 3.453
1.252 3.69363
1.53633 -1.05494
-0.0215059 4.45006
1.39791 3.4049
1.30223 -0.942804
0.350939 4.80514
0.707147 3.22565
-0.222595 2.65285
1.5135 3.87062
1.16746 -1.05987
0.88046 5.20305
0.302674 2.82018
0.604239 4.08175
0.0272896 3.29584
0.917558 3.78633
1.28122 2.78161
1.51825 -0.666606
-0.48392 3.50008
2.09911 2.82125
1.2908 1.06521
1.70103 1.89991
1.57425 0.63555
1.44662 2.2566
1.52676 -0.180247
-0.415873 2.13541
2.05096 3.43454
1.13734 0.493827
-0.273582 2.21601
1.74966 3.84559
1.04791 -0.493758
0.486666 4.81346
0.42942 3.12844
0.305241 3.87769
0.458939 3.57185
0.234438 3.68021
0.566315 3.66087
0.0211986 3.45191
0.910512 3.72
1.28614 2.77581
1.51353 -0.663484
-0.480921 3.50601
2.0942 2.83237
1.29064 1.04664
1.68564 1.95072
1.56468 0.554235
1.33713 2.37874
1.55848 -0.379347
-0.598765 2.48658
2.29036 2.60651
1.17633 1.53265
1.83465 1.32305
1.55829 1.60688
1.66987 0.567993
1.31401 2.34346
1.58821 -0.356817
-0.577711 2.36238
2.27702 2.71707
1.18841 1.42883
1.8089 1.51304
1.58979 1.31489
1.70545 1.00435
1.6092 1.71591
1.63204 0.558517
1.32739 2.35284
1.57379 -0.362727
-0.585957 2.40689
2.28242 2.67561
1.1846 1.46859
1.82057 1.4327
1.58058 1.43874
1.69446 0.813503
1.52806 2.01095
1.57246 0.137281
0.402458 2.27563
0.51185 4.23738
0.192481 3.35582
0.665335 3.81241
-0.134645 3.08935
1.24565 3.81589
1.57853 -1.0407
-0.114507 4.32912
1.56836 3.36228
1.20093 -0.571267
0.100544 4.45317
1.03179 3.40891
1.94709 0.498354
0.666659 2.26932
-0.312924 3.05636
1.64972 3.64942
1.11545 -0.574884
0.376766 4.73809
0.585119 3.20626
-0.0923412 3.40855
1.13301 3.7211
1.82177 -0.423738
-0.634619 2.30964
2.36662 2.36224
1.05843 1.75732
1.77971 1.84387
1.56953 0.911054
1.6627 1.71867
1.61981 0.686172
1.48421 2.16829
1.53889 -0.0577912
-0.158397 2.06488
1.58983 4.04437
1.10057 -1.04808
1.04339 5.26395
0.550638 2.80286
-0.01932 3.63335
0.986305 3.64807
1.9062 1.65093
1.51804 1.48254
1.70922 0.662672
1.38577 2.2469
1.56099 -0.24759
-0.480019 2.18365
2.15327 3.18032
1.18619 0.875881
1.04566 2.60103
1.89916 0.471747
0.762607 2.32088
-0.1137 2.38361
1.38898 4.0378
1.34932 -1.30121
0.741099 5.19864
0.396205 2.93978
0.397327 3.9865
0.333167 3.51883
0.446738 3.76255
0.258398 3.61295
0.540492 3.70232
0.0813494 3.50907
0.805108 3.70576
0.132252 2.50538
0.959444 4.16009
1.16724 2.8273
1.68155 -0.514625
-0.646022 2.62736
2.34294 2.30335
1.0703 1.79088
1.82222 1.63232
1.57721 1.23471
1.71472 1.11195
1.62902 1.56642
1.65766 0.757743
1.52068 2.0658
1.55854 0.0821296
0.232339 2.19391
0.901934 4.31927
0.333512 2.60915
0.590919 4.16029
0.0641693 3.30284
0.857765 3.7934
0.554706 2.65277
-0.0270725 3.65611
1.00442 3.64036
1.95011 1.28779
1.39576 1.96052
1.63973 0.00547973
0.107288 2.11373
1.13367 4.27996
1.99271 0.655672
0.755674 2.27351
-0.180632 2.4086
1.50327 3.96683
1.17949 -1.15274
0.967345 5.26648
0.401115 2.79322
0.40596 4.03709
0.322515 3.49115
0.465316 3.77604
0.227772 3.59335
0.583967 3.70399
-0.0088352 3.39489
0.968642 3.73845
1.78445 2.16089
1.50609 0.689457
1.5063 2.20887
1.52069 -0.0449577
-0.158952 2.07056
1.58853 4.04305
1.10162 -1.04967
1.04255 5.26413
0.548216 2.80236
-0.0117574 3.64464
0.971501 3.64392
1.8508 1.92272
1.53482 1.06744
1.72203 1.38354
1.64276 1.20809
1.68435 1.26367
1.66383 1.27102
1.67458 1.21334
1.66751 1.32209
1.67173 1.14982
1.66406 1.41363
1.66711 1.02111
1.64346 1.61686
1.64442 0.737824
1.5148 2.09049
1.55288 0.0530086
0.144549 2.15431
1.06039 4.29084
1.83841 2.06517
1.51622 0.919045
1.68383 1.7036
1.618 0.75609
1.54649 2.0445
1.5589 0.149121
0.417933 2.28706
0.466617 4.21176
0.251646 3.38781
0.579418 3.81557
0.0204891 3.3958
0.916671 3.743
1.32707 2.76216
1.47249 -0.643129
-0.444473 3.58587
2.03572 2.95048
1.28223 0.833988
1.38764 2.45873
1.49982 -0.394934
-0.604819 2.70442
2.27675 2.55691
1.18708 1.55995
1.84288 1.17542
1.5174 1.80631
1.6324 0.291865
0.832081 2.43866
0.690663 2.62996
-0.299477 2.71654
1.66228 3.74849
1.09201 -0.622683
0.518149 4.86731
0.41543 3.10139
0.338281 3.90469
0.413723 3.56178
0.316147 3.72162
0.452508 3.65703
0.24734 3.65324
0.551294 3.67837
0.0557511 3.48899
0.848555 3.70985
0.548441 2.64476
-0.00610725 3.68885
0.963462 3.62812
1.81885 2.03913
1.52558 0.878396
1.6616 1.7902
1.60487 0.619113
1.4183 2.27485
1.53453 -0.232606
-0.482723 2.20214
2.15329 3.17256
1.18824 0.882346
1.0742 2.60111
1.86378 0.195943
0.336076 2.15368
0.711106 4.33645
-0.0526583 3.01556
1.10273 3.87371
1.93248 0.101148
-0.0114239 1.96876
1.37871 4.22351
1.42882 -1.33936
0.61241 5.12989
0.513863 3.0391
0.091786 3.72096
0.779524 3.61442
0.00589374 2.4982
1.15113 4.0894
1.91178 -0.120156
-0.357273 1.93357
2.01061 3.59199
1.09138 0.288533
-0.503277 2.89187
2.08429 3.07575
1.23698 0.839445
1.22572 2.56374
1.63399 -0.467314
-0.629549 2.56909
2.32568 2.41548
1.11804 1.70628
1.84734 1.36038
1.55087 1.60155
1.67331 0.561159
1.30195 2.35114
1.59743 -0.361735
-0.578748 2.35677
2.27958 2.71021
1.18646 1.43709
1.81061 1.50466
1.5888 1.32917
1.70467 0.981425
1.60212 1.75158
1.6253 0.508945
1.25745 2.405
1.63076 -0.37926
-0.58426 2.3421
2.29048 2.67582
1.17751 1.47592
1.81832 1.46567
1.58332 1.39531
1.69957 0.877265
1.56096 1.91381
1.59226 0.279483
0.793376 2.44008
0.229359 2.43279
0.830505 4.23026
0.00160648 2.59569
1.1261 4.05322
1.9461 0.134909
0.0182556 1.9747
1.3285 4.24911
1.55131 -1.21629
0.184866 4.73554
1.08525 3.34781
1.85102 -0.181369
-0.377434 1.96779
2.0351 3.5325
1.10773 0.383891
-0.48202 2.52645
2.08209 3.21673
1.19836 0.725203
0.707396 2.51245
-0.291287 2.61826
1.66613 3.77863
1.08512 -0.638158
0.561031 4.90338
0.371686 3.06939
0.432545 3.95462
0.283165 3.52881
0.516547 3.75178
0.134132 3.54087
0.721089 3.70319
-0.185557 2.76125
1.4113 3.88153
1.28637 -1.21528
0.777399 5.19354
0.349808 2.90659
0.499408 4.03307
0.188175 3.45663
0.655375 3.76093
-0.131911 3.12333
1.23555 3.80592
1.59887 -1.00637
-0.193257 4.20811
1.70077 3.29096
1.19626 -0.196894
-0.373547 3.59116
1.8678 3.25839
1.20633 0.235657
-0.433868 2.32309
2.03277 3.39817
1.15201 0.489393
-0.216763 2.19356
1.64797 3.94777
1.06791 -0.828838
0.862503 5.13385
0.244429 2.8161
0.702831 4.07868
-0.114081 2.99765
1.2197 3.85538
1.65136 -0.928166
-0.361513 3.90896
1.96473 3.00079
1.28054 0.637674
0.928835 2.56056
1.72786 2.16794
1.50877 0.521427
1.25819 2.45465
1.61759 -0.421455
-0.612087 2.47221
2.31204 2.52462
1.14908 1.61527
1.84245 1.32129
1.55022 1.63187
1.66665 0.525928
1.25809 2.3847
1.63514 -0.36247
-0.569672 2.2968
2.27637 2.75055
1.18757 1.40014
1.79584 1.59812
1.59343 1.18606
1.70743 1.21582
1.64793 1.395
1.67528 1.00721
1.63377 1.65486
1.63947 0.675641
1.46174 2.19086
1.54004 -0.110986
-0.272748 2.06682
1.80239 3.84446
1.03753 -0.368934
0.353298 4.67171
0.582745 3.22845
-0.0833639 3.41906
1.11387 3.71899
1.86537 -0.24043
-0.476592 2.01458
2.19367 3.14365
1.17837 0.965937
1.21696 2.58541
1.64169 -0.469007
-0.630605 2.55999
2.32813 2.40908
1.11399 1.71218
1.84599 1.38329
1.55495 1.57162
1.67852 0.602849
1.35043 2.3057
1.56837 -0.317606
-0.552892 2.3092
2.24762 2.84606
1.20153 1.288
1.74881 1.80951
1.58331 0.8468
1.62485 1.85532
1.59598 0.471515
1.20203 2.4444
1.69276 -0.31648
-0.510558 2.14765
2.21428 3.02502
1.19419 1.09437
1.52669 2.34585
1.47636 -0.0898684
-0.333112 2.10761
1.90325 3.69842
1.06723 -0.0170853
-0.212111 3.87883
1.54418 3.48708
1.18602 -0.71136
0.348605 4.74419
0.652812 3.22612
-0.229259 3.01359
1.45898 3.77481
1.2217 -1.08708
0.771521 5.15389
0.313652 2.90364
0.567893 4.04523
0.0804065 3.37192
0.82245 3.76718
0.227788 2.52959
0.804679 4.19218
-0.0632839 2.64708
1.21556 3.99837
1.71518 -0.828523
-0.52387 3.527
2.18344 2.55124
1.27197 1.43942
1.82381 1.00213
1.47649 1.97354
1.59848 0.0787887
0.270589 2.202
0.829754 4.32516
-0.0202159 2.6367
1.14778 4.0265
1.8941 -0.19811
-0.448506 1.97954
2.15683 3.25746
1.16373 0.816814
0.736154 2.53265
-0.186462 2.44836
1.50133 3.95275
1.18086 -1.14531
0.954435 5.25922
0.382197 2.79463
0.449487 4.05594
0.262925 3.47246
0.551597 3.77589
0.0688688 3.46889
0.828874 3.72107
0.327262 2.55688
0.616082 4.18335
0.0304525 3.25268
0.919018 3.80545
1.27213 2.78556
1.52864 -0.666852
-0.4964 3.46754
2.11768 2.78127
1.28967 1.13359
1.74636 1.71822
1.59913 0.920019
1.65241 1.7168
1.62243 0.661547
1.45779 2.20914
1.53617 -0.130084
-0.315996 2.07841
1.88077 3.74118
1.05616 -0.102119
-0.0697358 4.12694
1.27412 3.50339
1.46997 -1.04044
0.0885058 4.57092
1.18472 3.397
1.63679 -0.809171
-0.477423 3.60833
2.11274 2.74499
1.29831 1.1522
1.76178 1.62618
1.60614 1.05386
1.68751 1.46713
1.65254 1.01475
1.65162 1.6036
1.64465 0.771681
1.54099 2.03186
1.56361 0.147116
0.418612 2.28616
0.464976 4.21111
0.253816 3.38863
0.576299 3.81575
0.0266138 3.40376
0.905383 3.74083
1.19987 2.79715
1.63029 -0.586553
-0.625998 2.93854
2.29939 2.34814
1.13545 1.73915
1.8609 1.12534
1.47615 1.91181
1.61648 0.131825
0.425907 2.27557
0.447367 4.20412
0.277038 3.3966
0.542719 3.81727
0.0916582 3.47701
0.792021 3.72244
0.0329688 2.50667
1.10671 4.10287
1.98212 0.56239
0.655614 2.249
-0.290863 3.16107
1.59418 3.65681
1.13427 -0.715619
0.513646 4.88546
0.438423 3.1023
0.286137 3.87435
0.484911 3.57027
0.183481 3.64722
0.639821 3.66412
-0.128042 3.17688
1.2214 3.78974
1.62728 -0.953282
-0.301895 4.02041
1.87363 3.12825
1.24638 0.335778
-0.114774 2.15909
1.47451 4.084
1.22667 -1.27971
1.00873 5.31901
0.499114 2.81237
0.13927 3.82949
0.702301 3.57003
-0.206695 2.80759
1.44435 3.85075
1.24037 -1.16033
0.820474 5.20107
0.322363 2.87072
0.558279 4.05742
0.0980969 3.38305
0.794117 3.7672
0.0238545 2.51363
1.1183 4.09499
1.96932 0.352494
0.350633 2.12057
0.688755 4.34278
-0.0269429 3.07446
1.04627 3.86041
1.97519 0.984942
1.16652 2.23698
1.78654 0.0305002
0.110467 2.0704
1.14531 4.29521
1.98812 0.508897
0.553204 2.20659
0.0462896 3.85305
0.876587 3.56573
1.06061 2.79112
1.87381 0.163526
0.246952 2.10557
0.906482 4.35469
0.330142 2.61162
0.597272 4.16059
0.0544216 3.29214
0.874613 3.79527
0.749555 2.73032
-0.0559097 2.41281
1.27964 4.07546
1.5886 -1.10648
-0.0382361 4.45207
1.45247 3.38786
1.2568 -0.841647
0.32869 4.75802
0.71314 3.24179
-0.209726 2.62244
1.4953 3.89152
1.18515 -1.10953
0.8976 5.22469
0.323365 2.81438
0.567333 4.08057
0.0871104 3.36255
0.813606 3.77334
0.151193 2.51437
0.928401 4.16646
0.803321 2.77207
0.489763 2.56243
0.193468 3.94296
0.62045 3.52195
-0.121168 3.24856
1.20067 3.76822
1.67058 -0.862826
-0.454566 3.69599
2.09122 2.77451
1.3032 1.085
1.72725 1.78763
1.59231 0.802308
1.5933 1.94722
1.57744 0.323873
0.891998 2.4695
1.40902 2.6287
1.44154 -0.472763
-0.548406 3.1764
2.17795 2.70847
1.26473 1.30237
1.80451 1.38291
1.59049 1.44694
1.68978 0.820609
1.53708 1.9935
1.57531 0.168214
0.490209 2.31878
0.23851 4.04011
0.557714 3.479
0.013431 3.50031
0.921491 3.69945
1.43045 2.70171
1.41101 -0.481382
-0.505837 3.33438
2.11316 2.84189
1.28062 1.07718
1.69851 1.91778
1.57062 0.614678
1.42135 2.29126
1.52823 -0.240134
-0.497543 2.22756
2.17284 3.10965
1.19607 0.964572
1.30446 2.54547
1.54472 -0.509151
-0.608186 2.91753
2.27248 2.47453
1.18522 1.62113
1.84948 1.03662
1.45502 1.98838
1.60235 0.0363668
0.161103 2.14828
1.03638 4.30243
1.67228 2.47041
1.42926 0.191036
0.241243 2.23163
0.873597 4.30844
0.157387 2.57414
0.900891 4.14629
0.541579 2.67154
0.0144848 3.71188
0.923433 3.61876
1.53113 2.60683
1.40144 -0.22821
-0.572064 2.58033
2.23618 2.76351
1.21799 1.34325
1.79643 1.54434
1.59626 1.24318
1.70635 1.12598
1.63777 1.52597
1.66191 0.823538
1.56287 1.95618
1.58033 0.249836
0.711279 2.41546
-0.301302 2.61876
1.68739 3.76052
1.08192 -0.571264
0.480313 4.82563
0.450231 3.13041
0.256954 3.84617
0.525706 3.57946
0.0985165 3.56948
0.772977 3.6819
-0.0536735 2.52829
1.23682 4.04227
1.68 -0.923453
-0.397081 3.84594
2.02028 2.90232
1.298 0.834626
1.43499 2.40866
1.48803 -0.298355
-0.575193 2.46286
2.25704 2.74318
1.20346 1.38556
1.80315 1.52507
1.59307 1.28427
1.70614 1.0563
1.62346 1.63411
1.64624 0.672542
1.45392 2.19815
1.54092 -0.128304
-0.306153 2.07377
1.86363 3.76604
1.05052 -0.161233
0.0272318 4.27225
1.09566 3.46421
1.84698 -0.239369
-0.459427 2.01171
2.16565 3.22086
1.17051 0.86074
0.906046 2.585
1.58868 2.44694
1.43867 -0.00719173
-0.244118 2.09798
1.73602 3.90411
1.03941 -0.578966
0.627482 4.93702
0.296857 3.02053
0.574891 3.9959
0.0603251 3.37239
0.853661 3.76165
0.546531 2.64729
-3.10354e-05 3.69699
0.951665 3.62492
1.75172 2.23525
1.49102 0.546246
1.28728 2.44591
1.58728 -0.433281
-0.617656 2.56904
2.30858 2.49092
1.14879 1.63903
1.84773 1.26272
1.53373 1.71555
1.65132 0.408587
1.07194 2.45404
1.87787 0.376631
0.655013 2.29475
-0.292602 3.13831
1.59858 3.66081
1.13169 -0.708111
0.511204 4.88178
0.439717 3.10426
0.283001 3.87173
0.489251 3.57108
0.174715 3.64033
0.652895 3.66529
-0.149533 3.11416
1.27334 3.80096
1.51427 -1.11648
0.109737 4.62112
1.17642 3.38472
1.65349 -0.774802
-0.524896 3.47315
2.17436 2.60366
1.27643 1.38143
1.81951 1.12303
1.53018 1.8103
1.62763 0.309943
0.873614 2.44992
1.20568 2.71624
1.63388 -0.544118
-0.636008 2.79868
2.31766 2.33433
1.10998 1.75991
1.85555 1.30236
1.53294 1.69191
1.65748 0.431845
1.11134 2.44557
1.82664 0.0796989
0.161859 2.08066
1.06012 4.32476
1.80237 2.18228
1.49932 0.728018
1.54683 2.13965
1.53178 0.0832381
0.191555 2.18152
0.975248 4.30712
1.07111 2.83753
1.85557 0.0385306
0.0250151 2.01122
1.30268 4.24627
1.61235 -1.11741
-0.0602511 4.43131
1.49989 3.37375
1.22846 -0.735948
0.256599 4.66185
0.799926 3.2972
0.344943 2.53362
0.584367 4.18496
0.0789068 3.30592
0.83477 3.7965
0.312615 2.55755
0.645391 4.18713
-0.012302 3.18857
1.00056 3.81992
1.89294 1.76162
1.52749 1.3385
1.72766 0.885694
1.53746 1.94545
1.58871 0.206715
0.605672 2.36946
-0.166949 3.46938
1.30631 3.67953
1.42923 -1.1329
0.31462 4.82801
0.826247 3.25936
0.68146 2.67294
-0.300823 2.78026
1.65328 3.73452
1.09766 -0.633297
0.514724 4.86708
0.421271 3.10358
0.325195 3.89704
0.43153 3.56439
0.284945 3.7086
0.495722 3.65833
0.166907 3.60242
0.667408 3.68198
-0.166487 3.0447
1.31806 3.8137
1.42848 -1.18733
0.39595 4.91657
0.722951 3.19839
-0.181611 2.55828
1.45785 3.93479
1.22978 -1.19887
0.898038 5.25021
0.347663 2.82377
0.518069 4.06783
0.163031 3.42622
0.694491 3.76749
-0.175509 2.932
1.35501 3.84177
1.36803 -1.216
0.578254 5.06699
0.501197 3.05738
0.127255 3.75467
0.720377 3.60241
-0.192011 2.71871
1.43463 3.88674
1.25516 -1.19574
0.829714 5.21602
0.332213 2.86692
0.540478 4.0563
0.126591 3.40702
0.748847 3.76475
-0.147582 2.65166
1.36549 3.94127
1.36836 -1.25841
0.637109 5.12048
0.458116 3.01479
0.242661 3.86996
0.545192 3.5643
0.0537219 3.52494
0.849386 3.69415
0.575843 2.65528
-0.0951324 3.54371
1.14408 3.67547
1.78233 -0.545998
-0.671735 2.62533
2.37641 2.12969
0.960007 1.89026
1.42498 2.5675
1.44899 -0.411746
-0.583516 2.94884
2.23207 2.61696
1.22908 1.45917
1.83128 1.16708
1.52923 1.7857
1.63446 0.331449
0.920757 2.45613
1.63436 2.35905
1.46086 0.155196
0.232082 2.21921
0.893832 4.31019
0.283458 2.59427
0.691323 4.17537
-0.0766356 3.05803
1.13773 3.84944
1.85141 -0.344621
-0.584789 2.15754
2.32616 2.62561
1.14342 1.54421
1.81439 1.55683
1.58528 1.28598
1.70926 1.04135
1.61702 1.66435
1.64157 0.626926
1.40808 2.26473
1.54284 -0.237835
-0.482196 2.1967
2.15374 3.17364
1.18778 0.882157
1.07101 2.60124
1.86824 0.223687
0.382737 2.17544
0.592898 4.29878
0.0891382 3.25839
0.827664 3.82135
0.226866 2.534
0.804924 4.19017
-0.062548 2.64537
1.21483 3.99936
1.71745 -0.823145
-0.530222 3.50826
2.19116 2.53139
1.266 1.46826
1.82594 0.960016
1.45154 2.0298
1.59157 -0.00294948
0.0479432 2.10327
1.22975 4.24052
1.79638 -0.664956
-0.662965 2.96468
2.35036 2.0783
0.973299 1.91742
1.55179 2.43113
1.44748 -0.084471
-0.374808 2.14115
1.97189 3.57848
1.10009 0.224958
-0.494933 3.0086
2.0654 3.07817
1.24144 0.800608
1.15691 2.57868
1.73468 -0.290855
-0.477753 2.08669
2.17526 3.16306
1.18178 0.923463
1.13744 2.5996
1.76328 -0.222571
-0.382121 2.00944
2.02927 3.527
1.11042 0.377822
-0.482224 2.52386
2.08293 3.21581
1.19842 0.727478
0.714436 2.51528
-0.27409 2.56943
1.64196 3.81483
1.08833 -0.727035
0.670197 5.00008
0.28878 2.98224
0.595452 4.01261
0.028035 3.327
0.911998 3.77336
1.23448 2.79296
1.57803 -0.642902
-0.565322 3.24623
2.21451 2.55443
1.24525 1.48565
1.83181 1.0152
1.47121 1.97493
1.59999 0.0699231
0.248177 2.1905
0.874962 4.32506
0.153945 2.57626
0.905373 4.14379
0.590845 2.69125
-0.142041 3.44506
1.24502 3.6971
1.55177 -1.03767
-0.0737845 4.37928
1.49018 3.3902
1.23124 -0.767315
0.294125 4.70649
0.747794 3.2683
-0.0778476 2.48124
1.29313 4.04004
1.54304 -1.16194
0.12114 4.65044
1.17594 3.37779
1.65387 -0.771749
-0.527894 3.46328
2.17805 2.59502
1.27416 1.39479
1.821 1.10018
1.52078 1.84316
1.62137 0.263406
0.764195 2.42212
-0.0504517 2.38161
1.2816 4.08837
1.58932 -1.10926
-0.0354504 4.45658
1.44845 3.38822
1.25977 -0.849426
0.331602 4.76273
0.710745 3.23958
-0.215055 2.63558
1.50259 3.88282
1.17777 -1.08981
0.891655 5.2165
0.315217 2.81591
0.58228 4.08176
0.0631077 3.33793
0.854076 3.77758
0.532345 2.64238
0.0467577 3.7614
0.864006 3.59858
0.865095 2.7564
1.25939 2.72296
1.55674 -0.619877
-0.562896 3.23462
2.20913 2.57876
1.24955 1.45792
1.82952 1.06097
1.49479 1.91321
1.60966 0.158364
0.492314 2.31046
0.233524 4.0374
0.565189 3.48003
-0.00414084 3.47523
0.954951 3.70754
1.71722 2.32469
1.46905 0.394956
0.926076 2.50812
1.69209 2.24835
1.48957 0.372009
0.907036 2.49871
1.55637 2.48407
1.43175 -0.103716
-0.431942 2.19589
2.06313 3.3857
1.15082 0.555644
-0.0792506 2.19294
1.4 4.11254
1.34971 -1.33211
0.782033 5.23148
0.388648 2.91291
0.417533 4.0041
0.305612 3.50699
0.487825 3.76665
0.188257 3.57493
0.640119 3.70168
-0.12021 3.18168
1.2047 3.79103
1.66755 -0.876045
-0.437637 3.73829
2.06917 2.81866
1.30317 1.00446
1.66427 2.00426
1.55398 0.457659
1.16776 2.47251
1.73694 -0.235625
-0.395884 2.02752
2.04837 3.48259
1.1221 0.449564
-0.394209 2.31769
1.95683 3.53712
1.11487 0.228138
-0.509334 2.89157
2.09639 3.04653
1.24086 0.885223
1.33877 2.50986
1.52209 -0.472364
-0.606389 2.87243
2.27056 2.50334
1.18973 1.59649
1.84718 1.06649
1.4721 1.94795
1.60751 0.0942971
0.31979 2.22426
0.72405 4.31462
-0.0705005 2.97466
1.14302 3.88174
1.8503 -0.359385
-0.597637 2.18388
2.3389 2.55805
1.12541 1.60514
1.81974 1.55417
1.58206 1.30548
1.70928 1.0063
1.60658 1.72032
1.63162 0.548391
1.31342 2.36431
1.58306 -0.37344
-0.590497 2.41454
2.28816 2.64987
1.17944 1.49521
1.82589 1.39927
1.57435 1.49268
1.68769 0.732707
1.47417 2.1315
1.55301 -0.0483886
-0.114809 2.06681
1.51156 4.09895
1.1816 -1.24083
1.0712 5.32767
0.654927 2.84312
-0.275506 2.96882
1.5691 3.73208
1.13605 -0.832491
0.668315 5.02455
0.312128 2.98244
0.555975 4.01171
0.095019 3.4005
0.796274 3.75828
0.0410878 2.50991
1.09334 4.10657
1.98741 0.806542
0.96051 2.29681
1.7675 2.01016
1.54085 0.744692
1.56466 2.06998
1.54841 0.169589
0.459894 2.31091
0.337311 4.12333
0.420341 3.44415
0.308661 3.7669
0.459536 3.63183
0.234302 3.65665
0.568616 3.67308
0.0182428 3.4438
0.916322 3.72288
1.34785 2.75161
1.4557 -0.620911
-0.442004 3.58113
2.02884 2.96766
1.27938 0.806416
1.3254 2.50396
1.53525 -0.47484
-0.611364 2.83794
2.27942 2.48322
1.17876 1.62102
1.84993 1.08088
1.47423 1.93734
1.60981 0.106541
0.35426 2.24111
0.64209 4.29412
0.0192785 3.18165
0.949221 3.83203
1.55242 2.5998
1.39963 -0.176128
-0.546406 2.44452
2.21258 2.90041
1.21732 1.19704
1.70438 1.95413
1.56163 0.60346
1.40721 2.31281
1.52939 -0.27305
-0.532711 2.29199
2.21811 2.94958
1.20594 1.16325
1.64851 2.11587
1.52655 0.339868
0.883139 2.48302
1.33028 2.67685
1.48851 -0.587691
-0.517602 3.35857
2.14028 2.75541
1.28198 1.19753
1.7739 1.58013
1.60546 1.13694
1.69898 1.3173
1.65621 1.23286
1.67813 1.25303
1.66699 1.27175
1.67299 1.21938
1.66869 1.30954
1.67158 1.1699
1.66617 1.38188
1.66893 1.06681
1.65291 1.5429
1.65452 0.840502
1.5787 1.9183
1.58762 0.313762
0.873587 2.46254
1.21445 2.71527
1.62073 -0.560526
-0.628811 2.87797
2.30449 2.35502
1.13071 1.73761
1.85979 1.1693
1.49339 1.85792
1.62577 0.20581
0.622319 2.3663
-0.216877 3.3542
1.419 3.68425
1.26589 -1.0862
0.653266 5.08092
0.387873 2.99576
0.408547 3.97245
0.317456 3.52497
0.468909 3.75881
0.221057 3.59729
0.59264 3.7
-0.0276587 3.36727
1.00558 3.74624
1.93334 1.48846
1.47404 1.72194
1.67018 0.318003
0.878724 2.43687
1.25206 2.70398
1.56996 -0.601701
-0.58473 3.13835
2.2392 2.50766
1.22139 1.55717
1.83973 0.969635
1.43546 2.04603
1.59378 -0.0364539
-0.0339861 2.07441
1.37178 4.18006
1.42601 -1.3258
0.599633 5.11675
0.521257 3.04781
0.0710684 3.6946
0.815323 3.6245
0.279565 2.53334
0.714302 4.19961
-0.0935508 2.98433
1.18324 3.86884
1.74641 -0.709458
-0.62676 3.1347
2.3044 2.22652
1.09797 1.8253
1.86297 1.26025
1.51516 1.76131
1.64513 0.331994
0.919483 2.45235
1.62375 2.37736
1.45615 0.118003
0.113972 2.1668
1.10339 4.26781
1.98269 1.16729
1.27466 2.12759
1.68613 -0.133656
-0.203992 2.01241
1.69453 3.97749
1.04211 -0.745882
0.8335 5.09884
0.222907 2.83693
0.731102 4.06386
-0.135423 2.87558
1.28583 3.88393
1.5088 -1.15088
0.1709 4.69685
1.07944 3.35619
1.8641 -0.12219
-0.294902 1.94504
1.89101 3.77858
1.04398 -0.112773
-0.0135464 4.20814
1.16644 3.4855
1.6885 -0.736676
-0.58048 3.29465
2.24523 2.41474
1.20852 1.63815
1.84363 0.854165
1.35247 2.17947
1.60323 -0.214103
-0.397409 2.0879
2.03151 3.49163
1.12177 0.411297
-0.436971 2.38661
2.0233 3.39269
1.15513 0.475593
-0.229622 2.19508
1.67196 3.92686
1.05893 -0.752926
0.792515 5.07918
0.228429 2.87487
0.713637 4.04907
-0.13007 2.94477
1.26096 3.86499
1.55784 -1.08573
-0.0158445 4.4693
1.40025 3.39983
1.30038 -0.936449
0.346606 4.79949
0.711796 3.22894
-0.212947 2.62641
1.50075 3.88713
1.17962 -1.09645
0.895317 5.22002
0.318792 2.81438
0.575936 4.08166
0.0733902 3.34867
0.836566 3.77566
0.350182 2.56921
0.564666 4.16807
0.105717 3.33799
0.789758 3.7904
-0.010174 2.52559
1.16724 4.07035
1.86793 -0.340513
-0.590829 2.15598
2.33497 2.58953
1.13237 1.57827
1.8165 1.56256
1.58381 1.28667
1.70983 1.03803
1.61565 1.67079
1.64053 0.61732
1.39759 2.27803
1.54486 -0.259169
-0.506727 2.23206
2.18755 3.06661
1.19926 1.02224
1.42875 2.45639
1.47755 -0.338014
-0.594132 2.60949
2.26856 2.63315
1.19692 1.48957
1.83191 1.28967
1.55588 1.63832
1.6635 0.528828
1.26479 2.38215
1.62813 -0.367006
-0.575101 2.31742
2.28091 2.72397
1.18493 1.4269
1.80526 1.54387
1.5912 1.271
1.70759 1.07395
1.62655 1.60936
1.65033 0.705581
1.48254 2.14757
1.5455 -0.0460179
-0.120483 2.06811
1.52097 4.09212
1.16979 -1.22067
1.07585 5.32306
0.668866 2.84564
-0.284763 2.86204
1.60407 3.74384
1.11611 -0.759706
0.629566 4.98087
0.329008 3.01411
0.520725 3.9952
0.151021 3.45228
0.707543 3.75082
-0.183602 2.85593
1.3864 3.85753
1.32008 -1.21791
0.697425 5.14704
0.394664 2.96697
0.397394 3.97753
0.332956 3.52358
0.446567 3.7602
0.258651 3.6141
0.540029 3.70178
0.0822305 3.51019
0.803602 3.70543
0.121095 2.50411
0.976377 4.15456
1.36114 2.77452
1.43935 -0.621683
-0.414955 3.64513
1.98595 3.03886
1.26733 0.66
0.924279 2.56319
1.70305 2.2299
1.4941 0.413216
1.01483 2.51013
1.91507 0.941529
1.2753 2.20161
1.665 -0.2108
-0.358434 2.04216
1.97407 3.61304
1.08853 0.200505
-0.467415 3.1637
2.01277 3.13927
1.23469 0.646648
0.705082 2.50246
-0.297418 2.63746
1.67476 3.7649
1.08485 -0.605709
0.517852 4.86319
0.412674 3.10212
0.344245 3.90747
0.405618 3.56084
0.329931 3.72638
0.433309 3.65616
0.280639 3.66832
0.505009 3.67867
0.150177 3.58171
0.69353 3.68771
-0.189132 2.90604
1.38814 3.83926
1.31521 -1.20745
0.695015 5.14244
0.392892 2.96825
0.40111 3.97871
0.327851 3.5226
0.454138 3.76059
0.246136 3.60867
0.557477 3.70126
0.046113 3.46955
0.866288 3.71654
0.751256 2.7262
-0.044414 2.41055
1.26146 4.0843
1.63671 -1.02467
-0.221822 4.1781
1.75996 3.2374
1.21079 -0.0142898
-0.527949 2.95499
2.13141 2.93208
1.2543 1.04037
1.61956 2.14985
1.5196 0.244468
0.621423 2.39516
-0.216971 3.34655
1.41877 3.6866
1.26615 -1.08799
0.655053 5.0826
0.386898 2.99443
0.410777 3.97379
0.314371 3.52393
0.473436 3.75906
0.21323 3.59295
0.603774 3.69993
-0.0506394 3.32873
1.05228 3.75686
1.97034 0.65088
0.820181 2.29894
0.42213 2.5036
0.403197 4.1187
0.330014 3.44771
0.459066 3.7975
0.238836 3.58915
0.569486 3.70934
0.0223382 3.43668
0.909722 3.72643
1.26904 2.78141
1.53329 -0.663061
-0.505271 3.44129
2.13027 2.75444
1.28763 1.17931
1.76872 1.60241
1.60576 1.09857
1.69475 1.38541
1.65605 1.13333
1.67156 1.40871
1.66451 1.04553
1.65125 1.57066
1.65048 0.805916
1.56046 1.97602
1.57533 0.229426
0.654108 2.39409
-0.294432 3.09284
1.60416 3.67096
1.12761 -0.702467
0.516023 4.88421
0.433076 3.10084
0.298629 3.8826
0.467745 3.5681
0.217438 3.67133
0.590348 3.66092
-0.0302629 3.37667
1.00973 3.74222
1.94352 1.39893
1.44121 1.83767
1.65214 0.161871
0.514209 2.30913
0.159796 3.96507
0.67827 3.51169
-0.209114 2.92874
1.42664 3.81656
1.26033 -1.16043
0.769336 5.17317
0.335782 2.90917
0.526095 4.03761
0.147128 3.4303
0.716161 3.76022
-0.182087 2.8141
1.39219 3.87024
1.31295 -1.22174
0.720262 5.16218
0.380665 2.94991
0.429753 3.9964
0.288271 3.5084
0.511981 3.76321
0.143805 3.54439
0.706547 3.70406
-0.19011 2.84099
1.4029 3.85645
1.29558 -1.20742
0.743802 5.17199
0.362371 2.9313
0.470347 4.01639
0.230584 3.48303
0.59406 3.76136
-0.0186863 3.35948
0.989671 3.75075
1.88147 1.80562
1.53229 1.26308
1.73204 1.01463
1.58893 1.75406
1.62758 0.477627
1.20568 2.42951
1.69099 -0.311853
-0.505022 2.14149
2.20666 3.05049
1.19309 1.06259
1.47311 2.41363
1.4714 -0.236717
-0.540328 2.35639
2.21802 2.92162
1.21063 1.18667
1.68246 2.02494
1.54715 0.49169
1.22845 2.45334
1.65494 -0.380713
-0.581422 2.31123
2.29162 2.6864
1.17649 1.46818
1.81471 1.49449
1.58614 1.35279
1.70345 0.942374
1.58814 1.81316
1.61314 0.422391
1.11026 2.46323
1.82579 0.0669947
0.135704 2.06881
1.10629 4.31244
1.97614 1.2806
1.34548 2.02473
1.65389 -0.0711608
-0.0738176 2.04487
1.45012 4.14739
1.27505 -1.34004
0.968436 5.32225
0.449884 2.81901
0.279119 3.9519
0.493935 3.52799
0.162639 3.64589
0.669937 3.65959
-0.174229 3.02473
1.33727 3.81507
1.39412 -1.20049
0.494289 5
0.593605 3.12154
-0.124569 3.36811
1.20325 3.72738
1.65316 -0.885627
-0.412688 3.79126
2.03345 2.88924
1.29807 0.8737
1.49761 2.3351
1.48641 -0.142387
-0.408075 2.14776
2.0327 3.46585
1.13006 0.434653
-0.389556 2.30716
1.95056 3.55128
1.11072 0.203815
-0.499594 2.99177
2.07491 3.06198
1.24326 0.831807
1.23678 2.55804
1.62036 -0.479323
-0.63093 2.63064
2.32171 2.40183
1.11993 1.7141
1.85061 1.32324
1.54203 1.65358
1.66404 0.488109
1.20228 2.41468
1.699 -0.28931
-0.474759 2.10287
2.16569 3.18179
1.18092 0.893602
1.05883 2.60303
1.88417 0.335033
0.561913 2.2543
0.00346574 3.78549
0.955584 3.59439
1.79283 2.11824
1.51441 0.743333
1.56415 2.09221
1.54225 0.152996
0.404176 2.28447
0.504803 4.23167
0.201505 3.36239
0.651957 3.81234
-0.114532 3.14827
1.19701 3.80437
1.69039 -0.830579
-0.503711 3.57042
2.15531 2.62916
1.28817 1.32676
1.81198 1.20875
1.56116 1.68123
1.65197 0.492919
1.21823 2.41306
1.67777 -0.325239
-0.522922 2.17435
2.22809 2.97062
1.19635 1.15841
1.61871 2.18788
1.50923 0.218152
0.528721 2.35494
0.0996856 3.88855
0.776971 3.54628
0.018197 2.48817
1.13545 4.10034
1.94569 0.111051
-0.0246655 1.95875
1.40449 4.21285
1.37371 -1.36549
0.771765 5.23639
0.405578 2.92349
0.378114 3.98267
0.359351 3.5217
0.406989 3.75924
0.321031 3.6332
0.453056 3.7039
0.246998 3.63349
0.553708 3.68858
0.0521321 3.48118
0.855229 3.71259
0.622868 2.67596
-0.229 3.23451
1.4448 3.71095
1.23717 -1.06624
0.702029 5.1068
0.345168 2.95756
0.500061 4.01404
0.185515 3.4643
0.657918 3.75622
-0.136867 3.11057
1.24738 3.80797
1.57248 -1.04688
-0.0959523 4.35545
1.53593 3.37414
1.21076 -0.655348
0.192251 4.57573
0.888364 3.34575
1.39113 2.70314
1.43392 -0.542517
-0.485553 3.42815
2.08739 2.87748
1.28385 0.998024
1.62868 2.10993
1.52967 0.293289
0.768574 2.45019
-0.00176875 2.38252
1.20291 4.12214
1.80404 -0.605594
-0.677868 2.78786
2.37356 2.04928
0.923625 1.92505
1.14519 2.68946
1.73743 -0.332401
-0.530179 2.1474
2.24614 2.92496
1.1923 1.21925
1.67475 2.05977
1.53913 0.446683
1.13726 2.48547
1.78146 -0.113992
-0.194195 1.97912
1.69015 3.99477
1.04179 -0.772576
0.867841 5.12222
0.235034 2.80821
0.719456 4.07972
-0.126893 2.93075
1.25759 3.87114
1.56726 -1.07471
-0.0478348 4.42675
1.45644 3.39235
1.25325 -0.836929
0.331908 4.7598
0.707087 3.23924
-0.222263 2.65714
1.51173 3.87008
1.1691 -1.06288
0.879954 5.20364
0.303225 2.82078
0.603127 4.08145
0.0290414 3.29822
0.914339 3.78577
1.24499 2.7914
1.56342 -0.653282
-0.544838 3.3201
2.18638 2.62342
1.26597 1.38569
1.82097 1.16029
1.53949 1.76684
1.63653 0.367608
0.996944 2.46234
1.90231 1.24793
1.45849 1.88134
1.6321 0.137026
0.446632 2.28163
0.385236 4.16415
0.357659 3.42389
0.418554 3.80586
0.302782 3.60678
0.480866 3.71517
0.19808 3.60202
0.62361 3.69088
-0.0921008 3.25164
1.14058 3.77563
1.82024 -0.446087
-0.647543 2.36077
2.37562 2.28806
1.02506 1.80529
1.70857 2.10221
1.52611 0.510515
1.25109 2.45125
1.62692 -0.411207
-0.605981 2.42813
2.30921 2.55857
1.15516 1.58649
1.83827 1.34629
1.55791 1.59061
1.67354 0.585841
1.33391 2.32427
1.57623 -0.338707
-0.567649 2.34248
2.26484 2.77083
1.19556 1.37106
1.78983 1.6207
1.59459 1.14492
1.70483 1.28832
1.65289 1.28685
1.67969 1.16647
1.66095 1.40455
1.6692 1.02518
1.64307 1.61358
1.64513 0.740298
1.51631 2.0867
1.5536 0.0586108
0.160802 2.16146
1.03208 4.2979
1.64555 2.51395
1.4171 0.097801
-0.0541017 2.11991
1.38659 4.15168
1.38664 -1.33694
0.703485 5.18746
0.433765 2.97042
0.306504 3.92765
0.456281 3.5452
0.239195 3.69315
0.558751 3.65539
0.0365839 3.47365
0.882166 3.71329
0.952414 2.78452
1.87149 1.65074
1.5454 1.37323
1.71657 0.852282
1.53018 1.97972
1.58082 0.165482
0.48847 2.31644
0.244791 4.0463
0.548625 3.47639
0.0346158 3.52916
0.882222 3.69
0.983234 2.78891
1.92408 1.14433
1.38097 2.03792
1.62567 -0.0759504
-0.100745 2.04718
1.49518 4.11796
1.20472 -1.27819
1.06028 5.33557
0.624989 2.83784
-0.226501 3.19029
1.43956 3.7266
1.24267 -1.08465
0.712548 5.11836
0.343414 2.94987
0.504665 4.01793
0.178722 3.4588
0.668033 3.75669
-0.151056 3.06251
1.28324 3.81664
1.49731 -1.13889
0.176459 4.69808
1.06412 3.35339
1.89332 0.0404764
-0.0419364 1.97306
1.42685 4.19301
1.32624 -1.36773
0.883907 5.29449
0.395657 2.85239
0.410146 4.02056
0.316278 3.49945
0.473441 3.77152
0.213731 3.58797
0.603641 3.70262
-0.0498187 3.32921
1.05067 3.75683
1.97112 0.678076
0.85408 2.30353
0.844683 2.67676
0.990014 2.73187
1.92413 1.07615
1.34504 2.10153
1.63162 -0.145905
-0.250502 2.03168
1.77374 3.8902
1.03248 -0.477084
0.515529 4.83257
0.393372 3.1084
0.384509 3.92347
0.350549 3.55315
0.417673 3.74495
0.304892 3.63628
0.47508 3.70017
0.207939 3.61411
0.608775 3.68758
-0.0633639 3.31013
1.07848 3.76128
1.94393 0.250716
0.240414 2.07621
0.928765 4.36285
0.50072 2.67215
0.14543 3.86935
0.694086 3.55278
-0.209328 2.8491
1.44143 3.8376
1.24319 -1.15549
0.806779 5.19243
0.323025 2.88051
0.555202 4.05317
0.102455 3.3888
0.786798 3.76584
-0.0154774 2.52395
1.17619 4.06766
1.8453 -0.436687
-0.651248 2.34341
2.38276 2.26114
1.00681 1.82101
1.64231 2.26422
1.48684 0.230919
0.51722 2.35512
0.139391 3.93343
0.710199 3.52568
-0.206172 2.74273
1.45771 3.86745
1.22535 -1.153
0.849495 5.21387
0.320017 2.84938
0.566734 4.06685
0.0858373 3.36754
0.814804 3.77071
0.162341 2.51586
0.91119 4.17138
0.609664 2.70075
-0.195231 3.321
1.36523 3.71082
1.33711 -1.15152
0.562272 5.0362
0.496258 3.06692
0.140773 3.76587
0.698577 3.59877
-0.203704 2.84129
1.43114 3.84475
1.2564 -1.17302
0.796318 5.19177
0.330648 2.88954
0.539301 4.04739
0.1273 3.41163
0.747153 3.76279
-0.150829 2.6585
1.36973 3.93691
1.36011 -1.25759
0.655514 5.13233
0.441484 3.00081
0.285223 3.90466
0.485558 3.55397
0.181404 3.65153
0.642425 3.66143
-0.133174 3.16418
1.23343 3.79194
1.59991 -1.00028
-0.202999 4.19154
1.71617 3.28028
1.19867 -0.15137
-0.423298 3.44647
1.95201 3.16511
1.2333 0.494893
0.243645 2.28159
0.853019 4.29088
0.0663305 2.58024
1.03291 4.0955
1.86832 1.92374
1.5276 1.12165
1.73184 1.27238
1.63592 1.37844
1.68159 1.00246
1.62767 1.67414
1.63695 0.641919
1.42797 2.24203
1.53935 -0.196676
-0.427435 2.13913
2.07117 3.39122
1.14746 0.565508
-0.0750199 2.1946
1.39219 4.11606
1.36486 -1.33043
0.744569 5.20979
0.40525 2.93968
0.376958 3.97694
0.360875 3.52479
0.404371 3.75751
0.325033 3.63482
0.44732 3.70345
0.256816 3.63814
0.540006 3.68875
0.0806491 3.51315
0.805874 3.7038
0.139415 2.50611
0.948565 4.16358
1.03748 2.82529
1.90521 0.384154
0.595699 2.26026
-0.11712 3.5915
1.20074 3.65674
1.64194 -0.88498
-0.401433 3.81124
2.0157 2.92363
1.29359 0.808972
1.37679 2.46295
1.50577 -0.409525
-0.606661 2.7293
2.27783 2.54092
1.18509 1.57382
1.84466 1.15415
1.50858 1.83663
1.6268 0.249091
0.730262 2.40886
-0.248508 2.49712
1.60913 3.86507
1.09794 -0.84761
0.799695 5.1066
0.246616 2.87104
0.686558 4.0555
-0.102544 3.05503
1.1872 3.84078
1.72665 -0.753913
-0.590439 3.29142
2.26097 2.35003
1.18213 1.70509
1.85229 0.861277
1.34194 2.1849
1.6096 -0.221598
-0.405215 2.08999
2.04528 3.46386
1.12874 0.459455
-0.360606 2.27667
1.90206 3.63687
1.08653 0.0318207
-0.32489 3.64082
1.75765 3.3826
1.16832 -0.115182
-0.389037 3.52747
1.88849 3.24615
1.21018 0.292752
-0.34416 2.22372
1.88597 3.67928
1.07448 -0.0382039
-0.210258 3.88698
1.54292 3.48567
1.18687 -0.713311
0.348821 4.74485
0.652924 3.22594
-0.229422 3.01281
1.45944 3.77487
1.22122 -1.08638
0.771861 5.15389
0.313328 2.90334
0.568531 4.04541
0.0793803 3.37083
0.824176 3.76739
0.242603 2.53357
0.778948 4.19451
-0.102329 2.73811
1.25773 3.94624
1.59117 -1.0626
-0.104131 4.35228
1.55809 3.36275
1.20436 -0.596081
0.125853 4.48831
0.991448 3.3925
1.94974 1.15153
1.33539 2.08295
1.6445 -0.127997
-0.205568 2.02671
1.69166 3.97451
1.04377 -0.749915
0.833677 5.09993
0.223706 2.83695
0.729886 4.06411
-0.135029 2.88091
1.2839 3.88249
1.51253 -1.14643
0.156997 4.6812
1.10269 3.36334
1.81566 -0.332722
-0.554162 2.13161
2.28695 2.79101
1.17683 1.37622
1.77025 1.74505
1.58772 0.967493
1.67533 1.61412
1.63625 0.821175
1.58022 1.93606
1.5826 0.303078
0.845418 2.45747
0.873961 2.69414
1.33816 2.68782
1.4788 -0.58934
-0.504386 3.3991
2.12072 2.79737
1.28535 1.12689
1.73887 1.75795
1.59476 0.862137
1.62778 1.82917
1.60183 0.500477
1.2507 2.41942
1.63517 -0.383951
-0.587009 2.34654
2.29386 2.66056
1.17442 1.49152
1.82155 1.44702
1.5804 1.42582
1.69644 0.830469
1.53701 1.98595
1.57746 0.173897
0.50787 2.32684
0.177468 3.9796
0.649828 3.50509
-0.177926 3.09294
1.3365 3.79208
1.39184 -1.19133
0.486474 4.9911
0.600135 3.1272
-0.14039 3.332
1.2387 3.73422
1.5735 -1.02128
-0.133413 4.29584
1.59596 3.35293
1.19499 -0.498306
0.0144437 4.33037
1.17674 3.45498
1.66085 -0.784078
-0.522741 3.48643
2.17295 2.60321
1.27753 1.37935
1.81918 1.12338
1.5307 1.809
1.62784 0.312062
0.8784 2.45084
1.2587 2.70292
1.56157 -0.605966
-0.575834 3.17622
2.22666 2.53906
1.23419 1.51532
1.83542 1.00051
1.45862 2.00055
1.59731 0.0308257
0.141706 2.14087
1.0698 4.29349
1.88047 1.90567
1.52409 1.17471
1.7365 1.16831
1.62189 1.53527
1.66524 0.776772
1.5288 2.04005
1.56399 0.116823
0.335478 2.24389
0.683923 4.3022
-0.0328576 3.08713
1.05397 3.85353
1.97712 0.828236
1.01453 2.29664
1.8933 1.25153
1.47271 1.85383
1.63434 0.180808
0.560587 2.33614
-0.00864176 3.75145
0.976416 3.607
1.88499 1.76056
1.53277 1.31426
1.72806 0.92978
1.55914 1.87771
1.60239 0.305567
0.860112 2.45493
1.05301 2.72557
1.88669 0.284973
0.459748 2.20639
0.365934 4.16877
0.384536 3.42132
0.374045 3.79842
0.367958 3.61933
0.386399 3.71046
0.353652 3.66232
0.40448 3.6902
0.326822 3.66721
0.442071 3.68683
0.265653 3.64907
0.527022 3.68527
0.106828 3.54093
0.762274 3.69662
-0.101699 2.5661
1.30703 3.99873
1.49775 -1.20151
0.267339 4.80794
0.932929 3.29675
1.78079 2.11613
1.51642 0.709046
1.53006 2.16011
1.52922 0.0345949
0.0551776 2.12351
1.2106 4.24022
1.84464 -0.490674
-0.675359 2.47384
2.39552 2.11291
0.925751 1.89263
1.11687 2.68936
1.78659 -0.1876
-0.334774 1.98411
1.95059 3.67421
1.07083 0.101813
-0.351287 3.56022
1.80195 3.35469
1.17615 0.0123407
-0.500363 3.10157
2.07911 3.01287
1.25474 0.877711
1.37646 2.47839
1.5018 -0.420116
-0.605602 2.77577
2.2733 2.53728
1.18934 1.57225
1.84471 1.12904
1.50008 1.86701
1.62103 0.207733
0.625845 2.36918
-0.227086 3.32678
1.44246 3.684
1.24015 -1.05194
0.674393 5.08535
0.361208 2.97875
0.465568 3.99774
0.236582 3.49435
0.584394 3.75741
6.5041e-05 3.38893
0.953113 3.74225
1.67548 2.41147
1.44563 0.232282
0.412524 2.31328
0.47443 4.20889
0.240648 3.38676
0.594692 3.81297
-0.00983279 3.35395
0.97415 3.75448
1.80588 2.09871
1.51651 0.796055
1.60936 1.97769
1.56703 0.338493
0.919708 2.47772
1.6381 2.35462
1.46197 0.167273
0.269864 2.23735
0.819575 4.31213
-0.0416885 2.65814
1.17613 4.00707
1.819 -0.519659
-0.676182 2.54597
2.38896 2.10641
0.93137 1.89745
1.18109 2.68253
1.6783 -0.458213
-0.628884 2.47405
2.33567 2.41951
1.10749 1.70818
1.83902 1.45559
1.56699 1.47029
1.69406 0.74872
1.48113 2.11293
1.55611 -0.0233269
-0.0491932 2.08112
1.39409 4.16457
1.3767 -1.34579
0.738245 5.211
0.414754 2.94565
0.354325 3.96336
0.391468 3.5314
0.355006 3.746
0.397247 3.64716
0.339792 3.69009
0.422193 3.67584
0.298882 3.66616
0.480526 3.6835
0.197226 3.61406
0.623569 3.68454
-0.0934003 3.25125
1.14323 3.77543
1.81378 -0.469669
-0.657427 2.41743
2.38043 2.23006
0.997915 1.83869
1.61407 2.32154
1.47234 0.12593
0.179637 2.19154
0.991138 4.29784
1.26073 2.82114
1.53692 -0.684112
-0.49022 3.49429
2.11081 2.79108
1.29124 1.11227
1.73474 1.76925
1.59385 0.840059
1.61606 1.87281
1.59307 0.435994
1.13677 2.46557
1.78551 -0.0910343
-0.151217 1.98375
1.61036 4.06139
1.08439 -1.019
1.05099 5.25822
0.572709 2.80671
-0.0873449 3.52183
1.12503 3.68361
1.83 -0.38058
-0.605937 2.21979
2.34354 2.51873
1.11579 1.63775
1.82184 1.55778
1.58064 1.30834
1.70963 0.999744
1.60414 1.73154
1.62957 0.532232
1.29103 2.38177
1.60006 -0.383545
-0.593256 2.40608
2.29362 2.63257
1.17413 1.51428
1.82858 1.38822
1.5712 1.51341
1.68495 0.701258
1.449 2.17656
1.54926 -0.1201
-0.278734 2.06454
1.81467 3.83094
1.03893 -0.328612
0.293801 4.60675
0.663578 3.27358
-0.233771 2.95187
1.477 3.7869
1.20321 -1.06513
0.791542 5.15906
0.301092 2.88677
0.593408 4.05376
0.0395277 3.32352
0.893645 3.77765
1.00757 2.79787
1.92875 0.778766
1.09508 2.30851
1.86478 0.37184
0.679166 2.30888
-0.328559 2.92699
1.69579 3.65192
1.10346 -0.463366
0.259791 4.60184
0.738868 3.2968
-0.126473 2.51573
1.36742 3.994
1.37684 -1.27836
0.645025 5.13191
0.458373 3.01
0.24225 3.87101
0.545762 3.56368
0.0523633 3.52351
0.851781 3.69457
0.603377 2.6668
-0.178173 3.37174
1.32638 3.705
1.39763 -1.15282
0.417081 4.92334
0.679367 3.17998
-0.25177 2.82243
1.53768 3.79843
1.15034 -0.954292
0.789695 5.12851
0.273373 2.88335
0.64101 4.05463
-0.0382993 3.20708
1.04336 3.80568
1.97459 0.909121
1.1022 2.27209
1.86088 0.368202
0.68203 2.31147
-0.330623 2.90119
1.70324 3.65352
1.10159 -0.446296
0.242115 4.58012
0.764064 3.31055
0.0150081 2.46302
1.14885 4.10689
1.92327 -0.0549667
-0.270955 1.91839
1.85703 3.83495
1.03177 -0.237024
0.195139 4.4863
0.80676 3.34992
0.390126 2.55518
0.475203 4.14107
0.232845 3.42038
0.600131 3.79375
-0.0242983 3.33872
1.00191 3.75784
1.92041 1.58647
1.50103 1.58809
1.69325 0.505271
1.20336 2.40048
1.70072 -0.278523
-0.459549 2.08773
2.14362 3.24505
1.17196 0.807041
0.765821 2.54179
0.0164837 2.39125
1.17135 4.13148
1.88532 -0.277385
-0.538993 2.06432
2.27984 2.84912
1.17777 1.32008
1.73328 1.89258
1.57067 0.733175
1.54836 2.08197
1.54792 0.12618
0.338209 2.2495
0.676144 4.29893
-0.0242768 3.10664
1.03552 3.84874
1.96727 1.15788
1.30269 2.10943
1.66446 -0.14161
-0.225662 2.01931
1.73201 3.93862
1.03419 -0.620378
0.697795 4.99238
0.248615 2.96083
0.663457 4.01648
-0.0819841 3.13332
1.13524 3.82059
1.84752 -0.352124
-0.589608 2.16982
2.33047 2.60131
1.13769 1.56635
1.81745 1.54722
1.58367 1.30552
1.70862 1.00873
1.60792 1.71511
1.63251 0.556387
1.32419 2.35525
1.5759 -0.365259
-0.587041 2.4088
2.28378 2.6695
1.18344 1.47494
1.82192 1.42414
1.57912 1.45246
1.69284 0.792827
1.51558 2.04233
1.56658 0.089891
0.264852 2.20774
0.83863 4.32226
0.00436155 2.6149
1.11576 4.04798
1.96042 0.27385
0.235999 2.06753
0.939816 4.36435
0.599686 2.71102
-0.167724 3.38443
1.30219 3.70626
1.44011 -1.13893
0.298943 4.81567
0.853862 3.27148
1.02969 2.77127
1.91336 0.50924
0.783218 2.31971
0.0481305 2.37585
1.12826 4.15702
1.97305 0.36368
0.358723 2.123
0.668874 4.33741
-0.00446485 3.12067
0.999453 3.84954
1.87434 1.85658
1.53202 1.19651
1.73376 1.13237
1.6179 1.58067
1.6582 0.71688
1.48656 2.13387
1.54823 -0.0293115
-0.0758873 2.07653
1.44064 4.13947
1.28812 -1.34045
0.937979 5.30998
0.417599 2.82549
0.361593 4.00393
0.381957 3.50985
0.372001 3.75937
0.372484 3.63961
0.378273 3.69978
0.366238 3.66905
0.385715 3.68596
0.355798 3.67453
0.400543 3.68391
0.333175 3.67154
0.432863 3.68508
0.281149 3.65595
0.505475 3.68529
0.149779 3.57892
0.694376 3.68896
-0.189332 2.90186
1.38933 3.84027
1.31356 -1.20734
0.698953 5.14486
0.390056 2.96526
0.40764 3.98247
0.318878 3.51984
0.467427 3.7615
0.223696 3.59753


