-1.58883 -3.20191
2.14919 -1.04782
-1.23222 -3.77621
2.19146 -0.243633
-0.711083 -4.0788
2.11842 0.890754
-0.183266 -2.0688
-0.45506 -0.249503
-0.293685 -1.42341
-0.891958 -1.31506
-0.604298 -1.29994
-0.779677 -1.37862
-0.64589 -1.24402
-0.783097 -1.45558
-0.603623 -1.13697
-0.848483 -1.63571
-0.459673 -0.876281
-0.95634 -2.19603
0.0837798 0.0966115
1.62137 -0.988477
-0.296845 -1.98597
-0.458623 -0.346022
-0.519287 -1.99382
-0.342979 -0.323353
-0.323965 -1.52768
-0.806557 -1.10292
-0.740389 -1.61003
-0.534188 -0.919335
-0.928571 -2.04285
-0.0917945 -0.203982
1.01129 0.607571
1.06549 -1.73096
-1.0732 -3.31302
1.72738 1.37506
0.823338 -0.524028
1.49804 -0.0879886
1.21616 -0.0397941
1.3459 -0.716582
0.954514 0.256178
1.21176 -1.55132
-0.775807 -3.37227
1.44573 1.66671
0.800515 -1.12053
-0.190413 -1.43342
-0.954303 -1.39824
-0.517826 -1.15492
-0.888942 -1.64869
-0.425614 -0.846132
-0.960867 -2.29038
0.190624 0.278726
1.42685 -1.83274
-1.16615 -3.37943
1.91739 1.01364
0.511195 -0.57511
1.30203 0.498998
1.17092 -1.0038
0.476766 -0.171349
1.55831 -0.895616
0.0331486 -1.08759
-1.05745 -2.63476
0.770876 1.06977
0.874404 -2.46578
-1.11771 -0.839587
-0.45017 -1.36646
-0.829607 -1.31857
-0.644678 -1.31705
-0.749733 -1.34556
-0.679053 -1.29317
-0.742773 -1.37627
-0.667577 -1.25059
-0.768367 -1.44121
-0.619527 -1.15795
-0.832282 -1.59615
-0.494087 -0.935382
-0.945843 -2.05462
-0.0656686 -0.168457
1.23989 0.657164
1.10034 -1.24298
-0.278172 -1.74663
-0.673958 -0.748469
-0.850992 -2.15464
-0.0463818 -0.0596345
1.56253 0.291143
1.171 -0.222264
1.39927 -0.537324
1.11058 0.234518
1.23703 -1.24018
-0.280587 -1.79341
-0.63435 -0.668488
-0.845641 -2.27741
0.0728927 0.154956
1.59412 -1.19421
-0.526479 -2.8235
0.520897 1.04213
0.929049 -2.89299
-0.761714 -0.0304596
0.087045 -0.524539
0.152773 -0.543572
0.324098 -0.242659
1.60773 -0.238879
0.936613 0.0993477
1.28733 -1.3958
-0.577237 -2.84261
0.571385 1.07939
0.901959 -2.83689
-0.791351 -0.102331
-0.134213 -0.968996
-1.0264 -2.53629
0.582545 0.845235
0.984162 -2.65651
-1.05276 -0.576802
-0.480667 -1.54915
-0.700462 -1.00896
-0.829593 -1.78658
-0.367859 -0.658975
-0.86303 -2.5826
0.440909 0.734226
1.06833 -2.71098
-1.07861 -0.569196
-0.43541 -1.44868
-0.790079 -1.18527
-0.723905 -1.50652
-0.605918 -1.06651
-0.86887 -1.7475
-0.372166 -0.708161
-0.901447 -2.54863
0.436031 0.704957
1.08182 -2.68021
-1.11599 -0.651219
-0.40747 -1.35211
-0.86222 -1.36566
-0.60183 -1.2451
-0.806587 -1.46483
-0.585345 -1.12199
-0.863528 -1.66818
-0.429431 -0.826063
-0.95475 -2.31852
0.215615 0.324753
1.37906 -1.98256
-1.31189 -2.97885
1.77291 1.15753
0.822239 -0.39406
1.51569 -0.489439
0.919155 0.160494
1.25719 -1.49832
-0.705275 -3.25025
1.21364 1.63498
0.753263 -1.63314
-1.13573 -3.02168
1.47005 1.47036
0.875405 -0.996141
0.413976 -0.208634
1.59493 -0.635118
0.44905 -0.335337
1.58354 -0.193874
1.02858 0.109719
1.28407 -1.26319
-0.353282 -2.03299
-0.38522 -0.260164
-0.209275 -1.23713
-1.02817 -1.79524
-0.201531 -0.507713
-0.543773 -2.15473
-0.191291 -0.0748464
1.22132 0.68359
1.08576 -1.30065
-0.420188 -2.1849
-0.213898 -0.0161774
1.36422 0.641389
1.13463 -0.929016
0.736875 0.162478
1.27241 -1.71202
-0.991058 -3.49493
1.82425 1.31387
0.706773 -0.486246
1.52598 -0.10665
1.17479 0.0202061
1.32733 -0.878693
0.63605 0.00141216
1.39281 -1.47202
-0.696333 -3.30934
1.28743 1.67396
0.761108 -1.4736
-0.920069 -3.25552
1.44811 1.58848
0.829829 -1.08617
-0.0186364 -1.02497
-1.03263 -2.65455
0.755806 1.06478
0.877038 -2.49343
-1.09726 -0.780205
-0.476304 -1.44597
-0.768684 -1.1761
-0.740371 -1.52526
-0.586493 -1.04014
-0.885945 -1.80132
-0.32225 -0.620957
-0.810924 -2.61141
0.431591 0.750651
1.065 -2.73784
-1.05205 -0.509041
-0.443105 -1.4935
-0.757554 -1.10801
-0.769846 -1.6225
-0.511464 -0.90216
-0.938532 -2.09411
-0.0351952 -0.105921
1.49078 0.448187
1.18734 -0.497068
1.37583 0.000918571
1.30664 -0.398819
1.32537 -0.00172401
1.32165 -0.516006
1.24411 0.177997
1.27459 -0.89631
0.67879 0.0649147
1.34146 -1.58662
-0.823281 -3.50559
1.66212 1.58194
0.803244 -0.698439
1.30319 0.402613
1.20408 -0.938028
0.652402 0.0533197
1.35591 -1.57367
-0.809145 -3.49909
1.64062 1.60275
0.805999 -0.737614
1.2212 0.452697
1.17073 -1.16879
-0.0636955 -1.20209
-1.09406 -2.14024
0.209029 0.222597
1.45576 -1.70379
-1.0104 -3.58149
1.92829 1.11801
0.483107 -0.637652
1.05154 0.524878
1.10604 -1.59344
-0.8607 -3.40914
1.58088 1.59894
0.825646 -0.829757
0.980083 0.421531
1.13892 -1.65929
-0.943033 -3.4433
1.7137 1.47033
0.806292 -0.584629
1.46008 0.113964
1.25575 -0.311006
1.37707 -0.230748
1.3086 -0.113423
1.34519 -0.416445
1.28068 0.0794705
1.307 -0.711805
1.029 0.292503
1.20149 -1.45443
-0.651215 -3.05919
0.905039 1.42508
0.756271 -2.29929
-1.14506 -1.03498
-0.399058 -1.18531
-0.942793 -1.67972
-0.36569 -0.772943
-0.940741 -2.48536
0.399467 0.627276
1.12763 -2.60202
-1.21101 -0.881825
-0.261897 -0.966367
-1.02239 -2.30855
0.28869 0.403157
1.28884 -2.21778
-1.41278 -2.15556
1.16291 1.23038
0.87645 -1.6423
-1.06382 -3.22131
1.60426 1.47154
0.866193 -0.732044
1.25956 0.412802
1.19316 -1.05091
0.305964 -0.450959
1.26707 0.569881
1.13853 -1.13079
0.0638649 -0.907305
-0.859589 -2.8769
0.835566 1.24443
0.812901 -2.39894
-1.11744 -0.894651
-0.453987 -1.35031
-0.836246 -1.34451
-0.628583 -1.28065
-0.775859 -1.40342
-0.635407 -1.21004
-0.803277 -1.51009
-0.561861 -1.05949
-0.894372 -1.78462
-0.328721 -0.642826
-0.83582 -2.61635
0.458999 0.77624
1.04575 -2.74138
-1.03181 -0.478308
-0.453094 -1.53204
-0.72682 -1.04223
-0.806521 -1.72653
-0.423095 -0.75064
-0.927171 -2.43748
0.325328 0.520282
1.20736 -2.45092
-1.34537 -1.35876
0.231821 0.0501374
1.56219 -1.19918
-0.497921 -2.68527
0.341355 0.808259
1.07641 -2.87366
-0.935336 -0.250842
-0.338491 -1.36592
-0.896237 -1.38737
-0.568053 -1.20352
-0.842811 -1.54271
-0.520005 -1.00867
-0.926591 -1.90211
-0.214553 -0.440512
-0.411315 -1.79005
-0.560612 -0.638328
-0.852522 -2.38446
0.194223 0.355147
1.37109 -2.03435
-1.35035 -2.81617
1.69336 1.22414
0.897351 -0.483885
1.49468 -0.231741
1.1747 0.0811958
1.30495 -0.950047
0.482067 -0.195654
1.56638 -0.819589
0.172325 -0.799497
-0.54772 -2.2966
-0.0553119 0.153387
1.664 -0.769376
-0.0353126 -1.28489
-1.09901 -1.98988
0.063093 -0.0442785
1.64705 -0.241942
0.822121 0.0303993
1.33199 -1.43166
-0.632465 -3.07123
0.908076 1.43806
0.752247 -2.29596
-1.14411 -1.03578
-0.40065 -1.18798
-0.940962 -1.67322
-0.371471 -0.783739
-0.946186 -2.46253
0.377306 0.590109
1.15262 -2.55703
-1.25796 -1.01918
-0.141538 -0.690146
-0.769693 -2.6828
0.489759 0.858034
1.00482 -2.78917
-0.948299 -0.330688
-0.428542 -1.55142
-0.727545 -1.01724
-0.811828 -1.76119
-0.395936 -0.69914
-0.897779 -2.52771
0.405774 0.661833
1.11041 -2.64592
-1.16581 -0.761013
-0.343752 -1.1744
-0.976296 -1.75576
-0.284141 -0.631185
-0.802093 -2.63129
0.449526 0.781902
1.04669 -2.7566
-1.01872 -0.448272
-0.449689 -1.53882
-0.724193 -1.03209
-0.810503 -1.74201
-0.410181 -0.72758
-0.915771 -2.48187
0.367434 0.592816
1.1552 -2.56421
-1.25489 -1.00472
-0.150797 -0.711767
-0.805045 -2.71673
0.562352 0.938559
0.954462 -2.75779
-0.928778 -0.328392
-0.446916 -1.6021
-0.682384 -0.930859
-0.852373 -1.90917
-0.26107 -0.465478
-0.539111 -2.1204
-0.224284 -0.128554
0.881049 0.536323
1.08133 -1.9329
-1.28419 -2.81457
1.53109 1.37189
0.912506 -0.830033
1.03983 0.4248
1.14559 -1.54544
-0.78101 -3.34439
1.41341 1.66137
0.797059 -1.18743
-0.393714 -2.00999
-0.385225 -0.293392
-0.310558 -1.48315
-0.844407 -1.19136
-0.686487 -1.47963
-0.640424 -1.10438
-0.838866 -1.6715
-0.442156 -0.826644
-0.951932 -2.30103
0.192772 0.288183
1.41871 -1.86105
-1.19733 -3.31558
1.90105 1.02331
0.559219 -0.519028
1.46218 0.266458
1.23318 -0.436877
1.36803 -0.0502073
1.31583 -0.358839
1.33056 -0.0471157
1.32859 -0.450122
1.2805 0.1025
1.30019 -0.736459
0.996801 0.288706
1.19981 -1.51037
-0.723892 -3.26321
1.24808 1.64238
0.760848 -1.55488
-1.03481 -3.19251
1.5232 1.51747
0.86123 -0.903118
0.762425 0.247741
1.22255 -1.80737
-1.12527 -3.32694
1.81452 1.23321
0.739895 -0.439813
1.53493 -0.30315
1.05848 0.147431
1.26902 -1.25284
-0.323674 -1.93411
-0.488798 -0.423652
-0.657651 -2.2997
-0.00778669 0.151883
1.6429 -0.932712
-0.255902 -1.86844
-0.587257 -0.55336
-0.796085 -2.38569
0.154794 0.327124
1.41505 -1.91354
-1.25344 -3.18439
1.86411 1.05246
0.656812 -0.429045
1.54923 -0.245243
1.06911 0.126856
1.27891 -1.21032
-0.230169 -1.66075
-0.773876 -0.926194
-0.797944 -1.85518
-0.334109 -0.559399
-0.748063 -2.54247
0.302286 0.593667
1.18141 -2.57642
-1.26293 -1.0053
-0.127299 -0.666048
-0.723014 -2.61633
0.374781 0.718769
1.09826 -2.7393
-1.07911 -0.545283
-0.421065 -1.42587
-0.812215 -1.22993
-0.693116 -1.44012
-0.659625 -1.16145
-0.808777 -1.57714
-0.519109 -0.964996
-0.932721 -1.9789
-0.145128 -0.309398
0.28494 -0.266206
1.58498 0.00123929
1.11492 0.0165384
1.32771 -0.992915
0.321063 -0.456712
1.28281 0.55981
1.14574 -1.08681
0.210317 -0.614397
0.207984 -0.457876
0.959461 0.526897
1.0914 -1.78038
-1.12669 -3.24866
1.7328 1.33482
0.829489 -0.499538
1.50607 -0.16857
1.18323 0.0434802
1.31911 -0.888897
0.624644 -0.00982712
1.40363 -1.4481
-0.67284 -3.24885
1.18432 1.63573
0.74444 -1.70218
-1.20598 -2.81096
1.33686 1.42297
0.863854 -1.28249
-0.531497 -2.48704
0.133809 0.471715
1.3306 -2.2515
-1.4243 -2.08313
1.13379 1.20409
0.876878 -1.7042
-1.14006 -3.09305
1.57014 1.44266
0.883981 -0.781067
1.15669 0.444776
1.15969 -1.31131
-0.427302 -2.23498
-0.163315 0.0637039
1.61774 0.161116
1.09792 -0.0434878
1.35148 -0.94454
0.414503 -0.30971
1.5908 -0.210574
1.00059 0.111379
1.28215 -1.31236
-0.447156 -2.3518
-0.0404823 0.251865
1.60501 -1.25521
-0.598242 -3.12778
0.961392 1.5068
0.736077 -2.19183
-1.20171 -1.27111
-0.23094 -0.78639
-0.927262 -2.65477
0.604859 0.92907
0.947819 -2.68592
-0.991598 -0.465883
-0.499357 -1.65154
-0.620056 -0.846673
-0.88817 -2.07839
-0.0915496 -0.171323
1.1503 0.659775
1.07546 -1.45529
-0.680883 -3.0822
0.959221 1.46092
0.751008 -2.18472
-1.2167 -1.3206
-0.178514 -0.67543
-0.781997 -2.67704
0.491855 0.853968
1.00568 -2.78294
-0.955199 -0.344231
-0.435688 -1.56158
-0.716617 -0.99872
-0.822161 -1.79272
-0.367584 -0.650935
-0.856146 -2.58496
0.437463 0.733119
1.06995 -2.71257
-1.07859 -0.56779
-0.434689 -1.44764
-0.791135 -1.18731
-0.722506 -1.50346
-0.608425 -1.07085
-0.866329 -1.73923
-0.379569 -0.721218
-0.91092 -2.52745
0.419231 0.674445
1.10028 -2.6541
-1.15175 -0.730654
-0.365003 -1.2302
-0.944761 -1.62394
-0.400225 -0.85275
-0.968404 -2.31322
0.225006 0.331704
1.36879 -2.00947
-1.33208 -2.89267
1.72945 1.1982
0.86926 -0.434764
1.50618 -0.374303
1.06198 0.172227
1.25835 -1.27312
-0.362741 -2.05461
-0.360891 -0.224755
-0.0279574 -0.835693
-0.854299 -2.82128
0.751578 1.1523
0.846612 -2.54035
-1.02788 -0.628825
-0.538511 -1.65303
-0.599863 -0.843393
-0.897482 -2.10146
-0.0629419 -0.12559
1.38645 0.587891
1.15497 -0.84453
0.950905 0.321495
1.18114 -1.62295
-0.879157 -3.45743
1.6605 1.54916
0.815862 -0.683768
1.33455 0.365254
1.22008 -0.833916
0.90944 0.279035
1.19927 -1.64836
-0.911035 -3.47513
1.7155 1.48887
0.798701 -0.592865
1.45231 0.145536
1.25614 -0.358493
1.37183 -0.150249
1.31866 -0.22783
1.34753 -0.236061
1.3295 -0.165386
1.3415 -0.300426
1.32429 -0.086893
1.33646 -0.415284
1.29044 0.06599
1.31027 -0.674381
1.08313 0.292226
1.20873 -1.34855
-0.495886 -2.49807
0.131061 0.491636
1.31989 -2.29538
-1.42243 -1.93469
0.977721 1.07986
0.883513 -2.0279
-1.32485 -2.08834
0.748888 0.894999
0.939254 -2.41775
-1.20604 -1.06007
-0.272358 -0.932788
-1.01213 -2.35892
0.334392 0.48344
1.2225 -2.38623
-1.37637 -1.55922
0.466528 0.444654
1.19081 -2.30311
-1.38627 -1.76917
0.66806 0.744187
1.00675 -2.44921
-1.23305 -1.08786
-0.203201 -0.790833
-0.920407 -2.68586
0.638899 0.977674
0.923184 -2.66209
-0.990013 -0.481456
-0.512107 -1.67386
-0.597766 -0.811836
-0.895537 -2.14886
-0.0190798 -0.0438367
1.61076 0.102309
1.09779 -0.0169489
1.34094 -0.981057
0.331992 -0.441446
1.34708 0.516503
1.17269 -0.902513
0.784577 0.198649
1.24576 -1.71801
-1.00174 -3.47475
1.81493 1.31945
0.721774 -0.482566
1.52659 -0.137706
1.1636 0.0451696
1.31797 -0.931694
0.511485 -0.15701
1.5366 -0.99254
-0.116673 -1.43804
-1.00136 -1.48402
-0.431582 -0.998262
-0.969353 -2.00609
-0.0877344 -0.229098
0.9113 0.539853
1.0815 -1.88089
-1.24031 -2.97484
1.6219 1.35538
0.899847 -0.650247
1.39043 0.234384
1.25679 -0.590665
1.25368 0.21939
1.26101 -0.91228
0.655472 0.0422674
1.3617 -1.55158
-0.782562 -3.46822
1.57695 1.64534
0.808956 -0.857883
0.865304 0.350343
1.16489 -1.79114
-1.1168 -3.30718
1.78213 1.28385
0.781425 -0.454924
1.52502 -0.284554
1.09194 0.138327
1.27577 -1.17981
-0.150034 -1.44346
-0.975994 -1.42692
-0.484912 -1.09943
-0.924272 -1.76871
-0.318499 -0.65149
-0.840088 -2.62477
0.47359 0.794871
1.03382 -2.74611
-1.01665 -0.453889
-0.456982 -1.55381
-0.710123 -1.00617
-0.824509 -1.78558
-0.371458 -0.661282
-0.865801 -2.57831
0.438086 0.728478
1.0716 -2.70662
-1.08514 -0.58235
-0.431193 -1.4334
-0.801811 -1.21275
-0.706326 -1.4661
-0.63823 -1.12404
-0.833761 -1.64194
-0.464368 -0.869986
-0.953948 -2.2012
0.0867192 0.103489
1.61613 -1.02631
-0.344323 -2.13973
-0.291969 -0.0902685
0.823582 0.494658
1.09896 -1.99478
-1.3229 -2.64267
1.42549 1.36644
0.905155 -1.05946
0.197543 -0.590991
0.271097 -0.341339
1.47534 0.366401
1.20936 -0.479513
1.36865 -0.00525349
1.31006 -0.409059
1.31849 0.0188843
1.31864 -0.555871
1.21361 0.219187
1.25678 -1.00432
0.391311 -0.322675
1.58132 -0.0863869
1.0902 0.0640779
1.30727 -1.09811
0.0453761 -0.987097
-0.967084 -2.83003
0.904647 1.26166
0.811157 -2.25238
-1.21948 -1.25873
-0.194947 -0.724637
-0.851273 -2.71471
0.602372 0.966868
0.934575 -2.71557
-0.950056 -0.387023
-0.484408 -1.66187
-0.620156 -0.831674
-0.887267 -2.09969
-0.0724599 -0.135217
1.3346 0.626628
1.13397 -0.995353
0.526417 -0.0919801
1.49377 -1.20274
-0.426511 -2.37119
-0.0295096 0.28463
1.5747 -1.41287
-0.726976 -3.50629
1.57437 1.6784
0.796804 -0.8778
0.774668 0.272343
1.20835 -1.82528
-1.14998 -3.27675
1.79774 1.2398
0.767095 -0.435318
1.53001 -0.339025
1.04074 0.158527
1.26269 -1.29741
-0.413007 -2.22418
-0.17984 0.046888
1.57569 0.312617
1.158 -0.210277
1.39939 -0.580929
1.05933 0.247199
1.22506 -1.35384
-0.505852 -2.54205
0.182887 0.56548
1.25056 -2.49466
-1.34496 -1.28755
0.203127 -0.0105194
1.61133 -0.894125
-0.109282 -1.44676
-1.00179 -1.47544
-0.435737 -1.00931
-0.966431 -1.98064
-0.113266 -0.275869
0.579642 0.185555
1.29843 -1.8367
-1.15533 -3.32099
1.84965 1.15519
0.6823 -0.441769
1.54335 -0.233906
1.08815 0.120225
1.28322 -1.16713
-0.122221 -1.37427
-1.02798 -1.61801
-0.325737 -0.778517
-0.94203 -2.53376
0.462534 0.72096
1.06649 -2.67695
-1.10623 -0.639462
-0.420567 -1.38584
-0.835862 -1.29923
-0.649288 -1.34119
-0.735211 -1.30884
-0.704667 -1.34651
-0.703141 -1.29584
-0.728419 -1.36913
-0.678987 -1.26171
-0.757197 -1.42262
-0.635588 -1.18458
-0.813373 -1.54926
-0.533318 -1.00377
-0.920765 -1.89979
-0.221033 -0.448188
-0.441955 -1.87088
-0.479947 -0.509448
-0.753252 -2.45273
0.20224 0.432694
1.31619 -2.22446
-1.41879 -2.15877
1.19045 1.24199
0.880888 -1.57967
-0.97389 -3.30301
1.58007 1.53432
0.849538 -0.802189
1.08316 0.451688
1.1419 -1.47612
-0.689272 -3.14177
1.04889 1.53339
0.743695 -1.99419
-1.28773 -1.86236
0.383766 0.385703
1.2549 -2.21303
-1.40589 -2.13555
1.11362 1.20318
0.871518 -1.75185
-1.19326 -2.95695
1.50106 1.43331
0.890984 -0.916238
0.744635 0.223811
1.23769 -1.79341
-1.10509 -3.36568
1.8271 1.22877
0.717651 -0.447324
1.53742 -0.25593
1.08615 0.128678
1.27943 -1.18031
-0.154197 -1.4553
-0.966579 -1.39662
-0.508058 -1.14716
-0.896961 -1.66803
-0.407572 -0.814986
-0.955553 -2.36555
0.270899 0.415556
1.29036 -2.23423
-1.41474 -2.10345
1.11534 1.19832
0.873653 -1.74636
-1.18687 -2.97681
1.51316 1.43424
0.890986 -0.891212
0.833943 0.307724
1.18615 -1.7915
-1.11203 -3.32655
1.79597 1.26881
0.763815 -0.449106
1.52924 -0.291447
1.07878 0.142499
1.27285 -1.20949
-0.224135 -1.64205
-0.792243 -0.964278
-0.780969 -1.79549
-0.387355 -0.650164
-0.860199 -2.56644
0.417833 0.701727
1.08947 -2.68969
-1.11423 -0.639983
-0.406092 -1.35345
-0.86231 -1.36409
-0.602515 -1.24716
-0.805298 -1.46141
-0.587954 -1.12687
-0.860489 -1.659
-0.437325 -0.840108
-0.956485 -2.2852
0.180026 0.263609
1.44462 -1.77594
-1.10086 -3.48813
1.93721 1.0237
0.451368 -0.658677
0.882103 0.429952
1.12826 -1.84086
-1.18664 -3.1523
1.72242 1.30623
0.848071 -0.493442
1.50406 -0.195061
1.17609 0.0626221
1.31192 -0.926095
0.537425 -0.119586
1.50504 -1.13411
-0.329845 -2.0412
-0.390276 -0.250153
-0.186134 -1.18175
-1.0517 -1.9577
-0.0368984 -0.197675
1.21703 0.653654
1.09548 -1.29587
-0.406758 -2.14347
-0.258531 -0.0818824
0.97838 0.614744
1.05755 -1.8031
-1.16673 -3.15103
1.68691 1.35293
0.864693 -0.553447
1.47698 -0.0182263
1.24678 -0.146865
1.36767 -0.505052
1.19225 0.201782
1.26079 -1.03595
0.288801 -0.496557
1.06085 0.565354
1.09148 -1.60004
-0.875963 -3.40993
1.5984 1.58337
0.827511 -0.792887
1.09337 0.459096
1.14084 -1.45974
-0.667552 -3.07749
0.942413 1.45235
0.751485 -2.22121
-1.19495 -1.22431
-0.260974 -0.857131
-0.981189 -2.51608
0.489471 0.738304
1.05103 -2.67056
-1.09882 -0.633935
-0.431474 -1.41239
-0.814164 -1.24836
-0.684521 -1.41495
-0.677935 -1.19802
-0.784609 -1.51714
-0.568075 -1.05092
-0.893188 -1.79501
-0.321947 -0.627522
-0.817602 -2.61513
0.441794 0.761701
1.05716 -2.74154
-1.04184 -0.491917
-0.447504 -1.51201
-0.7431 -1.07631
-0.787855 -1.67191
-0.469969 -0.831002
-0.945462 -2.25915
0.139726 0.201907
1.51689 -1.51993
-0.806571 -3.59237
1.74788 1.52647
0.755613 -0.592538
1.44801 0.188657
1.25173 -0.40722
1.3643 -0.0741664
1.3197 -0.338976
1.33267 -0.0701393
1.33139 -0.417017
1.29478 0.0612862
1.31121 -0.659033
1.10389 0.288475
1.2134 -1.30298
-0.412392 -2.20367
-0.199621 0.0140413
1.47811 0.520463
1.17307 -0.574145
1.34162 0.131306
1.28836 -0.618358
1.1876 0.263548
1.23643 -1.10203
0.107598 -0.83776
-0.712514 -2.70896
0.482667 0.880946
0.998563 -2.81851
-0.91322 -0.264724
-0.381439 -1.47087
-0.808014 -1.17115
-0.717606 -1.51964
-0.601308 -1.04764
-0.876202 -1.78037
-0.344008 -0.656464
-0.854082 -2.60496
0.461027 0.768742
1.048 -2.73136
-1.04291 -0.501779
-0.452514 -1.51925
-0.735575 -1.06314
-0.795959 -1.69338
-0.451359 -0.799631
-0.942087 -2.33161
0.216818 0.334883
1.37144 -2.00877
-1.33188 -2.89604
1.73239 1.19489
0.866789 -0.430867
1.50679 -0.385576
1.05085 0.175325
1.25598 -1.2971
-0.410301 -2.21235
-0.192302 0.0279973
1.52238 0.442948
1.17723 -0.416693
1.40507 -0.169206
1.29433 -0.133808
1.35251 -0.420742
1.27037 0.0946423
1.30277 -0.751975
0.963949 0.276955
1.2026 -1.55667
-0.784151 -3.38021
1.46444 1.66241
0.804521 -1.0799
-0.0385331 -1.06517
-1.06151 -2.52792
0.629973 0.890558
0.956916 -2.61919
-1.06117 -0.619513
-0.487227 -1.54355
-0.700702 -1.01673
-0.827808 -1.77527
-0.377029 -0.676158
-0.878786 -2.5657
0.434654 0.71594
1.07782 -2.69452
-1.10069 -0.615623
-0.420089 -1.39443
-0.831229 -1.28454
-0.658605 -1.36201
-0.719612 -1.27699
-0.727943 -1.39395
-0.666445 -1.2265
-0.779356 -1.47742
-0.593596 -1.10677
-0.863902 -1.68889
-0.415478 -0.795894
-0.947427 -2.38434
0.283894 0.441695
1.26862 -2.29408
-1.40964 -1.89009
0.879024 0.988795
0.904288 -2.2077
-1.29845 -1.56833
0.179529 0.00754412
1.61471 -0.901263
-0.131564 -1.50587
-0.952728 -1.3191
-0.555034 -1.25728
-0.82656 -1.45989
-0.576364 -1.12605
-0.86708 -1.66592
-0.428683 -0.82837
-0.955561 -2.31575
0.21337 0.320474
1.38334 -1.96945
-1.30124 -3.01928
1.79154 1.1387
0.796366 -0.385906
1.52129 -0.507917
0.880795 0.141059
1.26801 -1.52676
-0.741048 -3.34013
1.36944 1.67548
0.782354 -1.28876
-0.620006 -2.75303
0.482443 0.934623
0.979117 -2.86542
-0.845541 -0.148664
-0.228095 -1.15787
-1.0373 -1.94416
-0.0676482 -0.245671
0.909318 0.535178
1.08336 -1.88097
-1.23992 -2.97754
1.62423 1.35413
0.899343 -0.645758
1.39565 0.223578
1.25864 -0.568328
1.27187 0.19163
1.27181 -0.844194
0.81509 0.196881
1.24353 -1.68135
-0.950535 -3.49559
1.78106 1.3973
0.754326 -0.513756
1.51026 -0.0659502
1.20591 -0.0384148
1.34618 -0.740112
0.910748 0.236062
1.22003 -1.59942
-0.839307 -3.45334
1.61405 1.59796
0.817649 -0.774603
1.13627 0.464965
1.14733 -1.37056
-0.536241 -2.62008
0.2832 0.698177
1.14334 -2.74629
-1.10956 -0.581226
-0.386423 -1.33206
-0.885258 -1.41512
-0.562107 -1.17118
-0.858818 -1.59831
-0.476805 -0.927171
-0.953193 -2.08726
-0.0280129 -0.103819
1.50688 0.415844
1.18873 -0.436104
1.39518 -0.115078
1.30469 -0.219864
1.35481 -0.276548
1.31851 -0.0953427
1.33951 -0.417659
1.2861 0.0733896
1.30847 -0.692551
1.05806 0.294157
1.2044 -1.40005
-0.576476 -2.79661
0.513224 1.00237
0.945343 -2.87636
-0.79761 -0.0838897
-0.0830448 -0.85853
-0.921291 -2.77797
0.768138 1.13685
0.850976 -2.50037
-1.06751 -0.72374
-0.51111 -1.54505
-0.687194 -1.01098
-0.836847 -1.79052
-0.36084 -0.651776
-0.855025 -2.5909
0.443974 0.743325
1.06367 -2.71883
-1.06776 -0.547034
-0.441141 -1.47164
-0.772545 -1.14482
-0.748884 -1.56688
-0.557006 -0.981163
-0.912346 -1.91951
-0.211505 -0.421686
-0.354402 -1.63975
-0.708312 -0.895836
-0.840598 -1.93983
-0.243484 -0.420376
-0.411092 -1.78124
-0.567711 -0.652279
-0.858195 -2.36614
0.178227 0.324964
1.40173 -1.93901
-1.27616 -3.11216
1.83464 1.08841
0.721706 -0.394073
1.54047 -0.440829
0.914207 0.143807
1.26556 -1.48471
-0.688527 -3.20978
1.1431 1.60201
0.744334 -1.78997
-1.26216 -2.53289
1.10687 1.28384
0.842191 -1.7908
-1.23837 -2.77511
1.36745 1.41107
0.876327 -1.20752
-0.347433 -1.89017
-0.513073 -0.489356
-0.740049 -2.41446
0.152179 0.360222
1.39335 -1.99724
-1.32591 -2.93999
1.76326 1.16025
0.835622 -0.397488
1.51267 -0.481014
0.937137 0.168116
1.25347 -1.48078
-0.683292 -3.18773
1.10807 1.58098
0.742062 -1.86705
-1.28774 -2.27138
0.842661 1.02824
0.888421 -2.301
-1.24408 -1.27476
-0.128357 -0.597914
-0.615934 -2.37471
0.0504795 0.279048
1.52186 -1.58595
-0.890033 -3.64689
1.87974 1.30163
0.596655 -0.559493
1.42606 0.324101
1.22984 -0.572474
1.29644 0.174738
1.27809 -0.769826
0.967891 0.287795
1.19785 -1.56069
-0.790249 -3.38653
1.47883 1.65864
0.807349 -1.04895
0.0872141 -0.792287
-0.665067 -2.59033
0.310366 0.657631
1.14921 -2.67825
-1.16908 -0.733925
-0.328806 -1.1516
-0.990578 -1.81929
-0.223066 -0.516809
-0.58896 -2.26638
-0.0686495 0.100082
1.67425 -0.446013
0.478328 -0.328516
1.58545 -0.296447
0.945276 0.119199
1.27747 -1.40862
-0.592855 -2.896
0.648611 1.16918
0.85378 -2.74812
-0.831329 -0.209883
-0.355919 -1.45139
-0.83578 -1.21936
-0.68197 -1.44655
-0.661681 -1.15225
-0.810955 -1.5904
-0.509763 -0.946069
-0.938476 -2.02044
-0.1035 -0.234183
0.826738 0.46925
1.11029 -1.96663
-1.30428 -2.75393
1.50912 1.36616
0.91471 -0.874042
0.90824 0.359055
1.16156 -1.73122
-1.03766 -3.4029
1.78048 1.33967
0.770199 -0.483426
1.52074 -0.18245
1.15524 0.0719528
1.30746 -0.980011
0.391743 -0.334364
1.57391 -0.0361785
1.12204 0.028431
1.32315 -0.99421
0.324942 -0.448917
1.31337 0.542591
1.15817 -1.00181
0.491738 -0.146631
1.53993 -0.99993
-0.139395 -1.49822
-0.951795 -1.32532
-0.553164 -1.25019
-0.830812 -1.47211
-0.567183 -1.10854
-0.877698 -1.69959
-0.39949 -0.776112
-0.941003 -2.43472
0.337176 0.530638
1.19712 -2.46886
-1.33226 -1.2981
0.158088 -0.084269
1.64103 -0.413252
0.644256 -0.108872
1.45631 -1.22318
-0.417526 -2.32076
-0.0838538 0.202713
1.65818 -0.899725
-0.239928 -1.82735
-0.632953 -0.630066
-0.830052 -2.30794
0.0939455 0.201911
1.54815 -1.42096
-0.717011 -3.4655
1.51382 1.69669
0.794493 -0.995752
0.28331 -0.413637
1.32802 0.543978
1.16046 -0.966262
0.604829 0.0060914
1.40079 -1.48133
-0.709559 -3.3488
1.35275 1.6884
0.773546 -1.33033
-0.695028 -2.97124
0.816944 1.31037
0.790307 -2.46108
-1.04417 -0.714825
-0.542258 -1.61474
-0.624674 -0.901577
-0.885726 -1.99364
-0.168849 -0.315421
0.168313 -0.474315
0.734732 0.334638
1.1814 -1.94813
-1.2819 -2.91538
1.64315 1.31426
0.903717 -0.596857
1.44157 0.0928576
1.26751 -0.335486
1.36844 -0.168756
1.32028 -0.211529
1.34693 -0.256018
1.32765 -0.138931
1.34076 -0.340051
1.3151 -0.0320594
1.32997 -0.504347
1.24301 0.171799
1.27666 -0.892946
0.68458 0.070706
1.33649 -1.59467
-0.83304 -3.51166
1.67886 1.56521
0.799554 -0.669676
1.35319 0.348964
1.22639 -0.775381
1.02687 0.324609
1.18704 -1.48768
-0.696159 -3.18583
1.1161 1.57986
0.74455 -1.84777
-1.28342 -2.34207
0.918995 1.11153
0.864298 -2.1702
-1.29228 -1.59747
0.179386 0.0138998
1.61186 -0.927238
-0.171554 -1.61193
-0.852478 -1.06437
-0.719258 -1.63541
-0.527978 -0.88171
-0.930947 -2.11133
-0.0255317 -0.0823072
1.55069 0.314672
1.17891 -0.264076
1.40433 -0.451556
1.18173 0.180238
1.26784 -1.03841
0.272699 -0.526905
0.879055 0.457211
1.11592 -1.8703
-1.22133 -3.05672
1.67818 1.32546
0.879365 -0.551218
1.47559 -0.0303805
1.24721 -0.137907
1.36588 -0.517
1.18428 0.211039
1.25627 -1.06216
0.212607 -0.63486
0.119816 -0.627446
-0.173503 -1.25473
-1.04165 -1.81031
-0.174018 -0.463183
-0.39452 -1.75613
-0.596423 -0.694835
-0.868311 -2.29499
0.108593 0.20068
1.53901 -1.44994
-0.741636 -3.51107
1.59321 1.6637
0.798651 -0.839496
0.917383 0.390512
1.14755 -1.74531
-1.06125 -3.37149
1.77625 1.32896
0.778757 -0.478161
1.52088 -0.206579
1.14408 0.0893301
1.30003 -1.0225
0.277799 -0.525543
0.90294 0.475313
1.10888 -1.84453
-1.1961 -3.1172
1.69983 1.32236
0.863868 -0.523605
1.49119 -0.108117
1.22007 -0.0331264
1.34363 -0.716759
0.958336 0.258566
1.21085 -1.54741
-0.770769 -3.36347
1.42908 1.66846
0.797251 -1.15642
-0.308246 -1.75416
-0.648643 -0.722772
-0.856969 -2.20894
0.0110398 0.0386737
1.66316 -0.455983
0.504473 -0.287469
1.58294 -0.519396
0.684395 -0.0384494
1.40161 -1.38312
-0.597524 -2.98559
0.769136 1.31
0.79159 -2.56328
-0.95068 -0.49578
-0.566529 -1.79842
-0.480489 -0.625787
-0.852098 -2.48042
0.305162 0.534111
1.20912 -2.47389
-1.33559 -1.29847
0.170748 -0.0627754
1.63873 -0.561307
0.425798 -0.38795
1.5426 0.0944076
1.18979 -0.114324
1.36997 -0.669459
0.988974 0.256655
1.21379 -1.49278
-0.699812 -3.21081
1.15406 1.60314
0.747011 -1.76438
-1.2482 -2.6232
1.18953 1.34272
0.846274 -1.60985
-1.04205 -3.231
1.58369 1.49369
0.863434 -0.777912
1.15555 0.451002
1.157 -1.31815
-0.441131 -2.28162
-0.112406 0.13813
1.68052 -0.463059
0.42927 -0.401807
1.52998 0.141737
1.20418 -0.177434
1.38306 -0.546428
1.12837 0.23748
1.23822 -1.20628
-0.196058 -1.55497
-0.874639 -1.15042
-0.678953 -1.51697
-0.621994 -1.05017
-0.864324 -1.76493
-0.362694 -0.683502
-0.881699 -2.5771
0.452073 0.739915
1.06232 -2.70782
-1.07625 -0.568519
-0.439018 -1.45726
-0.782724 -1.16954
-0.734106 -1.53004
-0.586817 -1.03324
-0.887343 -1.8124
-0.3131 -0.603424
-0.787257 -2.60002
0.398887 0.716266
1.09033 -2.72098
-1.08839 -0.574434
-0.421404 -1.41438
-0.818846 -1.24949
-0.681103 -1.41214
-0.681228 -1.20221
-0.781105 -1.51012
-0.574041 -1.06093
-0.887522 -1.77468
-0.340609 -0.660802
-0.856873 -2.60729
0.466625 0.775267
1.04364 -2.73283
-1.03769 -0.493356
-0.454778 -1.52871
-0.728089 -1.04719
-0.804542 -1.71899
-0.429361 -0.761831
-0.931682 -2.41459
0.302626 0.481479
1.2377 -2.37741
-1.38462 -1.60247
0.531047 0.541358
1.12341 -2.402
-1.32756 -1.38589
0.176649 -0.0357096
1.63174 -0.705188
0.190263 -0.788372
-0.489305 -2.12832
-0.237009 -0.110499
0.92078 0.570451
1.06932 -1.8859
-1.24794 -2.94027
1.59746 1.36511
0.904691 -0.697484
1.32611 0.335778
1.22878 -0.833062
0.900738 0.27111
1.20295 -1.65337
-0.917387 -3.47756
1.72512 1.47643
0.794187 -0.578624
1.46516 0.106234
1.25355 -0.291852
1.37886 -0.266535
1.30049 -0.0636031
1.33942 -0.499194
1.23519 0.17437
1.27517 -0.913361
0.631771 0.0107007
1.38853 -1.49168
-0.717638 -3.36073
1.37605 1.68954
0.778731 -1.27909
-0.607049 -2.70934
0.421912 0.857209
1.02784 -2.86263
-0.898659 -0.214778
-0.317272 -1.33598
-0.924929 -1.46211
-0.509209 -1.0897
-0.914209 -1.76807
-0.326519 -0.658224
-0.84964 -2.61926
0.475241 0.791815
1.03447 -2.74125
-1.02172 -0.464658
-0.457875 -1.55047
-0.711887 -1.01136
-0.822397 -1.77732
-0.378598 -0.673914
-0.877343 -2.56524
0.432648 0.713803
1.07938 -2.69353
-1.10281 -0.619632
-0.418105 -1.38835
-0.83587 -1.29609
-0.65065 -1.34536
-0.732371 -1.30248
-0.709209 -1.35588
-0.69601 -1.28201
-0.738705 -1.39017
-0.662643 -1.23126
-0.779436 -1.47114
-0.597057 -1.11553
-0.859232 -1.67307
-0.428883 -0.820087
-0.953145 -2.32886
0.225646 0.342516
1.36114 -2.03618
-1.35039 -2.80538
1.68236 1.23484
0.903115 -0.502849
1.48903 -0.176817
1.20425 0.0266961
1.32515 -0.824385
0.772561 0.144045
1.27681 -1.65286
-0.908305 -3.51523
1.75842 1.45007
0.767779 -0.546251
1.49023 0.0285263
1.23741 -0.16326
1.3729 -0.50065
1.18846 0.20121
1.26056 -1.04378
0.264823 -0.539361
0.793227 0.380886
1.15285 -1.92799
-1.26842 -2.93921
1.6406 1.32485
0.901612 -0.605723
1.43475 0.117931
1.26758 -0.375786
1.36144 -0.101735
1.32306 -0.311829
1.33597 -0.104391
1.33431 -0.366369
1.3125 -0.00546216
1.32508 -0.541976
1.21802 0.20918
1.26098 -0.985189
0.444172 -0.241062
1.59229 -0.574429
0.565215 -0.176412
1.52396 -0.992547
-0.0876452 -1.36027
-1.05413 -1.70634
-0.236193 -0.607313
-0.74051 -2.58827
0.352016 0.674127
1.12542 -2.68967
-1.14239 -0.682115
-0.367908 -1.25369
-0.933372 -1.57605
-0.438637 -0.928143
-0.968129 -2.1289
0.027567 -0.0128182
1.65317 -0.257642
0.787708 0.00600373
1.35102 -1.41951
-0.622715 -3.04813
0.869797 1.40493
0.76024 -2.37318
-1.0908 -0.865006
-0.495456 -1.44509
-0.758706 -1.17242
-0.747718 -1.53315
-0.57804 -1.02902
-0.892921 -1.82491
-0.299908 -0.581728
-0.754006 -2.57101
0.340093 0.647891
1.14137 -2.65567
-1.18084 -0.775323
-0.314012 -1.10683
-1.00743 -1.93117
-0.114139 -0.311911
0.393476 -0.0892454
1.55571 -1.03655
-0.243706 -1.79462
-0.657802 -0.683922
-0.841927 -2.23775
0.0294408 0.0820052
1.65289 -0.740673
0.0524376 -1.07979
-1.04496 -2.69275
0.831137 1.14483
0.84709 -2.37267
-1.1665 -1.01655
-0.360962 -1.11961
-0.982454 -1.84711
-0.209332 -0.480929
-0.498923 -2.02987
-0.320478 -0.265479
-0.0840702 -0.964673
-1.01249 -2.63996
0.702661 1.01042
0.901468 -2.56789
-1.05548 -0.651293
-0.507862 -1.57385
-0.669672 -0.966425
-0.854882 -1.86576
-0.29365 -0.53262
-0.684757 -2.45791
0.170325 0.426492
1.33807 -2.18143
-1.41454 -2.3171
1.34505 1.30205
0.908 -1.22678
-0.363841 -1.94894
-0.453766 -0.392764
-0.595241 -2.18227
-0.145933 -0.0370554
1.45209 0.540531
1.1709 -0.651522
1.27254 0.255954
1.25023 -0.899592
0.705085 0.0999593
1.31433 -1.63511
-0.884702 -3.52979
1.75089 1.47304
0.769297 -0.561638
1.4787 0.0768885
1.24649 -0.233431
1.37969 -0.374626
1.26267 0.0741706
1.30919 -0.747963
0.961042 0.273357
1.20409 -1.558
-0.785696 -3.38333
1.47011 1.66147
0.805478 -1.06787
0.00913798 -0.958538
-0.962616 -2.80869
0.86743 1.22575
0.820541 -2.32325
-1.18047 -1.09259
-0.322847 -1.01878
-1.01165 -2.10349
0.0512285 -0.00145148
1.65673 -0.413185
0.589375 -0.177923
1.5151 -1.00984
-0.104719 -1.40012
-1.0275 -1.58644
-0.34592 -0.82462
-0.966246 -2.4377
0.370588 0.56788
1.16555 -2.52485
-1.28553 -1.11465
-0.0491352 -0.491797
-0.180439 -1.23857
-1.04251 -1.83625
-0.152393 -0.419451
-0.209328 -1.28729
-1.01138 -1.68443
-0.299803 -0.701725
-0.879471 -2.63374
0.523233 0.843284
1.00036 -2.7347
-0.99611 -0.434991
-0.470149 -1.59649
-0.67383 -0.935688
-0.856634 -1.90792
-0.259416 -0.466106
-0.538231 -2.11866
-0.226194 -0.131183
0.861601 0.51975
1.08791 -1.95342
-1.298 -2.75977
1.49986 1.37227
0.912299 -0.896152
0.833336 0.302688
1.18865 -1.7867
-1.10523 -3.33795
1.79867 1.26986
0.759294 -0.450366
1.52991 -0.283838
1.08271 0.139339
1.27455 -1.19858
-0.19788 -1.57019
-0.862875 -1.11957
-0.696888 -1.56163
-0.585871 -0.986524
-0.896809 -1.88923
-0.24741 -0.479057
-0.548296 -2.14995
-0.193905 -0.082998
1.1822 0.682986
1.07527 -1.39298
-0.590743 -2.78557
0.507048 0.985612
0.953162 -2.87278
-0.809953 -0.100995
-0.127543 -0.949547
-1.01417 -2.58619
0.631025 0.917316
0.946769 -2.63603
-1.03674 -0.569224
-0.500489 -1.59853
-0.656643 -0.928755
-0.866831 -1.92966
-0.235347 -0.427969
-0.416231 -1.79732
-0.552252 -0.626263
-0.847278 -2.40156
0.209386 0.383451
1.34344 -2.11768
-1.39352 -2.53085
1.50771 1.30969
0.934059 -0.856039
0.973503 0.392691
1.15089 -1.64735
-0.922051 -3.451
1.69924 1.4954
0.809634 -0.611317
1.43413 0.190004
1.25644 -0.442777
1.34942 -0.00647562
1.31641 -0.453484
1.29144 0.0918187
1.30293 -0.699523
1.05551 0.29664
1.20298 -1.40728
-0.586914 -2.83453
0.566465 1.06736
0.907441 -2.83771
-0.796603 -0.108154
-0.148842 -0.99913
-1.04146 -2.44579
0.487133 0.700998
1.06684 -2.63184
-1.14366 -0.73874
-0.383764 -1.26749
-0.91815 -1.5367
-0.473246 -0.991532
-0.951345 -1.97502
-0.132246 -0.30008
0.381059 -0.106606
1.57065 -0.952188
-0.116096 -1.44884
-0.996093 -1.4612
-0.448754 -1.03447
-0.956967 -1.91984
-0.174184 -0.387178
-0.151848 -1.14647
-1.06774 -2.10131
0.125339 0.0927465
1.59985 -1.09415
-0.413009 -2.37555
-0.0308065 0.292265
1.57009 -1.43786
-0.74976 -3.54735
1.64488 1.6362
0.791728 -0.748877
1.18405 0.467595
1.15686 -1.26474
-0.325074 -1.90275
-0.515077 -0.473994
-0.724643 -2.39427
0.121882 0.320923
1.4411 -1.84764
-1.18758 -3.34895
1.91755 0.995196
0.509435 -0.572887
1.30505 0.497505
1.172 -0.995441
0.503197 -0.133229
1.52777 -1.057
-0.227013 -1.73496
-0.718071 -0.796699
-0.834253 -2.05721
-0.147246 -0.231619
0.6675 0.303075
1.20902 -1.97331
-1.29991 -2.87123
1.63436 1.30891
0.909638 -0.608643
1.43097 0.123159
1.26842 -0.389953
1.3575 -0.076765
1.32286 -0.351527
1.3269 -0.0460434
1.32946 -0.459938
1.2738 0.116469
1.29601 -0.766563
0.946618 0.272363
1.20375 -1.58126
-0.816991 -3.42328
1.55343 1.63238
0.817103 -0.89356
0.743306 0.236808
1.23094 -1.81256
-1.13056 -3.3233
1.81807 1.22415
0.735186 -0.437879
1.53604 -0.305508
1.05435 0.148158
1.26838 -1.26124
-0.341657 -1.99039
-0.429383 -0.329808
-0.459665 -1.85152
-0.487173 -0.539165
-0.78329 -2.47211
0.243394 0.479259
1.26718 -2.35124
-1.40092 -1.71243
0.685078 0.754921
0.999963 -2.43155
-1.23982 -1.12223
-0.180155 -0.737041
-0.855402 -2.72549
0.621023 0.98922
0.922513 -2.69937
-0.953632 -0.403582
-0.49533 -1.67948
-0.601935 -0.803762
-0.892702 -2.15604
-0.014327 -0.0331073
1.6249 0.0269454
1.05 0.0326533
1.31947 -1.13084
-0.0606267 -1.23252
-1.09454 -2.07008
0.135571 0.0922217
1.59409 -1.12003
-0.438831 -2.47001
0.0777412 0.447106
1.38062 -2.12424
-1.40176 -2.53116
1.53355 1.29562
0.938373 -0.795419
1.13689 0.430058
1.16135 -1.3449
-0.490721 -2.45929
0.0877158 0.426908
1.38804 -2.08519
-1.38395 -2.6615
1.61909 1.26287
0.930735 -0.614365
1.4221 0.132652
1.27031 -0.420646
1.34692 -0.0229594
1.31983 -0.44039
1.29491 0.0780131
1.30662 -0.676721
1.08518 0.293799
1.20836 -1.3458
-0.491181 -2.48064
0.11051 0.462589
1.35013 -2.20428
-1.4218 -2.25082
1.30063 1.28644
0.900266 -1.32801
-0.583514 -2.68172
0.376918 0.806772
1.06317 -2.8469
-0.948702 -0.287593
-0.375257 -1.43858
-0.831797 -1.23088
-0.680161 -1.4328
-0.670317 -1.17222
-0.79881 -1.55769
-0.536378 -0.993159
-0.920901 -1.91556
-0.208103 -0.422577
-0.350025 -1.62916
-0.718759 -0.91529
-0.832981 -1.90642
-0.274905 -0.474967
-0.573925 -2.20663
-0.131492 0.00452891
1.5641 0.323946
1.1675 -0.241807
1.40377 -0.510467
1.13062 0.221603
1.24506 -1.18674
-0.147602 -1.42881
-0.985505 -1.46139
-0.458661 -1.04495
-0.950361 -1.89074
-0.203937 -0.440685
-0.392004 -1.74125
-0.60943 -0.719117
-0.871704 -2.2548
0.0688787 0.129739
1.61185 -1.08166
-0.414739 -2.38855
-0.0168457 0.31352
1.54434 -1.54932
-0.859015 -3.64921
1.8551 1.36277
0.638752 -0.54543
1.46883 0.205176
1.24047 -0.370291
1.37906 -0.156564
1.31398 -0.204217
1.35008 -0.27969
1.32162 -0.09995
1.33908 -0.404651
1.29274 0.0552265
1.31302 -0.657237
1.10369 0.287575
1.21375 -1.3026
-0.411677 -2.20136
-0.20212 0.0103697
1.46433 0.540571
1.1698 -0.620729
1.30525 0.208984
1.26766 -0.779927
0.963113 0.289738
1.19662 -1.57087
-0.804136 -3.40442
1.51611 1.64726
0.813291 -0.970195
0.425641 -0.179342
1.58233 -0.774087
0.217862 -0.717677
-0.209318 -1.36207
-0.979195 -1.5241
-0.430412 -0.965969
-0.971644 -2.06838
-0.0277335 -0.117431
1.47797 0.467353
1.18609 -0.541336
1.35392 0.0829526
1.29797 -0.539725
1.25299 0.186328
1.27237 -0.88359
0.715683 0.104921
1.3091 -1.63686
-0.88676 -3.52765
1.75053 1.47206
0.769989 -0.561255
1.47903 0.0749465
1.24632 -0.230894
1.37954 -0.378972
1.26076 0.0791616
1.30769 -0.757762
0.944801 0.267191
1.20609 -1.57892
-0.813451 -3.42062
1.54644 1.63613
0.816323 -0.908017
0.685826 0.174156
1.27603 -1.76847
-1.06835 -3.43299
1.84911 1.22068
0.675074 -0.46911
1.53473 -0.125185
1.15545 0.0455904
1.31754 -0.948856
0.464272 -0.225033
1.58271 -0.679283
0.406984 -0.394004
1.52526 0.172601
1.20782 -0.212385
1.38876 -0.484241
1.17884 0.197128
1.26099 -1.06095
0.211192 -0.638648
0.0968955 -0.672978
-0.387297 -1.80724
-0.559715 -0.614633
-0.83938 -2.3996
0.201023 0.374846
1.3539 -2.08925
-1.38132 -2.63062
1.57917 1.28902
0.934474 -0.699974
1.32126 0.32755
1.23102 -0.838811
0.884475 0.26019
1.20822 -1.66586
-0.934042 -3.47997
1.74585 1.44617
0.783 -0.549433
1.48774 0.0241358
1.23941 -0.164472
1.37264 -0.494711
1.19391 0.195808
1.26325 -1.02666
0.314521 -0.452185
1.28222 0.561674
1.14495 -1.0893
0.202098 -0.62983
0.103251 -0.658781
-0.329147 -1.64909
-0.71692 -0.890477
-0.835922 -1.94078
-0.245499 -0.420112
-0.413926 -1.78824
-0.560676 -0.640861
-0.853849 -2.38263
0.19322 0.352631
1.3734 -2.02704
-1.34555 -2.84022
1.70664 1.21389
0.888412 -0.463796
1.4998 -0.29005
1.13544 0.128631
1.28363 -1.0832
0.117537 -0.828621
-0.68495 -2.65175
0.394714 0.771062
1.07016 -2.79122
-1.008 -0.406226
-0.429461 -1.51042
-0.754333 -1.08442
-0.778744 -1.65619
-0.485058 -0.853827
-0.944711 -2.20397
0.0802815 0.0985687
1.62227 -0.985979
-0.294803 -1.97988
-0.465269 -0.356446
-0.543187 -2.05109
-0.284036 -0.237533
0.135871 -0.517767
0.383729 -0.141159
1.58486 -0.830084
0.0939894 -0.965085
-0.903496 -2.90021
0.920402 1.30942
0.796636 -2.23141
-1.22168 -1.28643
-0.179978 -0.688719
-0.799619 -2.69441
0.528519 0.89524
0.97949 -2.77216
-0.939848 -0.332348
-0.439732 -1.58005
-0.701676 -0.967809
-0.836408 -1.84464
-0.320895 -0.569824
-0.752711 -2.55666
0.322097 0.621245
1.16045 -2.61912
-1.22085 -0.880322
-0.236762 -0.91573
-1.00825 -2.45261
0.445357 0.65776
1.09832 -2.61483
-1.18081 -0.816555
-0.323186 -1.11276
-1.00214 -1.90679
-0.140665 -0.359935
0.0644304 -0.682181
-0.481098 -2.06604
-0.296235 -0.207511
0.234167 -0.333032
1.43927 0.441705
1.19846 -0.622155
1.27999 0.226952
1.26063 -0.85674
0.801128 0.188668
1.2492 -1.68641
-0.957027 -3.49688
1.78945 1.38296
0.746398 -0.50659
1.51432 -0.0820241
1.19735 -0.0176811
1.34002 -0.784674
0.832789 0.188569
1.2464 -1.64932
-0.905268 -3.49885
1.73674 1.47346
0.783977 -0.569192
1.47292 0.0863273
1.25005 -0.255375
1.37981 -0.332632
1.28024 0.02263
1.32293 -0.649806
1.09894 0.283372
1.21481 -1.30862
-0.423696 -2.2429
-0.157262 0.0765867
1.63725 0.0672115
1.0393 0.0201841
1.32483 -1.13257
-0.0715786 -1.26033
-1.08785 -1.97835
0.034325 -0.089913
1.60091 0.111867
1.11553 -0.0339884
1.34751 -0.92549
0.474176 -0.218362
1.57736 -0.723377
0.337639 -0.503523
1.17053 0.578673
1.11125 -1.36424
-0.53332 -2.59346
0.251702 0.652634
1.17646 -2.67559
-1.19032 -0.769459
-0.290281 -1.05872
-1.02252 -2.06704
0.0285149 -0.051269
1.63283 -0.0610457
0.993545 0.063957
1.3043 -1.26421
-0.366173 -2.08216
-0.334161 -0.180588
0.237865 -0.320445
1.4707 0.388015
1.206 -0.506366
1.35884 0.0399542
1.30559 -0.482424
1.28574 0.118838
1.29517 -0.74084
0.996722 0.290705
1.1989 -1.51243
-0.726676 -3.26915
1.25882 1.64583
0.762801 -1.53094
-1.00057 -3.22554
1.51616 1.53802
0.853794 -0.925428
0.668879 0.147539
1.29532 -1.73552
-1.02286 -3.48609
1.85012 1.25224
0.66826 -0.484829
1.52697 -0.0579338
1.18635 -0.0177371
1.34039 -0.807549
0.782252 0.147683
1.27345 -1.64888
-0.902892 -3.51265
1.74996 1.46219
0.773652 -0.556133
1.48307 0.0547465
1.24369 -0.20314
1.37739 -0.427535
1.23644 0.132433
1.28984 -0.869161
0.725365 0.10981
1.30426 -1.63841
-0.888637 -3.52563
1.75014 1.47123
0.770674 -0.560977
1.47927 0.0733488
1.2462 -0.228872
1.3794 -0.382408
1.25923 0.0830726
1.3065 -0.765492
0.93165 0.261555
1.20823 -1.59446
-0.834261 -3.44272
1.59563 1.60871
0.818806 -0.809334
1.03766 0.447461
1.13568 -1.56707
-0.813472 -3.38305
1.49758 1.64438
0.813935 -1.00543
0.278441 -0.425659
1.28255 0.570275
1.142 -1.09334
0.189159 -0.653973
-0.0508445 -0.982391
-1.01376 -2.67093
0.74811 1.06536
0.877371 -2.50885
-1.08456 -0.745833
-0.490028 -1.49026
-0.733719 -1.10103
-0.786352 -1.64091
-0.49108 -0.875599
-0.945123 -2.16082
0.0364532 0.0200373
1.65958 -0.463178
0.506809 -0.2826
1.58179 -0.542838
0.651612 -0.071665
1.43188 -1.31219
-0.525795 -2.72131
0.396505 0.870392
1.03231 -2.90077
-0.864689 -0.1467
-0.212492 -1.11708
-1.0481 -2.06185
0.0569614 -0.0176343
1.65414 -0.353769
0.676499 -0.0838845
1.43085 -1.28533
-0.488477 -2.57422
0.211063 0.620198
1.20975 -2.61201
-1.25668 -0.950521
-0.144484 -0.713044
-0.801526 -2.71724
0.560007 0.937329
0.955516 -2.76036
-0.927305 -0.324625
-0.444122 -1.59723
-0.687315 -0.939217
-0.848637 -1.89405
-0.275379 -0.490339
-0.601686 -2.2771
-0.0531885 0.116656
1.67139 -0.595167
0.248348 -0.695778
-0.0227441 -0.930411
-0.955177 -2.79321
0.834729 1.19456
0.829963 -2.38338
-1.14433 -0.960907
-0.406577 -1.22973
-0.921452 -1.58952
-0.439588 -0.915927
-0.967121 -2.15001
0.0477248 0.024464
1.65785 -0.529714
0.408658 -0.422256
1.48835 0.278177
1.2207 -0.381763
1.3882 -0.168689
1.3071 -0.169576
1.35159 -0.343359
1.30436 -0.0092227
1.32742 -0.556623
1.20131 0.224951
1.25311 -1.03721
0.293819 -0.485898
1.11671 0.581072
1.0973 -1.48767
-0.717513 -3.19151
1.14241 1.5864
0.749469 -1.78735
-1.26004 -2.55496
1.13045 1.30093
0.842936 -1.73946
-1.19465 -2.93098
1.47054 1.43746
0.887141 -0.983289
0.481194 -0.107933
1.52378 -1.10819
-0.313885 -1.99748
-0.438487 -0.323462
-0.45567 -1.83808
-0.499895 -0.560018
-0.803004 -2.47003
0.254652 0.484704
1.25859 -2.36751
-1.39446 -1.65464
0.611766 0.655738
1.05326 -2.44777
-1.26441 -1.16153
-0.104779 -0.584364
-0.557713 -2.22799
-0.117629 0.040772
1.6282 0.0853846
1.06263 0.00711461
1.33076 -1.07555
0.0783303 -0.922219
-0.864679 -2.88704
0.855624 1.26326
0.80716 -2.36151
-1.14163 -0.974239
-0.410781 -1.2325
-0.917924 -1.58111
-0.447291 -0.929639
-0.964919 -2.11597
0.0114531 -0.039884
1.63335 -0.0478335
0.999249 0.0604739
1.30599 -1.25068
-0.339426 -1.99625
-0.425395 -0.320766
-0.435428 -1.7901
-0.548085 -0.63571
-0.85326 -2.40036
0.212802 0.385196
1.34037 -2.12489
-1.39615 -2.50499
1.48781 1.31292
0.932057 -0.900779
0.830417 0.295965
1.1921 -1.78309
-1.09976 -3.34763
1.80147 1.26983
0.754788 -0.451264
1.53059 -0.277263
1.0858 0.136551
1.27601 -1.18966
-0.176 -1.51175
-0.917404 -1.25548
-0.609667 -1.36171
-0.745387 -1.28267
-0.710904 -1.38203
-0.681719 -1.2444
-0.763296 -1.44766
-0.61877 -1.14919
-0.835862 -1.6102
-0.48327 -0.914916
-0.950399 -2.10186
-0.0166668 -0.0807047
1.56406 0.273059
1.17051 -0.206351
1.39606 -0.564631
1.08537 0.244735
1.22937 -1.30056
-0.410315 -2.20247
-0.201675 0.0121717
1.4697 0.533101
1.17112 -0.602811
1.32042 0.180154
1.27638 -0.716729
1.06652 0.308769
1.19924 -1.39641
-0.571318 -2.77484
0.48359 0.964964
0.967901 -2.8888
-0.809137 -0.0892714
-0.0962583 -0.883298
-0.952626 -2.73918
0.754387 1.10448
0.863121 -2.51421
-1.06682 -0.711752
-0.509217 -1.54695
-0.686922 -1.00824
-0.837572 -1.79466
-0.3574 -0.645406
-0.848377 -2.59468
0.44268 0.745251
1.06335 -2.72216
-1.06455 -0.539678
-0.4421 -1.47716
-0.768522 -1.13534
-0.754495 -1.58117
-0.545334 -0.960933
-0.920585 -1.96297
-0.168781 -0.345015
0.035037 -0.737621
-0.642641 -2.51138
0.208883 0.515459
1.26433 -2.40695
-1.38536 -1.54499
0.496217 0.483944
1.16119 -2.34807
-1.36475 -1.59329
0.440766 0.413856
1.21634 -2.26056
-1.39858 -1.93575
0.875248 0.993021
0.902524 -2.2175
-1.29369 -1.53604
0.14323 -0.0591528
1.64389 -0.480361
0.53751 -0.23488
1.56013 -0.769534
0.298007 -0.564969
0.794714 0.377169
1.15453 -1.92195
-1.26282 -2.95977
1.65192 1.32002
0.897305 -0.585869
1.45089 0.0642064
1.26507 -0.285713
1.37353 -0.254625
1.30746 -0.0891558
1.34201 -0.450713
1.26522 0.119435
1.29504 -0.789649
0.901192 0.249468
1.21344 -1.62891
-0.881062 -3.47503
1.68363 1.53246
0.808002 -0.647197
1.38956 0.2884
1.24312 -0.637229
1.21961 0.266175
1.24011 -1.03203
0.324425 -0.429728
1.36351 0.504241
1.17878 -0.853839
0.906686 0.289996
1.19397 -1.66428
-0.934728 -3.47256
1.73818 1.45324
0.788848 -0.557459
1.48195 0.044558
1.24457 -0.19611
1.37619 -0.436509
1.23227 0.140946
1.28667 -0.887244
0.683942 0.0672323
1.33872 -1.58868
-0.825547 -3.5062
1.66505 1.57876
0.802807 -0.693145
1.31306 0.393571
1.20849 -0.907413
0.735211 0.14212
1.28406 -1.68235
-0.949178 -3.51701
1.80283 1.37164
0.729292 -0.503838
1.51659 -0.072513
1.1966 -0.022144
1.3415 -0.780572
0.838644 0.192368
1.24402 -1.64701
-0.902281 -3.49709
1.73161 1.48013
0.786889 -0.576047
1.46721 0.105034
1.25243 -0.285921
1.37944 -0.278407
1.29718 -0.0471931
1.33694 -0.527271
1.21548 0.202289
1.26324 -0.984545
0.443133 -0.243188
1.5929 -0.563591
0.581375 -0.156804
1.50725 -1.06462
-0.202696 -1.65819
-0.795423 -0.951179
-0.780762 -1.80972
-0.377022 -0.628949
-0.839451 -2.57898
0.414927 0.709474
1.08733 -2.70142
-1.10263 -0.612329
-0.415056 -1.38446
-0.83987 -1.30444
-0.644423 -1.33312
-0.741863 -1.32148
-0.695014 -1.32787
-0.717535 -1.32367
-0.707378 -1.32742
-0.711085 -1.32308
-0.711176 -1.32894
-0.708288 -1.32051
-0.713933 -1.33293
-0.704853 -1.31453
-0.718669 -1.34193
-0.697872 -1.30122
-0.728777 -1.36201
-0.682393 -1.27179
-0.750804 -1.4072
-0.647215 -1.20657
-0.798206 -1.5122
-0.563478 -1.05697
-0.894144 -1.78782
-0.326549 -0.638062
-0.830261 -2.61664
0.45449 0.772887
1.04854 -2.74212
-1.03364 -0.480212
-0.451725 -1.5278
-0.730383 -1.04945
-0.802604 -1.7148
-0.43327 -0.768082
-0.933866 -2.40095
0.288717 0.457833
1.25716 -2.32793
-1.40222 -1.77272
0.740648 0.828481
0.965075 -2.39137
-1.2415 -1.16972
-0.165923 -0.696861
-0.798689 -2.70191
0.537523 0.908186
0.972204 -2.77029
-0.934384 -0.326633
-0.439088 -1.58224
-0.70052 -0.964433
-0.837605 -1.8501
-0.316046 -0.561199
-0.739109 -2.54063
0.294504 0.587213
1.1878 -2.56562
-1.27353 -1.03881
-0.0941353 -0.594264
-0.561573 -2.24251
-0.1023 0.0638647
1.65663 -0.105555
0.905924 0.0490683
1.31377 -1.36826
-0.545529 -2.73512
0.422398 0.8951
1.01388 -2.89993
-0.846496 -0.125823
-0.175791 -1.04287
-1.0526 -2.29729
0.320293 0.43608
1.25461 -2.29569
-1.4058 -1.86989
0.843245 0.95154
0.916144 -2.26472
-1.28041 -1.42667
0.0394087 -0.260108
1.21259 0.638767
1.09973 -1.29872
-0.411683 -2.16125
-0.23979 -0.0536506
1.15997 0.688448
1.06728 -1.44759
-0.673241 -3.05552
0.916378 1.42448
0.757627 -2.2733
-1.16492 -1.10223
-0.351795 -1.06983
-0.996221 -1.95912
-0.102009 -0.278722
0.610731 0.225097
1.2658 -1.89309
-1.22128 -3.16161
1.79067 1.19896
0.786669 -0.413999
1.52601 -0.41815
0.97566 0.167139
1.2549 -1.41894
-0.604118 -2.92523
0.693444 1.21785
0.829948 -2.68349
-0.871952 -0.305132
-0.470094 -1.686
-0.609833 -0.7953
-0.888101 -2.15984
-0.0142377 -0.0295132
1.6282 0.00787805
1.03595 0.0417773
1.31514 -1.1665
-0.15004 -1.45451
-0.969867 -1.40352
-0.501848 -1.13539
-0.904292 -1.69263
-0.386122 -0.775833
-0.941734 -2.45332
0.360782 0.567138
1.16977 -2.52596
-1.28727 -1.11687
-0.0432588 -0.48036
-0.118775 -1.09486
-1.07131 -2.28893
0.340569 0.457436
1.23371 -2.33981
-1.39268 -1.71018
0.646826 0.708575
1.02464 -2.45028
-1.24443 -1.11236
-0.169668 -0.719789
-0.828931 -2.72252
0.591403 0.964462
0.937938 -2.73146
-0.937919 -0.359338
-0.470652 -1.64417
-0.639931 -0.860591
-0.878736 -2.04133
-0.132013 -0.239525
0.68815 0.325621
1.19326 -1.98522
-1.30991 -2.81414
1.59372 1.32823
0.918015 -0.688644
1.33909 0.312246
1.23699 -0.782771
0.999089 0.313602
1.1888 -1.5297
-0.75067 -3.31461
1.34365 1.66391
0.78015 -1.34245
-0.707578 -3.00656
0.875384 1.36546
0.773779 -2.34923
-1.1222 -0.945169
-0.445767 -1.31226
-0.860854 -1.41455
-0.578743 -1.18009
-0.84631 -1.57656
-0.497743 -0.960587
-0.942975 -2.0066
-0.111916 -0.25394
0.695896 0.331807
1.18872 -1.98575
-1.31058 -2.80662
1.58678 1.33159
0.918662 -0.703082
1.3173 0.33981
1.2267 -0.857867
0.843875 0.232955
1.22296 -1.69095
-0.966933 -3.4801
1.78196 1.38529
0.756307 -0.507346
1.51324 -0.0895799
1.19695 -0.0129253
1.33848 -0.791511
0.821096 0.180218
1.25172 -1.65231
-0.908955 -3.50214
1.74433 1.46382
0.77919 -0.559716
1.48038 0.060822
1.24567 -0.21477
1.37815 -0.405532
1.24851 0.108544
1.2983 -0.817037
0.836204 0.205054
1.23764 -1.66624
-0.929963 -3.49549
1.75895 1.4354
0.771514 -0.538125
1.49554 -0.00183666
1.23079 -0.124128
1.36633 -0.571266
1.1285 0.248535
1.23368 -1.2162
-0.21965 -1.61825
-0.813042 -1.01114
-0.75872 -1.72426
-0.449086 -0.755071
-0.926201 -2.39814
0.277276 0.444112
1.27046 -2.29607
-1.40995 -1.88574
0.876303 0.985559
0.905281 -2.212
-1.2973 -1.55765
0.168738 -0.0124108
1.6276 -0.783206
0.054552 -1.06533
-1.03291 -2.72557
0.857418 1.17947
0.835922 -2.3291
-1.18847 -1.1056
-0.303952 -0.978311
-1.01525 -2.21562
0.173385 0.213383
1.48582 -1.61907
-0.912267 -3.62924
1.8821 1.28116
0.594034 -0.555427
1.43073 0.316484
1.23087 -0.554852
1.30915 0.148485
1.28587 -0.714158
1.05716 0.304342
1.19985 -1.41097
-0.592295 -2.8527
0.592575 1.09832
0.890124 -2.81218
-0.804365 -0.134322
-0.21207 -1.13558
-1.04687 -2.0204
0.0149744 -0.0949481
1.57731 0.215149
1.1575 -0.139836
1.38108 -0.694355
0.925802 0.229433
1.22347 -1.56882
-0.797604 -3.41066
1.51774 1.65067
0.812 -0.968487
0.430591 -0.171394
1.57743 -0.813592
0.151059 -0.845402
-0.667586 -2.6241
0.351611 0.717995
1.10745 -2.75086
-1.07669 -0.531793
-0.417025 -1.42223
-0.816751 -1.23802
-0.687042 -1.42802
-0.669458 -1.17902
-0.79672 -1.54774
-0.543479 -1.00729
-0.915056 -1.8858
-0.236666 -0.47428
-0.524418 -2.08979
-0.257479 -0.174833
0.529752 0.13743
1.34597 -1.74925
-1.04407 -3.49537
1.8825 1.18129
0.603786 -0.51542
1.48958 0.165432
1.23389 -0.287013
1.38744 -0.311546
1.27974 0.00862371
1.32668 -0.634705
1.1136 0.27775
1.21936 -1.27346
-0.351629 -2.00562
-0.410531 -0.304043
-0.377012 -1.64424
-0.691526 -0.880471
-0.850929 -1.97288
-0.209786 -0.364248
-0.164382 -1.16866
-1.06213 -2.02591
0.0414495 -0.0568911
1.63444 -0.0864568
0.975512 0.0685031
1.30207 -1.29802
-0.429453 -2.29697
-0.102288 0.163581
1.67726 -0.637517
0.15346 -0.878651
-0.718673 -2.74319
0.530378 0.943523
0.961333 -2.80791
-0.8857 -0.237878
-0.365933 -1.45009
-0.830427 -1.21582
-0.686834 -1.45305
-0.655535 -1.14281
-0.817728 -1.60677
-0.49581 -0.9222
-0.945295 -2.07587
-0.0462907 -0.131744
1.40591 0.565552
1.16362 -0.782824
1.07835 0.35467
1.18147 -1.41155
-0.594449 -2.85113
0.591785 1.09607
0.891097 -2.81226
-0.805365 -0.135494
-0.21456 -1.1408
-1.04535 -2.0044
-0.00222465 -0.126263
1.50125 0.417602
1.19046 -0.450998
1.39032 -0.0839009
1.30732 -0.267732
1.35197 -0.200296
1.32922 -0.205002
1.34224 -0.246433
1.33201 -0.161618
1.34016 -0.300047
1.32541 -0.0899128
1.33649 -0.408881
1.29342 0.0573066
1.3124 -0.6579
1.1037 0.287897
1.21361 -1.30288
-0.412209 -2.20312
-0.20022 0.0131704
1.47488 0.525343
1.17237 -0.58518
1.33387 0.15048
1.28406 -0.655892
1.14666 0.289431
1.21976 -1.21382
-0.207651 -1.58134
-0.848096 -1.0897
-0.71585 -1.60674
-0.548211 -0.922767
-0.922023 -2.02423
-0.114119 -0.241011
0.75164 0.394802
1.14971 -1.99823
-1.32155 -2.71195
1.50493 1.35665
0.917894 -0.879457
0.892629 0.347568
1.16644 -1.74545
-1.05583 -3.3875
1.7866 1.31974
0.766374 -0.473303
1.52411 -0.213076
1.13537 0.0965679
1.29656 -1.04823
0.205837 -0.657356
-0.00667692 -0.888243
-0.898801 -2.83875
0.826585 1.2145
0.822978 -2.40793
-1.11915 -0.890478
-0.451001 -1.34624
-0.840139 -1.3529
-0.622182 -1.26843
-0.784994 -1.4235
-0.619794 -1.18136
-0.823317 -1.55934
-0.52164 -0.988475
-0.928811 -1.93592
-0.184939 -0.383782
-0.168909 -1.18425
-1.05858 -1.98131
-0.0058942 -0.143572
1.45649 0.493249
1.18313 -0.611687
1.30306 0.202304
1.26968 -0.77922
0.961607 0.288394
1.19714 -1.57213
-0.805744 -3.40669
1.52068 1.64564
0.813881 -0.960686
0.466585 -0.116667
1.53547 -1.0616
-0.250423 -1.80648
-0.643384 -0.660299
-0.839229 -2.2741
0.0648829 0.145614
1.60491 -1.13456
-0.471448 -2.60449
0.237561 0.671503
1.17443 -2.70689
-1.16485 -0.698458
-0.326063 -1.15735
-0.990444 -1.81072
-0.229782 -0.530621
-0.620809 -2.34412
0.0212502 0.227279
1.58004 -1.33215
-0.651205 -3.30337
1.24175 1.67792
0.746469 -1.58031
-1.07889 -3.1257
1.50573 1.49662
0.868592 -0.930485
0.667336 0.142937
1.29839 -1.72864
-1.01338 -3.49471
1.84838 1.26188
0.67031 -0.486866
1.5259 -0.0536529
1.18873 -0.02297
1.34206 -0.795938
0.804685 0.165984
1.26086 -1.65155
-0.907216 -3.50671
1.74769 1.46164
0.776278 -0.556872
1.48253 0.0545335
1.24411 -0.20415
1.37739 -0.425123
1.23794 0.129769
1.29082 -0.86304
0.739146 0.123194
1.29396 -1.64973
-0.903871 -3.52366
1.76331 1.44785
0.762679 -0.543576
1.49212 0.0249791
1.23562 -0.15599
1.37197 -0.515104
1.17698 0.21275
1.25469 -1.07973
0.15981 -0.736567
-0.420827 -1.91883
-0.45044 -0.435394
-0.655295 -2.31611
0.00761381 0.179555
1.61965 -1.10303
-0.453383 -2.54155
0.160456 0.566005
1.26165 -2.48255
-1.35543 -1.33114
0.260666 0.0919805
1.51667 -1.39701
-0.672543 -3.32462
1.28818 1.68697
0.756664 -1.47601
-0.927641 -3.25308
1.4544 1.58436
0.832224 -1.07122
0.0427285 -0.890617
-0.858524 -2.86436
0.816642 1.22431
0.819548 -2.43267
-1.09596 -0.827053
-0.484661 -1.44161
-0.766717 -1.18088
-0.739824 -1.51924
-0.590343 -1.04868
-0.881852 -1.78506
-0.336889 -0.647301
-0.843221 -2.61105
0.458845 0.771781
1.04753 -2.73674
-1.03762 -0.490065
-0.452634 -1.52518
-0.731608 -1.05347
-0.800853 -1.70862
-0.438426 -0.7772
-0.936758 -2.38141
0.268757 0.423755
1.28656 -2.25018
-1.41489 -2.04815
1.05826 1.15562
0.873593 -1.86791
-1.28038 -2.60052
1.24949 1.35395
0.861176 -1.4696
-0.828035 -3.25893
1.34506 1.62327
0.795219 -1.32582
-0.668252 -2.90729
0.711062 1.20363
0.832629 -2.64276
-0.915988 -0.391903
-0.523699 -1.76284
-0.52658 -0.676322
-0.878084 -2.3929
0.225138 0.389509
1.33068 -2.1456
-1.40267 -2.42966
1.42658 1.31627
0.922725 -1.04033
0.294545 -0.416611
1.34224 0.53069
1.1673 -0.923064
0.730671 0.148108
1.28155 -1.69519
-0.967163 -3.5105
1.81487 1.3435
0.716543 -0.494858
1.52155 -0.0885332
1.18615 -0.000897113
1.3347 -0.829164
0.743684 0.114323
1.29812 -1.63221
-0.879933 -3.51939
1.73429 1.49192
0.780514 -0.580685
1.4628 0.125649
1.25314 -0.315232
1.37814 -0.22852
1.30809 -0.114202
1.34546 -0.416563
1.28032 0.0799895
1.30686 -0.713183
1.0269 0.292255
1.20136 -1.45817
-0.656136 -3.075
0.930402 1.44704
0.751725 -2.24738
-1.17802 -1.15691
-0.314395 -0.979651
-1.01253 -2.19682
0.149415 0.173507
1.53093 -1.44643
-0.732789 -3.48793
1.55634 1.67989
0.798743 -0.909804
0.651516 0.137029
1.30598 -1.7263
-1.01022 -3.50091
1.85119 1.25971
0.664869 -0.489804
1.52392 -0.034614
1.19514 -0.0421076
1.34797 -0.757865
0.872809 0.213362
1.23164 -1.62821
-0.877479 -3.48312
1.68952 1.53039
0.804754 -0.639671
1.39926 0.272016
1.24634 -0.599562
1.25614 0.224109
1.2596 -0.910722
0.661749 0.0498355
1.35527 -1.56443
-0.797321 -3.48457
1.61145 1.6238
0.808838 -0.791155
1.08286 0.46202
1.13761 -1.48414
-0.700989 -3.17139
1.1 1.56597
0.745052 -1.88213
-1.29058 -2.22922
0.799271 0.976996
0.906697 -2.36548
-1.21717 -1.13787
-0.233523 -0.833948
-0.963298 -2.59482
0.56969 0.861828
0.980998 -2.68812
-1.02119 -0.505927
-0.486867 -1.5992
-0.663192 -0.929152
-0.863214 -1.92457
-0.241831 -0.437446
-0.450476 -1.88764
-0.462107 -0.483267
-0.719809 -2.42294
0.150287 0.370694
1.38726 -2.02182
-1.34371 -2.86235
1.72475 1.19517
0.875119 -0.43722
1.50468 -0.367144
1.0711 0.169919
1.26021 -1.25348
-0.321026 -1.92298
-0.499976 -0.442234
-0.684963 -2.3436
0.0489024 0.227442
1.56089 -1.40374
-0.707933 -3.45309
1.48987 1.70397
0.790954 -1.04541
0.0707958 -0.823496
-0.73572 -2.7377
0.535259 0.94052
0.96104 -2.79869
-0.894719 -0.255679
-0.385299 -1.48872
-0.794293 -1.13847
-0.737367 -1.56795
-0.562127 -0.979347
-0.910026 -1.91857
-0.214036 -0.424626
-0.367726 -1.67412
-0.674737 -0.834267
-0.860106 -2.04826
-0.13867 -0.236783
0.675495 0.311496
1.20299 -1.97798
-1.3039 -2.84929
1.61907 1.31675
0.913548 -0.638022
1.40251 0.198431
1.26312 -0.529242
1.29764 0.140137
1.28859 -0.733743
1.01956 0.298713
1.19765 -1.47795
-0.682242 -3.15269
1.05839 1.54456
0.742108 -1.97472
-1.29027 -1.92004
0.448568 0.489654
1.17435 -2.3792
-1.35971 -1.51993
0.372476 0.300383
1.31108 -2.04293
-1.35017 -2.75099
1.62447 1.28244
0.92237 -0.613557
1.42446 0.132564
1.26948 -0.414753
1.34952 -0.0339416
1.32068 -0.421406
1.30333 0.0523647
1.31274 -0.629098
1.14154 0.27548
1.2246 -1.21274
-0.206763 -1.58027
-0.849488 -1.0925
-0.714104 -1.60249
-0.55177 -0.928759
-0.920065 -2.01115
-0.127372 -0.264681
0.5796 0.187527
1.29726 -1.84023
-1.15964 -3.31257
1.84737 1.15585
0.687164 -0.438664
1.54347 -0.251205
1.07704 0.1282
1.27892 -1.19702
-0.196998 -1.56905
-0.8643 -1.12256
-0.694981 -1.55714
-0.589584 -0.992882
-0.893829 -1.87631
-0.259731 -0.501005
-0.60317 -2.28745
-0.04247 0.133628
1.6649 -0.721697
0.0469998 -1.09656
-1.05878 -2.64578
0.788834 1.09001
0.866544 -2.43846
-1.13275 -0.890811
-0.427453 -1.29934
-0.877828 -1.44786
-0.550372 -1.12985
-0.87993 -1.67308
-0.415712 -0.814047
-0.953831 -2.35601
0.257786 0.395186
1.30949 -2.1828
-1.41022 -2.28956
1.29901 1.29375
0.897262 -1.33403
-0.596027 -2.7233
0.433187 0.879864
1.01556 -2.87367
-0.875065 -0.178373
-0.270369 -1.24121
-0.993834 -1.70343
-0.304448 -0.693212
-0.873566 -2.63234
0.515379 0.835525
1.00555 -2.73754
-0.998347 -0.435825
-0.467869 -1.59035
-0.679298 -0.945781
-0.852362 -1.8898
-0.276446 -0.495906
-0.612265 -2.30285
-0.0236212 0.158589
1.64785 -0.908624
-0.228904 -1.78999
-0.671826 -0.699907
-0.84069 -2.20757
-0.00169777 0.0280292
1.66222 -0.34852
0.655143 -0.109589
1.4529 -1.22371
-0.414865 -2.30963
-0.0960174 0.184721
1.67017 -0.768088
-0.0524154 -1.32861
-1.08294 -1.84634
-0.0902121 -0.329196
0.402424 -0.0784295
1.54526 -1.08845
-0.315773 -2.01267
-0.423799 -0.29856
-0.38094 -1.65041
-0.684681 -0.869104
-0.855055 -1.99352
-0.189699 -0.329251
0.0347342 -0.73472
-0.637971 -2.49915
0.193094 0.493702
1.28471 -2.35147
-1.40628 -1.72941
0.722736 0.801289
0.97722 -2.40411
-1.24177 -1.15657
-0.168204 -0.704826
-0.810162 -2.71063
0.558743 0.930821
0.958217 -2.7574
-0.93297 -0.334138
-0.449034 -1.60375
-0.680076 -0.92781
-0.853989 -1.91506
-0.255349 -0.455677
-0.511507 -2.04839
-0.299161 -0.237971
0.0873108 -0.610035
-0.208204 -1.33324
-0.993231 -1.58666
-0.380718 -0.864867
-0.975675 -2.31933
0.240567 0.353004
1.3457 -2.07474
-1.37249 -2.67273
1.59955 1.28346
0.930996 -0.658758
1.37692 0.242321
1.25627 -0.631381
1.21157 0.264901
1.23945 -1.04928
0.270693 -0.523855
0.885752 0.462967
1.11357 -1.86393
-1.2154 -3.07118
1.6833 1.32486
0.875927 -0.544367
1.47972 -0.0496187
1.24166 -0.110671
1.36133 -0.567178
1.14102 0.245585
1.23668 -1.18718
-0.14398 -1.41724
-0.993908 -1.49123
-0.434902 -0.996478
-0.968058 -2.0058
-0.0892593 -0.230971
0.89673 0.528523
1.08543 -1.89869
-1.25549 -2.92781
1.59924 1.35945
0.906089 -0.691831
1.33475 0.324067
1.23309 -0.802703
0.962835 0.301807
1.19102 -1.58322
-0.821914 -3.42168
1.55636 1.6288
0.818141 -0.886649
0.771112 0.264757
1.21266 -1.81976
-1.14244 -3.29267
1.80332 1.23725
0.758421 -0.436003
1.53175 -0.330715
1.04378 0.156052
1.26403 -1.28918
-0.397475 -2.17172
-0.23643 -0.0368172
1.23504 0.691551
1.08666 -1.27166
-0.354286 -1.97175
-0.438998 -0.357728
-0.524538 -2.01486
-0.32285 -0.291427
-0.183805 -1.19083
-1.05124 -1.9406
-0.0528854 -0.228328
1.04162 0.616812
1.06724 -1.67273
-0.991545 -3.38864
1.70731 1.44545
0.81968 -0.577535
1.46575 0.081574
1.25494 -0.267551
1.37821 -0.303491
1.29154 -0.0170771
1.33139 -0.577022
1.17518 0.244215
1.24214 -1.11242
0.0707367 -0.916401
-0.864585 -2.88267
0.849298 1.2566
0.809168 -2.37316
-1.13442 -0.94963
-0.424678 -1.26957
-0.893651 -1.50317
-0.509729 -1.0488
-0.924054 -1.83986
-0.265692 -0.541499
-0.673726 -2.44927
0.155413 0.409902
1.35762 -2.12603
-1.39904 -2.51254
1.50512 1.30669
0.935019 -0.860545
0.960411 0.385729
1.15274 -1.66523
-0.94706 -3.44961
1.72556 1.45724
0.799908 -0.56811
1.47375 0.0684596
1.25026 -0.23686
1.3786 -0.361705
1.26982 0.0569183
1.31409 -0.712558
1.01638 0.287373
1.20237 -1.47325
-0.675674 -3.13604
1.02995 1.52521
0.742329 -2.03661
-1.27704 -1.72773
0.23061 0.125509
1.51204 -1.44923
-0.724488 -3.45733
1.50985 1.69292
0.7959 -1.00173
0.26072 -0.454309
1.14077 0.591836
1.09887 -1.43985
-0.651454 -3.00472
0.830769 1.34861
0.777574 -2.44302
-1.04776 -0.734486
-0.541646 -1.60299
-0.633002 -0.919489
-0.880279 -1.96036
-0.200949 -0.372721
-0.17167 -1.18753
-1.05697 -1.96886
-0.0196034 -0.16856
1.36056 0.597533
1.14833 -0.914961
0.769033 0.190546
1.25207 -1.72301
-1.00801 -3.47398
1.82117 1.30636
0.713781 -0.480121
1.52816 -0.136873
1.16147 0.0464538
1.31742 -0.937581
0.496092 -0.178667
1.55352 -0.900457
0.035972 -1.07968
-1.05122 -2.65775
0.792312 1.09792
0.863665 -2.43473
-1.13322 -0.894893
-0.426768 -1.2963
-0.879717 -1.45371
-0.546024 -1.12129
-0.885091 -1.68995
-0.401096 -0.787651
-0.94594 -2.41604
0.32011 0.500674
1.2197 -2.41573
-1.36509 -1.4712
0.366172 0.282188
1.32562 -2.00207
-1.32235 -2.89081
1.70616 1.23093
0.884289 -0.472475
1.49978 -0.264736
1.15002 0.111357
1.29174 -1.03472
0.25294 -0.568402
0.607114 0.168951
1.29975 -1.79925
-1.10819 -3.39627
1.86139 1.17037
0.654547 -0.467386
1.53576 -0.10057
1.16222 0.0285337
1.32412 -0.914625
0.547259 -0.109576
1.49501 -1.17103
-0.378278 -2.19954
-0.219028 0.00753002
1.42295 0.593809
1.15602 -0.755611
1.13589 0.353271
1.19204 -1.28948
-0.382129 -2.09499
-0.31463 -0.159295
0.403474 -0.0438189
1.52423 -1.20175
-0.459387 -2.51076
0.129661 0.514276
1.30711 -2.34609
-1.41384 -1.76662
0.787592 0.878267
0.943449 -2.33581
-1.26012 -1.28004
-0.0831388 -0.514057
-0.344301 -1.64524
-0.710408 -0.890608
-0.839701 -1.94532
-0.239532 -0.411892
-0.381675 -1.70414
-0.64387 -0.781286
-0.870726 -2.14498
-0.0417601 -0.0662683
1.55728 0.303845
1.17461 -0.242231
1.40211 -0.496988
1.14635 0.212958
1.25065 -1.14561
-0.0354118 -1.15504
-1.09369 -2.31988
0.417347 0.565439
1.14907 -2.50516
-1.2877 -1.14454
-0.0373558 -0.463111
-0.0287705 -0.894884
-0.922805 -2.81515
0.822827 1.19806
0.828582 -2.41009
-1.12234 -0.894802
-0.445714 -1.33394
-0.849697 -1.37677
-0.60467 -1.23394
-0.809953 -1.48157
-0.574186 -1.09844
-0.877 -1.71253
-0.391164 -0.757339
-0.932248 -2.4711
0.372044 0.590199
1.15461 -2.55884
-1.25801 -1.01713
-0.141454 -0.690499
-0.770083 -2.68336
0.490773 0.85924
1.00405 -2.78907
-0.947652 -0.329938
-0.428417 -1.55158
-0.727509 -1.01702
-0.811897 -1.76152
-0.395667 -0.698651
-0.897429 -2.52845
0.406344 0.662896
1.10975 -2.647
-1.16448 -0.75781
-0.345782 -1.17979
-0.973521 -1.7427
-0.29605 -0.653843
-0.832476 -2.63947
0.485673 0.816501
1.02173 -2.7546
-0.997551 -0.421501
-0.457117 -1.57137
-0.698126 -0.977976
-0.836801 -1.83224
-0.330027 -0.588679
-0.779809 -2.58199
0.371252 0.679403
1.11579 -2.68836
-1.13608 -0.673879
-0.37756 -1.27774
-0.917081 -1.52234
-0.482224 -1.01192
-0.944506 -1.92937
-0.177229 -0.382298
-0.142119 -1.12331
-1.07008 -2.17492
0.207622 0.236159
1.4468 -1.73985
-1.05474 -3.54064
1.93532 1.06653
0.460284 -0.656211
0.918359 0.455787
1.11839 -1.80085
-1.14266 -3.23635
1.74363 1.31257
0.823853 -0.481212
1.51191 -0.223598
1.1509 0.09294
1.29905 -1.01262
0.308637 -0.471007
1.20895 0.583108
1.1193 -1.27721
-0.358704 -1.99575
-0.415541 -0.318894
-0.419492 -1.75202
-0.586156 -0.697309
-0.872468 -2.30394
0.121524 0.219957
1.51608 -1.54165
-0.831918 -3.6151
1.79556 1.45994
0.716916 -0.549669
1.48456 0.0994885
1.2415 -0.240737
1.38208 -0.372891
1.26073 0.0753901
1.30886 -0.753757
0.950584 0.269247
1.20541 -1.57144
-0.803468 -3.40835
1.52056 1.64694
0.813393 -0.961457
0.462524 -0.122696
1.54061 -1.03644
-0.213019 -1.69975
-0.755942 -0.868352
-0.813429 -1.9397
-0.259253 -0.426635
-0.452595 -1.888
-0.460813 -0.48271
-0.718709 -2.42216
0.148849 0.369091
1.38927 -2.01588
-1.33965 -2.8815
1.73483 1.18629
0.866078 -0.424899
1.50685 -0.402813
1.03492 0.178997
1.25299 -1.33014
-0.470071 -2.42242
0.0408437 0.366718
1.4628 -1.84244
-1.18819 -3.36146
1.92897 0.96831
0.471754 -0.617036
1.09924 0.54163
1.10888 -1.50215
-0.733315 -3.2345
1.21667 1.62186
0.758722 -1.62226
-1.12007 -3.05902
1.49003 1.47647
0.875031 -0.955669
0.576572 0.0281425
1.39744 -1.52569
-0.760285 -3.45404
1.53804 1.6682
0.804748 -0.937677
0.547134 0.000969526
1.42661 -1.45531
-0.689589 -3.31271
1.28626 1.6771
0.759654 -1.47727
-0.926759 -3.25463
1.45538 1.58483
0.832186 -1.06932
0.0500856 -0.874877
-0.830968 -2.8528
0.771503 1.18771
0.833176 -2.51392
-1.03866 -0.665889
-0.536527 -1.62872
-0.617819 -0.88038
-0.88981 -2.03092
-0.13328 -0.251006
0.62522 0.248301
1.2487 -1.92264
-1.25256 -3.06539
1.74652 1.23452
0.840591 -0.440738
1.51313 -0.353755
1.06464 0.165115
1.26173 -1.26056
-0.337261 -1.97423
-0.44605 -0.356413
-0.528082 -2.02105
-0.316091 -0.282263
-0.135707 -1.08118
-1.0662 -2.28711
0.329964 0.443417
1.2461 -2.31199
-1.40146 -1.80962
0.769378 0.865942
0.948872 -2.36275
-1.24806 -1.2175
-0.136128 -0.628038
-0.675292 -2.5147
0.228746 0.525353
1.24909 -2.43689
-1.36905 -1.44396
0.368097 0.280334
1.32587 -1.99904
-1.32002 -2.90034
1.7109 1.22757
0.880767 -0.4659
1.50149 -0.283841
1.1362 0.125754
1.28486 -1.07857
0.129941 -0.803626
-0.62422 -2.50106
0.188835 0.496082
1.28559 -2.35361
-1.40613 -1.72377
0.717503 0.794416
0.980438 -2.40815
-1.24141 -1.15132
-0.170273 -0.71019
-0.81812 -2.71535
0.572006 0.944383
0.949897 -2.74752
-0.934267 -0.342959
-0.457338 -1.6199
-0.664226 -0.900662
-0.864954 -1.96499
-0.207395 -0.371854
-0.185506 -1.21889
-1.04484 -1.8732
-0.119261 -0.354312
0.166636 -0.485221
0.674386 0.265687
1.22765 -1.91482
-1.24658 -3.06706
1.73714 1.24969
0.847732 -0.454069
1.51065 -0.315036
1.09905 0.148561
1.27205 -1.17703
-0.139775 -1.41596
-0.997322 -1.4998
-0.426957 -0.981286
-0.972487 -2.04347
-0.0503299 -0.160492
1.30954 0.63413
1.126 -1.06142
0.303382 -0.44096
1.29156 0.560061
1.1476 -1.06554
0.282286 -0.482722
1.09556 0.578055
1.0937 -1.53269
-0.780273 -3.31552
1.37348 1.6553
0.790701 -1.27281
-0.584053 -2.63793
0.325587 0.731098
1.11248 -2.78097
-1.05439 -0.47555
-0.416006 -1.44435
-0.803984 -1.20058
-0.709557 -1.48177
-0.627602 -1.10164
-0.846827 -1.68128
-0.430981 -0.810992
-0.949932 -2.3405
0.235469 0.360867
1.34341 -2.08854
-1.37966 -2.62631
1.56981 1.29496
0.934376 -0.720839
1.28793 0.363517
1.21521 -0.947388
0.612855 0.00303117
1.39981 -1.47532
-0.702369 -3.32983
1.32067 1.68278
0.767206 -1.40061
-0.806521 -3.18782
1.22251 1.58681
0.772641 -1.59849
-1.08196 -3.13628
1.52468 1.49076
0.870837 -0.889551
0.821599 0.301287
1.18993 -1.80113
-1.1235 -3.31097
1.79555 1.2614
0.766087 -0.44533
1.52928 -0.305544
1.06856 0.148151
1.26952 -1.23491
-0.283308 -1.81153
-0.617614 -0.637051
-0.838008 -2.32074
0.113235 0.229277
1.51491 -1.55499
-0.847432 -3.6252
1.82009 1.41934
0.689882 -0.538463
1.49041 0.0994782
1.23729 -0.227499
1.38227 -0.402296
1.24523 0.109872
1.29778 -0.825948
0.816746 0.190138
1.24691 -1.67054
-0.934955 -3.49991
1.76918 1.42111
0.763247 -0.527744
1.50216 -0.0280469
1.22134 -0.0870657
1.35869 -0.642836
1.04982 0.269739
1.21402 -1.39354
-0.566871 -2.7656
0.469962 0.948802
0.978131 -2.89319
-0.815589 -0.0939448
-0.107476 -0.90527
-0.976601 -2.69438
0.724853 1.05655
0.882515 -2.54975
-1.05379 -0.662748
-0.514198 -1.58197
-0.660954 -0.953235
-0.861618 -1.89068
-0.269959 -0.491585
-0.598005 -2.27016
-0.0614077 0.105523
1.67366 -0.504575
0.390473 -0.457399
1.4033 0.439467
1.20082 -0.712034
1.16527 0.324253
1.20898 -1.20223
-0.172471 -1.48403
-0.937103 -1.31532
-0.569638 -1.27365
-0.810991 -1.42875
-0.602135 -1.17115
-0.836925 -1.58175
-0.500194 -0.954976
-0.942254 -2.01411
-0.105844 -0.241731
0.78069 0.424169
1.13316 -1.99104
-1.31815 -2.71046
1.49398 1.36134
0.915792 -0.904843
0.805895 0.277965
1.20262 -1.79432
-1.11214 -3.33571
1.80569 1.25526
0.750836 -0.445766
1.53213 -0.292421
1.07219 0.143344
1.27193 -1.22285
-0.256182 -1.73278
-0.699695 -0.783397
-0.843043 -2.08963
-0.112518 -0.174265
1.06893 0.639094
1.06401 -1.62676
-0.926865 -3.4069
1.65182 1.52589
0.82856 -0.683744
1.33816 0.355454
1.22348 -0.817774
0.942013 0.29551
1.19266 -1.6125
-0.862001 -3.45485
1.63932 1.5719
0.817836 -0.72403
1.25792 0.430916
1.18633 -1.06719
0.256884 -0.536829
0.775644 0.364478
1.16213 -1.93347
-1.27182 -2.93509
1.6433 1.32068
0.901605 -0.599529
1.43983 0.10093
1.26745 -0.34739
1.36681 -0.149177
1.32164 -0.240161
1.34536 -0.212153
1.33269 -0.202717
1.34038 -0.242302
1.33365 -0.171136
1.33969 -0.283603
1.32879 -0.114168
1.33809 -0.370031
1.30776 0.00579975
1.32345 -0.566201
1.19728 0.231705
1.25002 -1.05232
0.250041 -0.563766
0.618603 0.184219
1.28733 -1.82136
-1.13662 -3.34624
1.84911 1.17016
0.681723 -0.447209
1.54199 -0.213595
1.1026 0.109192
1.289 -1.12704
-0.0165797 -1.12116
-1.08387 -2.4457
0.560182 0.782595
1.01373 -2.63314
-1.09912 -0.666765
-0.443729 -1.42579
-0.799174 -1.22058
-0.704951 -1.45632
-0.644484 -1.13807
-0.825536 -1.61793
-0.484386 -0.905425
-0.949659 -2.11719
-0.00248099 -0.0540584
1.61216 0.084448
1.09122 -0.00534696
1.33622 -1.00844
0.262025 -0.562943
0.669492 0.24566
1.23962 -1.88936
-1.21928 -3.1487
1.7741 1.2231
0.8068 -0.425392
1.52143 -0.390992
1.01361 0.170694
1.25522 -1.35892
-0.517872 -2.60078
0.253282 0.665025
1.17031 -2.69636
-1.17013 -0.717066
-0.320908 -1.14021
-0.997367 -1.85248
-0.190164 -0.455488
-0.40516 -1.78033
-0.571592 -0.654564
-0.858423 -2.35991
0.171481 0.313585
1.41405 -1.9002
-1.23939 -3.21899
1.87402 1.04446
0.632224 -0.448539
1.54427 -0.134458
1.13638 0.062476
1.31021 -1.00716
0.307927 -0.474996
1.19367 0.584575
1.11486 -1.31388
-0.439431 -2.26035
-0.133775 0.103884
1.66929 -0.184795
0.806247 0.00442815
1.34866 -1.40241
-0.601112 -2.9673
0.74709 1.28284
0.80217 -2.59996
-0.92599 -0.435149
-0.549984 -1.79984
-0.486636 -0.622081
-0.84959 -2.4755
0.297183 0.52309
1.21826 -2.45313
-1.3493 -1.3652
0.250055 0.0810074
1.53076 -1.34212
-0.625727 -3.17751
1.04911 1.56706
0.732462 -2.00249
-1.28159 -1.80906
0.314783 0.272732
1.35807 -1.94961
-1.28027 -3.06612
1.7981 1.14468
0.784246 -0.390479
1.52492 -0.48996
0.894715 0.145469
1.26521 -1.5139
-0.724865 -3.30299
1.30388 1.665
0.768981 -1.43304
-0.853042 -3.23519
1.33982 1.60872
0.799059 -1.33302
-0.676074 -2.93149
0.748992 1.24409
0.815206 -2.58184
-0.957403 -0.492557
-0.557307 -1.77793
-0.500056 -0.655735
-0.870489 -2.44079
0.274089 0.47351
1.2554 -2.3533
-1.39674 -1.69375
0.651724 0.711833
1.02246 -2.44615
-1.2456 -1.11959
-0.165303 -0.709506
-0.813585 -2.71508
0.567613 0.940954
0.952248 -2.75167
-0.93256 -0.337729
-0.453429 -1.61305
-0.671155 -0.912178
-0.860368 -1.94353
-0.228178 -0.408183
-0.349489 -1.62264
-0.723858 -0.926486
-0.828844 -1.88797
-0.291851 -0.5046
-0.641425 -2.36531
0.0516701 0.262936
1.53303 -1.53449
-0.833734 -3.6268
1.80973 1.44179
0.700726 -0.544734
1.48658 0.10512
1.23983 -0.241193
1.38271 -0.375437
1.25876 0.0792773
1.30769 -0.762479
0.935615 0.263005
1.20768 -1.58958
-0.827686 -3.43635
1.58091 1.61795
0.818544 -0.838413
0.944242 0.403317
1.14354 -1.70972
-1.01326 -3.41367
1.7624 1.37708
0.784031 -0.505998
1.51097 -0.118849
1.19228 0.00858682
1.33138 -0.828029
0.752571 0.123774
1.29122 -1.63989
-0.890293 -3.51917
1.74448 1.47569
0.775342 -0.566078
1.47528 0.0849279
1.24854 -0.248669
1.38004 -0.346332
1.27471 0.0400894
1.31862 -0.682469
1.05786 0.289408
1.20644 -1.39614
-0.570733 -2.77625
0.485022 0.967279
0.966615 -2.88876
-0.807791 -0.0877077
-0.0922211 -0.875149
-0.942958 -2.75316
0.761128 1.11744
0.85815 -2.50635
-1.06902 -0.721588
-0.508355 -1.54031
-0.691739 -1.01873
-0.832572 -1.77689
-0.373157 -0.672962
-0.87556 -2.57153
0.43889 0.724052
1.0731 -2.70076
-1.09145 -0.596616
-0.427411 -1.41879
-0.812739 -1.23922
-0.689104 -1.42757
-0.66865 -1.17963
-0.79694 -1.54705
-0.543767 -1.00824
-0.914744 -1.88396
-0.238368 -0.477411
-0.533136 -2.11268
-0.233575 -0.139966
0.792114 0.454836
1.11818 -2.00563
-1.32783 -2.63854
1.43463 1.36319
0.907967 -1.03756
0.288323 -0.424879
1.30647 0.556018
1.15218 -1.02658
0.412644 -0.265
1.60007 -0.398762
0.795979 0.0463395
1.32716 -1.48067
-0.690213 -3.25146
1.20241 1.63683
0.74932 -1.66001
-1.16587 -2.94332
1.42596 1.45573
0.873911 -1.0882
0.0425678 -0.898851
-0.869027 -2.86768
0.832994 1.23678
0.815456 -2.4019
-1.11733 -0.892006
-0.454091 -1.35167
-0.835452 -1.34213
-0.630194 -1.28404
-0.773399 -1.39793
-0.639614 -1.21788
-0.797718 -1.49693
-0.572475 -1.0783
-0.883738 -1.74682
-0.362977 -0.704119
-0.897275 -2.56289
0.449852 0.727761
1.06792 -2.69587
-1.09132 -0.600692
-0.429625 -1.4221
-0.80949 -1.23261
-0.693778 -1.43731
-0.660852 -1.16548
-0.806607 -1.57065
-0.524261 -0.97433
-0.929298 -1.95817
-0.165784 -0.346649
0.0378684 -0.732287
-0.629225 -2.47747
0.165236 0.455427
1.32275 -2.24401
-1.42211 -2.1009
1.14308 1.21167
0.876973 -1.68427
-1.11657 -3.1394
1.587 1.44901
0.878513 -0.752572
1.22032 0.429504
1.1792 -1.15523
-0.0245414 -1.11248
-1.08097 -2.44873
0.558849 0.782318
1.01417 -2.6346
-1.09827 -0.664183
-0.444275 -1.42808
-0.79749 -1.21651
-0.707576 -1.46227
-0.639777 -1.12954
-0.831062 -1.63283
-0.471766 -0.883425
-0.95293 -2.16946
0.0529225 0.0440167
1.65416 -0.645256
0.222577 -0.736024
-0.260793 -1.49442
-0.869904 -1.20825
-0.662727 -1.44689
-0.67121 -1.15194
-0.805719 -1.58781
-0.514255 -0.95017
-0.936179 -2.00906
-0.115685 -0.255582
0.672561 0.304625
1.20718 -1.97114
-1.29832 -2.87586
1.63587 1.30887
0.908954 -0.606156
1.43318 0.116654
1.26843 -0.378434
1.36029 -0.0959213
1.32322 -0.32164
1.3339 -0.0896056
1.33347 -0.38986
1.30459 0.0264746
1.31907 -0.597323
1.17037 0.255805
1.23689 -1.13323
0.0116675 -1.04409
-1.03511 -2.67888
0.794431 1.10863
0.859848 -2.43488
-1.12982 -0.888259
-0.432531 -1.31052
-0.869329 -1.42496
-0.567889 -1.16352
-0.858528 -1.60831
-0.470798 -0.913078
-0.955289 -2.11882
0.00460178 -0.0452784
1.6253 0.00936061
1.04256 0.0403516
1.31591 -1.15349
-0.117106 -1.37034
-1.03276 -1.63487
-0.309654 -0.747308
-0.918842 -2.59067
0.509433 0.801864
1.02013 -2.71328
-1.03425 -0.504421
-0.467209 -1.55298
-0.705123 -1.00536
-0.827609 -1.78932
-0.366998 -0.6552
-0.859633 -2.5845
0.440126 0.735028
1.06828 -2.71257
-1.07718 -0.565777
-0.435979 -1.45147
-0.788038 -1.18037
-0.726949 -1.51376
-0.600112 -1.05625
-0.874698 -1.76716
-0.35449 -0.676886
-0.874563 -2.58911
0.460363 0.756099
1.05318 -2.71825
-1.05919 -0.535416
-0.448203 -1.49334
-0.754782 -1.10671
-0.771935 -1.62531
-0.508592 -0.898136
-0.93962 -2.10388
-0.0248352 -0.0876045
1.54242 0.335757
1.18267 -0.297268
1.40677 -0.386183
1.2226 0.121219
1.29301 -0.888936
0.669264 0.0492328
1.35347 -1.56097
-0.792617 -3.47742
1.59806 1.63204
0.809466 -0.816417
1.0065 0.437606
1.13525 -1.62147
-0.890125 -3.43778
1.64837 1.54997
0.821669 -0.700426
1.30661 0.392368
1.20803 -0.922452
0.693364 0.0984913
1.31794 -1.63924
-0.890587 -3.53352
1.76095 1.459
0.762152 -0.550327
1.48728 0.0476854
1.24033 -0.187356
1.37616 -0.458507
1.21722 0.163969
1.2774 -0.944055
0.542271 -0.104039
1.49393 -1.18243
-0.395291 -2.25858
-0.154552 0.102591
1.66117 -0.0857637
0.906922 0.0442561
1.31616 -1.36006
-0.534593 -2.69418
0.368478 0.824723
1.05968 -2.87427
-0.918598 -0.230253
-0.324039 -1.34212
-0.917663 -1.44433
-0.523967 -1.11751
-0.898167 -1.70962
-0.37893 -0.753557
-0.930285 -2.49223
0.396155 0.628324
1.12839 -2.60511
-1.2093 -0.875557
-0.265349 -0.975248
-1.02365 -2.28432
0.262175 0.358592
1.33019 -2.10506
-1.38619 -2.56298
1.52029 1.31078
0.933719 -0.829375
1.04931 0.421898
1.14833 -1.52406
-0.75153 -3.294
1.31616 1.65509
0.775958 -1.40184
-0.800366 -3.18402
1.21074 1.58388
0.770135 -1.62536
-1.11599 -3.0745
1.50292 1.47651
0.87571 -0.928624
0.682606 0.159292
1.28525 -1.7468
-1.03855 -3.4677
1.84922 1.24227
0.671658 -0.478996
1.53015 -0.0842606
1.17533 0.00828861
1.33158 -0.862983
0.667845 0.0366333
1.36146 -1.5374
-0.765047 -3.44048
1.52503 1.66786
0.805392 -0.961914
0.446728 -0.145325
1.55926 -0.93598
-0.054484 -1.29114
-1.09013 -1.93535
-0.00202512 -0.161192
1.41995 0.538634
1.17222 -0.731684
1.16212 0.338806
1.20264 -1.22081
-0.220261 -1.61122
-0.81774 -1.02359
-0.752946 -1.70598
-0.464513 -0.781518
-0.933398 -2.34182
0.219359 0.344675
1.36334 -2.03515
-1.34994 -2.80979
1.68584 1.23182
0.901283 -0.496893
1.49097 -0.194046
1.1956 0.0447901
1.31888 -0.86417
0.688245 0.0627022
1.34028 -1.5786
-0.812762 -3.49415
1.63807 1.60193
0.80738 -0.740782
1.21461 0.454679
1.16855 -1.18553
-0.11345 -1.32258
-1.05278 -1.75124
-0.205375 -0.539656
-0.608466 -2.32365
-0.00445007 0.193458
1.61879 -1.12405
-0.477124 -2.63601
0.275551 0.724681
1.13571 -2.78824
-1.06737 -0.486284
-0.402269 -1.40703
-0.834417 -1.27166
-0.661999 -1.37817
-0.709369 -1.25287
-0.74429 -1.43026
-0.63842 -1.17444
-0.81571 -1.564
-0.523183 -0.982823
-0.928799 -1.94441
-0.177837 -0.369809
-0.095897 -1.01789
-1.04612 -2.51122
0.580991 0.832362
0.989427 -2.64822
-1.06487 -0.601613
-0.473767 -1.52166
-0.722332 -1.05417
-0.806216 -1.71168
-0.433475 -0.772371
-0.9356 -2.39471
0.283185 0.447847
1.26545 -2.30608
-1.40763 -1.84917
0.832198 0.937266
0.921137 -2.28008
-1.27587 -1.39282
0.00905739 -0.321099
0.846878 0.470799
1.10939 -1.93577
-1.28175 -2.8512
1.56886 1.35858
0.913215 -0.748712
1.23566 0.409922
1.1896 -1.10571
0.128452 -0.784342
-0.59001 -2.40445
0.0704947 0.330039
1.46945 -1.78673
-1.12335 -3.47236
1.94786 0.97929
0.412497 -0.706031
0.536075 0.0490261
1.40024 -1.56214
-0.805529 -3.52072
1.66339 1.59194
0.798941 -0.702029
1.29424 0.411905
1.19953 -0.966366
0.571675 -0.0456807
1.44597 -1.35331
-0.584835 -2.96418
0.732955 1.27543
0.805858 -2.62645
-0.903582 -0.38599
-0.529746 -1.78399
-0.507762 -0.644545
-0.86323 -2.43995
0.266792 0.466343
1.26293 -2.33612
-1.40253 -1.75386
0.726093 0.809079
0.973866 -2.40374
-1.23974 -1.15207
-0.174491 -0.717948
-0.830231 -2.72019
0.589494 0.961203
0.939564 -2.73226
-0.938787 -0.359914
-0.470319 -1.64289
-0.641025 -0.862644
-0.878199 -2.03749
-0.135813 -0.246254
0.639131 0.266324
1.2352 -1.94162
-1.27134 -2.99693
1.71038 1.26189
0.871932 -0.482996
1.50104 -0.232489
1.16436 0.0886995
1.30153 -0.980086
0.400903 -0.318271
1.58563 -0.134117
1.059 0.0887374
1.29504 -1.18472
-0.178243 -1.52314
-0.908503 -1.2304
-0.626077 -1.39842
-0.717034 -1.22537
-0.751584 -1.46841
-0.613537 -1.12047
-0.848588 -1.65772
-0.445417 -0.844664
-0.955356 -2.26728
0.159 0.228446
1.48435 -1.63941
-0.938017 -3.62703
1.90316 1.22456
0.5486 -0.585576
1.32806 0.46836
1.18572 -0.920255
0.722359 0.134925
1.29058 -1.6809
-0.947077 -3.52087
1.80476 1.3706
0.726531 -0.504025
1.5166 -0.068633
1.19745 -0.0254451
1.34253 -0.774584
0.849179 0.199536
1.23968 -1.64277
-0.896819 -3.49367
1.72197 1.49222
0.791931 -0.589443
1.45524 0.141459
1.25526 -0.347702
1.3739 -0.170059
1.31675 -0.198187
1.34862 -0.282389
1.32226 -0.0989567
1.33873 -0.404487
1.29316 0.0545098
1.31318 -0.655453
1.10595 0.286995
1.21434 -1.29744
-0.401372 -2.16672
-0.239337 -0.0448097
1.19626 0.692539
1.0756 -1.36459
-0.544967 -2.62042
0.287464 0.698985
1.14121 -2.74664
-1.10759 -0.578183
-0.388481 -1.3379
-0.880997 -1.4031
-0.571029 -1.18883
-0.847106 -1.56549
-0.503921 -0.975977
-0.938764 -1.97358
-0.144585 -0.313442
0.267285 -0.297237
1.54102 0.201294
1.19358 -0.201242
1.39014 -0.529553
1.13429 0.229424
1.24234 -1.18643
-0.145159 -1.42178
-0.990797 -1.47979
-0.444003 -1.01508
-0.961998 -1.96104
-0.134583 -0.313591
0.304841 -0.233364
1.60928 -0.21906
0.948515 0.0986941
1.28752 -1.37767
-0.552096 -2.74681
0.439703 0.915489
1.00039 -2.90028
-0.831972 -0.108449
-0.139954 -0.969893
-1.02762 -2.52351
0.567348 0.823536
0.996105 -2.65967
-1.06072 -0.586058
-0.472973 -1.52713
-0.719177 -1.04556
-0.810256 -1.72528
-0.421946 -0.752154
-0.92799 -2.43704
0.325669 0.520327
1.20719 -2.45101
-1.34525 -1.35831
0.231172 0.0489921
1.5633 -1.19366
-0.492509 -2.66402
0.314327 0.77217
1.10094 -2.84223
-0.988223 -0.340003
-0.389768 -1.44549
-0.818819 -1.21103
-0.696185 -1.46323
-0.64501 -1.12813
-0.828626 -1.63303
-0.473041 -0.883492
-0.952477 -2.16787
0.0508498 0.0406225
1.65537 -0.621093
0.261482 -0.665401
0.162873 -0.551012
0.328365 -0.236894
1.60964 -0.278817
0.896446 0.0897759
1.2935 -1.43764
-0.632571 -3.0488
0.877529 1.40752
0.759866 -2.35656
-1.10397 -0.903338
-0.476006 -1.38934
-0.802161 -1.26962
-0.683156 -1.38941
-0.692398 -1.23517
-0.76133 -1.45914
-0.613512 -1.13318
-0.844347 -1.63758
-0.460953 -0.87442
-0.955673 -2.19769
0.0848317 0.0989418
1.61959 -1.00154
-0.313553 -2.03902
-0.401229 -0.256473
-0.227466 -1.27662
-1.00503 -1.68301
-0.307268 -0.711394
-0.890173 -2.62127
0.518045 0.83003
1.00686 -2.72926
-1.00732 -0.454473
-0.470366 -1.58638
-0.680705 -0.951655
-0.850799 -1.88044
-0.284748 -0.510976
-0.644786 -2.37633
0.0645343 0.281788
1.50985 -1.62481
-0.932601 -3.64207
1.91252 1.21124
0.525052 -0.609079
1.23202 0.527767
1.14541 -1.19054
-0.125411 -1.34676
-1.03729 -1.6757
-0.27746 -0.680145
-0.850156 -2.65646
0.524002 0.860688
0.993605 -2.74898
-0.976124 -0.397232
-0.463321 -1.60089
-0.674399 -0.929815
-0.856953 -1.916
-0.252734 -0.453223
-0.502642 -2.02535
-0.32284 -0.272845
-0.11753 -1.03871
-1.05609 -2.42143
0.479688 0.681719
1.07711 -2.61649
-1.16372 -0.786193
-0.354269 -1.18802
-0.966253 -1.71728
-0.320428 -0.698937
-0.883671 -2.61395
0.501669 0.810451
1.01914 -2.73053
-1.01754 -0.467474
-0.465882 -1.56853
-0.695326 -0.980804
-0.837936 -1.82978
-0.331209 -0.592181
-0.784332 -2.58549
0.378829 0.688076
1.10931 -2.69626
-1.12455 -0.649273
-0.390378 -1.31506
-0.891597 -1.44351
-0.54322 -1.13064
-0.88354 -1.6757
-0.411603 -0.808994
-0.952807 -2.36949
0.272418 0.419738
1.2871 -2.24378
-1.41471 -2.06934
1.07948 1.17229
0.873067 -1.8233
-1.25262 -2.7443
1.36297 1.40246
0.878156 -1.21528
-0.365879 -1.9468
-0.454536 -0.395903
-0.600603 -2.19442
-0.132531 -0.0180744
1.51972 0.427416
1.18128 -0.412856
1.4037 -0.170866
1.29524 -0.134634
1.35233 -0.41761
1.27224 0.0904402
1.30402 -0.743179
0.978413 0.281638
1.20147 -1.53625
-0.757359 -3.33448
1.37708 1.66833
0.786772 -1.26936
-0.581813 -2.62881
0.313922 0.715156
1.12362 -2.76302
-1.07946 -0.524792
-0.40781 -1.40374
-0.83306 -1.27454
-0.661669 -1.37476
-0.711339 -1.25792
-0.740997 -1.42265
-0.644275 -1.1853
-0.808297 -1.54551
-0.538395 -1.00952
-0.91724 -1.88592
-0.234899 -0.472735
-0.518756 -2.0751
-0.272761 -0.197141
0.363823 -0.113929
1.58204 -0.88962
-0.0202199 -1.21773
-1.10548 -2.19445
0.289623 0.352474
1.31953 -2.11062
-1.38746 -2.53653
1.49513 1.31703
0.9311 -0.886165
0.878293 0.33422
1.17255 -1.75459
-1.06658 -3.37895
1.79114 1.30658
0.762763 -0.467107
1.52617 -0.230819
1.12242 0.109432
1.29039 -1.08846
0.0939408 -0.87914
-0.790348 -2.83517
0.708655 1.13477
0.856738 -2.6178
-0.965585 -0.478864
-0.539413 -1.74274
-0.534451 -0.707538
-0.890476 -2.35209
0.189769 0.323108
1.39587 -1.94861
-1.28426 -3.08355
1.82184 1.10391
0.74627 -0.386948
1.53406 -0.481835
0.880948 0.133995
1.27162 -1.51728
-0.729233 -3.31669
1.32663 1.67034
0.77332 -1.383
-0.774736 -3.14388
1.12816 1.54731
0.758833 -1.81056
-1.2695 -2.50319
1.0885 1.26674
0.843129 -1.82953
-1.26433 -2.65353
1.27438 1.37258
0.862577 -1.41547
-0.747492 -3.13744
1.09327 1.53693
0.753132 -1.89038
-1.29264 -2.22295
0.798281 0.974615
0.907582 -2.36627
-1.2173 -1.13737
-0.233332 -0.83374
-0.963117 -2.59541
0.570236 0.862678
0.980544 -2.68804
-1.02085 -0.505507
-0.487081 -1.59993
-0.662573 -0.927977
-0.863671 -1.9267
-0.239802 -0.433873
-0.438537 -1.85602
-0.493737 -0.532687
-0.778402 -2.46377
0.230584 0.461931
1.28358 -2.30827
-1.41228 -1.86097
0.863589 0.969568
0.910356 -2.23136
-1.29213 -1.51111
0.122872 -0.0986144
1.63569 -0.206669
0.887107 0.0655939
1.3065 -1.41537
-0.606679 -2.9635
0.745548 1.27799
0.803931 -2.60141
-0.926432 -0.434775
-0.549265 -1.79824
-0.488174 -0.62443
-0.851206 -2.47284
0.295381 0.519254
1.22104 -2.44586
-1.35366 -1.38837
0.277712 0.129736
1.47957 -1.53943
-0.809394 -3.57238
1.72768 1.5427
0.770061 -0.612825
1.42709 0.232575
1.25025 -0.496864
1.3294 0.0754716
1.30374 -0.591511
1.1974 0.245631
1.24473 -1.06449
0.217414 -0.623094
0.19401 -0.485065
0.783191 0.381777
1.15313 -1.9426
-1.28076 -2.89476
1.6172 1.33285
0.909017 -0.648343
1.39177 0.225747
1.2587 -0.579939
1.26159 0.207035
1.26594 -0.882557
0.727948 0.119215
1.29838 -1.65179
-0.906793 -3.52643
1.76936 1.43945
0.757748 -0.537649
1.49616 0.0105545
1.23112 -0.134291
1.36851 -0.556048
1.14173 0.240364
1.23891 -1.18092
-0.127983 -1.377
-1.02325 -1.60307
-0.340251 -0.806416
-0.957967 -2.47412
0.405862 0.626999
1.12541 -2.59842
-1.21208 -0.887568
-0.25988 -0.960577
-1.02135 -2.32388
0.305346 0.430998
1.26447 -2.28113
-1.40948 -1.92651
0.913128 1.02545
0.894017 -2.15023
-1.31252 -1.72036
0.340083 0.29078
1.33305 -2.00684
-1.32654 -2.88089
1.70521 1.22896
0.885691 -0.472558
1.49942 -0.264541
1.15073 0.110908
1.29197 -1.03276
0.258493 -0.558346
0.678252 0.25665
1.23176 -1.8987
-1.22988 -3.11605
1.75847 1.23574
0.825312 -0.435659
1.51693 -0.365457
1.04676 0.168052
1.25889 -1.29683
-0.410672 -2.21472
-0.189885 0.0317825
1.53397 0.418598
1.17604 -0.373295
1.4104 -0.255437
1.27321 -0.0203332
1.33487 -0.615078
1.12619 0.268869
1.22495 -1.23935
-0.274182 -1.77092
-0.65693 -0.709192
-0.849819 -2.21437
0.0113886 0.0445076
1.6633 -0.487153
0.45645 -0.354077
1.57618 -0.133434
1.07849 0.0851345
1.29767 -1.14496
-0.0754627 -1.26241
-1.08596 -1.96557
0.0194009 -0.116792
1.54904 0.299498
1.18148 -0.256885
1.40261 -0.459429
1.17812 0.18558
1.26538 -1.05142
0.23558 -0.594009
0.40964 -0.114115
1.56091 -0.979576
-0.146764 -1.52534
-0.929664 -1.26078
-0.597868 -1.34701
-0.759336 -1.30699
-0.691931 -1.34594
-0.710231 -1.29773
-0.723653 -1.36548
-0.683406 -1.26723
-0.752306 -1.41374
-0.642955 -1.1973
-0.80429 -1.52751
-0.551215 -1.03507
-0.90567 -1.83289
-0.284818 -0.563094
-0.719728 -2.52757
0.267676 0.557758
1.21401 -2.51095
-1.31931 -1.20598
0.0829999 -0.232507
1.407 0.529153
1.17462 -0.758901
1.11332 0.349304
1.18962 -1.33453
-0.470758 -2.39879
0.0167746 0.327597
1.50941 -1.67299
-0.995129 -3.62049
1.94879 1.08603
0.420053 -0.71909
0.499926 -0.00388049
1.45059 -1.41751
-0.658513 -3.2349
1.15344 1.62448
0.739531 -1.77173
-1.25391 -2.57983
1.14664 1.3146
0.842957 -1.70463
-1.15962 -3.02626
1.52199 1.44758
0.886275 -0.878095
0.874991 0.341625
1.16902 -1.76729
-1.08456 -3.35522
1.78927 1.29671
0.767889 -0.461839
1.5264 -0.252373
1.10968 0.122184
1.2841 -1.12769
-0.0134279 -1.11267
-1.08025 -2.47321
0.590025 0.826207
0.98968 -2.63041
-1.08065 -0.640359
-0.46486 -1.48397
-0.751455 -1.11726
-0.7707 -1.6119
-0.517782 -0.917288
-0.935899 -2.0621
-0.067698 -0.164444
1.24853 0.656242
1.10298 -1.2217
-0.219609 -1.58265
-0.838687 -1.07707
-0.725808 -1.62756
-0.529975 -0.893438
-0.930499 -2.09002
-0.0462888 -0.12031
1.4363 0.531912
1.17406 -0.686294
1.22729 0.300254
1.22862 -1.04266
0.302516 -0.464973
1.21401 0.583812
1.12032 -1.26567
-0.331101 -1.91014
-0.505271 -0.460676
-0.707862 -2.37729
0.0951169 0.288257
1.48356 -1.70547
-1.02462 -3.58679
1.9465 1.06656
0.425823 -0.705925
0.583658 0.112149
1.34196 -1.69922
-0.97525 -3.53917
1.85292 1.28234
0.65766 -0.50286
1.51451 0.0242065
1.214 -0.109817
1.36559 -0.626571
1.06056 0.265825
1.21706 -1.36912
-0.529889 -2.62821
0.28969 0.711932
1.13494 -2.76567
-1.08638 -0.531758
-0.400036 -1.38281
-0.849666 -1.31548
-0.633172 -1.31557
-0.756587 -1.34949
-0.673319 -1.28697
-0.74877 -1.38624
-0.659216 -1.23615
-0.779227 -1.46455
-0.600826 -1.12474
-0.854158 -1.65652
-0.442827 -0.845186
-0.956178 -2.2697
0.162541 0.233971
1.4779 -1.6622
-0.964852 -3.61671
1.91787 1.17561
0.512168 -0.615127
1.1908 0.539053
1.13125 -1.29412
-0.394596 -2.11533
-0.290076 -0.126624
0.651855 0.304687
1.21147 -1.98834
-1.3112 -2.82671
1.61107 1.31713
0.916339 -0.652258
1.38646 0.232286
1.25782 -0.598894
1.24458 0.230062
1.25635 -0.943023
0.575168 -0.0550352
1.45035 -1.33182
-0.562151 -2.87712
0.606975 1.13409
0.874369 -2.8065
-0.792717 -0.123744
-0.189035 -1.08811
-1.05557 -2.16938
0.179295 0.196669
1.49415 -1.57855
-0.86493 -3.62233
1.83264 1.39051
0.675216 -0.533132
1.49251 0.103341
1.23561 -0.226217
1.38268 -0.407656
1.24166 0.116395
1.2955 -0.840858
0.785589 0.16479
1.26375 -1.67004
-0.932847 -3.50888
1.77686 1.41391
0.755396 -0.52285
1.50531 -0.0364245
1.21676 -0.0735563
1.35557 -0.670828
1.01338 0.268272
1.21065 -1.46049
-0.658471 -3.08766
0.949602 1.46387
0.748636 -2.20772
-1.20126 -1.25419
-0.237774 -0.80451
-0.943515 -2.62636
0.586556 0.89563
0.964308 -2.68987
-1.00379 -0.480002
-0.493444 -1.62905
-0.63898 -0.881929
-0.879087 -2.01137
-0.158181 -0.289422
0.333195 -0.181723
1.61291 -0.539168
0.553673 -0.199965
1.53984 -0.906851
0.0594195 -1.02363
-0.993817 -2.80524
0.908877 1.25239
0.814725 -2.24001
-1.22928 -1.29888
-0.157017 -0.643185
-0.719664 -2.59506
0.347062 0.679346
1.12517 -2.69914
-1.13452 -0.66133
-0.375717 -1.27828
-0.917909 -1.5228
-0.481347 -1.01085
-0.945082 -1.93212
-0.174434 -0.377283
-0.115038 -1.06176
-1.06368 -2.37405
0.43218 0.605853
1.12541 -2.55499
-1.24218 -0.990918
-0.186604 -0.785324
-0.907872 -2.70909
0.655822 1.00623
0.909847 -2.64996
-0.988335 -0.48806
-0.518552 -1.68574
-0.586064 -0.793573
-0.897845 -2.18608
0.0195856 0.0240894
1.66131 -0.4159
0.569176 -0.204234
1.53571 -0.910721
0.0620154 -1.01664
-0.985417 -2.81942
0.91651 1.2642
0.81151 -2.22654
-1.23473 -1.32908
-0.1316 -0.588297
-0.602918 -2.33959
0.00930435 0.220373
1.59282 -1.27307
-0.604829 -3.14438
0.988627 1.52763
0.733578 -2.13396
-1.23249 -1.42364
-0.09386 -0.493503
-0.306766 -1.5442
-0.806399 -1.084
-0.74583 -1.63474
-0.515579 -0.884116
-0.936174 -2.12012
-0.0122952 -0.0619464
1.59504 0.165048
1.13199 -0.0761518
1.36256 -0.836176
0.671907 0.0318417
1.36318 -1.52699
-0.752784 -3.41965
1.4865 1.67904
0.80023 -1.04174
0.103083 -0.758351
-0.579414 -2.36471
0.0252531 0.263642
1.55122 -1.47525
-0.777282 -3.5783
1.7058 1.58054
0.775413 -0.650694
1.37577 0.327474
1.23307 -0.702432
1.14462 0.316492
1.20848 -1.24094
-0.273147 -1.76299
-0.664058 -0.723108
-0.850229 -2.19243
-0.0101278 0.00600542
1.65363 -0.196888
0.843352 0.0351224
1.32667 -1.4186
-0.615191 -3.00637
0.808301 1.3439
0.77904 -2.49053
-1.00649 -0.63189
-0.567141 -1.71417
-0.542817 -0.752275
-0.903882 -2.28853
0.131626 0.215987
1.51208 -1.54917
-0.838673 -3.6177
1.80435 1.44497
0.708109 -0.54412
1.48824 0.092751
1.2391 -0.226352
1.38155 -0.400524
1.2471 0.106982
1.29878 -0.818637
0.831783 0.201555
1.23976 -1.66729
-0.931186 -3.49651
1.76139 1.43202
0.769623 -0.53553
1.49723 -0.00853807
1.22856 -0.114551
1.36451 -0.589504
1.1102 0.256898
1.22758 -1.26171
-0.327532 -1.93255
-0.487948 -0.425318
-0.659461 -2.30372
-0.00299772 0.158646
1.63711 -0.979011
-0.31495 -2.052
-0.388629 -0.23527
-0.131505 -1.0569
-1.06117 -2.35184
0.40029 0.558143
1.15876 -2.50095
-1.29556 -1.1674
-0.00741671 -0.402993
0.368275 -0.145569
1.59285 -0.778507
0.17509 -0.803362
-0.551126 -2.30766
-0.0431098 0.171198
1.65193 -0.898271
-0.222144 -1.77202
-0.691398 -0.734977
-0.839803 -2.15172
-0.0566563 -0.0696638
1.53132 0.374909
1.18433 -0.349958
1.40784 -0.286596
1.26644 0.0120241
1.32709 -0.669188
1.06447 0.285252
1.20912 -1.37941
-0.545663 -2.68367
0.36122 0.807341
1.06897 -2.85911
-0.942385 -0.270503
-0.359181 -1.40733
-0.860226 -1.29639
-0.634483 -1.33718
-0.745063 -1.31664
-0.69551 -1.33431
-0.714108 -1.31429
-0.713738 -1.34123
-0.700884 -1.30266
-0.726461 -1.35956
-0.684881 -1.27546
-0.747782 -1.40142
-0.651882 -1.21487
-0.792232 -1.49838
-0.574694 -1.07669
-0.882989 -1.7482
-0.362505 -0.702339
-0.895903 -2.56482
0.45088 0.730055
1.06666 -2.69762
-1.08875 -0.595421
-0.431518 -1.4286
-0.804509 -1.22075
-0.701554 -1.4546
-0.647184 -1.14054


