-2.51793 -2.88133
-0.869998 3.32777
-2.35738 -2.85897
-0.893124 3.80103
-2.10321 -2.70751
-0.999138 4.5122
-1.741 0.517323
-2.34245 2.85553
-1.82494 1.45174
-2.16246 1.04407
-1.98496 1.26754
-2.08744 1.01991
-2.01187 1.31266
-2.08987 0.91213
-2.0004 1.51614
-2.14018 0.641433
-2.00268 2.11122
-2.2629 -0.108987
-2.95358 2.33799
-1.65255 4.34161
-1.80422 0.512232
-2.27112 2.79023
-1.94345 0.302666
-2.31456 2.96559
-1.82676 1.22953
-2.11643 1.38092
-2.06573 0.721315
-2.01247 1.93624
-2.22841 0.0937316
-2.55333 3.16511
-2.93352 4.02996
-1.60717 3.36158
-2.38917 -1.78501
-1.65369 5.52967
-2.60108 3.95438
-2.15221 4.99574
-2.57562 4.58988
-2.12075 4.60487
-2.93641 3.69779
-1.6841 3.75177
-2.22139 -1.68961
-2.06252 5.88151
-2.07734 3.9089
-1.78597 1.60206
-2.20625 0.908054
-1.95753 1.58781
-2.16914 0.610887
-2.0055 2.21157
-2.27533 -0.232772
-3.11658 1.53306
-1.41457 3.37713
-2.42543 -2.01127
-1.36805 5.07007
-2.52423 3.7154
-2.54406 4.98438
-2.0881 4.32732
-2.88209 3.03428
-1.77517 4.47264
-1.88348 2.66482
-2.37073 -0.727673
-3.15683 3.24538
-1.30466 1.70794
-2.35393 1.45353
-1.90032 1.33127
-2.12064 1.07297
-2.0066 1.2052
-2.06882 1.08456
-2.02772 1.21151
-2.06391 1.04596
-2.02359 1.28358
-2.08011 0.939977
-2.00589 1.4675
-2.12708 0.699824
-1.99478 1.96755
-2.24179 0.0753915
-2.60691 3.12807
-2.63747 4.91791
-1.9431 4.07449
-1.79258 0.924322
-2.11086 2.00452
-2.18477 -0.0374661
-2.73087 2.93107
-2.09522 5.20186
-2.55984 4.48086
-2.14568 4.72681
-2.77434 4.30306
-1.88218 4.15451
-1.79287 0.84354
-2.1223 2.16474
-2.19369 -0.196924
-2.99453 2.1293
-1.59403 4.15156
-2.02941 -0.847634
-3.30286 1.62175
-1.2008 1.00113
-2.47688 2.51923
-2.3434 3.40102
-2.36441 3.46219
-2.76955 3.17982
-1.93355 4.91835
-2.90372 3.68306
-1.749 3.98972
-2.06613 -0.890786
-3.28481 2.00417
-1.21908 1.05745
-2.43394 2.46843
-1.93039 2.53204
-2.34273 -0.578243
-3.2632 1.82815
-1.22899 1.52502
-2.355 1.78158
-1.90576 1.00499
-2.06721 1.60557
-2.1366 0.448632
-2.08427 2.58497
-2.23656 -0.603297
-3.27857 1.02449
-1.19157 1.54919
-2.37418 1.75726
-1.88641 1.21582
-2.10036 1.28011
-2.05209 0.874446
-2.01158 1.62081
-2.16126 0.488434
-2.05881 2.50823
-2.25944 -0.56443
-3.27337 1.01896
-1.19516 1.62491
-2.38283 1.63817
-1.88201 1.40959
-2.14204 0.992635
-1.98786 1.35326
-2.10556 0.887436
-1.99351 1.55926
-2.15244 0.593663
-2.01373 2.23664
-2.27382 -0.268519
-3.14535 1.35425
-1.36529 3.13251
-2.52177 -1.54418
-1.61954 5.39748
-2.70066 3.83208
-2.00321 4.78641
-2.93753 3.58626
-1.69865 3.8458
-2.17677 -1.48731
-2.45375 5.72984
-1.67596 3.11145
-2.43189 -1.3662
-2.09128 5.78224
-2.18944 4.07534
-2.83535 3.10211
-1.83147 4.66336
-2.73331 3.3768
-1.98518 4.95163
-2.82834 4.01418
-1.83774 4.14551
-1.8404 0.379592
-2.35255 2.93969
-1.83553 1.92043
-2.27909 0.385261
-2.21478 3.03608
-1.9733 0.0590155
-2.62038 2.99957
-2.66387 4.88191
-1.90405 4.0006
-1.89377 0.0947401
-2.665 2.91062
-2.44262 5.19444
-2.16381 4.3454
-3.0442 2.88788
-1.55925 3.5371
-2.33412 -2.01213
-1.48704 5.34348
-2.64451 3.77865
-2.10183 4.99681
-2.64443 4.4871
-2.04751 4.49783
-2.99856 2.85313
-1.6341 3.90169
-2.17215 -1.56791
-2.3215 5.8432
-1.78541 3.39911
-2.30821 -1.58118
-2.0879 5.84316
-2.10995 3.9698
-1.91115 2.66689
-2.35589 -0.745209
-3.16937 3.14827
-1.29682 1.65916
-2.34694 1.53457
-1.90751 1.17276
-2.08788 1.3086
-2.0631 0.838904
-2.00705 1.68351
-2.17721 0.413928
-2.10838 2.713
-2.2039 -0.633207
-3.28255 0.968781
-1.18623 1.49497
-2.37177 1.84291
-1.88764 1.1344
-2.08677 1.41268
-2.08588 0.690343
-2.00957 1.9945
-2.24038 0.0259303
-2.69142 3.02116
-2.22936 5.24834
-2.40641 4.51372
-2.36598 4.91507
-2.32518 4.69644
-2.43987 4.83136
-2.2522 4.67626
-2.59441 4.70251
-2.08499 4.46115
-3.02174 2.84423
-1.59939 3.74249
-2.24451 -1.91272
-1.71233 5.67684
-2.45686 4.03307
-2.53784 4.93769
-2.11275 4.39202
-3.02258 2.79309
-1.59857 3.76243
-2.23685 -1.89512
-1.74422 5.71041
-2.42208 4.04737
-2.66163 4.74318
-1.96863 4.19347
-1.82612 2.26208
-2.35543 -0.072828
-3.09022 1.74798
-1.46265 3.56881
-2.33327 -2.17525
-1.32932 5.0719
-2.45047 3.73458
-2.88338 4.16095
-1.68886 3.61989
-2.27036 -1.78536
-1.85225 5.77534
-2.33913 4.07529
-2.94663 3.81112
-1.6375 3.54293
-2.31387 -1.88994
-1.65251 5.57465
-2.55442 3.97767
-2.25405 5.06261
-2.42538 4.64094
-2.29768 4.83459
-2.43168 4.7706
-2.26904 4.73485
-2.52293 4.76398
-2.16515 4.58317
-2.87484 4.00131
-1.75281 3.88138
-2.13307 -1.20547
-2.95796 4.56207
-1.37484 1.82057
-2.35645 1.22295
-1.90412 1.69923
-2.20923 0.554737
-2.02741 2.42327
-2.28025 -0.487032
-3.25896 0.936296
-1.20303 1.83032
-2.422 1.31052
-1.93507 2.29599
-2.31996 -0.270452
-3.18954 1.14038
-1.29362 2.68971
-2.58171 -0.435064
-2.66589 5.20795
-1.67715 3.28492
-2.38892 -1.62473
-1.8522 5.71171
-2.42062 4.10961
-2.60376 4.83304
-2.04091 4.30728
-2.55236 3.50986
-2.59828 4.93739
-2.0122 4.20788
-2.00395 3.01724
-2.25857 -1.00527
-3.07609 3.90262
-1.336 1.72932
-2.34727 1.39677
-1.9037 1.35278
-2.12472 1.03439
-1.99966 1.27384
-2.08487 0.987914
-2.00893 1.37325
-2.10432 0.827743
-1.99272 1.68337
-2.18191 0.43336
-2.09486 2.67318
-2.22129 -0.644006
-3.284 1.10244
-1.19131 1.46059
-2.36757 1.89486
-1.89122 1.06146
-2.07666 1.53257
-2.11652 0.535646
-2.04327 2.36139
-2.26639 -0.420607
-3.23058 0.887115
-1.22824 2.20005
-2.5112 0.658117
-2.98211 2.37656
-1.6276 4.16916
-1.99614 -0.649568
-3.29657 0.488849
-1.15336 1.26432
-2.3992 2.19514
-1.85084 1.4832
-2.16538 0.947772
-1.97468 1.45266
-2.13213 0.766633
-1.98574 1.81636
-2.21425 0.274759
-2.26447 3.06932
-1.86603 0.698351
-2.11434 2.309
-2.20959 -0.338491
-3.15481 1.23343
-1.34413 3.04443
-2.54721 -1.33964
-1.75552 5.53413
-2.60998 4.03226
-2.12049 4.92415
-2.66188 4.49145
-2.02462 4.43867
-2.86374 3.09488
-1.79801 4.53365
-2.13346 3.34369
-1.98991 -0.140353
-2.92653 2.30863
-1.67987 4.50106
-1.79283 2.16705
-2.34633 0.118032
-2.81617 2.81462
-1.86584 4.89554
-2.94966 3.33476
-1.69913 3.95248
-2.12129 -1.21649
-2.95067 4.59813
-1.37653 1.81959
-2.35566 1.2229
-1.90419 1.69244
-2.20752 0.563548
-2.02301 2.39708
-2.28182 -0.457581
-3.25051 0.907466
-1.20925 1.94426
-2.44881 1.12113
-2.09685 2.93724
-2.18269 -0.721803
-3.29153 1.27985
-1.19383 1.31119
-2.3716 2.12328
-1.8774 1.05803
-2.08035 1.5674
-2.12248 0.48775
-2.06439 2.48143
-2.25497 -0.535718
-3.26644 0.919752
-1.19577 1.7269
-2.40146 1.47781
-1.88759 1.80211
-2.23844 0.449112
-2.10661 2.76465
-2.1998 -0.658357
-3.28622 1.0504
-1.1876 1.43399
-2.36859 1.93691
-1.88915 1.05442
-2.07654 1.54945
-2.12027 0.513681
-2.05207 2.41659
-2.26286 -0.477644
-3.25115 0.867092
-1.20631 1.93403
-2.44725 1.13898
-2.07949 2.89279
-2.20972 -0.773899
-3.27993 1.77492
-1.21596 1.28935
-2.3633 2.15151
-1.88596 0.956951
-2.0714 1.73695
-2.16236 0.281983
-2.22803 2.98267
-1.96702 0.109869
-2.54661 3.05314
-3.05135 3.36865
-1.48649 3.02379
-2.51386 -1.21445
-2.01447 5.7222
-2.32878 4.16359
-2.88584 4.07097
-1.71086 3.72116
-2.22483 -1.6508
-2.1193 5.88291
-2.01877 3.83938
-1.86422 0.376685
-2.3258 2.92547
-1.82486 1.3241
-2.13434 1.23489
-2.02807 0.936047
-2.02311 1.52644
-2.13549 0.597545
-2.01599 2.21554
-2.27014 -0.245051
-3.12209 1.49531
-1.40493 3.33294
-2.44541 -1.94389
-1.39804 5.10962
-2.59438 3.69333
-2.26956 5.13509
-2.39179 4.5879
-2.36502 4.88551
-2.33118 4.71908
-2.42046 4.82697
-2.27492 4.70604
-2.52835 4.76999
-2.15806 4.56645
-2.90576 3.87011
-1.71582 3.8039
-2.18889 -1.51202
-2.39689 5.78
-1.72818 3.26229
-2.37409 -1.5547
-1.98223 5.78748
-2.27217 4.09867
-3.06319 2.8952
-1.52233 3.35933
-2.41305 -1.86536
-1.52394 5.34326
-2.68137 3.76395
-2.03578 4.89467
-2.80989 4.11526
-1.85423 4.15242
-1.81832 0.564464
-2.21764 2.67586
-2.06572 -0.186279
-2.95158 2.24772
-1.64704 4.37534
-1.77904 0.751678
-2.15662 2.38063
-2.17067 -0.331258
-3.13228 1.34837
-1.38077 3.24953
-2.48149 -1.80122
-1.46445 5.1971
-2.69209 3.65817
-2.02911 4.92686
-2.79322 4.15447
-1.87612 4.2006
-1.77341 1.13769
-2.11897 1.65042
-2.1199 0.367274
-2.14532 2.76977
-2.15398 -0.530547
-3.24882 0.652415
-1.19486 1.94182
-2.45394 1.12806
-2.11836 2.99168
-2.14432 -0.624194
-3.27929 0.721358
-1.17563 1.53874
-2.3803 1.77755
-1.88107 1.27058
-2.11194 1.20371
-2.03225 0.988246
-2.02663 1.42245
-2.11024 0.734815
-1.99559 1.88605
-2.22542 0.175075
-2.41591 3.18972
-2.72764 3.23441
-2.02205 5.05662
-2.71121 4.31339
-1.9778 4.41356
-2.55488 3.52059
-2.57437 4.97192
-2.04138 4.24927
-2.32813 3.50959
-2.48655 3.47616
-2.98038 3.7483
-1.57224 3.30285
-2.41952 -1.73304
-1.6541 5.51074
-2.61908 3.94282
-2.11951 4.95974
-2.64109 4.51208
-2.04926 4.48754
-2.99411 2.8509
-1.64022 3.93212
-2.1559 -1.47448
-2.49862 5.68649
-1.63297 2.96941
-2.47053 -1.10236
-2.33388 5.69894
-1.94435 3.80953
-1.99869 -0.394378
-3.18944 0.764718
-1.26409 2.65479
-2.58777 -0.359041
-2.71505 5.09495
-1.63731 3.1766
-2.43304 -1.48714
-1.92277 5.72972
-2.37577 4.1349
-2.74856 4.52973
-1.87031 4.03764
-1.90279 0.0168478
-2.77676 2.71514
-1.98455 5.13209
-2.70821 4.27072
-1.98498 4.45806
-2.74467 3.32055
-1.96896 4.94044
-2.85466 3.91294
-1.80657 4.08932
-1.92709 -0.163144
-3.01338 1.8915
-1.55345 4.07449
-2.10169 -1.28301
-2.86296 4.92857
-1.41106 1.99505
-2.39306 0.918126
-2.02061 2.64103
-2.28627 -0.713644
-3.26186 2.03289
-1.23277 1.4121
-2.34722 1.95637
-1.91572 0.827961
-2.06305 1.93241
-2.20327 0.0551311
-2.58685 3.13006
-2.76455 4.63213
-1.79215 3.79683
-2.15412 -1.24541
-2.88036 4.84555
-1.41137 2.03725
-2.40488 0.850588
-2.09763 2.89104
-2.1905 -0.716272
-3.29051 1.29086
-1.19482 1.32396
-2.36969 2.10381
-1.88086 1.03366
-2.07716 1.60426
-2.13189 0.442759
-2.08863 2.59648
-2.23211 -0.605297
-3.2787 1.0078
-1.1907 1.54853
-2.3745 1.75853
-1.88612 1.21838
-2.10089 1.27655
-2.05114 0.879577
-2.01209 1.6114
-2.15891 0.499953
-2.05272 2.4768
-2.26389 -0.53774
-3.26841 0.966251
-1.19653 1.69834
-2.39534 1.52266
-1.88318 1.67439
-2.20741 0.625135
-1.99832 2.24225
-2.28281 -0.264196
-3.15046 1.33081
-1.35709 3.08541
-2.53545 -1.43386
-1.69337 5.47717
-2.65604 3.94857
-2.05818 4.85248
-2.81294 4.1262
-1.84718 4.12664
-1.8475 0.337454
-2.3905 2.97741
-2.02676 2.94709
-2.25116 -0.926672
-3.16636 3.26639
-1.29289 1.51622
-2.32661 1.76011
-1.93908 0.791431
-2.05623 1.96305
-2.2121 0.0236421
-2.65273 3.06421
-2.40775 5.20086
-2.21169 4.40186
-2.95492 3.67451
-1.64858 3.62834
-2.27845 -1.87052
-1.72582 5.67064
-2.46869 4.041
-2.48668 4.98876
-2.17078 4.46049
-2.97918 3.50178
-1.6263 3.60021
-2.2947 -1.91859
-1.64377 5.5763
-2.54844 3.97434
-2.27175 5.06948
-2.40377 4.63433
-2.33112 4.8563
-2.37924 4.75798
-2.33717 4.79637
-2.38622 4.79135
-2.3215 4.7687
-2.41802 4.80477
-2.28067 4.72607
-2.50612 4.78166
-2.18262 4.60299
-2.81695 4.21195
-1.82225 4.01949
-1.97533 -0.393334
-3.19591 0.68572
-1.25013 2.57141
-2.58274 -0.155163
-2.94627 4.3471
-1.46087 2.57807
-2.51796 -0.187708
-3.17756 2.8813
-1.30434 1.90856
-2.40348 1.13945
-1.94982 2.33298
-2.31748 -0.334483
-3.22021 1.0016
-1.24711 2.33326
-2.53807 0.38914
-3.20697 1.48239
-1.28833 2.45576
-2.55081 0.125269
-3.21519 2.28223
-1.27994 1.95221
-2.42406 1.08237
-2.0207 2.68521
-2.28428 -0.754745
-3.24792 2.30171
-1.24502 1.41631
-2.34156 1.94447
-1.92356 0.782462
-2.06427 2.01202
-2.21543 -0.0374345
-2.76461 2.87704
-1.99072 5.10404
-2.7179 4.26586
-1.97303 4.42667
-2.57651 3.50808
-2.47321 5.09108
-2.15906 4.38943
-3.03548 3.0287
-1.5665 3.51612
-2.34126 -1.9881
-1.50333 5.36304
-2.64733 3.79086
-2.09361 4.98124
-2.66508 4.4568
-2.02427 4.45708
-2.8987 3.023
-1.75717 4.39558
-1.76329 1.7255
-2.24227 0.781421
-1.95835 1.95942
-2.25404 0.132954
-2.5304 3.18877
-3.02618 3.52048
-1.51522 3.11734
-2.48795 -1.41509
-1.85446 5.65584
-2.48099 4.12526
-2.38489 5.03048
-2.28519 4.58554
-2.58868 4.74005
-2.08624 4.44344
-3.01632 2.8215
-1.60804 3.79384
-2.22291 -1.83506
-1.8429 5.79376
-2.31405 4.05601
-3.02973 3.28771
-1.54916 3.34745
-2.41072 -1.82148
-1.57381 5.41555
-2.66382 3.8348
-2.05705 4.90409
-2.77224 4.23251
-1.89851 4.23063
-1.77152 1.65488
-2.22231 0.862794
-1.95332 1.71916
-2.20199 0.446149
-2.09057 2.67898
-2.22497 -0.656047
-3.28493 1.17921
-1.1939 1.43428
-2.36563 1.93489
-1.89261 1.02262
-2.07265 1.59999
-2.13299 0.451485
-2.08302 2.57574
-2.23803 -0.59801
-3.27776 1.0136
-1.19164 1.56184
-2.3756 1.73756
-1.88542 1.24576
-2.10615 1.23413
-2.04049 0.942376
-2.01951 1.49928
-2.13033 0.638461
-2.00593 2.11388
-2.26172 -0.115264
-2.96064 2.30933
-1.64302 4.30901
-1.84135 0.225467
-2.54564 2.99194
-3.08832 3.07181
-1.45053 2.93012
-2.53546 -0.999028
-2.20203 5.72001
-2.13256 4.06621
-2.34392 3.50058
-2.64499 3.36708
-2.25393 5.19539
-2.3944 4.54766
-2.37535 4.90219
-2.31638 4.6978
-2.45492 4.82478
-2.23595 4.65881
-2.64334 4.63036
-2.0292 4.37711
-2.7232 3.34168
-2.01243 5.01082
-2.75264 4.23134
-1.92873 4.31781
-1.94518 2.85826
-2.32503 -0.97038
-2.99816 4.2798
-1.38017 2.01362
-2.40758 0.915915
-2.06182 2.79603
-2.24059 -0.779758
-3.26547 2.05735
-1.2305 1.33518
-2.35109 2.07692
-1.90703 0.825972
-2.06702 1.95412
-2.20473 0.027708
-2.6365 3.08101
-2.49163 5.12938
-2.1153 4.30652
-2.94701 2.88021
-1.69831 4.20155
-1.91503 -0.177524
-3.0419 1.73094
-1.51093 3.9097
-2.18854 -1.86496
-1.83553 5.80647
-2.29568 4.04061
-3.06482 2.92535
-1.51663 3.32075
-2.42854 -1.80917
-1.55438 5.37628
-2.68155 3.79425
-2.03266 4.87444
-2.8308 4.05006
-1.82829 4.10074
-1.89239 0.0428913
-2.7496 2.76843
-2.07258 5.2135
-2.5789 4.45078
-2.12554 4.7048
-2.83371 4.11685
-1.81063 4.02036
-1.9868 -0.458205
-3.22777 0.4665
-1.19978 2.16155
-2.51167 0.732621
-2.92185 2.59846
-1.70569 4.43842
-1.75941 1.72318
-2.24231 0.791903
-1.95662 1.93519
-2.24964 0.166059
-2.46739 3.20485
-3.09839 2.34019
-1.47714 3.34822
-2.4271 -1.89313
-1.47317 5.25424
-2.68214 3.70037
-2.04175 4.93298
-2.77136 4.22022
-1.90175 4.24552
-1.77971 1.83215
-2.26763 0.605704
-2.02258 2.48354
-2.2856 -0.552347
-3.27355 1.1409
-1.20048 1.60951
-2.37813 1.66057
-1.88442 1.33683
-2.12509 1.09543
-2.00814 1.16554
-2.06078 1.14625
-2.04092 1.11446
-2.04184 1.18852
-2.05503 1.06552
-2.02942 1.25752
-2.07281 0.972204
-2.01144 1.41124
-2.11231 0.770324
-1.99194 1.80635
-2.20991 0.278978
-2.25564 3.05485
-1.88702 0.544669
-2.16721 2.59557
-2.14816 -0.412418
-3.18807 0.945551
-1.2809 2.69438
-2.58579 -0.452825
-2.62163 5.29184
-1.71954 3.39735
-2.33756 -1.68743
-1.87554 5.75469
-2.36203 4.09988
-2.84018 4.2579
-1.7596 3.81728
-2.16265 -1.33027
-2.73614 5.25836
-1.48463 2.40201
-2.47867 0.150225
-3.18995 1.3712
-1.30701 2.67473
-2.57655 -0.392182
-2.74407 5.0311
-1.608 3.08263
-2.46376 -1.32289
-2.04893 5.75916
-2.25802 4.12432
-3.06347 2.84726
-1.52516 3.39087
-2.40036 -1.90832
-1.50096 5.31782
-2.67687 3.74604
-2.04536 4.92073
-2.77583 4.21307
-1.89566 4.23128
-1.77047 1.62599
-2.215 0.904813
-1.95446 1.61241
-2.17591 0.583325
-2.01428 2.28909
-2.27897 -0.330606
-3.19198 1.07569
-1.28606 2.66145
-2.58173 -0.366149
-2.7428 5.03089
-1.61132 3.09583
-2.4601 -1.34791
-2.02723 5.75604
-2.27976 4.13135
-3.04047 3.16088
-1.54299 3.36221
-2.40695 -1.84915
-1.55112 5.38682
-2.67112 3.8051
-2.04831 4.90077
-2.78744 4.18708
-1.88071 4.19958
-1.77212 1.17909
-2.12345 1.58163
-2.10365 0.452258
-2.08901 2.5645
-2.23309 -0.581165
-3.27414 0.934744
-1.1905 1.61791
-2.38378 1.65048
-1.88124 1.40922
-2.1421 0.994669
-1.98804 1.34944
-2.10464 0.892721
-1.99408 1.54883
-2.1498 0.606692
-2.01007 2.20234
-2.27176 -0.22517
-3.10554 1.59635
-1.43272 3.46295
-2.3849 -2.11571
-1.32818 5.02664
-2.41508 3.71873
-3.03373 3.35766
-1.52895 3.23273
-2.45409 -1.64234
-1.68084 5.51872
-2.61905 3.96432
-2.11576 4.94583
-2.65513 4.4937
-2.03324 4.45875
-2.92843 2.95827
-1.72245 4.27006
-1.82642 0.390316
-2.35916 2.93696
-1.8473 2.06154
-2.30917 0.174434
-2.59604 3.16675
-2.67119 4.84845
-1.90475 4.0132
-1.88166 0.165932
-2.57258 2.99705
-2.9688 3.88189
-1.56425 3.22948
-2.44449 -1.61464
-1.73499 5.58162
-2.56785 4.03112
-2.20199 5.01615
-2.50139 4.64616
-2.20087 4.72061
-2.668 4.56324
-2.00513 4.35437
-2.49536 3.54043
-2.87536 4.22181
-1.68762 3.59766
-2.27899 -1.79496
-1.82636 5.75325
-2.3719 4.07714
-2.82886 4.30131
-1.77139 3.83905
-2.14503 -1.23519
-2.90425 4.76547
-1.39933 1.9658
-2.3883 0.975228
-1.98314 2.47647
-2.31054 -0.537479
-3.2726 1.27473
-1.20656 1.5993
-2.37396 1.67446
-1.88723 1.27964
-2.11245 1.17736
-2.02718 1.03047
-2.03336 1.35169
-2.09203 0.827138
-1.99697 1.68906
-2.18185 0.420244
-2.10446 2.70495
-2.2088 -0.639313
-3.28355 1.01615
-1.18777 1.47691
-2.36996 1.8705
-1.88905 1.09968
-2.08168 1.4696
-2.1005 0.615792
-2.02051 2.16561
-2.26149 -0.189131
-3.05543 1.8705
-1.51098 3.80561
-2.22916 -2.03611
-1.57307 5.53119
-2.5519 3.92664
-2.28483 5.08466
-2.38597 4.61975
-2.36413 4.87187
-2.33459 4.7296
-2.41102 4.82373
-2.28632 4.72
-2.49889 4.7896
-2.19003 4.61057
-2.79262 4.28817
-1.85159 4.07513
-1.89023 0.0732226
-2.70427 2.85042
-2.25165 5.27522
-2.37481 4.48707
-2.44511 4.90558
-2.23682 4.60788
-2.68535 4.56512
-1.97758 4.28809
-2.07243 3.19203
-2.14625 -0.74596
-3.29618 1.24629
-1.19006 1.24786
-2.38364 2.21763
-1.85837 1.24713
-2.11235 1.28675
-2.04825 0.859689
-2.01249 1.65474
-2.16877 0.443641
-2.08622 2.62873
-2.2326 -0.631802
-3.28242 1.1151
-1.19291 1.48236
-2.3679 1.86069
-1.8914 1.08249
-2.07894 1.49489
-2.10724 0.583799
-2.02796 2.24242
-2.26631 -0.283398
-3.15029 1.3162
-1.3562 3.08726
-2.53519 -1.4393
-1.68854 5.47189
-2.65972 3.94111
-2.05345 4.84632
-2.82516 4.08557
-1.83243 4.09885
-1.88959 0.0621372
-2.72286 2.81814
-2.17303 5.26447
-2.45992 4.50037
-2.27651 4.88838
-2.4444 4.74033
-2.25776 4.74068
-2.54074 4.74456
-2.14646 4.56035
-2.93328 3.73411
-1.68413 3.73931
-2.2263 -1.70491
-2.03225 5.8742
-2.11364 3.94746
-1.8878 2.55757
-2.36557 -0.579677
-3.24747 2.15265
-1.24537 1.55208
-2.35087 1.73179
-1.90954 1.00705
-2.06619 1.59413
-2.13454 0.464083
-2.07523 2.54565
-2.24566 -0.583325
-3.27566 1.00457
-1.19276 1.59291
-2.37911 1.68884
-1.88338 1.32333
-2.12238 1.11789
-2.01281 1.12723
-2.05256 1.20301
-2.05437 1.03069
-2.02467 1.32006
-2.08772 0.884157
-1.99964 1.57331
-2.15394 0.566438
-2.0232 2.30552
-2.27518 -0.353889
-3.20271 1.01305
-1.26857 2.53925
-2.57212 -0.0705778
-3.06451 3.73653
-1.38266 2.26074
-2.47491 0.490362
-2.92613 2.55657
-1.69814 4.42923
-1.75405 1.57446
-2.20467 1.00886
-1.96246 1.38341
-2.11885 0.884387
-1.98866 1.5632
-2.15479 0.59547
-2.01271 2.23427
-2.27412 -0.265044
-3.14286 1.37007
-1.36961 3.15496
-2.51458 -1.5948
-1.5878 5.36025
-2.71347 3.78138
-1.98807 4.77479
-2.95841 3.44855
-1.67516 3.81013
-2.20035 -1.62866
-2.18716 5.88608
-1.93166 3.70127
-2.08715 -0.783098
-3.30316 1.27356
-1.18793 1.13206
-2.41853 2.37621
-1.86241 2.02706
-2.29756 0.195618
-2.52651 3.20954
-3.02735 3.50909
-1.51485 3.11913
-2.48767 -1.41907
-1.85053 5.65321
-2.48474 4.12299
-2.37515 5.03366
-2.29557 4.59386
-2.55824 4.77676
-2.12027 4.49095
-3.01837 3.15089
-1.58949 3.57235
-2.31379 -1.97986
-1.54751 5.44436
-2.61931 3.85951
-2.13695 5.01176
-2.58868 4.56483
-2.1076 4.592
-2.96664 3.52074
-1.6498 3.68546
-2.25631 -1.84154
-1.79346 5.74083
-2.38866 4.0656
-2.77652 4.46632
-1.83245 3.95925
-2.01596 -0.576944
-3.27166 0.382668
-1.15975 1.58544
-2.39293 1.70805
-1.87532 1.47169
-2.15811 0.916589
-1.97571 1.50953
-2.14548 0.686964
-1.99174 2.00559
-2.25012 0.0320469
-2.69836 3.01425
-2.20027 5.24285
-2.43827 4.51909
-2.30697 4.898
-2.40065 4.73834
-2.31254 4.79266
-2.42358 4.79255
-2.27576 4.72852
-2.51393 4.77432
-2.17444 4.59333
-2.8448 4.11632
-1.7887 3.95371
-2.06136 -0.828718
-3.30215 1.52607
-1.19771 1.05789
-2.44635 2.46433
-1.9986 2.80875
-2.29196 -0.882675
-3.15381 3.33781
-1.3013 1.60059
-2.33474 1.62241
-1.92294 0.980972
-2.06008 1.61603
-2.14194 0.441324
-2.08829 2.60667
-2.23191 -0.613084
-3.27995 1.03538
-1.19109 1.52808
-2.37224 1.79022
-1.88784 1.17187
-2.09248 1.34924
-2.06981 0.776679
-2.00619 1.8106
-2.20562 0.255453
-2.28148 3.08549
-1.83531 1.003
-2.09064 1.75882
-2.1568 0.244696
-2.27003 3.04248
-1.86573 0.712349
-2.11023 2.27976
-2.21162 -0.31525
-3.13707 1.35164
-1.37529 3.20742
-2.49712 -1.71275
-1.51481 5.26636
-2.71961 3.68418
-1.98317 4.81438
-2.93576 3.57542
-1.7033 3.86723
-2.16485 -1.4249
-2.57425 5.57615
-1.58331 2.8028
-2.49668 -0.739129
-2.73295 5.10665
-1.585 2.96564
-2.48862 -1.08438
-2.28676 5.71604
-2.00701 3.90822
-1.83099 0.607946
-2.1796 2.56809
-2.13497 -0.359238
-3.14758 1.21385
-1.35127 3.11109
-2.53023 -1.5039
-1.63737 5.4141
-2.69416 3.85783
-2.0108 4.79152
-2.92602 3.65328
-1.71184 3.86838
-2.16067 -1.39244
-2.63407 5.47568
-1.54333 2.64938
-2.50135 -0.390688
-3.09643 3.59358
-1.3515 2.05214
-2.42748 0.874778
-2.16991 3.06528
-2.04494 -0.274037
-3.07166 1.64061
-1.47339 3.71426
-2.2677 -2.17787
-1.38481 5.22437
-2.56543 3.7585
-2.33537 5.12204
-2.3226 4.55954
-2.51993 4.8285
-2.16011 4.53464
-2.9323 3.7496
-1.68327 3.73092
-2.22984 -1.71695
-2.00902 5.8671
-2.14145 3.97348
-2.10064 3.21148
-2.10182 -0.57693
-3.26461 0.549986
-1.17543 1.71693
-2.40814 1.49864
-1.88851 1.86505
-2.2535 0.365242
-2.20045 2.99468
-2.015 -0.116806
-2.87117 2.51227
-1.76808 4.74079
-2.74889 3.37399
-1.95587 4.89209
-2.9038 3.70554
-1.74631 3.97087
-2.08152 -0.967438
-3.24168 2.6579
-1.24975 1.13767
-2.38164 2.36589
-1.84824 1.31381
-2.12749 1.20287
-2.0253 0.986699
-2.02868 1.4341
-2.11226 0.716084
-1.9971 1.92858
-2.23334 0.120665
-2.51518 3.18639
-3.08162 3.08748
-1.46303 2.99299
-2.52514 -1.14764
-2.05541 5.72612
-2.29092 4.159
-2.9989 3.48214
-1.58623 3.44407
-2.36511 -1.90121
-1.56335 5.43213
-2.64268 3.84917
-2.09212 4.95704
-2.68259 4.4337
-2.00366 4.41712
-2.7122 3.36306
-2.03483 5.03802
-2.7073 4.33407
-1.98105 4.41117
-2.56502 3.51395
-2.52696 5.03465
-2.09706 4.31988
-2.90379 2.98341
-1.74962 4.38689
-1.7579 1.57441
-2.20399 1.00144
-1.96222 1.39649
-2.12195 0.865999
-1.98697 1.60093
-2.16428 0.548224
-2.02933 2.36184
-2.27562 -0.419493
-3.23409 0.895419
-1.22504 2.15661
-2.50074 0.741321
-2.83366 2.8532
-1.83195 4.79037
-2.93223 3.08882
-1.72398 4.19168
-1.90414 -0.0996832
-2.95223 2.16264
-1.63911 4.39118
-1.77094 0.840994
-2.13587 2.21776
-2.18604 -0.234471
-3.03786 1.91578
-1.5327 3.91676
-2.18392 -1.80074
-1.93426 5.86305
-2.18825 3.9934
-2.5779 3.46415
-2.5038 5.06744
-2.12145 4.34419
-3.00571 2.77626
-1.62305 3.88879
-2.18077 -1.62908
-2.20949 5.8893
-1.8967 3.63372
-2.1565 -1.09686
-3.08305 3.92429
-1.32533 1.56767
-2.32014 1.65556
-1.94084 0.846032
-2.05158 1.84613
-2.19346 0.165241
-2.3971 3.16852
-2.44461 3.46223
-3.10314 2.70488
-1.45636 3.0904
-2.51055 -1.37979
-1.82654 5.62097
-2.52219 4.108
-2.28106 5.03509
-2.40068 4.65588
-2.33028 4.84559
-2.38294 4.76471
-2.33082 4.78938
-2.39736 4.79582
-2.30682 4.75539
-2.44653 4.80376
-2.24788 4.68844
-2.59471 4.69787
-2.08533 4.46441
-3.02289 2.85102
-1.59743 3.73025
-2.24963 -1.92752
-1.68739 5.64936
-2.48231 4.01777
-2.45606 5.01801
-2.20343 4.49214
-2.88337 3.99562
-1.736 3.82864
-2.16895 -1.39378
-2.62273 5.4928
-1.55303 2.69147
-2.50201 -0.485527
-3.0088 4.11411
-1.40236 2.26807
-2.4708 0.463853
-2.93137 2.53555
-1.69107 4.40763
-1.75284 1.31509
-2.14815 1.3984
-2.05281 0.696746
-2.02068 2.00263
-2.23669 0.00508153
-2.72183 2.96902
-2.11793 5.21122
-2.5329 4.49975
-2.17617 4.77064
-2.67699 4.52692
-1.99818 4.35545
-2.45448 3.5487
-3.04097 3.34427
-1.5147 3.17016
-2.47556 -1.52664
-1.75854 5.58463
-2.56538 4.04992
-2.2017 5.00963
-2.50403 4.64823
-2.19764 4.7141
-2.68005 4.54131
-1.99092 4.33098
-2.30915 3.50722
-2.26294 3.40258
-1.8229 1.95409
-2.2901 0.362467
-2.26201 3.1106
-1.85582 0.769149
-2.10155 2.18055
-2.21129 -0.22346
-3.04287 1.90502
-1.52678 3.88538
-2.19705 -1.87897
-1.80763 5.78267
-2.33056 4.04783
-2.99778 3.5227
-1.58129 3.41038
-2.37912 -1.8713
-1.57397 5.43709
-2.64574 3.85488
-2.08557 4.94464
-2.70045 4.40085
-1.98302 4.38083
-2.45891 3.55112
-3.02455 3.46239
-1.5309 3.20861
-2.4605 -1.5949
-1.719 5.55543
-2.59135 4.00983
-2.15868 4.98274
-2.57283 4.60008
-2.12315 4.60354
-2.93371 3.71327
-1.68702 3.75694
-2.21844 -1.67457
-2.09008 5.88537
-2.0456 3.87139
-1.80816 0.872886
-2.10905 2.07192
-2.1945 -0.109271
-2.8628 2.61886
-1.78349 4.74373
-2.79193 3.30609
-1.89098 4.75186
-2.9668 3.03975
-1.67958 4.01478
-2.09188 -1.08972
-3.13006 3.66185
-1.30258 1.37383
-2.31495 1.97907
-1.96156 0.55479
-2.1069 2.44731
-2.21909 -0.465236
-3.23319 0.80062
-1.21976 2.15967
-2.50355 0.735939
-2.86028 2.78297
-1.79032 4.68839
-2.6747 3.46004
-2.11056 5.10107
-2.58191 4.52176
-2.1182 4.64308
-2.90575 3.83962
-1.72189 3.83531
-2.17217 -1.42996
-2.55738 5.5989
-1.59744 2.85648
-2.49118 -0.859086
-2.59425 5.394
-1.69775 3.29778
-2.37699 -1.62225
-1.88229 5.73763
-2.38162 4.11307
-2.75057 4.52861
-1.86647 4.02813
-1.91628 -0.0596199
-2.87933 2.43969
-1.75299 4.72288
-2.66267 3.48225
-2.13893 5.12038
-2.54124 4.55333
-2.16231 4.7127
-2.75416 4.36532
-1.90477 4.19026
-1.76933 1.3759
-2.15614 1.26964
-2.02362 0.887482
-2.0218 1.62751
-2.1593 0.466999
-2.07124 2.55945
-2.24871 -0.599146
-3.27839 1.07842
-1.19413 1.54646
-2.37274 1.76077
-1.88765 1.19761
-2.09685 1.30721
-2.05913 0.835699
-2.00843 1.69368
-2.17904 0.39924
-2.12017 2.75086
-2.18665 -0.614019
-3.2781 0.833673
-1.18249 1.5615
-2.37966 1.74056
-1.8822 1.28896
-2.11541 1.17286
-2.02512 1.037
-2.03487 1.34263
-2.08953 0.838472
-1.99785 1.66641
-2.17633 0.448015
-2.08393 2.62856
-2.23471 -0.635413
-3.28274 1.14367
-1.19389 1.47326
-2.36694 1.87453
-1.89225 1.0649
-2.07672 1.52434
-2.11468 0.546407
-2.03936 2.33454
-2.26726 -0.391036
-3.21744 0.933063
-1.24579 2.36314
-2.54548 0.325482
-3.22427 1.60588
-1.2684 2.19842
-2.4962 0.65568
-2.88753 2.69721
-1.75097 4.58341
-2.15208 3.3824
-1.93455 0.128455
-2.55695 3.03217
-3.02108 3.5795
-1.51444 3.09549
-2.49277 -1.3681
-1.89642 5.68049
-2.44129 4.14533
-2.49727 4.95752
-2.16427 4.46749
-2.98382 3.46668
-1.62187 3.59459
-2.29791 -1.92675
-1.62966 5.55817
-2.56098 3.95938
-2.24438 5.06362
-2.43624 4.63997
-2.28276 4.82372
-2.45796 4.76818
-2.23881 4.69917
-2.60584 4.67793
-2.07364 4.45044
-3.00435 2.82497
-1.62563 3.87581
-2.18581 -1.64931
-2.17057 5.89571
-1.93911 3.70899
-2.07396 -0.720845
-3.30189 0.890657
-1.17193 1.21267
-2.40121 2.2683
-1.84708 1.56638
-2.18671 0.838873
-1.96493 1.70246
-2.19477 0.449559
-2.08612 2.65613
-2.23093 -0.650267
-3.28415 1.18852
-1.19479 1.4442
-2.36542 1.91931
-1.8932 1.02696
-2.07283 1.59084
-2.13093 0.463041
-2.07643 2.54617
-2.24464 -0.582454
-3.27542 0.99625
-1.19254 1.59691
-2.37977 1.68266
-1.88303 1.33586
-2.12516 1.09964
-2.00876 1.15825
-2.05926 1.15729
-2.04344 1.09774
-2.03825 1.21408
-2.06118 1.02903
-2.02218 1.31643
-2.08767 0.89273
-2.00006 1.55604
-2.14973 0.588656
-2.0159 2.24675
-2.27372 -0.281806
-3.15546 1.29078
-1.34776 3.0385
-2.54761 -1.32122
-1.77363 5.55111
-2.59385 4.0541
-2.14471 4.94876
-2.61043 4.56707
-2.08175 4.53198
-3.02127 3.03862
-1.59272 3.62954
-2.29026 -1.9805
-1.57548 5.49646
-2.59091 3.90396
-2.18922 5.04649
-2.50701 4.62497
-2.19621 4.72649
-2.67276 4.55171
-2.00008 4.34796
-2.43695 3.54881
-3.08429 2.94405
-1.47443 3.10205
-2.50311 -1.39806
-1.82841 5.62713
-2.51591 4.10931
-2.29639 5.0387
-2.3825 4.64864
-2.36059 4.85849
-2.34132 4.7416
-2.39635 4.81903
-2.3044 4.73949
-2.45728 4.80636
-2.23537 4.66991
-2.63562 4.64015
-2.03862 4.39338
-2.81644 3.18365
-1.85745 4.70908
-2.88906 3.11704
-1.7723 4.40158
-1.77611 1.92372
-2.29215 0.487605
-2.13102 2.87604
-2.15348 -0.590119
-3.26984 0.679359
-1.17969 1.66586
-2.39653 1.57822
-1.87997 1.63028
-2.19686 0.689898
-1.98075 2.06157
-2.2647 -0.0244002
-2.82447 2.75697
-1.85173 4.8817
-2.95493 3.25406
-1.6942 3.96986
-2.11329 -1.18211
-3.00454 4.36583
-1.35388 1.68303
-2.33074 1.45277
-1.91766 1.15318
-2.08213 1.32137
-2.06809 0.823967
-2.00533 1.71068
-2.18397 0.381692
-2.13591 2.79971
-2.16099 -0.569589
-3.26371 0.673708
-1.18394 1.7486
-2.41111 1.44645
-1.89639 1.96614
-2.27481 0.219741
-2.43137 3.21572
-2.92736 2.78833
-1.7132 4.34268
-1.77359 0.890638
-2.12476 2.11294
-2.18698 -0.144449
-2.91244 2.45423
-1.70669 4.53594
-1.89069 2.7179
-2.36649 -0.804634
-3.0954 3.70877
-1.33645 1.8413
-2.37454 1.22324
-1.90585 1.86781
-2.24979 0.332129
-2.23338 3.0469
-1.93286 0.26409
-2.37098 3.01516
-1.93645 2.63749
-2.3416 -0.717225
-3.21009 2.74448
-1.27232 1.55816
-2.34023 1.70755
-1.92071 0.939563
-2.05876 1.69926
-2.16045 0.337989
-2.17018 2.86632
-2.1014 -0.405043
-3.17981 0.951725
-1.29107 2.78096
-2.58594 -0.674811
-2.35812 5.61907
-1.9907 3.92151
-1.84279 0.498852
-2.23984 2.75788
-2.0108 -0.00398453
-2.68776 2.93038
-2.2969 5.26149
-2.32893 4.47359
-2.56769 4.80074
-2.10336 4.44506
-3.02999 2.8664
-1.5853 3.66705
-2.27658 -1.98755
-1.58301 5.51459
-2.57775 3.9182
-2.21699 5.06108
-2.46889 4.63489
-2.24093 4.78391
-2.54656 4.72135
-2.14226 4.56654
-2.93498 3.72237
-1.6827 3.73817
-2.22717 -1.7102
-2.02292 5.87177
-2.12441 3.95774
-1.95511 2.83211
-2.32085 -0.938361
-3.04611 4.03603
-1.35617 1.89103
-2.38115 1.13003
-1.92515 2.1007
-2.29325 -0.000942062
-2.84952 2.70159
-1.80613 4.77851
-2.88871 3.14778
-1.77421 4.38915
-1.76921 1.81755
-2.26566 0.644905
-2.00259 2.37751
-2.29322 -0.428577
-3.2449 0.923332
-1.21563 2.01886
-2.46655 0.992034
-2.29676 3.25858
-1.82895 1.97036
-2.29268 0.329786
-2.3099 3.1632
-1.82258 1.83077
-2.25925 0.528598
-2.06309 2.64185
-2.2524 -0.675141
-3.28161 1.47202
-1.20661 1.40462
-2.35955 1.9772
-1.89902 0.941553
-2.06641 1.73935
-2.16525 0.282624
-2.22806 2.98462
-1.96628 0.112813
-2.5429 3.05463
-3.0645 3.26668
-1.47429 2.99365
-2.52172 -1.14672
-2.07003 5.73077
-2.27242 4.15127
-3.03951 3.16051
-1.54509 3.37192
-2.40283 -1.86093
-1.54576 5.38211
-2.67071 3.80059
-2.04948 4.90498
-2.78242 4.20081
-1.88685 4.21132
-1.76819 1.34602
-2.15043 1.31807
-2.03581 0.812657
-2.01695 1.76611
-2.19199 0.297788
-2.22182 2.99156
-1.9759 0.0633446
-2.61054 3.01049
-2.72005 4.75841
-1.83775 3.87996
-2.07013 -0.818313
-3.30243 1.4695
-1.19558 1.07708
-2.43801 2.44294
-1.94067 2.57744
-2.33857 -0.64301
-3.24884 2.18471
-1.24419 1.50398
-2.34635 1.80753
-1.91629 0.908493
-2.05978 1.76867
-2.17432 0.252055
-2.26684 3.04874
-1.86908 0.682085
-2.11771 2.3375
-2.20773 -0.360215
-3.17 1.13107
-1.31735 2.89353
-2.57482 -0.959475
-2.07442 5.69967
-2.30223 4.18206
-2.94822 3.77677
-1.64198 3.5705
-2.3022 -1.88767
-1.67171 5.60263
-2.53151 3.9985
-2.30803 5.06992
-2.36333 4.62009
-2.40366 4.87147
-2.2883 4.69184
-2.51057 4.7912
-2.17634 4.58607
-2.84802 4.1067
-1.78436 3.94381
-2.07204 -0.882932
-3.28656 1.95428
-1.21707 1.06519
-2.43126 2.45949
-1.91549 2.45269
-2.34534 -0.459681
-3.26617 1.27619
-1.21201 1.69386
-2.3879 1.52465
-1.88373 1.58377
-2.18436 0.74565
-1.97317 1.90859
-2.23835 0.176332
-2.4323 3.19889
-2.91025 2.8348
-1.73381 4.41406
-1.76078 1.70676
-2.23773 0.811849
-1.95437 1.87503
-2.23749 0.245604
-2.32829 3.14958
-1.85456 2.18922
-2.33318 -0.0134403
-2.97044 2.30739
-1.63318 4.25372
-1.90634 -0.174816
-3.04655 1.69902
-1.50337 3.88154
-2.20001 -1.93684
-1.7253 5.71348
-2.41244 4.03542
-2.71398 4.63347
-1.90524 4.08814
-1.81828 0.612639
-2.18821 2.58248
-2.12215 -0.329348
-3.12002 1.39036
-1.39863 3.35327
-2.43768 -1.98863
-1.37063 5.06459
-2.52578 3.7126
-2.53934 4.99064
-2.09345 4.33369
-2.91541 2.95919
-1.73617 4.33777
-1.76747 1.01507
-2.11689 1.88597
-2.16333 0.0927112
-2.49065 3.16278
-3.12073 2.45315
-1.43534 3.06737
-2.52082 -1.33591
-1.84421 5.62795
-2.51104 4.12123
-2.30341 5.03669
-2.37499 4.64714
-2.37337 4.86098
-2.32532 4.73007
-2.42596 4.82095
-2.26934 4.70363
-2.54077 4.75855
-2.14467 4.54843
-2.9472 3.66184
-1.66767 3.70395
-2.24466 -1.78441
-1.88898 5.81059
-2.28189 4.05726
-3.06855 2.82864
-1.5165 3.35565
-2.41579 -1.8655
-1.51917 5.33421
-2.68337 3.75583
-2.03332 4.89339
-2.81429 4.10043
-1.84903 4.14305
-1.83117 0.457057
-2.2875 2.84378
-1.89708 0.558489
-2.15123 2.54867
-2.17091 -0.443328
-3.21043 0.831931
-1.2464 2.43517
-2.56077 0.166553
-3.20778 2.38651
-1.28703 1.97594
-2.42803 1.03976
-2.05661 2.80546
-2.24427 -0.795258
-3.25765 2.20254
-1.23741 1.34543
-2.34698 2.05848
-1.91365 0.788833
-2.06808 2.01826
-2.21416 -0.0462757
-2.7783 2.84681
-1.95524 5.05983
-2.78276 4.10543
-1.89819 4.29023
-1.81422 2.21263
-2.34977 0.0174552
-2.97469 2.29919
-1.62833 4.2313
-1.93328 -0.324137
-3.16722 0.87353
-1.2984 2.89556
-2.57935 -0.978798
-2.032 5.68749
-2.35168 4.19306
-2.77257 4.45296
-1.84551 3.99902
-1.96773 -0.337433
-3.16128 0.956091
-1.31266 2.96354
-2.56818 -1.15152
-1.88451 5.62538
-2.49925 4.1517
-2.31934 5.03027
-2.35834 4.64358
-2.40318 4.86197
-2.29016 4.69976
-2.50256 4.79467
-2.18522 4.59921
-2.81494 4.21994
-1.82433 4.02261
-1.97027 -0.367078
-3.18108 0.79942
-1.27634 2.74681
-2.58951 -0.592874
-2.43592 5.54997
-1.9083 3.7944
-2.05496 -0.676634
-3.29611 0.664116
-1.16318 1.29347
-2.38932 2.15295
-1.8583 1.30898
-2.12445 1.18987
-2.02429 1.00781
-2.03141 1.39651
-2.10277 0.765388
-1.99545 1.81887
-2.21136 0.258715
-2.28213 3.08955
-1.83343 1.02587
-2.09209 1.72035
-2.14854 0.290232
-2.21665 2.95339
-1.9987 -0.0281296
-2.73898 2.8369
-2.0942 5.21817
-2.55501 4.47439
-2.15173 4.74253
-2.74824 4.37036
-1.91397 4.21268
-1.7738 1.68587
-2.23004 0.815822
-1.95522 1.84367
-2.23028 0.284131
-2.26857 3.08396
-1.85429 0.795433
-2.09706 2.12891
-2.20951 -0.171454
-2.97297 2.23178
-1.62408 4.25676
-1.90877 -0.194448
-3.06659 1.58137
-1.47256 3.75244
-2.25168 -2.15875
-1.41712 5.29043
-2.58678 3.77748
-2.25185 5.11243
-2.41624 4.60793
-2.31869 4.86326
-2.39399 4.75686
-2.31782 4.78586
-2.41785 4.79663
-2.28198 4.73245
-2.50034 4.78358
-2.18904 4.61274
-2.79269 4.28726
-1.85168 4.07572
-1.88956 0.0771283
-2.69901 2.85866
-2.27552 5.27357
-2.34916 4.47718
-2.5128 4.86021
-2.1638 4.52225
-2.93702 3.72926
-1.67705 3.71535
-2.23768 -1.74992
-1.94882 5.84299
-2.21259 4.02588
-2.86361 3.03359
-1.79528 4.56221
-2.23176 3.47637
-1.80573 1.69712
-2.22757 0.739709
-1.96715 2.01349
-2.26145 0.0527394
-2.68467 3.04023
-2.2521 5.248
-2.38239 4.50812
-2.41713 4.90995
-2.26783 4.64457
-2.58376 4.72792
-2.09498 4.46789
-3.02855 2.8928
-1.58691 3.6632
-2.27785 -1.98554
-1.58394 5.51499
-2.57802 3.91868
-2.21612 5.06042
-2.47011 4.63487
-2.2394 4.78207
-2.55035 4.71806
-2.13813 4.56048
-2.94746 3.65511
-1.66831 3.70865
-2.24268 -1.77867
-1.8999 5.8175
-2.26883 4.05263
-3.06773 2.69281
-1.52482 3.44946
-2.37699 -1.98281
-1.46075 5.27158
-2.65858 3.72679
-2.08305 4.98931
-2.67477 4.43321
-2.01411 4.44433
-2.83554 3.1544
-1.83267 4.6369
-2.66089 3.46457
-2.15093 5.13353
-2.52303 4.55995
-2.18296 4.74523
-2.68417 4.52159
-1.98831 4.33404
-2.30459 3.50461
-2.20824 3.34258
-1.85235 0.696167
-2.12417 2.342
-2.20207 -0.35643
-3.1648 1.15984
-1.32601 2.94622
-2.56736 -1.09447
-1.95101 5.66411
-2.43058 4.18109
-2.50394 4.94347
-2.15869 4.46625
-2.99295 3.40093
-1.61221 3.57824
-2.30652 -1.94232
-1.59991 5.51714
-2.58675 3.92424
-2.19256 5.04288
-2.50411 4.62895
-2.19923 4.72885
-2.66468 4.56678
-2.00945 4.36285
-2.5559 3.51391
-2.57526 4.97154
-2.03994 4.24676
-2.30799 3.49737
-2.22456 3.36179
-1.82196 1.01959
-2.09589 1.75716
-2.15361 0.244537
-2.2695 3.03985
-1.86753 0.698551
-2.1133 2.30548
-2.21032 -0.336283
-3.15346 1.243
-1.34655 3.05728
-2.544 -1.3709
-1.73289 5.5137
-2.628 4.00332
-2.09511 4.89615
-2.72094 4.37596
-1.9567 4.32378
-2.08395 3.22054
-2.12178 -0.663556
-3.28889 0.772787
-1.17259 1.40461
-2.37577 1.98505
-1.87969 1.12298
-2.08723 1.44849
-2.09349 0.640728
-2.01658 2.10769
-2.2555 -0.117198
-2.95343 2.33482
-1.65243 4.34325
-1.80282 0.524201
-2.26308 2.7723
-1.96371 0.205736
-2.41136 3.05701
-2.37998 3.44711
-2.88293 2.92876
-1.76849 4.51381
-1.9726 2.98879
-2.28846 -1.05
-2.96934 4.43227
-1.38931 2.02883
-2.40907 0.883701
-2.08827 2.87127
-2.20404 -0.742777
-3.28665 1.53061
-1.20527 1.30289
-2.36689 2.13353
-1.8825 0.9997
-2.07431 1.66344
-2.1458 0.370364
-2.14045 2.77914
-2.15863 -0.550266
-3.25676 0.657793
-1.18847 1.83906
-2.43016 1.29984
-1.95515 2.42601
-2.3233 -0.458816
-3.26282 1.10192
-1.20776 1.76857
-2.4055 1.40813
-1.89707 1.94071
-2.26892 0.251891
-2.3704 3.1935
-2.18355 3.28743
-1.92402 0.223824
-2.43302 3.04338
-2.63201 3.35361
-2.31881 5.1962
-2.32325 4.51173
-2.55254 4.80848
-2.12219 4.4768
-3.02328 3.10259
-1.58416 3.56712
-2.31698 -1.98703
-1.53551 5.42573
-2.62589 3.84347
-2.1267 5.00545
-2.60568 4.54484
-2.08935 4.56312
-3.00522 3.22773
-1.60796 3.62281
-2.28992 -1.95235
-1.60906 5.53858
-2.57004 3.94072
-2.22822 5.06098
-2.4557 4.63868
-2.25715 4.80019
-2.50964 4.74833
-2.18218 4.62347
-2.79738 4.2691
-1.84696 4.0693
-1.90111 0.00797094
-2.7932 2.67606
-1.93848 5.07573
-2.78852 4.07367
-1.89282 4.28969
-1.80514 2.13967
-2.33724 0.1367
-2.75343 2.95196
-2.0096 5.11127
-2.69335 4.32058
-2.00012 4.47145
-2.84348 3.14342
-1.8229 4.60569
-2.51583 3.56841
-2.73704 4.64959
-1.84912 3.94321
-2.01116 -0.539758
-3.2586 0.373916
-1.16768 1.75467
-2.41942 1.44
-1.90571 2.08904
-2.29767 0.0431996
-2.7879 2.86079
-1.9271 5.0086
-2.84502 3.9038
-1.8236 4.1493
-1.85135 0.292401
-2.44025 3.00493
-2.64708 3.33476
-2.26294 5.20194
-2.38311 4.53977
-2.40054 4.90282
-2.28751 4.67092
-2.52446 4.78659
-2.16057 4.56085
-2.90627 3.86976
-1.71481 3.80053
-2.19075 -1.52144
-2.37851 5.79462
-1.74487 3.30637
-2.35445 -1.58271
-1.98765 5.79944
-2.25281 4.0845
-3.06197 2.67747
-1.53551 3.50876
-2.35032 -2.02658
-1.45201 5.27693
-2.64453 3.73874
-2.11072 5.02145
-2.61892 4.51626
-2.07596 4.54938
-3.01802 3.07023
-1.59664 3.63434
-2.2876 -1.97266
-1.5878 5.51379
-2.58205 3.91876
-2.2059 5.05398
-2.48424 4.6331
-2.22232 4.76078
-2.59541 4.6705
-2.08849 4.48643
-3.02715 2.91739
-1.58841 3.65966
-2.27901 -1.98361
-1.58491 5.51548
-2.5782 3.91923
-2.21545 5.05987
-2.47107 4.63488
-2.23821 4.78059
-2.55337 4.71538
-2.13484 4.55565
-2.95695 3.60087
-1.65747 3.68678
-2.2539 -1.82265
-1.82265 5.76384
-2.35763 4.06891
-2.89107 4.06935
-1.6991 3.68233
-2.24372 -1.72228
-1.98203 5.8524
-2.1809 4.00809
-2.56268 3.4759
-2.57474 4.97742
-2.0384 4.24154
-2.27687 3.47415
-1.93061 2.67388
-2.34471 -0.761125
-3.17543 3.10305
-1.29282 1.6301
-2.34311 1.58239
-1.91272 1.08777
-2.07375 1.44274
-2.09788 0.658241
-2.0113 2.06513
-2.25154 -0.0613598
-2.86072 2.65052
-1.78726 4.74176
-2.79663 3.29751
-1.88459 4.73632
-2.95407 3.03003
-1.69598 4.09599
-2.01905 -0.709647
-3.30615 0.749658
-1.16335 1.15075
-2.42493 2.34969
-1.87287 2.12726
-2.31558 0.0430565
-2.83777 2.74422
-1.82642 4.82001
-2.94238 3.1044
-1.71219 4.12749
-1.97817 -0.494164
-3.24604 0.353173
-1.17538 1.90786
-2.45302 1.1881
-2.08017 2.90238
-2.2074 -0.773945
-3.28068 1.75904
-1.21513 1.2863
-2.36415 2.15632
-1.88451 0.967647
-2.07221 1.71958
-2.15844 0.302599
-2.205 2.93841
-2.02483 -0.136512
-2.89549 2.43713
-1.72807 4.63448
-2.26977 3.52544
-1.96595 2.814
-2.31505 -0.91396
-3.08498 3.81143
-1.33678 1.79019
-2.36147 1.30225
-1.89895 1.61425
-2.18901 0.676654
-1.98481 2.07956
-2.26603 -0.0514559
-2.8714 2.62505
-1.77011 4.69577
-2.6338 3.5057
-2.22563 5.163
-2.43262 4.57468
-2.30161 4.86989
-2.41528 4.75424
-2.29117 4.76677
-2.46778 4.78964
-2.22533 4.66634
-2.66064 4.59604
-2.00997 4.34986
-2.50931 3.53523
-2.80793 4.45573
-1.76392 3.76902
-2.18293 -1.40842
-2.58131 5.55719
-1.5849 2.81691
-2.49617 -0.769746
-2.69435 5.19691
-1.61516 3.06189
-2.46472 -1.28211
-2.10124 5.76579
-2.19995 4.09348
-2.93108 2.87922
-1.71517 4.28821
-1.81477 0.475271
-2.29043 2.8354
-1.89407 0.582362
-2.14126 2.50304
-2.18427 -0.443784
-3.21359 0.832518
-1.24295 2.39889
-2.55439 0.247115
-3.22602 1.94892
-1.2697 2.02148
-2.44691 0.971435
-2.18989 3.11577
-1.9898 -0.0501356
-2.78384 2.73811
-1.95715 5.08929
-2.76164 4.15241
-1.92382 4.34399
-1.9979 3.02296
-2.26256 -1.02075
-3.05178 4.04033
-1.34749 1.79205
-2.35826 1.2907
-1.90015 1.60368
-2.18611 0.688641
-1.98259 2.04591
-2.26119 -0.00712205
-2.7882 2.84439
-1.92845 5.01563
-2.83886 3.92502
-1.8312 4.16455
-1.83008 0.450235
-2.29495 2.85547
-1.88028 0.674534
-2.11286 2.33095
-2.21174 -0.359553
-3.17135 1.12637
-1.31533 2.87982
-2.57636 -0.924072
-2.10891 5.7026
-2.2649 4.16955
-3.03953 3.15088
-1.54618 3.38021
-2.39946 -1.87135
-1.54047 5.37692
-2.67055 3.79578
-2.0503 4.90862
-2.77837 4.21154
-1.8918 4.22084
-1.76793 1.48634
-2.1808 1.10789
-1.98447 1.16925
-2.06799 1.17604
-2.04393 1.05915
-2.03209 1.28052
-2.07686 0.933913
-2.00652 1.48152
-2.13019 0.679786
-1.99722 2.01536
-2.24954 0.013782
-2.72931 2.96086
-2.09127 5.19317
-2.56719 4.47888
-2.13735 4.7114
-2.80497 4.21374
-1.84495 4.08482
-1.88876 0.076547
-2.70109 2.85493
-2.26625 5.27457
-2.35911 4.48124
-2.48555 4.88196
-2.19334 4.55813
-2.83842 4.15127
-1.79348 3.95582
-2.05574 -0.797817
-3.30644 1.30292
-1.1878 1.07194
-2.44498 2.44708
-1.98113 2.7451
-2.30964 -0.8371
-3.16797 3.20275
-1.29495 1.59519
-2.33638 1.63525
-1.92183 0.979867
-2.06036 1.62029
-2.14275 0.435667
-2.09191 2.62113
-2.22776 -0.617036
-3.28044 1.02785
-1.1904 1.52148
-2.37194 1.80066
-1.888 1.16185
-2.09083 1.36561
-2.07399 0.754157
-2.00623 1.85705
-2.21534 0.197927
-2.36947 3.16637
-2.12302 3.18543
-2.07803 -0.465683
-3.21709 0.665792
-1.22632 2.33228
-2.54522 0.38928
-3.21511 1.52849
-1.27867 2.34214
-2.52922 0.369861
-3.19899 1.45865
-1.29852 2.55743
-2.56531 -0.10756
-3.0679 3.72201
-1.37917 2.23872
-2.47022 0.532811
-2.84877 2.79267
-1.80761 4.74237
-2.84159 3.21807
-1.82788 4.57792
-2.43008 3.57996
-3.0825 2.95249
-1.47732 3.11415
-2.49966 -1.42404
-1.80877 5.61358
-2.53283 4.094
-2.26077 5.03179
-2.42496 4.66037
-2.29446 4.82208
-2.44074 4.77467
-2.25792 4.7195
-2.55335 4.7391
-2.13194 4.53559
-2.97763 3.47588
-1.63355 3.63781
-2.27847 -1.89915
-1.68899 5.63452
-2.50107 4.01632
-2.39233 5.05326
-2.27241 4.55737
-2.64325 4.66185
-2.02286 4.34767
-2.58441 3.49278
-2.44647 5.11549
-2.18872 4.41815
-2.98411 3.48703
-1.61807 3.57242
-2.30743 -1.93094
-1.61214 5.53155
-2.57936 3.93746
-2.20595 5.04849
-2.48587 4.63565
-2.2201 4.75611
-2.60285 4.66159
-2.0801 4.47337
-3.02142 2.85499
-1.59973 3.73917
-2.24575 -1.91491
-1.70807 5.67205
-2.46154 4.03071
-2.52209 4.95593
-2.13054 4.41315
-3.0368 2.90754
-1.57175 3.58724
-2.3112 -2.01362
-1.51329 5.39803
-2.6291 3.82152
-2.12501 5.01093
-2.60518 4.5426
-2.09011 4.56626
-3.00294 3.24831
-1.61036 3.62526
-2.28846 -1.94754
-1.61662 5.54854
-2.56395 3.94911
-2.24077 5.06484
-2.4401 4.63886
-2.27771 4.82001
-2.46726 4.76591
-2.22844 4.68614
-2.6377 4.6311
-2.03728 4.39495
-2.81429 3.18808
-1.86036 4.71646
-2.90371 3.09296
-1.75566 4.33951
-1.7613 1.18394
-2.12711 1.59655
-2.10455 0.433281
-2.10054 2.61044
-2.22018 -0.594523
-3.27588 0.914583
-1.18821 1.59336
-2.38119 1.68942
-1.88199 1.3462
-2.12764 1.08614
-2.00568 1.18158
-2.06449 1.12374
-2.03569 1.14852
-2.04946 1.13781
-2.04316 1.13988
-2.04556 1.14337
-2.04542 1.1349
-2.04395 1.14913
-2.04697 1.12719
-2.0421 1.1603
-2.04961 1.11094
-2.03846 1.18483
-2.05539 1.07536
-2.03081 1.23996
-2.06874 0.997554
-2.01565 1.3672
-2.10097 0.827288
-1.99388 1.6853
-2.18199 0.429289
-2.09781 2.68323
-2.21754 -0.643457
-3.28402 1.07918
-1.19029 1.46332
-2.36815 1.89091
-1.89064 1.06973
-2.07771 1.51903
-2.11308 0.552686
-2.03733 2.31887
-2.26744 -0.373362
-3.20862 0.972986
-1.25875 2.46932
-2.56326 0.0911262
-3.18077 2.76618
-1.30732 2.00018
-2.42763 0.988798
-2.08601 2.8855
-2.2041 -0.75273
-3.28539 1.59484
-1.20793 1.29476
-2.36661 2.14522
-1.88209 0.996928
-2.07429 1.66947
-2.14707 0.362884
-2.14677 2.79738
-2.14763 -0.526454
-3.24662 0.644535
-1.19626 1.96876
-2.46058 1.08192
-2.18613 3.12314
-1.99387 -0.0720522
-2.81609 2.66077
-1.87705 4.96972
-2.90723 3.60359
-1.75054 4.02958
-2.03407 -0.735598
-3.30774 0.897614
-1.1699 1.12415
-2.43156 2.38355
-1.89697 2.32569
-2.33999 -0.264348
-3.20413 1.09667
-1.27245 2.52557
-2.56867 -0.0370813
-3.10072 3.49351
-1.35963 2.16857
-2.45741 0.670589
-2.58251 3.24869
-2.67797 4.82494
-1.90128 4.01302
-1.88627 0.13586
-2.6116 2.96801
-2.75073 4.68687
-1.79949 3.80068
-2.14751 -1.20659
-2.94448 4.6101
-1.38223 1.87431
-2.36831 1.13345
-1.91637 1.96651
-2.26912 0.186963
-2.47144 3.21319
-3.10874 2.36082
-1.45929 3.24039
-2.46955 -1.7081
-1.57684 5.37836
-2.69456 3.79816
-2.01304 4.82891
-2.89374 3.80344
-1.75169 3.95055
-2.09164 -1.01018
-3.20672 3.03228
-1.2685 1.21589
-2.34911 2.24602
-1.89886 0.802299
-2.07334 2.02011
-2.21131 -0.0504393
-2.78189 2.83756
-1.94652 5.04827
-2.79921 4.05645
-1.87877 4.25445
-1.76935 1.63481
-2.21746 0.894723
-1.95374 1.63915
-2.1826 0.549356
-2.02796 2.38449
-2.2779 -0.444407
-3.2446 0.891508
-1.21406 2.02161
-2.46792 0.987524
-2.31054 3.27036
-1.87246 2.34513
-2.3523 -0.259524
-3.21244 1.08329
-1.26142 2.42813
-2.55423 0.184813
-3.22042 2.14785
-1.27553 1.97632
-2.43228 1.04472
-2.06984 2.8482
-2.22629 -0.786147
-3.27022 1.98499
-1.22628 1.31118
-2.35542 2.11532
-1.89899 0.866624
-2.06756 1.88755
-2.19304 0.104837
-2.49207 3.17571
-3.12036 2.51277
-1.43363 3.03445
-2.52727 -1.2574
-1.91368 5.66965
-2.44477 4.15895
-2.47486 4.97373
-2.18961 4.4976
-2.90885 3.87995
-1.7071 3.77063
-2.20626 -1.59543
-2.23431 5.87029
-1.88796 3.62587
-2.16723 -1.14841
-3.00803 4.32027
-1.3575 1.75503
-2.34583 1.33906
-1.90394 1.42507
-2.14139 0.928593
-1.98272 1.47713
-2.13587 0.720368
-1.98927 1.92271
-2.23526 0.137554
-2.49006 3.19487
-3.1192 2.53936
-1.4346 3.02993
-2.52777 -1.246
-1.92541 5.67589
-2.43288 4.16298
-2.51118 4.94036
-2.14973 4.45324
-3.01265 3.24303
-1.59143 3.54715
-2.32345 -1.96755
-1.54894 5.44002
-2.6245 3.8557
-2.12681 5.00134
-2.60764 4.54418
-2.08709 4.5583
-3.00922 3.18803
-1.60393 3.62058
-2.29163 -1.9601
-1.59775 5.5237
-2.57851 3.92796
-2.21145 5.05489
-2.47729 4.63557
-2.23048 4.77031
-2.57381 4.69547
-2.11241 4.52226
-3.00862 3.22958
-1.60105 3.59291
-2.30318 -1.9643
-1.57854 5.49227
-2.59741 3.90141
-2.17461 5.03537
-2.5293 4.61502
-2.17145 4.6901
-2.75621 4.36774
-1.90065 4.17823
-1.77219 1.22729
-2.12952 1.50031
-2.08375 0.556612
-2.0452 2.31304
-2.26187 -0.368288
-3.20281 0.994767
-1.26715 2.53703
-2.57223 -0.0656498
-3.06744 3.71774
-1.38087 2.25394
-2.47369 0.503958
-2.90394 2.63001
-1.72763 4.52244
-1.89939 2.74698
-2.36082 -0.84634
-3.06426 3.90678
-1.35161 1.90686
-2.38694 1.10888
-1.93581 2.20119
-2.30628 -0.146821
-3.07415 1.8
-1.48503 3.68259
-2.28087 -2.16672
-1.38488 5.21479
-2.56867 3.75291
-2.32695 5.12428
-2.33146 4.56459
-2.49658 4.84721
-2.18541 4.56664
-2.84774 4.11415
-1.78318 3.93754
-2.07737 -0.908992
-3.2751 2.17237
-1.2271 1.08249
-2.41709 2.43986
-1.8666 2.09549
-2.31104 0.0962906
-2.7358 2.9748
-2.06286 5.16544
-2.60856 4.44388
-2.09236 4.63447
-2.95304 3.58543
-1.66807 3.73214
-2.23366 -1.7562
-1.94472 5.84326
-2.21407 4.02537
-2.87151 3.0152
-1.78557 4.53237
-2.08464 3.25812
-2.10704 -0.622644
-3.27914 0.620773
-1.17 1.53008
-2.38205 1.79218
-1.87943 1.28162
-2.1145 1.18977
-2.02857 1.00985
-2.0303 1.38728
-2.10103 0.779806
-1.99519 1.78759
-2.20465 0.29818
-2.22908 3.01177
-1.95453 0.161735
-2.483 3.06535
-3.08194 2.32139
-1.50341 3.50056
-2.35916 -2.06351
-1.40508 5.19122
-2.60833 3.71981
-2.2117 5.11022
-2.46144 4.60595
-2.25446 4.81566
-2.50665 4.74388
-2.18603 4.63303
-2.77934 4.3211
-1.86902 4.11099
-1.83796 0.423366
-2.31086 2.88617
-1.84707 0.968211
-2.08579 1.79893
-2.16704 0.199286
-2.33198 3.11533
-1.84828 2.12572
-2.32255 0.0847968
-2.79057 2.86555
-1.91976 4.99365
-2.86186 3.8384
-1.80321 4.11069
-1.9099 -0.0737487
-2.90819 2.33721
-1.70522 4.59578
-2.05855 3.22146
-2.15366 -0.793164
-3.2913 1.57842
-1.20421 1.2083
-2.38532 2.27313
-1.85293 1.30233
-2.1242 1.21105
-2.02829 0.973975
-2.0264 1.45402
-2.11759 0.691393
-1.99898 1.98572
-2.24342 0.0481782
-2.65758 3.0709
-2.3756 5.2179
-2.24829 4.43272
-2.83306 4.20686
-1.79044 3.92725
-2.07871 -0.907525
-3.27546 2.16365
-1.22676 1.08399
-2.4166 2.43802
-1.86531 2.08172
-2.30855 0.117068
-2.69269 3.0477
-2.21029 5.24024
-2.4286 4.52123
-2.3228 4.90369
-2.37915 4.73093
-2.34338 4.81347
-2.37315 4.77989
-2.3407 4.78617
-2.38399 4.79628
-2.32344 4.76714
-2.41555 4.80583
-2.28344 4.72824
-2.49987 4.78561
-2.18935 4.61198
-2.79274 4.28734
-1.85156 4.07535
-1.89006 0.0741596
-2.70302 2.85239
-2.25728 5.27505
-2.36877 4.48496
-2.46026 4.89793
-2.22055 4.58973
-2.7416 4.43914
-1.91034 4.1746
-1.77085 1.31066
-2.14325 1.368
-2.04946 0.738513
-2.01658 1.91195
-2.22201 0.118902
-2.50164 3.18602
-3.11085 2.74294
-1.438 2.97413
-2.53471 -1.10887
-2.0657 5.72248
-2.28572 4.16099
-3.00871 3.41273
-1.57619 3.42433
-2.37521 -1.89288
-1.55672 5.41633
-2.65136 3.83407
-2.0786 4.94191
-2.7125 4.37418
-1.96934 4.35831
-2.28313 3.49215
-1.99683 2.91038
-2.28154 -0.961853
-3.09005 3.80189
-1.33145 1.72991
-2.34902 1.39952
-1.90269 1.36309
-2.12725 1.02105
-1.99698 1.29816
-2.09085 0.955113
-2.00345 1.43184
-2.11943 0.752543
-1.99092 1.84586
-2.21878 0.230965
-2.32619 3.13796
-1.8437 2.08928
-2.31616 0.142523
-2.67253 3.08095
-2.28971 5.24139
-2.34323 4.4951
-2.51495 4.85295
-2.16235 4.52404
-2.93804 3.72302
-1.67604 3.71379
-2.23857 -1.75407
-1.94146 5.83946
-2.22119 4.03085
-2.92232 2.89189
-1.725 4.3293
-1.7768 0.861653
-2.12803 2.16362
-2.18888 -0.191582
-2.98354 2.17562
-1.60879 4.20732
-1.96955 -0.527418
-3.26131 0.291093
-1.1599 1.69533
-2.4107 1.53567
-1.8863 1.85968
-2.25274 0.376085
-2.18788 2.97077
-2.04504 -0.234363
-3.02444 1.90272
-1.54429 4.00422
-2.14323 -1.54334
-2.39241 5.80337
-1.70952 3.19462
-2.39951 -1.48257
-2.02002 5.78623
-2.24755 4.09745
-3.06044 2.67999
-1.5381 3.52051
-2.34492 -2.03202
-1.4532 5.28276
-2.64288 3.743
-2.11341 5.02326
-2.61441 4.52219
-2.08083 4.55727
-3.0133 3.13666
-1.60053 3.62551
-2.29035 -1.96617
-1.59214 5.51752
-2.58119 3.92236
-2.20677 5.0535
-2.48333 4.63381
-2.22334 4.76176
-2.59281 4.67375
-2.09138 4.49075
-3.02747 2.9456
-1.58664 3.63985
-2.28724 -1.99084
-1.56701 5.48739
-2.59358 3.8959
-2.18542 5.04599
-2.5119 4.62201
-2.19081 4.71948
-2.68967 4.51921
-1.98024 4.31549
-2.18324 3.38271
-1.87621 0.490678
-2.21233 2.7221
-2.06583 -0.207615
-2.98196 2.11816
-1.60501 4.22794
-1.9506 -0.431645
-3.22432 0.435468
-1.20029 2.19335
-2.51993 0.670896
-3.02218 2.21773
-1.57435 3.96385
-2.15723 -1.58093
-2.31496 5.85361
-1.78308 3.38837
-2.31262 -1.58147
-2.0786 5.84024
-2.12325 3.98376
-2.00921 3.00137
-2.25702 -0.987499
-3.09835 3.76511
-1.32565 1.67569
-2.33937 1.48776
-1.91213 1.17044
-2.08637 1.3034
-2.06262 0.847593
-2.0073 1.66591
-2.17309 0.436053
-2.09175 2.65327
-2.22581 -0.638132
-3.28325 1.10268
-1.19182 1.47175
-2.36783 1.87744
-1.89123 1.0729
-2.07789 1.5122
-2.1115 0.561573
-2.03443 2.29689
-2.26752 -0.348054
-3.19468 1.04628
-1.28064 2.63056
-2.58037 -0.290366
-2.83085 4.7804
-1.54165 2.86973
-2.51001 -0.866163
-2.49775 5.52537
-1.79773 3.54742
-2.2535 -1.54409
-2.248 5.84432
-1.90323 3.66902
-2.1337 -1.00324
-3.19439 3.11408
-1.27522 1.29707
-2.33253 2.11716
-1.93304 0.638788
-2.09161 2.30716
-2.22813 -0.353526
-3.17528 1.11823
-1.30986 2.83969
-2.5799 -0.820136
-2.21527 5.69091
-2.1473 4.09589
-2.58126 3.47022
-2.48107 5.08929
-2.14809 4.37428
-3.04102 2.88396
-1.56525 3.56664
-2.32083 -2.01746
-1.49763 5.36856
-2.63706 3.79835
-2.11326 5.00463
-2.62442 4.5167
-2.06936 4.53334
-3.02194 2.97259
-1.59516 3.66721
-2.27483 -1.96804
-1.60825 5.54679
-2.56062 3.94523
-2.25134 5.07037
-2.42663 4.63598
-2.29691 4.83661
-2.43214 4.7695
-2.26864 4.73508
-2.52355 4.76334
-2.16451 4.58241
-2.87692 3.99284
-1.75032 3.8763
-2.1373 -1.22853
-2.9208 4.70775
-1.39108 1.91447
-2.37652 1.06308
-1.93699 2.1808
-2.3026 -0.121714
-3.03999 1.9756
-1.53596 3.89428
-2.19271 -1.84069
-1.8666 5.8239
-2.26662 4.03456
-3.06216 2.64084
-1.53596 3.52651
-2.34277 -2.03944
-1.44833 5.27642
-2.63992 3.74131
-2.12059 5.03207
-2.60056 4.53755
-2.09587 4.58271
-2.98751 3.37377
-1.62703 3.64801
-2.276 -1.9096
-1.67889 5.6255
-2.50787 4.00891
-2.37491 5.06066
-2.29082 4.5717
-2.58603 4.74797
-2.08842 4.44363
-3.01869 2.82404
-1.60439 3.77541
-2.23079 -1.86698
-1.78926 5.75113
-2.37418 4.05825
-2.84159 4.26099
-1.75535 3.80329
-2.17153 -1.37507
-2.65147 5.438
-1.53591 2.62534
-2.50108 -0.33535
-3.138 3.27759
-1.32713 1.95682
-2.4088 1.04728
-1.99497 2.56326
-2.3053 -0.640195
-3.26967 1.76046
-1.22262 1.46098
-2.35315 1.88411
-1.90847 0.920613
-2.06271 1.76068
-2.17133 0.25947
-2.25671 3.03296
-1.89304 0.511781
-2.1823 2.65323
-2.12188 -0.366375
-3.15195 1.17153
-1.3425 3.06924
-2.5422 -1.40529
-1.70294 5.483
-2.65215 3.96038
-2.06287 4.85617
-2.8028 4.15906
-1.85928 4.14883
-1.81645 0.585027
-2.20621 2.63987
-2.08927 -0.252688
-3.03676 1.8643
-1.52892 3.93031
-2.17871 -1.77873
-1.9727 5.88048
-2.14311 3.9584
-2.06897 3.14486
-2.16474 -0.789196
-3.28945 1.60646
-1.20602 1.22472
-2.38036 2.24933
-1.85886 1.2126
-2.10612 1.34148
-2.06226 0.78116
-2.00864 1.80683
-2.20389 0.257148
-2.27797 3.08028
-1.84141 0.930769
-2.08864 1.88367
-2.1806 0.0993519
-2.49073 3.17047
-3.12065 2.47561
-1.43466 3.05471
-2.52341 -1.30585
-1.87031 5.64489
-2.48664 4.13805
-2.36078 5.03271
-2.31179 4.60935
-2.51174 4.81964
-2.17129 4.55961
-2.88565 3.96354
-1.73844 3.84764
-2.15854 -1.34334
-2.71881 5.30099
-1.49312 2.43764
-2.48367 0.0748931
-3.22145 1.33905
-1.26346 2.29837
-2.52385 0.460894
-3.15632 1.58524
-1.36544 3.00777
-2.5491 -1.22849
-1.86949 5.62785
-2.50289 4.1402
-2.3155 5.0331
-2.3621 4.64367
-2.39654 4.86261
-2.29774 4.70662
-2.48467 4.8048
-2.20454 4.62466
-2.7455 4.41819
-1.90833 4.17787
-1.7706 1.31397
-2.1439 1.36327
-2.04817 0.745385
-2.01638 1.89801
-2.2194 0.136099
-2.46992 3.19101
-3.09925 2.33613
-1.4757 3.34202
-2.42979 -1.88416
-1.47741 5.25904
-2.68479 3.70155
-2.03687 4.92355
-2.78535 4.18181
-1.88493 4.21427
-1.76797 1.34947
-2.15115 1.31315
-2.03448 0.82015
-2.01726 1.75191
-2.18879 0.315115
-2.20139 2.95258
-2.02693 -0.151181
-2.91674 2.36307
-1.69557 4.54019
-1.88044 2.67771
-2.37235 -0.743905
-3.14008 3.38193
-1.31379 1.74724
-2.35935 1.38615
-1.89732 1.47016
-2.15353 0.877017
-1.976 1.58766
-2.16422 0.58204
-2.01595 2.27728
-2.27685 -0.317688
-3.18261 1.12729
-1.30142 2.76389
-2.58284 -0.623907
-2.43643 5.55353
-1.90348 3.78332
-2.06775 -0.736323
-3.30416 0.956653
-1.17404 1.17401
-2.41129 2.32083
-1.85021 1.80672
-2.24763 0.510084
-2.06759 2.64577
-2.2483 -0.672159
-3.28255 1.423
-1.20441 1.40736
-2.36056 1.97362
-1.89783 0.953527
-2.06713 1.71878
-2.16069 0.307245
-2.20059 2.93142
-2.03479 -0.175498
-2.94859 2.24436
-1.64992 4.3931
-1.7662 0.91897
-2.12461 2.07337
-2.18299 -0.104802
-2.84517 2.66506
-1.8142 4.81709
-2.93031 3.11023
-1.72691 4.19199
-1.90132 -0.0818814
-2.93021 2.25023
-1.67122 4.49592
-1.77985 2.05154
-2.32323 0.304123
-2.42865 3.23816
-2.9379 2.76013
-1.70056 4.29693
-1.81653 0.449427
-2.31196 2.87143
-1.84902 0.953572
-2.08508 1.82276
-2.17184 0.171539
-2.37331 3.1467
-2.12527 3.18813
-2.0735 -0.448025
-3.2078 0.720433
-1.24046 2.44809
-2.56535 0.13574
-3.19049 2.63793
-1.3007 1.99431
-2.4283 1.0022
-2.0801 2.87093
-2.21262 -0.766572
-3.28055 1.74523
-1.21487 1.29614
-2.36294 2.1415
-1.88711 0.952091
-2.07088 1.74386
-2.16401 0.273935
-2.23751 2.99934
-1.94256 0.229016
-2.40411 3.04188
-2.26121 3.3708
-1.81157 1.75061
-2.24053 0.656484
-1.99043 2.25527
-2.28846 -0.273709
-3.16275 1.26029
-1.33625 2.96793
-2.56209 -1.14475
-1.91515 5.64838
-2.46451 4.16692
-2.40748 5.0123
-2.26277 4.57257
-2.65389 4.63801
-2.01161 4.3337
-2.45644 3.54609
-3.03664 3.37731
-1.51881 3.17913
-2.47203 -1.5429
-1.74918 5.578
-2.57173 4.04082
-2.19079 5.00354
-2.52047 4.64007
-2.17954 4.68855
-2.7406 4.40983
-1.91885 4.20881
-1.77523 1.71348
-2.23707 0.775327
-1.95982 1.95728
-2.25309 0.133582
-2.52752 3.18973
-3.03731 3.44467
-1.50456 3.08966
-2.49693 -1.35851
-1.8948 5.677
-2.44554 4.14557
-2.48278 4.97023
-2.18027 4.48541
-2.94001 3.7271
-1.67099 3.69399
-2.24758 -1.78443
-1.8851 5.80694
-2.28814 4.05992
-3.0643 2.91648
-1.51843 3.3327
-2.4238 -1.82723
-1.54435 5.36535
-2.68226 3.7834
-2.0325 4.87917
-2.82709 4.06144
-1.83299 4.11052
-1.87785 0.13169
-2.63039 2.94504
-2.64324 4.92755
-1.92574 4.03378
-1.83799 0.473118
-2.26578 2.80931
-1.94848 0.268911
-2.3479 3.00491
-1.84402 2.04966
-2.3074 0.196162
-2.55389 3.19863
-2.89998 4.17056
-1.64405 3.46006
-2.34284 -1.83799
-1.67148 5.57817
-2.55829 3.98895
-2.23935 5.05293
-2.44479 4.64576
-2.27031 4.80949
-2.48349 4.76217
-2.21044 4.66148
-2.69794 4.52102
-1.96668 4.28151
-1.99965 3.01701
-2.26221 -1.01459
-3.0597 3.99603
-1.34383 1.77289
-2.3548 1.32325
-1.90016 1.523
-2.16595 0.798239
-1.97318 1.76674
-2.20728 0.355078
-2.17024 2.90196
-2.09285 -0.390833
-3.17009 1.01341
-1.30764 2.88476
-2.57795 -0.942653
-2.07989 5.69855
-2.29822 4.1822
-2.95918 3.71767
-1.62999 3.54371
-2.31556 -1.90298
-1.63438 5.55294
-2.56908 3.95855
-2.22383 5.05345
-2.46295 4.64145
-2.24753 4.78792
-2.53259 4.73366
-2.1573 4.58764
-2.88643 3.95016
-1.73971 3.85645
-2.15347 -1.31829
-2.76527 5.18977
-1.46706 2.31532
-2.46376 0.326413
-3.03561 2.10733
-1.55153 3.90013
-2.18867 -1.79212
-1.94254 5.86427
-2.18296 3.99149
-2.52254 3.49664
-2.77711 4.5524
-1.79766 3.8363
-2.12966 -1.13119
-3.06083 4.06864
-1.33264 1.57926
-2.31909 1.63152
-1.94039 0.864334
-2.05117 1.80973
-2.18655 0.209394
-2.32854 3.12283
-1.84306 2.07822
-2.31394 0.158763
-2.63765 3.12532
-2.45037 5.16219
-2.16584 4.36373
-3.04034 2.97618
-1.56105 3.51118
-2.3444 -1.99245
-1.49465 5.34786
-2.64962 3.7794
-2.09121 4.98202
-2.66797 4.45073
-2.02116 4.45259
-2.8798 3.06322
-1.77915 4.47095
-1.88825 2.68431
-2.36824 -0.757531
-3.13636 3.41455
-1.31544 1.74948
-2.35927 1.38148
-1.89741 1.47609
-2.15496 0.868523
-1.97535 1.60629
-2.16887 0.55852
-2.0246 2.34166
-2.27722 -0.395613
-3.22456 0.92245
-1.2371 2.27664
-2.52779 0.505941
-3.14802 1.62948
-1.37958 3.08367
-2.531 -1.41119
-1.72981 5.5196
-2.6232 4.00322
-2.10281 4.90919
-2.6994 4.42044
-1.98193 4.36789
-2.40002 3.54805
-3.08622 2.45115
-1.49733 3.40926
-2.39881 -1.96472
-1.44767 5.23379
-2.6588 3.70535
-2.08687 5.00208
-2.66178 4.45217
-2.02897 4.47165
-2.93591 2.94571
-1.71376 4.2353
-1.86759 0.106253
-2.68545 2.8695
-2.34573 5.25646
-2.27232 4.43359
-2.7647 4.42051
-1.87156 4.08016
-1.86229 0.258736
-2.46868 3.01681
-2.96384 2.66162
-1.66732 4.18866
-1.95154 -0.392294
-3.20322 0.597563
-1.23472 2.47337
-2.57208 0.0753977
-3.14875 3.09041
-1.32998 2.07385
-2.44062 0.852303
-2.25934 3.20254
-1.82988 1.00662
-2.09269 1.76394
-2.15666 0.237728
-2.27853 3.05341
-1.84859 0.866136
-2.08989 1.99632
-2.19762 -0.0282427
-2.72725 2.94305
-2.10545 5.20727
-2.54724 4.48975
-2.15981 4.74803
-2.72761 4.4214
-1.9384 4.25469
-1.84513 2.40461
-2.37055 -0.309347
-3.24341 1.09778
-1.2266 2.03622
-2.46709 0.95949
-2.33003 3.28281
-1.9871 2.85764
-2.29554 -0.935249
-3.09624 3.75291
-1.32967 1.7357
-2.35097 1.39199
-1.90149 1.38976
-2.1336 0.984201
-1.99036 1.36739
-2.10812 0.863137
-1.99176 1.60835
-2.16462 0.531599
-2.03671 2.40394
-2.2731 -0.466319
-3.25053 0.888225
-1.20812 1.94327
-2.44899 1.12304
-2.09662 2.93694
-2.18301 -0.722629
-3.29149 1.28621
-1.1941 1.3102
-2.37158 2.12472
-1.87733 1.05792
-2.08036 1.56775
-2.12255 0.487295
-2.06461 2.48258
-2.2548 -0.536646
-3.26664 0.921037
-1.19567 1.72404
-2.40091 1.48237
-1.88702 1.78972
-2.23552 0.466348
-2.09123 2.71439
-2.22119 -0.674516
-3.28622 1.24738
-1.19576 1.40052
-2.36476 1.98653
-1.89223 0.994679
-2.07084 1.6525
-2.14509 0.38653
-2.12734 2.74094
-2.17977 -0.588709
-3.27109 0.751005
-1.18295 1.65571
-2.3933 1.59336
-1.87964 1.5755
-2.18306 0.764521
-1.9712 1.86321
-2.2294 0.236082
-2.33121 3.14768
-1.86233 2.24921
-2.34136 -0.109405
-3.09764 1.6958
-1.4499 3.51695
-2.35831 -2.1525
-1.32479 5.04237
-2.42168 3.72477
-3.00841 3.53293
-1.55456 3.29274
-2.428 -1.73071
-1.63941 5.48782
-2.63468 3.91912
-2.09538 4.93373
-2.69347 4.42185
-1.99014 4.38846
-2.53319 3.52937
-2.68359 4.77803
-1.91079 4.05075
-1.8418 0.431568
-2.29844 2.87031
-1.87016 0.749522
-2.09776 2.19143
-2.21511 -0.235822
-3.06058 1.8133
-1.5006 3.77698
-2.24096 -2.08692
-1.50371 5.43048
-2.5897 3.85228
-2.21083 5.07579
-2.47194 4.62469
-2.23837 4.78676
-2.5495 4.71707
-2.13926 4.56331
-2.94305 3.67907
-1.67343 3.71927
-2.23718 -1.75549
-1.94118 5.84002
-2.22048 4.03001
-2.91706 2.90502
-1.73123 4.35136
-1.76286 1.09613
-2.11971 1.74711
-2.1378 0.251373
-2.25927 3.01592
-1.89437 0.509425
-2.18266 2.65586
-2.12104 -0.365109
-3.15087 1.17832
-1.34436 3.0795
-2.53945 -1.43003
-1.68582 5.46573
-2.66427 3.93473
-2.04745 4.83667
-2.8421 4.02638
-1.81192 4.05948
-1.94977 -0.275513
-3.11903 1.26125
-1.38792 3.35902
-2.43643 -2.01196
-1.35264 5.03069
-2.46635 3.7171
-2.82806 4.36491
-1.75084 3.75734
-2.19426 -1.47436
-2.45428 5.72181
-1.68339 3.14011
-2.42295 -1.41158
-2.05432 5.78185
-2.22498 4.09413
-3.02099 2.67112
-1.59983 3.82937
-2.21026 -1.80342
-1.90288 5.83524
-2.24159 4.03112
-3.00701 2.68191
-1.61886 3.91959
-2.16792 -1.57026
-2.32209 5.84466
-1.78256 3.39089
-2.31209 -1.58338
-2.07676 5.8403
-2.12493 3.98513
-2.02282 3.03785
-2.23812 -0.965064
-3.14552 3.44563
-1.30242 1.54312
-2.32586 1.7113
-1.93755 0.829795
-2.05373 1.88579
-2.19985 0.116263
-2.47989 3.18103
-3.11418 2.37113
-1.4495 3.18104
-2.48994 -1.58944
-1.65275 5.46196
-2.66099 3.90754
-2.05428 4.86481
-2.80831 4.13612
-1.85359 4.14163
-1.82783 0.486787
-2.26564 2.80016
-1.95129 0.257777
-2.35826 3.0159
-1.8789 2.33612
-2.34858 -0.255343
-3.20726 1.09654
-1.26858 2.48922
-2.56367 0.0471372
-3.16222 2.97122
-1.31991 2.03019
-2.43172 0.931666
-2.14392 3.02052
-2.10092 -0.478472
-3.22282 0.664224
-1.22037 2.26503
-2.53095 0.528892
-3.14735 1.63796
-1.38097 3.08889
-2.52949 -1.42311
-1.72168 5.51217
-2.62929 3.99259
-2.09438 4.89984
-2.71932 4.3782
-1.9588 4.32826
-2.11008 3.27052
-2.0642 -0.446613
-3.20788 0.707802
-1.23933 2.44487
-2.56511 0.142822
-3.19317 2.60191
-1.29872 1.99144
-2.42819 1.00802
-2.07606 2.86008
-2.2184 -0.774415
-3.27675 1.84129
-1.21941 1.30093
-2.36004 2.13301
-1.89154 0.917971
-2.06902 1.80082
-2.17617 0.206578
-2.32635 3.11537
-1.83572 1.99631
-2.29726 0.282824
-2.38746 3.21517
-2.43234 3.46499
-3.10579 2.52615
-1.46068 3.18151
-2.48708 -1.58269
-1.66693 5.48073
-2.64894 3.93068
-2.07046 4.88549
-2.76719 4.25672
-1.9029 4.23218
-1.77435 1.72346
-2.23985 0.763357
-1.96176 1.99402
-2.25972 0.0844982
-2.62534 3.1165
-2.53139 5.08031
-2.07005 4.25521
-2.5612 3.49902
-2.56092 4.99367
-2.05616 4.26712
-2.50587 3.5277
-2.83431 4.37129
-1.7332 3.70122
-2.22449 -1.60819
-2.18846 5.875
-1.94593 3.73243
-2.05086 -0.617968
-3.28113 0.495173
-1.16133 1.482
-2.38255 1.86802
-1.87714 1.24666
-2.10814 1.24932
-2.04263 0.918089
-2.017 1.54397
-2.14158 0.581958
-2.01978 2.25738
-2.27263 -0.296513
-3.16522 1.22865
-1.33077 2.94348
-2.56655 -1.08371
-1.96647 5.67188
-2.41381 4.18449
-2.55778 4.883
-2.09838 4.39347
-3.00297 2.79941
-1.62722 3.89683
-2.17617 -1.59927
-2.26424 5.87171
-1.84071 3.52285
-2.23924 -1.43213
-2.45888 5.69745
-1.70014 3.20503
-2.40099 -1.50224
-1.98853 5.77571
-2.28337 4.11169
-3.04652 3.10941
-1.53623 3.34879
-2.41357 -1.83578
-1.55364 5.38575
-2.6738 3.80397
-2.04406 4.89304
-2.7997 4.15096
-1.8659 4.17186
-1.79412 0.810183
-2.12887 2.22962
-2.1929 -0.252527
-3.06357 1.78272
-1.49478 3.75953
-2.24822 -2.1129
-1.46871 5.37422
-2.59858 3.81557
-2.20095 5.0798
-2.48233 4.61809
-2.22627 4.77517
-2.57856 4.68756
-2.10753 4.51681
-3.01513 3.16287
-1.59474 3.59059
-2.30541 -1.97507
-1.56337 5.47107
-2.60686 3.88273
-2.15837 5.02641
-2.55376 4.59747
-2.14505 4.65068
-2.84859 4.08187
-1.7888 3.96647
-2.05178 -0.783941
-3.30757 1.2062
-1.1835 1.08036
-2.44333 2.43691
-1.96672 2.68861
-2.32206 -0.781565
-3.19348 2.94851
-1.28152 1.56057
-2.33674 1.69812
-1.92429 0.921066
-2.05702 1.72808
-2.16727 0.303896
-2.20556 2.94564
-2.02159 -0.125609
-2.88053 2.48539
-1.75226 4.69971
-2.59022 3.54438
-2.37954 5.14735
-2.26549 4.49167
-2.72363 4.51193
-1.9245 4.1813
-1.77118 1.54214
-2.19368 1.02122
-1.96845 1.34244
-2.10802 0.934097
-1.99549 1.46563
-2.12963 0.717143
-1.99155 1.92807
-2.23544 0.12806
-2.5061 3.19052
-3.10172 2.86909
-1.44547 2.97151
-2.53288 -1.1004
-2.08375 5.72629
-2.2644 4.15229
-3.04931 3.05445
-1.53635 3.36856
-2.40624 -1.86498
-1.53579 5.36543
-2.67542 3.78459
-2.04342 4.90045
-2.79461 4.16402
-1.8724 4.18537
-1.78189 0.977422
-2.11205 1.92543
-2.17267 0.0487046
-2.57016 3.1301
-2.86846 4.30186
-1.67489 3.53121
-2.30736 -1.82096
-1.74894 5.67563
-2.46735 4.05474
-2.48027 4.99153
-2.17858 4.47085
-2.9567 3.63864
-1.65145 3.65111
-2.26905 -1.85647
-1.75676 5.70378
-2.43336 4.05618
-2.60741 4.83739
-2.03343 4.29051
-2.43481 3.54265
-3.09029 2.86991
-1.4692 3.10035
-2.50493 -1.39659
-1.82453 5.62295
-2.52078 4.10644
-2.28529 5.03679
-2.39549 4.65366
-2.33872 4.85006
-2.37075 4.75915
-2.34853 4.80081
-2.36921 4.78563
-2.34472 4.78492
-2.37859 4.79606
-2.33037 4.77156
-2.4035 4.80461
-2.29797 4.74271
-2.46691 4.8004
-2.22515 4.65912
-2.66715 4.58584
-2.00205 4.33627
-2.40304 3.54498
-3.09033 2.45756
-1.49024 3.36881
-2.41643 -1.91285
-1.47121 5.25914
-2.67753 3.70663
-2.04934 4.94387
-2.75267 4.26896
-1.92394 4.28577
-1.86146 2.50372
-2.37415 -0.475689
-3.26279 1.66893
-1.22643 1.61417
-2.36765 1.64362
-1.8922 1.24291
-2.10411 1.22518
-2.03961 0.957191
-2.0211 1.47199
-2.12346 0.673448
-2.00034 2.02858
-2.25049 -0.00583815
-2.76526 2.89041
-1.98597 5.09441
-2.72872 4.24406
-1.96063 4.40319
-2.41103 3.55382
-3.10033 2.53399
-1.47056 3.23223
-2.46954 -1.68247
-1.60305 5.4137
-2.68148 3.84044
-2.02923 4.84459
-2.8604 3.94754
-1.79139 4.02576
-2.00125 -0.543388
-3.26159 0.35104
-1.164 1.70956
-2.41165 1.51247
-1.88918 1.89751
-2.26102 0.32166
-2.26176 3.09327
-1.86226 0.719854
-2.11022 2.27105
-2.21114 -0.307099
-3.12976 1.39849
-1.38792 3.27078
-2.47249 -1.83904
-1.4467 5.17413
-2.67321 3.66174
-2.06499 4.98588
-2.70168 4.37667
-1.98421 4.3967
-2.52867 3.53252
-2.70517 4.73036
-1.88509 4.00617
-1.91317 -0.0280402
-2.83429 2.57481
-1.83953 4.91402
-2.94572 3.31332
-1.70626 3.9914
-2.09293 -1.06608
-3.15461 3.48192
-1.29234 1.32335
-2.32179 2.06609
-1.95112 0.564262
-2.10936 2.4427
-2.21687 -0.45832
-3.22945 0.809054
-1.2242 2.20677
-2.51448 0.645179
-3.01112 2.26001
-1.58912 4.02365
-2.12249 -1.36006
-2.72365 5.30561
-1.48173 2.36466
-2.47122 0.222809
-3.13816 1.59733
-1.39146 3.18196
-2.50231 -1.63846
-1.57404 5.35031
-2.71283 3.76778
-1.98931 4.78568
-2.95036 3.49936
-1.68473 3.82709
-2.19008 -1.56915
-2.29865 5.84874
-1.81639 3.47559
-2.26853 -1.51919
-2.26227 5.83183
-1.89792 3.6643
-2.14087 -1.03801
-3.15833 3.41806
-1.29227 1.38124
-2.31966 1.97403
-1.95471 0.591197
-2.09571 2.37603
-2.22774 -0.415587
-3.21222 0.8999
-1.24942 2.422
-2.55704 0.196774
-3.21871 2.17656
-1.27734 1.98105
-2.43293 1.03603
-2.07762 2.86988
-2.21533 -0.773215
-3.27816 1.81029
-1.21786 1.29706
-2.36131 2.13932
-1.88942 0.932786
-2.06979 1.77632
-2.17101 0.235448
-2.2861 3.07105
-1.83342 1.03729
-2.09264 1.69933
-2.14408 0.315469
-2.19039 2.89861
-2.06152 -0.269531
-3.0618 1.70912
-1.48975 3.7783
-2.2408 -2.10632
-1.48218 5.3993
-2.59357 3.83183
-2.20829 5.07984
-2.47375 4.62151
-2.23651 4.78632
-2.5531 4.71335
-2.1354 4.55798
-2.95407 3.61726
-1.66082 3.69373
-2.25038 -1.80956
-1.84557 5.78135
-2.33156 4.06764
-2.97694 3.64646
-1.60433 3.46558
-2.35216 -1.89706
-1.58772 5.47282
-2.62247 3.88815
-2.12381 4.98611
-2.61988 4.53368
-2.07337 4.53259
-3.02215 2.99115
-1.59386 3.65376
-2.2804 -1.97448
-1.5941 5.52611
-2.57349 3.92849
-2.22406 5.06218
-2.46025 4.6368
-2.25157 4.79519
-2.5217 4.74052
-2.16918 4.60527
-2.84409 4.11495
-1.79047 3.95965
-2.05547 -0.799516
-3.30636 1.31378
-1.18826 1.06996
-2.4457 2.44933
-1.98669 2.76559
-2.30433 -0.853906
-3.16142 3.26407
-1.29809 1.60165
-2.33618 1.62302
-1.92146 0.990992
-2.06125 1.6002
-2.13797 0.460517
-2.07685 2.55663
-2.24402 -0.590588
-3.27683 1.02025
-1.19263 1.57479
-2.37675 1.71712
-1.88473 1.27423
-2.11189 1.19072
-2.02985 1.00905
-2.0298 1.38713
-2.10115 0.780635
-1.9951 1.78573
-2.20428 0.300611
-2.22605 3.00659
-1.96234 0.124142
-2.52999 3.05841
-3.1014 2.91739
-1.44114 2.93028
-2.53822 -1.00104
-2.18722 5.72127
-2.15118 4.08336
-2.5692 3.47779
-2.53777 5.02662
-2.08237 4.29878
-2.78507 3.22916
-1.90281 4.82372
-2.96964 3.23111
-1.67182 3.88737
-2.16716 -1.48397
-2.47039 5.71547
-1.65881 3.05586
-2.44883 -1.2702
-2.1725 5.77157
-2.10911 4.01418
-2.00336 2.98902
-2.26411 -0.99473
-3.08001 3.87543
-1.33466 1.72816
-2.34748 1.39964
-1.90362 1.35045
-2.12421 1.03802
-2.00033 1.26728
-2.08329 0.996926
-2.01052 1.3575
-2.10028 0.848249
-1.99421 1.64147
-2.17167 0.485129
-2.06058 2.52959
-2.25794 -0.582839
-3.27638 1.07307
-1.19536 1.5765
-2.37576 1.71363
-1.88554 1.2661
-2.11009 1.20184
-2.03267 0.991817
-2.02689 1.41531
-2.10851 0.744477
-1.99521 1.86444
-2.22111 0.202339
-2.36951 3.16927
-2.12861 3.196
-2.06513 -0.416456
-3.18974 0.838983
-1.27019 2.66366
-2.5867 -0.378809
-2.69974 5.13119
-1.64993 3.21218
-2.41941 -1.53946
-1.89041 5.71918
-2.40102 4.1264
-2.66124 4.72927
-1.97409 4.21095
-1.86525 2.50288
-2.37243 -0.478599
-3.26315 1.66116
-1.22595 1.61212
-2.36753 1.64703
-1.89231 1.23855
-2.10325 1.23192
-2.04127 0.947028
-2.01965 1.48947
-2.128 0.651544
-2.00352 2.08173
-2.25789 -0.0739502
-2.89205 2.55626
-1.73834 4.61181
-2.21696 3.47081
-1.80259 1.3792
-2.15023 1.1965
-2.01348 0.999971
-2.03387 1.42553
-2.1086 0.721753
-1.99758 1.91591
-2.23065 0.135712
-2.48609 3.19367
-3.11948 2.4716
-1.43702 3.06983
-2.5199 -1.34094
-1.84144 5.62647
-2.51321 4.11923
-2.29875 5.03637
-2.3803 4.64937
-2.36393 4.85876
-2.33716 4.73905
-2.40366 4.82003
-2.29551 4.73108
-2.47662 4.79993
-2.21421 4.64297
-2.70612 4.50869
-1.95585 4.26038
-1.90467 2.69575
-2.35919 -0.780652
-3.13352 3.44391
-1.31622 1.74256
-2.35738 1.39162
-1.89816 1.44506
-2.14731 0.910915
-1.97949 1.51486
-2.14576 0.673923
-1.99413 2.03669
-2.25464 -0.00898151
-2.77851 2.86346
-1.95194 5.05028
-2.7925 4.07888
-1.88651 4.26749
-1.77954 1.84896
-2.27207 0.583212
-2.03808 2.55851
-2.27507 -0.624482
-3.27905 1.38091
-1.20542 1.47444
-2.3617 1.86925
-1.89823 1.01301
-2.07016 1.60609
-2.13542 0.445614
-2.08632 2.59161
-2.23443 -0.605269
-3.2788 1.02011
-1.1912 1.54618
-2.37402 1.76205
-1.8865 1.21061
-2.0994 1.28835
-2.05417 0.862517
-2.01051 1.64301
-2.16675 0.46122
-2.07477 2.58266
-2.245 -0.614044
-3.28028 1.11525
-1.19439 1.51407
-2.36949 1.81105
-1.8903 1.1288
-2.08528 1.41681
-2.08741 0.68558
-2.00981 2.00482
-2.2421 0.0131389
-2.71693 2.97988
-2.13389 5.21935
-2.5137 4.5084
-2.19916 4.80154
-2.61127 4.63137
-2.07336 4.47552
-3.01656 2.8452
-1.60752 3.78014
-2.22839 -1.85382
-1.81024 5.76825
-2.35147 4.05959
-2.92267 3.93199
-1.66304 3.59937
-2.28558 -1.84647
-1.74753 5.68653
-2.45366 4.05318
-2.5319 4.9407
-2.12062 4.40407
-3.03311 2.8322
-1.581 3.66176
-2.27941 -1.9974
-1.56829 5.49399
-2.58789 3.90099
-2.19762 5.05354
-2.4944 4.62827
-2.21069 4.74698
-2.62774 4.62633
-2.0521 4.43078
-2.93952 2.9269
-1.70888 4.22352
-1.88369 0.00615606
-2.81995 2.60022
-1.87247 4.97793
-2.90464 3.61049
-1.75422 4.04001
-2.02242 -0.676411
-3.29953 0.612791
-1.15893 1.23903
-2.40158 2.23113
-1.84867 1.54549
-2.18118 0.864688
-1.96622 1.63943
-2.17935 0.529211
-2.03737 2.43008
-2.27376 -0.494186
-3.25931 0.921351
-1.20193 1.82557
-2.4213 1.3185
-1.93189 2.27486
-2.31859 -0.238851
-3.1686 1.25707
-1.32852 2.90958
-2.57065 -0.994903
-2.0516 5.69791
-2.32465 4.18563
-2.87512 4.10952
-1.72455 3.75398
-2.20666 -1.56598
-2.28274 5.84977
-1.84097 3.5336
-2.23531 -1.42451
-2.47832 5.67711
-1.6824 3.15324
-2.42052 -1.43282
-2.03165 5.77827
-2.24867 4.10514
-3.06272 2.70396
-1.53342 3.48747
-2.3596 -2.01096
-1.4559 5.27647
-2.64984 3.73518
-2.09983 5.00912
-2.64017 4.48797
-2.05268 4.51008
-3.01059 2.86391
-1.61655 3.81353
-2.2135 -1.78554
-1.92567 5.84475
-2.21966 4.02168
-2.8964 2.95518
-1.75564 4.43585
-1.79257 2.11691
-2.33542 0.190142
-2.65703 3.11037
-2.35226 5.22262
-2.27606 4.45685
-2.7297 4.50625
-1.91483 4.15935
-1.7731 1.23858
-2.1309 1.47968
-2.07877 0.583876
-2.03746 2.24922
-2.26129 -0.295283
-3.15522 1.28022
-1.34726 3.04089
-2.54724 -1.32784
-1.76781 5.54591
-2.59893 4.04733
-2.13695 4.94126
-2.62628 4.54611
-2.06435 4.50387
-3.01803 2.87488
-1.60482 3.75378
-2.23918 -1.88955
-1.74907 5.71341
-2.4192 4.04949
-2.67103 4.72417
-1.95755 4.17624
-1.79169 1.94357
-2.29409 0.432475
-2.18859 3.00048
-2.03437 -0.20235
-2.98678 2.07966
-1.59676 4.20666
-1.97672 -0.573212
-3.2766 0.310032
-1.15212 1.49957
-2.38791 1.84223
-1.87382 1.32559
-2.12479 1.13334
-2.01432 1.10085
-2.04769 1.24555
-2.06454 0.969273
-2.01397 1.42365
-2.11443 0.749512
-1.99281 1.85263
-2.21952 0.220088
-2.34218 3.15096
-1.9079 2.52433
-2.35393 -0.550671
-3.26229 1.81145
-1.22948 1.54876
-2.35735 1.74433
-1.90275 1.05551
-2.0727 1.51971
-2.11537 0.555571
-2.0356 2.3121
-2.26802 -0.365417
-3.20472 0.993126
-1.26476 2.51525
-2.56947 -0.0145193
-3.11118 3.41397
-1.3533 2.14665
-2.45337 0.712943
-2.49936 3.29605
-3.06765 3.18732
-1.47972 3.04764
-2.51206 -1.2714
-1.95032 5.69809
-2.39688 4.16396
-2.63802 4.76517
-2.00397 4.26078
-2.12574 3.28899
-2.03024 -0.305199
-3.10896 1.39366
-1.41124 3.44274
-2.39626 -2.11689
-1.31448 4.98912
-2.34839 3.69183
-3.03515 2.54691
-1.57711 3.77897
-2.23358 -1.92605
-1.70678 5.67759
-2.45394 4.02986
-2.55207 4.92099
-2.09628 4.37116
-2.97779 2.83071
-1.66071 4.04369
-2.08161 -1.05688
-3.16807 3.38427
-1.28621 1.27993
-2.32898 2.13835
-1.93765 0.60261
-2.10188 2.3796
-2.22266 -0.413348
-3.20908 0.909109
-1.25367 2.45911
-2.56302 0.113523
-3.18896 2.66387
-1.30152 1.98989
-2.42678 1.00905
-2.07004 2.84204
-2.22696 -0.783216
-3.27083 1.96931
-1.22563 1.31236
-2.35561 2.11371
-1.8988 0.868953
-2.06752 1.88324
-2.19229 0.109912
-2.48306 3.17714
-3.11703 2.39331
-1.44392 3.14029
-2.50225 -1.50182
-1.71443 5.5232
-2.6197 3.99185
-2.11022 4.926
-2.67636 4.46189
-2.00871 4.41486
-2.73132 3.33474
-1.99514 4.9843
-2.79224 4.12425
-1.8818 4.23135
-1.76701 1.46215
-2.17534 1.1451
-1.99253 1.10008
-2.05385 1.27897
-2.06945 0.91176
-2.00747 1.53054
-2.14145 0.61238
-2.01014 2.18254
-2.26921 -0.201537
-3.07879 1.7487
-1.47564 3.65439
-2.29368 -2.18427
-1.35685 5.15508
-2.5269 3.74733
-2.50256 5.02637
-2.13783 4.38959
-3.03886 2.87273
-1.56964 3.59164
-2.30978 -2.01825
-1.50992 5.39409
-2.62903 3.81868
-2.12583 5.01284
-2.60311 4.54453
-2.09238 4.5703
-2.99873 3.28576
-1.61474 3.62973
-2.28578 -1.9385
-1.63086 5.56687
-2.55208 3.9643
-2.26628 5.07051
-2.40969 4.63464
-2.32201 4.85209
-2.3924 4.76274
-2.31879 4.7832
-2.41726 4.79799
-2.28249 4.73213
-2.49957 4.78428
-2.18984 4.61365
-2.78996 4.29537
-1.85497 4.08187
-1.87999 0.135942
-2.62067 2.95619
-2.69976 4.81094
-1.85877 3.9163
-2.02203 -0.580743
-3.27217 0.39633
-1.16034 1.58209
-2.39222 1.71316
-1.87544 1.45907
-2.15503 0.934268
-1.97787 1.47213
-2.13595 0.734712
-1.98751 1.8898
-2.22924 0.180693
-2.41234 3.19061
-2.68739 3.29479
-2.12635 5.15311
-2.5438 4.52982
-2.161 4.72516
-2.74549 4.38408
-1.91587 4.21189
-1.77458 1.70307
-2.23443 0.790779
-1.95769 1.91348
-2.24471 0.191995
-2.41786 3.19928
-2.7693 3.16221
-1.93568 4.92933
-2.89425 3.72717
-1.76064 4.01237
-2.03976 -0.753657
-3.3085 1.005
-1.17453 1.10266
-2.4381 2.40982
-1.92971 2.51939
-2.3425 -0.561101
-3.26595 1.72553
-1.22487 1.53764
-2.35812 1.76362
-1.90214 1.04771
-2.07207 1.53494
-2.11901 0.536026
-2.04247 2.36101
-2.26691 -0.420162
-3.23061 0.887916
-1.22826 2.19971
-2.5111 0.658771
-2.981 2.38088
-1.62904 4.17449
-1.99023 -0.618364
-3.28881 0.398723
-1.15155 1.35541
-2.38824 2.06174
-1.86444 1.27829
-2.11699 1.22509
-2.03411 0.953088
-2.02253 1.48629
-2.12633 0.652191
-2.00385 2.0797
-2.25742 -0.0718115
-2.88783 2.56968
-1.74463 4.6295
-2.30712 3.55079
-2.3631 3.47114
-2.77693 3.16661
-1.92037 4.8938
-2.92932 3.54139
-1.71854 3.93771
-2.11995 -1.18592
-2.99501 4.40668
-1.35832 1.71484
-2.33619 1.39998
-1.91111 1.26352
-2.10403 1.156
-2.02678 1.06838
-2.03885 1.28498
-2.07568 0.919113
-2.00582 1.51129
-2.13741 0.640433
-2.00361 2.11217
-2.26259 -0.111028
-2.95601 2.32824
-1.64927 4.33043
-1.81639 0.41063
-2.35072 2.92119
-1.82994 1.81789
-2.25451 0.532306
-2.05733 2.61503
-2.25849 -0.660286
-3.28112 1.4369
-1.20582 1.42468
-2.35991 1.94637
-1.89929 0.957181
-2.06674 1.70877
-2.15881 0.319837
-2.1875 2.90338
-2.06502 -0.285352
-3.07869 1.61167
-1.46352 3.66574
-2.28914 -2.20433
-1.3417 5.13059
-2.49567 3.74808
-2.64957 4.81524
-1.9647 4.15744
-1.78751 1.87657
-2.27778 0.531167
-2.07746 2.711
-2.2347 -0.700519
-3.28369 1.48405
-1.20563 1.36776
-2.3611 2.03438
-1.89512 0.941657
-2.06781 1.74722
-2.16617 0.272025
-2.2403 3.00516
-1.93495 0.268116
-2.36372 3.01062
-1.89731 2.4458
-2.35325 -0.431709
-3.26359 1.24885
-1.21325 1.73673
-2.3962 1.45673
-1.88797 1.76239
-2.22853 0.500462
-2.06363 2.60994
-2.25345 -0.649164
-3.28206 1.33777
-1.20183 1.44101
-2.36205 1.92226
-1.89713 0.989898
-2.06896 1.65131
-2.14569 0.389443
-2.12503 2.7346
-2.18321 -0.594139
-3.27286 0.772691
-1.18288 1.63261
-2.38946 1.62956
-1.87929 1.49462
-2.16297 0.876744
-1.97263 1.59501
-2.16691 0.577509
-2.01731 2.29175
-2.27745 -0.335283
-3.19369 1.0643
-1.28315 2.64233
-2.58082 -0.318968
-2.79866 4.8787
-1.56633 2.95287
-2.49641 -1.05395
-2.29709 5.70683
-2.00052 3.90202
-1.84393 0.500123
-2.23767 2.75388
-2.01566 -0.0229675
-2.71567 2.88697
-2.1776 5.25552
-2.45793 4.50725
-2.27806 4.88629
-2.44291 4.74178
-2.25935 4.74164
-2.53719 4.74778
-2.15029 4.56565
-2.92135 3.79414
-1.698 3.76812
-2.21042 -1.62682
-2.17733 5.88352
-1.94827 3.73173
-2.04837 -0.60498
-3.27731 0.469766
-1.16198 1.52948
-2.38569 1.79457
-1.87672 1.32382
-2.12383 1.13028
-2.01422 1.10609
-2.04857 1.23674
-2.06244 0.98195
-2.01601 1.40171
-2.10875 0.777602
-1.99269 1.79073
-2.20622 0.297547
-2.23089 3.01569
-1.94953 0.186132
-2.454 3.06171
-2.89904 2.85412
-1.74678 4.46366
-1.818 2.32167
-2.3682 -0.148012
-3.16992 1.30578
-1.33015 2.89503
-2.57145 -0.955136
-2.09474 5.70445
-2.27746 4.17257
-3.01646 3.35052
-1.56893 3.41371
-2.3811 -1.88922
-1.55135 5.4049
-2.65682 3.82304
-2.07047 4.93296
-2.73075 4.33349
-1.94811 4.32142
-2.0349 3.11341
-2.20986 -0.932157
-3.20159 2.97577
-1.27325 1.38661
-2.32843 1.97687
-1.94205 0.656454
-2.08083 2.25145
-2.23255 -0.301747
-3.13889 1.35807
-1.37359 3.19111
-2.50276 -1.67672
-1.53652 5.29525
-2.7223 3.7079
-1.97857 4.78986
-2.95584 3.45378
-1.67941 3.82452
-2.19293 -1.5904
-2.25957 5.86641
-1.85514 3.55795
-2.21791 -1.35871
-2.61719 5.48153
-1.57266 2.78887
-2.50015 -0.703765
-2.76337 5.02716
-1.56318 2.89433
-2.50167 -0.926556
-2.45222 5.58255
-1.83866 3.63016
-2.20023 -1.34137
-2.67191 5.38475
-1.53183 2.62381
-2.50217 -0.329203
-3.13892 3.2687
-1.32671 1.95675
-2.40892 1.04768
-1.99508 2.56393
-2.30523 -0.64095
-3.26957 1.76431
-1.22277 1.46043
-2.35305 1.88491
-1.90859 0.919263
-2.06266 1.76309
-2.17184 0.256591
-2.26035 3.03839
-1.88431 0.570387
-2.15506 2.54643
-2.16667 -0.431459
-3.20294 0.871116
-1.25784 2.52471
-2.57329 -0.0388692
-3.08083 3.62834
-1.37281 2.22434
-2.46838 0.562888
-2.79988 2.9157
-1.89332 4.92376
-2.92632 3.52518
-1.72511 3.96927
-2.09642 -1.06261
-3.15669 3.46341
-1.29155 1.32378
-2.32214 2.06587
-1.95058 0.567122
-2.10842 2.43715
-2.21772 -0.455045
-3.2282 0.814857
-1.22591 2.22278
-2.51805 0.613753
-3.05206 2.08094
-1.53155 3.7944
-2.23229 -2.00712
-1.60531 5.56888
-2.53365 3.95571
-2.32492 5.0807
-2.34262 4.60104
-2.45213 4.86323
-2.23447 4.63189
-2.66948 4.59001
-1.99757 4.32384
-2.32364 3.51508
-2.44967 3.48257
-3.09036 2.89674
-1.46648 3.07648
-2.51058 -1.34293
-1.86935 5.65226
-2.47984 4.136
-2.38166 5.02875
-2.28914 4.59069
-2.57546 4.75629
-2.10118 4.46482
-3.03018 2.91299
-1.58329 3.63807
-2.28854 -1.9973
-1.55806 5.47479
-2.59895 3.8852
-2.17596 5.04156
-2.52529 4.6147
-2.17605 4.69861
-2.73874 4.41115
-1.92178 4.21592
-1.78039 1.81638
-2.26336 0.625836
-2.01024 2.41558
-2.29095 -0.475538
-3.25867 0.96298
-1.2047 1.8342
-2.42227 1.30378
-1.93723 2.30934
-2.32064 -0.290447
-3.20115 1.08263
-1.27521 2.55943
-2.57304 -0.117237
-3.02616 3.96303
-1.40669 2.35644
-2.49133 0.295117
-3.14944 1.56667
-1.37412 3.07845
-2.53339 -1.40232
-1.73207 5.52027
-2.62262 4.00552
-2.10344 4.90918
-2.69845 4.42259
-1.983 4.36957
-2.41364 3.55014
-3.1013 2.55243
-1.46809 3.21161
-2.47649 -1.64172
-1.62984 5.4432
-2.66908 3.87898
-2.0446 4.85874
-2.82737 4.07114
-1.83092 4.10015
-1.89004 0.0584061
-2.72817 2.80869
-2.15186 5.25723
-2.48357 4.49774
-2.24132 4.85934
-2.50757 4.72335
-2.18697 4.64787
-2.76282 4.36376
-1.88965 4.15033
-1.78991 0.889174
-2.11628 2.07984
-2.19006 -0.115189
-2.86839 2.60001
-1.77419 4.72164
-2.71841 3.41259
-2.0114 4.98615
-2.77131 4.19053
-1.90581 4.27129
-1.80485 2.12814
-2.33481 0.153531
-2.71666 3.01953
-2.12001 5.20339
-2.53336 4.50485
-2.17519 4.7659
-2.68267 4.51703
-1.99141 4.34379
-2.3636 3.53565
-2.91212 2.8606
-1.73353 4.39442
-1.75568 1.51229
-2.18915 1.09458
-1.97856 1.20226
-2.0758 1.13224
-2.03322 1.12473
-2.04601 1.18038
-2.05213 1.07393
-2.03166 1.24577
-2.06968 0.987511
-2.01417 1.38506
-2.10548 0.803701
-1.99272 1.73449
-2.19364 0.368332
-2.15102 2.84668
-2.13293 -0.505337
-3.2365 0.64852
-1.20581 2.09672
-2.49175 0.854185
-2.64012 3.21055
-2.37434 5.1997
-2.25616 4.45115
-2.79157 4.33774
-1.84089 4.02689
-1.94783 -0.242953
-3.0886 1.4686
-1.43971 3.59794
-2.32104 -2.22587
-1.29557 5.01507
-2.33902 3.698
-3.00354 2.62703
-1.62104 3.96289
-2.14621 -1.45021
-2.54992 5.621
-1.59306 2.82922
-2.49325 -0.799874
-2.66679 5.25739
-1.63643 3.1254
-2.4448 -1.39825
-2.00731 5.75861
-2.29174 4.12965
-3.02064 3.33387
-1.56227 3.39022
-2.39165 -1.86773
-1.55726 5.40593
-2.66039 3.82408
-2.06411 4.92156
-2.74847 4.29215
-1.92712 4.28362
-1.8658 2.52524
-2.37388 -0.511929
-3.25826 1.86228
-1.23372 1.58257
-2.35985 1.68972
-1.89951 1.12499
-2.08236 1.40473
-2.086 0.704407
-2.00743 1.96214
-2.23544 0.067618
-2.60968 3.1227
-2.6246 4.9415
-1.95831 4.0983
-1.77565 1.28946
-2.13842 1.3917
-2.0568 0.704331
-2.01802 1.98187
-2.2343 0.0326484
-2.6693 3.05125
-2.32436 5.23945
-2.30415 4.47022
-2.63775 4.69571
-2.02364 4.33349
-2.53594 3.52172
-2.67637 4.79413
-1.91902 4.06408
-1.82198 0.594218
-2.19547 2.61208
-2.10872 -0.303123
-3.09343 1.55123
-1.44246 3.55976
-2.33886 -2.1989
-1.30328 5.01568
-2.35511 3.70383
-3.06402 2.50228
-1.53366 3.57654
-2.32191 -2.07154
-1.44001 5.27793
-2.62774 3.74946
-2.14759 5.0572
-2.55484 4.57872
-2.14513 4.66295
-2.83639 4.12291
-1.80409 3.99825
-2.01241 -0.585453
-3.27509 0.382629
-1.15771 1.53946
-2.3886 1.7798
-1.87525 1.36863
-2.13395 1.06591
-2.00011 1.21746
-2.07306 1.07461
-2.0247 1.22529
-2.06759 1.02815
-2.01989 1.31227
-2.08744 0.901887
-2.00063 1.53783
-2.14525 0.612063
-2.00939 2.18579
-2.27003 -0.204847
-3.08326 1.72416
-1.46864 3.62387
-2.30772 -2.1908
-1.33852 5.11003
-2.48483 3.7431
-2.70825 4.69389
-1.89393 4.03975
-1.87169 0.217604
-2.51174 3.01896
-3.12642 2.38928
-1.42683 3.04281
-2.52765 -1.28086
-1.88492 5.65191
-2.47446 4.1465
-2.39101 5.02336
-2.27955 4.58422
-2.60315 4.71955
-2.07001 4.42067
-2.97181 2.85759
-1.66895 4.06845
-2.05885 -0.932322
-3.26764 2.32551
-1.23336 1.06594
-2.42116 2.45989
-1.8802 2.22177
-2.33056 -0.0976319
-3.0656 1.86254
-1.49954 3.73593
-2.25767 -2.12039
-1.45254 5.34297
-2.60229 3.79681
-2.19799 5.08298
-2.48485 4.61498
-2.22353 4.77334
-2.58484 4.68009
-2.10064 4.50674
-3.0228 3.06517
-1.58805 3.59851
-2.30357 -1.98796
-1.55097 5.45568
-2.6116 3.86923
-2.15141 5.02389
-2.56393 4.58804
-2.13421 4.63456
-2.88521 3.93782
-1.74484 3.87774
-2.13959 -1.24657
-2.89169 4.81309
-1.40409 1.98718
-2.39289 0.937108
-2.01028 2.60103
-2.29473 -0.678515
-3.2668 1.88846
-1.2271 1.43129
-2.35009 1.92868
-1.91216 0.868062
-2.06212 1.85766
-2.19043 0.143581
-2.42775 3.1758
-2.82964 3.03573
-1.83793 4.72236
-2.87064 3.15677
-1.79365 4.47217
-1.9254 2.82684
-2.34064 -0.944724
-2.99525 4.28462
-1.38376 2.0444
-2.41516 0.863057
-2.12613 2.96793
-2.13987 -0.595166
-3.27089 0.652189
-1.17732 1.64817
-2.39448 1.60654
-1.87883 1.57728
-2.18366 0.763615
-1.97115 1.86615
-2.23006 0.232454
-2.33708 3.15261
-1.8868 2.41062
-2.35441 -0.37047
-3.25235 1.10031
-1.21754 1.91485
-2.4377 1.16818
-2.02594 2.72402
-2.27784 -0.783827
-3.23933 2.44554
-1.25144 1.41688
-2.3386 1.94056
-1.92765 0.758875
-2.06568 2.05427
-2.22079 -0.0861081
-2.8544 2.65527
-1.7978 4.77291
-2.86856 3.18097
-1.79704 4.47067
-1.93032 2.84356
-2.33611 -0.961877
-2.98401 4.33986
-1.3888 2.06521
-2.4195 0.824853
-2.1763 3.06972
-2.03224 -0.221956
-3.0139 1.94886
-1.55864 4.06382
-2.10699 -1.30783
-2.82028 5.05872
-1.43102 2.1053
-2.41837 0.721727
-2.27234 3.20058
-1.81747 1.22566
-2.11799 1.40682
-2.07037 0.684603
-2.01605 2.01648
-2.24124 -0.00718456
-2.75101 2.91582
-2.02611 5.13924
-2.66052 4.37181
-2.03654 4.53941
-3.00717 2.88314
-1.62163 3.82795
-2.20667 -1.74938
-1.98807 5.87215
-2.1473 3.97088
-2.13611 3.27508
-2.01872 -0.247221
-3.05147 1.74122
-1.50293 3.84583
-2.21385 -1.9979
-1.63355 5.61239
-2.50025 3.98331
-2.41821 5.04865
-2.24305 4.52621
-2.74849 4.43966
-1.89753 4.14117
-1.78955 0.90375
-2.11456 2.05173
-2.18809 -0.0866237
-2.81902 2.73794
-1.86438 4.91829
-2.94033 3.40038
-1.71062 3.96854
-2.10536 -1.12316
-3.08521 3.94246
-1.32133 1.49018
-2.3121 1.78036
-1.95829 0.677869
-2.06634 2.17489
-2.23541 -0.220556
-3.06167 1.8204
-1.5001 3.76865
-2.24432 -2.09535
-1.49137 5.41048
-2.59438 3.83848
-2.20357 5.0752
-2.48063 4.62169
-2.22796 4.77528
-2.57537 4.69157
-2.11098 4.52162
-3.01015 3.21421
-1.59958 3.59229
-2.30374 -1.96683
-1.57492 5.48725
-2.59976 3.89698
-2.17048 5.03313
-2.53542 4.6111
-2.16481 4.68034
-2.77932 4.30515
-1.8727 4.12744
-1.82054 0.562688
-2.21664 2.67546
-2.06739 -0.192214
-2.9597 2.21513
-1.63582 4.33663
-1.81787 0.388953
-2.37195 2.9434
-1.88919 2.3868
-2.35076 -0.339788
-3.24214 1.04594
-1.22527 2.05533
-2.47287 0.926153
-2.40607 3.31696
-2.87422 2.93981
-1.77877 4.552
-2.13142 3.34416
-1.99337 -0.157159
-2.94845 2.22406
-1.64837 4.39872
-1.76346 0.959004
-2.12166 2.00155
-2.17664 -0.0317085
-2.71392 2.95795
-2.15546 5.23471
-2.48675 4.51251
-2.2344 4.84436
-2.52563 4.71563
-2.16717 4.61743
-2.83615 4.13997
-1.80076 3.9819
-2.02901 -0.666336
-3.29649 0.585734
-1.15878 1.27981
-2.3937 2.17294
-1.85433 1.38336
-2.14129 1.08549
-1.99977 1.18409
-2.06662 1.12837
-2.03576 1.13884
-2.0477 1.15373
-2.04661 1.11546
-2.0402 1.18043
-2.054 1.08042
-2.03206 1.23257
-2.06684 1.0075
-2.01749 1.3505
-2.09665 0.84896
-1.99548 1.64132
-2.17124 0.483549
-2.06148 2.53295
-2.25719 -0.585175
-3.2767 1.07709
-1.19531 1.57148
-2.37514 1.72147
-1.88595 1.25317
-2.10746 1.22136
-2.03747 0.961861
-2.02224 1.46562


