1.55373 -6.50286
1.61831 1.5551
2.08335 -6.26997
1.39625 1.35454
2.59419 -5.19046
1.09669 0.961841
1.90955 -4.30985
0.539783 -3.25176
1.4355 -4.17605
0.838977 -4.40898
1.07358 -4.264
0.970148 -4.41016
1.00094 -4.23402
1.01574 -4.47853
0.970864 -4.12388
1.07459 -4.66559
0.937271 -3.84392
1.33697 -5.17496
0.840077 -2.831
1.92005 -0.0303331
1.76913 -4.44955
0.59842 -3.34689
1.58128 -4.69523
0.693368 -3.30414
1.47178 -4.26267
0.774208 -4.17423
1.14923 -4.58566
0.895548 -3.90595
1.26399 -5.04113
0.861218 -3.14419
1.24967 -1.68361
2.26784 -1.25639
1.92296 -5.90692
1.02279 -0.016269
1.73958 -2.29157
1.65276 -0.691007
1.62834 -1.40698
1.90069 -0.944188
1.40716 -1.90401
2.19571 -0.925393
2.17654 -5.46261
0.854088 -0.469522
2.00498 -2.28709
1.53443 -4.09216
0.84307 -4.51814
1.06053 -4.10577
1.05001 -4.69931
0.950044 -3.80653
1.39159 -5.24549
0.826936 -2.63937
2.21839 -0.0749023
1.89706 -6.05477
1.13728 0.396427
1.59858 -2.87605
1.39912 -1.16912
2.01346 -1.32714
1.34862 -2.76199
1.91493 -0.260592
1.5236 -3.69536
1.52909 -5.55685
0.839708 -1.68963
2.50719 -1.30965
0.393184 -4.12985
1.25642 -4.24124
0.89099 -4.38078
1.04826 -4.29614
0.974664 -4.36738
1.00275 -4.29057
0.99999 -4.39091
0.985902 -4.24873
1.01913 -4.459
0.969888 -4.14839
1.0631 -4.6235
0.942866 -3.9074
1.25772 -5.0622
0.863989 -3.10592
1.30963 -1.26156
2.10006 -1.42483
1.64435 -4.33272
0.661714 -3.79073
1.39568 -5.06609
0.813131 -3.00315
1.498 -0.560748
1.70088 -1.50808
1.83067 -0.854518
1.47755 -1.61546
2.09239 -1.02822
1.66999 -4.35581
0.645384 -3.70181
1.47569 -5.14372
0.792229 -2.78126
1.98804 0.00116334
2.06077 -4.98367
0.650418 -1.85103
2.6174 -0.722305
0.141704 -3.14347
1.23223 -3.32096
1.30252 -3.28449
1.26896 -2.95538
1.68751 -0.359316
1.4794 -1.97901
2.13512 -0.792721
2.03158 -5.06942
0.671629 -1.79828
2.60767 -0.871036
0.163663 -3.22667
1.30256 -3.76961
1.49221 -5.46589
0.826527 -1.99243
2.54736 -0.771059
0.275135 -3.84174
1.34251 -4.39054
0.80402 -4.0443
1.18455 -4.77785
0.885182 -3.6227
1.64768 -5.33915
0.772155 -2.15412
2.54273 -0.439646
0.255597 -3.85799
1.32135 -4.29176
0.83961 -4.2423
1.09834 -4.49233
0.924013 -4.06235
1.12793 -4.76976
0.912557 -3.66808
1.59639 -5.35797
0.786111 -2.18141
2.53195 -0.425561
0.282907 -3.96383
1.28687 -4.20624
0.89419 -4.43899
1.04108 -4.21663
1.0019 -4.49814
0.977866 -4.10383
1.08267 -4.70118
0.93363 -3.78996
1.41366 -5.25998
0.821525 -2.5912
2.27269 -0.104492
1.56506 -6.02941
1.11301 0.0405492
1.67585 -2.28446
1.79499 -0.544845
1.44021 -1.99378
2.17206 -0.821188
2.16148 -5.33025
0.785244 -0.835544
2.20663 -2.23958
1.70616 -5.85795
0.960425 -0.523738
1.97222 -2.12573
1.32186 -2.84958
1.82277 -0.267245
1.42181 -2.87345
1.6773 -0.437505
1.5109 -1.80209
2.09381 -0.87745
1.74875 -4.53668
0.612292 -3.25005
1.39839 -3.99649
1.03464 -4.90961
0.948645 -3.4423
1.65717 -4.80123
0.680518 -3.04225
1.29138 -1.28983
2.1206 -1.43962
1.78103 -4.6746
0.620422 -2.98829
1.34325 -1.0088
1.98478 -1.45625
1.33979 -2.27825
2.23229 -0.634122
2.08733 -5.83639
1.03752 0.202364
1.6668 -2.52029
1.65605 -0.612816
1.59421 -1.5015
1.95963 -0.934804
1.36408 -2.48514
2.13341 -0.429384
2.20092 -5.3162
0.796505 -0.711483
2.14371 -2.28335
2.00189 -5.67609
0.89527 -0.50644
1.99861 -2.22073
1.44132 -3.71371
1.55952 -5.54532
0.831366 -1.70485
2.51523 -1.27693
0.369736 -4.05951
1.28215 -4.31454
0.851665 -4.22463
1.09594 -4.51618
0.924777 -4.03189
1.14775 -4.82379
0.904519 -3.57631
1.70715 -5.29995
0.75342 -2.14342
2.54995 -0.424071
0.235445 -3.78179
1.34218 -4.3278
0.818036 -4.15784
1.13189 -4.61167
0.905554 -3.88331
1.28791 -5.0868
0.853723 -3.04238
1.43772 -0.7404
1.81826 -1.43247
1.62424 -1.01922
1.78406 -1.14068
1.62356 -1.1448
1.82878 -1.07286
1.53595 -1.33577
1.97078 -1.07737
1.35689 -2.40019
2.17981 -0.509444
2.21561 -5.55385
0.928207 -0.0914686
1.81459 -2.33604
1.44375 -1.18114
1.98904 -1.25971
1.34599 -2.4403
2.17233 -0.474335
2.22235 -5.52777
0.917295 -0.128595
1.83403 -2.32833
1.40361 -1.34803
2.07273 -1.25641
1.50772 -3.85061
1.20001 -5.23793
0.879948 -2.68206
2.17528 -0.0823542
2.12282 -5.88217
1.09264 0.438094
1.61396 -2.93758
1.31094 -1.64895
2.22044 -1.21935
2.13408 -5.61215
0.914008 -0.252301
1.8836 -2.27568
1.33303 -1.80595
2.23877 -1.07812
2.09275 -5.75126
0.980205 -0.0180991
1.7617 -2.32968
1.57685 -0.813825
1.7475 -1.2885
1.71704 -0.987239
1.66923 -1.17847
1.79 -1.03422
1.5849 -1.25477
1.90221 -1.05425
1.42029 -1.76044
2.16647 -1.01519
2.09592 -5.2204
0.72411 -1.30814
2.453 -1.83058
0.493735 -4.32649
1.19012 -4.07736
1.02707 -4.75728
0.960129 -3.72349
1.52684 -5.35672
0.801758 -2.26313
2.50115 -0.351972
0.367951 -4.25642
1.18139 -3.84147
1.35576 -5.30766
0.840739 -2.49836
2.36069 -0.188772
1.01854 -5.54323
0.985164 -1.15226
2.23151 -1.87865
1.87584 -5.86129
0.978095 -0.257077
1.85271 -2.19055
1.43111 -1.27469
2.03013 -1.24473
1.37716 -3.09087
1.35859 -1.22877
2.05975 -1.36595
1.44314 -3.57299
1.82668 -5.47208
0.782652 -1.50476
2.48806 -1.56843
0.426084 -4.17823
1.24278 -4.23133
0.901881 -4.40717
1.03958 -4.25822
0.988986 -4.42996
0.988736 -4.20021
1.03311 -4.53531
0.959487 -4.04031
1.13057 -4.81538
0.912304 -3.59762
1.68997 -5.32868
0.762069 -2.11037
2.55558 -0.484063
0.229227 -3.73728
1.357 -4.36074
0.80248 -4.08503
1.16619 -4.71635
0.891394 -3.72056
1.50826 -5.31485
0.800956 -2.38366
2.44214 -0.23801
0.582078 -4.80742
1.00932 -2.81404
2.00166 -0.0903074
2.00549 -4.91716
0.633126 -2.11809
2.5781 -0.248977
0.153892 -3.45828
1.3591 -4.17212
0.880836 -4.47608
1.04533 -4.16731
1.02094 -4.58376
0.965562 -3.98081
1.17816 -4.93035
0.893054 -3.38663
1.55308 -4.48638
0.691917 -3.65209
1.53568 -5.21647
0.781772 -2.57029
2.28814 -0.0873671
1.44514 -5.96797
1.09274 -0.137307
1.74872 -2.13112
1.70697 -0.672606
1.56645 -1.49826
1.98679 -0.968756
1.36656 -2.76803
1.8892 -0.272188
1.47155 -3.40815
1.73863 -4.86954
0.667171 -2.80507
1.84009 -0.0107673
1.58133 -3.86084
1.10414 -5.1216
0.909756 -2.9604
1.67818 -0.248302
1.45978 -2.19744
2.137 -0.637313
2.11712 -5.18963
0.718477 -1.29544
2.45156 -1.84603
0.494765 -4.32637
1.19032 -4.08021
1.02443 -4.75065
0.961516 -3.73474
1.50864 -5.34735
0.804899 -2.30388
2.48347 -0.314095
0.424978 -4.42319
1.12192 -3.57071
1.78337 -5.28614
0.738293 -2.02662
2.57657 -0.572363
0.193247 -3.53909
1.39139 -4.35694
0.786053 -4.06224
1.18344 -4.7471
0.884163 -3.66653
1.58659 -5.34249
0.785795 -2.23078
2.51626 -0.365588
0.320526 -4.10692
1.23496 -4.04044
1.04874 -4.84233
0.94771 -3.5746
1.72626 -5.29987
0.749999 -2.10917
2.55899 -0.46581
0.219285 -3.69978
1.36431 -4.36307
0.798304 -4.07466
1.17255 -4.73104
0.888855 -3.69613
1.54438 -5.33205
0.794147 -2.30527
2.48442 -0.298974
0.418043 -4.4076
1.12671 -3.59186
1.77496 -5.34145
0.751646 -1.92502
2.5787 -0.772095
0.204617 -3.52241
1.406 -4.40308
0.770139 -3.96534
1.24226 -4.88781
0.863919 -3.42064
1.64053 -4.7797
0.682868 -3.0985
1.22005 -1.90792
2.32978 -1.06811
1.48364 -5.89623
1.01913 -0.446354
1.91006 -2.06597
1.3575 -1.70259
2.20169 -1.12899
2.15709 -5.46983
0.847922 -0.526762
2.03291 -2.27931
1.70048 -4.57482
0.633682 -3.28239
1.45671 -4.22541
0.799154 -4.27287
1.11399 -4.45152
0.917212 -4.10885
1.1049 -4.68998
0.922018 -3.79434
1.40511 -5.2457
0.822981 -2.63038
2.22842 -0.0781807
1.83849 -6.06966
1.1386 0.353169
1.5992 -2.78434
1.51439 -0.81453
1.79719 -1.32537
1.64507 -1.03457
1.76838 -1.12458
1.64279 -1.12906
1.80349 -1.07075
1.57483 -1.25493
1.91162 -1.06478
1.40904 -1.81995
2.18451 -0.986766
2.15465 -5.36397
0.797002 -0.785626
2.17689 -2.25194
1.87993 -5.81305
0.946428 -0.401577
1.92778 -2.17972
1.30855 -2.2053
2.27031 -0.719829
1.8944 -5.98111
1.07372 0.160172
1.66008 -2.45085
1.72605 -0.545146
1.50291 -1.73586
2.09264 -0.927431
1.71592 -4.46318
0.620233 -3.42851
1.64685 -4.98779
0.71508 -2.79968
1.89575 0.00466047
1.73525 -4.35642
0.613736 -3.5777
1.58273 -5.16632
0.761657 -2.60553
2.24268 -0.0489249
1.72404 -6.07726
1.13746 0.257915
1.61009 -2.59928
1.70266 -0.520095
1.5164 -1.71792
2.0774 -0.920723
1.63515 -4.24226
0.689766 -3.99588
1.25378 -4.81179
0.853677 -3.52367
1.71723 -5.19983
0.732889 -2.32563
2.47936 -0.203166
0.41458 -4.41685
1.12031 -3.54533
1.78198 -5.20415
0.721408 -2.19131
2.54141 -0.313471
0.241231 -3.83772
1.32032 -4.26681
0.84948 -4.29282
1.08327 -4.42198
0.936416 -4.16706
1.07064 -4.59493
0.938565 -3.94193
1.22105 -4.99485
0.876667 -3.2518
1.24999 -3.00345
1.60618 -0.471865
1.58201 -1.63474
1.99856 -0.884467
1.39273 -3.0781
1.36683 -1.19833
2.04379 -1.3643
1.39431 -3.27411
1.29901 -3.18625
1.26734 -1.79796
2.28165 -1.14398
1.84733 -5.95224
1.04042 -0.0149654
1.7303 -2.27755
1.68198 -0.654863
1.58539 -1.48137
1.9641 -0.954022
1.3627 -2.50508
2.12356 -0.412123
2.18512 -5.27164
0.770464 -0.871603
2.23212 -2.23299
1.53162 -5.81282
0.949735 -0.780845
2.08931 -2.07291
1.86435 -4.91884
0.648411 -2.47461
2.35412 -0.0298566
0.970431 -5.49784
0.986049 -1.20824
2.2544 -1.84399
1.74572 -5.89859
0.989151 -0.339135
1.88039 -2.14292
1.38952 -1.47933
2.12268 -1.21846
1.80434 -4.70109
0.618462 -2.90459
1.54034 -0.405362
1.6054 -1.67624
1.97889 -0.837641
1.38096 -2.90166
1.68161 -0.413451
1.4997 -1.85639
2.10983 -0.856097
1.85575 -4.76452
0.618183 -2.70818
2.00006 0.0689086
2.17455 -5.13145
0.714057 -1.19721
2.41392 -1.97239
0.602441 -4.58512
1.09739 -3.68629
1.64037 -5.44231
0.793607 -1.9111
2.56114 -0.864183
0.246486 -3.69309
1.38911 -4.47266
0.771422 -3.86598
1.31828 -5.03913
0.840533 -3.1147
1.28024 -1.42912
2.17506 -1.3905
2.08595 -5.27267
0.739796 -1.23466
2.4131 -1.93014
0.623625 -4.64219
1.07736 -3.5751
1.76994 -5.29792
0.742705 -2.02932
2.57486 -0.575713
0.196906 -3.55645
1.39116 -4.36864
0.783655 -4.04091
1.19455 -4.77824
0.880295 -3.61535
1.65464 -5.33348
0.769743 -2.15646
2.5427 -0.43277
0.254781 -3.85675
1.32136 -4.29057
0.840019 -4.24462
1.09762 -4.48909
0.924519 -4.06713
1.12483 -4.7615
0.913858 -3.68185
1.576 -5.35469
0.790082 -2.21455
2.52091 -0.390639
0.310167 -4.06688
1.25007 -4.0933
0.990805 -4.71078
0.978256 -3.80418
1.39979 -5.26739
0.82603 -2.58215
2.28292 -0.11448
1.5015 -5.99801
1.10112 -0.057473
1.71504 -2.19057
1.75665 -0.605804
1.49202 -1.72438
2.10068 -0.948059
1.75338 -4.55627
0.612667 -3.21162
1.31821 -3.60781
1.79784 -5.44314
0.775242 -1.63886
2.53079 -1.33696
0.321243 -3.86718
1.35471 -4.50017
0.787385 -3.85662
1.32507 -5.06267
0.839206 -3.06674
1.37078 -0.969438
1.95342 -1.4289
1.37162 -1.88928
2.22228 -0.97284
2.14768 -5.64868
0.943754 -0.10772
1.81256 -2.30847
1.4651 -1.11491
1.95046 -1.25334
1.37376 -1.97241
2.22747 -0.901003
2.13427 -5.70416
0.9716 -0.00779332
1.76252 -2.34604
1.56436 -0.835514
1.76682 -1.28001
1.68539 -1.0133
1.71632 -1.13951
1.71977 -1.06357
1.69131 -1.12007
1.74522 -1.06823
1.659 -1.14152
1.78989 -1.05784
1.59184 -1.23156
1.88832 -1.05754
1.44045 -1.65815
2.13124 -1.05385
1.90013 -4.8732
0.632878 -2.45598
2.36812 -0.0246267
0.884065 -5.37505
0.972384 -1.48253
2.36842 -1.62157
1.02336 -5.39713
0.927749 -1.83721
2.48818 -1.13732
0.474958 -4.40493
1.15038 -3.8206
1.39442 -5.33482
0.832554 -2.41223
2.42216 -0.248912
0.684975 -5.0111
0.974106 -2.37737
2.41103 -0.423329
0.803297 -5.19769
0.956745 -2.01229
2.48848 -0.888131
0.477325 -4.45585
1.12662 -3.67772
1.66452 -5.45194
0.791942 -1.85171
2.55836 -0.969418
0.256795 -3.70571
1.39143 -4.49641
0.769151 -3.82652
1.35596 -5.09542
0.829724 -2.98267
1.56375 -0.417006
1.59305 -1.67465
1.99269 -0.851666
1.39259 -3.05863
1.39828 -1.06795
1.97594 -1.36044
1.34883 -2.19537
2.23978 -0.711594
2.06808 -5.849
1.03675 0.180412
1.6726 -2.49148
1.6675 -0.605363
1.58049 -1.52535
1.979 -0.939374
1.36619 -2.7146
1.95094 -0.276734
1.60172 -4.01892
0.861532 -4.62294
1.04133 -3.94002
1.2094 -5.04118
0.881253 -3.16559
1.23505 -1.86378
2.31388 -1.105
1.60755 -5.94803
1.03402 -0.26104
1.82634 -2.11909
1.52696 -0.990627
1.85841 -1.22798
1.51889 -1.31106
1.97739 -1.10941
1.35421 -2.4413
2.16453 -0.471482
2.22476 -5.47815
0.890588 -0.239156
1.89064 -2.31179
1.31257 -2.01402
2.2759 -0.90952
1.8887 -5.96259
1.05726 0.0908502
1.68758 -2.37229
1.72126 -0.577229
1.51808 -1.66944
2.06779 -0.945584
1.57597 -4.05695
0.844731 -4.55659
1.05578 -4.04591
1.09694 -4.8206
0.927657 -3.60246
1.69159 -5.33734
0.763445 -2.08822
2.55955 -0.518859
0.223868 -3.70296
1.36697 -4.3781
0.793941 -4.04535
1.18814 -4.774
0.883225 -3.62574
1.64286 -5.33963
0.773216 -2.16024
2.54086 -0.433215
0.259634 -3.87539
1.3157 -4.2784
0.84722 -4.2725
1.08813 -4.45005
0.931651 -4.12558
1.09059 -4.66263
0.928856 -3.8398
1.34203 -5.17688
0.838537 -2.82409
1.9328 -0.0261191
1.81856 -4.56183
0.592217 -3.0703
1.20908 -2.00523
2.34603 -0.966762
1.35714 -5.81966
1.00328 -0.653121
2.00623 -2.03302
1.36963 -3.27346
1.28323 -3.06152
1.47243 -0.781223
1.81287 -1.37891
1.62667 -1.03681
1.78804 -1.12946
1.61443 -1.16266
1.84392 -1.07023
1.51139 -1.40015
2.01015 -1.08317
1.37045 -2.93386
1.63908 -0.466394
1.55291 -1.68303
2.03652 -0.894241
1.47462 -3.63288
1.71511 -5.57484
0.82089 -1.43365
2.44057 -1.68905
0.58531 -4.59079
1.09274 -3.62156
1.73664 -5.39265
0.7682 -1.88096
2.571 -0.880066
0.225862 -3.59071
1.409 -4.4689
0.761782 -3.85198
1.33219 -5.054
0.836064 -3.07764
1.34534 -1.07531
2.0098 -1.43395
1.33996 -2.66509
2.02619 -0.290589
1.88405 -4.74152
0.60786 -2.67515
2.054 0.0761389
2.28608 -5.36993
0.873789 -0.228784
1.89544 -2.33809
1.30248 -2.17742
2.2783 -0.750801
1.84774 -5.99329
1.07385 0.119493
1.67109 -2.39807
1.73971 -0.549308
1.49132 -1.76893
2.10796 -0.922065
1.81006 -4.67911
0.613072 -2.92282
1.48797 -0.527606
1.69352 -1.53988
1.84632 -0.840624
1.4543 -1.71425
2.13114 -1.00244
1.91732 -4.89884
0.6361 -2.37766
2.43801 -0.0606179
0.54099 -4.74711
1.0207 -2.87598
1.89649 -0.106565
1.61322 -4.01463
0.85591 -4.61561
1.04445 -3.95092
1.19588 -5.01919
0.886275 -3.21379
1.21926 -2.45722
2.26048 -0.464415
1.87012 -6.01804
1.09911 0.235315
1.63095 -2.55721
1.69972 -0.539003
1.52558 -1.67994
2.06263 -0.930218
1.55911 -3.99504
0.925173 -4.75772
1.0018 -3.71539
1.55535 -5.38736
0.799806 -2.15642
2.53502 -0.479041
0.281397 -3.94446
1.29583 -4.23819
0.873751 -4.36647
1.05943 -4.31862
0.9639 -4.3287
1.01409 -4.34789
0.983386 -4.30329
1.00781 -4.37814
0.982903 -4.2632
1.0169 -4.43766
0.972426 -4.17803
1.04931 -4.57383
0.950174 -3.9811
1.18132 -4.92471
0.891677 -3.39516
1.5749 -4.55788
0.683448 -3.50932
1.65891 -5.16135
0.740009 -2.49791
2.35298 -0.0979101
1.01759 -5.55244
0.990989 -1.10572
2.20862 -1.89777
1.98932 -5.76628
0.945615 -0.281719
1.87908 -2.22242
1.36092 -1.61659
2.17928 -1.181
2.11302 -5.29366
0.754158 -1.09525
2.34364 -2.07717
0.908312 -5.17435
0.938288 -2.47084
2.37026 -0.298991
1.01001 -5.51962
0.976817 -1.23652
2.27123 -1.83323
1.62789 -5.88646
0.984643 -0.481014
1.94184 -2.10345
1.31073 -2.2403
2.26316 -0.683173
1.9312 -5.96803
1.07321 0.191075
1.6526 -2.49378
1.70873 -0.550063
1.52092 -1.6828
2.06748 -0.93462
1.57937 -4.0669
0.832897 -4.52389
1.06463 -4.0953
1.05571 -4.72025
0.947204 -3.77343
1.44192 -5.29245
0.816258 -2.49379
2.36413 -0.169877
0.986843 -5.50354
0.980336 -1.23699
2.26945 -1.82996
1.64411 -5.89065
0.986106 -0.457013
1.93097 -2.1083
1.3181 -2.07808
2.27254 -0.843588
1.90342 -5.9635
1.06168 0.121532
1.67643 -2.4062
1.72296 -0.563875
1.51197 -1.69573
2.07795 -0.938942
1.62931 -4.22735
0.698683 -4.03928
1.23082 -4.75551
0.860951 -3.61978
1.64018 -5.3277
0.771688 -2.19143
2.53221 -0.391251
0.27728 -3.95245
1.28898 -4.20638
0.893134 -4.43764
1.04177 -4.21867
1.00082 -4.49454
0.978603 -4.10908
1.07939 -4.6918
0.935163 -3.80485
1.39182 -5.23839
0.826415 -2.65587
2.19762 -0.0634794
2.00542 -6.00009
1.12679 0.451548
1.60405 -2.9925
1.27874 -1.95535
2.29612 -0.987964
1.74902 -5.98211
1.05403 -0.0473033
1.73484 -2.23799
1.69208 -0.654925
1.57522 -1.49638
1.97777 -0.959029
1.36371 -2.66548
2.0027 -0.295357
1.77345 -4.51057
0.601046 -3.24111
1.38562 -3.94449
1.11791 -5.06051
0.910654 -3.12392
1.30492 -1.30687
2.11897 -1.41375
1.7681 -4.64296
0.61928 -3.05786
1.22979 -1.73132
2.29156 -1.23319
1.76181 -5.95789
1.03499 -0.116456
1.76962 -2.20287
1.62811 -0.756969
1.67846 -1.32899
1.82193 -0.950711
1.51481 -1.44869
2.0208 -1.05775
1.38992 -3.13255
1.29392 -1.61867
2.2235 -1.25938
2.12321 -5.63762
0.923495 -0.223803
1.86741 -2.27509
1.36099 -1.59573
2.17392 -1.19356
2.0936 -5.24992
0.733604 -1.25586
2.42585 -1.90292
0.578315 -4.53791
1.11347 -3.75576
1.5142 -5.41226
0.812785 -2.1294
2.53715 -0.536135
0.282292 -3.93277
1.30235 -4.2637
0.859476 -4.31038
1.07492 -4.39684
0.943486 -4.20677
1.0532 -4.5318
0.948367 -4.03496
1.13799 -4.82311
0.909012 -3.5821
1.70397 -5.30886
0.755709 -2.12984
2.55281 -0.446217
0.231322 -3.75787
1.34966 -4.34338
0.810202 -4.12284
1.14765 -4.66173
0.898715 -3.80658
1.38439 -5.21149
0.826996 -2.7221
2.10492 -0.0261633
2.27551 -5.52196
0.952631 0.0789549
1.74361 -2.43598
1.54681 -0.848224
1.78622 -1.28281
1.65479 -1.04169
1.76056 -1.11825
1.65241 -1.12194
1.79071 -1.071
1.59431 -1.22113
1.88263 -1.05984
1.44925 -1.61834
2.11571 -1.06472
1.79861 -4.6714
0.614882 -2.95713
1.40675 -0.766062
1.84825 -1.45373
1.56821 -1.10899
1.86852 -1.13482
1.48491 -1.45088
2.04566 -1.0978
1.43947 -3.49379
1.8454 -5.22704
0.717584 -2.00928
2.58507 -0.563756
0.17668 -3.454
1.38459 -4.27105
0.815936 -4.23745
1.11206 -4.50001
0.916164 -4.04383
1.14253 -4.8009
0.906379 -3.61401
1.66838 -5.3418
0.768583 -2.11604
2.55262 -0.486529
0.236525 -3.76742
1.34958 -4.35162
0.808258 -4.10773
1.15428 -4.68364
0.896103 -3.77283
1.43162 -5.25854
0.81624 -2.5819
2.28181 -0.106917
1.50363 -5.99994
1.10225 -0.0511173
1.71221 -2.1956
1.76053 -0.60097
1.48666 -1.74577
2.10879 -0.942076
1.80544 -4.67167
0.613043 -2.94267
1.4391 -0.663014
1.78422 -1.47203
1.69183 -0.923911
1.67688 -1.2123
1.7913 -1.01356
1.577 -1.27889
1.91707 -1.0522
1.40071 -1.88131
2.19869 -0.949776
2.17476 -5.47787
0.861045 -0.439472
1.98845 -2.28613
1.44788 -3.75395
1.46106 -5.49203
0.837983 -1.92763
2.54203 -0.89713
0.295495 -3.88656
1.33305 -4.39084
0.808742 -4.05156
1.17896 -4.76779
0.887439 -3.64066
1.62482 -5.34562
0.777985 -2.17248
2.53639 -0.424658
0.270469 -3.91863
1.30163 -4.24403
0.868287 -4.35104
1.06433 -4.34038
0.957192 -4.29388
1.02389 -4.39928
0.971638 -4.2272
1.03263 -4.49539
0.960726 -4.09356
1.09532 -4.71862
0.927529 -3.75892
1.4598 -5.29809
0.811925 -2.46658
2.38557 -0.185701
0.863633 -5.32394
0.963287 -1.65009
2.42693 -1.4234
0.727397 -4.93527
0.987525 -2.8727
1.89736 -0.0932393
1.62888 -4.06525
0.795065 -4.44608
1.09126 -4.20691
0.98228 -4.50391
0.988599 -4.10397
1.07837 -4.70131
0.935809 -3.79177
1.41133 -5.25875
0.822105 -2.59566
2.26795 -0.101784
1.59568 -6.04165
1.1179 0.0836956
1.66017 -2.33472
1.80011 -0.523079
1.43182 -2.0653
2.17875 -0.770744
2.18459 -5.39881
0.826565 -0.589273
2.07204 -2.28897
1.94618 -5.11591
0.683613 -1.96154
2.60066 -0.581331
0.152919 -3.30259
1.33234 -3.95892
1.12003 -5.03922
0.911391 -3.17473
1.23651 -1.86878
2.31371 -1.09917
1.60942 -5.94917
1.03467 -0.256361
1.82414 -2.12062
1.53177 -0.978074
1.84981 -1.22886
1.53426 -1.27168
1.95234 -1.10533
1.36738 -2.15091
2.22953 -0.743634
2.11705 -5.77184
1.00766 0.117511
1.70414 -2.43216
1.64291 -0.661962
1.62611 -1.43105
1.90902 -0.935001
1.39695 -1.98481
2.20925 -0.869686
2.17474 -5.57981
0.917771 -0.185661
1.85551 -2.29946
1.37307 -1.51371
2.14355 -1.22362
1.93745 -4.96204
0.648058 -2.23389
2.52961 -0.159788
0.245393 -3.8974
1.29382 -4.17938
0.906833 -4.49491
1.03024 -4.13736
1.04275 -4.63979
0.953722 -3.89446
1.2722 -5.09219
0.859385 -3.0387
1.451 -0.702206
1.79345 -1.43979
1.67089 -0.957598
1.71272 -1.1764
1.73561 -1.03765
1.66223 -1.15527
1.79069 -1.04913
1.58816 -1.24191
1.89509 -1.05657
1.43055 -1.70572
2.14856 -1.03793
2.00607 -5.06027
0.668592 -1.88964
2.61021 -0.684065
0.147841 -3.21345
1.28172 -3.66115
1.71926 -5.49944
0.797273 -1.63957
2.51867 -1.35738
0.353735 -3.98412
1.31226 -4.40684
0.816793 -4.04125
1.18101 -4.78534
0.887276 -3.61433
1.65913 -5.33546
0.769208 -2.145
2.54577 -0.447237
0.248752 -3.8289
1.33039 -4.3114
0.828702 -4.19782
1.11482 -4.55496
0.91405 -3.96901
1.20025 -4.93481
0.883957 -3.369
1.51265 -4.35283
0.725608 -3.94192
1.27103 -4.90346
0.852044 -3.37552
1.54794 -4.48138
0.694405 -3.66728
1.51986 -5.21024
0.785643 -2.60167
2.25383 -0.0696094
1.66664 -6.06581
1.13008 0.185673
1.62747 -2.47694
1.77296 -0.490562
1.4465 -2.00718
2.16641 -0.804392
2.15161 -5.2981
0.768231 -0.943876
2.26648 -2.18992
1.3276 -5.68044
0.928708 -1.1973
2.28226 -1.89901
1.48883 -5.82316
0.965359 -0.735474
2.06129 -2.06475
1.66941 -4.47177
0.639977 -3.49744
1.64677 -5.12846
0.737948 -2.57578
2.27105 -0.0490999
1.53342 -6.0211
1.1133 0.0171115
1.68331 -2.25778
1.79271 -0.556029
1.44456 -1.96005
2.1673 -0.843212
2.1433 -5.28738
0.7611 -0.99826
2.29568 -2.15564
1.15429 -5.50751
0.9159 -1.65898
2.45652 -1.40105
0.581735 -4.62843
1.07638 -3.49186
1.72731 -4.97957
0.690575 -2.67036
2.11986 0.0333697
2.24557 -5.67941
1.03115 0.340838
1.64356 -2.73176
1.48996 -0.902497
1.85086 -1.30467
1.54505 -1.21563
1.92504 -1.11468
1.3969 -1.87114
2.20061 -0.961647
2.17375 -5.48904
0.866379 -0.416105
1.97573 -2.28556
1.39472 -3.48798
1.81432 -5.1247
0.699833 -2.26519
2.51253 -0.208193
0.303023 -4.08704
1.23466 -4.01544
1.07739 -4.90466
0.933605 -3.45653
1.68539 -4.90126
0.688413 -2.85788
1.737 -0.108845
1.43943 -2.83397
1.71287 -0.406427
1.47312 -1.95831
2.14085 -0.814642
2.04947 -5.10278
0.681802 -1.68469
2.58987 -1.12168
0.20018 -3.34944
1.3959 -4.24027
0.823658 -4.29426
1.0971 -4.42199
0.928767 -4.15968
1.07715 -4.6072
0.93514 -3.92202
1.2423 -5.03091
0.869126 -3.17413
1.22514 -2.0139
2.33613 -0.952324
1.43497 -5.87716
1.01897 -0.492743
1.92973 -2.05236
1.33079 -1.94494
2.25829 -0.961133
2.00078 -5.88524
1.03313 0.100658
1.69652 -2.39757
1.68492 -0.612263
1.56631 -1.54201
1.99678 -0.948533
1.37757 -2.93934
1.62204 -0.495657
1.57832 -1.61827
1.99962 -0.89703
1.3913 -3.06998
1.38086 -1.13701
2.01269 -1.36376
1.34564 -2.73249
1.95209 -0.263267
1.61764 -4.07067
0.799626 -4.45116
1.08848 -4.20021
0.986462 -4.51668
0.985828 -4.08526
1.09086 -4.73547
0.930027 -3.73656
1.49569 -5.32519
0.80541 -2.37042
2.44951 -0.254044
0.552689 -4.74146
1.02498 -2.95591
1.73714 -0.214727
1.4306 -2.52013
2.04347 -0.389873
1.86238 -4.71503
0.607014 -2.76055
1.88025 0.0331708
1.72481 -4.3216
0.622182 -3.66458
1.50721 -5.15
0.782679 -2.73372
2.06688 0.00240837
2.27117 -5.35267
0.854353 -0.333635
1.948 -2.32709
1.33653 -3.09283
1.38273 -1.10516
1.99955 -1.37102
1.34016 -2.52285
2.13377 -0.399474
2.21282 -5.34121
0.813834 -0.607271
2.08719 -2.2994
2.01183 -5.27662
0.72921 -1.46615
2.50747 -1.59175
0.362634 -3.95708
1.32751 -4.47581
0.802267 -3.91855
1.26767 -4.97433
0.857388 -3.26296
1.27431 -3.22867
1.24248 -2.19939
2.31864 -0.743536
1.54552 -5.95765
1.05346 -0.227276
1.80322 -2.11377
1.5861 -0.859538
1.75807 -1.25455
1.69281 -1.01948
1.70978 -1.13763
1.72767 -1.06184
1.68049 -1.12787
1.76071 -1.06255
1.63568 -1.16844
1.82402 -1.05343
1.53856 -1.3387
1.96944 -1.07285
1.35742 -2.38984
2.18338 -0.519116
2.21185 -5.5718
0.936498 -0.0618333
1.79954 -2.34475
1.47445 -1.07355
1.92857 -1.25577
1.40322 -1.7556
2.17883 -1.03887
2.13245 -5.30964
0.766217 -0.990148
2.28877 -2.15877
1.19948 -5.55828
0.918112 -1.52642
2.41509 -1.58015
0.74785 -4.954
0.98341 -2.86763
1.90599 -0.0889151
1.65694 -4.1556
0.713162 -4.15989
1.1834 -4.59449
0.877252 -3.86995
1.30454 -5.09413
0.848047 -3.01884
1.48977 -0.592022
1.72007 -1.48584
1.79888 -0.865187
1.5224 -1.47395
2.02101 -1.03637
1.39455 -3.16502
1.26223 -1.94766
2.30664 -1.00534
1.66891 -5.97294
1.0478 -0.14464
1.77387 -2.17044
1.63296 -0.759031
1.6747 -1.32857
1.82649 -0.952268
1.50868 -1.46487
2.03024 -1.05892
1.40832 -3.28276
1.32416 -3.36291
1.44163 -3.97862
1.03417 -4.93149
0.946882 -3.39537
1.54746 -4.45274
0.695752 -3.71575
1.46802 -5.17376
0.797697 -2.73137
2.07807 -0.00615173
2.27807 -5.39874
0.883464 -0.198688
1.87854 -2.33773
1.31874 -1.91843
2.2645 -0.994668
1.96563 -5.9096
1.03838 0.0876271
1.69786 -2.37999
1.69374 -0.606737
1.5556 -1.56495
2.01212 -0.950861
1.39793 -3.15905
1.26555 -1.90498
2.29969 -1.04555
1.72176 -5.97576
1.04829 -0.0956861
1.75525 -2.20464
1.66121 -0.705959
1.62601 -1.39782
1.90098 -0.950472
1.40766 -1.89665
2.19463 -0.930615
2.17539 -5.45315
0.848668 -0.49676
2.01959 -2.28675
1.62257 -4.36807
0.667379 -3.75805
1.4243 -5.10773
0.806315 -2.90099
1.74392 -0.137217
1.43508 -2.78279
1.78882 -0.344443
1.41743 -2.4352
2.10547 -0.458533
2.0962 -5.1216
0.692832 -1.49799
2.53929 -1.50062
0.290917 -3.68918
1.41975 -4.61743
0.757533 -3.62004
1.59453 -5.27239
0.773385 -2.37818
2.44698 -0.211172
0.551422 -4.74554
1.02332 -2.93289
1.78552 -0.169558
1.43445 -2.92562
1.57748 -0.597781
1.65686 -1.46796
1.88135 -0.893292
1.42205 -1.84302
2.1771 -0.95535
2.14363 -5.318
0.773395 -0.930294
2.25708 -2.19514
1.39091 -5.73091
0.935863 -1.05044
2.21519 -1.98346
1.89729 -5.83663
0.965738 -0.291044
1.8726 -2.1923
1.38612 -1.48006
2.12517 -1.22281
1.81996 -4.7345
0.620557 -2.82651
1.74026 -0.084955
1.44494 -2.92756
1.56052 -0.635559
1.68641 -1.43076
1.83571 -0.896517
1.48147 -1.57868
2.08095 -1.04208
1.60207 -4.15756
0.749593 -4.25021
1.14412 -4.47822
0.8992 -4.05346
1.14252 -4.78125
0.905816 -3.64337
1.6294 -5.35472
0.778618 -2.14465
2.54347 -0.462531
0.256548 -3.85526
1.32339 -4.30003
0.835804 -4.22475
1.10434 -4.51696
0.920093 -4.02584
1.15353 -4.8336
0.902088 -3.55815
1.71958 -5.26912
0.745239 -2.18558
2.53933 -0.357591
0.253141 -3.87152
1.31286 -4.25895
0.856352 -4.31358
1.07615 -4.39288
0.943252 -4.21181
1.05173 -4.52407
0.949309 -4.04596
1.12985 -4.80311
0.912411 -3.61695
1.66754 -5.34586
0.769501 -2.10808
2.55402 -0.499493
0.234634 -3.75552
1.3534 -4.35959
0.804539 -4.0901
1.16312 -4.70915
0.892637 -3.73242
1.4907 -5.30427
0.804309 -2.42543
2.4153 -0.208821
0.706554 -5.05671
0.969409 -2.2623
2.4531 -0.551254
0.605924 -4.81044
1.0119 -2.90866
1.83261 -0.132411
1.47989 -3.38337
1.68838 -4.73172
0.658767 -3.08286
1.22356 -1.83602
2.31664 -1.13943
1.58192 -5.93599
1.02837 -0.310551
1.84917 -2.10337
1.47724 -1.13692
1.95 -1.22952
1.37357 -1.98933
2.22842 -0.88647
2.13099 -5.715
0.976877 0.0100062
1.75376 -2.35514
1.57971 -0.800276
1.73952 -1.29683
1.7309 -0.976115
1.64796 -1.20255
1.82162 -1.02917
1.53603 -1.35617
1.97678 -1.06889
1.35601 -2.48652
2.14019 -0.429661
2.21339 -5.35637
0.821256 -0.570712
2.06691 -2.30137
1.93143 -5.08621
0.677325 -2.05149
2.58865 -0.421172
0.156392 -3.39875
1.36011 -4.13778
0.9052 -4.55816
1.02708 -4.0471
1.10447 -4.8139
0.924267 -3.61071
1.68058 -5.34453
0.766827 -2.09017
2.55822 -0.521517
0.22719 -3.7167
1.36408 -4.37644
0.795708 -4.0508
1.18473 -4.76619
0.884507 -3.63906
1.62569 -5.34396
0.777517 -2.17514
2.53575 -0.420535
0.271643 -3.92408
1.29967 -4.23851
0.871774 -4.36366
1.06085 -4.32274
0.962319 -4.32186
1.01606 -4.35799
0.98085 -4.28814
1.01225 -4.40103
0.978008 -4.22981
1.02861 -4.49006
0.963167 -4.10256
1.08922 -4.70281
0.930329 -3.78448
1.42127 -5.26573
0.819783 -2.57245
2.29213 -0.116435
1.43868 -5.96079
1.0886 -0.160331
1.75959 -2.11829
1.68734 -0.699235
1.59692 -1.43406
1.94094 -0.962627
1.37146 -2.23504
2.21428 -0.661366
2.1589 -5.70422
0.986498 0.0789861
1.72641 -2.408
1.60872 -0.72795
1.68442 -1.35076
1.81988 -0.937642
1.51421 -1.457
2.02353 -1.0549
1.3954 -3.17963
1.25377 -2.1015
2.31814 -0.847935
1.56824 -5.95758
1.04856 -0.229671
1.8066 -2.11809
1.57608 -0.878391
1.77428 -1.24742
1.66595 -1.04603
1.74986 -1.11447
1.66661 -1.11045
1.77108 -1.07427
1.62431 -1.17626
1.8384 -1.05656
1.5169 -1.39148
2.00313 -1.07939
1.36409 -2.83394
1.80412 -0.297936
1.41536 -2.65604
1.95487 -0.31373
1.58084 -3.95212
0.961055 -4.85169
0.978679 -3.53915
1.75087 -5.21225
0.728505 -2.23849
2.52223 -0.274032
0.28674 -4.01598
1.26206 -4.11212
0.969735 -4.66272
0.990084 -3.88252
1.28636 -5.13433
0.855362 -2.94326
1.68175 -0.226826
1.45417 -2.26143
2.12901 -0.587695
2.11172 -5.17076
0.71108 -1.35145
2.47798 -1.76123
0.424126 -4.12922
1.26406 -4.32493
0.857738 -4.21703
1.09461 -4.52647
0.92537 -4.01901
1.15685 -4.84712
0.900894 -3.53521
1.72944 -5.21948
0.733999 -2.26571
2.50973 -0.255624
0.321118 -4.13438
1.22047 -3.97422
1.13409 -5.00781
0.908463 -3.2459
1.23507 -2.80034
1.95767 -0.198221
1.70243 -4.31369
0.634737 -3.72391
1.45436 -5.11495
0.796539 -2.85745
1.83575 -0.0557738
1.53541 -3.671
1.57352 -5.58012
0.838924 -1.58448
2.47973 -1.47779
0.470643 -4.32952
1.18444 -4.00788
1.10079 -4.92231
0.923979 -3.42109
1.62092 -4.69461
0.677729 -3.24477
1.34597 -3.73154
1.56578 -5.51726
0.823217 -1.78511
2.53479 -1.12936
0.31779 -3.90978
1.33316 -4.42519
0.803788 -3.99384
1.21315 -4.85577
0.875466 -3.48941
1.71916 -5.09228
0.713115 -2.51068
2.33509 -0.0669763
1.11331 -5.67286
1.01519 -0.826483
2.07541 -1.97245
1.69008 -4.51538
0.632961 -3.39136
1.62934 -4.86637
0.700712 -2.99967
1.39723 -0.825684
1.87903 -1.44141
1.50548 -1.26549
1.97348 -1.14484
1.35434 -2.34918
2.20045 -0.559155
2.18426 -5.66481
0.976754 0.0684715
1.73465 -2.40598
1.5906 -0.762974
1.71482 -1.32184
1.77226 -0.951301
1.58497 -1.2973
1.91516 -1.03572
1.40126 -1.88745
2.1989 -0.944434
2.17535 -5.4808
0.862893 -0.430046
1.98348 -2.2863
1.42594 -3.65169
1.70572 -5.55939
0.816514 -1.49308
2.46399 -1.60407
0.508018 -4.40908
1.15681 -3.91132
1.23749 -5.14701
0.871066 -2.92672
1.73221 -0.169985
1.43266 -2.6242
1.96275 -0.330964
1.58964 -3.98878
0.906009 -4.72987
1.0119 -3.76168
1.47783 -5.34904
0.812721 -2.32565
2.47212 -0.302851
0.467468 -4.53426
1.08511 -3.37302
1.42552 -3.97477
1.04958 -4.95383
0.939949 -3.35093
1.429 -4.02712
0.978327 -4.80426
0.977682 -3.64082
1.66543 -5.38269
0.776997 -2.02472
2.5641 -0.641275
0.225239 -3.66932
1.38146 -4.41573
0.780643 -3.96682
1.23799 -4.8896
0.865926 -3.42081
1.64025 -4.77796
0.682697 -3.1013
1.21792 -1.94248
2.33519 -1.03243
1.44228 -5.87453
1.01459 -0.508664
1.93866 -2.05398
1.32049 -2.08109
2.27069 -0.839259
1.91487 -5.95856
1.06079 0.128471
1.67489 -2.41514
1.72012 -0.563939
1.51473 -1.68823
2.07414 -0.939579
1.60953 -4.16653
0.739516 -4.21596
1.1565 -4.52353
0.891209 -3.98352
1.19381 -4.90087
0.885864 -3.42954
1.65038 -4.8035
0.683216 -3.05044
1.27947 -1.36336
2.15331 -1.42404
1.98838 -5.08005
0.673613 -1.90694
2.60781 -0.661277
0.149307 -3.2366
1.29673 -3.75209
1.53182 -5.48614
0.822478 -1.9055
2.54805 -0.915122
0.280238 -3.82147
1.3552 -4.43755
0.791279 -3.95443
1.2432 -4.91295
0.864818 -3.3805
1.55313 -4.49478
0.69179 -3.63839
1.55039 -5.22208
0.778275 -2.54077
2.31804 -0.104023
1.25105 -5.81289
1.04632 -0.517379
1.92675 -2.00733
1.34504 -1.82709
2.23368 -1.04929
2.11251 -5.71886
0.96908 -0.0422319
1.77583 -2.32295
1.54644 -0.882957
1.8006 -1.26359
1.62667 -1.08488
1.80512 -1.10257
1.58075 -1.22918
1.89798 -1.06963
1.42837 -1.70993
2.15107 -1.03804
2.01933 -5.08342
0.674867 -1.81099
2.60704 -0.85159
0.163364 -3.23511
1.30763 -3.79961
1.42568 -5.41932
0.833915 -2.16169
2.52395 -0.521565
0.319224 -4.06594
1.25595 -4.13116
0.957001 -4.61979
0.99805 -3.94947
1.20407 -5.00446
0.883262 -3.24023
1.23519 -2.82203
1.92783 -0.197182
1.60859 -4.0231
0.851234 -4.59941
1.04824 -3.97711
1.16546 -4.96451
0.898156 -3.32862
1.39532 -3.89643
1.19485 -5.18718
0.882559 -2.82213
1.95816 -0.0378
1.89767 -4.72345
0.601631 -2.66783
2.06236 0.0784735
2.2919 -5.41259
0.901388 -0.105732
1.83382 -2.35982
1.38651 -1.41995
2.1068 -1.25042
1.69622 -4.45211
0.628304 -3.48307
1.64744 -5.10273
0.733655 -2.61841
2.21672 -0.0204558
1.86468 -6.07096
1.14443 0.395088
1.59623 -2.87816
1.40036 -1.16285
2.01039 -1.32741
1.34648 -2.71262
1.97287 -0.269618
1.68169 -4.27027
0.654593 -3.85199
1.34917 -4.98537
0.824717 -3.18189
1.21488 -2.29568
2.31983 -0.637955
1.50797 -5.9494
1.05589 -0.248542
1.81049 -2.09941
1.57401 -0.888227
1.77998 -1.24265
1.65577 -1.0587
1.76547 -1.1075
1.64217 -1.13825
1.8072 -1.06603
1.56785 -1.27036
1.92281 -1.06592
1.39516 -1.91257
2.20617 -0.930791
2.17443 -5.53856
0.893783 -0.290897
1.90962 -2.28809
1.30269 -2.2361
2.27005 -0.690181
1.88858 -5.98669
1.07691 0.167255
1.65674 -2.45946
1.72668 -0.541476
1.50115 -1.74397
2.09546 -0.924851
1.73364 -4.50649
0.61536 -3.32557
1.54746 -4.56351
0.695793 -3.53939
1.64577 -5.20139
0.749766 -2.44522
2.39951 -0.139515
0.763541 -5.16703
0.963361 -1.99085
2.48467 -0.926069
0.494069 -4.49234
1.11468 -3.62502
1.7398 -5.40222
0.770036 -1.85225
2.56847 -0.936181
0.233471 -3.60822
1.41003 -4.48823
0.760265 -3.82022
1.36268 -5.09841
0.827498 -2.97186
1.58878 -0.367558
1.55551 -1.7709
2.04546 -0.842488
1.52853 -3.8629
1.15656 -5.18289
0.892675 -2.81922
1.9676 -0.0406249
1.93067 -4.78383
0.609046 -2.50571
2.30592 0.0157745
1.24693 -5.82205
1.05626 -0.469661
1.90165 -2.00792
1.39051 -1.52146
2.13401 -1.19595
1.88196 -4.85531
0.631941 -2.52397
2.29396 0.00612043
1.33403 -5.8976
1.07697 -0.296638
1.81952 -2.04984
1.57021 -0.910968
1.79224 -1.23175
1.63342 -1.08997
1.8 -1.09647
1.5871 -1.22092
1.8894 -1.06687
1.44038 -1.65382
2.13038 -1.05646
1.89393 -4.86189
0.631388 -2.48667
2.336 -0.0102327
1.07055 -5.62889
1.00937 -0.90948
2.11441 -1.9556
1.93456 -5.04553
0.667562 -2.11063
2.57578 -0.320165
0.167243 -3.50119
1.37028 -4.24548
0.834114 -4.30283
1.09002 -4.40969
0.933822 -4.18084
1.06676 -4.57334
0.9406 -3.97275
1.19102 -4.9373
0.887834 -3.36894
1.51013 -4.34307
0.729018 -3.96401
1.25652 -4.87317
0.856608 -3.43255
1.66239 -4.85719
0.688087 -2.95789
1.48473 -0.55789
1.70878 -1.51524
1.82044 -0.850096
1.48971 -1.57668
2.07368 -1.03189
1.56938 -4.04742
0.859098 -4.59304
1.04563 -3.98976
1.1525 -4.93678
0.903475 -3.38401
1.54068 -4.44236
0.699627 -3.74259
1.44056 -5.1501
0.804454 -2.80507
1.95001 -0.00927015
1.90371 -4.7292
0.601722 -2.6457
2.10144 0.0754973
2.26903 -5.62113
1.0107 0.291486
1.66049 -2.65497
1.53946 -0.796447
1.7707 -1.31835
1.68777 -0.993709
1.70666 -1.15475
1.73694 -1.04949
1.66427 -1.14704
1.78572 -1.05328
1.59672 -1.22597
1.88186 -1.05541
1.44962 -1.61892
2.11555 -1.0639
1.79786 -4.6697
0.614804 -2.961
1.39768 -0.7969
1.86669 -1.45177
1.53102 -1.19365
1.92923 -1.14016
1.39374 -1.8788
2.20396 -0.958981
2.17341 -5.51468
0.879977 -0.354241
1.94274 -2.28561
1.31393 -2.82155
1.87018 -0.246057
1.46128 -3.31925
1.47449 -4.07068
0.902668 -4.64462
1.02189 -3.91216
1.24621 -5.09103
0.868358 -3.05075
1.42959 -0.77035
1.83608 -1.42683
1.58947 -1.07815
1.83852 -1.13057
1.53369 -1.31508
1.96642 -1.08866
1.35829 -2.33243
2.20222 -0.573865
2.18157 -5.66825
0.977226 0.0673309
1.73477 -2.40453
1.59135 -0.761946
1.71374 -1.32254
1.77392 -0.950723
1.58252 -1.30171
1.9188 -1.03643
1.397 -1.91731
2.20511 -0.925158
2.17556 -5.53216
0.890836 -0.302545
1.91588 -2.28795
1.3005 -2.34056
2.24741 -0.58309
1.99632 -5.93777
1.07202 0.245716
1.64113 -2.57547
1.66159 -0.585719
1.57847 -1.54347
1.98493 -0.933213
1.37009 -2.80308
1.84046 -0.284861
1.4237 -2.95097
1.54884 -0.650328
1.70186 -1.41947
1.81242 -0.898814
1.51387 -1.47827
2.02939 -1.04588
1.40937 -3.28618
1.33143 -3.40944
1.58478 -4.47305
0.677591 -3.62923
1.55564 -5.21382
0.775743 -2.55075
2.30752 -0.0953442
1.31704 -5.87265
1.06323 -0.375676
1.85882 -2.03189
1.48031 -1.14872
1.95208 -1.22127
1.37104 -2.01939
2.23134 -0.862053
2.12019 -5.74267
0.989312 0.0483018
1.73476 -2.37704
1.61065 -0.733957
1.68515 -1.34576
1.81771 -0.940022
1.51794 -1.44575
2.01737 -1.05482
1.38482 -3.08265
1.36583 -1.19916
2.04469 -1.36549
1.39653 -3.29048
1.32847 -3.39559
1.54091 -4.33547
0.714879 -3.94005
1.27548 -4.90109
0.849917 -3.37574
1.54966 -4.48775
0.693476 -3.65452
1.53348 -5.21653
0.782413 -2.57282
2.28554 -0.0862022
1.46228 -5.97867
1.09633 -0.108432
1.73606 -2.15045
1.72751 -0.645197
1.53505 -1.57945
2.03458 -0.970066
1.44255 -3.47922
1.83421 -5.17192
0.706767 -2.13796
2.5611 -0.353659
0.200846 -3.65385
1.36516 -4.33032
0.805846 -4.13487
1.14549 -4.64394
0.899214 -3.83167
1.35096 -5.17183
0.835441 -2.83019
1.91899 -0.0289618
1.76731 -4.44485
0.598929 -3.35836
1.59509 -4.74808
0.694969 -3.21211
1.27196 -3.28143
1.2579 -2.84058
1.8865 -0.213741
1.50312 -3.57199
1.80614 -5.53442
0.80335 -1.38397
2.43286 -1.75133
0.600573 -4.61702
1.08436 -3.58643
1.76602 -5.32558
0.749244 -1.97781
2.57766 -0.673966
0.199724 -3.53416
1.39891 -4.3836
0.776895 -4.00666
1.21517 -4.82772
0.873064 -3.5299
1.72191 -5.21146
0.734033 -2.29505
2.49561 -0.2295
0.362213 -4.26549
1.17335 -3.79036
1.45477 -5.39519
0.823964 -2.21764
2.51203 -0.43494
0.345198 -4.16962
1.21558 -3.9835
1.12295 -4.98437
0.913341 -3.2955
1.30809 -3.44079
1.65821 -4.69431
0.663774 -3.18508
1.24651 -3.08686
1.43981 -0.864732
1.86907 -1.37571
1.51966 -1.25084
1.9575 -1.132
1.36387 -2.17507
2.22988 -0.722832
2.11307 -5.78255
1.01293 0.133881
1.69681 -2.44703
1.64846 -0.648466
1.61548 -1.45089
1.92541 -0.935839
1.38167 -2.12693
2.21953 -0.7565
2.15188 -5.69733
0.977563 0.0357613
1.74481 -2.3761
1.58723 -0.77874
1.72422 -1.31041
1.75629 -0.960325
1.60949 -1.25548
1.8785 -1.03044
1.45012 -1.62917
2.11744 -1.05756
1.812 -4.69913
0.616092 -2.89135
1.57136 -0.340256
1.558 -1.79461
2.04517 -0.825918
1.53553 -3.88774
1.10486 -5.10382
0.911018 -3.00887
1.56196 -0.444695
1.60552 -1.63687
1.97304 -0.857404
1.37369 -2.78833
1.85596 -0.282148
1.4331 -3.08305
1.32781 -1.41719
2.14284 -1.3333
1.9245 -4.95123
0.646937 -2.28302
2.50333 -0.123036
0.312908 -4.13919
1.21259 -3.92574
1.20685 -5.12669
0.880805 -2.97696
1.61879 -0.329913
1.52044 -1.8793
2.09088 -0.817086
1.76662 -4.57059
0.609807 -3.16448
1.24212 -3.07587
1.46335 -0.791929
1.82345 -1.38227
1.60769 -1.06419
1.81646 -1.12458
1.56831 -1.24231
1.91352 -1.07722
1.40799 -1.81951
2.18528 -0.988267
2.15587 -5.36928
0.799836 -0.7689
2.16763 -2.25631
1.92447 -5.77971
0.935022 -0.405893
1.93542 -2.1941
1.30416 -2.37484
2.23347 -0.547426
2.0594 -5.88379
1.05857 0.254514
1.64552 -2.59069
1.63765 -0.618532
1.61352 -1.47628
1.93339 -0.926053
1.37516 -2.21928
2.21386 -0.674297
2.16139 -5.69475
0.98174 0.0628856
1.7339 -2.39669
1.59903 -0.749496
1.70189 -1.33192
1.79234 -0.944788
1.55515 -1.35602
1.95999 -1.04497
1.36164 -2.31685
2.20383 -0.58755
2.17907 -5.67136
0.97763 0.0661498
1.73494 -2.40311
1.59197 -0.761172
1.71289 -1.32307
1.77522 -0.950294
1.58059 -1.30522
1.92168 -1.037
1.39374 -1.94144
2.20958 -0.908759
2.17252 -5.5702
0.910817 -0.218465
1.8719 -2.29378
1.34499 -1.69912
2.20958 -1.14578
2.15451 -5.52926
0.877772 -0.389673
1.95859 -2.27774
1.33959 -3.10424
1.36182 -1.19666
2.04616 -1.37215
1.39991 -3.31613
1.38688 -3.71672
1.58361 -5.53683
0.82517 -1.71006
2.51974 -1.26232
0.356748 -4.01815
1.29727 -4.35475
0.833803 -4.14173
1.12947 -4.63569
0.907512 -3.85309
1.32399 -5.14092
0.843021 -2.91168
1.74741 -0.145003
1.434 -2.77768
1.79683 -0.339449
1.41486 -2.49502
2.07646 -0.410869
2.00368 -4.96741
0.645402 -2.04667
2.59632 -0.366979
0.138453 -3.31372
1.32156 -3.92118
1.18479 -5.1414
0.886911 -2.93922
1.71357 -0.196216
1.43732 -2.46402
2.06892 -0.429715
1.94992 -4.88104
0.628377 -2.32099
2.47818 -0.0784815
0.385775 -4.36369
1.13351 -3.5899
1.7781 -5.33761
0.750388 -1.92718
2.57917 -0.766022
0.203327 -3.51795
1.40553 -4.39792
0.771165 -3.97487
1.2359 -4.87377
0.86601 -3.44663
1.68095 -4.91966
0.692987 -2.83991
1.78478 -0.062349
1.47333 -3.27504
1.3806 -3.66268
1.70214 -5.54363
0.811871 -1.5439
2.48321 -1.52515
0.450056 -4.26047
1.21104 -4.1152
0.98739 -4.66746
0.981406 -3.87223
1.30019 -5.14932
0.851146 -2.90478
1.76914 -0.126253
1.44114 -2.96192
1.50878 -0.749289
1.77397 -1.36707
1.69231 -0.968136
1.6923 -1.17651
1.76169 -1.03321
1.6253 -1.19604
1.84377 -1.0461
1.50609 -1.42636
2.02189 -1.07926
1.38776 -3.12178
1.30797 -1.51561
2.18562 -1.30765
2.11935 -5.34676
0.776759 -0.955559
2.26648 -2.17623
1.34225 -5.69426
0.931061 -1.15608
2.26345 -1.9256
1.61138 -5.87309
0.97706 -0.537621
1.96973 -2.0988
1.31537 -2.7242
1.98915 -0.25419
1.76143 -4.47511
0.602739 -3.32107
1.54284 -4.55251
0.697378 -3.56225
1.62827 -5.21965
0.757027 -2.43727
2.40617 -0.151906
0.732654 -5.11153
0.96577 -2.12007
2.48 -0.737433
0.504866 -4.55149
1.09036 -3.47094
1.68914 -4.85035
0.67835 -2.92128
1.5666 -0.367541
1.57166 -1.74766
2.02559 -0.836836
1.46448 -3.56673
1.82869 -5.48229
0.785834 -1.47427
2.47603 -1.61737
0.459517 -4.26982
1.20887 -4.11947
0.984896 -4.65818
0.982911 -3.88677
1.28085 -5.12229
0.856973 -2.97156
1.61394 -0.331083
1.52431 -1.86879
2.08629 -0.819464
1.73899 -4.50606
0.613297 -3.31604
1.53165 -4.50789
0.701617 -3.64631
1.5448 -5.22671
0.780432 -2.53827
2.32085 -0.107494
1.23426 -5.79648
1.04184 -0.555989
1.9454 -2.00298
1.32247 -2.08818
2.26903 -0.831147
1.92439 -5.95461
1.06035 0.135415
1.67317 -2.42398
1.71764 -0.563688
1.51704 -1.68234
2.07101 -0.93987
1.59389 -4.11629
0.782136 -4.36863
1.10781 -4.31775
0.938665 -4.31011
1.0311 -4.3812
0.969545 -4.2492
1.02749 -4.46207
0.965009 -4.14041
1.06896 -4.63725
0.939878 -3.88573
1.28341 -5.10116
0.855669 -3.01519
1.50501 -0.555951
1.6939 -1.51018
1.84087 -0.855017
1.46451 -1.66393
2.11321 -1.01889
1.79966 -4.66834
0.614075 -2.95919
1.40109 -0.784936
1.85962 -1.45247
1.54533 -1.15912
1.90561 -1.13732
1.42637 -1.68614
2.14793 -1.05535
1.99779 -5.04818
0.665517 -1.9338
2.60871 -0.59515
0.142768 -3.22539
1.28478 -3.68664
1.67159 -5.51324
0.806347 -1.67492
2.52219 -1.30496
0.347 -3.9729
1.31517 -4.40703
0.81529 -4.03863
1.183 -4.78907
0.886484 -3.60767
1.66677 -5.33067
0.766834 -2.14384
2.54665 -0.445034
0.246267 -3.81961
1.33295 -4.31585
0.82608 -4.18744
1.11901 -4.56965
0.911841 -3.94699
1.22073 -4.97427
0.876421 -3.28959
1.31541 -3.49829
1.7862 -5.06725
0.693479 -2.42004
2.41336 -0.0981637
0.672786 -5.00953
0.975267 -2.32861
2.43012 -0.478136
0.710071 -5.02661
0.97087 -2.41674
2.39334 -0.379479
0.895538 -5.34914
0.958365 -1.65116
2.43005 -1.42148
0.710703 -4.90285
0.995364 -2.9426
1.75803 -0.183994
1.42887 -2.71737
1.87558 -0.312321
1.43727 -3.15716
1.25675 -2.10133
2.3161 -0.847174
1.58409 -5.9638
1.05079 -0.205842
1.79608 -2.12898
1.59728 -0.833509
1.73772 -1.26839
1.72649 -0.99236
1.65909 -1.18338
1.80318 -1.03455
1.56538 -1.29029
1.9312 -1.06035
1.38519 -1.99611
2.21929 -0.870569
2.15619 -5.65376
0.951952 -0.0636533
1.79224 -2.32651
1.50376 -0.991449
1.87621 -1.25213
1.49096 -1.38168
2.02107 -1.11879
1.37967 -3.06058
1.40603 -1.03315
1.95774 -1.36055
1.3666 -1.97302
2.23313 -0.906662
2.11548 -5.74269
0.98667 0.0326554
1.74122 -2.36538
1.60313 -0.751343
1.69902 -1.33038
1.79579 -0.945754
1.5506 -1.36502
1.96664 -1.04679
1.35893 -2.39222
2.1811 -0.516377
2.21429 -5.558
0.929807 -0.0864509
1.81193 -2.33715
1.4494 -1.16032
1.97775 -1.25898
1.34997 -2.28935
2.22114 -0.619069
2.13019 -5.77275
1.01601 0.163518
1.68709 -2.47999
1.64457 -0.643965
1.61733 -1.45267
1.92381 -0.933216
1.38283 -2.11641
2.21931 -0.765328
2.15307 -5.69209
0.974828 0.0261063
1.7494 -2.37035
1.58009 -0.794927
1.737 -1.30048
1.73547 -0.972314
1.64081 -1.21169
1.83228 -1.02837
1.51954 -1.39775
2.00273 -1.07322
1.36452 -2.83618
1.80044 -0.300203
1.41549 -2.62628
1.98152 -0.325888
1.6574 -4.21057
0.687858 -4.0284
1.23988 -4.76634
0.857198 -3.59779
1.6645 -5.31346
0.764177 -2.18577
2.53555 -0.386736
0.267451 -3.9176
1.30005 -4.23389
0.873777 -4.3731
1.05865 -4.30964
0.966186 -4.34275
1.01072 -4.32752
0.988495 -4.33384
0.99967 -4.3326
0.993708 -4.33047
0.997334 -4.3356
0.994514 -4.32701
0.997463 -4.34028
0.993716 -4.3203
0.999047 -4.35019
0.991378 -4.30569
1.00301 -4.37215
0.986295 -4.27343
1.01263 -4.42136
0.976025 -4.20194
1.03867 -4.53453
0.956408 -4.03867
1.13274 -4.81784
0.911339 -3.59277
1.69463 -5.32299
0.760125 -2.11509
2.55508 -0.474107
0.229261 -3.74052
1.35562 -4.35695
0.804012 -4.09308
1.16212 -4.70467
0.892948 -3.73917
1.48062 -5.29739
0.806242 -2.45083
2.39734 -0.191757
0.798194 -5.21856
0.961145 -1.89164
2.47791 -1.07542
0.521126 -4.535
1.10292 -3.58694
1.77125 -5.32777
0.749034 -1.96261
2.57861 -0.700224
0.199871 -3.52497
1.40084 -4.38457
0.775751 -4.0031
1.21758 -4.83272
0.872201 -3.52087
1.72352 -5.18927
0.729635 -2.33363
2.47489 -0.193026
0.429048 -4.45685
1.10672 -3.47396
1.69453 -4.86114
0.678564 -2.8971
1.62851 -0.254637
1.49124 -2.04705
2.12165 -0.729928
1.99577 -5.00074
0.653755 -2.01671
2.60081 -0.429333
0.13844 -3.28257
1.30969 -3.84693
1.32641 -5.32393
0.849324 -2.4582
2.39047 -0.228267
0.853521 -5.30297
0.961146 -1.71125
2.44423 -1.34022
0.652788 -4.79566
1.02355 -3.14948
1.31097 -1.31969
2.11999 -1.4
1.77436 -4.65553
0.619316 -3.02797
1.26912 -1.40196
2.17245 -1.41887
2.0768 -5.25654
0.732368 -1.29942
2.44429 -1.84552
0.522472 -4.40345
1.1617 -3.96482
1.15981 -5.02258
0.899066 -3.21333
1.21922 -2.40176
2.28432 -0.522817
1.73144 -6.02766
1.09248 0.0932264
1.66967 -2.35722
1.76823 -0.537992
1.46182 -1.89076
2.14781 -0.876112
2.05713 -5.12532
0.688859 -1.61973
2.57356 -1.26342
0.229261 -3.46222
1.4368 -4.47386
0.74781 -3.81468
1.36873 -5.09765
0.825283 -2.96859
1.59501 -0.355365
1.54649 -1.79845
2.05774 -0.837049
1.58253 -4.06219
0.834746 -4.53202
1.0629 -4.0829
1.06525 -4.74521
0.942538 -3.7323
1.50649 -5.33762
0.804195 -2.33004
2.47115 -0.288266
0.467952 -4.53805
1.0835 -3.36135
1.39389 -3.83901
1.30762 -5.33294
0.854563 -2.43195
2.4076 -0.255082
0.765857 -5.15576
0.961621 -2.05479
2.48585 -0.828626
0.485961 -4.48855
1.1138 -3.60673
1.7592 -5.37124
0.760414 -1.88868
2.57465 -0.853365
0.217183 -3.55688
1.4105 -4.44748
0.762659 -3.88536
1.30292 -5.0052
0.844691 -3.18573
1.21632 -2.25978
2.32658 -0.678012
1.4677 -5.92315
1.04558 -0.331268
1.84915 -2.07268
1.48923 -1.10896
1.93121 -1.22413
1.3973 -1.80862
2.19203 -1.0082
2.16319 -5.41457
0.823782 -0.635755
2.0941 -2.27795
2.02218 -5.30288
0.738806 -1.37871
2.47081 -1.73581
0.453421 -4.22709
1.2265 -4.19829
0.925935 -4.48167
1.02075 -4.15163
1.03931 -4.6145
0.955539 -3.93089
1.23019 -5.02334
0.873559 -3.1939
1.2181 -2.24746
2.32769 -0.69182
1.4628 -5.91891
1.0436 -0.345015
1.85578 -2.06949
1.47429 -1.15658
1.95919 -1.22644
1.36397 -2.09315
2.23628 -0.800071
2.09632 -5.79562
1.01286 0.116383
1.70189 -2.42758
1.65145 -0.650082
1.61329 -1.45175
1.92798 -0.937599
1.3797 -2.1481
2.21937 -0.738283
2.15105 -5.70392
0.981429 0.0502945
1.7381 -2.38551
1.59684 -0.757098
1.70695 -1.32585
1.78403 -0.948153
1.56777 -1.3294
1.94078 -1.04113
1.37472 -2.11551
2.22622 -0.771868
2.13196 -5.73816
0.993051 0.0757969
1.72411 -2.3998
1.62002 -0.710293
1.66696 -1.3694
1.84636 -0.935164
1.4762 -1.57653
2.08473 -1.05034
1.61909 -4.21176
0.711257 -4.09211
1.20516 -4.68687
0.869736 -3.73181
1.48495 -5.28901
0.804184 -2.46665
2.38544 -0.178196
0.860945 -5.32071
0.96338 -1.65505
2.42825 -1.41687
0.721656 -4.92497
0.98995 -2.89361
1.85771 -0.110577
1.52871 -3.66195
1.60235 -5.58744
0.836956 -1.5363
2.46604 -1.54939
0.511333 -4.42789
1.14916 -3.87085
1.30395 -5.23439
0.851959 -2.70199
2.14238 -0.0517238
2.21986 -5.71952
1.03914 0.342773
1.63986 -2.73538
1.49332 -0.891391
1.84399 -1.30618
1.55798 -1.18649
1.90425 -1.11196
1.42514 -1.70493
2.15261 -1.04526
2.02539 -5.09504
0.678187 -1.77256
2.60292 -0.935823
0.173655 -3.26376
1.33338 -3.93326
1.16012 -5.10757
0.89551 -3.01911
1.52611 -0.517734
1.66245 -1.54337
1.88881 -0.853438
1.40766 -1.96159
2.19932 -0.878862
2.18174 -5.50353
0.87855 -0.349538
1.94156 -2.28905
1.31318 -2.81208
1.88388 -0.24278
1.48075 -3.45324
1.83218 -5.14025
0.700292 -2.19889
2.54144 -0.271891
0.234665 -3.82382
1.32177 -4.26173
0.850853 -4.30224
1.08096 -4.40898
0.938894 -4.18654
1.06225 -4.56387
0.943084 -3.98772
1.17713 -4.90989
0.89322 -3.42251
1.63484 -4.74983
0.680337 -3.14782
1.2096 -2.53584
2.22353 -0.382739
2.04961 -5.91804
1.0803 0.325446
1.62458 -2.70974
1.55453 -0.741782
1.73601 -1.34715
1.74779 -0.94442
1.61547 -1.25638
1.87271 -1.02489
1.45757 -1.60121
2.1053 -1.06279
1.73407 -4.52428
0.616553 -3.29711
1.49507 -4.37469
0.730274 -3.92147
1.28308 -4.93519
0.848799 -3.3167
1.39746 -3.91977
1.15246 -5.12318
0.896901 -2.97806
1.62745 -0.32033
1.51117 -1.91325
2.10196 -0.804993
1.83866 -4.72407
0.614093 -2.80063
1.79557 -0.0284851
1.50222 -3.4665
1.86054 -5.24688
0.720719 -1.93508
2.59012 -0.699268
0.179049 -3.41032
1.38594 -4.24656
0.825764 -4.28851
1.09693 -4.42973
0.928207 -4.14889
1.0818 -4.62454
0.932857 -3.89625
1.27131 -5.07793
0.859414 -3.06825
1.38293 -0.929047
1.93005 -1.42471
1.40781 -1.65226
2.15467 -1.09974
2.02279 -5.09817
0.678912 -1.77489
2.60281 -0.932432
0.173641 -3.26544
1.33431 -3.93842
1.15135 -5.09366
0.898788 -3.05149
1.45043 -0.716019
1.79974 -1.43283
1.65858 -0.974059
1.73213 -1.16277
1.70553 -1.05758
1.70731 -1.11559
1.72392 -1.07566
1.68983 -1.11413
1.74509 -1.07183
1.66029 -1.13844
1.78743 -1.05923
1.59589 -1.22435
1.88214 -1.05691
1.44946 -1.61884
2.11565 -1.06415
1.79844 -4.67097
0.614857 -2.95805
1.40458 -0.773346
1.85264 -1.45316
1.5594 -1.12761
1.88272 -1.1354
1.46184 -1.53213
2.08524 -1.09225
1.60763 -4.18204
0.732483 -4.18122
1.16835 -4.5698
0.884867 -3.91351
1.25762 -5.02242
0.86313 -3.18286
1.21961 -2.14737
2.33885 -0.804513
1.3995 -5.86662
1.02302 -0.504839
1.93287 -2.04329
1.32878 -1.9737
2.26192 -0.936396
1.97882 -5.90681
1.04101 0.11056
1.6897 -2.40405
1.69558 -0.596501
1.55003 -1.58311
2.02124 -0.949034
1.41593 -3.3014
1.36945 -3.62424
1.77321 -5.5025
0.794051 -1.53503
2.49094 -1.52799
0.422608 -4.17603
1.24298 -4.22666
0.903986 -4.41656
1.03757 -4.24507
0.993946 -4.45177
0.984508 -4.16898
1.0474 -4.58761
0.951191 -3.96359
1.19743 -4.95858
0.885516 -3.32836
1.40286 -3.93283
1.12752 -5.08465
0.906256 -3.06766
1.41804 -0.819815
1.86404 -1.41882
1.53371 -1.19904
1.92888 -1.13479
1.39375 -1.88182
2.20428 -0.956609
2.17349 -5.51766
0.88165 -0.346556
1.93869 -2.28577
1.30926 -2.74458
1.97174 -0.244587
1.70365 -4.32632
0.632277 -3.69676
1.47892 -5.13631
0.790401 -2.79159
1.96741 -0.000698287
1.9809 -4.86122
0.621146 -2.26771
2.51092 -0.0986944
0.284541 -4.05251
1.24082 -4.01818
1.07218 -4.89745
0.93593 -3.47058
1.70488 -4.97116
0.695126 -2.72389
2.03072 0.0414296
2.23116 -5.23089
0.77437 -0.770697
2.18373 -2.28151
1.80847 -5.84104
0.953931 -0.444464
1.94191 -2.15655
1.30571 -2.37901
2.23078 -0.542914
2.07114 -5.87108
1.05489 0.252026
1.6477 -2.58739
1.63619 -0.622107
1.61629 -1.47089
1.92914 -0.925803
1.37814 -2.17853
2.2173 -0.710906
2.15489 -5.70148
0.982165 0.0574353
1.73543 -2.39134
1.59916 -0.750892
1.70236 -1.33077
1.79144 -0.945395
1.5566 -1.35273
1.95774 -1.04458
1.36278 -2.2918
2.2095 -0.611198
2.16686 -5.69749
0.987045 0.0898383
1.72278 -2.41813
1.60993 -0.7226
1.68114 -1.35568
1.82529 -0.936128
1.50614 -1.48036
2.03642 -1.05543
1.42398 -3.38903
1.62244 -4.56196
0.663446 -3.43189
1.65876 -4.99368
0.712433 -2.77112
1.95283 0.0253175
1.95967 -4.82112
0.613804 -2.3805
2.4314 -0.0369855
0.561684 -4.7958
1.00967 -2.76659
2.07254 -0.106496
2.22698 -5.2714
0.78966 -0.702153
2.14356 -2.2946
1.9948 -5.68643
0.898913 -0.497415
1.99283 -2.21816
1.41473 -3.58343
1.82009 -5.4658
0.78088 -1.53502
2.49869 -1.51884
0.39839 -4.09985
1.27176 -4.31619
0.856335 -4.22812
1.09262 -4.5109
0.926726 -4.04088
1.1409 -4.80813
0.907335 -3.60386
1.6808 -5.33372
0.764725 -2.1143
2.55403 -0.482757
0.232725 -3.75259
1.35316 -4.35576
0.805513 -4.09726
1.15972 -4.6987
0.893922 -3.74887
1.46637 -5.28716
0.809055 -2.48731
2.3692 -0.167922
0.954168 -5.459
0.974864 -1.33748
2.31291 -1.75767
1.3572 -5.74673
0.955014 -0.95606
2.16344 -2.00613
2.07337 -5.53717
0.846152 -0.657572
2.09111 -2.24317
1.99633 -5.22273
0.711922 -1.62201
2.56163 -1.29189
0.251462 -3.57065
1.43602 -4.56285
0.747256 -3.67923
1.52015 -5.24408
0.789464 -2.53096
2.3292 -0.120085
1.18608 -5.74669
1.02877 -0.672847
2.00205 -1.99227
1.34759 -3.08369
1.39108 -1.07639
1.98354 -1.36799
1.34385 -2.29308
2.22539 -0.61787
2.11346 -5.80106
1.02637 0.186072
1.67617 -2.50316
1.64992 -0.627965
1.60594 -1.47637
1.94158 -0.933759
1.3704 -2.28898
2.2035 -0.610431
2.18192 -5.65571
0.969285 0.036152
1.74889 -2.38387
1.57201 -0.807687
1.74906 -1.29454
1.71613 -0.984818
1.66953 -1.17968
1.79004 -1.03347
1.58463 -1.2556
1.90272 -1.05416
1.41958 -1.76438
2.16768 -1.01338
2.10101 -5.23045
0.728589 -1.27015
2.43491 -1.88337
0.547643 -4.46335
1.14012 -3.87668
1.29441 -5.21834
0.854357 -2.74429
2.0803 -0.0325033
2.2719 -5.38256
0.870414 -0.262753
1.9107 -2.32965
1.29833 -2.40157
2.22821 -0.52135
2.07696 -5.86745
1.0552 0.258782
1.64622 -2.59772
1.62926 -0.630388
1.62594 -1.45621
1.9151 -0.923477
1.38979 -2.05469
2.21598 -0.815554
2.16337 -5.64842
0.952906 -0.0514329
1.78737 -2.33362
1.51127 -0.968624
1.86175 -1.25368
1.51717 -1.30513
1.97692 -1.11401
1.35413 -2.42962
2.16989 -0.48243
2.22298 -5.50571
0.904951 -0.17987
1.85996 -2.31841
1.35559 -1.61407
2.18224 -1.18921
2.12067 -5.3166
0.765188 -1.01783
2.30195 -2.13839
1.12723 -5.47702
0.915684 -1.7348
2.47534 -1.28854
0.514984 -4.48335
1.12495 -3.7253
1.57595 -5.44358
0.805457 -1.98588
2.55608 -0.751212
0.252029 -3.75259
1.36797 -4.42893
0.785786 -3.95705
1.24298 -4.90668
0.8646 -3.39063
1.57752 -4.57471
0.68327 -3.48034
1.6688 -5.11243
0.729403 -2.56652
2.27922 -0.0479496
1.47657 -5.99117
1.10293 -0.0695021
1.71847 -2.17823
1.75438 -0.61192
1.49621 -1.70659
2.09403 -0.953061
1.71164 -4.45565
0.621833 -3.44894
1.65021 -5.03729
0.722242 -2.7192
2.05728 0.0293295
2.27103 -5.33542
0.845516 -0.372853
1.96897 -2.32688
1.39907 -3.52038
1.84348 -5.26652
0.726881 -1.93562
2.58787 -0.709472
0.183651 -3.43265
1.39209 -4.28543
0.806645 -4.20145
1.12538 -4.54983
0.908217 -3.96909
1.20151 -4.93255
0.883381 -3.37227
1.5216 -4.38371
0.715475 -3.87221
1.32238 -4.99722
0.836422 -3.18474
1.21563 -2.28199
2.32246 -0.653206
1.4924 -5.93962
1.05197 -0.279892
1.82505 -2.08812
1.54262 -0.961288
1.83471 -1.22665
1.56037 -1.21386
1.91131 -1.09791
1.41337 -1.77608
2.17447 -1.01279
2.12452 -5.28271
0.753371 -1.07737
2.33618 -2.09375
0.941485 -5.22501
0.931015 -2.35321
2.43443 -0.408361
0.669488 -4.95929
0.981031 -2.54408
2.31054 -0.265336
1.40628 -5.92373
1.06801 -0.278724
1.81666 -2.06948
1.57023 -0.905053
1.78988 -1.23509
1.63804 -1.08264
1.79267 -1.09857
1.59896 -1.20047
1.8715 -1.06495
1.46706 -1.54512
2.08444 -1.07865
1.60776 -4.1806
0.733138 -4.18448
1.1672 -4.56547
0.885432 -3.92007
1.25106 -5.01109
0.865351 -3.20734
1.21808 -2.45613
2.26175 -0.465387
1.86222 -6.02024
1.09937 0.229523
1.632 -2.54789
1.7059 -0.534539
1.5183 -1.70156
2.07305 -0.927566
1.60962 -4.16506
0.740268 -4.21942
1.15535 -4.51892
0.891899 -3.99052
1.18816 -4.88875
0.887991 -3.45238
1.6859 -4.9261
0.692622 -2.82222
1.82558 -0.0290993
1.54066 -3.6847
1.53481 -5.56494
0.840911 -1.66021
2.49937 -1.35901
0.415 -4.18838
1.23535 -4.17877
0.933223 -4.51989
1.01472 -4.09732
1.07248 -4.71465
0.938905 -3.7751
1.43741 -5.28463
0.816806 -2.51595
2.34539 -0.154351
1.09911 -5.64661
1.005 -0.908579
2.11628 -1.96157
1.94841 -5.07392
0.673355 -2.02739
2.59427 -0.450803
0.150436 -3.34937
1.34477 -4.04297
1.00307 -4.8092
0.967796 -3.6349
1.6693 -5.37592
0.77497 -2.03498
2.56372 -0.621186
0.224349 -3.67188
1.37972 -4.41006
0.782288 -3.97812
1.2302 -4.87287
0.868549 -3.45194
1.68739 -4.94292
0.695134 -2.79576
1.88691 0.00728405
1.71234 -4.29412
0.632757 -3.74375
1.43679 -5.09402
0.800675 -2.91349
1.70933 -0.174843
1.43795 -2.5048
2.04461 -0.399664
1.85815 -4.70817
0.606615 -2.77935
1.83732 0.00663843
1.59243 -3.89928
1.02706 -4.99094
0.942729 -3.25399
1.23595 -2.78569
1.97629 -0.201551
1.7687 -4.48283
0.600522 -3.29411
1.4953 -4.38155
0.728972 -3.9084
1.29253 -4.95339
0.845918 -3.2803
1.31337 -3.49668
1.78285 -5.05687
0.692131 -2.44352
2.39356 -0.0844034
0.771114 -5.18729
0.964058 -1.92632
2.4801 -1.02462
0.51325 -4.52392
1.10576 -3.59426
1.76719 -5.34468
0.753344 -1.93335
2.57794 -0.75987
0.205304 -3.53064
1.4051 -4.40568
0.770207 -3.96168
1.2446 -4.89338
0.863179 -3.41039
1.62111 -4.7163
0.680591 -3.2149
1.28471 -3.3774
1.45799 -4.05323
0.931086 -4.70808
1.00446 -3.8081
1.39793 -5.27751
0.827264 -2.55849
2.3069 -0.132534
1.34699 -5.89319
1.06686 -0.333321
1.83952 -2.04502
1.52288 -1.02306
1.87399 -1.21822
1.48981 -1.39927
2.02714 -1.1131
1.39111 -3.16547
1.26282 -1.93545
2.30501 -1.01722
1.68147 -5.97399
1.0479 -0.133104
1.76944 -2.17815
1.64003 -0.745506
1.66248 -1.34378
1.84531 -0.950153
1.48122 -1.55129
2.07467 -1.05614
1.56566 -4.03812
0.87143 -4.62467
1.03708 -3.93975
1.21022 -5.04006
0.880964 -3.16765
1.23318 -1.88977
2.31892 -1.08003
1.56961 -5.93668
1.03115 -0.308718
1.84705 -2.10065
1.4835 -1.11809
1.93868 -1.22813
1.38737 -1.87548
2.20858 -0.968148
2.16988 -5.54707
0.896002 -0.286911
1.90685 -2.28654
1.30449 -2.18572
2.27586 -0.741475
1.86233 -5.99015
1.074 0.132884
1.66727 -2.41493
1.73644 -0.546728
1.49362 -1.76342
2.10512 -0.922579
1.79252 -4.64146
0.611716 -3.01112
1.2914 -1.26115
2.11021 -1.45086
1.71182 -4.51398
0.624278 -3.35451
1.58944 -4.71136
0.692169 -3.2701
1.3933 -3.94838
1.1077 -5.04624
0.914673 -3.15531
1.25875 -1.63124
2.24873 -1.28813
2.02592 -5.81417
0.991892 -0.0408314
1.76375 -2.3009
1.58956 -0.796809
1.72962 -1.29656
1.74521 -0.970657
1.62759 -1.22698
1.85113 -1.02939
1.49094 -1.48
2.04875 -1.07644
1.45449 -3.57118
1.82617 -5.48045
0.785286 -1.48449
2.4798 -1.6015
0.449002 -4.24171
1.21924 -4.15486
0.955281 -4.57691
1.0006 -4.01213
1.14142 -4.87872
0.908158 -3.49016
1.72322 -5.07634
0.709256 -2.5291
2.31494 -0.0533627
1.23726 -5.80524
1.04742 -0.523729
1.92891 -2.004
1.34253 -1.85123
2.23907 -1.03204
2.09341 -5.75875
0.985631 0.00475521
1.75109 -2.3427
1.59429 -0.775016
1.71656 -1.31202
1.76743 -0.957181
1.59343 -1.28057
1.90199 -1.0343
1.41783 -1.78495
2.17239 -1.00141
2.12022 -5.26989
0.747363 -1.12018
2.35902 -2.05518
0.833585 -5.05036
0.961165 -2.75436
2.08821 -0.0870033
2.26127 -5.36774
0.855479 -0.342767
1.95114 -2.32265
1.34177 -3.13719
1.31122 -1.46858
2.16926 -1.32954
2.06503 -5.21382
0.7164 -1.42536
2.50146 -1.64863
0.372199 -3.97754
1.32074 -4.46709
0.806264 -3.93788
1.25138 -4.94535
0.862841 -3.32233
1.40235 -3.93699
1.121 -5.07339
0.908882 -3.09347
1.36299 -1.02492
1.98 -1.4234
1.34401 -2.22109
2.23991 -0.688785
2.06311 -5.85848
1.04129 0.19291
1.66729 -2.50621
1.66695 -0.60126
1.57943 -1.53002
1.98109 -0.938427
1.36724 -2.74332
1.91791 -0.272255
1.52135 -3.68859
1.54766 -5.56508
0.838743 -1.65145
2.49837 -1.37167
0.417156 -4.19239
1.23408 -4.17613
0.935386 -4.52605
1.01326 -4.08828
1.07889 -4.73174
0.935877 -3.74728
1.48039 -5.31749
0.80848 -2.4026
2.43002 -0.231036
0.638713 -4.92442
0.986682 -2.56173
2.29564 -0.253219
1.50616 -5.98617
1.08882 -0.105362
1.73865 -2.15956
1.71831 -0.651276
1.54683 -1.54993
2.01724 -0.969183
1.40267 -3.207
1.24896 -2.43693
2.24995 -0.487957
1.94689 -5.98252
1.09008 0.26839
1.62883 -2.61157
1.6523 -0.587523
1.58777 -1.52941
1.97241 -0.929034
1.36508 -2.64875
2.01661 -0.304668
1.82485 -4.62567
0.600063 -2.96569
1.37174 -0.886354
1.91905 -1.4532
1.4278 -1.54122
2.1131 -1.13475
1.76058 -4.59492
0.614877 -3.1409
1.21624 -2.76344
2.0159 -0.201065
1.93725 -4.82356
0.616901 -2.43443
2.38434 -0.0193347
0.789546 -5.22683
0.96556 -1.81464
2.46387 -1.19327
0.576591 -4.64894
1.06671 -3.40553
1.52503 -4.34702
0.720508 -3.93778
1.27518 -4.90701
0.850438 -3.36688
1.52736 -4.4127
0.708753 -3.81205
1.37361 -5.07419
0.821912 -3.00817
1.49348 -0.57476
1.71006 -1.49802
1.81573 -0.858567
1.49821 -1.54527
2.05925 -1.03588
1.5044 -3.79877
1.3105 -5.37409
0.856539 -2.3078
2.47209 -0.374266
0.48383 -4.56198
1.07827 -3.34508
1.3536 -3.64582
1.74037 -5.51889
0.801155 -1.55069
2.49159 -1.50779
0.423333 -4.18265
1.24015 -4.21457
0.91123 -4.44254
1.03145 -4.20829
1.00963 -4.51426
0.973033 -4.07904
1.09951 -4.74579
0.92593 -3.71741
1.52481 -5.3403
0.800025 -2.30581
2.48332 -0.305976
0.423762 -4.42151
1.12222 -3.57095
1.78338 -5.28683
0.73844 -2.02516
2.57671 -0.575021
0.193215 -3.53793
1.3916 -4.35696
0.785944 -4.06203
1.18359 -4.7474
0.884105 -3.66602
1.58732 -5.34259
0.785646 -2.22963
2.51669 -0.366676
0.31935 -4.10284
1.23644 -4.04553
1.04272 -4.82957
0.950726 -3.59799
1.70658 -5.33651
0.76066 -2.06443
2.56438 -0.550544
0.216315 -3.65858
1.37773 -4.38999
0.786398 -4.01478
1.2071 -4.81826
0.876372 -3.54929
1.71485 -5.25259
0.743043 -2.22768
2.52469 -0.30664
0.28529 -4.00271
1.26812 -4.13512
0.948865 -4.60666
1.00266 -3.97029
1.18106 -4.96382
0.89207 -3.32506
1.39003 -3.87466
1.23846 -5.24612
0.870051 -2.67092
2.18773 -0.0833389
2.06805 -5.94439
1.1107 0.45089
1.60877 -2.97819
1.28431 -1.89043
2.28518 -1.04658
1.82895 -5.96715
1.04932 0.00477479
1.71911 -2.28834
1.7014 -0.627474
1.55559 -1.54976
2.00888 -0.958158
1.39107 -3.09859
1.33727 -1.34212
2.11223 -1.35365
1.7222 -4.52878
0.621376 -3.31245
1.52268 -4.47257
0.706531 -3.71518
1.47016 -5.183
0.797915 -2.71077
2.11085 -0.0140395
2.26973 -5.57012
0.978088 0.170321
1.70398 -2.50951
1.58122 -0.749834
1.71743 -1.33353
1.77145 -0.945288
1.58418 -1.30184
1.91727 -1.0346
1.39861 -1.90677
2.20289 -0.931961
2.17611 -5.51377
0.880972 -0.346133
1.93888 -2.28683
1.30963 -2.75215
1.96266 -0.242582
1.67299 -4.23967
0.668137 -3.93422
1.29348 -4.88539
0.840754 -3.38483
1.57586 -4.57687
0.684122 -3.47953
1.66925 -5.11092
0.729033 -2.5683
2.27705 -0.0465954
1.49038 -5.99913
1.10573 -0.047127
1.70906 -2.19678
1.7666 -0.5959
1.47914 -1.77611
2.11987 -0.932725
1.87767 -4.81637
0.624492 -2.58779
2.20699 0.0412083
1.87162 -6.07676
1.15106 0.423958
1.59514 -2.9491
1.32144 -1.55973
2.18999 -1.26481
2.13146 -5.37796
0.794018 -0.840368
2.20351 -2.22895
1.73945 -5.85883
0.961215 -0.483387
1.95465 -2.13545
1.30768 -2.54602
2.14719 -0.380727
2.23329 -5.43644
0.873326 -0.303056
1.92536 -2.31146
1.30186 -2.59383
2.1188 -0.33862
2.2078 -5.30369
0.794296 -0.711125
2.14485 -2.28595
1.99636 -5.68556
0.898907 -0.495453
1.992 -2.2187
1.41174 -3.56797
1.83503 -5.42767
0.769084 -1.59677
2.52342 -1.40479
0.336745 -3.90892
1.34138 -4.48198
0.79488 -3.89667
1.28751 -5.00516
0.850816 -3.19641
1.21632 -2.37301
2.29663 -0.553361
1.65377 -6.01306
1.08336 -0.00772009
1.70644 -2.251
1.7481 -0.592131
1.49639 -1.72038
2.09614 -0.944826
1.7279 -4.495
0.616829 -3.35458
1.59009 -4.71797
0.692783 -3.26019
1.37012 -3.8436
1.31021 -5.32746
0.853624 -2.44813
2.39706 -0.240662
0.820131 -5.24827
0.959848 -1.83988
2.4713 -1.15289
0.545899 -4.58285
1.08796 -3.51927
1.76098 -5.10665
0.70631 -2.40659
2.42541 -0.118749
0.621162 -4.90612
0.989527 -2.56207
2.2948 -0.254864
1.51325 -5.98969
1.08993 -0.0949575
1.73424 -2.16705
1.72499 -0.642079
1.5366 -1.57816
2.03288 -0.968691
1.43832 -3.45386
1.79545 -5.04122
0.686472 -2.44214
2.39375 -0.0797439
0.767886 -5.18243
0.964251 -1.93565
2.48083 -1.01056
0.51035 -4.51903
1.10717 -3.59942
1.7636 -5.35581
0.756323 -1.91539
2.57686 -0.797506
0.209747 -3.5395
1.40755 -4.42213
0.766784 -3.93088
1.26671 -4.93865
0.856008 -3.32306
1.40891 -3.96694
1.07071 -4.98622
0.930551 -3.28448
1.27944 -3.2369
1.24102 -2.30806
2.29948 -0.624689
1.65862 -6.00719
1.07774 -0.0267427
1.7158 -2.23692
1.73473 -0.609173
1.51534 -1.65323
2.06735 -0.957892
1.56857 -4.03318
0.874241 -4.63438
1.03488 -3.92392
1.23014 -5.07245
0.873857 -3.0949
1.33712 -1.12651
2.03419 -1.43053
1.36919 -3.08818
1.36852 -1.17995
2.03603 -1.3679
1.37646 -3.13186
1.30144 -1.55418
2.20096 -1.29267
2.14146 -5.46605
0.838701 -0.594664
2.06758 -2.27181
1.90879 -5.03464
0.667428 -2.19367
2.54679 -0.225262
0.214328 -3.75478
1.33647 -4.27644
0.837768 -4.26243
1.09519 -4.46466
0.926898 -4.10163
1.10448 -4.70256
0.92254 -3.77701
1.43093 -5.27097
0.81746 -2.55323
2.31104 -0.128231
1.31537 -5.86776
1.05981 -0.393716
1.86801 -2.02937
1.45913 -1.21985
1.99217 -1.22475
1.34743 -2.51425
2.13236 -0.406261
2.20771 -5.32766
0.804984 -0.658463
2.115 -2.29311
2.04916 -5.49061
0.816274 -0.855603
2.19711 -2.20007
1.81254 -5.84935
0.959917 -0.410412
1.9246 -2.15844
1.31452 -2.09872
2.27472 -0.825098
1.88624 -5.97278
1.06493 0.118798
1.67562 -2.40131
1.72798 -0.560175
1.50592 -1.71551
2.08672 -0.935448
1.67835 -4.36654
0.640111 -3.66671
1.50853 -5.16474
0.783924 -2.70435
2.11473 -0.00851617
2.26414 -5.59953
0.992526 0.218543
1.68458 -2.55981
1.58079 -0.734711
1.7115 -1.34541
1.78252 -0.937809
1.56667 -1.33694
1.944 -1.03922
1.37194 -2.15099
2.22569 -0.740656
2.13083 -5.74699
0.998432 0.0958222
1.71523 -2.41567
1.62941 -0.689244
1.64973 -1.39373
1.87301 -0.933656
1.43966 -1.72723
2.14534 -1.01294
1.99607 -5.03954
0.663366 -1.953
2.60756 -0.556179
0.140973 -3.23367
1.28797 -3.70891
1.62607 -5.51354
0.812592 -1.73347
2.53127 -1.2089
0.325633 -3.91852
1.33247 -4.43492
0.803048 -3.97859
1.22318 -4.87947
0.872054 -3.44644
1.67993 -4.91253
0.692054 -2.85168
1.75577 -0.0899285
1.44744 -2.99975
1.43882 -0.949569
1.90418 -1.34506
1.45037 -1.48769
2.08218 -1.12946
1.58049 -4.09951
0.804441 -4.43375
1.08832 -4.22687
0.975562 -4.46903
0.99391 -4.15315
1.05025 -4.61385
0.949688 -3.92676
1.23542 -5.02865
0.87167 -3.18147
1.22177 -2.09604
2.33968 -0.862009
1.40061 -5.86204
1.01904 -0.524657
1.94326 -2.04337
1.3181 -2.13126
2.27043 -0.790725
1.90871 -5.96697
1.06589 0.142716
1.66848 -2.43085
1.72277 -0.555642
1.50944 -1.70899
2.08245 -0.934691
1.65524 -4.30251
0.661769 -3.83275
1.36201 -5.01475
0.821893 -3.12203
1.25902 -1.57756
2.23365 -1.32626
2.08386 -5.71925
0.954551 -0.135285
1.81733 -2.28009
1.46991 -1.1076
1.94442 -1.24955
1.38096 -1.91287
2.21744 -0.944488
2.15887 -5.61922
0.932067 -0.143888
1.83213 -2.30233
1.4223 -1.27519
2.03616 -1.25719
1.38736 -3.18633
1.25197 -2.13253
2.3181 -0.814831
1.56363 -5.95878
1.0505 -0.224939
1.80376 -2.11846
1.58288 -0.864514
1.76287 -1.25273
1.68502 -1.02642
1.72133 -1.13001
1.71028 -1.07292
1.70644 -1.10699
1.72229 -1.08116
1.69372 -1.10875
1.73863 -1.07601
1.6704 -1.12761
1.77241 -1.06346
1.6192 -1.18835
1.84755 -1.05422
1.50205 -1.43429
2.02738 -1.08136
1.39755 -3.20752
1.24844 -2.41578
2.25924 -0.509905
1.89784 -6.00328
1.09305 0.236488
1.63345 -2.55931
1.69265 -0.547428
1.53514 -1.65135
2.04859 -0.933321
1.50063 -3.76289
1.39456 -5.45592
0.846249 -2.05601
2.53579 -0.695297
0.301477 -3.96161
1.29944 -4.28065
0.854328 -4.2784
1.08316 -4.44121
0.934995 -4.14043
1.08232 -4.63809
0.932783 -3.87766
1.29347 -5.11208
0.852462 -2.98779
1.57015 -0.410818
1.58585 -1.68794
2.00254 -0.852774
1.40694 -3.1948
1.24905 -2.32441
2.28968 -0.606728
1.72509 -6.01879
1.08471 0.057175
1.68447 -2.31862
1.75967 -0.558722
1.47526 -1.81883
2.12877 -0.909903
1.94129 -4.93061
0.640515 -2.27103
2.50994 -0.122339
0.292664 -4.07375
1.23491 -4.00272
1.09288 -4.93663
0.92631 -3.39333
1.55266 -4.47552
0.692361 -3.6705
1.51587 -5.20659
0.786407 -2.61368
2.23979 -0.0622991
1.75365 -6.07766
1.13801 0.283203
1.60611 -2.64585
1.66343 -0.558
1.56614 -1.58414
2.00567 -0.928477
1.39282 -3.1014
1.33208 -1.37135
2.1252 -1.34842
1.80896 -4.7252
0.621603 -2.86218
1.65233 -0.20049
1.46504 -2.23167
2.12449 -0.605203
2.08316 -5.12571
0.692109 -1.53418
2.55024 -1.43292
0.270838 -3.61683
1.43537 -4.60616
0.749439 -3.61803
1.59357 -5.26724
0.772876 -2.39047
2.43925 -0.201328
0.584075 -4.81732
1.00681 -2.78061
2.05251 -0.0986741
2.1812 -5.18326
0.734679 -1.07009
2.34493 -2.10641
0.879763 -5.12363
0.946475 -2.59609
2.27181 -0.194829
1.63662 -6.04496
1.11419 0.101362
1.65679 -2.35888
1.7932 -0.518708
1.43636 -2.04035
2.17538 -0.787292
2.17607 -5.36802
0.808113 -0.693784
2.12896 -2.27685
2.04081 -5.57156
0.852109 -0.674125
2.0951 -2.2305
2.00401 -5.23964
0.717332 -1.56549
2.54443 -1.40528
0.284521 -3.69109
1.4153 -4.59732
0.758546 -3.65306
1.55552 -5.26636
0.782556 -2.44166
2.4039 -0.17468
0.754469 -5.14671
0.96348 -2.0486
2.4851 -0.839448
0.489612 -4.49597
1.11148 -3.59668
1.76709 -5.35053
0.754684 -1.92044
2.57752 -0.785537
0.20773 -3.53356
1.40687 -4.41488
0.768048 -3.944
1.2571 -4.91931
0.859094 -3.36087
1.50665 -4.33892
0.731769 -3.9764
1.24845 -4.85643
0.859233 -3.46355
1.70012 -5.003
0.702123 -2.68539
2.10229 0.0317795
2.27484 -5.57327
0.984221 0.199402
1.69335 -2.5401
1.57884 -0.745087
1.71747 -1.33764
1.77237 -0.943007
1.5822 -1.30637
1.9205 -1.03476
1.39486 -1.93427
2.20816 -0.913538
2.17382 -5.55824
0.904638 -0.243778
1.8851 -2.29142
1.32545 -1.87104
2.25403 -1.03093
2.0246 -5.85245
1.01876 0.0671084
1.71396 -2.37187
1.66275 -0.651053
1.60284 -1.46206
1.94155 -0.943585
1.37061 -2.27233
2.20731 -0.626233
2.17424 -5.6737
0.976028 0.0544146
1.73951 -2.39382
1.58764 -0.772548
1.72132 -1.31498
1.7615 -0.956747
1.60133 -1.26892
1.89073 -1.03179
1.43284 -1.70726
2.14706 -1.03407
1.99905 -5.04754
0.665351 -1.93122
2.60897 -0.599535
0.142788 -3.22313
1.28349 -3.67846
1.6875 -5.51032
0.803664 -1.65989
2.52012 -1.32836
0.351546 -3.98347
1.31181 -4.40177
0.817764 -4.05006
1.17603 -4.77192
0.889084 -3.63674
1.63093 -5.34564
0.776716 -2.16375
2.53908 -0.434037
0.264466 -3.89358
1.31008 -4.26576
0.854891 -4.30146
1.07887 -4.40958
0.939991 -4.18676
1.06164 -4.5634
0.943424 -3.98866
1.17623 -4.90822
0.893574 -3.42575
1.64106 -4.7699
0.681152 -3.1108
1.2118 -2.06582
2.34633 -0.897985
1.35179 -5.82183
1.00695 -0.637603
1.99769 -2.03164
1.34734 -3.09432
1.37333 -1.14923
2.02177 -1.3708
1.35363 -2.88096
1.74409 -0.335604
1.43731 -2.23491
2.15264 -0.621372
2.1735 -5.30334
0.778796 -0.848508
2.21646 -2.23864
1.63833 -5.8491
0.958022 -0.611245
2.01105 -2.10673
1.41952 -3.58818
1.81379 -5.4798
0.785364 -1.51272
2.48902 -1.55764
0.42457 -4.1758
1.24354 -4.2324
0.901031 -4.40466
1.04028 -4.26179
0.987604 -4.42402
0.989957 -4.20874
1.02948 -4.52126
0.961782 -4.06072
1.1155 -4.77804
0.918736 -3.66187
1.60837 -5.36204
0.784239 -2.15605
2.53922 -0.45585
0.266941 -3.89699
1.3101 -4.26946
0.853402 -4.29399
1.08092 -4.41996
0.937894 -4.17113
1.06838 -4.58833
0.93976 -3.95195
1.21087 -4.97637
0.880388 -3.29031
1.31471 -3.49276
1.7773 -5.03791
0.68961 -2.48469
2.35523 -0.0606729
0.981908 -5.50971
0.986268 -1.19094
2.2471 -1.85464
1.78976 -5.89259
0.987609 -0.301818
1.86594 -2.15942
1.41445 -1.35442
2.06763 -1.23827
1.48852 -3.76623
1.3985 -5.45551
0.845294 -2.05699
2.53608 -0.692434
0.300438 -3.95858
1.30037 -4.28262
0.853155 -4.27395
1.08462 -4.44745
0.933767 -4.13106
1.0871 -4.65355
0.930517 -3.85408
1.32323 -5.15307
0.843714 -2.88601
1.80637 -0.0922508
1.47583 -3.32285
1.50844 -4.18968
0.78948 -4.3008
1.11427 -4.41297
0.920178 -4.16312
1.0799 -4.60224
0.933599 -3.92715
1.23705 -5.02056
0.870932 -3.19631
1.21752 -2.2891
2.31965 -0.645381
1.51171 -5.95063
1.05591 -0.245205
1.80915 -2.10115
1.57663 -0.882306
1.77537 -1.24476
1.66359 -1.04961
1.75373 -1.11228
1.66048 -1.11711
1.78019 -1.0715
1.61015 -1.19681
1.85937 -1.05715
1.48427 -1.48846
2.05633 -1.08182
1.47932 -3.69549
1.57243 -5.56228
0.83389 -1.64162
2.49856 -1.38412
0.415151 -4.18351
1.23766 -4.1899
0.925663 -4.49524
1.02011 -4.1331
1.04925 -4.64809
0.950342 -3.88006
1.29009 -5.1174
0.85375 -2.97815
1.59511 -0.363553
1.54938 -1.78516
2.0534 -0.84145
1.56124 -3.98788
0.93216 -4.77552
0.997299 -3.68327
1.60815 -5.39853
0.790725 -2.06635
2.5546 -0.59658
0.243242 -3.76227
1.35714 -4.38437
0.797726 -4.04272
1.1879 -4.77883
0.883586 -3.61906
1.65156 -5.33675
0.770946 -2.15374
2.54312 -0.438259
0.2544 -3.85372
1.32257 -4.29407
0.838214 -4.23694
1.10027 -4.49986
0.922723 -4.05112
1.13549 -4.78926
0.909421 -3.63517
1.64238 -5.35416
0.775906 -2.12724
2.54822 -0.482381
0.246859 -3.81112
1.33742 -4.33097
0.819544 -4.1555
1.13188 -4.6151
0.905645 -3.87879
1.2931 -5.09488
0.852115 -3.02341
1.48198 -0.613605
1.73473 -1.47353
1.77447 -0.875405
1.55778 -1.38812
1.9667 -1.02814
1.3594 -2.41988
2.16938 -0.490149
2.22247 -5.4969
0.899612 -0.203302
1.87183 -2.31481
1.33665 -1.75603
2.22713 -1.11341
2.12851 -5.66468
0.942975 -0.133394
1.82256 -2.29485
1.44897 -1.17484
1.98327 -1.2546
1.34766 -2.36574
2.20072 -0.545363
2.18207 -5.67537
0.982246 0.0876808
1.72586 -2.41973
1.60147 -0.737798
1.69492 -1.34166
1.804 -0.940167
1.5374 -1.39728
1.98739 -1.04994
1.35836 -2.65218
2.02026 -0.301523
1.84488 -4.66651
0.601934 -2.86564
1.62037 -0.246289
1.49415 -2.04643
2.11866 -0.727598
1.98121 -4.97595
0.648227 -2.09625
2.58295 -0.303566
0.152467 -3.42726
1.35768 -4.14647
0.899722 -4.53837
1.03113 -4.07653
1.08072 -4.7558
0.935142 -3.71044
1.53925 -5.3515
0.798089 -2.26353
2.50167 -0.346559
0.365149 -4.2493
1.18371 -3.84996
1.33992 -5.29124
0.844067 -2.5463
2.3196 -0.155419
1.27407 -5.82872
1.04742 -0.491428
1.91519 -2.01335
1.36284 -1.68666
2.1945 -1.13357
2.15102 -5.41457
0.818317 -0.682072
2.11782 -2.26908
2.05169 -5.48033
0.812432 -0.872963
2.20726 -2.19514
1.75156 -5.86161
0.963484 -0.458755
1.94309 -2.13919
1.30671 -2.3518
2.23911 -0.57029
2.0376 -5.90322
1.06295 0.25021
1.64437 -2.58348
1.64708 -0.605571
1.5997 -1.50077
1.9537 -0.929119
1.36547 -2.42732
2.16057 -0.481525
2.22232 -5.44533
0.871184 -0.327531
1.93646 -2.30618
1.31057 -2.78106
1.92678 -0.238421
1.56858 -3.88459
1.07681 -5.07026
0.921216 -3.08176
1.39615 -0.900511
1.91063 -1.4165
1.44252 -1.4914
2.08899 -1.13872
1.61438 -4.20919
0.715288 -4.10581
1.19865 -4.66918
0.872184 -3.76019
1.44473 -5.25823
0.812442 -2.57248
2.2911 -0.110518
1.44157 -5.96326
1.08976 -0.15297
1.75618 -2.12241
1.69352 -0.690575
1.58721 -1.45322
1.95552 -0.964713
1.36421 -2.38833
2.17784 -0.518357
2.21697 -5.53431
0.917542 -0.134264
1.83603 -2.32505
1.40101 -1.36116
2.07869 -1.25486
1.53599 -3.96072
0.989723 -4.88916
0.965304 -3.47115
1.7031 -4.94853
0.691573 -2.75982
1.95896 0.0343634
1.99421 -4.8758
0.623726 -2.21041
2.54128 -0.142333
0.213203 -3.7759
1.32589 -4.24186
0.857609 -4.34097
1.07154 -4.35552
0.950802 -4.26825
1.03274 -4.43805
0.963468 -4.17024
1.05663 -4.58753
0.946166 -3.95911
1.20271 -4.96525
0.883482 -3.31406
1.36772 -3.7739
1.46221 -5.46724
0.83314 -2.00379
2.54426 -0.761483
0.282704 -3.87403
1.33169 -4.36699
0.813872 -4.09427
1.15715 -4.70423
0.895499 -3.7431
1.47543 -5.29483
0.80737 -2.46142
2.38946 -0.185076
0.840546 -5.28795
0.961972 -1.73177
2.44869 -1.31167
0.635103 -4.76197
1.03308 -3.21149
1.23631 -1.9862
2.32712 -0.978121
1.50713 -5.91723
1.02947 -0.37347
1.87451 -2.07681
1.42733 -1.32597
2.04975 -1.23094
1.42561 -3.44511
1.76689 -4.96261
0.677435 -2.61895
2.19077 0.0194933
1.98066 -6.02772
1.14024 0.476913
1.60316 -3.06514
1.26592 -2.58013
2.15645 -0.348137
2.23693 -5.52128
0.923478 -0.084791
1.8146 -2.34546
1.43801 -1.19961
1.99946 -1.26143
1.34621 -2.58845
2.08414 -0.344248
2.09405 -5.0978
0.685391 -1.54868
2.55806 -1.39685
0.256356 -3.55684
1.44366 -4.58086
0.744251 -3.64444
1.56087 -5.25927
0.780209 -2.45025
2.39738 -0.166357
0.787028 -5.20327
0.961923 -1.91793
2.48041 -1.03592
0.511645 -4.51799
1.10804 -3.60742
1.75676 -5.37167
0.760812 -1.8924
2.5746 -0.847123
0.216959 -3.55804
1.41 -4.44641
0.762999 -3.88763
1.30098 -5.00198
0.845292 -3.19269
1.21592 -2.34769
2.30509 -0.580798
1.60094 -5.99513
1.07473 -0.0874732
1.73904 -2.18653
1.70632 -0.655138
1.5607 -1.52061
1.99749 -0.965503
1.37538 -2.92111
1.65549 -0.444976
1.53149 -1.74447
2.06675 -0.886615
1.5987 -4.12396
0.773313 -4.34099
1.11627 -4.3556
0.926774 -4.2471
1.05054 -4.47404
0.951463 -4.1131
1.0883 -4.68403
0.930462 -3.81139
1.38167 -5.22498
0.828629 -2.6931
2.14814 -0.0419694
2.20018 -5.76521
1.05708 0.387262
1.62813 -2.81876
1.41754 -1.11711
1.98266 -1.31777
1.34593 -2.31027
2.21921 -0.600157
2.1339 -5.76982
1.01618 0.167994
1.68582 -2.48533
1.6431 -0.644577
1.61895 -1.45073
1.92159 -0.932555
1.38468 -2.09727
2.21887 -0.781404
2.15514 -5.68247
0.969781 0.00806549
1.75803 -2.36028
1.56592 -0.827858
1.7624 -1.28406
1.69323 -1.00515
1.7043 -1.14846
1.73802 -1.05284
1.66389 -1.14553
1.78567 -1.05423
1.59707 -1.22495
1.8812 -1.05555
1.45064 -1.61457
2.11378 -1.06492
1.7863 -4.64464
0.614043 -3.01928
1.27925 -1.33426
2.14328 -1.43759
1.93055 -4.97475
0.651625 -2.23224
2.53036 -0.166338
0.244684 -3.8929
1.29555 -4.18476
0.902685 -4.482
1.0333 -4.15601
1.03172 -4.60551
0.959616 -3.94653
1.213 -4.9948
0.879786 -3.25529
1.25353 -3.0375
1.53592 -0.611469
1.69518 -1.45491
1.82885 -0.88203
1.48703 -1.56783
2.07386 -1.03999
1.56733 -4.04152
0.866622 -4.61262
1.04037 -3.95892
1.18714 -5.00068
0.88963 -3.25286
1.24721 -2.96629
1.68024 -0.359991
1.48489 -1.95735
2.12946 -0.802806
1.99717 -5.01312
0.656781 -1.9929
2.60416 -0.474109
0.13812 -3.25729
1.2978 -3.77402
1.4835 -5.45875
0.827093 -2.01867
2.54598 -0.728339
0.275924 -3.85676
1.33582 -4.3703
0.811122 -4.08513
1.16229 -4.7175
0.893448 -3.7216
1.50734 -5.31528
0.801245 -2.38351
2.44222 -0.238463
0.58187 -4.80691
1.00944 -2.81527
1.99971 -0.0901848
1.99778 -4.90495
0.630484 -2.15787
2.5639 -0.200735
0.17365 -3.57927
1.36125 -4.25995
0.832186 -4.27872
1.09516 -4.44272
0.928218 -4.13179
1.08923 -4.65237
0.929368 -3.85454
1.3226 -5.15157
0.843867 -2.88958
1.79851 -0.0984721
1.46628 -3.24598
1.31584 -3.28075
1.26909 -2.94811
1.70083 -0.343482
1.46599 -2.05332
2.14683 -0.749188
2.10449 -5.18772
0.715099 -1.34355
2.47245 -1.77537
0.439177 -4.17439
1.24697 -4.27259
0.882735 -4.32397
1.06 -4.37472
0.954356 -4.24552
1.0364 -4.47093
0.959561 -4.12431
1.07915 -4.66485
0.934884 -3.84267
1.33852 -5.17566
0.83961 -2.82865
1.92445 -0.0288353
1.78592 -4.48898
0.594738 -3.2491
1.40596 -4.03482
0.982119 -4.79893
0.976691 -3.65156
1.64938 -5.38699
0.78072 -2.03842
2.56139 -0.624977
0.229914 -3.6957
1.37499 -4.40911
0.784792 -3.98407
1.22565 -4.86462
0.870186 -3.46762
1.70388 -5.0117
0.70264 -2.66551
2.13449 0.0243012
2.21246 -5.75655
1.0599 0.409781
1.62584 -2.86315
1.37035 -1.30982
2.08111 -1.31932
1.53992 -3.98471
0.95414 -4.81387
0.985376 -3.61504
1.70256 -5.36362
0.766833 -2.00952
2.56904 -0.649732
0.215243 -3.61987
1.39037 -4.41392
0.776418 -3.96156
1.24276 -4.89603
0.86414 -3.40754
1.61495 -4.69595
0.680201 -3.25224
1.36073 -3.80328
1.39996 -5.41516
0.839369 -2.18137
2.51773 -0.502636
0.336354 -4.12646
1.23367 -4.05624
1.03245 -4.80353
0.956126 -3.6448
1.65013 -5.37655
0.778571 -2.06263
2.55907 -0.58292
0.231396 -3.71565
1.368 -4.39404
0.790609 -4.01638
1.20464 -4.81704
0.877482 -3.55276
1.71325 -5.2591
0.744568 -2.21745
2.52835 -0.319984
0.277092 -3.97035
1.27955 -4.16954
0.919586 -4.5234
1.02177 -4.09523
1.07122 -4.71893
0.939563 -3.76937
1.44649 -5.29279
0.81504 -2.48963
2.3675 -0.171785
0.966741 -5.47597
0.976706 -1.3001
2.29706 -1.78661
1.46115 -5.81751
0.968513 -0.747388
2.06487 -2.05728
1.68705 -4.51674
0.634257 -3.39456
1.63206 -4.87783
0.701658 -2.97964
1.44569 -0.670097
1.78308 -1.46238
1.69254 -0.92725
1.67728 -1.20995
1.79012 -1.01479
1.57908 -1.27456
1.9138 -1.05181
1.40473 -1.85462
2.19246 -0.9659
2.16925 -5.42765
0.832937 -0.581462
2.06503 -2.28316
1.90534 -5.02899
0.666531 -2.21124
2.53942 -0.207014
0.228989 -3.82033
1.31874 -4.24304
0.860516 -4.34291
1.06967 -4.3525
0.952286 -4.27354
1.03076 -4.42998
0.965149 -4.18211
1.05118 -4.56801
0.949167 -3.98794
1.17548 -4.91139
0.893944 -3.42068
1.63091 -4.73688
0.679861 -3.17156
1.22529 -2.84158
1.90537 -0.194228
1.55469 -3.81371
1.22524 -5.28906
0.873509 -2.54127
2.32455 -0.183788
1.25763 -5.81057
1.04095 -0.539841
1.93895 -2.00857
1.32831 -2.00099
2.26376 -0.91132
1.96617 -5.91934
1.04608 0.118472
1.68491 -2.41043
1.70169 -0.586876
1.54059 -1.60945
2.03554 -0.947957
1.45232 -3.52892
1.85697 -5.37046
0.752206 -1.68084
2.55283 -1.2336
0.270915 -3.68474
1.40954 -4.56132
0.76 -3.7107
1.48518 -5.22907
0.797904 -2.60022
2.25833 -0.0799663
1.64452 -6.05931
1.12652 0.15497
1.63647 -2.43043
1.78841 -0.495603
1.43558 -2.06721
2.1752 -0.765819
2.1804 -5.3765
0.814027 -0.657346
2.10927 -2.28271
2.04846 -5.43296
0.791395 -0.999202
2.27718 -2.13649
1.30515 -5.66594
0.928739 -1.23129
2.29646 -1.87366
1.39907 -5.76788
0.954608 -0.907591
2.14241 -2.02529
2.0658 -5.38889
0.778072 -1.04588
2.30647 -2.10957
1.12226 -5.47403
0.916385 -1.73738
2.47553 -1.28498
0.514623 -4.48304
1.125 -3.72505
1.57645 -5.44375
0.805395 -1.98488
2.55614 -0.752812
0.251989 -3.75193
1.36823 -4.42957
0.785582 -3.95574
1.24394 -4.90862
0.864279 -3.38691
1.56892 -4.5468
0.68556 -3.53469
1.64475 -5.19217
0.748564 -2.46427
2.38392 -0.126365
0.845384 -5.30296
0.964274 -1.67872
2.43415 -1.38539
0.696748 -4.87993
1.00099 -2.98335
1.6692 -0.289293
1.47401 -2.07628
2.13749 -0.723652
2.07669 -5.13458
0.693857 -1.53918
2.55063 -1.42572
0.270313 -3.6168
1.43502 -4.6046
0.749514 -3.62062
1.59064 -5.26724
0.773613 -2.39444
2.43667 -0.199197
0.595609 -4.84178
1.00173 -2.72823
2.12399 -0.12481
2.26253 -5.52803
0.946256 0.0383614
1.75994 -2.40709
1.52869 -0.901106
1.8218 -1.26832
1.59118 -1.13782
1.85791 -1.1007
1.4956 -1.43231
2.03202 -1.09109
1.40539 -3.27173
1.30325 -3.21456
1.24705 -2.1142
2.32231 -0.83609
1.53387 -5.94363
1.04441 -0.278763
1.82833 -2.09785
1.5307 -0.987475
1.85429 -1.22566
1.52577 -1.29411
1.96647 -1.10719
1.35807 -2.30926
2.20906 -0.596351
2.1663 -5.70276
0.990214 0.101656
1.71758 -2.42758
1.61515 -0.71024
1.67135 -1.36804
1.84061 -0.933734
1.48391 -1.55068
2.07235 -1.05276
1.55569 -4.00224
0.919343 -4.7416
1.00572 -3.74419
1.50653 -5.36509
0.807732 -2.26079
2.50091 -0.362595
0.370761 -4.26245
1.17966 -3.83605
1.36596 -5.31775
0.838688 -2.46826
2.38383 -0.210082
0.88509 -5.35368
0.964059 -1.58993
2.40878 -1.50008
0.810359 -5.07876
0.958104 -2.56903
2.29444 -0.226498
1.49773 -5.9844
1.08976 -0.108108
1.7392 -2.15652
1.71829 -0.652304
1.54721 -1.54843
2.01655 -0.969409
1.40134 -3.19605
1.24881 -2.30828
2.29408 -0.624096
1.69868 -6.01436
1.08137 0.0216392
1.69757 -2.28209
1.75155 -0.578403
1.48879 -1.75524
2.1083 -0.933636
1.80651 -4.67294
0.612968 -2.9387
1.44864 -0.634837
1.76597 -1.48115
1.72484 -0.89453
1.62723 -1.27131
1.86494 -1.00842
1.46573 -1.57757
2.09335 -1.06409
1.66223 -4.33901
0.651535 -3.74775
1.43349 -5.10575
0.802917 -2.89561
1.75382 -0.125934
1.43794 -2.87272
1.65717 -0.471048
1.53939 -1.70487
2.05334 -0.89912
1.53338 -3.8927
1.09832 -5.09197
0.913693 -3.03675
1.49602 -0.595775
1.71735 -1.48018
1.80195 -0.86773
1.51908 -1.48116
2.02571 -1.03757
1.40338 -3.2381
1.26292 -2.80038
1.9392 -0.212062
1.62728 -4.09072
0.776122 -4.38018
1.10914 -4.3002
0.942158 -4.33782
1.02484 -4.3417
0.978426 -4.30801
1.00962 -4.37281
0.982521 -4.26988
1.01547 -4.4277
0.973938 -4.19212
1.04322 -4.55067
0.953679 -4.01499
1.15164 -4.86151
0.903512 -3.51453
1.73174 -5.16212
0.722909 -2.36752
2.45399 -0.161084
0.505063 -4.64916
1.04744 -3.10821
1.39934 -0.931401
1.92131 -1.4021
1.42255 -1.5865
2.12842 -1.11803
1.86341 -4.81046
0.625946 -2.62842
2.14671 0.0569065
2.15577 -5.86252
1.09853 0.489917
1.6156 -3.05783
1.26925 -2.64757
2.10079 -0.29078
2.18817 -5.24496
0.760926 -0.916159
2.25841 -2.21323
1.36111 -5.70603
0.931389 -1.12624
2.25049 -1.94443
1.6923 -5.88719
0.980855 -0.434069
1.92395 -2.12238
1.32255 -2.00304
2.26812 -0.913399
1.93956 -5.93658
1.05065 0.11147
1.68471 -2.39977
1.70944 -0.58124
1.53101 -1.63481
2.04944 -0.947273
1.49832 -3.75544
1.41399 -5.47178
0.844462 -2.0035
2.5396 -0.777589
0.296448 -3.9219
1.31635 -4.33492
0.829017 -4.16378
1.12451 -4.60347
0.909366 -3.8989
1.27015 -5.06086
0.85944 -3.10283
1.31238 -1.24484
2.09241 -1.42708
1.59795 -4.19518
0.732051 -4.16507
1.1728 -4.59184
0.882899 -3.88121
1.2917 -5.07798
0.8521 -3.05801
1.40022 -0.863469
1.89297 -1.42405
1.47679 -1.36067
2.02555 -1.14704
1.38257 -3.10182
1.33836 -1.33203
2.10813 -1.35628
1.69538 -4.46206
0.628776 -3.46797
1.65126 -5.07731
0.728475 -2.654
2.16511 0.00255369
2.11574 -5.90596
1.10693 0.481453
1.61238 -3.04521
1.26464 -2.49384
2.21108 -0.430657
2.12393 -5.8186
1.0453 0.267892
1.64899 -2.61312
1.60793 -0.663599
1.65857 -1.41049
1.86647 -0.919806
1.44553 -1.70766
2.13706 -1.01767
1.94727 -4.95466
0.645473 -2.21963
2.53654 -0.167577
0.229196 -3.8328
1.31287 -4.22355
0.872799 -4.38782
1.05758 -4.28983
0.971302 -4.37394
1.00388 -4.28275
1.00115 -4.40231
0.984138 -4.23267
1.02464 -4.48432
0.965616 -4.11208
1.083 -4.68616
0.93323 -3.81106
1.38252 -5.22733
0.828512 -2.68719
2.1564 -0.0453113
2.17521 -5.81089
1.07278 0.418311
1.62082 -2.88549
1.3536 -1.3891
2.11792 -1.31049
1.76192 -4.61769
0.61753 -3.10564
1.20291 -2.31213
2.3234 -0.618644
1.47447 -5.93276
1.05155 -0.297307
1.83232 -2.08033
1.52768 -1.00027
1.86157 -1.22301
1.51245 -1.33053
1.98862 -1.11019
1.35398 -2.58863
2.07669 -0.344166
2.06292 -5.04976
0.668263 -1.73472
2.60348 -0.995001
0.175734 -3.2472
1.32537 -3.88609
1.24559 -5.23065
0.868181 -2.7146
2.1288 -0.0546516
2.25 -5.63254
1.00299 0.241997
1.67413 -2.58641
1.5791 -0.729609
1.7108 -1.34971
1.7845 -0.935403
1.56319 -1.34487
1.94949 -1.03996
1.36783 -2.20759
2.22209 -0.689533
2.13744 -5.74469
1.0008 0.1121
1.70916 -2.43093
1.63226 -0.679674
1.6432 -1.40503
1.88337 -0.933003
1.42626 -1.79557
2.16727 -0.984123
2.10631 -5.23575
0.73162 -1.24076
2.42088 -1.92153
0.592607 -4.56987
1.10232 -3.70373
1.61046 -5.44269
0.798856 -1.9488
2.55948 -0.805237
0.247293 -3.71539
1.38052 -4.45354
0.777073 -3.90496
1.28405 -4.98314
0.851125 -3.23694
1.2402 -2.91008
1.78662 -0.251806
1.42056 -2.68129
1.92408 -0.309108
1.50828 -3.63684
1.67984 -5.59101
0.829206 -1.43664
2.43663 -1.68688
0.603866 -4.63506
1.07755 -3.54022
1.77208 -5.19143
0.720568 -2.23527
2.52448 -0.265555
0.278783 -3.9904
1.27017 -4.13445
0.948511 -4.60753
1.0028 -3.96906
1.18231 -4.96638
0.891579 -3.31987
1.3771 -3.81579
1.36537 -5.38831
0.844589 -2.26723
2.49051 -0.403912
0.416134 -4.38224
1.13894 -3.66577
1.68837 -5.45088
0.788276 -1.81832
2.55674 -1.02557
0.261809 -3.71029
1.39299 -4.50882
0.768029 -3.80593
1.3771 -5.12348
0.824 -2.91223
1.73162 -0.156002
1.43362 -2.66241
1.92651 -0.319286
1.50637 -3.63072
1.69475 -5.58936
0.827373 -1.42096
2.43202 -1.70726
0.618865 -4.66652
1.06721 -3.48546
1.71735 -4.94971
0.687793 -2.73223
2.00983 0.043487
2.17871 -5.14396
0.719717 -1.15714
2.39304 -2.01948
0.676361 -4.74665
1.04347 -3.39328
1.49735 -4.25773
0.762437 -4.15671
1.16007 -4.60854
0.89023 -3.86832
1.30586 -5.10443
0.847938 -2.99732
1.54278 -0.466394
1.62867 -1.60178
1.94051 -0.851828
1.37077 -2.4239
2.15715 -0.483152
2.21987 -5.42233
0.85761 -0.391879
1.97032 -2.30467
1.38822 -3.45447
1.75223 -4.93411
0.675631 -2.68875
2.07974 0.0466759
2.2889 -5.46529
0.929251 0.00308084
1.78054 -2.39685
1.48591 -1.02235
1.90104 -1.26048
1.44824 -1.53123
2.09537 -1.11153
1.65842 -4.33442
0.654185 -3.76333
1.41964 -5.09132
0.806543 -2.93542
1.66094 -0.241462
1.46827 -2.16038
2.13427 -0.661239
2.09415 -5.15379
0.702354 -1.44465
2.5166 -1.60449
0.336546 -3.85324
1.367 -4.56138
0.780938 -3.75491
1.43541 -5.19851
0.810216 -2.71175
2.11434 -0.0209163
2.26631 -5.58298
0.983572 0.187229
1.69679 -2.52587
1.58362 -0.739734
1.71119 -1.34102
1.7819 -0.940172
1.56825 -1.33272
1.94131 -1.03917
1.37416 -2.12364
2.22613 -0.764709
2.13165 -5.74031
0.994338 0.0805515
1.72198 -2.40344
1.62243 -0.704961
1.66257 -1.37528
1.85317 -0.934586
1.46662 -1.61207
2.10055 -1.04476
1.71169 -4.46708
0.622086 -3.42995
1.64774 -4.99162
0.715444 -2.79253
1.9112 0.0110231
1.79229 -4.49508
0.593026 -3.22629
1.3591 -3.82516
1.3536 -5.37037
0.84579 -2.32162
2.46838 -0.347012
0.493462 -4.59
1.06893 -3.28413
1.24783 -2.85723
1.86815 -0.213613
1.47611 -3.40706
1.7423 -4.87804
0.667734 -2.78641
1.88232 0.0141686
1.70759 -4.27909
0.638192 -3.78383
1.40307 -5.0556
0.809497 -3.01452
1.46681 -0.641958
1.75718 -1.46342
1.73691 -0.895088
1.61253 -1.28834
1.88528 -1.0127
1.43731 -1.69567
2.14131 -1.03553
1.9663 -4.99053
0.652475 -2.1142
2.57694 -0.288492
0.161093 -3.48115
1.3657 -4.21374
0.852364 -4.37591
1.07007 -4.30862
0.960394 -4.33993
1.01436 -4.33329
0.985534 -4.32416
1.00288 -4.34738
0.989661 -4.30824
1.00345 -4.36897
0.986434 -4.27768
1.01157 -4.41496
0.977144 -4.21108
1.03499 -4.51972
0.958741 -4.06011
1.11697 -4.77872
0.918048 -3.66015
1.61063 -5.36179
0.783723 -2.15365
2.53995 -0.458283
0.265284 -3.89005
1.31242 -4.27522
0.850033 -4.28097
1.08504 -4.43814
0.934165 -4.14366


