0.438305 2.97786
-0.941294 -1.82562
0.197751 2.93609
-0.404647 -1.49109
-0.138066 2.95307
0.321084 -0.928429
-1.46978 1.2976
-0.371664 -0.000870494
-1.48824 0.353653
-1.0826 0.494406
-1.31501 0.414722
-1.18212 0.542709
-1.28341 0.364499
-1.17266 0.618341
-1.29269 0.21103
-1.08454 0.774973
-1.21182 -0.224939
-0.806765 1.18796
1.06847 1.60972
-0.0211979 -0.581873
-1.4166 1.21951
-0.544759 -0.155696
-1.25206 1.20516
-0.37184 -0.0519517
-1.48178 0.56115
-1.14652 0.279165
-1.18517 0.772292
-1.23304 -0.103456
-0.89087 1.07873
0.275758 0.625381
1.6741 1.03629
-0.994589 -1.13926
-0.173392 2.20349
1.10366 -0.284614
0.873565 0.928726
0.931659 0.373577
1.23272 0.852187
0.559529 0.237864
1.5443 1.24136
-0.612173 -0.950919
-0.418139 2.19977
1.47294 -0.22064
-0.115652 -0.240357
-1.52291 0.229309
-1.01452 0.571245
-1.3404 0.1685
-1.04328 0.778547
-1.18404 -0.288069
-0.764892 1.25881
1.39701 1.95451
-1.0464 -1.3522
-0.0413114 2.35548
0.732238 -0.468367
0.54296 0.709386
1.4227 0.658413
0.269866 0.0348565
1.11256 1.41766
0.160035 -0.340863
-1.18198 -0.628684
-0.514731 1.5367
1.92365 1.06915
-1.88814 0.193253
-0.753573 0.318557
-1.41015 0.414941
-1.14091 0.489494
-1.28834 0.451037
-1.20855 0.506139
-1.26314 0.434014
-1.21297 0.537191
-1.26908 0.381065
-1.18677 0.604415
-1.28798 0.246893
-1.10743 0.743445
-1.25061 -0.128053
-0.869516 1.08341
0.391806 0.769843
1.52957 0.678098
-0.118501 -0.383034
-1.48864 0.874824
-1.08302 -0.116949
-0.923198 1.18954
0.629722 1.08455
1.04766 0.292186
1.13326 0.86481
0.695446 0.321513
1.45772 1.01254
-0.0950526 -0.426189
-1.47848 0.947554
-1.02919 -0.195286
-0.879289 1.28421
1.13617 1.70606
-0.238307 -0.794458
-0.884241 1.86237
1.97982 1.57954
-1.93128 1.25839
-0.223807 0.30279
-0.0551249 0.127774
0.0277846 0.203956
0.858854 1.20409
0.687081 0.0985998
1.45729 1.26699
-0.34701 -0.730324
-0.837213 1.84483
1.98495 1.43795
-1.92684 1.17221
-0.343287 0.196996
-1.17969 -0.521398
-0.592501 1.44915
1.89869 1.62223
-1.94338 0.456155
-0.705312 0.187175
-1.38835 0.691462
-1.20102 0.130331
-1.06529 0.9074
-0.951066 -0.40704
-0.730739 1.50875
1.84417 1.9394
-1.96397 0.40378
-0.671474 0.220737
-1.42152 0.526148
-1.17065 0.352489
-1.21604 0.671219
-1.27233 0.127583
-1.03923 0.864133
-1.01779 -0.40466
-0.711185 1.4712
1.8279 1.95594
-1.95755 0.281117
-0.673767 0.274787
-1.42998 0.35743
-1.10898 0.535849
-1.31203 0.344727
-1.15104 0.626425
-1.29888 0.179611
-1.06338 0.799566
-1.1665 -0.299396
-0.759528 1.28146
1.46172 2.00843
-1.26186 -1.3672
-0.0415049 2.08439
1.00139 -0.254828
1.03129 1.09149
0.613822 0.142004
1.50048 1.29575
-0.514948 -0.884046
-0.53608 2.10455
1.69506 -0.0499635
-1.13597 -1.02215
-0.245029 1.93647
1.43744 -0.0916071
0.1821 0.084574
1.00797 1.33629
0.382036 -0.143397
0.8606 1.13781
0.751887 0.169504
1.43119 1.13972
-0.136912 -0.498947
-1.36048 1.27914
-0.307914 0.0328214
-1.44339 -0.0890705
-0.861682 0.879138
-0.521501 -0.256137
-1.17363 1.34228
0.359937 0.780697
1.55302 0.689975
-0.223635 -0.495337
-1.25407 1.4217
0.436161 0.894391
1.40824 0.515128
0.379985 0.183905
1.52515 1.5341
-0.865144 -1.175
-0.167458 2.36009
0.950353 -0.389683
0.864449 0.992277
0.885121 0.31538
1.29822 0.921899
0.383621 0.0660471
1.38163 1.55606
-0.488065 -0.929383
-0.513371 2.15903
1.62973 -0.13254
-0.844606 -0.917334
-0.351755 2.08612
1.46786 -0.162149
-0.0203549 -0.140185
-1.14901 -0.606753
-0.53253 1.54899
1.92831 1.1008
-1.89663 0.265452
-0.757995 0.276355
-1.39762 0.547064
-1.18704 0.336255
-1.19982 0.689144
-1.27274 0.0809941
-1.00857 0.903265
-0.860562 -0.413511
-0.76298 1.55006
1.85142 1.94983
-1.96884 0.490437
-0.660021 0.188745
-1.41613 0.596388
-1.18598 0.26297
-1.15767 0.778741
-1.22656 -0.144387
-0.862731 1.11497
0.562945 0.988415
1.20265 0.391416
0.88358 0.669742
1.12094 0.60559
0.898413 0.572707
1.16767 0.687669
0.781478 0.465418
1.33578 0.817952
0.389118 0.107324
1.44603 1.55956
-0.658004 -1.05678
-0.312349 2.32965
1.21381 -0.325522
0.618886 0.65201
1.38558 0.687183
0.357768 0.11664
1.4311 1.57662
-0.638883 -1.04808
-0.327409 2.32255
1.24299 -0.318598
0.560479 0.580952
1.47581 0.792272
0.0180409 -0.260294
-1.38391 -0.386689
-0.676429 1.14415
1.35267 1.88692
-0.860693 -1.27099
-0.107815 2.46922
0.739615 -0.510485
0.393611 0.532106
1.62085 1.01535
-0.730342 -0.997569
-0.328143 2.23365
1.31696 -0.266311
0.426885 0.409035
1.61535 1.16552
-0.826175 -1.08252
-0.237592 2.28478
1.13431 -0.316177
0.785272 0.842427
1.09172 0.472357
1.00927 0.700771
0.968949 0.543405
1.11259 0.69393
0.85179 0.500065
1.25342 0.764337
0.591654 0.299935
1.53124 1.1248
-0.450191 -0.792733
-0.673994 1.96799
1.91358 0.463446
-1.83338 0.0456558
-0.766038 0.428126
-1.39378 0.0923302
-0.982468 0.79574
-1.09191 -0.393089
-0.702129 1.41312
1.77638 2.02256
-1.92976 -0.0512021
-0.632561 0.451376
-1.25096 -0.373618
-0.693486 1.26705
1.57672 2.05584
-1.58321 -1.15078
-0.199127 1.47447
1.71119 0.369298
-1.01263 -1.0537
-0.227725 2.09902
1.27894 -0.205931
0.603997 0.599204
1.42842 0.748817
0.198582 -0.0610861
0.476753 0.719914
1.47857 0.680667
0.0754178 -0.175926
-0.858415 -0.608847
-0.5941 1.7453
1.92968 0.771852
-1.86718 0.169558
-0.77146 0.338398
-1.40678 0.393977
-1.13408 0.51443
-1.29782 0.401283
-1.18371 0.567093
-1.28658 0.31884
-1.14805 0.669087
-1.2907 0.0834826
-1.00499 0.887805
-0.898699 -0.421096
-0.739204 1.54419
1.86765 1.892
-1.96654 0.548234
-0.657705 0.166292
-1.4076 0.656443
-1.19359 0.180515
-1.10183 0.863241
-1.08979 -0.350276
-0.736177 1.3787
1.68283 2.09264
-1.82821 -0.6088
-0.463651 0.841963
1.17068 1.64855
-0.211984 -0.745665
-0.972359 1.78103
1.86518 2.08487
-1.98463 0.856347
-0.513981 0.147778
-1.46167 0.308947
-1.07477 0.55718
-1.326 0.271369
-1.10719 0.694661
-1.28491 -0.017264
-0.939239 0.971868
-0.412093 -0.14835
-1.39201 0.989666
-1.00138 -0.269314
-0.828199 1.3618
1.47537 2.04271
-1.3342 -1.35464
-0.0561892 1.97253
1.12989 -0.172026
0.943414 0.95052
0.840631 0.331204
1.33443 0.925873
0.305185 -0.00615369
1.08603 1.3842
0.233628 -0.269175
-0.468352 -0.365513
-1.11237 1.45773
0.973442 1.56051
0.156031 -0.428975
-1.44177 -0.312751
-0.721418 1.03163
0.82475 1.29597
0.627397 0.0105764
1.42821 1.39572
-0.409949 -0.819002
-0.682268 1.98648
1.91289 0.444255
-1.83243 0.0474894
-0.767516 0.427567
-1.39426 0.0981669
-0.98581 0.790823
-1.10658 -0.383159
-0.706845 1.39429
1.74756 2.05085
-1.90573 -0.230809
-0.589917 0.562488
-0.769397 -0.46498
-0.764146 1.62214
1.90775 1.79112
-1.96277 0.788173
-0.593169 0.111536
-1.42125 0.671834
-1.18617 0.155787
-1.08816 0.891428
-1.0194 -0.388334
-0.724022 1.45588
1.79812 2.0112
-1.94765 0.113563
-0.657637 0.359303
-1.40219 0.00754472
-0.929075 0.851204
-0.839878 -0.426724
-0.761245 1.56886
1.86951 1.90643
-1.96885 0.590239
-0.646366 0.155076
-1.40917 0.664361
-1.19262 0.168697
-1.09435 0.875437
-1.05952 -0.370373
-0.727603 1.41572
1.74629 2.06374
-1.90927 -0.216781
-0.592236 0.553045
-0.818665 -0.486128
-0.71849 1.63331
1.93735 1.58944
-1.94842 0.824253
-0.602351 0.0911154
-1.40401 0.750898
-1.18224 0.03959
-1.00819 0.999367
-0.527102 -0.234315
-1.19057 1.31454
0.19799 0.577786
1.7056 1.27724
-1.30388 -1.1892
-0.151924 1.87255
1.35915 -0.077346
0.478402 0.425177
1.5869 1.07287
-0.62586 -0.93058
-0.427842 2.17275
1.50667 -0.196619
-0.24815 -0.391242
-1.3391 1.25009
-0.370266 -0.0314356
-1.48708 0.474209
-1.12442 0.374411
-1.24928 0.643199
-1.2639 0.196183
-1.08566 0.807693
-1.169 -0.285574
-0.769497 1.26864
1.40844 1.96632
-1.08716 -1.36219
-0.0351138 2.31422
0.763065 -0.437834
0.691824 0.871347
1.16269 0.465257
0.915761 0.65566
1.09809 0.610624
0.92471 0.582369
1.13549 0.672624
0.836225 0.504018
1.26618 0.764938
0.568363 0.281414
1.54433 1.17376
-0.54576 -0.88454
-0.514836 2.11042
1.66499 -0.0793117
-0.992485 -0.990794
-0.271858 2.05455
1.38033 -0.166198
0.330768 0.273572
1.58111 1.51494
-1.03369 -1.2355
-0.11108 2.25721
0.951326 -0.345238
0.944723 1.05972
0.739194 0.219021
1.43944 1.09688
-0.11833 -0.469817
-1.41374 1.15826
-0.695172 -0.245112
-1.02657 1.39735
1.03368 1.6164
0.0136819 -0.560831
-1.47781 1.04534
-0.911974 -0.256936
-0.876933 1.38726
1.41796 2.00903
-1.16308 -1.37978
-0.0270409 2.23103
0.832944 -0.374452
0.909614 1.07393
0.762616 0.217985
1.42235 1.08167
-0.0546683 -0.402768
-1.52622 0.693803
-1.12463 0.100573
-1.07388 0.975074
-0.776079 -0.371741
-0.847217 1.52754
1.72408 2.14078
-1.91306 -0.238881
-0.578943 0.565686
-0.706889 -0.433411
-0.833359 1.59531
1.82354 2.05097
-1.97332 0.413945
-0.655373 0.222206
-1.42902 0.481827
-1.15514 0.402094
-1.24807 0.600743
-1.26371 0.273787
-1.13224 0.730204
-1.26281 -0.0691209
-0.908541 1.02912
-0.033101 0.249033
0.770675 1.11209
0.871212 0.226887
1.33173 1.00893
0.237195 -0.0973198
0.489436 0.729616
1.46117 0.662628
0.145209 -0.0974588
-0.0127828 0.130159
0.301562 0.533259
1.66966 1.15668
-1.05888 -1.17644
-0.146745 2.17095
1.0904 -0.272462
0.90697 0.960175
0.870001 0.333728
1.30668 0.911335
0.375768 0.0630066
1.36783 1.55559
-0.455114 -0.90306
-0.56209 2.11427
1.72004 -0.0309915
-1.25648 -1.01169
-0.257939 1.78203
1.57307 0.0482739
-0.357217 -0.539734
-1.04039 1.61429
1.53959 2.17099
-1.61142 -1.14961
-0.19937 1.44051
1.73111 0.424039
-1.11743 -1.08219
-0.206004 2.01378
1.3187 -0.157118
0.539324 0.513154
1.52174 0.89016
-0.217291 -0.524495
-1.22837 1.46511
0.665998 1.189
0.910099 0.186386
1.30141 1.02315
0.286433 -0.0574541
0.861653 1.15826
0.730484 0.147316
1.44364 1.17947
-0.213492 -0.583382
-1.16381 1.55674
1.13451 1.77418
-0.327915 -0.894739
-0.679738 2.04781
1.88375 0.3012
-1.7838 -0.18915
-0.70422 0.604861
-1.01985 -0.49438
-0.638264 1.55018
1.92811 1.51398
-1.94206 0.635041
-0.684916 0.118099
-1.36069 0.828953
-1.16544 -0.0909135
-0.917243 1.11787
0.341144 0.712724
1.60173 0.802026
-0.503105 -0.784127
-0.639594 1.97299
1.88212 0.356621
-1.77535 -0.246878
-0.68124 0.64709
-0.792188 -0.459228
-0.756661 1.6123
1.90597 1.78968
-1.96267 0.768124
-0.602474 0.112739
-1.41587 0.68983
-1.18762 0.130481
-1.07034 0.91482
-0.939938 -0.405923
-0.735795 1.51285
1.8431 1.94557
-1.96448 0.404488
-0.670603 0.220725
-1.42193 0.524117
-1.16997 0.354825
-1.21759 0.668136
-1.27239 0.134606
-1.04375 0.857981
-1.03788 -0.396988
-0.711876 1.45233
1.80811 1.98901
-1.95036 0.161047
-0.664562 0.334295
-1.41883 0.120819
-0.992273 0.751444
-1.18551 -0.310365
-0.747989 1.27504
1.47492 2.0148
-1.30033 -1.35846
-0.0503786 2.02314
1.07376 -0.20835
0.995325 1.02195
0.72039 0.237068
1.45162 1.09079
-0.148784 -0.498488
-1.34599 1.30264
-0.207349 0.132373
-0.866005 -0.568085
-0.625799 1.70064
1.9507 1.01446
-1.9051 0.482324
-0.764104 0.161777
-1.33271 0.834779
-1.16946 -0.112405
-0.899997 1.13229
0.47934 0.887128
1.36873 0.505454
0.493875 0.30095
1.57991 1.23657
-0.744354 -1.0448
-0.288101 2.28532
1.21337 -0.304726
0.648514 0.67981
1.34096 0.649749
0.490547 0.255074
1.57186 1.30517
-0.780527 -1.08061
-0.251095 2.31015
1.13379 -0.327851
0.769995 0.829802
1.11682 0.486554
0.96975 0.673845
1.03012 0.580256
1.02427 0.641032
0.992809 0.590733
1.05922 0.645616
0.949702 0.571959
1.11612 0.674963
0.860173 0.514944
1.23759 0.748619
0.630298 0.335813
1.50234 1.04368
-0.271181 -0.608605
-1.06189 1.64435
1.55518 2.19115
-1.66112 -1.07544
-0.241271 1.32689
1.82074 0.73358
-1.56972 -0.872272
-0.369841 1.27591
1.88231 1.27277
-1.86285 -0.111645
-0.680205 0.506645
-1.22212 -0.390864
-0.683848 1.30652
1.66027 2.06898
-1.77223 -0.778991
-0.393696 1.00062
1.67825 1.9177
-1.70482 -0.895539
-0.343827 1.14513
1.84655 1.53036
-1.86831 -0.192088
-0.641761 0.552575
-1.00101 -0.510235
-0.630236 1.5765
1.93847 1.40456
-1.9347 0.630077
-0.698808 0.113987
-1.34743 0.857855
-1.14894 -0.140729
-0.88415 1.16877
0.701395 1.16949
0.890137 0.193379
1.31916 1.0284
0.245601 -0.0962892
0.533903 0.782501
1.38549 0.587327
0.412738 0.198495
1.54811 1.48088
-0.881346 -1.17127
-0.166948 2.34264
0.965707 -0.377981
0.878638 0.998929
0.864541 0.304613
1.32052 0.940608
0.322244 0.0044957
1.15593 1.44168
0.0719269 -0.42033
-1.53739 0.115205
-0.954025 0.643599
-1.2977 -0.125792
-0.862176 1.04208
0.232489 0.56629
1.69564 1.22714
-1.22557 -1.19808
-0.139049 1.98482
1.24461 -0.155857
0.733773 0.727417
1.22771 0.584637
0.752117 0.494644
1.34856 0.799115
0.374221 0.0995253
1.42248 1.56761
-0.604779 -1.02129
-0.364711 2.29215
1.32408 -0.294127
0.367452 0.344704
1.62261 1.36032
-1.03312 -1.2052
-0.129696 2.2281
1.00991 -0.316548
0.944599 1.03202
0.765434 0.248144
1.41695 1.0482
-0.00779891 -0.347299
-1.53423 0.183165
-0.988592 0.596494
-1.33525 0.0630377
-0.979679 0.868682
-0.902714 -0.427972
-0.731569 1.54915
1.87791 1.85702
-1.9652 0.591595
-0.652834 0.151263
-1.40317 0.688517
-1.19411 0.133775
-1.07018 0.908122
-0.95658 -0.405304
-0.730223 1.50454
1.84075 1.94596
-1.96334 0.383072
-0.672123 0.229489
-1.4237 0.500541
-1.16304 0.382819
-1.23513 0.629289
-1.26978 0.217823
-1.09683 0.78328
-1.20694 -0.225606
-0.807172 1.19237
1.0817 1.62547
-0.0584999 -0.618003
-1.32787 1.39704
0.163335 0.560651
1.70494 1.38638
-1.38142 -1.17477
-0.169375 1.75548
1.47787 0.0187372
0.0933445 -0.0377827
0.0122427 0.1664
0.62266 0.926753
1.18957 0.431254
0.889459 0.655693
1.12447 0.616684
0.886929 0.560823
1.186 0.700952
0.745607 0.436861
1.38015 0.859965
0.251715 -0.0368443
0.814849 1.1127
0.824264 0.211893
1.37434 1.04904
0.10199 -0.239119
-1.01882 -0.649351
-0.516933 1.69478
1.89452 0.650849
-1.79929 -0.227752
-0.676672 0.616659
-0.892435 -0.493163
-0.679534 1.61578
1.94196 1.48574
-1.94156 0.754228
-0.647646 0.0892263
-1.36916 0.839494
-1.15604 -0.103652
-0.910323 1.13435
0.444653 0.844232
1.43349 0.562162
0.283576 0.0719997
1.2401 1.51937
-0.155212 -0.640953
-1.17063 1.58335
1.19081 1.84502
-0.509113 -1.05461
-0.390705 2.33493
1.32859 -0.314613
0.323446 0.296483
1.5953 1.49929
-1.06785 -1.24017
-0.107405 2.22205
0.978549 -0.322194
0.963025 1.06106
0.718423 0.209831
1.45427 1.1224
-0.187621 -0.544322
-1.24345 1.46091
0.609538 1.11832
1.0392 0.267692
1.14974 0.887926
0.654124 0.284659
1.49296 1.08713
-0.278439 -0.624818
-1.03416 1.67117
1.64733 2.23012
-1.85233 -0.580131
-0.464117 0.808954
1.05864 1.52576
0.0971716 -0.448082
-1.54127 0.118906
-0.954613 0.637136
-1.30379 -0.107446
-0.873675 1.02337
0.0919508 0.39362
1.52056 1.71007
-1.05772 -1.285
-0.0805921 2.2772
0.879931 -0.376619
0.909332 1.05779
0.778255 0.234891
1.40867 1.05397
0.00935159 -0.331761
-1.51142 0.00409648
-0.902225 0.747218
-1.07781 -0.425963
-0.679361 1.45099
1.84004 1.90706
-1.95569 0.308976
-0.679775 0.260529
-1.42702 0.420661
-1.13558 0.47226
-1.28536 0.480999
-1.22072 0.465195
-1.24422 0.499966
-1.24536 0.443761
-1.22488 0.528057
-1.26175 0.398037
-1.19789 0.585637
-1.28282 0.288308
-1.13296 0.704154
-1.27841 -0.0100185
-0.945747 0.971499
-0.436776 -0.169554
-1.34858 1.08949
-0.815716 -0.307232
-0.883427 1.45838
1.55085 2.11741
-1.58403 -1.16992
-0.187415 1.48887
1.68984 0.330647
-0.897105 -1.00272
-0.2777 2.14618
1.31383 -0.223689
0.48726 0.469702
1.57315 0.99754
-0.506557 -0.819053
-0.603181 2.01824
1.82383 0.183293
-1.62716 -0.665801
-0.492665 1.06246
1.60831 1.97952
-1.58772 -1.12092
-0.217403 1.44527
1.74657 0.447398
-1.20049 -1.08587
-0.206798 1.91718
1.3997 -0.0911691
0.328804 0.256138
1.56661 1.53598
-1.00597 -1.23213
-0.114476 2.28485
0.930744 -0.363286
0.923197 1.05079
0.770349 0.23693
1.41458 1.05683
-0.00941635 -0.351202
-1.53675 0.212645
-1.0015 0.571503
-1.34246 0.149442
-1.03122 0.793073
-1.15132 -0.329918
-0.739183 1.31742
1.57718 2.07449
-1.60154 -1.13113
-0.210974 1.43714
1.74462 0.449854
-1.18956 -1.08704
-0.205411 1.93178
1.38583 -0.101988
0.369861 0.306044
1.60695 1.4131
-1.02341 -1.21245
-0.125642 2.24607
0.986338 -0.330578
0.94428 1.04344
0.755065 0.236348
1.42633 1.06737
-0.0521514 -0.39655
-1.53029 0.655007
-1.12462 0.145319
-1.10604 0.930547
-0.951986 -0.394914
-0.740658 1.49722
1.82301 1.98614
-1.96061 0.290283
-0.669977 0.271453
-1.4308 0.358235
-1.10898 0.534448
-1.31183 0.347673
-1.15259 0.623246
-1.29877 0.187587
-1.06829 0.79245
-1.18033 -0.280283
-0.771383 1.25567
1.3725 1.93353
-0.965326 -1.32549
-0.0613645 2.42309
0.700137 -0.510363
0.308134 0.436683
1.65739 1.31503
-1.13329 -1.21485
-0.123497 2.1185
1.10117 -0.246219
0.920497 0.961723
0.85463 0.327883
1.32274 0.923111
0.332652 0.0200576
1.21606 1.48638
-0.0739351 -0.559108
-1.37458 1.28922
-0.295507 0.0482376
-1.40711 -0.214298
-0.787796 1.00092
0.384683 0.747896
1.54772 0.711494
-0.21122 -0.486124
-1.28041 1.38626
0.23421 0.640265
1.69409 1.08348
-1.11966 -1.17506
-0.147578 2.09818
1.15741 -0.225762
0.850211 0.876685
0.999068 0.427703
1.13922 0.781127
0.753787 0.400289
1.38728 0.894285
0.206187 -0.0916084
0.36284 0.57866
1.63036 0.982329
-0.750756 -1.00612
-0.314423 2.23591
1.29464 -0.270426
0.48777 0.481981
1.56983 0.97939
-0.478409 -0.791111
-0.652275 1.97502
1.89243 0.385912
-1.79649 -0.152913
-0.713152 0.572982
-1.13321 -0.453316
-0.648434 1.43241
1.85143 1.85413
-1.95294 0.328403
-0.685926 0.250142
-1.42288 0.469332
-1.15421 0.420228
-1.25667 0.57231
-1.25674 0.32475
-1.16341 0.677421
-1.28489 0.0783799
-1.00331 0.896381
-0.870181 -0.416827
-0.755533 1.55021
1.85846 1.92825
-1.96833 0.520504
-0.658016 0.177364
-1.41249 0.625341
-1.19038 0.223959
-1.13139 0.819978
-1.17544 -0.25295
-0.792835 1.23812
1.26661 1.83166
-0.617498 -1.11885
-0.283768 2.41889
1.09243 -0.383725
0.745595 0.827364
1.14298 0.493433
0.930643 0.649765
1.08687 0.612136
0.937763 0.587307
1.1192 0.664899
0.862902 0.521964
1.2312 0.741585
0.646035 0.350409
1.48834 1.01331
-0.195792 -0.527709
-1.25228 1.4421
0.516884 0.999095
1.24367 0.393538
0.811016 0.61651
1.22621 0.668485
0.703925 0.424029
1.42088 0.892459
0.116603 -0.181223
-0.658894 -0.504202
-0.798016 1.66966
1.91775 1.78988
-1.96183 0.887269
-0.540308 0.114465
-1.45134 0.519963
-1.15433 0.344499
-1.21934 0.684962
-1.26842 0.101795
-1.02361 0.888984
-0.930459 -0.4188
-0.728421 1.529
1.86413 1.89162
-1.9653 0.513402
-0.664226 0.177541
-1.40893 0.638156
-1.19276 0.206647
-1.11928 0.837085
-1.14566 -0.295348
-0.766647 1.29405
1.47222 2.01909
-1.29908 -1.3602
-0.0492264 2.02639
1.06888 -0.211017
0.999312 1.02764
0.710708 0.22913
1.45887 1.10691
-0.186585 -0.539621
-1.2503 1.45097
0.554799 1.04818
1.16152 0.342133
0.965235 0.745578
0.983959 0.51752
1.111 0.711219
0.841786 0.485298
1.27041 0.780626
0.549136 0.259744
1.55184 1.22468
-0.623849 -0.956652
-0.407307 2.20639
1.45278 -0.229036
-0.0343988 -0.145657
-1.22042 -0.565893
-0.557986 1.44708
1.9099 1.4974
-1.93288 0.417931
-0.722171 0.200449
-1.38465 0.686281
-1.20331 0.138476
-1.06999 0.898506
-0.979794 -0.402929
-0.724258 1.49075
1.83358 1.95531
-1.96102 0.33255
-0.673279 0.251459
-1.4279 0.433367
-1.1398 0.457806
-1.27843 0.507742
-1.23233 0.427392
-1.22396 0.554249
-1.26778 0.352629
-1.17334 0.639645
-1.29052 0.166883
-1.0583 0.816839
-1.13447 -0.333963
-0.739293 1.33341
1.60518 2.08527
-1.67212 -1.01736
-0.275422 1.27013
1.85579 0.967079
-1.73449 -0.562785
-0.530839 0.883649
1.05673 1.53744
0.0850254 -0.463569
-1.55435 0.27274
-1.02065 0.507715
-1.34147 0.33361
-1.1337 0.621044
-1.30458 0.178019
-1.06052 0.796944
-1.16849 -0.298479
-0.759854 1.27919
1.456 2.00395
-1.24312 -1.36974
-0.0383526 2.11264
0.968973 -0.276739
1.03326 1.1123
0.591036 0.117024
1.49746 1.34684
-0.56105 -0.932903
-0.462455 2.17552
1.55139 -0.181989
-0.463142 -0.613489
-0.848613 1.75386
1.94068 1.75189
-1.95411 1.06582
-0.412011 0.166127
-1.39714 -0.184098
-0.80851 0.99023
0.234828 0.561009
1.69449 1.23241
-1.22444 -1.19911
-0.138329 1.98722
1.24144 -0.157596
0.739684 0.734285
1.21719 0.577258
0.773811 0.512965
1.31974 0.774257
0.456195 0.182931
1.54388 1.4403
-0.821692 -1.13175
-0.205149 2.34404
1.02873 -0.363042
0.855003 0.952358
0.93012 0.356234
1.24076 0.867791
0.533447 0.211249
1.5475 1.30703
-0.691268 -1.02226
-0.324611 2.27708
1.27617 -0.292775
0.510186 0.514259
1.54396 0.913029
-0.321509 -0.632509
-0.975007 1.70936
1.78447 2.1832
-1.97949 0.327863
-0.642002 0.263284
-1.4364 0.305669
-1.08322 0.580608
-1.32283 0.225193
-1.08236 0.741031
-1.24762 -0.155522
-0.850487 1.10645
0.578698 1.00659
1.17067 0.372085
0.941401 0.71638
1.03 0.55045
1.04185 0.66643
0.956061 0.561287
1.1158 0.682383
0.855567 0.508478
1.24543 0.75568
0.611837 0.318988
1.51716 1.08089
-0.357782 -0.699267
-0.860257 1.81183
1.96604 1.63275
-1.94023 1.17591
-0.316584 0.226406
-0.974603 -0.573947
-0.585801 1.65234
1.94044 1.00271
-1.89726 0.355632
-0.769921 0.22672
-1.36864 0.695896
-1.20972 0.123616
-1.0576 0.908452
-0.936346 -0.409556
-0.73406 1.51782
1.84931 1.93114
-1.96508 0.438156
-0.669334 0.206818
-1.418 0.563529
-1.18018 0.306207
-1.18599 0.729239
-1.25977 -0.0136344
-0.947904 0.988869
-0.370619 -0.10806
-1.45749 0.760176
-1.15271 0.0269673
-1.00914 1.02785
-0.416683 -0.140284
-1.3943 0.9784
-1.01632 -0.259519
-0.830939 1.34583
1.43421 2.0089
-1.19929 -1.37755
-0.0304476 2.17992
0.889801 -0.331695
0.993413 1.12372
0.624309 0.126088
1.49148 1.30167
-0.491785 -0.865952
-0.569569 2.07544
1.75339 0.0323453
-1.38496 -0.959674
-0.303187 1.57489
1.7614 0.379944
-1.28997 -1.05778
-0.231756 1.77881
1.54184 0.0332938
-0.202297 -0.374275
-1.40994 1.10639
-0.805905 -0.283766
-0.911162 1.437
1.449 2.04862
-1.28139 -1.37502
-0.0387994 2.06398
1.01658 -0.241477
1.0307 1.08105
0.624696 0.154165
1.49989 1.27079
-0.486198 -0.854366
-0.584736 2.05878
1.7807 0.081301
-1.48782 -0.872117
-0.36701 1.376
1.88263 0.988925
-1.80797 -0.296927
-0.638015 0.653026
-0.582282 -0.340269
-1.0267 1.47864
1.26985 1.89858
-0.715755 -1.2039
-0.186562 2.49258
0.860006 -0.472946
0.665484 0.819351
1.22888 0.516592
0.786024 0.547812
1.28999 0.73767
0.542719 0.270992
1.55597 1.21714
-0.632145 -0.961532
-0.399106 2.21187
1.43702 -0.235377
0.0263729 -0.0736606
-0.604867 -0.45254
-0.891227 1.6085
1.7686 2.14402
-1.95941 0.117011
-0.641556 0.359523
-1.39353 -0.0468817
-0.896945 0.898272
-0.5695 -0.287278
-1.09378 1.41063
0.870824 1.42616
0.432566 -0.173449
0.90091 1.17008
0.67717 0.117988
1.46741 1.25709
-0.367128 -0.746264
-0.799277 1.87475
1.99144 1.18465
-1.91615 1.04871
-0.495878 0.0895354
-1.46364 0.466777
-1.13393 0.397892
-1.25615 0.606892
-1.2608 0.264223
-1.12784 0.74187
-1.25422 -0.0998677
-0.888779 1.05927
0.194219 0.522429
1.69215 1.38996
-1.33472 -1.19823
-0.149807 1.83848
1.38441 -0.0537905
0.410742 0.343019
1.61416 1.29333
-0.936141 -1.15951
-0.16634 2.28147
1.02122 -0.33729
0.903261 0.995252
0.842457 0.300403
1.34168 0.954485
0.264457 -0.0536692
0.796888 1.08997
0.864738 0.240358
1.33524 1
0.237829 -0.0937167
0.509686 0.754233
1.42711 0.626091
0.273624 0.046566
1.15429 1.45374
0.0595802 -0.436135
-1.55074 0.270845
-1.02143 0.51251
-1.34162 0.323019
-1.12837 0.63208
-1.30429 0.14888
-1.04265 0.822722
-1.10908 -0.360412
-0.724001 1.37361
1.69472 2.08444
-1.8435 -0.547299
-0.48754 0.791399
0.892978 1.33701
0.508801 -0.0736816
1.27958 1.46301
-0.154873 -0.617546
-1.19934 1.54504
1.00999 1.62698
0.0289692 -0.556469
-1.49737 0.974312
-0.994175 -0.210188
-0.880508 1.31371
1.22027 1.8033
-0.498731 -1.02862
-0.418873 2.29729
1.39925 -0.286126
0.111584 0.036161
0.510584 0.774446
1.41354 0.60471
0.325057 0.105121
1.37575 1.58015
-0.504971 -0.950034
-0.483148 2.19068
1.56795 -0.183274
-0.555253 -0.698085
-0.683903 1.87846
1.94957 0.723554
-1.88359 0.408235
-0.792709 0.198341
-1.33704 0.789268
-1.19498 -0.0362001
-0.949299 1.05392
-0.0865953 0.193342
0.198391 0.415402
1.6359 1.55478
-1.26884 -1.25154
-0.110614 1.97381
1.21166 -0.156469
0.80554 0.803362
1.10189 0.503072
0.980927 0.670033
1.02085 0.580225
1.03473 0.644674
0.978622 0.583407
1.0789 0.656505
0.919046 0.552744
1.15866 0.699964
0.78588 0.461666
1.33351 0.82013
0.392491 0.109709
1.45168 1.55702
-0.670552 -1.06472
-0.301117 2.33651
1.19051 -0.331718
0.659774 0.70223
1.31598 0.625098
0.560662 0.32638
1.54802 1.12128
-0.510592 -0.844886
-0.575655 2.05246
1.77436 0.0760121
-1.46151 -0.900279
-0.347537 1.4305
1.86125 0.787634
-1.72118 -0.558731
-0.537244 0.893339
1.06548 1.54876
0.0599331 -0.488105
-1.55475 0.536598
-1.10074 0.264261
-1.19759 0.80063
-1.21038 -0.14748
-0.863959 1.1299
0.622215 1.06467
1.07357 0.311533
1.09583 0.834812
0.767536 0.376946
1.38374 0.912265
0.200484 -0.102384
0.276552 0.473122
1.67117 1.3111
-1.18699 -1.21556
-0.125626 2.05083
1.16581 -0.201889
0.857365 0.874594
0.993571 0.427941
1.14513 0.783084
0.744352 0.393934
1.39764 0.905222
0.170209 -0.130476
-0.051132 0.0820688
-0.208871 -0.0680623
-1.45158 -0.118524
-0.842245 0.89089
-0.393075 -0.146833
-1.41141 0.94201
-1.05657 -0.217469
-0.85158 1.28849
1.23396 1.81124
-0.532492 -1.05496
-0.376645 2.33779
1.30534 -0.318721
0.390106 0.377695
1.6265 1.27157
-0.966883 -1.16789
-0.157569 2.26059
1.0259 -0.326972
0.91399 1.00124
0.825893 0.290836
1.35874 0.971536
0.210471 -0.110422
0.287916 0.485728
1.67112 1.26698
-1.15097 -1.20761
-0.128567 2.08965
1.13541 -0.225942
0.887709 0.916877
0.927374 0.38092
1.23417 0.847378
0.561001 0.241091
1.54417 1.23544
-0.60578 -0.944796
-0.426672 2.19211
1.49053 -0.211803
-0.188068 -0.323089
-1.4685 0.904513
-1.07139 -0.155326
-0.896641 1.22816
0.885307 1.4045
0.441378 -0.1543
0.983351 1.25205
0.502512 -0.0202769
1.35883 1.49332
-0.355821 -0.801225
-0.751387 1.93892
1.97306 0.799614
-1.89795 0.695036
-0.742676 0.0674212
-1.27771 0.99539
-0.967943 -0.333577
-0.786637 1.43439
1.68422 2.11744
-1.84477 -0.557053
-0.481502 0.797268
0.942876 1.39529
0.388233 -0.178004
0.752065 1.01587
0.979505 0.32329
1.20098 0.8752
0.591063 0.250064
1.53103 1.19035
-0.512467 -0.859894
-0.56022 2.07239
1.74451 0.0230462
-1.34627 -0.982627
-0.284771 1.64331
1.70083 0.242661
-0.98886 -1.03007
-0.245573 2.09795
1.30637 -0.201046
0.533277 0.517284
1.52501 0.889614
-0.229461 -0.5367
-1.19855 1.50031
0.869863 1.44745
0.409061 -0.20051
0.733803 0.991152
1.02024 0.35024
1.14684 0.834717
0.701755 0.341598
1.44829 0.985521
-0.0420657 -0.366084
-1.54125 0.463869
-1.09314 0.347371
-1.25051 0.683327
-1.25884 0.120582
-1.03899 0.879573
-0.980391 -0.41214
-0.716409 1.49876
1.84857 1.91844
-1.96265 0.409325
-0.673758 0.217583
-1.41944 0.541157
-1.17507 0.334525
-1.20429 0.694412
-1.27004 0.0731395
-1.00414 0.911734
-0.825062 -0.405193
-0.788288 1.55161
1.82736 2.01339
-1.96845 0.379482
-0.663379 0.233903
-1.42837 0.464697
-1.15017 0.422318
-1.25948 0.568763
-1.25496 0.330956
-1.16747 0.671023
-1.28583 0.0955616
-1.01429 0.881516
-0.933959 -0.421411
-0.724868 1.52988
1.86786 1.87881
-1.96488 0.528513
-0.663281 0.17177
-1.40681 0.652577
-1.19402 0.186286
-1.10548 0.857245
-1.10354 -0.339204
-0.741727 1.36001
1.64487 2.09524
-1.76062 -0.820913
-0.373281 1.04031
1.75025 1.83649
-1.81136 -0.56831
-0.495196 0.825362
0.990894 1.45428
0.26493 -0.291053
-0.412742 -0.317754
-1.22495 1.34293
0.212812 0.602743
1.70414 1.19758
-1.24154 -1.1908
-0.144832 1.95732
1.27702 -0.136485
0.670277 0.653181
1.33685 0.669072
0.488469 0.24702
1.57009 1.31883
-0.787648 -1.08756
-0.244193 2.31432
1.11908 -0.332181
0.787452 0.852245
1.08178 0.463188
1.02619 0.713765
0.940988 0.525328
1.15178 0.717809
0.783043 0.45069
1.34101 0.831849
0.366851 0.0821491
1.38869 1.56556
-0.517122 -0.954953
-0.470777 2.19954
1.54502 -0.197616
-0.448783 -0.597568
-0.879447 1.72983
1.90334 1.92039
-1.97047 0.94108
-0.486708 0.140789
-1.4632 0.233928
-1.03874 0.62121
-1.32292 0.073975
-0.989904 0.870186
-0.91918 -0.427046
-0.725736 1.54157
1.87655 1.85552
-1.96465 0.575835
-0.656735 0.155648
-1.40293 0.68427
-1.1946 0.140145
-1.07434 0.901854
-0.977832 -0.401881
-0.725779 1.49083
1.83212 1.95919
-1.96089 0.325865
-0.67296 0.254547
-1.42847 0.422472
-1.1356 0.469338
-1.28438 0.486278
-1.22293 0.457845
-1.24048 0.511008
-1.2503 0.426411
-1.2155 0.551266
-1.27085 0.356575
-1.17403 0.633554
-1.29103 0.180139
-1.06634 0.804577
-1.16087 -0.3043
-0.756862 1.28968
1.48547 2.02578
-1.33794 -1.34773
-0.0606644 1.96139
1.147 -0.163125
0.921993 0.925004
0.885174 0.363158
1.28222 0.878526
0.450787 0.140211
1.5121 1.48666
-0.767839 -1.11052
-0.233926 2.35254
1.06873 -0.358462
0.818054 0.902757
1.0099 0.411267
1.13447 0.790218
0.753196 0.394978
1.38972 0.90007
0.195187 -0.104153
0.238281 0.426786
1.65474 1.46391
-1.25361 -1.23655
-0.118182 1.98133
1.2164 -0.159244
0.793478 0.791729
1.12266 0.515743
0.947102 0.646499
1.0721 0.610708
0.956652 0.596183
1.09425 0.651987
0.903165 0.548466
1.17702 0.707809
0.754161 0.438794
1.37185 0.854525
0.276671 -0.0108394
0.992183 1.29919
0.441333 -0.084835
1.16816 1.41626
0.0850568 -0.39712
-1.50336 -0.084931
-0.85321 0.815408
-0.747631 -0.406432
-0.832291 1.56539
1.79177 2.08886
-1.96251 0.204849
-0.654795 0.314586
-1.42527 0.161222
-1.0131 0.713958
-1.25074 -0.197159
-0.820103 1.13496
0.825082 1.31447
0.607168 -0.0109905
1.40988 1.42407
-0.39487 -0.813787
-0.701217 1.97333
1.93257 0.533637
-1.85969 0.241338
-0.797138 0.298774
-1.38594 0.555781
-1.19448 0.328983
-1.19249 0.696347
-1.2723 0.0607627
-0.995221 0.920194
-0.777198 -0.390168
-0.829255 1.54572
1.77228 2.10451
-1.95118 0.0700041
-0.641596 0.38348
-1.36974 -0.132636
-0.845823 0.981203
0.016476 0.298118
1.14639 1.51209
-0.00131566 -0.513534
-1.50144 0.925988
-1.03817 -0.167528
-0.898709 1.25597
0.978101 1.52006
0.200412 -0.374305
-1.15052 -0.648997
-0.501748 1.58416
1.91368 0.888895
-1.85437 0.00337116
-0.732015 0.442177
-1.37361 -0.0513664
-0.897898 0.920082
-0.482117 -0.217301
-1.25456 1.24673
-0.229004 0.0905309
-1.13087 -0.571048
-0.56042 1.53431
1.93186 1.25211
-1.9166 0.414944
-0.74677 0.19759
-1.36725 0.732273
-1.20367 0.0651898
-1.01927 0.963947
-0.688364 -0.341853
-0.9363 1.49992
1.5244 2.11951
-1.52872 -1.23794
-0.14442 1.6123
1.55482 0.135835
-0.208985 -0.396089
-1.38078 1.18101
-0.618285 -0.213936
-1.12342 1.33947
0.508455 0.963567
1.28096 0.426726
0.726934 0.537229
1.35005 0.765283
0.395023 0.129726
1.47738 1.54958
-0.735357 -1.10531
-0.247706 2.36279
1.08229 -0.360467
0.797603 0.878775
1.05025 0.43739
1.07653 0.750822
0.855803 0.468385
1.26541 0.792136
0.549717 0.255609
1.55106 1.22951
-0.625668 -0.958977
-0.404468 2.20922
1.44662 -0.231913
-0.0108461 -0.117788
-1.0195 -0.630216
-0.531545 1.67616
1.90983 0.74439
-1.83536 -0.0623011
-0.723566 0.491876
-1.31102 -0.236921
-0.783464 1.11049
0.877582 1.37304
0.485465 -0.109843
1.18047 1.41119
0.0730811 -0.404079
-1.52325 0.0210482
-0.908568 0.723685
-1.14048 -0.386824
-0.697783 1.3718
1.73131 2.05613
-1.88582 -0.34391
-0.5579 0.639148
-0.238022 -0.0328908
-1.4427 -0.133746
-0.834228 0.910168
-0.270206 -0.0262579
-1.46846 -0.00426866
-0.907491 0.795887
-0.959284 -0.449366
-0.692346 1.54372
1.90123 1.73661
-1.9576 0.642215
-0.655383 0.129754
-1.38949 0.751301
-1.1888 0.0376813
-1.00464 0.996913
-0.525995 -0.234108
-1.1919 1.3134
0.189522 0.567417
1.70508 1.31559
-1.32955 -1.18665
-0.156276 1.83568
1.39573 -0.0495137
0.374149 0.300169
1.60424 1.41447
-1.01448 -1.21014
-0.127521 2.25362
0.982382 -0.33494
0.940613 1.04253
0.759796 0.238762
1.42247 1.0617
-0.0359016 -0.378879
-1.54163 0.494378
-1.1003 0.316397
-1.22957 0.729569
-1.25142 0.0186665
-0.972441 0.969665
-0.533455 -0.245969
-1.17209 1.336
0.339557 0.754232
1.58445 0.744395
-0.391829 -0.672239
-0.854942 1.79512
1.96014 1.66031
-1.94373 1.14778
-0.343762 0.207059
-1.14979 -0.537846
-0.583111 1.4895
1.91939 1.47332
-1.9349 0.493269
-0.717523 0.166973
-1.36877 0.762182
-1.1943 0.0172874
-0.988234 1.01057
-0.41922 -0.14631
-1.3868 0.999592
-0.987476 -0.27873
-0.825513 1.37673
1.51202 2.0695
-1.44852 -1.29589
-0.103267 1.76539
1.3802 -0.0164092
0.448203 0.377471
1.60516 1.18464
-0.799585 -1.07024
-0.253007 2.28714
1.15679 -0.313668
0.749802 0.800338
1.15935 0.516514
0.895671 0.618397
1.14243 0.648122
0.842917 0.520805
1.251 0.747791
0.607818 0.319246
1.51973 1.08421
-0.370188 -0.711569
-0.833934 1.83311
1.98196 1.4605
-1.929 1.16139
-0.352765 0.190939
-1.22589 -0.484791
-0.615678 1.3767
1.83235 1.87199
-1.94246 0.177048
-0.679266 0.324557
-1.42375 0.20109
-1.03526 0.682803
-1.28759 -0.0867281
-0.891036 1.02197
0.00866233 0.295727
1.11328 1.48172
0.0815453 -0.434327
-1.54118 0.135068
-0.962708 0.62553
-1.31561 -0.060945
-0.902944 0.978996
-0.241544 0.0146577
-1.37169 -0.320196
-0.721323 1.11017
1.11212 1.64192
-0.120181 -0.672664
-1.17874 1.59374
1.19923 1.85749
-0.539638 -1.08033
-0.35221 2.37301
1.23968 -0.342928
0.532862 0.555361
1.5105 0.841432
-0.139937 -0.435818
-1.42192 1.11809
-0.785524 -0.274774
-0.93254 1.43038
1.38417 1.99392
-1.07014 -1.36927
-0.0310651 2.34239
0.727045 -0.465483
0.544623 0.712345
1.41936 0.654573
0.281934 0.0482895
1.17834 1.47175
0.00256933 -0.49011
-1.52082 0.816396
-1.09598 -0.045718
-0.974539 1.12197
0.122196 0.446604
1.61717 1.64541
-1.29292 -1.26463
-0.105207 1.9523
1.22261 -0.143968
0.791796 0.784728
1.12958 0.522272
0.934352 0.636452
1.0918 0.62287
0.924941 0.575323
1.13948 0.678715
0.826771 0.495683
1.27936 0.775253
0.536406 0.251478
1.55588 1.25104
-0.665315 -0.992726
-0.358451 2.24644
1.35139 -0.267813
0.313394 0.274153
1.5751 1.53929
-1.03886 -1.2419
-0.107002 2.25756
0.944095 -0.347527
0.944826 1.06292
0.736035 0.215583
1.44188 1.10287
-0.131329 -0.484169
-1.38329 1.22961
-0.487426 -0.121552
-1.34141 1.06649
-0.860595 -0.31657
-0.849807 1.45774
1.61345 2.13537
-1.7292 -0.914814
-0.32669 1.13681
1.84801 1.49297
-1.8598 -0.223652
-0.635161 0.575937
-0.895502 -0.501993
-0.670777 1.62312
1.94606 1.42855
-1.9377 0.73883
-0.660681 0.0878523
-1.35813 0.863005
-1.14233 -0.143185
-0.884103 1.17514
0.727582 1.20288
0.828844 0.151529
1.37395 1.103
0.050473 -0.305389
-1.40903 -0.348441
-0.70042 1.09087
1.12305 1.64977
-0.145373 -0.695696
-1.11708 1.6564
1.47543 2.14527
-1.45116 -1.31904
-0.0896121 1.78119
1.34799 -0.0324853
0.541503 0.485174
1.52966 0.924784
-0.273697 -0.587615
-1.08343 1.61793
1.46376 2.122
-1.40016 -1.34675
-0.0679674 1.87411
1.23657 -0.102825
0.789288 0.768308
1.14424 0.537305
0.906172 0.61356
1.13498 0.649903
0.851859 0.524602
1.2404 0.742036
0.630218 0.338587
1.50192 1.04028
-0.266673 -0.603495
-1.07337 1.63397
1.51483 2.16402
-1.55361 -1.22477
-0.153449 1.57033
1.59631 0.187973
-0.40677 -0.607789
-0.910395 1.72428
1.8717 2.02453
-1.98022 0.811317
-0.547571 0.13679
-1.45338 0.463918
-1.13804 0.407662
-1.2587 0.591568
-1.2584 0.291647
-1.14451 0.713824
-1.27237 -0.0195231
-0.940713 0.983611
-0.367059 -0.105875
-1.46136 0.741498
-1.15536 0.0523301
-1.02679 1.00406
-0.563147 -0.258341
-1.12991 1.37068
0.609392 1.09589
1.05969 0.287445
1.11993 0.861066
0.715861 0.334954
1.43887 0.984352
-0.0126704 -0.335932
-1.53014 0.15118
-0.974467 0.624375
-1.31887 -0.0364403
-0.918674 0.958065
-0.396063 -0.13702
-1.4163 0.92142
-1.07606 -0.19307
-0.864869 1.257
1.097 1.65651
-0.118994 -0.679732
-1.17169 1.60371
1.24144 1.90643
-0.676988 -1.18563
-0.212194 2.48742
0.910143 -0.45493
0.727231 0.871713
1.12667 0.457886
0.970196 0.689631
1.01879 0.566146
1.04539 0.657487
0.957973 0.567682
1.11005 0.676301
0.867063 0.517541
1.22955 0.744488
0.646695 0.34961
1.48803 1.01378
-0.195146 -0.527166
-1.25375 1.4402
0.505916 0.985083
1.26676 0.408558
0.761805 0.572277
1.29895 0.721066
0.536281 0.271656
1.55886 1.22396
-0.649906 -0.976188
-0.378631 2.22826
1.39509 -0.251795
0.175803 0.106385
1.05873 1.38911
0.26164 -0.252892
-0.214463 -0.11388
-1.49801 0.127941
-0.973064 0.672449
-1.27723 -0.165162
-0.838326 1.08868
0.553881 0.972726
1.2251 0.407131
0.839652 0.632214
1.18872 0.648231
0.776312 0.481796
1.33281 0.803677
0.40639 0.12792
1.48219 1.54032
-0.738426 -1.10497
-0.246944 2.36092
1.08268 -0.359561
0.798524 0.879398
1.04882 0.436637
1.07857 0.752123
0.852393 0.466098
1.26975 0.795228
0.53948 0.246146
1.55375 1.25439
-0.660621 -0.989944
-0.362752 2.24386
1.35974 -0.265302
0.287869 0.243082
1.53062 1.59656
-0.955272 -1.22837
-0.120841 2.33456
0.894116 -0.396009
0.867122 1.0146
0.862155 0.292779
1.32592 0.952684
0.300321 -0.019735
1.03251 1.33417
0.356004 -0.158017
0.719105 0.984066
1.04162 0.359999
1.11856 0.816408
0.753589 0.380524
1.39444 0.914975
0.170627 -0.13276
-0.0616498 0.0698013
-0.346158 -0.210691
-1.40437 1.00731
-0.976041 -0.274691
-0.833359 1.37845
1.49852 2.06248
-1.4099 -1.32098
-0.0843416 1.83895
1.29118 -0.0743876
0.676318 0.641977
1.33796 0.678149
0.480371 0.236682
1.56846 1.34349
-0.806761 -1.10367
-0.227902 2.32157
1.08631 -0.341288
0.821778 0.89758
1.01045 0.415141
1.13217 0.786817
0.758829 0.399933
1.38306 0.892433
0.21847 -0.0789402
0.487742 0.730382
1.46232 0.662689
0.1413 -0.101643
-0.0601285 0.0753214
-0.305012 -0.169046
-1.4716 0.758302
-1.14548 0.0288083
-1.01308 1.03034
-0.419154 -0.141816
-1.39064 0.987784
-1.00402 -0.268635
-0.827796 1.35991
1.47227 2.04008
-1.32397 -1.35794
-0.0531567 1.98964
1.10937 -0.184568
0.96533 0.978634
0.792432 0.294915
1.38637 0.984307
0.131763 -0.190924
-0.624051 -0.481139
-0.846911 1.64216
1.85618 2.00598
-1.97747 0.63347
-0.620413 0.152565
-1.4235 0.613086
-1.18389 0.237735
-1.14285 0.807889
-1.1942 -0.217907
-0.815326 1.19648
1.06699 1.60983
-0.019473 -0.580692
-1.41997 1.2114
-0.56843 -0.171085
-1.21358 1.25052
-0.118634 0.202766
0.0499332 0.238647
1.07045 1.4294
0.199757 -0.319209
-0.915224 -0.647099
-0.543207 1.75803
1.89163 0.576375
-1.79067 -0.244851
-0.673652 0.633692
-0.816422 -0.470486
-0.733671 1.6182
1.92301 1.69037
-1.95555 0.802492
-0.600037 0.101215
-1.41137 0.717598
-1.18617 0.0897889
-1.04256 0.952992
-0.779607 -0.380432
-0.836912 1.53571
1.74952 2.12418
-1.93561 -0.0762752
-0.616723 0.465547
-1.18628 -0.444543
-0.648301 1.38067
1.80359 1.95112
-1.93624 0.0527638
-0.657061 0.392007
-1.37304 -0.111543
-0.859088 0.963264
-0.128912 0.130998
-0.424191 -0.277739
-1.25468 1.28754
-0.0777104 0.257093
0.581573 0.890233
1.2607 0.47272
0.748699 0.537674
1.32997 0.757956
0.445652 0.178937
1.54017 1.45799
-0.828561 -1.13928
-0.198513 2.34783
1.0142 -0.368016
0.860318 0.963202
0.915201 0.344501
1.25976 0.883786
0.487472 0.168332
1.53618 1.41582
-0.76795 -1.0951
-0.244639 2.33415
1.10243 -0.344013
0.795151 0.867118
1.06216 0.448347
1.05725 0.736096
0.889415 0.491587
1.22141 0.761727
0.647572 0.342545
1.48884 1.02173
-0.204912 -0.53861
-1.22777 1.47374
0.698323 1.23105
0.832827 0.134118
1.37045 1.1161
0.0458218 -0.31386
-1.43537 -0.286585
-0.738626 1.02075
0.703727 1.14713
0.909146 0.21404
1.29873 1.00024
0.312995 -0.0253161
1.05 1.34814
0.319444 -0.189903
0.427861 0.641913
1.56051 0.81424
-0.32376 -0.617424
-0.989721 1.6918
1.743 2.21237
-1.95863 0.0483907
-0.62526 0.396478
-1.33629 -0.231113
-0.784483 1.08247
0.761768 1.22841
0.766053 0.112381
1.41652 1.18515
-0.14279 -0.516589
-1.3335 1.33226
-0.0820625 0.267859
0.609876 0.925712
1.20371 0.434981
0.865123 0.63797
1.16015 0.63767
0.824917 0.516283
1.27047 0.756681
0.566444 0.283166
1.54538 1.17352
-0.549523 -0.887606
-0.509633 2.11491
1.65543 -0.0893042
-0.947329 -0.972846
-0.290024 2.07507
1.38974 -0.174797
0.287706 0.224529
1.50906 1.60592
-0.898872 -1.20748
-0.140998 2.36661
0.898552 -0.408032
0.840233 0.98788
0.913869 0.326508
1.26708 0.900129
0.460722 0.139914
1.51423 1.47551
-0.761849 -1.10435
-0.240009 2.34841
1.08235 -0.354039
0.807645 0.887468
1.03304 0.427425
1.10113 0.766949
0.813693 0.439397
1.31814 0.83232
0.416206 0.127091
1.4866 1.53161
-0.741235 -1.10461
-0.246279 2.35915
1.08315 -0.358685
0.799294 0.879855
1.04767 0.436064
1.08018 0.753137
0.849698 0.464292
1.27317 0.797681
0.531338 0.238572
1.55521 1.27443
-0.686337 -1.01236
-0.334178 2.2661
1.29957 -0.284493
0.455265 0.447119
1.5977 1.06811
-0.668232 -0.961939
-0.381489 2.20697
1.41583 -0.237147
0.11284 0.0287453
0.480664 0.737458
1.46485 0.658658
0.134779 -0.107745
-0.134665 -0.00919818
-1.12267 -0.593183
-0.544843 1.56063
1.93137 1.11389
-1.90089 0.308886
-0.759361 0.252058
-1.38732 0.615296
-1.20223 0.244639
-1.13952 0.792323
-1.21038 -0.191746
-0.831451 1.16377
0.891244 1.39918
0.440899 -0.151035
0.992026 1.26068
0.483539 -0.0362102
1.31864 1.49068
-0.265782 -0.723398
-0.934427 1.78923
1.90676 1.96099
-1.97078 1.03751
-0.407145 0.182112
-1.36558 -0.266507
-0.757648 1.07876
0.859566 1.34586
0.535398 -0.066237
1.31474 1.46548
-0.22639 -0.680375
-1.03204 1.70584
1.70234 2.24013
-1.92919 -0.200292
-0.57743 0.539566
-0.812732 -0.486384
-0.721225 1.63507
1.93714 1.59512
-1.94878 0.828929
-0.599214 0.0915168
-1.40646 0.74317
-1.18313 0.0514083
-1.01637 0.988635
-0.591622 -0.280978
-1.07953 1.41191
0.919271 1.48476
0.310003 -0.282685
-0.112129 -0.00613478
-1.01466 -0.612524
-0.546189 1.66289
1.92143 0.82911
-1.86051 0.0793245
-0.752 0.394233
-1.40553 0.167868
-1.02283 0.725778
-1.24182 -0.208732
-0.813294 1.15109
0.913919 1.42372
0.38765 -0.19702
0.674175 0.926247
1.13669 0.420744
0.972658 0.71056
1.00149 0.546763
1.07574 0.680326
0.906865 0.533171
1.18194 0.720296
0.738231 0.42272
1.3922 0.877784
0.206681 -0.0864716
0.391523 0.613937
1.59995 0.89143
-0.548404 -0.837514
-0.555974 2.05003
1.75356 0.0487457
-1.37631 -0.968017
-0.297052 1.59273
1.74494 0.339059
-1.2098 -1.07046
-0.217135 1.89184
1.43451 -0.0688302
0.21306 0.116739
1.19264 1.50297
-0.0578458 -0.553693
-1.4008 1.23619
-0.485854 -0.115815
-1.34808 1.05112
-0.894003 -0.315405
-0.834036 1.44696
1.62371 2.13199
-1.74649 -0.871551
-0.347793 1.08937
1.81303 1.67576
-1.85898 -0.304628
-0.598729 0.626343
-0.519248 -0.296529
-1.13352 1.39677
0.696584 1.20979
0.85592 0.155811
1.35176 1.08168
0.123588 -0.228445
-0.8632 -0.617915
-0.584645 1.75272
1.92214 0.719977
-1.85374 0.079792
-0.758816 0.397036
-1.40481 0.176612
-1.02793 0.719235
-1.25154 -0.185743
-0.828141 1.12578
0.755397 1.22815
0.773219 0.115168
1.41223 1.17688
-0.122537 -0.494748
-1.38295 1.23651
-0.467139 -0.105368
-1.37517 0.992885
-0.996968 -0.280243
-0.820693 1.37348
1.51586 2.07044
-1.4583 -1.28844
-0.108664 1.74603
1.40357 7.71469e-05
0.377071 0.293323
1.60102 1.41928
-1.00709 -1.20884
-0.128746 2.26038
0.978085 -0.339048
0.937352 1.04202
0.763719 0.240584
1.41925 1.05724
-0.0226952 -0.364542
-1.54313 0.354372
-1.05771 0.448511
-1.31302 0.493486
-1.21234 0.439722
-1.23814 0.539615
-1.25863 0.379236
-1.19041 0.610829
-1.28667 0.235794
-1.10142 0.755182
-1.23872 -0.161325
-0.848032 1.11807
0.639425 1.08398
1.03762 0.29019
1.14576 0.872079
0.672762 0.304366
1.47756 1.04868
-0.191303 -0.53095
-1.25431 1.44172
0.510035 0.990564
1.25794 0.402701
0.780969 0.58971
1.27094 0.699892
0.604738 0.336193
1.51964 1.06514
-0.352562 -0.691193
-0.874693 1.79923
1.95309 1.72555
-1.94797 1.15653
-0.326299 0.223379
-1.0275 -0.573116
-0.574352 1.61714
1.93859 1.06168
-1.90139 0.362662
-0.76501 0.222966
-1.36969 0.697822
-1.20899 0.120579
-1.05579 0.911657
-0.924998 -0.409836
-0.738204 1.52302
1.85014 1.93269
-1.9657 0.448675
-0.667951 0.202896
-1.4173 0.572147
-1.182 0.295124
-1.17873 0.742279
-1.25342 -0.04755
-0.925832 1.02005
-0.146863 0.12132
-0.586739 -0.415144
-0.945009 1.56405
1.62299 2.18055
-1.78032 -0.799964
-0.378308 1.00957
1.71039 1.88619
-1.75618 -0.758818
-0.411202 0.999212
1.64975 1.93806
-1.6529 -1.00528
-0.284985 1.28108
1.85867 0.969246
-1.74323 -0.536299
-0.542751 0.858244
0.912455 1.37053
0.450048 -0.127035
1.07902 1.33963
0.293845 -0.201733
0.244288 0.420546
1.65249 1.46229
-1.24364 -1.23799
-0.116404 1.99599
1.2007 -0.169218
0.818023 0.820926
1.07594 0.484949
1.02278 0.699433
0.954935 0.539563
1.12945 0.701462
0.824651 0.482138
1.28809 0.788477
0.509978 0.224455
1.55785 1.32001
-0.742907 -1.05972
-0.277754 2.30401
1.18137 -0.317848
0.697692 0.741544
1.25298 0.57955
0.710721 0.466455
1.39807 0.843794
0.217544 -0.0662396
0.543847 0.798948
1.3647 0.567684
0.476801 0.266768
1.57866 1.30789
-0.809363 -1.09834
-0.230892 2.31377
1.09806 -0.335617
0.813817 0.885087
1.02879 0.428238
1.10566 0.768206
0.807079 0.435445
1.32591 0.83836
0.39502 0.105899
1.44878 1.55592
-0.661103 -1.05796
-0.31014 2.3304
1.20975 -0.32638
0.626621 0.661396
1.37282 0.674938
0.398235 0.159845
1.5107 1.53071
-0.814833 -1.14785
-0.196012 2.36715
0.992398 -0.381635
0.854187 0.96692
0.918189 0.342646
1.25745 0.884247
0.491158 0.1711
1.53767 1.40819
-0.764688 -1.09148
-0.248162 2.33156
1.1104 -0.341467
0.787194 0.856377
1.07874 0.459559
1.03169 0.718343
0.931539 0.518979
1.1649 0.726001
0.758873 0.432414
1.37035 0.859142
0.276758 -0.0121262
0.988236 1.29513
0.450236 -0.0771638
1.19978 1.43675
0.0129021 -0.464935
-1.54041 0.65968
-1.11802 0.135933
-1.10221 0.942817
-0.916216 -0.396437
-0.753266 1.51417
1.82672 1.98912
-1.9635 0.329619
-0.668992 0.253957
-1.4297 0.41397
-1.13189 0.477683
-1.28878 0.470034
-1.21538 0.47979
-1.25179 0.477365
-1.23456 0.477557
-1.24238 0.479561
-1.23955 0.475587
-1.23945 0.482007
-1.24171 0.472179
-1.23728 0.48689
-1.24432 0.46483
-1.23345 0.497502
-1.24943 0.448369
-1.22488 0.520555
-1.25984 0.410688
-1.20444 0.569698
-1.27846 0.320524
-1.15223 0.671514
-1.28909 0.0817916
-1.00434 0.890412
-0.889874 -0.420032
-0.743906 1.54647
1.86554 1.90145
-1.9671 0.543477
-0.657367 0.168368
-1.40879 0.649833
-1.19302 0.189875
-1.10823 0.854129
-1.11106 -0.332276
-0.745464 1.34902
1.62024 2.09227
-1.70928 -0.944162
-0.313604 1.17733
1.86257 1.34106
-1.84384 -0.247275
-0.637083 0.599072
-0.812629 -0.475699
-0.7309 1.62436
1.92774 1.66292
-1.95356 0.815379
-0.597319 0.0981463
-1.41153 0.720368
-1.1856 0.0856534
-1.03985 0.95703
-0.760727 -0.373307
-0.855353 1.53082
1.71663 2.14718
-1.90651 -0.281131
-0.567247 0.593298
-0.521327 -0.302986
-1.12459 1.40656
0.760473 1.29072
0.703016 0.0462674
1.43107 1.2991
-0.306599 -0.701449
-0.91313 1.78666
1.92117 1.89758
-1.96438 1.07869
-0.380255 0.194641
-1.28776 -0.410288
-0.664801 1.25962
1.61873 2.05668
-1.67767 -0.997002
-0.287064 1.24876
1.863 1.05947
-1.77437 -0.455008
-0.574704 0.778688
0.395847 0.730072
1.54682 0.725217
-0.214457 -0.491818
-1.26979 1.40206
0.320763 0.748464
1.60316 0.772457
-0.49419 -0.771634
-0.658872 1.95494
1.90654 0.449909
-1.82172 -0.0293837
-0.747617 0.480471
-1.34669 -0.132919
-0.849187 1.00309
0.106194 0.407305
1.55725 1.69532
-1.15252 -1.29291
-0.0773185 2.16589
0.981988 -0.296556
0.996835 1.08261
0.660997 0.17048
1.48637 1.21609
-0.383951 -0.752125
-0.776384 1.88998
1.98764 1.0429
-1.91108 0.931062
-0.60325 0.0470137
-1.37442 0.867508
-1.1345 -0.142316
-0.886986 1.17957
0.733969 1.21153
0.813257 0.140455
1.38584 1.12376
0.000417729 -0.360173
-1.53738 0.204275
-0.997379 0.577383
-1.34146 0.127844
-1.01841 0.811786
-1.10383 -0.373122
-0.71521 1.38792
1.72765 2.06779
-1.88586 -0.349607
-0.555169 0.642735
-0.20386 0.00359866
-1.31004 -0.434468
-0.646917 1.25539
1.64388 2.0516
-1.7271 -0.889337
-0.342505 1.11965
1.83433 1.58892
-1.8658 -0.23176
-0.626529 0.577947
-0.855394 -0.492845
-0.695307 1.62913
1.94292 1.50952
-1.94315 0.791023
-0.628594 0.0863996
-1.38177 0.814078
-1.16663 -0.0608774
-0.939378 1.09287
0.132896 0.454177
1.63194 1.61964
-1.31714 -1.25117
-0.115871 1.90752
1.27757 -0.111581
0.687037 0.664053
1.31434 0.653931
0.547279 0.30481
1.55582 1.16556
-0.582034 -0.91258
-0.467525 2.15017
1.5765 -0.156968
-0.570393 -0.714811
-0.65648 1.90093
1.92496 0.573085
-1.8514 0.136648
-0.77872 0.364282
-1.40646 0.330787
-1.10664 0.579544
-1.3157 0.248328
-1.09812 0.724036
-1.26515 -0.0963065
-0.888977 1.04773
0.139128 0.453969
1.63572 1.60922
-1.32001 -1.24789
-0.118158 1.90079
1.28673 -0.10646
0.667216 0.641318
1.34687 0.681548
0.457665 0.214577
1.56167 1.40243
-0.843642 -1.13591
-0.197418 2.33316
1.0257 -0.358954
0.864703 0.961886
0.911878 0.344539
1.26301 0.885044
0.480647 0.162302
1.53246 1.43067
-0.771677 -1.10054
-0.239734 2.33859
1.09056 -0.348132
0.805689 0.881894
1.03958 0.432872
1.09111 0.759539
0.831639 0.452259
1.29577 0.814338
0.475544 0.185568
1.54598 1.41229
-0.798248 -1.11254
-0.224042 2.33717
1.06614 -0.352139
0.831188 0.915171
0.986211 0.396875
1.16653 0.811754
0.692653 0.348263
1.45371 0.983646
-0.0571322 -0.380963
-1.53311 0.608109
-1.12203 0.198404
-1.14409 0.874669
-1.10179 -0.32395
-0.75406 1.34864
1.60366 2.09103
-1.67369 -1.01635
-0.275826 1.26774
1.85633 0.97442
-1.7376 -0.555149
-0.534119 0.875757
1.01532 1.49041
0.192981 -0.360698
-1.12728 -0.654468
-0.49937 1.61042
1.90713 0.810191
-1.83564 -0.0871366
-0.713273 0.506651
-1.27514 -0.307923
-0.737859 1.19552
1.31154 1.86382
-0.745905 -1.2067
-0.175435 2.47961
0.852318 -0.470267
0.669359 0.82548
1.22045 0.510319
0.803452 0.562758
1.26529 0.719292
0.602115 0.326439
1.52259 1.08015
-0.376995 -0.717117
-0.820998 1.84321
1.98656 1.37486
-1.92467 1.13396
-0.391945 0.159244
-1.37927 -0.241316
-0.773069 1.04755
0.664394 1.10309
0.99311 0.266439
1.20249 0.914254
0.555805 0.206598
1.53919 1.28565
-0.63876 -0.97995
-0.380951 2.23472
1.39337 -0.255367
0.177677 0.109298
1.07369 1.40343
0.226488 -0.285378
-0.598918 -0.474752
-0.873479 1.63175
1.8174 2.08664
-1.9768 0.425716
-0.649065 0.219818
-1.43104 0.473222
-1.15157 0.410914
-1.25378 0.586994
-1.25998 0.299057
-1.14803 0.70487
-1.27663 0.00389823
-0.955673 0.962114
-0.50939 -0.229798
-1.21335 1.29348
0.0498481 0.399472
1.46535 1.72278
-0.915832 -1.24423
-0.115677 2.38998
0.831531 -0.441042
0.741628 0.908181
1.08262 0.422744
1.04355 0.745231
0.898539 0.489399
1.21356 0.761138
0.660576 0.351946
1.47727 1.00085
-0.147671 -0.476682
-1.37106 1.24772
-0.420365 -0.068907
-1.44295 0.779425
-1.15426 0.000143917
-0.988759 1.05
-0.253962 0.0156922
-1.39295 -0.268824
-0.753676 1.05273
0.77167 1.2354
0.748195 0.101028
1.42562 1.21039
-0.194455 -0.573011
-1.2007 1.51898
0.924944 1.51876
0.262817 -0.333665
-0.660239 -0.525029
-0.776736 1.69215
1.94222 1.64892
-1.95057 0.948813
-0.519249 0.108787
-1.45863 0.473877
-1.13848 0.393248
-1.25178 0.61437
-1.26299 0.249936
-1.11861 0.755396
-1.24196 -0.140262
-0.862535 1.09959
0.495819 0.902154
1.34078 0.485802
0.571921 0.381134
1.53433 1.03607
-0.382031 -0.713245
-0.820153 1.84078
1.98605 1.37888
-1.92505 1.13184
-0.39371 0.15824
-1.38349 -0.230009
-0.780089 1.03549
0.57967 0.996179
1.1783 0.380812
0.926519 0.702863
1.05486 0.56631
1.00394 0.642331
1.01447 0.597022
1.03165 0.632631
0.989954 0.595186
1.05958 0.642712
0.951178 0.574342
1.11317 0.672482
0.865637 0.519027
1.23013 0.743521
0.64642 0.349837
1.48818 1.01371
-0.195604 -0.527609
-1.25264 1.44165
0.514275 0.995763
1.24919 0.39709
0.799527 0.60632
1.24343 0.680291
0.667068 0.392218
1.46162 0.948986
-0.0525874 -0.368285
-1.53808 0.527391
-1.10905 0.284398
-1.20613 0.773002
-1.23165 -0.085901
-0.903795 1.06635
0.161526 0.484031
1.66844 1.52443
-1.35732 -1.21445
-0.142521 1.8214
1.38834 -0.0438637
0.4038 0.332981
1.61332 1.31949
-0.957363 -1.17282
-0.155404 2.27507
1.00894 -0.337453
0.914556 1.00993
0.817359 0.281896
1.36823 0.984532
0.176366 -0.147342
-0.110658 0.012732
-0.925966 -0.601135
-0.577402 1.70628
1.92909 0.819742
-1.86993 0.167558
-0.767938 0.338607
-1.40794 0.38563
-1.13015 0.522539
-1.30121 0.383595
-1.17423 0.587105
-1.29208 0.275588
-1.12228 0.711987
-1.27449 -0.0395515
-0.926421 0.997272
-0.252551 0.00685481
-1.40549 -0.2384
-0.772358 1.01904
0.5414 0.945968
1.25964 0.43353
0.766561 0.566654
1.29769 0.72511
0.536085 0.27002
1.55875 1.22642
-0.651881 -0.978126
-0.376153 2.23041
1.38983 -0.253779
0.193313 0.127671
1.17172 1.4905
-0.0108583 -0.510047
-1.49498 0.948989
-1.02065 -0.190623
-0.886362 1.28441
1.11417 1.68179
-0.175421 -0.735131
-1.03038 1.73885
1.74956 2.23301
-1.96982 0.14272
-0.631575 0.348893
-1.39669 -0.0419646
-0.899431 0.891801
-0.604147 -0.311917
-1.03624 1.45257
1.17337 1.78853
-0.404469 -0.956223
-0.551315 2.16873
1.67097 -0.108797
-1.05467 -1.00395
-0.258254 2.00744
1.39906 -0.138101
0.289931 0.219928
1.50537 1.60577
-0.8874 -1.20226
-0.14611 2.37114
0.903137 -0.408472
0.838834 0.985053
0.917819 0.329587
1.2622 0.895829
0.473085 0.151753
1.52498 1.45034
-0.768502 -1.10285
-0.23906 2.34307
1.08552 -0.351062
0.808047 0.886321
1.03358 0.428374
1.10009 0.765936
0.815756 0.440984
1.31555 0.830114
0.423338 0.134234
1.49718 1.52061
-0.760505 -1.1139
-0.233771 2.36053
1.06139 -0.363445
0.818915 0.906838
1.00562 0.407353
1.1409 0.795218
0.740777 0.385344
1.40365 0.916
0.145285 -0.158399
-0.36173 -0.252679
-1.34934 1.14549
-0.684131 -0.259228
-1.02146 1.41119
1.09259 1.6875
-0.153955 -0.722448
-1.07328 1.70295
1.63496 2.24335
-1.84162 -0.6276
-0.445261 0.847183
1.24958 1.72503
-0.441605 -0.954382
-0.524205 2.17984
1.62914 -0.144795
-0.854779 -0.921416
-0.346 2.08479
1.46092 -0.163353
0.00970025 -0.105105
-0.86029 -0.599665
-0.601157 1.7351
1.93575 0.824424
-1.87788 0.247216
-0.77756 0.290014
-1.39264 0.545424
-1.18911 0.340427
-1.20115 0.68317
-1.27402 0.0942546
-1.01695 0.891295
-0.911882 -0.419439
-0.735187 1.53744
1.86542 1.8942
-1.9661 0.53028
-0.660883 0.172114
-1.40843 0.646582
-1.19318 0.194645
-1.1113 0.849208
-1.12154 -0.322259
-0.750973 1.33336
1.58271 2.08168
-1.62034 -1.10523
-0.226201 1.39497
1.78047 0.556496
-1.37325 -1.04395
-0.249119 1.65843
1.64971 0.178379
-0.716344 -0.87352
-0.431368 2.08739
1.57433 -0.12316
-0.519341 -0.673789
-0.736375 1.8419
1.97793 1.02773
-1.91208 0.810812
-0.673994 0.0500399
-1.31884 0.962009
-1.03633 -0.287198
-0.801439 1.35878
1.52772 2.07133
-1.48635 -1.26456
-0.12548 1.68899
1.47195 0.0531951
0.139269 0.00950434
0.522487 0.784881
1.39515 0.589294
0.385272 0.170457
1.51483 1.53766
-0.836099 -1.16094
-0.182491 2.36691
0.969692 -0.387332
0.858742 0.979863
0.902071 0.329006
1.27776 0.90269
0.439024 0.120888
1.49087 1.51269
-0.731611 -1.094
-0.256964 2.35073
1.10792 -0.350539
0.777253 0.848956
1.09458 0.468146
1.00768 0.702449
0.96952 0.542474
1.11252 0.694552
0.851457 0.499548
1.25401 0.764898
0.590215 0.29859
1.53214 1.12801
-0.45657 -0.799037
-0.662308 1.97821
1.89969 0.406354
-1.8102 -0.0836757
-0.734137 0.521019
-1.27868 -0.293044
-0.74799 1.18128
1.24195 1.7935
-0.521714 -1.04006
-0.395189 2.31632
1.34993 -0.302762
0.269591 0.229018
1.49836 1.61943
-0.882638 -1.20336
-0.146198 2.37648
0.898233 -0.412275
0.830665 0.978836
0.931687 0.337685
1.24571 0.883221
0.51234 0.188271
1.544 1.36175
-0.736469 -1.0639
-0.276911 2.31192
1.17329 -0.322665
0.706771 0.753922
1.23548 0.566416
0.7489 0.500124
1.34881 0.794772
0.376821 0.103342
1.43026 1.56668
-0.624156 -1.03496
-0.34442 2.3079
1.28094 -0.307071
0.477524 0.479347
1.57751 0.994092
-0.522377 -0.832164
-0.579129 2.03857
1.78651 0.103628
-1.50368 -0.85654
-0.377635 1.34457
1.88836 1.11082
-1.84136 -0.171787
-0.672867 0.554416
-1.08568 -0.486201
-0.630949 1.49725
1.90659 1.63498
-1.94825 0.556224
-0.68892 0.149445
-1.37791 0.759695
-1.19129 0.022928
-0.993242 1.0078
-0.447004 -0.170219
-1.33745 1.10817
-0.766394 -0.297267
-0.923869 1.45428
1.45779 2.06074
-1.31558 -1.36779
-0.0464878 2.00987
1.08009 -0.200698
0.9936 1.01597
0.727834 0.244205
1.44567 1.07752
-0.118138 -0.464853
-1.41889 1.14348
-0.730755 -0.258378
-0.986303 1.41489
1.20431 1.81216
-0.485041 -1.02326
-0.432221 2.28726
1.42607 -0.276392
0.0160052 -0.0788321
-0.693013 -0.513362
-0.76571 1.67962
1.94068 1.64165
-1.95063 0.92361
-0.537389 0.10298
-1.44937 0.550746
-1.16188 0.308233
-1.19545 0.731737
-1.25712 -0.0109043
-0.950472 0.988769
-0.380312 -0.116831
-1.44445 0.818105
-1.13749 -0.0532433
-0.954237 1.10492
0.126747 0.448954
1.62287 1.63574
-1.30231 -1.25966
-0.109174 1.93514
1.24364 -0.131648
0.754247 0.74141
1.19799 0.567978
0.809861 0.541176
1.27128 0.737615
0.578422 0.30031
1.53891 1.13778
-0.491096 -0.831236
-0.60317 2.03001
1.81728 0.162471
-1.60877 -0.699652
-0.473866 1.10645
1.70318 1.94773
-1.77911 -0.71431
-0.428446 0.949201
1.53488 1.93464
-1.35658 -1.31236
-0.0836656 1.90527
1.23216 -0.11909
0.788506 0.772926
1.14161 0.533363
0.91196 0.618753
1.12589 0.643956
0.867823 0.536101
1.2187 0.727648
0.676345 0.378225
1.45841 0.959414
-0.0511154 -0.369175
-1.53842 0.524308
-1.10829 0.287441
-1.20837 0.769044
-1.23412 -0.0761246
-0.910212 1.05694
0.0897879 0.396643
1.52209 1.71105
-1.06342 -1.28637
-0.0796882 2.27167
0.883768 -0.372954
0.916578 1.06282
0.765903 0.226929
1.41908 1.07014
-0.0344907 -0.379685
-1.54192 0.491108
-1.0994 0.319534
-1.23183 0.725077
-1.25265 0.0290521
-0.97925 0.960415
-0.590466 -0.287345
-1.07403 1.41916
0.960491 1.53565
0.201668 -0.383352
-1.1799 -0.637852
-0.508263 1.54651
1.92107 1.01713
-1.879 0.136452
-0.749574 0.353748
-1.41295 0.29497
-1.08712 0.608991
-1.31843 0.162595
-1.04664 0.800365
-1.15239 -0.322153
-0.744891 1.31039
1.55267 2.06473
-1.53675 -1.21113
-0.161136 1.58025
1.59858 0.183661
-0.421146 -0.621247
-0.881065 1.74668
1.915 1.88608
-1.96628 1.0016
-0.447287 0.155344
-1.44226 0.0116648
-0.922705 0.810283
-0.951053 -0.445536
-0.698331 1.54427
1.89792 1.75645
-1.95892 0.637394
-0.654177 0.132313
-1.39183 0.742355
-1.19018 0.0517713
-1.01426 0.98398
-0.602998 -0.289331
-1.06051 1.4259
1.02313 1.61104
0.0334132 -0.543753
-1.51136 0.907784
-1.04756 -0.147083
-0.911853 1.23377
0.849826 1.36294
0.527119 -0.0817882
1.28286 1.45674
-0.153249 -0.6137
-1.20612 1.53662
0.966474 1.57317
0.148398 -0.44199
-1.47873 -0.207789
-0.783565 0.922368
0.0237344 0.297467
1.16738 1.53014
-0.0541448 -0.56398
-1.39443 1.25488
-0.4256 -0.0677182
-1.43962 0.790346
-1.15191 -0.0153944
-0.97798 1.06456
-0.150213 0.126021
-0.581563 -0.410664
-0.954186 1.55789
1.59643 2.17236
-1.72526 -0.937959
-0.313741 1.15782
1.85761 1.39346
-1.84867 -0.242638
-0.635513 0.593487
-0.82884 -0.482168
-0.717048 1.62662
1.9348 1.60301
-1.94942 0.813698
-0.605942 0.0927255
-1.4024 0.753926
-1.18213 0.0348782
-1.00483 1.00347
-0.500894 -0.213875
-1.23843 1.26011
-0.142893 0.180428
-0.233162 -0.0827038
-1.48784 0.0745237
-0.947336 0.721253
-1.19236 -0.322191
-0.738098 1.27868
1.50502 2.03305
-1.39217 -1.32262
-0.081472 1.86472
1.26461 -0.0926589
0.731224 0.705125
1.24541 0.60532
0.709749 0.455203
1.40367 0.856136
0.193016 -0.0942323
0.279158 0.477363
1.6716 1.29856
-1.17851 -1.21355
-0.126336 2.05997
1.1587 -0.207546
0.865063 0.885008
0.977199 0.416522
1.16783 0.798848
0.700812 0.359925
1.44424 0.965357
-0.0123132 -0.330944
-1.52681 0.123053
-0.961444 0.648238
-1.29625 -0.124081
-0.863615 1.04209
0.226004 0.55836
1.69654 1.25546
-1.2501 -1.19914
-0.140512 1.95328
1.27415 -0.135004
0.678678 0.661857
1.32361 0.658311
0.52459 0.283241
1.56522 1.22232
-0.672855 -0.992739
-0.355102 2.24481
1.34778 -0.267522
0.326051 0.289224
1.591 1.50401
-1.05732 -1.23891
-0.108334 2.23325
0.96948 -0.32962
0.95835 1.06196
0.722561 0.210893
1.45143 1.11805
-0.174726 -0.530633
-1.27616 1.41664
0.359219 0.799146
1.54375 0.666993
-0.172885 -0.438548
-1.38033 1.20788
-0.545768 -0.166195
-1.24072 1.22367
-0.282941 0.0321393
-1.4129 -0.204193
-0.793655 0.988156
0.295908 0.635854
1.66004 0.985041
-0.893859 -1.08958
-0.218599 2.2433
1.14041 -0.296138
0.801284 0.852078
1.06809 0.460537
1.04433 0.723262
0.913642 0.509182
1.18822 0.73953
0.715242 0.398712
1.42047 0.914334
0.100109 -0.203624
-0.864264 -0.614806
-0.586865 1.74908
1.92448 0.737049
-1.85809 0.107015
-0.763098 0.378903
-1.40843 0.247156
-1.06473 0.656068
-1.30637 0.0219461
-0.960337 0.924334
-0.670199 -0.343333
-0.948854 1.49995
1.49883 2.10434
-1.45667 -1.30078
-0.101085 1.75851
1.38289 -0.0120829
0.441661 0.369152
1.60752 1.20673
-0.829231 -1.09135
-0.230779 2.29283
1.11633 -0.322902
0.804794 0.868201
1.05162 0.445373
1.07124 0.743736
0.867339 0.477697
1.24982 0.780351
0.586185 0.289038
1.53473 1.14468
-0.481938 -0.824618
-0.616632 2.01894
1.83722 0.210147
-1.66762 -0.576262
-0.53987 0.958349
1.26193 1.76135
-0.512757 -1.02047
-0.41702 2.28821
1.40361 -0.280807
0.10203 0.0237992
0.397862 0.636759
1.5868 0.850981
-0.462701 -0.755505
-0.701003 1.92526
1.94766 0.656804
-1.87858 0.391657
-0.798018 0.207788
-1.33944 0.774966
-1.20065 -0.0114587
-0.965593 1.03002
-0.256588 0.00907065
-1.4084 -0.228951
-0.778183 1.00962
0.470943 0.8567
1.39858 0.538131
0.398825 0.197428
1.54377 1.49987
-0.887806 -1.17841
-0.161256 2.34494
0.953877 -0.38222
0.877157 1.00224
0.863071 0.301826
1.32265 0.943849
0.314968 -0.0032664
1.11839 1.41114
0.160103 -0.337206
-1.16815 -0.634711
-0.511063 1.55514
1.9214 1.00294
-1.87778 0.133591
-0.750124 0.355796
-1.41273 0.289714
-1.08464 0.614063
-1.31802 0.147955
-1.0378 0.813261
-1.12181 -0.352891
-0.727229 1.35819
1.6667 2.08951
-1.79778 -0.710584
-0.422467 0.932745
1.51617 1.92453
-1.29676 -1.33283
-0.0650814 2.00594
1.11283 -0.191459
0.954456 0.970851
0.810956 0.306945
1.36761 0.962924
0.197046 -0.120722
0.159033 0.32956
1.51425 1.67667
-0.999134 -1.26204
-0.096691 2.32222
0.86399 -0.401138
0.854841 1.01285
0.876383 0.298223
1.31135 0.941293
0.340593 0.0208366
1.23292 1.49614
-0.113813 -0.596473
-1.27923 1.4495
0.47309 0.947365
1.33115 0.451543
0.607824 0.424823
1.49786 0.949988
-0.175485 -0.493974
-1.31705 1.34316
-0.0100587 0.348024
1.20989 1.57755
-0.179783 -0.686775
-1.08312 1.67595
1.57369 2.21293
-1.71517 -0.976362
-0.292865 1.19634
1.86404 1.21809
-1.81498 -0.340942
-0.611989 0.675571
-0.34341 -0.133917
-1.46295 0.76225
-1.14915 0.0239361
-1.00816 1.03252
-0.394397 -0.11999
-1.43042 0.866974
-1.11546 -0.121493
-0.908829 1.17457
0.625133 1.07615
1.06019 0.300748
1.11562 0.85101
0.72961 0.348081
1.42442 0.961912
0.048903 -0.267819
-1.32181 -0.489799
-0.608599 1.28443
1.74323 1.99643
-1.87645 -0.361575
-0.557531 0.654043
-0.157478 0.0550983
-0.965791 -0.600792
-0.566547 1.68347
1.92797 0.844104
-1.87049 0.158449
-0.764913 0.343744
-1.40929 0.363078
-1.12 0.54508
-1.30897 0.332232
-1.146 0.641958
-1.29791 0.141791
-1.04022 0.833518
-1.08538 -0.376428
-0.716615 1.40365
1.74604 2.05758
-1.90648 -0.230147
-0.589442 0.56189
-0.769899 -0.465303
-0.763558 1.62239
1.9083 1.78841
-1.96257 0.789761
-0.592801 0.11119
-1.42131 0.671995
-1.18613 0.155545
-1.08801 0.891684
-1.01866 -0.388606
-0.724014 1.45655
1.79885 2.01023
-1.94803 0.118217
-0.658224 0.356836
-1.40418 0.0184359
-0.935308 0.841452
-0.886228 -0.436212
-0.731363 1.56323
1.88877 1.82346
-1.96394 0.64637
-0.642607 0.134978
-1.4012 0.712748
-1.19196 0.0973972
-1.04583 0.942754
-0.818251 -0.393224
-0.802851 1.54146
1.80008 2.06091
-1.96169 0.223642
-0.6592 0.304804
-1.42854 0.210299
-1.03857 0.671013
-1.2967 -0.0523404
-0.912703 0.988709
-0.236767 0.0212843
-1.34815 -0.365928
-0.692016 1.16663
1.36607 1.90403
-0.912112 -1.29754
-0.083758 2.44972
0.714627 -0.514076
0.32608 0.455766
1.6566 1.24977
-1.07504 -1.19535
-0.134764 2.17054
1.0715 -0.276315
0.927898 0.985896
0.825313 0.301401
1.35658 0.961514
0.224379 -0.0939485
0.443478 0.675248
1.53204 0.757155
-0.17053 -0.451853
-1.36927 1.23618
-0.452901 -0.0970367
-1.3953 0.942465
-1.05942 -0.225587
-0.844084 1.29368
1.2703 1.84924
-0.648378 -1.14504
-0.25156 2.44556
1.01561 -0.410175
0.781958 0.891976
1.05519 0.428831
1.0745 0.755229
0.85497 0.465334
1.26767 0.795173
0.54333 0.24927
1.55277 1.24557
-0.648118 -0.979009
-0.377223 2.23215
1.39001 -0.254628
0.191499 0.125666
1.16141 1.48194
0.0147689 -0.485542
-1.53242 0.743513
-1.11238 0.0395439
-1.03361 1.03812
-0.451621 -0.166902
-1.33581 1.1084
-0.764663 -0.297191
-0.925099 1.45431
1.45512 2.0588
-1.30732 -1.37013
-0.0442562 2.02346
1.06379 -0.210891
1.00599 1.03464
0.696796 0.218401
1.46851 1.13001
-0.239344 -0.596502
-1.11544 1.60127
1.3612 2.02731
-1.0664 -1.3805
-0.0246442 2.35771
0.699616 -0.484617
0.415708 0.565602
1.59763 0.935993
-0.567835 -0.861015
-0.521769 2.08255
1.69223 -0.0393891
-1.11138 -1.02182
-0.245056 1.96393
1.41552 -0.111697
0.251723 0.169972
1.3857 1.61416
-0.572312 -1.01125
-0.389938 2.28008
1.37076 -0.28181
0.225912 0.172198
1.34744 1.60666
-0.475177 -0.935496
-0.516948 2.16403
1.63084 -0.134692
-0.853283 -0.921885
-0.346041 2.0862
1.45988 -0.164371
0.0131782 -0.100891
-0.821229 -0.583936
-0.630814 1.7326
1.94979 0.9403
-1.89862 0.442721
-0.773563 0.180625
-1.33867 0.80555
-1.18602 -0.0624724
-0.932586 1.08115
0.107266 0.421555
1.57625 1.68653
-1.20265 -1.28991
-0.0820368 2.09699
1.05488 -0.246748
0.981881 1.02942
0.728031 0.235243
1.44632 1.08725
-0.129398 -0.478415
-1.39168 1.20992
-0.550414 -0.166464
-1.23585 1.2283
-0.255399 0.059298
-1.30544 -0.425263
-0.653473 1.25321
1.62876 2.0533
-1.69656 -0.957767
-0.307844 1.19991
1.86636 1.26029
-1.8305 -0.283814
-0.629636 0.629696
-0.650267 -0.389764
-0.918092 1.54716
1.64145 2.17482
-1.80854 -0.711559
-0.41676 0.926045
1.51558 1.92212
-1.29246 -1.33346
-0.0642694 2.01246
1.10553 -0.196116
0.961485 0.980354
0.794971 0.294663
1.3843 0.983242
0.137958 -0.18451
-0.552781 -0.426132
-0.963893 1.56761
1.59583 2.17616
-1.72712 -0.935145
-0.31498 1.15401
1.85636 1.40781
-1.85033 -0.239582
-0.635606 0.59069
-0.840298 -0.48621
-0.708013 1.62733
1.93839 1.56541
-1.94688 0.806516
-0.614261 0.0898093
-1.39462 0.778504
-1.17744 -0.00355344
-0.978434 1.03881
-0.265312 0.00213138
-1.43128 -0.15733
-0.82114 0.937695
-0.0798253 0.181216
0.173216 0.383517
1.59311 1.63152
-1.19871 -1.27782
-0.0889528 2.09141
1.07115 -0.240381
0.967975 1.0104
0.760647 0.261179
1.41876 1.03743
-0.00276536 -0.339431
-1.5269 0.1134
-0.956483 0.655149
-1.28748 -0.151469
-0.846163 1.06975
0.433797 0.819906
1.45993 0.59336
0.182962 -0.0421551
0.491286 0.740071
1.45327 0.650142
0.17809 -0.0596993
0.37878 0.602333
1.61304 0.924172
-0.630396 -0.909708
-0.442939 2.14581
1.54704 -0.167529
-0.421728 -0.575272
-0.930799 1.69222
1.81788 2.12431
-1.98317 0.501749
-0.632841 0.196614
-1.43227 0.505998
-1.16034 0.371615
-1.23078 0.645854
-1.27063 0.18458
-1.07606 0.814239
-1.15273 -0.308483
-0.755226 1.29922
1.50881 2.04179
-1.41079 -1.31388
-0.0886748 1.83175
1.3036 -0.068192
0.64735 0.609369
1.38367 0.720203
0.342231 0.0920909
1.37571 1.57278
-0.495418 -0.940316
-0.498336 2.17552
1.59875 -0.159904
-0.699075 -0.818397
-0.485281 2.02472
1.68637 -0.0100872
-1.05438 -1.01662
-0.249818 2.0201
1.37679 -0.149325
0.359846 0.304205
1.6057 1.43168
-1.03724 -1.21975
-0.120581 2.23775
0.985715 -0.327107
0.950058 1.04805
0.744591 0.229149
1.43481 1.08217
-0.090604 -0.438613
-1.47294 0.97595
-1.00184 -0.22131
-0.868133 1.3199
1.27324 1.85889
-0.667015 -1.1601
-0.233576 2.45885
0.973171 -0.425757
0.778985 0.904212
1.0481 0.418486
1.08747 0.767006
0.830503 0.447279
1.2991 0.819372
0.4651 0.174731
1.53937 1.43746
-0.80296 -1.12055
-0.217345 2.34352
1.04943 -0.358347
0.840887 0.931102
0.962841 0.379794
1.19829 0.835155
0.627688 0.294501
1.50936 1.09775
-0.345391 -0.691028
-0.882495 1.79529
1.94666 1.76601
-1.95156 1.14442
-0.333903 0.219697
-1.07126 -0.566231
-0.571819 1.57878
1.93747 1.16493
-1.91095 0.413062
-0.754968 0.197519
-1.3618 0.744143
-1.20287 0.0451418
-1.00539 0.981597
-0.586835 -0.279726
-1.08526 1.40853
0.889962 1.44876
0.385182 -0.214897
0.58947 0.826818
1.29962 0.527852
0.646201 0.4338
1.46485 0.913375
-0.0340047 -0.341096
-1.53912 0.296522
-1.03715 0.501761
-1.33473 0.363802
-1.15098 0.592287
-1.30072 0.252325
-1.10586 0.729996
-1.26139 -0.100024
-0.887151 1.05359
0.174751 0.497886
1.67976 1.47461
-1.35621 -1.20497
-0.148142 1.81494
1.40144 -0.0371094
0.362054 0.283727
1.5948 1.45545
-1.02071 -1.21994
-0.121162 2.25647
0.969027 -0.339849
0.942477 1.05011
0.750684 0.230076
1.43023 1.07699
-0.0724441 -0.419233
-1.50408 0.83709
-1.09632 -0.0708229
-0.954818 1.14329
0.298703 0.664722
1.65087 0.931851
-0.816006 -1.03942
-0.270342 2.24172
1.22277 -0.282858
0.655683 0.680953
1.33345 0.646533
0.509641 0.273612
1.56981 1.25454
-0.722174 -1.03337
-0.304342 2.28045
1.2425 -0.298631
0.589058 0.608592
1.4369 0.745621
0.174948 -0.0848795
0.229559 0.418829
1.64861 1.49273
-1.25684 -1.24156
-0.115462 1.98135
1.21228 -0.160011
0.801528 0.800419
1.10812 0.506472
0.971122 0.663455
1.0357 0.589013
1.01264 0.631273
1.01209 0.603602
1.03021 0.627821
0.994667 0.599949
1.05155 0.637039
0.964262 0.582954
1.09436 0.661254
0.89692 0.540204
1.18789 0.716674
0.731911 0.420511
1.39848 0.882927
0.186 -0.108548
0.163291 0.336226
1.52835 1.67193
-1.03627 -1.27098
-0.0895246 2.28893
0.883935 -0.380196
0.901614 1.04951
0.794113 0.246242
1.39446 1.0328
0.0667585 -0.268971
-1.27012 -0.549501
-0.568192 1.38393
1.87354 1.70447
-1.9408 0.31272
-0.703224 0.254072
-1.41656 0.497968
-1.16576 0.389748
-1.23724 0.618849
-1.26896 0.238079
-1.10932 0.763862
-1.23213 -0.169822
-0.843175 1.12981
0.709343 1.17237
0.878697 0.187969
1.33005 1.03961
0.212066 -0.131135
0.186101 0.360565
1.57932 1.63385
-1.15555 -1.279
-0.0857287 2.14922
1.01168 -0.2811
0.990128 1.06166
0.688551 0.196786
1.47334 1.16137
-0.285923 -0.648447
-0.997763 1.70691
1.75184 2.21388
-1.96612 0.121578
-0.63261 0.358815
-1.38836 -0.0746599
-0.880273 0.922789
-0.403526 -0.150377
-1.39861 0.976119
-1.01885 -0.255483
-0.833381 1.34106
1.4175 1.99468
-1.14383 -1.37518
-0.0288438 2.25258
0.814389 -0.390832
0.864593 1.03738
0.843811 0.271048
1.34765 0.981824
0.226792 -0.0981183
0.434852 0.6643
1.54467 0.778256
-0.234917 -0.52202
-1.20879 1.48252
0.781467 1.33529
0.632421 -0.0134763
1.40881 1.40362
-0.36762 -0.784422
-0.757789 1.92316
1.97856 0.869558
-1.90253 0.770218
-0.708484 0.0488332
-1.2897 0.99972
-0.965772 -0.329335
-0.791052 1.43161
1.67291 2.12008
-1.82761 -0.622778
-0.456309 0.851919
1.22673 1.70494
-0.37552 -0.896646
-0.634038 2.07428
1.82501 0.1463
-1.64206 -0.625146
-0.51516 1.01838
1.47869 1.93755
-1.21703 -1.35361
-0.0456254 2.13431
0.959955 -0.289025
1.02393 1.11173
0.602193 0.123095
1.49727 1.32844
-0.540033 -0.911899
-0.494051 2.14554
1.61437 -0.134271
-0.758482 -0.863778
-0.421759 2.06351
1.57906 -0.107491
-0.528585 -0.684226
-0.718368 1.85653
1.97064 0.913107
-1.90471 0.684778
-0.734801 0.0751545
-1.29013 0.975115
-1.00883 -0.314991
-0.787601 1.39769
1.62503 2.11197
-1.73407 -0.89454
-0.337579 1.11728
1.83516 1.57843
-1.86387 -0.237757
-0.625474 0.582554
-0.833066 -0.485537
-0.712018 1.62879
1.93765 1.57702
-1.94764 0.812422
-0.609893 0.090482
-1.39822 0.768062
-1.1796 0.012923
-0.989762 1.02365
-0.369947 -0.100219
-1.46239 0.731232
-1.15698 0.066241
-1.03631 0.990726
-0.637648 -0.307907
-1.0111 1.45647
1.25156 1.87337
-0.648512 -1.15507
-0.244382 2.45842
0.992003 -0.421039
0.777758 0.896518
1.05569 0.425644
1.07531 0.757517
0.852297 0.462773
1.27143 0.798311
0.534073 0.240545
1.55467 1.26843
-0.678236 -1.00543
-0.34292 2.25951
1.31796 -0.278884
0.407414 0.388884
1.6224 1.22652
-0.90945 -1.13598
-0.185285 2.28048
1.0534 -0.329567
0.880307 0.961434
0.896308 0.340538
1.2795 0.894675
0.442506 0.126956
1.49794 1.50532
-0.744765 -1.10058
-0.24798 2.35256
1.09172 -0.354186
0.79479 0.871942
1.05863 0.444103
1.06347 0.74129
0.878331 0.483824
1.23615 0.77174
0.615918 0.315147
1.51494 1.08213
-0.350879 -0.693016
-0.874446 1.8006
1.95398 1.72074
-1.94747 1.15943
-0.323803 0.225045
-1.01079 -0.574122
-0.577059 1.62949
1.93893 1.03595
-1.89918 0.353431
-0.767109 0.227899
-1.37102 0.688911
-1.20945 0.134717
-1.06522 0.898427
-0.973199 -0.405239
-0.724527 1.49624
1.83853 1.94595
-1.96213 0.362259
-0.67332 0.23824
-1.42534 0.475916
-1.1551 0.411134
-1.25222 0.586704
-1.26061 0.299369
-1.14795 0.704205
-1.27696 0.0052944
-0.956539 0.960768
-0.51769 -0.236355
-1.19805 1.31036
0.159556 0.531141
1.69316 1.4491
-1.38515 -1.18477
-0.163702 1.75875
1.46773 0.0132661
0.133855 0.0100579
0.497627 0.755202
1.4381 0.630667
0.237113 0.00719986
0.926373 1.23865
0.579038 0.0273503
1.441 1.43094
-0.487156 -0.893335
-0.547274 2.11047
1.70473 -0.0442859
-1.18451 -1.02213
-0.24658 1.87956
1.48435 -0.0465807
0.016694 -0.115782
-0.87498 -0.606117
-0.590229 1.73566
1.92972 0.784529
-1.86811 0.170959
-0.770821 0.337249
-1.40685 0.396065
-1.1349 0.512144
-1.29695 0.406061
-1.1862 0.561526
-1.28483 0.330346
-1.15481 0.657189
-1.29241 0.115497
-1.02521 0.859953
-1.00731 -0.411553
-0.708588 1.48341
1.842 1.92634
-1.96051 0.360672
-0.675915 0.23818
-1.42425 0.482516
-1.15761 0.404013
-1.2478 0.597747
-1.26358 0.279112
-1.13534 0.724619
-1.26646 -0.0532815
-0.918765 1.01416
-0.145077 0.122189
-0.571436 -0.403406
-0.970756 1.54722
1.54657 2.14869
-1.60472 -1.15161
-0.198351 1.44983
1.72478 0.407096
-1.08395 -1.07547
-0.210372 2.04538
1.29851 -0.176349
0.579514 0.563562
1.46755 0.801408
0.03987 -0.239275
-1.26623 -0.546674
-0.570232 1.38572
1.87346 1.70709
-1.9412 0.315825
-0.702937 0.252624
-1.41629 0.501717
-1.16693 0.38532
-1.23454 0.625257
-1.27005 0.225247
-1.10123 0.775881
-1.21713 -0.205081
-0.820358 1.16858
0.951401 1.47122
0.289872 -0.28623
-0.244062 -0.149469
-1.50982 0.437553
-1.10218 0.396526
-1.27081 0.605425
-1.25453 0.268871
-1.13301 0.740393
-1.25564 -0.0906868
-0.894962 1.05119
0.129085 0.442499
1.61839 1.63897
-1.29057 -1.26389
-0.105405 1.95488
1.22062 -0.145599
0.79485 0.788463
1.12377 0.518373
0.944246 0.643622
1.07694 0.613996
0.948749 0.590905
1.10569 0.658787
0.884305 0.535807
1.20278 0.723767
0.704252 0.399084
1.42944 0.91967
0.0699192 -0.235744
-1.14415 -0.626219
-0.518695 1.57027
1.92291 0.988058
-1.878 0.144287
-0.752826 0.349512
-1.41247 0.316563
-1.09764 0.588904
-1.31809 0.219486
-1.08069 0.749664
-1.23858 -0.176811
-0.836895 1.12983
0.735615 1.20465
0.818353 0.146818
1.38212 1.11437
0.0191076 -0.339234
-1.50966 -0.0123802
-0.89342 0.760225
-1.02849 -0.444889
-0.675779 1.50031
1.88272 1.78743
-1.9582 0.530206
-0.674934 0.166079
-1.39669 0.69156
-1.19698 0.129712
-1.06634 0.910289
-0.945355 -0.406952
-0.732901 1.51133
1.84448 1.94047
-1.9643 0.408562
-0.670938 0.218861
-1.4212 0.530649
-1.17186 0.347004
-1.21255 0.678454
-1.27192 0.110998
-1.02857 0.878674
-0.966123 -0.416651
-0.717381 1.5102
1.85774 1.89798
-1.96367 0.462323
-0.670906 0.196041
-1.41307 0.59902
-1.18783 0.260394
-1.1553 0.780949
-1.22432 -0.151423
-0.858093 1.12209
0.61369 1.05274
1.09333 0.324012
1.0667 0.812805
0.820153 0.414741
1.32274 0.853728
0.389733 0.0958498
1.43133 1.55983
-0.618423 -1.02898
-0.351861 2.30085
1.29788 -0.301622
0.436855 0.429493
1.60978 1.11937
-0.762981 -1.0363
-0.288136 2.26658
1.2292 -0.293769
0.627061 0.651368
1.37835 0.684871
0.378067 0.137305
1.47487 1.56102
-0.741898 -1.11224
-0.240715 2.36806
1.06617 -0.365846
0.809286 0.896304
1.0241 0.419079
1.11507 0.777721
0.787964 0.420397
1.34949 0.859939
0.325676 0.0345146
1.23614 1.50321
-0.128092 -0.611433
-1.24232 1.49929
0.747932 1.29878
0.708363 0.0431011
1.42753 1.29676
-0.294146 -0.689401
-0.940949 1.76407
1.87948 2.03266
-1.97994 0.897874
-0.497757 0.146759
-1.46232 0.252497
-1.04815 0.606304
-1.32663 0.124061
-1.02042 0.826684
-1.07578 -0.388619
-0.709188 1.42052
1.77618 2.02722
-1.93107 -0.0442313
-0.63333 0.447254
-1.2607 -0.360645
-0.701857 1.24822
1.52364 2.03186
-1.43492 -1.29428
-0.102906 1.78241
1.36553 -0.0289965
0.488873 0.425936
1.58045 1.05945
-0.587432 -0.897779
-0.477191 2.13122
1.60269 -0.132867
-0.690196 -0.815239
-0.492352 2.02237
1.69649 0.000983404
-1.10317 -1.02619
-0.242228 1.97716
1.40087 -0.122044
0.298058 0.226323
1.51947 1.59539
-0.918689 -1.21359
-0.134326 2.35488
0.898106 -0.403253
0.85091 0.998129
0.893746 0.313662
1.29055 0.919833
0.400297 0.0813106
1.42048 1.55393
-0.582348 -1.00102
-0.392831 2.26642
1.38568 -0.272665
0.18335 0.11939
1.121 1.44731
0.113213 -0.391847
-1.45305 -0.267581
-0.749157 0.989267
0.514762 0.908181
1.31656 0.474472
0.632695 0.440014
1.47355 0.9145
-0.0634873 -0.371772
-1.53287 0.596335
-1.12135 0.211881
-1.15351 0.859639
-1.13072 -0.293929
-0.770891 1.30382
1.48318 2.02894
-1.33624 -1.34944
-0.0594727 1.96522
1.14166 -0.166067
0.928745 0.933077
0.871189 0.353208
1.29902 0.892904
0.406499 0.0967836
1.44582 1.54962
-0.645111 -1.04518
-0.326825 2.3176
1.24618 -0.315861
0.556464 0.575397
1.48185 0.801247
-0.00885326 -0.290537
-1.48502 -0.105843
-0.844302 0.848225
-0.586846 -0.309406
-1.05455 1.44414
1.09734 1.70121
-0.178458 -0.747863
-1.01124 1.75844
1.79813 2.19521
-1.98779 0.468172
-0.627135 0.212526
-1.43786 0.437943
-1.13684 0.446314
-1.2755 0.527136
-1.239 0.398087
-1.20793 0.592996
-1.27941 0.277709
-1.12835 0.717254
-1.27117 -0.0445826
-0.923715 1.00377
-0.212535 0.0489485
-1.20951 -0.532668
-0.582265 1.43066
1.89356 1.63411
-1.94231 0.418498
-0.707308 0.203647
-1.39539 0.65132
-1.19971 0.190165
-1.10578 0.850439
-1.11548 -0.329776
-0.746447 1.34384
1.60966 2.08973
-1.68528 -0.993334
-0.288157 1.23824
1.86392 1.09072
-1.7838 -0.428909
-0.584114 0.75437
0.220337 0.510045
1.68739 1.35745
-1.29031 -1.20778
-0.139198 1.90683
1.31206 -0.1046
0.600349 0.568019
1.44736 0.784996
0.116511 -0.155159
-0.516649 -0.392929
-1.03344 1.5166
1.34818 1.98754
-0.987055 -1.35051
-0.0450474 2.42389
0.669076 -0.525877
0.154893 0.257577
1.38848 1.65309
-0.629462 -1.06372
-0.319744 2.34454
1.21289 -0.332626
0.610685 0.644671
1.39742 0.697826
0.319421 0.0754531
1.31255 1.5538
-0.333499 -0.803156
-0.771528 1.92998
1.98338 0.902788
-1.90415 0.834612
-0.675213 0.0390376
-1.30895 0.985132
-0.998351 -0.31099
-0.79453 1.39963
1.61572 2.11229
-1.71576 -0.937058
-0.316499 1.16587
1.8596 1.38175
-1.84914 -0.235515
-0.638386 0.588852
-0.858142 -0.491475
-0.695295 1.62685
1.94206 1.5162
-1.94361 0.789171
-0.628629 0.0871156
-1.38221 0.812332
-1.16737 -0.0580893
-0.941235 1.09011
0.11249 0.429338
1.59054 1.67478
-1.23583 -1.2836
-0.0884102 2.04669
1.11169 -0.210759
0.939409 0.964537
0.832419 0.318698
1.34555 0.94146
0.267139 -0.0468983
0.833003 1.13019
0.788286 0.187714
1.40478 1.09533
-0.0201021 -0.37222
-1.54414 0.379212
-1.06599 0.425436
-1.30078 0.542745
-1.23139 0.370452
-1.19798 0.631705
-1.28325 0.197615
-1.07972 0.793808
-1.1852 -0.267949
-0.779729 1.24224
1.31557 1.87952
-0.775297 -1.22798
-0.153479 2.4865
0.806262 -0.489875
0.570146 0.725387
1.38705 0.630928
0.386054 0.160134
1.50493 1.54329
-0.811534 -1.14894
-0.196076 2.37065
0.989309 -0.383913
0.852274 0.966464
0.920545 0.343603
1.25479 0.882488
0.497281 0.17672
1.54035 1.39423
-0.758704 -1.08482
-0.254689 2.3267
1.12516 -0.336792
0.771203 0.835241
1.11138 0.481501
0.979423 0.681421
1.01467 0.570621
1.04734 0.655211
0.957236 0.568847
1.11014 0.675508
0.867494 0.518202
1.22878 0.743782
0.648475 0.351207
1.48639 1.01051
-0.186698 -0.518015
-1.27526 1.41059
0.338834 0.772728
1.5761 0.719635
-0.341114 -0.618989
-0.968343 1.70409
1.78647 2.17771
-1.97938 0.333825
-0.642566 0.26056
-1.43648 0.316964
-1.0884 0.570005
-1.32165 0.254331
-1.09935 0.71422
-1.27249 -0.0722209
-0.904245 1.02363
-0.0404441 0.23975
0.693962 1.02157
1.03509 0.332291
1.13591 0.841324
0.711099 0.343365
1.44051 0.977814
-0.0118402 -0.333486
-1.5282 0.133687
-0.966378 0.639135
-1.3059 -0.0907772
-0.884662 1.00933
-0.0231861 0.256984
0.849486 1.20256
0.698586 0.104284
1.45346 1.25074
-0.317937 -0.699646
-0.902599 1.79095
1.93157 1.85061
-1.95942 1.11142
-0.355902 0.208331
-1.18519 -0.514837
-0.596846 1.43875
1.8909 1.6658
-1.94539 0.43479
-0.702393 0.197583
-1.39544 0.658505
-1.19961 0.179497
-1.09881 0.861123
-1.09104 -0.350662
-0.735584 1.37816
1.683 2.09233
-1.82832 -0.608283
-0.463873 0.841546
1.16856 1.64635
-0.205937 -0.73994
-0.986532 1.76908
1.83836 2.13658
-1.98894 0.707569
-0.575109 0.154099
-1.44629 0.487214
-1.14836 0.385715
-1.24346 0.625886
-1.26657 0.226743
-1.10341 0.776535
-1.21713 -0.203635
-0.821416 1.16747
0.943381 1.4616
0.310363 -0.267434
-0.0247867 0.0946371
0.0310705 0.203981
0.872997 1.21961
0.65606 0.0750378
1.46069 1.31917
-0.414907 -0.803809
-0.69341 1.9689
1.92834 0.520131
-1.85447 0.195547
-0.791814 0.327887
-1.39726 0.466326
-1.16514 0.438294
-1.2592 0.543741
-1.25025 0.372669
-1.19084 0.622276
-1.28625 0.212993
-1.088 0.777383
-1.21038 -0.225259
-0.806793 1.18936
1.07303 1.61514
-0.0339962 -0.594266
-1.38708 1.28634
-0.321314 0.025895
-1.46231 0.00609171
-0.914913 0.794718
-0.97867 -0.446664
-0.688368 1.53106
1.89547 1.75481
-1.95821 0.610067
-0.661795 0.139402
-1.3907 0.737873
-1.19183 0.0586288
-1.01858 0.97704
-0.640165 -0.313121
-1.00369 1.46277
1.28726 1.91176
-0.765684 -1.23546
-0.151233 2.50155
0.787729 -0.503166
0.500917 0.649433
1.49437 0.748165
-0.0198054 -0.291273
-1.49843 -0.0408624
-0.879746 0.790919
-0.908409 -0.452707
-0.707958 1.57032
1.90871 1.72363
-1.95754 0.700513
-0.638293 0.116169
-1.3934 0.754986
-1.18595 0.0324059
-1.00179 1.00319
-0.492607 -0.207609
-1.2534 1.24114
-0.246815 0.0716969
-1.24965 -0.491057
-0.609895 1.35876
1.82151 1.89038
-1.93722 0.107972
-0.670627 0.361452
-1.40597 0.0420096
-0.949218 0.822557
-0.971585 -0.438113
-0.697689 1.52701
1.8865 1.79706
-1.96056 0.582927
-0.662891 0.149839
-1.39584 0.712228
-1.19463 0.0982849
-1.04551 0.94038
-0.824781 -0.395276
-0.797456 1.542
1.807 2.04889
-1.96365 0.261947
-0.661698 0.28645
-1.43172 0.282911
-1.07421 0.605203
-1.32202 0.157767
-1.04257 0.801832
-1.14647 -0.329698
-0.740252 1.32095
1.58144 2.07677
-1.6131 -1.11473
-0.220681 1.41075
1.76775 0.515304
-1.30906 -1.0697
-0.226197 1.76408
1.54571 0.0435722
-0.215148 -0.389695
-1.38 1.17854
-0.624097 -0.21764
-1.11441 1.34655
0.566042 1.03666
1.15902 0.349274
0.966731 0.743044
0.984251 0.519362
1.10968 0.709555
0.84463 0.487638
1.26655 0.777674
0.558384 0.268347
1.54852 1.20242
-0.589404 -0.925488
-0.452133 2.16717
1.54368 -0.180514
-0.419813 -0.571616
-0.936794 1.687
1.80501 2.14206
-1.98125 0.422873
-0.641165 0.224243
-1.43482 0.437519
-1.13809 0.448756
-1.27586 0.523151
-1.2378 0.404236
-1.21129 0.585055
-1.27741 0.293779
-1.13812 0.701363
-1.27939 0.00169498
-0.953481 0.961659
-0.503955 -0.225753
-1.22312 1.28231
-0.0198173 0.318304
1.08757 1.46237
0.138588 -0.381676
-1.37594 -0.437518
-0.642894 1.1887
1.53466 2.01618
-1.44446 -1.28241
-0.110984 1.75961
1.3956 -0.00933654
0.399778 0.321133
1.61058 1.3436
-0.969488 -1.18183
-0.1485 2.27232
0.999978 -0.338498
0.920833 1.01905
0.802432 0.270443
1.38332 1.00373
0.121946 -0.206211
-0.760346 -0.568897
-0.67385 1.73169
1.96303 1.11089
-1.91679 0.677154
-0.717168 0.085764
-1.31232 0.938358
-1.0683 -0.267793
-0.807369 1.32375
1.44116 2.00726
-1.21304 -1.3755
-0.0326025 2.15925
0.913864 -0.314543
1.01347 1.12784
0.597906 0.110488
1.49289 1.34587
-0.545115 -0.919925
-0.483685 2.1568
1.59295 -0.152468
-0.657441 -0.787527
-0.533754 1.99246
1.76375 0.0997521
-1.39931 -0.959265
-0.30488 1.55608
1.77334 0.416268
-1.34621 -1.03879
-0.249428 1.68965
1.62862 0.140994
-0.612597 -0.788571
-0.559173 1.99444
1.79063 0.139785
-1.50696 -0.858379
-0.37666 1.34189
1.88811 1.11474
-1.84161 -0.171896
-0.672621 0.554334
-1.08526 -0.486409
-0.630861 1.49774
1.90689 1.63331
-1.94816 0.55713
-0.688941 0.149053
-1.37766 0.760707
-1.19107 0.0212851
-0.992132 1.00932
-0.437184 -0.161742
-1.35532 1.07227
-0.855206 -0.311078
-0.857627 1.4539
1.59243 2.12991
-1.68283 -1.01237
-0.276951 1.25537
1.85843 1.00962
-1.75108 -0.521597
-0.548075 0.841645
0.821169 1.26072
0.668589 0.0522264
1.44607 1.32667
-0.380272 -0.775078
-0.755487 1.91722
1.97838 0.878093
-1.90305 0.769672
-0.707853 0.0493932
-1.29068 0.998123
-0.969127 -0.328131
-0.790796 1.42898
1.66934 2.11993
-1.82146 -0.644533
-0.447724 0.870733
1.30759 1.78114
-0.62528 -1.10416
-0.291173 2.39811
1.12234 -0.3696
0.725242 0.795415
1.1873 0.525643
0.849196 0.58606
1.20797 0.68736
0.721047 0.427323
1.40515 0.880679
0.169819 -0.124194
-0.0177675 0.121128
0.222701 0.436262
1.65691 1.47892
-1.27517 -1.2348
-0.121313 1.95068
1.24803 -0.138487
0.739171 0.727681
1.22229 0.58329
0.761976 0.502139
1.33598 0.788461
0.410567 0.136774
1.49374 1.53197
-0.763408 -1.11835
-0.229819 2.36427
1.05153 -0.367078
0.82431 0.915917
0.992537 0.397806
1.15929 0.808445
0.705401 0.357725
1.4412 0.965105
-0.00293634 -0.321322
-1.51248 0.019448
-0.91048 0.735616
-1.11792 -0.401917
-0.690178 1.40151
1.77777 2.01347
-1.92829 -0.0563352
-0.632573 0.454471
-1.24454 -0.38155
-0.688391 1.27901
1.60759 2.0643
-1.65975 -1.03317
-0.267258 1.2953
1.84677 0.879563
-1.6892 -0.666595
-0.482927 0.997239
1.5096 1.94375
-1.30201 -1.33665
-0.0633744 2.00194
1.11387 -0.189357
0.954623 0.970012
0.811531 0.307727
1.36691 0.96187
0.199659 -0.117869
0.189164 0.365982
1.58732 1.62517
-1.17272 -1.27729
-0.0876288 2.12527
1.03736 -0.263823
0.983642 1.04204
0.714259 0.220998
1.45679 1.11326
-0.186374 -0.540918
-1.24906 1.45303
0.565707 1.06218
1.13751 0.327512
1.00514 0.776896
0.917717 0.475606
1.20147 0.767793
0.674565 0.358395
1.46512 0.983638
-0.0931488 -0.417597
-1.48686 0.909643
-1.05875 -0.155475
-0.900961 1.23512
0.895136 1.41764
0.415475 -0.177282
0.840133 1.10866
0.801745 0.20732
1.39306 1.06716
0.0378471 -0.30723
-1.43817 -0.276363
-0.744918 1.01089
0.632191 1.0574
1.06921 0.315447
1.10011 0.834664
0.76236 0.374465
1.38902 0.9172
0.182885 -0.1212
0.0756004 0.230447
1.12908 1.4813
0.0608359 -0.449662
-1.55429 0.335257
-1.04533 0.455693
-1.3209 0.47101
-1.20132 0.4678
-1.25395 0.496839
-1.24002 0.447643
-1.22882 0.523551
-1.25888 0.405833
-1.20269 0.576441
-1.28 0.30739
-1.14455 0.685209
-1.28571 0.0443159
-0.980529 0.923227
-0.729902 -0.371959
-0.876973 1.53153
1.68455 2.16193
-1.86956 -0.474543
-0.507093 0.730049
0.523146 0.881505
1.32754 0.496383
0.598807 0.402558
1.51073 0.984907
-0.250449 -0.576233
-1.1255 1.58218
1.29345 1.95409
-0.835516 -1.28497
-0.104012 2.50611
0.695951 -0.544955
0.141193 0.237017
1.31856 1.6189
-0.430182 -0.904601
-0.58016 2.10781
1.74544 0.00191623
-1.36423 -0.96893
-0.295251 1.60901
1.73345 0.309884
-1.1536 -1.06946
-0.21495 1.95949
1.37664 -0.118303
0.388315 0.330862
1.6154 1.34728
-0.992101 -1.19046
-0.141187 2.25788
1.00122 -0.331855
0.929962 1.02548
0.786929 0.260524
1.39795 1.02243
0.0673084 -0.265516
-1.25745 -0.560672
-0.560618 1.40574
1.8902 1.62124
-1.93839 0.365999
-0.711478 0.227117
-1.40337 0.594606
-1.19218 0.269615
-1.15906 0.768702
-1.23519 -0.122337
-0.876824 1.09143
0.396128 0.776545
1.52186 0.666666
-0.0815691 -0.341654
-1.53284 0.544553
-1.11506 0.269241
-1.1938 0.791801
-1.21775 -0.134012
-0.872174 1.11391
0.517481 0.931573
1.29606 0.452621
0.685906 0.493672
1.40766 0.82571
0.204992 -0.0740336
0.445146 0.680165
1.52817 0.749637
-0.150585 -0.429677
-1.41561 1.12893
-0.761027 -0.270035
-0.953468 1.42708
1.32429 1.93799
-0.872342 -1.29421
-0.0916862 2.48399
0.694997 -0.536767
0.176655 0.27959
1.46218 1.66713
-0.837225 -1.19337
-0.161139 2.40256
0.89965 -0.422743
0.806387 0.954815
0.977466 0.366267
1.18806 0.840663
0.638629 0.299167
1.50177 1.08236
-0.30438 -0.648804
-0.975887 1.7193
1.79521 2.17556
-1.98314 0.404021
-0.637997 0.233227
-1.43695 0.398372
-1.12272 0.489159
-1.2963 0.445344
-1.20281 0.511073
-1.26707 0.425137
-1.20752 0.548053
-1.27366 0.360863
-1.17499 0.627159
-1.29132 0.194096
-1.07478 0.791637
-1.18538 -0.270301
-0.777936 1.24392
1.325 1.88862
-0.806373 -1.24677
-0.133921 2.48626
0.770862 -0.5039
0.473723 0.620987
1.53142 0.802858
-0.195644 -0.486126
-1.30021 1.36142
0.0938419 0.469442
1.61728 1.66576
-1.31349 -1.2626
-0.108615 1.92232
1.25404 -0.123373
0.736028 0.719627
1.2309 0.591187
0.743005 0.485358
1.36114 0.811588
0.335374 0.0587725
1.30475 1.54365
-0.304874 -0.775666
-0.831494 1.87913
1.99363 1.30653
-1.91885 1.15643
-0.375305 0.167685
-1.33519 -0.339591
-0.710707 1.16085
1.29783 1.84248
-0.690183 -1.16729
-0.220017 2.45908
0.949638 -0.431921
0.775731 0.908828
1.04756 0.415035
1.0896 0.770024
0.825629 0.443227
1.30545 0.824752
0.448227 0.158117
1.52566 1.47458
-0.798348 -1.1259
-0.214903 2.35264
1.0372 -0.364961
0.843255 0.938599
0.953998 0.372215
1.21044 0.84496
0.601128 0.271433
1.52639 1.15239
-0.458506 -0.80558
-0.654174 1.98723
1.88865 0.364216
-1.78965 -0.180873
-0.704594 0.595243
-1.05028 -0.488737
-0.635843 1.52489
1.91819 1.57692
-1.94562 0.604037
-0.685418 0.130825
-1.36875 0.799625
-1.17884 -0.0423427
-0.949503 1.06978
-0.0149679 0.276866
0.961464 1.32744
0.444328 -0.101628
1.13316 1.38753
0.168271 -0.318272
-1.05854 -0.660482
-0.502205 1.67479
1.89071 0.655082
-1.79077 -0.269143
-0.661789 0.648597
-0.707537 -0.419938
-0.845952 1.58136
1.79348 2.09578
-1.96535 0.232923
-0.654906 0.301438
-1.42933 0.209074
-1.03766 0.671362
-1.29635 -0.0545839
-0.911251 0.990679
-0.221961 0.0368271
-1.27341 -0.473577
-0.621172 1.32176
1.77124 1.97654
-1.90762 -0.177152
-0.610329 0.529443
-0.976696 -0.517298
-0.631035 1.59753
1.94363 1.34478
-1.9308 0.629895
-0.705493 0.111233
-1.3404 0.872579
-1.13831 -0.165998
-0.867703 1.19609
0.873944 1.38465
0.476394 -0.122337
1.13803 1.38178
0.168408 -0.315082
-1.04433 -0.66097
-0.503871 1.6865
1.88793 0.63157
-1.78322 -0.295568
-0.652925 0.670865
-0.56901 -0.327839
-1.05195 1.45962
1.15052 1.76513
-0.338614 -0.897798
-0.666455 2.05763
1.86645 0.248421
-1.74817 -0.329937
-0.652364 0.721754
-0.320277 -0.104926
-1.49055 0.572311
-1.14336 0.261388
-1.1756 0.794939
-1.21387 -0.157914
-0.855558 1.1352
0.680015 1.13716
0.944354 0.23068
1.26146 0.967937
0.411769 0.0719436
1.4173 1.54771
-0.566251 -0.987246
-0.413163 2.24792
1.42917 -0.255578
0.0324987 -0.0630103
-0.509465 -0.375738
-1.05898 1.49271
1.22449 1.85497
-0.577057 -1.10316
-0.314727 2.40336
1.1557 -0.367194
0.672881 0.731239
1.28414 0.594676
0.643465 0.407548
1.47552 0.946142
-0.0955809 -0.411701
-1.48893 0.896779
-1.06758 -0.141275
-0.90924 1.21842
0.800895 1.30064
0.648309 0.0166219
1.43024 1.37256
-0.388366 -0.79409
-0.727746 1.94511
1.95882 0.696249
-1.88754 0.522808
-0.787987 0.138147
-1.29868 0.904444
-1.10951 -0.235858
-0.821188 1.27144
1.27545 1.84868
-0.656943 -1.14999
-0.244609 2.44931
1.00052 -0.415157
0.783875 0.899333
1.0472 0.421829
1.08708 0.764778
0.832656 0.449601
1.29604 0.816513
0.47335 0.182881
1.5445 1.41812
-0.799425 -1.11443
-0.222433 2.33865
1.06218 -0.353584
0.833715 0.91916
0.98028 0.3926
1.17467 0.817651
0.676425 0.335136
1.46915 1.00966
-0.128825 -0.459634
-1.41151 1.15694
-0.697123 -0.246707
-1.02345 1.39938
1.04963 1.63535
-0.0304516 -0.603377
-1.38157 1.30171
-0.265113 0.0802751
-1.27826 -0.456218
-0.633131 1.30367
1.73402 2.01781
-1.87221 -0.392398
-0.546076 0.67552
0.0221497 0.261783
1.04947 1.41398
0.243693 -0.279949
-0.471229 -0.369428
-1.10508 1.46462
1.01646 1.61294
0.0390886 -0.540932
-1.51839 0.873296
-1.06743 -0.109941
-0.934406 1.19192
0.594704 1.04145
1.12374 0.338331
1.02122 0.780508
0.897239 0.466064
1.22649 0.782201
0.624171 0.316578
1.50934 1.07302
-0.322474 -0.664197
-0.937761 1.74945
1.86897 2.05142
-1.9822 0.832447
-0.532419 0.141162
-1.4586 0.398723
-1.11323 0.473302
-1.2958 0.471772
-1.21285 0.475279
-1.25138 0.484637
-1.23722 0.466648
-1.2373 0.495868
-1.24719 0.450737
-1.22681 0.517624
-1.25821 0.415655
-1.20735 0.563597
-1.27639 0.332568
-1.15943 0.658968
-1.29085 0.115333
-1.02558 0.861248
-1.00475 -0.411994
-0.708982 1.48527
1.84333 1.92384
-1.9608 0.368883
-0.675821 0.234574
-1.42341 0.493615
-1.16125 0.391301
-1.2401 0.616873
-1.26778 0.242546


