2.35899 -1.17552
-0.494742 3.57878
2.50602 -0.696865
-0.471213 2.47385
2.65342 0.103687
0.550192 2.44702
1.50485 4.94851
0.789959 3.33012
0.868753 4.70425
0.859252 4.15129
0.826248 4.42743
0.894571 4.29713
0.781919 4.35636
0.952328 4.32301
0.680878 4.30639
1.08519 4.30093
0.373576 4.00869
1.55351 4.17747
1.96609 0.087782
0.553908 2.78276
1.43498 4.86263
0.515823 3.27787
1.41208 4.65206
0.741454 3.29089
0.996112 4.76062
0.695002 4.11653
1.07234 4.41243
0.456397 4.08574
1.41252 4.23944
1.83704 2.77525
1.38651 0.112381
-0.207837 3.48636
2.50516 1.77881
1.4194 1.83987
1.9743 1.2236
1.76879 1.70833
1.76085 0.761669
1.69322 2.49929
1.53929 0.0616736
-0.153187 2.86643
2.46577 2.5412
1.28279 1.21048
0.794363 3.07988
0.818279 4.73455
0.93223 4.12152
0.672892 4.37158
1.09708 4.26051
0.324565 3.94022
1.63964 4.13447
1.68958 -0.530593
-0.268878 3.62893
2.54065 1.07282
1.26192 2.42509
1.95117 2.14306
1.57914 0.701673
1.39374 2.98337
1.92146 0.275522
0.963697 2.93129
0.133463 3.86481
2.02263 3.65088
1.08207 -0.189927
1.17176 5.52314
0.815258 3.74578
0.864342 4.58464
0.852786 4.21795
0.843845 4.40205
0.869124 4.31379
0.825621 4.35675
0.892779 4.33484
0.789584 4.3417
0.941899 4.33372
0.703116 4.31337
1.0558 4.30988
0.448506 4.10862
1.42767 4.22059
1.96045 2.40747
1.48823 0.554075
0.65339 2.9654
1.20999 4.8741
0.406519 3.83698
1.49181 4.29615
2.09278 1.50024
1.70192 1.57563
1.82851 0.883388
1.76586 2.19139
1.60266 0.348603
0.633966 2.92561
1.25639 4.8801
0.34603 3.72364
1.59494 4.26171
1.91893 -0.0941413
0.159522 2.64535
2.05745 4.08902
1.02167 -0.58902
1.77453 5.62719
1.20952 3.45787
1.20186 3.28136
1.34479 3.2432
2.04421 0.899623
1.63771 2.35337
1.62584 0.111934
0.137826 2.74339
2.06765 4.01916
1.01316 -0.501486
1.72113 5.6287
1.0023 3.45932
0.189219 3.87656
1.90728 3.84725
1.13341 -0.53681
1.36544 5.65839
0.725103 3.62317
1.04334 4.65471
0.598767 4.12518
1.19882 4.34266
0.195386 3.52242
1.86744 4.03659
1.19563 -0.729109
1.368 5.70029
0.774329 3.62612
0.94307 4.64519
0.751266 4.18631
0.994435 4.40318
0.618587 4.23899
1.16959 4.29736
0.20518 3.62437
1.84931 4.02228
1.21553 -0.731252
1.30364 5.68327
0.821468 3.66535
0.83729 4.59877
0.889841 4.20409
0.777355 4.39316
0.958872 4.30083
0.662532 4.3042
1.10977 4.29104
0.311113 3.90586
1.66219 4.12723
1.6239 -0.610165
-0.110958 4.10481
2.46911 1.60364
1.44948 1.99385
1.93265 0.771576
1.64788 2.45696
1.58608 0.0489276
-0.0768007 2.7808
2.37958 3.03954
1.15312 0.771182
-0.0797109 3.76307
2.38693 2.47898
1.35697 1.20618
1.36871 3.07947
1.98323 0.502971
1.32544 2.84864
2.02985 0.983389
1.68734 2.19613
1.63997 0.256278
0.523946 2.8694
1.4717 4.80176
0.877787 3.33486
0.582004 4.49132
1.25351 4.14409
0.441168 3.18917
1.53215 4.58975
1.95891 2.46614
1.46801 0.516459
0.448961 2.88817
1.5835 4.69303
2.03005 2.17275
1.5606 0.83958
1.58158 2.82093
1.56984 -0.19013
-0.274026 3.24047
2.55338 1.45026
1.36818 2.11524
1.9944 1.16172
1.75352 1.84282
1.72478 0.610062
1.49461 2.84245
1.70862 -0.114886
-0.101014 2.73245
2.41724 2.88992
1.18903 0.915106
-0.137848 3.2168
2.4297 2.54094
1.30915 1.19226
0.982705 3.12398
0.128618 3.80396
2.02081 3.67583
1.07796 -0.215821
1.21569 5.54689
0.775915 3.72019
0.946866 4.61357
0.741381 4.20091
1.00752 4.39118
0.588504 4.22152
1.2119 4.28523
0.190922 3.39541
1.88116 4.06789
1.18578 -0.741968
1.41498 5.71234
0.752541 3.59669
0.988033 4.66246
0.688405 4.16387
1.0788 4.3832
0.428544 4.06055
1.45866 4.22158
2.06981 1.77185
1.66622 1.23939
1.8926 1.50333
1.7732 1.16921
1.85427 1.57823
1.76801 1.01746
1.83428 1.90321
1.67851 0.665734
1.52938 2.82725
1.64832 -0.162147
-0.229887 2.90201
2.53871 1.96924
1.36915 1.67704
1.92685 2.04331
1.61506 0.72347
1.51815 2.8692
1.66283 -0.169097
-0.222576 2.87622
2.5344 2.03083
1.36243 1.6269
1.8891 2.23465
1.55646 0.523626
0.904676 3.03211
0.383555 4.30992
1.59919 4.03661
1.73366 -0.440405
-0.32261 3.23997
2.57494 1.04184
1.23272 2.41322
1.82387 2.61356
1.4422 0.182649
-0.194896 3.02155
2.49957 2.2034
1.35561 1.48473
1.75828 2.63562
1.46061 0.0646721
-0.23483 3.16984
2.52912 1.82119
1.39602 1.8024
1.97821 1.49187
1.74791 1.34321
1.85456 1.25064
1.8214 1.4819
1.80116 1.09339
1.838 1.73683
1.72936 0.822108
1.7391 2.40187
1.54376 0.176507
0.0238548 2.77055
2.23633 3.57131
1.0203 0.170295
1.03568 5.38587
0.905496 3.82663
0.653462 4.44308
1.12946 4.21079
0.229671 3.74914
1.80795 4.02927
1.27593 -0.753789
1.12418 5.6119
1.0088 3.75857
0.306152 4.04262
1.69243 4.04954
1.50233 -0.696324
0.291188 4.81535
2.15404 3.01494
1.24545 0.528601
-0.15973 3.51586
2.4612 2.14306
1.40081 1.51927
1.90157 2.1275
1.59089 0.616807
1.25517 3.03557
1.94956 2.27408
1.53522 0.613942
1.03994 3.06394
0.056475 3.3143
2.12604 3.6311
1.04485 -0.0197332
1.13411 5.4736
0.823542 3.77144
0.849056 4.57106
0.872075 4.22261
0.81165 4.39477
0.913223 4.31134
0.751405 4.34152
0.992505 4.31874
0.597219 4.25331
1.19999 4.27502
0.184118 3.44278
1.89058 4.03436
1.16745 -0.709523
1.43954 5.70868
0.733822 3.57926
1.02582 4.67136
0.631683 4.13639
1.15434 4.36078
0.255564 3.75891
1.75821 4.08467
1.38219 -0.768447
0.777002 5.36924
1.49337 3.79685
1.89043 -0.0554787
0.224877 2.67502
1.95422 4.27886
1.15994 -0.854147
1.61588 5.741
0.814784 3.49403
0.824951 4.64029
0.910099 4.1769
0.733377 4.38618
1.01645 4.28515
0.531458 4.20696
1.29725 4.24903
0.617917 3.22758
1.25942 4.76706
0.292688 3.6515
1.68878 4.20231
1.60831 -0.648419
-0.0396254 4.26709
2.43162 1.85462
1.47134 1.74679
1.94981 1.0771
1.767 1.91116
1.69702 0.563733
1.38523 2.94246
1.93712 0.346028
1.0976 2.93398
0.378456 3.07845
1.64144 4.52978
2.02797 0.259047
0.875874 2.87481
0.464662 4.44486
1.47104 4.07052
2.07759 0.834413
1.56647 2.49404
1.66024 0.0113929
0.0237367 2.72384
2.24455 3.5687
1.01777 0.180972
1.0353 5.38378
0.904211 3.82728
0.657236 4.44583
1.12416 4.21145
0.240112 3.77706
1.78956 4.04137
1.30905 -0.76208
1.02022 5.55277
1.14139 3.79735
0.165431 3.25951
1.93735 4.03585
1.11803 -0.666602
1.5542 5.70315
0.725227 3.50427
1.04178 4.69876
0.61293 4.11392
1.18026 4.35906
0.215977 3.63255
1.82899 4.04645
1.24983 -0.75668
1.2172 5.65684
0.908023 3.71362
0.60856 4.43373
1.19748 4.18935
0.18321 3.36297
1.89711 4.0571
1.16437 -0.721742
1.46286 5.71395
0.730637 3.56467
1.0319 4.67682
0.623262 4.12954
1.1658 4.3584
0.235456 3.70263
1.79404 4.06393
1.30974 -0.772038
1.03057 5.56145
1.131 3.79376
0.142785 3.30907
1.97248 3.95441
1.0811 -0.551014
1.55566 5.67678
0.700715 3.49391
1.09055 4.70111
0.53259 4.05651
1.2935 4.32401
0.456997 3.20873
1.50657 4.60455
1.76657 2.95108
1.36727 -0.106532
-0.0167286 4.1553
2.37918 2.3131
1.41258 1.32351
1.78537 2.52785
1.48302 0.168695
-0.141704 2.89056
2.45043 2.61769
1.26785 1.14491
0.526244 2.98194
1.44773 4.76883
0.762201 3.30629
0.94325 4.74105
0.764758 4.13677
0.976262 4.43373
0.661134 4.25311
1.11182 4.31793
0.320387 3.91442
1.64513 4.13941
1.67812 -0.547375
-0.246281 3.71807
2.53051 1.13704
1.29646 2.38683
2.00926 1.64339
1.71047 1.23663
1.87752 1.46022
1.78649 1.19998
1.84973 1.52084
1.783 1.08028
1.84265 1.76219
1.72051 0.804672
1.72255 2.4569
1.53462 0.121458
-0.0880142 2.81299
2.39065 2.97175
1.17352 0.833768
-0.137667 3.47547
2.43439 2.35672
1.3645 1.33556
1.62066 2.86729
1.51163 -0.210165
-0.229949 3.57818
2.52223 1.48106
1.3962 2.10275
1.97347 0.9423
1.71366 2.18554
1.62836 0.288797
0.569512 2.89179
1.38891 4.8448
0.35986 3.31429
1.6215 4.42989
1.99115 0.116445
0.608502 2.79719
1.32523 4.9063
0.300098 3.53558
1.68306 4.25818
1.66685 -0.594138
-0.197355 3.88776
2.50949 1.27769
1.36156 2.28593
1.99356 0.982033
1.71422 2.14343
1.64223 0.319899
0.69576 2.93909
1.10716 4.88028
0.563717 3.99767
1.25298 4.37959
0.234132 3.3157
1.81497 4.19608
1.33069 -0.82579
1.02776 5.57117
1.15254 3.79231
0.20485 3.2091
1.87718 4.15379
1.21555 -0.802612
1.38527 5.72033
0.785445 3.61784
0.917234 4.64162
0.786853 4.19075
0.944414 4.41245
0.713691 4.28597
1.04222 4.33085
0.489834 4.14992
1.36083 4.24112
1.33199 3.30501
2.06033 1.1796
1.71449 1.93908
1.71092 0.485135
1.25508 2.99395
1.95609 2.23672
1.54721 0.650212
1.17655 3.06281
1.24261 3.25441
1.78794 2.78889
1.40095 0.0219084
-0.19109 3.62079
2.49544 1.75902
1.42847 1.85656
1.96855 1.12699
1.76413 1.85493
1.7166 0.610472
1.48753 2.85343
1.72117 -0.104701
-0.0667597 2.71357
2.37515 3.0956
1.13335 0.721411
0.00817931 4.01993
2.30578 2.75881
1.29812 0.918417
0.299946 2.89251
1.79349 4.42921
1.53353 -0.790154
0.326646 4.88617
2.13302 3.05473
1.23494 0.467471
-0.116783 3.7302
2.42975 2.23036
1.40271 1.43071
1.85027 2.33888
1.52781 0.389135
0.426906 2.86191
1.62121 4.66576
2.11418 1.28149
1.69028 1.89983
1.73706 0.504606
1.32833 2.95708
2.03367 0.954978
1.67295 2.2487
1.63206 0.206979
0.374653 2.81088
1.70732 4.58878
1.92135 -0.174452
0.00884878 2.61939
2.28546 3.48812
1.0276 0.298032
0.872512 5.25193
1.10053 3.8924
0.148969 3.59914
1.95675 3.8675
1.09364 -0.489445
1.45114 5.66185
0.675319 3.56106
1.13403 4.66649
0.441707 3.97629
1.43322 4.27472
1.91516 2.57105
1.43692 0.372257
0.00557469 2.82021
2.25603 3.48548
1.04107 0.274202
0.838184 5.22865
1.15388 3.8996
0.165705 3.28907
1.93397 4.02898
1.12046 -0.664048
1.54382 5.70307
0.7202 3.50994
1.05211 4.69689
0.595743 4.10466
1.20374 4.35098
0.195456 3.50678
1.86765 4.04248
1.19668 -0.733137
1.36902 5.70141
0.77484 3.6256
0.941899 4.64511
0.752914 4.18655
0.992173 4.40371
0.623206 4.24189
1.16321 4.29899
0.213907 3.65887
1.83366 4.03019
1.23867 -0.744935
1.2412 5.66411
0.880904 3.70081
0.685231 4.49957
1.08872 4.19764
0.311854 3.93641
1.66399 4.11413
1.61036 -0.621261
-0.0731477 4.19003
2.44933 1.74464
1.46577 1.85638
1.93957 0.908481
1.72218 2.20735
1.61661 0.282655
0.513369 2.87162
1.48856 4.78788
1.06476 3.36302
0.0838004 3.33952
2.0765 3.73601
1.04064 -0.191743
1.32972 5.57939
0.673426 3.64589
1.13226 4.62944
0.428918 3.9746
1.45415 4.26145
2.02992 2.0838
1.58881 0.90112
1.71266 2.5798
1.50252 0.0355258
-0.223283 3.03618
2.52504 1.97926
1.37978 1.6696
1.93863 1.95262
1.64221 0.814036
1.68167 2.61116
1.51465 -0.0175923
-0.241039 3.09175
2.53692 1.81379
1.38986 1.80758
1.97802 1.53659
1.74045 1.28953
1.8634 1.34607
1.80948 1.34062
1.8305 1.2885
1.82819 1.39306
1.81565 1.22665
1.83787 1.48701
1.79436 1.10734
1.84215 1.70664
1.73702 0.858731
1.76667 2.30385
1.56427 0.275918
0.303191 2.80568
1.80942 4.45048
1.5155 -0.813124
0.410299 4.99715
2.03708 3.26668
1.18121 0.154455
0.359038 4.73482
1.92097 3.56176
1.14928 -0.275117
1.0072 5.44822
1.02712 3.82052
0.281844 3.98364
1.73186 4.03123
1.4095 -0.739178
0.644923 5.23921
1.68474 3.71204
1.39764 -0.617319
0.518626 5.07905
1.83832 3.58946
1.20195 -0.423047
0.982495 5.45981
1.09492 3.82363
0.135195 3.5638
1.98177 3.83701
1.07776 -0.426126
1.43958 5.64715
0.664184 3.56702
1.15229 4.65873
0.404802 3.93024
1.49369 4.25326
2.09835 1.23681
1.69622 1.93028
1.72363 0.479561
1.26282 2.9871
1.9849 2.08329
1.59462 0.80991
1.60917 2.76559
1.54542 -0.156848
-0.267219 3.27048
2.54844 1.4839
1.37632 2.08906
1.99019 1.12847
1.75176 1.88936
1.71028 0.565376
1.40602 2.9236
1.89155 0.201023
0.80264 2.90247
0.764918 4.73449
1.00991 4.10492
0.471898 4.19543
1.39568 4.2026
1.77688 2.89567
1.3761 -0.0579849
-0.0858531 3.98123
2.42831 2.08049
1.43849 1.55047
1.94893 1.72665
1.70563 1.0294
1.8501 1.93233
1.66519 0.667858
1.5148 2.84964
1.67086 -0.154427
-0.200058 2.83582
2.51722 2.20684
1.33943 1.48483
1.69035 2.77774
1.46328 -0.105755
-0.217537 3.57214
2.514 1.59567
1.41317 2.00224
1.96767 0.976531
1.73018 2.11633
1.64341 0.356967
0.795426 2.97493
0.800372 4.74502
0.959656 4.11045
0.604493 4.32503
1.19253 4.24276
0.17936 3.44542
1.89908 4.02035
1.15545 -0.690993
1.45882 5.70669
0.723296 3.56561
1.04646 4.67649
0.599481 4.11605
1.19821 4.34793
0.196962 3.53114
1.86438 4.03751
1.19968 -0.731878
1.35762 5.69845
0.781784 3.63269
0.927051 4.6394
0.773006 4.19134
0.964198 4.40835
0.677556 4.27169
1.08981 4.31797
0.371204 3.9998
1.55707 4.17831
1.95726 0.0547194
0.482872 2.75514
1.56069 4.77955
1.7345 3.02025
1.37218 -0.193024
0.060737 4.33128
2.32018 2.55202
1.36671 1.08259
1.18478 3.12037
1.29775 3.24715
2.04015 1.72007
1.68564 1.22516
1.88602 1.50772
1.77435 1.15281
1.85311 1.61132
1.75999 0.9777
1.82404 1.99851
1.64975 0.573588
1.31928 2.99402
2.0437 1.09696
1.71072 2.03542
1.68053 0.40001
1.00533 3.01611
0.0557618 3.55899
2.13346 3.51468
1.07568 0.100231
0.876433 5.28833
1.12935 3.8807
0.134695 3.40498
1.98201 3.89836
1.07432 -0.484716
1.51114 5.66359
0.670999 3.51756
1.14381 4.68255
0.430833 3.95608
1.45077 4.27196
2.00707 2.211
1.55058 0.767914
1.43425 2.96848
1.83001 0.0333412
0.371354 2.74925
1.7269 4.59517
1.87602 -0.30005
-0.200902 2.70503
2.53021 2.20646
1.32777 1.48575
1.63341 2.87058
1.49632 -0.206019
-0.21207 3.64991
2.51189 1.53891
1.41077 2.05362
1.96444 0.911521
1.70698 2.2298
1.61721 0.250698
0.434255 2.83881
1.61579 4.68342
2.10754 1.49771
1.69515 1.6102
1.82289 0.835486
1.74135 2.29632
1.57754 0.246155
0.282531 2.79487
1.84152 4.40751
1.41176 -0.874418
0.820871 5.42987
1.46375 3.79269
1.96793 0.203004
0.800429 2.87597
0.770046 4.74344
1.00423 4.10184
0.485824 4.21227
1.37332 4.20748
1.55775 3.17987
1.57462 -0.351539
-0.235998 3.63752
2.52605 1.3481
1.36897 2.21792
1.99019 1.00271
1.72341 2.10253
1.65137 0.359918
0.827249 2.98299
0.683821 4.65423
1.11905 4.11585
0.205539 3.71557
1.85303 3.98285
1.20246 -0.701522
1.31358 5.67991
0.80503 3.65898
0.876334 4.61601
0.839534 4.20233
0.864337 4.41091
0.840356 4.31059
0.869506 4.35998
0.828891 4.33529
0.887339 4.3465
0.799737 4.3383
0.92809 4.33867
0.729397 4.32249
1.02134 4.31879
0.533129 4.19794
1.29412 4.25483
0.579088 3.21944
1.32602 4.73945
0.274898 3.39452
1.73874 4.25817
1.52568 -0.743975
0.287075 4.82174
2.16802 2.96886
1.2598 0.582379
-0.175276 3.29889
2.47231 2.20989
1.37629 1.4708
1.81445 2.47771
1.48978 0.245234
-0.0233713 2.80472
2.3013 3.33934
1.07506 0.452572
0.497159 4.86052
1.66178 3.82824
1.47266 -0.639786
0.30487 4.82018
2.12727 3.09247
1.22222 0.431501
-0.0628735 3.9071
2.38728 2.39911
1.38217 1.26617
1.60669 2.87614
1.52714 -0.219292
-0.243383 3.52091
2.53017 1.43672
1.38361 2.13891
1.98211 0.988405
1.7244 2.11556
1.64647 0.351205
0.790057 2.97225
0.819022 4.75784
0.935524 4.10879
0.661794 4.36831
1.11232 4.25578
0.287212 3.87017
1.70527 4.09926
1.50063 -0.713426
0.319185 4.85714
2.12531 3.08622
1.22491 0.43282
-0.0711643 3.88367
2.3942 2.37043
1.38675 1.29407
1.66449 2.79166
1.48191 -0.139088
-0.225838 3.55339
2.51937 1.54789
1.40563 2.04395
1.97027 0.963044
1.72373 2.14408
1.63716 0.32945
0.704256 2.94379
1.08429 4.87547
0.595633 4.01941
1.2088 4.39464
0.203615 3.52851
1.85217 4.05577
1.2201 -0.751676
1.31191 5.69026
0.820786 3.66082
0.838235 4.60051
0.888738 4.20334
0.779288 4.39407
0.956341 4.30106
0.667706 4.30715
1.10281 4.2926
0.327811 3.93595
1.63294 4.14191
1.71362 -0.498278
-0.303511 3.455
2.55817 0.995817
1.21533 2.45892
1.72537 2.83341
1.42338 -0.0958538
-0.160139 3.7836
2.47879 1.78751
1.44037 1.82815
1.96295 1.10205
1.76372 1.88813
1.70589 0.579996
1.42581 2.91134
1.84782 0.0916418
0.52522 2.8086
1.48082 4.82162
0.90365 3.34182
0.488931 4.38892
1.40204 4.12385
1.94694 2.44483
1.47666 0.505917
0.468626 2.89343
1.55342 4.72057
1.82794 2.84511
1.36814 0.0557848
-0.153614 3.74756
2.47017 1.8993
1.43684 1.72711
1.96851 1.32855
1.76986 1.54036
1.80685 0.963518
1.80634 2.01526
1.64903 0.53345
1.23445 3.0207
1.84186 2.63882
1.42883 0.199428
-0.199618 3.05188
2.50268 2.15646
1.3642 1.52289
1.82178 2.46715
1.4912 0.263733
0.0112861 2.79473
2.25133 3.51283
1.03358 0.243062
0.903588 5.28472
1.06606 3.88037
0.207538 3.80488
1.8579 3.9437
1.19006 -0.669128
1.31865 5.67446
0.792075 3.65541
0.906071 4.62654
0.800433 4.19887
0.924656 4.41113
0.747007 4.29767
0.998448 4.34106
0.591596 4.24135
1.20782 4.27722
0.187969 3.40643
1.88566 4.05659
1.17773 -0.730372
1.4286 5.71185
0.743551 3.58739
1.00631 4.66744
0.661487 4.15177
1.1145 4.37285
0.342578 3.93579
1.60488 4.1657
1.81198 -0.333708
-0.266175 2.83117
2.57113 1.69945
1.36626 1.8926
1.98296 1.58759
1.72932 1.24173
1.87047 1.43997
1.79258 1.21625
1.84716 1.4925
1.79006 1.11281
1.84429 1.69464
1.73985 0.874323
1.77681 2.26287
1.57432 0.316892
0.442782 2.85469
1.59984 4.69265
2.07719 1.86108
1.64328 1.17484
1.89211 1.69609
1.7269 0.952312
1.81872 2.09063
1.62009 0.497388
1.07338 3.04139
0.164994 3.12163
1.95526 4.06497
1.10456 -0.674305
1.60451 5.69993
0.764524 3.48112
0.953298 4.69366
0.743849 4.16023
1.00514 4.41386
0.600348 4.22227
1.19504 4.29336
0.186272 3.4881
1.88499 4.02455
1.17206 -0.706671
1.42123 5.70551
0.739989 3.59113
1.01371 4.66657
0.649769 4.1472
1.13005 4.36752
0.306287 3.87087
1.66842 4.13473
1.61284 -0.624424
-0.0748301 4.18768
2.45045 1.73518
1.46525 1.86559
1.93858 0.895547
1.71697 2.23068
1.61149 0.260708
0.439649 2.84265
1.60708 4.69094
2.09262 1.71205
1.67187 1.3458
1.88648 1.27607
1.80714 1.48129
1.80642 1.07806
1.83395 1.76985
1.72059 0.783877
1.70394 2.50503
1.53058 0.0699822
-0.159303 2.87975
2.47152 2.49669
1.29318 1.24705
0.963987 3.12545
0.186756 3.9488
1.92797 3.79041
1.11825 -0.459378
1.33371 5.63459
0.727754 3.64347
1.03845 4.64703
0.604894 4.13232
1.19026 4.34353
0.200785 3.5665
1.85697 4.03409
1.20835 -0.734402
1.33146 5.69219
0.8008 3.6488
0.885017 4.62212
0.828488 4.2
0.881851 4.41268
0.814646 4.30889
0.906726 4.35782
0.769343 4.32702
0.96884 4.33442
0.651019 4.28508
1.12525 4.2942
0.278976 3.83968
1.71859 4.09709
1.46961 -0.732932
0.440591 5.01437
1.97721 3.38573
1.16338 -0.0396511
0.665779 5.12563
1.47753 3.8666
1.97008 0.190559
0.773514 2.86661
0.866798 4.80913
0.878895 4.09165
0.780741 4.43686
0.955404 4.27758
0.66372 4.31322
1.10824 4.28686
0.312399 3.90964
1.66007 4.12775
1.62983 -0.603629
-0.128265 4.06316
2.47762 1.54062
1.43806 2.05389
1.93509 0.743825
1.62531 2.50822
1.5917 0.00397404
-0.128213 2.81031
2.44187 2.71523
1.23872 1.06535
0.165875 2.89453
1.99313 4.09943
1.07425 -0.667851
1.69126 5.67919
0.913673 3.46593
0.498124 4.37486
1.38034 4.1391
1.77444 2.89454
1.3777 -0.0611125
-0.0871184 3.97893
2.42935 2.07404
1.43907 1.55653
1.95052 1.70712
1.71032 1.05154
1.85597 1.87263
1.68301 0.7269
1.61865 2.70218
1.54874 -0.116962
-0.262476 3.1607
2.54933 1.6011
1.38466 1.98705
1.98779 1.22799
1.76203 1.72638
1.75807 0.73544
1.66808 2.55971
1.53976 0.000453882
-0.209763 2.95786
2.5174 2.10996
1.3618 1.56242
1.84539 2.39641
1.50922 0.346088
0.242614 2.80496
1.89691 4.31371
1.25469 -0.887038
1.35467 5.73225
0.831007 3.63927
0.808202 4.59253
0.927809 4.19892
0.701792 4.36262
1.05782 4.2818
0.430565 4.09449
1.45796 4.20797
2.07482 1.71369
1.67714 1.3059
1.88747 1.34922
1.80012 1.37042
1.82983 1.23332
1.83203 1.4866
1.79645 1.10028
1.84058 1.72157
1.73313 0.841242
1.75415 2.35095
1.55365 0.228559
0.157714 2.77159
2.0313 4.08245
1.0409 -0.610208
1.73714 5.64897
1.05389 3.46606
0.0905668 3.50282
2.06455 3.69731
1.05386 -0.170768
1.25872 5.55422
0.726847 3.69474
1.04017 4.62648
0.596397 4.13582
1.20168 4.33537
0.192812 3.50019
1.87267 4.03785
1.18942 -0.726263
1.38545 5.70344
0.763141 3.615
0.96658 4.65324
0.718628 4.17657
1.03857 4.39325
0.523155 4.16399
1.30814 4.26332
0.689462 3.2464
1.11755 4.78784
0.517266 4.00527
1.31732 4.33537
0.621816 3.23561
1.25168 4.76664
0.300832 3.67741
1.67379 4.2068
1.65104 -0.600241
-0.167761 3.96723
2.49638 1.38761
1.39979 2.19351
1.95998 0.788155
1.64059 2.44716
1.5952 0.0508181
-0.0537221 2.76672
2.3499 3.17321
1.11623 0.638045
0.137129 4.30347
2.16667 3.15097
1.19183 0.449079
0.017513 4.10026
2.31291 2.6911
1.32026 0.975065
0.583517 2.98702
1.34967 4.82632
0.294777 3.39669
1.70666 4.29484
1.63426 -0.644868
-0.0956112 4.15158
2.46272 1.63395
1.4558 1.964
1.93114 0.784903
1.65828 2.4316
1.58519 0.0724437
-0.042323 2.76737
2.33383 3.23678
1.09934 0.57075
0.269662 4.53579
1.99667 3.48571
1.13047 -0.0871148
0.860376 5.30821
1.18918 3.87373
0.332588 3.16397
1.68855 4.42943
1.80781 -0.409442
-0.318179 2.97625
2.5893 1.23783
1.29927 2.25873
1.99422 1.76014
1.68714 1.08991
1.86911 1.81467
1.69799 0.799678
1.70911 2.50984
1.5259 0.0730613
-0.164023 2.88923
2.47597 2.46194
1.30097 1.27551
1.09001 3.14226
0.227752 3.10514
1.85693 4.23177
1.27713 -0.848
1.23522 5.68412
0.918794 3.70468
0.571901 4.40159
1.25279 4.18212
0.385044 3.19353
1.60864 4.50659
2.07489 0.581891
1.33467 2.79146
2.01733 0.874127
1.64759 2.36
1.6156 0.112652
0.110776 2.74333
2.10887 3.92579
0.994637 -0.349937
1.64068 5.61797
0.77441 3.44342
0.925289 4.69668
0.782772 4.1612
0.950136 4.42635
0.706296 4.27723
1.05201 4.33164
0.46727 4.12432
1.39673 4.23206
1.72483 2.98628
1.38696 -0.185566
0.00845179 4.22793
2.36439 2.36354
1.4061 1.27022
1.7086 2.70368
1.4695 -0.0419343
-0.242185 3.37384
2.53036 1.60427
1.40033 1.99102
1.97867 1.09047
1.75248 1.93336
1.69537 0.52759
1.31473 2.97903
2.04518 1.15963
1.72165 1.94043
1.70689 0.490109
1.25877 2.99435
1.97018 2.16683
1.5691 0.723366
1.40621 2.9797
1.89362 0.188544
0.775204 2.89286
0.86296 4.8014
0.882648 4.0952
0.773762 4.43288
0.964453 4.27705
0.644719 4.30145
1.13405 4.28137
0.254778 3.78815
1.76166 4.06974
1.36905 -0.766329
0.81898 5.40472
1.42937 3.81053
2.0501 0.667836
1.45749 2.69378
1.79477 0.0618786
0.393897 2.76943
1.68995 4.63206
2.00818 0.129244
0.627781 2.79918
1.28276 4.91647
0.333023 3.66724
1.61928 4.26411
1.8518 -0.272183
-0.178869 2.70234
2.50931 2.36575
1.3028 1.35869
1.26775 3.13246
1.97987 2.14292
1.57591 0.758682
1.48881 2.91478
1.71447 -0.135511
-0.122925 2.74082
2.44321 2.75008
1.22478 1.0387
0.0514253 2.91496
2.17084 3.69039
1.01152 -0.0225343
1.26704 5.52847
0.692135 3.69245
1.09954 4.61755
0.485942 4.04596
1.36344 4.28704
1.23349 3.32735
1.64799 3.02332
1.45292 -0.281944
-0.0682196 4.08985
2.42747 2.0149
1.45166 1.60462
1.9599 1.49899
1.75282 1.29803
1.85771 1.331
1.81341 1.35616
1.82686 1.26747
1.8313 1.42489
1.80899 1.18407
1.84101 1.56109
1.77635 1.01834
1.83215 1.89829
1.68066 0.666441
1.5331 2.82194
1.64285 -0.163403
-0.235687 2.91907
2.54227 1.92011
1.37323 1.71722
1.9476 1.90511
1.65535 0.869327
1.74778 2.44153
1.52675 0.164035
-0.0450933 2.79539
2.33388 3.22213
1.10505 0.58366
0.232712 4.47603
2.04709 3.40017
1.13714 0.06688
0.650231 5.09177
1.48118 3.87411
1.96467 0.166815
0.724987 2.85166
1.02472 4.88404
0.68124 4.04819
1.09434 4.44027
0.420378 4.03119
1.47091 4.22593
2.08794 1.54286
1.69976 1.51566
1.84424 0.970049
1.79456 2.00926
1.65464 0.520617
1.22003 3.02176
1.7348 2.86936
1.40785 -0.104129
-0.12197 3.89991
2.45483 1.92027
1.44612 1.70224
1.96538 1.31798
1.77182 1.54968
1.80375 0.952933
1.80362 2.03884
1.64188 0.511594
1.16855 3.03324
1.16318 3.25924
0.872015 3.23214
0.572144 4.50166
1.27404 4.13269
0.634535 3.22248
1.22966 4.77912
0.334499 3.75481
1.61368 4.23152
1.8402 -0.290309
-0.207685 2.73313
2.53357 2.1567
1.33673 1.52534
1.72308 2.72107
1.45513 -0.0338418
-0.233441 3.43445
2.52397 1.61822
1.40607 1.98027
1.97526 1.06491
1.7495 1.97164
1.68378 0.491963
1.22129 3.01158
1.74928 2.84238
1.40587 -0.0681743
-0.145161 3.82019
2.46852 1.85721
1.44283 1.76323
1.96554 1.21286
1.77283 1.70948
1.75895 0.764669
1.69566 2.49479
1.53903 0.0670349
-0.147636 2.8603
2.45997 2.58036
1.2738 1.1779
0.645831 3.02732
1.22228 4.85197
0.378658 3.80308
1.5381 4.27507
2.06402 0.589083
1.35589 2.78271
1.98668 0.643273
1.49419 2.69313
1.72749 -0.0337628
0.0708205 2.69884
2.17863 3.77159
0.988092 -0.0999288
1.42916 5.5781
0.602169 3.56471
1.24751 4.61786
0.246274 3.57637
1.7734 4.13866
1.37882 -0.790131
0.817562 5.40864
1.43943 3.80639
2.03004 0.516635
1.30086 2.83782
2.04071 1.34116
1.73574 1.66723
1.78694 0.779641
1.70908 2.43535
1.54913 0.118573
-0.0573954 2.78983
2.3519 3.15289
1.12323 0.656946
0.0936567 4.21745
2.21706 3.02172
1.22761 0.616401
-0.158568 3.46889
2.45791 2.19953
1.38998 1.47231
1.85148 2.34749
1.52461 0.386071
0.40485 2.85427
1.65442 4.63155
2.07826 0.554308
1.29653 2.81341
2.03878 1.40883
1.73368 1.57319
1.81389 0.896258
1.77682 2.16366
1.60808 0.382961
0.743706 2.96672
0.970847 4.83751
0.744171 4.08324
1.00656 4.45375
0.60923 4.21373
1.1826 4.30413
0.194786 3.56401
1.86819 4.01917
1.19098 -0.716057
1.3688 5.69762
0.770143 3.62524
0.952173 4.64729
0.73858 4.18341
1.01172 4.39927
0.582415 4.21392
1.22056 4.28469
0.200505 3.35489
1.86764 4.10484
1.21303 -0.77556
1.36287 5.70932
0.791046 3.6307
0.90568 4.63427
0.801818 4.19472
0.922509 4.41341
0.750884 4.29774
0.99334 4.34278
0.602975 4.24945
1.19165 4.28106
0.184665 3.49207
1.88784 4.01873
1.16774 -0.699756
1.42792 5.70496
0.73539 3.58644
1.02284 4.66865
0.635793 4.13968
1.14876 4.36192
0.266243 3.78542
1.73924 4.09565
1.42505 -0.756073
0.616244 5.21394
1.733 3.67469
1.3167 -0.588847
0.766705 5.32284
1.45361 3.82397
2.00716 0.374987
1.10482 2.90499
0.460786 3.09158
1.52424 4.64888
1.79189 2.9097
1.3647 -0.042537
-0.070431 4.01522
2.41646 2.14649
1.43234 1.48767
1.92588 1.93624
1.64936 0.802071
1.67558 2.61895
1.51714 -0.0281834
-0.244055 3.10328
2.53872 1.78373
1.39058 1.83288
1.98078 1.47593
1.74944 1.36797
1.85042 1.20896
1.82439 1.54914
1.7847 1.0104
1.82756 1.91392
1.67679 0.646242
1.49698 2.86258
1.70233 -0.129476
-0.130792 2.75189
2.45129 2.69858
1.23802 1.08254
0.187869 2.89635
1.95876 4.16223
1.11898 -0.75757
1.643 5.71301
0.829206 3.47747
0.780295 4.61936
0.968062 4.17371
0.605363 4.30659
1.19018 4.25292
0.180257 3.46879
1.89658 4.01479
1.15729 -0.688838
1.45045 5.70536
0.724879 3.57103
1.04341 4.67452
0.603973 4.11966
1.192 4.34943
0.201256 3.56394
1.85609 4.03631
1.21001 -0.736466
1.32826 5.69175
0.803766 3.65078
0.878238 4.61919
0.837291 4.20081
0.867861 4.41181
0.835288 4.31013
0.876979 4.35993
0.8174 4.33439
0.903577 4.34504
0.772917 4.33348
0.964117 4.33226
0.6599 4.2912
1.11325 4.29647
0.306102 3.89452
1.67081 4.12352
1.59912 -0.635709
-0.0339907 4.27375
2.42734 1.88808
1.47077 1.71418
1.95325 1.14366
1.77445 1.80173
1.7298 0.67256
1.58591 2.72648
1.58212 -0.137162
-0.259657 3.06833
2.55155 1.67496
1.38379 1.92238
1.98704 1.35669
1.76008 1.5367
1.81173 0.960912
1.80383 2.02101
1.64784 0.525296
1.21394 3.02517
1.68063 2.95591
1.43092 -0.217914
-0.0762399 4.05205
2.42951 2.02411
1.44854 1.59829
1.95927 1.5357
1.74643 1.25296
1.86351 1.4144
1.79943 1.24129
1.8436 1.45007
1.79991 1.1645
1.84409 1.59414
1.76713 0.983781
1.82447 1.98027
1.65572 0.588313
1.36047 2.97265
1.98813 0.571301
1.41135 2.7827
1.8805 0.218196
0.837922 2.91675
0.63015 4.61802
1.20193 4.10893
0.214404 3.26616
1.8538 4.16334
1.25272 -0.815023
1.277 5.69265
0.869287 3.68185
0.713265 4.52444
1.05108 4.19799
0.407053 4.08746
1.4999 4.18397
2.08076 0.808609
1.54514 2.53395
1.67849 -0.00242298
0.0365935 2.71624
2.22673 3.62671
1.00688 0.104256
1.15781 5.46216
0.776665 3.76349
0.948199 4.59807
0.737196 4.20786
1.01296 4.38553
0.575339 4.21308
1.23083 4.27989
0.219911 3.30701
1.83964 4.16572
1.27555 -0.81776
1.20395 5.66432
0.940609 3.72049
0.508552 4.33203
1.35136 4.16907
1.41777 3.2683
1.90328 0.127656
0.639955 2.83925
1.25094 4.90919
0.366056 3.74886
1.56075 4.28038
2.02155 0.306072
0.969771 2.89461
0.106961 3.80102
2.06471 3.586
1.07967 -0.0656434
1.04412 5.43284
0.936997 3.81302
0.55714 4.36143
1.27131 4.19192
0.502298 3.20011
1.44485 4.66503
1.00493 3.34664
0.139932 3.77568
1.9928 3.73918
1.08169 -0.317531
1.31143 5.59967
0.712693 3.6582
1.06575 4.63872
0.555407 4.10128
1.25971 4.32093
0.283665 3.24631
1.74614 4.31781
1.55323 -0.737666
0.202264 4.70054
2.25457 2.69519
1.34027 0.897098
0.556533 2.96981
1.3998 4.80641
0.421774 3.27804
1.54161 4.53285
2.0632 1.92515
1.6297 1.09141
1.87111 1.94053
1.65796 0.69743
1.54955 2.81355
1.61774 -0.173194
-0.259732 3.01488
2.55441 1.69806
1.38093 1.90145
1.98621 1.42451
1.75418 1.44413
1.83499 1.08949
1.82432 1.75981
1.7264 0.779135
1.70151 2.50643
1.53169 0.0663893
-0.16121 2.88143
2.4735 2.483
1.29611 1.25835
1.01313 3.13414
0.0670982 3.56415
2.11249 3.56448
1.06815 0.0247794
0.99142 5.38369
0.986576 3.8388
0.415143 4.19067
1.50051 4.14395
2.06373 0.64347
1.41737 2.72859
1.8708 0.211585
0.81951 2.91444
0.702388 4.68295
1.09593 4.10895
0.249273 3.83498
1.77687 4.03504
1.32808 -0.758719
0.950037 5.50461
1.23595 3.814
0.878637 3.26601
0.557456 4.47986
1.29535 4.13359
0.855425 3.28031
0.646586 4.56313
1.15896 4.14462
0.167949 3.51869
1.91853 3.96102
1.12824 -0.621475
1.47408 5.6925
0.702551 3.55154
1.08605 4.67926
0.532994 4.06606
1.29267 4.31967
0.457887 3.20831
1.50542 4.60588
1.75452 2.97167
1.36955 -0.136515
0.00741346 4.2135
2.36167 2.38688
1.40047 1.24989
1.66245 2.78715
1.48484 -0.13825
-0.229543 3.53485
2.52164 1.53882
1.40304 2.05147
1.97188 0.970102
1.72515 2.13362
1.63999 0.338652
0.737282 2.95541
0.989862 4.84727
0.720514 4.07542
1.03991 4.44756
0.540436 4.16151
1.28156 4.27876
0.442645 3.20325
1.52737 4.58706
1.93861 2.53601
1.44594 0.436885
0.158867 2.80973
2.02134 4.08438
1.0489 -0.622993
1.72514 5.65677
1.0114 3.46588
0.166454 3.8171
1.94457 3.80879
1.10512 -0.452394
1.37236 5.64216
0.700795 3.61689
1.08768 4.65261
0.520898 4.06635
1.31037 4.30905
0.614209 3.23167
1.26553 4.76299
0.285128 3.62748
1.70281 4.1976
1.56939 -0.686625
0.0953383 4.52044
2.34141 2.34855
1.42271 1.25569
1.74578 2.61631
1.47274 0.0578207
-0.23254 3.12471
2.52887 1.86511
1.39194 1.76504
1.97261 1.61109
1.7274 1.19489
1.87129 1.53594
1.7728 1.09429
1.84812 1.73314
1.72766 0.841497
1.75357 2.35831
1.55146 0.223161
0.138783 2.7695
2.06059 4.02195
1.0178 -0.512677
1.71727 5.63286
0.988208 3.45928
0.232406 3.97219
1.83458 3.9165
1.2138 -0.669336
1.23717 5.64646
0.862911 3.70278
0.736485 4.53434
1.01957 4.20334
0.490251 4.18878
1.36324 4.22282
1.40915 3.27575
1.92586 0.197706
0.798482 2.88978
0.778892 4.74717
0.991742 4.10267
0.519474 4.24849
1.32008 4.21891
0.920907 3.30076
0.408614 4.29507
1.53971 4.08197
1.93538 0.00493816
0.372743 2.71552
1.73323 4.60415
1.86891 -0.32013
-0.227216 2.73431
2.55028 2.01035
1.35149 1.6416
1.87203 2.31481
1.53183 0.442636
0.582017 2.92412
1.36111 4.84585
0.306498 3.38026
1.69052 4.32096
1.69999 -0.565402
-0.260155 3.68355
2.53627 1.06857
1.26199 2.43158
1.95268 2.13638
1.58117 0.709143
1.41362 2.97037
1.87652 0.143725
0.666614 2.85843
1.18547 4.90823
0.457337 3.88776
1.41085 4.3315
1.62173 3.12757
1.47337 -0.348641
-0.051181 4.14768
2.41979 2.03709
1.45302 1.58025
1.95733 1.54707
1.74484 1.23589
1.86481 1.44747
1.79313 1.1977
1.84719 1.52762
1.78228 1.06816
1.84093 1.78811
1.71311 0.777486
1.6949 2.53255
1.52812 0.0432832
-0.189038 2.92649
2.49952 2.27355
1.33748 1.42921
1.61129 2.89388
1.51827 -0.227893
-0.229699 3.58996
2.52217 1.46784
1.39443 2.11452
1.97408 0.938183
1.71158 2.19371
1.62673 0.280813
0.543412 2.88133
1.43681 4.82089
0.58578 3.27752
1.30765 4.72311
0.26107 3.442
1.7564 4.21583
1.45699 -0.780383
0.545727 5.14502
1.84384 3.56508
1.1998 -0.396936
0.958511 5.43833
1.12089 3.83239
0.128792 3.40595
1.9928 3.87826
1.06776 -0.450641
1.49858 5.65604
0.662196 3.52429
1.1584 4.67565
0.401442 3.91858
1.49919 4.25434
2.09798 1.13946
1.67952 2.06994
1.68691 0.347683
0.892748 2.99147
0.421428 4.36907
1.53682 4.05878
1.9274 -0.0147421
0.328244 2.70013
1.80013 4.51863
1.60147 -0.747431
0.0920716 4.53326
2.35128 2.28368
1.43654 1.31604
1.83525 2.35824
1.52458 0.351326
0.320523 2.82369
1.7805 4.48313
1.61486 -0.721413
0.0295481 4.41945
2.39359 2.06399
1.46541 1.5354
1.95234 1.57085
1.74154 1.19882
1.8664 1.52195
1.77744 1.10379
1.84776 1.71262
1.73373 0.861379
1.76821 2.30193
1.56432 0.27935
0.311526 2.80844
1.79692 4.46739
1.55986 -0.776625
0.235466 4.75887
2.22866 2.77728
1.31745 0.804219
0.205249 2.86454
1.93899 4.21262
1.15529 -0.812486
1.58741 5.73454
0.779855 3.5009
0.91792 4.67755
0.790289 4.17155
0.939187 4.42283
0.724478 4.2855
1.02813 4.33681
0.524639 4.18395
1.30672 4.25478
0.694506 3.24706
1.10642 4.7877
0.535167 4.02056
1.29111 4.34384
0.413839 3.21086
1.56543 4.54401
2.10047 1.52848
1.69581 1.55913
1.83581 0.906431
1.77398 2.14219
1.61641 0.393855
0.80169 2.98465
0.779237 4.72848
0.987095 4.11284
0.535807 4.26224
1.29454 4.2252
0.641315 3.23131
1.21621 4.77945
0.354048 3.79445
1.57957 4.24449
1.94727 0.0015054
0.367081 2.70916
1.74286 4.59455
1.83228 -0.401999
-0.309745 2.9135
2.58989 1.3296
1.32118 2.18633
2.00222 1.57103
1.72667 1.30015
1.868 1.32843
1.80981 1.3737
1.82561 1.23682
1.83355 1.47679
1.798 1.11528
1.84162 1.69128
1.74157 0.873707
1.77645 2.26223
1.57467 0.31678
0.443872 2.85503
1.59817 4.69425
2.07202 1.90375
1.63357 1.12762
1.88269 1.83707
1.68812 0.803657
1.70762 2.52102
1.52339 0.0645753
-0.176427 2.90914
2.48778 2.36951
1.32003 1.35105
1.38239 3.08825
1.95621 0.37249
1.13665 2.92334
0.82276 3.19972
0.742078 4.65716
1.02807 4.1381
0.438512 4.14572
1.44931 4.19243
2.06462 1.81195
1.65827 1.19153
1.89153 1.62511
1.74566 1.02555
1.84208 1.89772
1.67832 0.682865
1.55439 2.79737
1.61288 -0.167511
-0.259309 3.01993
2.55384 1.6994
1.38139 1.90053
1.98613 1.422
1.75449 1.44723
1.83423 1.08495
1.82404 1.76834
1.72389 0.770479
1.69246 2.53014
1.53049 0.0421232
-0.186755 2.92053
2.49763 2.29168
1.33413 1.41452
1.57261 2.94058
1.56485 -0.251555
-0.266112 3.41858
2.54403 1.35684
1.35823 2.20058
1.99884 1.12915
1.74662 1.90345
1.70778 0.547276
1.37042 2.94689
1.96745 0.473378
1.29464 2.87302
2.04057 1.44724
1.72981 1.52812
1.82698 0.956379
1.79685 2.03273
1.646 0.506095
1.16684 3.03206
1.14197 3.25936
0.613097 3.15658
1.27539 4.7899
0.287215 3.61302
1.69977 4.20691
1.58367 -0.675393
0.0468489 4.43512
2.37699 2.17217
1.45147 1.43099
1.92065 1.93571
1.65039 0.792425
1.6656 2.63806
1.51996 -0.0486567
-0.250059 3.1352
2.54183 1.71786
1.39121 1.88869
1.98429 1.35601
1.76131 1.53222
1.81233 0.96782
1.80594 2.00593
1.65229 0.539969
1.2559 3.0144
1.95627 2.23958
1.54623 0.648744
1.16927 3.06372
1.14854 3.26116
0.687809 3.17923
1.12246 4.80984
0.51707 3.9951
1.31803 4.34009
0.618446 3.23524
1.25771 4.76455
0.293392 3.65562
1.68742 4.202
1.61158 -0.644771
-0.0504996 4.24438
2.4378 1.81446
1.47039 1.78671
1.94576 1.00761
1.75355 2.03035
1.66229 0.449572
1.07831 3.02864
0.196351 3.10334
1.90703 4.15442
1.17657 -0.788048
1.49505 5.73122
0.744635 3.54854
1.00249 4.68068
0.67007 4.14879
1.10343 4.37999
0.370925 3.97972
1.55579 4.18718
1.96716 0.0891691
0.556735 2.78361
1.42965 4.8654
0.487362 3.27894
1.45166 4.61809
1.21288 3.35156
1.39402 3.22855
1.95204 0.308946
1.02091 2.92675
0.0358028 3.38801
2.16234 3.50773
1.06816 0.145707
0.858475 5.2665
1.14685 3.88765
0.154237 3.31335
1.95194 3.98852
1.09975 -0.607865
1.55285 5.68983
0.711354 3.50017
1.06976 4.70012
0.567534 4.08435
1.24317 4.33925
0.226764 3.31488
1.82728 4.17956
1.30165 -0.823091
1.12259 5.62589
1.03288 3.75819
0.23477 3.90427
1.81628 3.96304
1.24635 -0.712407
1.17573 5.62893
0.938115 3.73485
0.522459 4.34397
1.32854 4.17453
1.13654 3.32486
0.48893 3.12809
1.47718 4.67387
1.29972 3.34253
2.03029 1.85373
1.65536 1.08191
1.86942 1.89732
1.67216 0.729316
1.61103 2.72065
1.55302 -0.130414
-0.265007 3.1729
2.55047 1.57254
1.38239 2.01127
1.98859 1.20509
1.76047 1.76344
1.74726 0.695186
1.62206 2.65733
1.55583 -0.0890634
-0.250832 3.06958
2.54526 1.74571
1.38712 1.86378
1.98331 1.44327
1.75301 1.41413
1.84123 1.13531
1.82621 1.6754
1.75067 0.867743
1.77269 2.26598
1.57477 0.308866
0.424382 2.8472
1.62816 4.66546
2.11485 1.15772
1.67031 2.07458
1.6913 0.338314
0.88008 2.98684
0.472672 4.43519
1.45024 4.0843
2.09174 1.2627
1.70345 1.88072
1.73602 0.530848
1.37491 2.9328
1.95769 0.433807
1.23972 2.9
1.89854 2.45324
1.47991 0.409167
0.254538 2.81769
1.8765 4.34076
1.30252 -0.892811
1.20569 5.68159
0.963605 3.71983
0.433231 4.24169
1.47549 4.13998
2.09114 1.03941
1.65644 2.20711
1.6573 0.226517
0.50151 2.85503
1.51074 4.77741
1.30559 3.34898
2.04136 1.74879
1.67886 1.20016
1.88698 1.57139
1.75998 1.078
1.84974 1.77154
1.71582 0.807039
1.72312 2.45929
1.53355 0.120723
-0.0915183 2.81576
2.39496 2.95016
1.17945 0.853922
-0.144723 3.39133
2.43953 2.37532
1.35534 1.32452
1.55825 2.94514
1.58677 -0.24694
-0.279033 3.30634
2.55381 1.35452
1.35088 2.19616
2.0028 1.21066
1.75306 1.7813
1.74468 0.669592
1.59038 2.71108
1.57972 -0.128266
-0.256816 3.0587
2.55006 1.70251
1.38458 1.89927
1.98581 1.39488
1.75745 1.48234
1.82555 1.03479
1.81896 1.86604
1.69467 0.673595
1.55901 2.78308
1.60838 -0.162154
-0.25889 3.02456
2.5533 1.70085
1.38183 1.8995
1.98604 1.41998
1.75475 1.44968
1.83362 1.08139
1.8238 1.77508
1.72189 0.76367
1.68505 2.54874
1.53016 0.0231657
-0.20325 2.95253
2.51166 2.1609
1.35542 1.52082
1.79177 2.55641
1.4714 0.162263
-0.169066 2.93828
2.47781 2.41712
1.31366 1.31085
1.2622 3.12934
1.95893 2.24749
1.54326 0.648939
1.15788 3.0654
0.998482 3.24826
0.124266 3.75651
2.0219 3.69061
1.07466 -0.227971
1.24131 5.55911
0.753986 3.70455
0.98975 4.62355
0.678369 4.17895
1.09128 4.36896
0.39313 4.01655
1.51827 4.19975
2.06002 0.587222
1.35823 2.78339
1.98283 0.620062
1.47262 2.72256
1.76274 0.00010543
0.202602 2.71153
1.9779 4.21668
1.1124 -0.790149
1.6947 5.70804
0.932867 3.47502
0.432671 4.29282
1.48892 4.11356
2.069 0.708802
1.47615 2.65563
1.76506 0.0300074
0.273304 2.73292
1.86992 4.39427
1.34804 -0.900794
1.06559 5.61077
1.12966 3.77767
0.143242 3.30148
1.97223 3.95798
1.08137 -0.554734
1.55853 5.67742
0.703112 3.49258
1.08594 4.70201
0.540774 4.06296
1.28156 4.32783
0.378327 3.21231
1.6143 4.49047
2.05449 0.431278
1.15031 2.87816
1.02279 3.24151
0.076186 3.55973
2.09491 3.60768
1.06276 -0.0409077
1.08516 5.45194
0.88302 3.7951
0.705807 4.48947
1.05834 4.21359
0.396137 4.06773
1.51784 4.1797
2.05046 0.520618
1.28446 2.83542
2.03174 1.61216
1.70993 1.31756
1.87322 1.30167
1.81046 1.42234
1.81707 1.16459
1.83742 1.60271
1.76699 0.964224
1.81765 2.02539
1.64244 0.543198
1.23943 3.02183
1.87258 2.55268
1.45042 0.303846
-0.0536174 2.83703
2.3406 3.17409
1.12062 0.63042
0.126105 4.28452
2.18075 3.11498
1.20177 0.496535
-0.0500367 3.9252
2.37305 2.47135
1.36741 1.19887
1.41989 3.04938
1.8672 0.0941537
0.545891 2.8114
1.44451 4.8452
0.592168 3.28135
1.29691 4.72706
0.258949 3.48422
1.75631 4.19768
1.44594 -0.780818
0.581855 5.18377
1.79145 3.62027
1.24381 -0.50467
0.926529 5.43612
1.19336 3.83501
0.406818 3.15735
1.58578 4.55071
2.11018 1.19078
1.68065 2.01855
1.70338 0.391442
1.03565 3.01271
0.0505835 3.31816
2.13639 3.6038
1.04847 0.020626
1.07667 5.43612
0.881824 3.80153
0.710742 4.49101
1.05158 4.2152
0.414199 4.09231
1.4873 4.19025
2.09356 1.05168
1.65854 2.19272
1.66045 0.238506
0.541449 2.87091
1.44197 4.82193
0.615512 3.28194
1.25806 4.74481
0.284844 3.6405
1.70288 4.19211
1.56537 -0.688804
0.108154 4.54198
2.33132 2.39496
1.41342 1.20934
1.65905 2.78531
1.48843 -0.140037
-0.23278 3.51967
2.52366 1.52927
1.40056 2.05941
1.97337 0.976038
1.7262 2.12507
1.64237 0.3461
0.764119 2.96443
0.906144 4.80934
0.825489 4.09778
0.880519 4.4581
0.820467 4.28666
0.897693 4.37018
0.785702 4.3251
0.946951 4.34147
0.695235 4.30663
1.0662 4.30916
0.423218 4.07666
1.46939 4.20807
2.09053 1.48042
1.70458 1.59442
1.82224 0.858005
1.75462 2.24714
1.58825 0.295874
0.443693 2.85102
1.59932 4.69504
2.07409 1.88746
1.63733 1.14568
1.88707 1.78191
1.70372 0.860797
1.76275 2.35193
1.54973 0.240073
0.168326 2.77478
2.01451 4.11481
1.05766 -0.661177
1.73453 5.66258
1.04235 3.46852
0.102983 3.59088
2.04566 3.70354
1.06107 -0.204533
1.26727 5.56369
0.725916 3.68863
1.04186 4.62883
0.594146 4.13335
1.20483 4.33495
0.192176 3.48397
1.87433 4.04193
1.18828 -0.72801
1.39118 5.70498
0.760455 3.6114
0.972096 4.65531
0.710873 4.17371
1.04893 4.39068
0.499333 4.14083
1.34483 4.25403
1.1107 3.32897
0.267167 3.11562
1.79435 4.31687
1.44299 -0.823464
0.649873 5.26281
1.70388 3.68956
1.36192 -0.607171
0.629113 5.19528
1.67018 3.73501
1.42894 -0.621333
0.419073 4.963
1.97915 3.39632
1.15988 -0.0446004
0.686494 5.14688
1.44578 3.87307
2.04428 0.593589
1.38316 2.77309
1.9374 0.408472
1.20907 2.91797
1.67954 2.94874
1.4334 -0.214885
-0.085069 4.03005
2.43531 1.9924
1.44989 1.62904
1.962 1.45468
1.75913 1.35726
1.84803 1.22979
1.82489 1.51032
1.79367 1.06019
1.83565 1.80515
1.70929 0.753461
1.66857 2.59342
1.52982 -0.0194302
-0.232284 3.03198
2.53279 1.91012
1.38307 1.72678
1.9598 1.78361
1.68812 0.997834
1.83925 2.03944
1.63226 0.567727
1.26633 3.01849
1.99263 2.0432
1.60633 0.854249
1.68426 2.6289
1.50772 -0.0254745
-0.24666 3.13993
2.53917 1.7428
1.39252 1.86789
1.98315 1.3861
1.75935 1.48883
1.82332 1.02665
1.81807 1.8822
1.68971 0.658324
1.53165 2.81918
1.64562 -0.160403
-0.230852 2.90632
2.53921 1.96078
1.37003 1.68396
1.93109 2.01747
1.6228 0.750438
1.57364 2.8006
1.58438 -0.177376
-0.272547 3.14843
2.55616 1.52565
1.37452 2.04888
1.99195 1.2115
1.75904 1.75966
1.74901 0.697609
1.62549 2.65012
1.55406 -0.0832143
-0.249108 3.06442
2.54425 1.76202
1.38713 1.85012
1.98218 1.47147
1.7496 1.37632
1.84908 1.19514
1.82501 1.57227
1.77877 0.982982
1.82121 1.97697
1.65769 0.585755
1.35945 2.97243
1.98995 0.581928
1.42265 2.77113
1.8577 0.163268
0.701306 2.87779
1.09331 4.89462
0.588174 4.00555
1.21968 4.39574
0.201205 3.47726
1.8582 4.06784
1.21523 -0.756282
1.33351 5.69753
0.805649 3.64804
0.873363 4.61829
0.843718 4.20062
0.8574 4.41114
0.850378 4.31026
0.854422 4.3602
0.851527 4.33582
0.854303 4.3478
0.850919 4.34193
0.855585 4.34481
0.848811 4.34338
0.858794 4.34406
0.84394 4.34364
0.865969 4.34372
0.83301 4.34332
0.881774 4.34291
0.808265 4.34123
0.916456 4.33938
0.750101 4.32945
0.994219 4.32487
0.59548 4.24989
1.20242 4.27556
0.18498 3.43123
1.88959 4.04054
1.16978 -0.715115
1.43798 5.70973
0.735884 3.58055
1.02171 4.67075
0.638088 4.13984
1.14573 4.36343
0.272709 3.80028
1.72775 4.10236
1.45261 -0.744503
0.510451 5.09788
1.88399 3.52071
1.1777 -0.301826
0.927598 5.39835
1.14066 3.84591
0.150927 3.30622
1.95833 3.98047
1.0937 -0.592907
1.55715 5.68616
0.71035 3.4965
1.07175 4.70139
0.564582 4.08166
1.24738 4.33822
0.23654 3.29834
1.81319 4.20621
1.33897 -0.828076
1.00267 5.55547
1.18676 3.79887
0.399828 3.15363
1.59618 4.54135
2.10493 0.955672
1.6087 2.35315
1.65239 0.103326
0.191735 2.74529
1.98604 4.1846
1.09597 -0.755152
1.7097 5.69471
0.967726 3.47275
0.307142 4.10775
1.70529 4.01501
1.45666 -0.712443
0.45355 5.02503
1.95453 3.42476
1.16186 -0.109163
0.756501 5.22382
1.34996 3.87922
1.93981 2.43819
1.47975 0.496123
0.460356 2.88923
1.56656 4.70973
1.92963 2.58164
1.43127 0.393488
0.0195177 2.8193
2.23502 3.55182
1.02716 0.188444
0.988071 5.35295
0.962254 3.84746
0.49448 4.28674
1.36867 4.17912
1.57924 3.15875
1.53688 -0.358303
-0.175448 3.84184
2.49453 1.55615
1.42605 2.03994
1.95058 0.833129
1.67613 2.35835
1.59465 0.134483
0.0951572 2.74946
2.1315 3.86847
0.99076 -0.259772
1.57027 5.61046
0.660374 3.46165
1.16557 4.70037
0.400003 3.9063
1.50149 4.25799
2.09776 1.11522
1.67381 2.10527
1.67879 0.315492
0.790971 2.96335
0.81474 4.75691
0.941431 4.1081
0.647749 4.35879
1.13162 4.25247
0.245408 3.77536
1.77902 4.05449
1.33166 -0.766686
0.948059 5.50489
1.24134 3.81373
0.94541 3.28085
0.308382 4.14875
1.71384 3.9931
1.42907 -0.717634
0.550258 5.13583
1.81926 3.59916
1.21766 -0.455937
0.963642 5.45321
1.12886 3.82809
0.135381 3.35409
1.98287 3.91729
1.07322 -0.501906
1.53211 5.66701
0.679939 3.50461
1.12873 4.69134
0.461702 3.9901
1.40132 4.28933
1.63495 3.10984
1.45735 -0.335336
-0.0247762 4.19982
2.40049 2.14733
1.44274 1.47352
1.92933 1.89051
1.66285 0.845452
1.73132 2.48054
1.52241 0.118333
-0.119236 2.8427
2.42758 2.77279
1.22714 1.0133
0.0324331 2.92024
2.20017 3.60715
1.02347 0.0959993
1.09919 5.43481
0.842614 3.79373
0.808116 4.54745
0.924523 4.22465
0.714149 4.35973
1.04142 4.29009
0.474184 4.14504
1.38663 4.22888
1.63899 3.10066
1.45322 -0.328728
-0.0210803 4.20561
2.39736 2.16574
1.4404 1.45592
1.92087 1.95496
1.6443 0.77783
1.64127 2.68654
1.52925 -0.0958826
-0.259689 3.19997
2.54605 1.59859
1.38726 1.9906
1.98652 1.19887
1.76119 1.76941
1.7451 0.689853
1.61501 2.67091
1.56008 -0.0999028
-0.253507 3.07544
2.54691 1.72131
1.38672 1.8842
1.98472 1.40534
1.75684 1.46626
1.8293 1.05783
1.82188 1.82025
1.70841 0.718705
1.62892 2.6696
1.54572 -0.0930923
-0.25642 3.12011
2.54693 1.67451
1.38773 1.92448
1.98621 1.31709
1.76261 1.59084
1.79678 0.892631
1.7798 2.17567
1.60294 0.379031
0.714568 2.9573
1.05585 4.8661
0.633763 4.04231
1.1571 4.41165
0.275259 3.78743
1.72208 4.11325
1.47088 -0.73754
0.442928 5.01823
1.97525 3.38839
1.16335 -0.0451069
0.672498 5.13324
1.468 3.8684
1.99464 0.298088
0.975715 2.90588
0.0931314 3.75574
2.08471 3.55775
1.0798 -0.00966027
0.98133 5.38311
1.00615 3.84125
0.355541 4.10409
1.60266 4.10461
1.77171 -0.394547
-0.316365 3.02754
2.58515 1.22988
1.29936 2.26911
1.99604 1.74484
1.69057 1.10804
1.87242 1.76608
1.71178 0.84989
1.75667 2.36389
1.54828 0.224004
0.12958 2.76946
2.07468 3.99125
1.00943 -0.462717
1.69733 5.62795
0.924209 3.45344
0.45528 4.326
1.45197 4.12204
2.09044 1.40245
1.7086 1.69084
1.79304 0.73682
1.67228 2.52333
1.54704 0.0263723
-0.177464 2.89289
2.4901 2.36478
1.31951 1.3554
1.38635 3.08663
1.94744 0.337033
1.07641 2.93045
0.212207 3.0861
1.88471 4.19795
1.22093 -0.82708
1.3954 5.72787
0.787216 3.61258
0.912572 4.64197
0.793285 4.19065
0.935041 4.41392
0.730031 4.29123
1.02079 4.33647
0.541069 4.19972
1.28186 4.2603
0.472521 3.20319
1.48615 4.6268
1.53069 3.23233
1.62981 -0.333287
-0.289944 3.34308
2.55771 1.22864
1.31485 2.29553
2.01088 1.49761
1.73562 1.40359
1.85048 1.14729
1.82309 1.66082
1.75575 0.879064
1.77922 2.23394
1.58329 0.339262
0.535384 2.89026
1.44891 4.80893
0.685576 3.29345
1.12488 4.77148
0.49938 3.99597
1.34376 4.32336
0.910442 3.30547
0.45024 4.34874
1.46867 4.10496
2.08873 1.01148
1.64828 2.24537
1.65111 0.193841
0.400996 2.81554
1.66891 4.63417
2.05466 0.377837
1.06398 2.88635
0.148259 3.11116
1.98444 4.01713
1.07396 -0.597159
1.62403 5.67873
0.774697 3.46761
0.927145 4.69027
0.7794 4.16459
0.955065 4.42382
0.697184 4.2745
1.06397 4.328
0.437387 4.0892
1.44544 4.21792
2.0372 2.02893
1.60455 0.956172
1.78233 2.38118
1.53248 0.251125
0.129701 2.77511
2.07331 3.99157
1.01027 -0.464672
1.69654 5.62869
0.921752 3.45342
0.464181 4.33702
1.43709 4.12578
2.07092 1.72503
1.676 1.28642
1.8889 1.39013
1.79424 1.31351
1.83973 1.32111
1.82136 1.34993
1.82472 1.28496
1.83075 1.39341
1.81465 1.22905
1.83818 1.48199
1.79532 1.11437
1.84253 1.69246
1.74098 0.873866
1.77654 2.26258
1.57452 0.316689
0.443044 2.85474
1.59944 4.69304
2.07599 1.87124
1.64102 1.16354
1.89044 1.72881
1.71824 0.916979
1.80112 2.1891
1.59147 0.402034
0.731313 2.96679
1.00802 4.85058
0.696551 4.06955
1.0727 4.43808
0.466799 4.08942
1.39535 4.2481
1.67656 3.05615
1.41644 -0.278613
0.0247826 4.28397
2.35825 2.37048
1.40733 1.25845
1.69885 2.72111
1.47162 -0.0635263
-0.239819 3.41626
2.52839 1.58288
1.40087 2.01047
1.97702 1.05327
1.74582 1.99454
1.67763 0.468996
1.15861 3.02245
1.04211 3.25216
0.0661268 3.41791
2.10791 3.6328
1.05131 -0.0463467
1.13671 5.47977
0.825507 3.76912
0.844188 4.57
0.878453 4.22212
0.800434 4.39242
0.928248 4.30936
0.7238 4.33199
1.02864 4.31064
0.513114 4.18076
1.32489 4.24668
0.903287 3.29881
0.475087 4.38073
1.4274 4.11473
2.05491 1.87337
1.64514 1.11714
1.87971 1.83348
1.68986 0.801504
1.70653 2.52234
1.52367 0.0625111
-0.177961 2.91135
2.48923 2.35795
1.32226 1.36048
1.41406 3.07147
1.88273 0.128332
0.634011 2.84339
1.26412 4.90573
0.348446 3.71342
1.59136 4.2694
1.9352 -0.0453759
0.265095 2.67339
1.89664 4.38061
1.2929 -0.912429
1.26081 5.70841
0.915791 3.69209
0.576691 4.40915
1.24598 4.18154
0.345413 3.199
1.66336 4.44151
1.89045 -0.221761
-0.0847659 2.6408
2.4093 2.9813
1.15824 0.836547
-0.116419 3.59667
2.41638 2.39792
1.36433 1.29143
1.55609 2.94301
1.59048 -0.244514
-0.280495 3.28403
2.55534 1.3612
1.35124 2.1895
2.00259 1.21674
1.75356 1.77155
1.74754 0.679977
1.60436 2.6872
1.56824 -0.112566
-0.255206 3.06995
2.54837 1.71022
1.38582 1.89324
1.98534 1.39551
1.75758 1.48056
1.82589 1.03744
1.81938 1.86068
1.69628 0.678897
1.56797 2.77037
1.59771 -0.158826
-0.262434 3.05579
2.55406 1.65839
1.38173 1.9356
1.98795 1.35011
1.76012 1.54764
1.80899 0.946353
1.79952 2.05306
1.63829 0.494897
1.12077 3.03688
0.560812 3.12689
1.36865 4.75636
0.352728 3.29585
1.635 4.42447
1.95165 -0.0323691
0.295473 2.67902
1.85191 4.45065
1.42443 -0.882311
0.790148 5.40566
1.51263 3.77927
1.82709 -0.204071
-0.10082 2.67523
2.42455 2.88677
1.1854 0.921304
-0.138691 3.23315
2.43058 2.52611
1.31356 1.20405
1.0447 3.13298
0.0626128 3.32016
2.11499 3.65551
1.04276 -0.0586117
1.18334 5.50358
0.778227 3.74328
0.943744 4.60484
0.744701 4.20585
1.00295 4.39001
0.597548 4.2288
1.19906 4.28797
0.185308 3.46166
1.88763 4.03119
1.17026 -0.709558
1.43035 5.70747
0.737128 3.58529
1.01932 4.66894
0.641453 4.14228
1.14119 4.36447
0.282037 3.82117
1.71123 4.11166
1.4942 -0.721862
0.349808 4.8992
2.09062 3.16694
1.20294 0.318255
0.0962179 4.28791
2.24097 2.90977
1.26364 0.729422
-0.114862 3.02959
2.40703 2.77207
1.24087 1.00175
0.0865458 2.89756
2.11771 3.83252
1.00344 -0.237176
1.50645 5.60995
0.62141 3.50514
1.22551 4.65856
0.284906 3.69619
1.70183 4.17038
1.55304 -0.693629
0.146056 4.60356
2.29973 2.53091
1.38263 1.07197
1.26775 3.10297
1.98548 2.10548
1.58743 0.795563
1.57451 2.81695
1.58033 -0.186612
-0.274648 3.18671
2.55579 1.48359
1.3706 2.08523
1.99353 1.1873
1.75648 1.8005
1.73718 0.653908
1.5662 2.75066
1.60381 -0.147057
-0.253303 3.00992
2.55015 1.75165
1.38254 1.85722
1.98248 1.49962
1.74524 1.34247
1.85575 1.2515
1.82088 1.48183
1.80136 1.09287
1.83786 1.73796
1.72907 0.820783
1.738 2.40545
1.54314 0.172841
0.0155122 2.77197
2.24864 3.5324
1.02807 0.221186
0.950153 5.32185
1.00643 3.86349
0.365767 4.11443
1.58394 4.11511
1.83355 -0.275595
-0.194156 2.725
2.52186 2.25615
1.32255 1.44614
1.5502 2.96953
1.59755 -0.253132
-0.282627 3.2751
2.55675 1.35064
1.34801 2.19733
2.00399 1.23942
1.75393 1.73968
1.75729 0.713449
1.64543 2.60717
1.54586 -0.045926
-0.235128 3.02115
2.53567 1.89191
1.38285 1.74173
1.96335 1.75111
1.69609 1.03499
1.85283 1.93337
1.66423 0.671604
1.51925 2.84532
1.66348 -0.158696
-0.212176 2.85862
2.52659 2.11294
1.35296 1.56049
1.81758 2.48932
1.48499 0.243702
-0.0399333 2.81324
2.32413 3.25062
1.09863 0.550998
0.291773 4.5723
1.96707 3.52999
1.13236 -0.173226
0.954092 5.39375
1.07536 3.84396
0.171653 3.71264
1.9203 3.88523
1.1227 -0.553217
1.41992 5.67186
0.700788 3.58601
1.08851 4.66516
0.523814 4.06386
1.30611 4.31281
0.570754 3.22278
1.33888 4.73053
0.293971 3.34758
1.71461 4.30843
1.62482 -0.659803
-0.0614058 4.22792
2.44499 1.7575
1.46857 1.84249
1.93926 0.918292
1.72659 2.18856
1.62073 0.3008
0.574495 2.89602
1.37912 4.84815
0.335794 3.33685
1.65275 4.38428
1.86507 -0.271406
-0.170324 2.68908
2.5021 2.42558
1.29081 1.31078
1.07542 3.14458
0.147163 3.1507
1.98098 4.00618
1.07617 -0.590575
1.61065 5.67951
0.756053 3.47128
0.972566 4.70119
0.717847 4.15214
1.04049 4.40593
0.523825 4.16038
1.30695 4.26565
0.673142 3.24241
1.15244 4.78704
0.459727 3.94721
1.405 4.30701
1.6267 3.12034
1.46722 -0.343676
-0.0410916 4.1679
2.41256 2.07923
1.44968 1.53944
1.95047 1.67014
1.71957 1.08843
1.86255 1.77552
1.71138 0.824336
1.73638 2.42612
1.53723 0.158011
-0.0263136 2.78398
2.30855 3.32355
1.07779 0.473034
0.463621 4.81675
1.71273 3.79653
1.36743 -0.654941
0.674485 5.25041
1.61444 3.76201
1.55318 -0.568602
-0.00541864 4.30712
2.40397 2.05601
1.46017 1.55145
1.95412 1.56706
1.7418 1.20663
1.86636 1.50607
1.7809 1.12358
1.84864 1.67145
1.74514 0.905204
1.79445 2.1827
1.5957 0.396048
0.731882 2.96582
1.00632 4.85028
0.69881 4.07017
1.06963 4.43903
0.473865 4.09714
1.38408 4.25132
1.55861 3.18224
1.57305 -0.353292
-0.233057 3.64977
2.52452 1.35632
1.37199 2.21155
1.98786 0.984377
1.71906 2.131
1.64392 0.334073
0.737876 2.95452
0.988036 4.84683
0.722891 4.07598
1.03661 4.4484
0.54755 4.16754
1.271 4.28147
0.373483 3.20699
1.62212 4.48454
2.03418 0.308126
0.962398 2.8886
0.127637 3.85962
2.0337 3.63048
1.08153 -0.154038
1.13441 5.4986
0.848451 3.7667
0.788707 4.5463
0.950088 4.21842
0.659427 4.33103
1.1144 4.27456
0.292278 3.87434
1.69577 4.10714
1.52733 -0.696007
0.218883 4.71369
2.23128 2.7841
1.31416 0.803355
0.184409 2.86298
1.971 4.15582
1.10482 -0.741721
1.67029 5.70294
0.874275 3.47212
0.636991 4.51408
1.16483 4.16461
0.169691 3.50781
1.91532 3.97034
1.13218 -0.633052
1.47336 5.69502
0.705551 3.55269
1.08045 4.67942
0.542805 4.07421
1.27834 4.32399
0.365201 3.21405
1.63238 4.46934
1.99817 0.134931
0.644574 2.80943
1.24289 4.91955
0.381161 3.77155
1.53517 4.29157
2.07668 0.70134
1.46061 2.66991
1.79172 0.065897
0.399017 2.77247
1.68191 4.64042
2.03349 0.251108
0.85604 2.86786
0.546967 4.54186
1.3353 4.09562
1.42325 3.26096
1.88826 0.0861974
0.539457 2.80201
1.45751 4.84066
0.682513 3.29619
1.13118 4.77007
0.488369 3.98567
1.36045 4.31777
1.112 3.33308
0.273464 3.11482
1.785 4.33008
1.47275 -0.808007
0.533781 5.13836
1.869 3.53199
1.18564 -0.334075
0.935947 5.41042
1.13667 3.84198
0.144626 3.3238
1.96817 3.95598
1.08456 -0.557867
1.55135 5.67861
0.699855 3.49699
1.09214 4.69979
0.529395 4.05433
1.29817 4.32231
0.492505 3.21141
1.45669 4.64905
1.16979 3.35613
0.835347 3.22805
0.704538 4.62255
1.07845 4.1411
0.307682 3.94549
1.67333 4.10217
1.57881 -0.649678
0.0278127 4.39359
2.38803 2.11984
1.45699 1.48418
1.94074 1.7566
1.69939 0.984857
1.83388 2.05157
1.62946 0.55
1.22097 3.03004
1.73909 2.86251
1.40683 -0.0942613
-0.127551 3.881
2.45808 1.90557
1.44551 1.71658
1.96555 1.29155
1.7729 1.58874
1.79322 0.9042
1.78628 2.15071
1.60925 0.405605
0.806876 2.98838
0.760969 4.71458
1.01136 4.11419
0.47218 4.19324
1.39491 4.20392
1.768 2.91198
1.37658 -0.0812487
-0.0663395 4.03602
2.41547 2.14069
1.43434 1.49156
1.92906 1.90988
1.65698 0.829185
1.71136 2.53512
1.51679 0.0605305
-0.189708 2.93724
2.49945 2.2662
1.33951 1.43498
1.62954 2.86912
1.50098 -0.207221
-0.217838 3.6277
2.51521 1.5198
1.40626 2.0701
1.96703 0.917799
1.70795 2.22153
1.61942 0.257454
0.458856 2.8482
1.57758 4.71891
1.96881 2.44916
1.47294 0.54559
0.548751 2.92711
1.41998 4.81218
0.505798 3.27039
1.4275 4.64331
0.899664 3.32635
0.498403 4.403
1.38729 4.12539
1.85221 2.72782
1.39713 0.166614
-0.221979 3.29111
2.51611 1.8426
1.40524 1.78479
1.97679 1.44958
1.75458 1.39301
1.84429 1.16952
1.82659 1.61412
1.76741 0.935992
1.80627 2.09064
1.62354 0.477856
1.03704 3.03728
0.0526663 3.32075
2.13265 3.61211
1.04754 0.00758526
1.09435 5.44815
0.863511 3.79253
0.7563 4.52148
0.99159 4.21939
0.565396 4.25884
1.24753 4.2493
0.289443 3.22951
1.74015 4.3334
1.58062 -0.715354
0.103035 4.54143
2.33876 2.3534
1.42258 1.24894
1.73805 2.63339
1.4717 0.037102
-0.239057 3.17486
2.53224 1.78389
1.39618 1.83395
1.98079 1.42356
1.75637 1.43448
1.83598 1.10522
1.82575 1.72949
1.73509 0.811147
1.73142 2.41927
1.54195 0.155761
-0.0170345 2.77923
2.29574 3.37186
1.0653 0.417909
0.577793 4.95788
1.5364 3.88398
1.8166 -0.252898
-0.177387 2.72143
2.50577 2.37696
1.30254 1.34938
1.24835 3.13612
1.88776 2.52011
1.4587 0.35044
0.04783 2.80272
2.19434 3.67867
1.0051 0.0163255
1.25285 5.51636
0.69795 3.70294
1.08958 4.61526
0.503812 4.06503
1.336 4.29449
0.901694 3.30164
0.482127 4.38864
1.41554 4.11759
2.01547 2.13805
1.57346 0.833708
1.6014 2.78774
1.55026 -0.171165
-0.268677 3.28305
2.54891 1.46148
1.37312 2.10817
1.99162 1.12696
1.75067 1.89435
1.70908 0.559732
1.39456 2.93169
1.91674 0.276913
0.967225 2.93351
0.12319 3.83701
2.03829 3.62907
1.07991 -0.145656
1.13156 5.49562
0.849969 3.76843
0.785274 4.54405
0.954485 4.2184
0.649865 4.3248
1.12743 4.27204
0.263327 3.81217
1.74684 4.07729
1.40083 -0.759392
0.701637 5.29869
1.60501 3.75607
1.57296 -0.551286
-0.068833 4.1745
2.44289 1.82029
1.46606 1.78431
1.94931 1.03457
1.75838 1.98626
1.67525 0.490469
1.20066 3.01819
1.5547 3.10147
1.5814 -0.316609
-0.259632 3.51195
2.53903 1.30739
1.34973 2.24529
2.00344 1.1531
1.74716 1.87301
1.71759 0.575345
1.43177 2.90178
1.83477 0.0655886
0.451568 2.78114
1.60317 4.72548
2.05626 2.0254
1.60263 0.998215
1.81253 2.27742
1.55802 0.363029
0.493212 2.87995
1.51882 4.75889
1.4389 3.29963
1.85685 -0.0066562
0.306577 2.71522
1.82698 4.47069
1.49399 -0.838097
0.509314 5.11841
1.91216 3.47167
1.17064 -0.217651
0.852834 5.32547
1.22852 3.8667
0.687983 3.2178
1.12133 4.79727
0.514466 3.99852
1.32163 4.33608
0.658634 3.24436
1.18178 4.78217
0.409373 3.88455
1.48606 4.27894
2.09106 1.52129
1.70072 1.54724
1.83625 0.92351
1.78103 2.10551
1.62643 0.429795
0.927302 3.01755
0.288191 4.1652
1.76413 3.93618
1.31755 -0.715343
0.930271 5.48127
1.24986 3.82018
1.03812 3.29655
0.0723641 3.48124
2.0979 3.63119
1.05557 -0.0589263
1.1333 5.4804
0.831569 3.77045
0.830266 4.56412
0.896442 4.2219
0.767832 4.383
0.971244 4.30268
0.637569 4.28781
1.14371 4.28409
0.23811 3.74325
1.79105 4.0522
1.31044 -0.766862
1.02153 5.55463
1.14119 3.79675
0.165096 3.25993
1.93788 4.03477
1.11737 -0.665106
1.55478 5.70278
0.725157 3.50383
1.04191 4.69893
0.612754 4.11375
1.1805 4.35902
0.215676 3.6313
1.82953 4.04621
1.24897 -0.756329
1.2197 5.65782
0.905403 3.71231
0.616105 4.44074
1.18645 4.19032
0.173793 3.41941
1.91033 4.01338
1.14234 -0.674601
1.48414 5.70495
0.714906 3.54798
1.06272 4.68256
0.574103 4.09667
1.23363 4.33825
0.210232 3.35261
1.85112 4.12972
1.2443 -0.797198
1.28402 5.69117
0.857617 3.67766
0.744889 4.54631
1.00908 4.2004
0.515363 4.21646
1.32385 4.23117
0.931667 3.30377
0.368835 4.23833
1.60797 4.05391
1.72069 -0.46475
-0.31573 3.34336
2.56724 1.00879
1.21909 2.44198
1.74711 2.79113
1.42111 -0.0415398
-0.189568 3.65717
2.49573 1.72289
1.42957 1.88876
1.96532 1.06029
1.7546 1.96417
1.68419 0.504057
1.24753 3.00545
1.92039 2.3894
1.49893 0.487838
0.538134 2.91532
1.43993 4.80417
0.633948 3.283
1.22562 4.75624
0.329529 3.75586
1.62229 4.22328
1.80848 -0.355322
-0.284896 2.87297
2.5797 1.54176
1.35676 2.02022
1.99488 1.43852
1.74922 1.44368
1.83717 1.08795
1.82323 1.76426
1.72537 0.773228
1.69562 2.52152
1.53096 0.0507386
-0.178083 2.90594
2.48976 2.35805
1.32179 1.36055
1.41098 3.07333
1.89009 0.148367
0.683049 2.86055
1.14323 4.90592
0.519031 3.95104
1.31761 4.36301
0.57036 3.2272
1.33888 4.72848
0.294503 3.34587
1.71403 4.30992
1.62758 -0.656987
-0.0699646 4.20957
2.44959 1.72575
1.46621 1.87389
1.93635 0.87701
1.70949 2.26345
1.60464 0.230204
0.340448 2.80631
1.75659 4.5256
1.71997 -0.590495
-0.266699 3.67855
2.53857 1.01872
1.23528 2.4626
1.85121 2.54364
1.45806 0.270562
-0.077574 2.84735
2.37271 3.03399
1.15921 0.7712
-0.0942181 3.71221
2.39967 2.43302
1.36407 1.2516
1.4915 3.0019
1.70582 -0.177044
-0.186737 2.79659
2.50772 2.30827
1.32084 1.4035
1.47514 3.03374
1.74054 -0.143558
-0.100542 2.71671
2.41867 2.89196
1.1873 0.914202
-0.139202 3.23058
2.43123 2.52381
1.31388 1.2062
1.05197 3.13381
0.0739858 3.27149
2.09669 3.71849
1.0354 -0.146155
1.30234 5.56311
0.685355 3.66585
1.11187 4.62628
0.466154 4.02099
1.39437 4.27951
1.59142 3.1545
1.51697 -0.361091
-0.136094 3.95113
2.47299 1.70198
1.44827 1.90387
1.9482 0.920373
1.72174 2.19459
1.62112 0.291104
0.550776 2.886
1.42328 4.82751
0.502613 3.27262
1.43158 4.63873
0.950776 3.33591
0.310199 4.14085
1.70756 4.00176
1.44579 -0.713264
0.489599 5.06715
1.90492 3.49681
1.16964 -0.249302
0.895469 5.36468
1.1739 3.85677
0.259673 3.18293
1.79374 4.28557
1.42293 -0.824346
0.716498 5.32687
1.60373 3.74983
1.57368 -0.548763
-0.0729938 4.16483
2.44519 1.8059
1.46544 1.79853
1.94804 1.01176
1.75332 2.02583
1.66391 0.45282
1.08995 3.02857
0.275207 3.08378
1.78839 4.34057
1.4731 -0.81123
0.537101 5.14274
1.86524 3.53622
1.1876 -0.343127
0.939399 5.4146
1.13405 3.84056
0.140862 3.33689
1.97402 3.94023
1.07971 -0.535468
1.54459 5.67396
0.691924 3.49927
1.10705 4.69716
0.502493 4.03079
1.33829 4.30968
0.887057 3.29943
0.536533 4.45103
1.32688 4.13274
1.22851 3.3183
1.60713 3.0704
1.49944 -0.321718
-0.135059 3.93948
2.47099 1.73345
1.44916 1.87467
1.95138 0.965214
1.7369 2.11545
1.64059 0.365276
0.807978 2.97989
0.75568 4.71237
1.01888 4.11353
0.451637 4.1688
1.42847 4.19526
1.99378 2.26216
1.53482 0.708459
1.25886 3.05347
1.96149 2.22177
1.55168 0.670365
1.23914 3.05227
1.86169 2.58816
1.44075 0.263774
-0.128072 2.90324
2.43293 2.70844
1.24751 1.06616
0.223958 2.8965
1.90388 4.25701
1.21766 -0.856984
1.43936 5.74193
0.776513 3.58705
0.934718 4.65597
0.764458 4.18205
0.976262 4.41037
0.655597 4.25924
1.11914 4.31108
0.30068 3.87905
1.67988 4.12077
1.57441 -0.659307
0.04974 4.43523
2.37327 2.19696
1.4475 1.40747
1.90712 2.02844
1.62288 0.696623
1.4895 2.89392
1.71437 -0.127909
-0.112126 2.73502
2.43077 2.81969
1.20711 0.977975
-0.0759338 3.02313
2.3543 3.02174
1.17398 0.767574
-0.122492 3.59662
2.42389 2.35081
1.37346 1.33293
1.6582 2.80897
1.48376 -0.154287
-0.221411 3.58287
2.51681 1.54865
1.40773 2.04386
1.96836 0.948074
1.71944 2.1685
1.63108 0.307133
0.626175 2.91447
1.27425 4.87998
0.325741 3.67299
1.63117 4.25035
1.80573 -0.367672
-0.294544 2.90001
2.58318 1.45694
1.34647 2.08846
1.99953 1.4293
1.74845 1.46502
1.8331 1.05546
1.81993 1.82704
1.70683 0.709653
1.61689 2.69107
1.55326 -0.111125
-0.260028 3.128
2.54905 1.64063
1.38586 1.95296
1.98726 1.27974
1.76303 1.64725
1.78103 0.824717
1.74285 2.33863
1.56278 0.221
0.173391 2.77128
2.00763 4.13012
1.06562 -0.683401
1.73166 5.66918
1.03209 3.46956
0.120102 3.66843
2.01897 3.72833
1.06947 -0.268032
1.30338 5.58747
0.708633 3.66393
1.07276 4.63534
0.541807 4.09162
1.27941 4.31453
0.381982 3.21006
1.60964 4.4968
2.06724 0.522193
1.26756 2.83458
2.004 1.91234
1.64399 0.978009
1.82122 2.1948
1.58391 0.430363
0.775843 2.98497
0.869181 4.78526
0.871066 4.1055
0.798362 4.4379
0.932229 4.2834
0.711214 4.33648
1.04514 4.30148
0.470265 4.13708
1.39264 4.22891
1.69518 3.0295
1.403 -0.245348
0.0266825 4.2792
2.35401 2.39724
1.40134 1.23392
1.64472 2.81387
1.49599 -0.167119
-0.230459 3.54903
2.52233 1.51357
1.40001 2.07378
1.97257 0.95776
1.72022 2.15665
1.63467 0.316519
0.662506 2.92814
1.19119 4.88721
0.440111 3.87703
1.43756 4.31764
1.87146 2.69968
1.4015 0.217485
-0.212581 3.15494
2.51084 2.00768
1.3874 1.64535
1.93876 1.9366
1.64716 0.8268
1.70042 2.56745
1.51404 0.0284688
-0.21708 3.00292
2.52137 2.0398
1.37243 1.6197
1.90535 2.14905
1.58309 0.609436
1.2139 3.04659
1.66964 2.97317
1.43824 -0.237791
-0.0751915 4.06047
2.42983 2.01591
1.44979 1.60542
1.96003 1.5101
1.75085 1.28484
1.85966 1.35475
1.80976 1.32254
1.83266 1.31796
1.82441 1.34725
1.82393 1.29226
1.8304 1.3805
1.81685 1.24784
1.83646 1.45029
1.80236 1.15492
1.84277 1.6138
1.76245 0.959349
1.81677 2.03954
1.63791 0.531302
1.20212 3.03043
1.56303 3.09462
1.56704 -0.320263
-0.243053 3.58995
2.5298 1.35202
1.36721 2.21269
1.99193 1.02601
1.72911 2.06495
1.66134 0.394717
0.943391 3.0109
0.224568 4.05106
1.8719 3.84014
1.16563 -0.574453
1.29524 5.64733
0.785579 3.66876
0.922044 4.62637
0.778382 4.19849
0.956584 4.40627
0.690958 4.27893
1.07207 4.32196
0.415287 4.06217
1.48227 4.20567
2.09656 1.21707
1.69486 1.95476
1.71626 0.45642
1.20412 3.0036
1.59787 3.05769
1.51413 -0.315438
-0.168244 3.84517
2.48956 1.61378
1.43368 1.98711
1.95024 0.868695
1.6961 2.29265
1.60281 0.196731
0.25511 2.77849
1.88499 4.34665
1.2918 -0.897646
1.24667 5.69969
0.924151 3.69926
0.552868 4.38392
1.28228 4.17772
0.622826 3.22307
1.25108 4.77196
0.303847 3.68281
1.66839 4.20995
1.66802 -0.57958
-0.210499 3.84422
2.51506 1.24068
1.34578 2.31443
2.00541 1.10498
1.73844 1.95452
1.69431 0.494233
1.24583 3.00232
1.91258 2.41797
1.49007 0.456179
0.413987 2.86801
1.63829 4.64329
2.10461 0.855616
1.55195 2.49503
1.67857 0.0187548
0.0777522 2.71746
2.16442 3.80032
0.988023 -0.147003
1.47403 5.59064
0.602425 3.52716
1.25155 4.63448
0.249038 3.57504
1.76849 4.1451
1.39158 -0.788047
0.771631 5.36875
1.50799 3.79072
1.84609 -0.16503
-0.0211139 2.65119
2.32221 3.34125
1.06463 0.4675
0.529432 4.89581
1.60722 3.8585
1.61043 -0.548058
-0.145431 3.99995
2.48427 1.52107
1.43077 2.07237
1.94046 0.757913
1.63259 2.48644
1.59099 0.0212428
-0.106466 2.79501
2.41663 2.85685
1.20229 0.941204
-0.110402 3.09274
2.39786 2.78337
1.24227 0.986891
0.0738748 2.89915
2.13759 3.78331
1.00363 -0.160023
1.43165 5.5907
0.612441 3.56433
1.23263 4.62619
0.262626 3.64376
1.7425 4.14744
1.44594 -0.763603
0.558202 5.1547
1.82089 3.59228
1.21662 -0.448799
0.958667 5.44836
1.13383 3.82989
0.141878 3.32777
1.97279 3.94616
1.08072 -0.542718
1.54857 5.67537
0.695302 3.49742
1.10077 4.69869
0.514042 4.04108
1.32093 4.31522
0.697426 3.25242
1.09987 4.78586
0.545055 4.02925
1.27681 4.34811
0.33261 3.2264
1.67663 4.41207
1.82429 -0.370982
-0.29109 2.87186
2.58332 1.49228
1.35006 2.05892
1.9975 1.4411
1.74791 1.44575
1.83731 1.08425
1.82268 1.77167
1.72327 0.765294
1.68719 2.54284
1.53037 0.0289234
-0.198323 2.94214
2.50761 2.20068
1.34938 1.48846
1.73771 2.68364
1.45705 0.00744788
-0.240472 3.32144
2.52986 1.66543
1.4021 1.93733
1.98012 1.17178
1.76259 1.80108
1.73455 0.659802
1.57234 2.74352
1.59666 -0.144915
-0.256254 3.03071
2.55112 1.71947
1.38314 1.88437
1.98492 1.43815
1.75305 1.42393
1.83939 1.11998
1.82578 1.70328
1.74279 0.837861
1.75267 2.34604
1.55592 0.229585
0.167873 2.77258
2.01568 4.11354
1.05651 -0.658691
1.7356 5.66154
1.04615 3.46843
0.0981441 3.56238
2.05307 3.69888
1.05863 -0.189096
1.26009 5.55825
0.7292 3.69352
1.03594 4.62731
0.603869 4.14021
1.19137 4.33866
0.198532 3.55575
1.86121 4.03233
1.20251 -0.730405
1.34646 5.69534
0.788912 3.63955
0.911574 4.63315
0.793639 4.19535
0.934592 4.41163
0.730419 4.29234
1.02027 4.33605
0.542083 4.2008
1.28035 4.26057
0.461228 3.20231
1.50196 4.61237
1.71054 3.04015
1.38727 -0.234517
0.0612945 4.34222
2.32338 2.53096
1.37251 1.10146
1.26361 3.10744
1.96956 2.19195
1.56082 0.705603
1.34566 3.01491
2.0165 0.745218
1.56124 2.56482
1.64969 -0.0328299
-0.0730048 2.74868
2.37867 3.0611
1.14508 0.752661
-0.048329 3.86527
2.35921 2.57637
1.33944 1.10812
1.04124 3.12386
0.0587725 3.3393
2.12142 3.63213
1.04633 -0.0270115
1.13593 5.47583
0.822856 3.77022
0.850449 4.57195
0.870292 4.22241
0.814712 4.39548
0.909096 4.31175
0.758759 4.34372
0.982856 4.32078
0.618416 4.26833
1.17012 4.28176
0.198966 3.60557
1.86073 4.01366
1.19905 -0.717636
1.34355 5.6918
0.787304 3.64104
0.915403 4.63372
0.788444 4.19498
0.942148 4.41069
0.717305 4.28809
1.03746 4.33162
0.501173 4.1618
1.34303 4.24554
1.11319 3.32855
0.284689 3.11249
1.76865 4.3533
1.52791 -0.771539
0.317682 4.86968
2.13928 3.04166
1.23852 0.486632
-0.1335 3.66036
2.44214 2.18731
1.40466 1.47308
1.88216 2.21199
1.56532 0.525303
0.945926 3.03937
0.223564 4.04346
1.87195 3.84255
1.16568 -0.576321
1.2972 5.64834
0.784453 3.66758
0.924417 4.62733
0.775188 4.1978
0.961102 4.40568
0.68264 4.27525
1.08306 4.31908
0.38773 4.0243
1.52882 4.18921
2.03363 0.405001
1.13041 2.89082
0.761198 3.17968
0.934086 4.77085
0.781702 4.12093
0.951413 4.44601
0.707712 4.26945
1.0503 4.33671
0.47351 4.12991
1.38662 4.23544
1.62325 3.11869
1.47209 -0.343746
-0.05306 4.14214
2.42076 2.03309
1.45309 1.58435
1.95781 1.53685
1.74666 1.24874
1.86363 1.42245
1.79802 1.23022
1.84463 1.46938
1.79573 1.13978
1.84445 1.64131
1.75462 0.931234
1.80631 2.11151
1.61642 0.463142
0.9781 3.0309
0.11595 3.79183
2.04468 3.63189
1.07659 -0.138444
1.13661 5.49678
0.842969 3.76606
0.802119 4.55304
0.932811 4.21942
0.69615 4.35235
1.06518 4.28437
0.413802 4.07154
1.48582 4.19955
2.09554 1.12153
1.67719 2.0919
1.68106 0.328352
0.829544 2.97517
0.673586 4.64684
1.13426 4.11513
0.181693 3.62822
1.89458 3.95595
1.15151 -0.64316
1.42006 5.69137
0.723476 3.5893
1.04627 4.66758
0.59737 4.11867
1.20096 4.34498
0.195068 3.51417
1.86819 4.03877
1.19518 -0.730136
1.37066 5.70112
0.772969 3.62448
0.94593 4.64632
0.747362 4.18522
0.999782 4.40215
0.607619 4.23176
1.18486 4.29355
0.190247 3.54093
1.87674 4.01585
1.18008 -0.706899
1.3949 5.70105
0.752563 3.60827
0.988554 4.65847
0.686877 4.16531
1.08074 4.38151
0.423328 4.05427
1.46734 4.21863
2.08561 1.57702
1.69647 1.47217
1.85535 1.03793
1.80725 1.87638
1.69477 0.647408
1.52103 2.82876
1.66235 -0.152626
-0.207394 2.85222
2.52274 2.14991
1.34816 1.53066
1.7748 2.60359
1.46305 0.108204
-0.217007 3.06721
2.51809 2.01564
1.37972 1.63938
1.92653 2.02704
1.62038 0.734635
1.54575 2.83626
1.62037 -0.182532
-0.26328 3.025
2.55627 1.66525
1.37983 1.92877
1.98795 1.38105
1.75782 1.50521
1.82021 1.00256
1.8134 1.93218
1.6747 0.609502
1.4328 2.9193
1.83251 0.05485
0.424038 2.77022
1.64633 4.68369
2.11171 0.967602
1.60777 2.34565
1.65551 0.108583
0.211768 2.74935
1.95537 4.2397
1.1446 -0.823908
1.63164 5.73115
0.826211 3.4864
0.790931 4.62349
0.954018 4.17527
0.63848 4.33107
1.14355 4.26156
0.227992 3.72345
1.80952 4.0369
1.27589 -0.757432
1.12883 5.61512
1.0045 3.75646
0.318509 4.06426
1.67102 4.06168
1.55971 -0.655222
0.0809461 4.48737
2.34916 2.31991
1.42723 1.28617
1.78884 2.50729
1.48843 0.18618
-0.109987 2.85474
2.41474 2.83202
1.21309 0.959782
-0.0725434 3.01256
2.35023 3.04447
1.16707 0.745966
-0.100866 3.69568
2.40637 2.40219
1.36949 1.28038
1.56606 2.93001
1.5762 -0.24353
-0.274554 3.3451
2.55029 1.35755
1.354 2.19599
2.0013 1.17858
1.75128 1.82858
1.73032 0.621276
1.51601 2.81686
1.67251 -0.13946
-0.181829 2.81252
2.50134 2.34276
1.3165 1.3753
1.39938 3.0816
1.91774 0.230821
0.870328 2.91315
0.49615 4.47631
1.41576 4.08632
2.04001 1.97925
1.61875 0.999813
1.82334 2.216
1.57612 0.419991
0.717326 2.96582
1.0482 4.86208
0.643545 4.04821
1.14391 4.41551
0.30238 3.84582
1.67406 4.13901
1.60125 -0.637922
-0.0361437 4.2703
2.42881 1.87761
1.47092 1.72445
1.95227 1.12254
1.77257 1.83603
1.71952 0.637836
1.53119 2.80483
1.64835 -0.152274
-0.221318 2.88574
2.53261 2.03863
1.36259 1.62063
1.88579 2.24812
1.55238 0.509028
0.849369 3.0178
0.604508 4.57469
1.23542 4.11644
0.356517 3.18887
1.64954 4.46277
1.94851 -0.0536363
0.250664 2.66353
1.91985 4.34594
1.23686 -0.903131
1.42989 5.75119
0.794598 3.59534
0.893035 4.64115
0.819668 4.19028
0.895198 4.41719
0.794792 4.30474
0.934351 4.35526
0.721113 4.31252
1.03223 4.32008
0.508569 4.17314
1.33175 4.24649
0.980629 3.31389
0.198206 3.93219
1.89944 3.84001
1.14016 -0.540646
1.34623 5.65469
0.738567 3.63605
1.01771 4.65018
0.639711 4.15004
1.14314 4.35914
0.275563 3.80853
1.72281 4.10444
1.46441 -0.73849
0.464608 5.044
1.94616 3.43445
1.16298 -0.131073
0.778519 5.24732
1.32085 3.87832
1.73077 2.94781
1.39135 -0.155308
-0.0349611 4.12844
2.39641 2.21749
1.42815 1.41397
1.88607 2.16521
1.58059 0.562898
1.09758 3.05456
0.323986 3.08423
1.71698 4.43477
1.73403 -0.543629
-0.302512 3.50479
2.55559 0.945402
1.18763 2.49041
1.4932 3.1148
1.70356 -0.218613
-0.231749 2.85941
2.54336 1.96339
1.36583 1.68124
1.92338 2.06791
1.60752 0.699281
1.46155 2.92484
1.77017 -0.0624538
0.0835835 2.68433
2.16236 3.82173
0.984548 -0.172855
1.51029 5.59611
0.611104 3.49797
1.24197 4.65392
0.264134 3.62982
1.73999 4.15591
1.45619 -0.760653
0.521178 5.11354
1.87328 3.53232
1.18276 -0.32768
0.939357 5.41168
1.13041 3.84134
0.136222 3.35835
1.98114 3.9187
1.07446 -0.505541
1.53168 5.66783
0.680559 3.50516
1.12759 4.69134
0.463736 3.99242
1.39811 4.29033
1.60133 3.14558
1.50188 -0.35877
-0.106906 4.02344
2.45586 1.81533
1.45649 1.79521
1.95498 1.06694
1.7621 1.93681
1.69037 0.535877
1.32261 2.97756
2.04024 1.04151
1.69873 2.11802
1.65927 0.324302
0.759193 2.9579
0.921645 4.81837
0.806372 4.09418
0.912211 4.46116
0.773494 4.28073
0.963262 4.36125
0.668612 4.28533
1.10157 4.30506
0.337108 3.94828
1.61636 4.15133
1.76769 -0.413546
-0.323131 3.07929
2.58458 1.14692
1.27253 2.33124
1.95988 2.06802
1.60262 0.77059
1.56728 2.81871
1.59035 -0.185366
-0.273814 3.14258
2.55718 1.51875
1.37311 2.05424
1.99257 1.21551
1.75893 1.75458
1.75063 0.702729
1.63181 2.63759
1.55085 -0.0725211
-0.245859 3.05506
2.54229 1.79236
1.38684 1.82472
1.97954 1.52777
1.74153 1.30293
1.86176 1.32145
1.81294 1.37618
1.82405 1.23601
1.8342 1.47691
1.79775 1.11596
1.84178 1.68982
1.74194 0.875455
1.77753 2.2576
1.57585 0.321356
0.460124 2.86127
1.57288 4.71721
1.94889 2.51986
1.45038 0.465881
0.240412 2.82381
1.89574 4.30626
1.25266 -0.883563
1.35718 5.73209
0.828175 3.63768
0.815307 4.59652
0.918726 4.19895
0.720428 4.3721
1.03329 4.28648
0.492141 4.16616
1.35816 4.2354
1.31719 3.30866
2.0585 1.44973
1.72173 1.56324
1.82199 0.904767
1.77815 2.14449
1.61414 0.398142
0.804873 2.98635
0.767961 4.72008
1.00206 4.11363
0.496779 4.22125
1.35547 4.21294
1.34775 3.29847
2.04826 0.917576
1.64323 2.33029
1.62834 0.130641
0.185118 2.75173
1.99443 4.16535
1.08369 -0.729988
1.72205 5.68425
1.0019 3.47173
0.195441 3.88824
1.89632 3.85969
1.14333 -0.561149
1.35792 5.66182
0.735907 3.62865
1.02273 4.65301
0.632282 4.14503
1.15317 4.35663
0.255658 3.76087
1.75814 4.084
1.38201 -0.768246
0.777319 5.36947
1.49282 3.79701
1.89203 -0.051094
0.235098 2.67785
1.93869 4.30549
1.19083 -0.877931
1.54623 5.75268
0.776295 3.52657
0.929339 4.67335
0.774178 4.17346
0.962585 4.41789
0.682548 4.27029
1.08325 4.32174
0.388608 4.02476
1.52725 4.19013
2.03749 0.428623
1.16422 2.88348
1.19911 3.24888
1.34763 3.24032
2.04042 0.855495
1.61635 2.41858
1.62579 0.0594902
0.03356 2.73687
2.22755 3.61423
1.01036 0.117926
1.13001 5.44653
0.804419 3.77899
0.892361 4.58201
0.814648 4.22235
0.90411 4.40148
0.779098 4.30958
0.955748 4.34763
0.67988 4.29655
1.08653 4.30574
0.372798 4.00602
1.5547 4.17763
1.96307 0.0763267
0.529444 2.7733
1.48018 4.83716
0.859234 3.33411
0.647876 4.55314
1.1547 4.15037
0.172 3.54907
1.91103 3.96102
1.13549 -0.629783
1.45896 5.69314
0.707373 3.56228
1.07691 4.67602
0.547841 4.07972
1.27101 4.32546
0.327112 3.22483
1.68492 4.40307
1.79211 -0.433359
-0.328875 3.06244
2.58775 1.10857
1.25659 2.35475
1.9168 2.29299
1.53257 0.539198
0.837986 3.01988
0.649469 4.61688
1.16736 4.11902
0.162495 3.44335
1.9299 3.97246
1.11848 -0.618657
1.5032 5.69319
0.700679 3.53185
1.08992 4.68655
0.528717 4.05932
1.29903 4.31929
0.503811 3.21243
1.4405 4.66238
0.970514 3.34113
0.242257 4.01795
1.82395 3.91463
1.22676 -0.676254
1.20029 5.63251
0.901639 3.72255
0.630927 4.45107
1.16456 4.19371
0.176693 3.54129
1.90212 3.97778
1.14622 -0.653314
1.44865 5.6973
0.716035 3.57045
1.0605 4.67413
0.57536 4.1012
1.23173 4.33694
0.2078 3.35941
1.85465 4.12177
1.23645 -0.791515
1.30353 5.69636
0.839447 3.66644
0.791397 4.57627
0.948796 4.20232
0.657868 4.33543
1.11665 4.27123
0.285635 3.86176
1.70756 4.1001
1.4959 -0.716976
0.338098 4.88285
2.10368 3.1377
1.21063 0.360905
0.0293307 4.14502
2.30708 2.69778
1.32025 0.963439
0.557087 2.97642
1.39782 4.80478
0.415575 3.27932
1.54988 4.52375
2.08717 1.70229
1.67549 1.34378
1.88513 1.27631
1.80767 1.47899
1.80672 1.08177
1.83437 1.76227
1.72277 0.791788
1.7119 2.48319
1.53246 0.0924965
-0.130328 2.84675
2.44078 2.69915
1.24542 1.07735
0.228386 2.89813
1.89689 4.26777
1.23247 -0.864228
1.40012 5.73719
0.796194 3.61132
0.891206 4.63569
0.82155 4.19313
0.892393 4.4159
0.798967 4.30587
0.928608 4.35581
0.731447 4.31623
1.0187 4.3233
0.540855 4.20379
1.28238 4.25811
0.479762 3.20367
1.47598 4.63589
1.40481 3.30611
1.94286 0.249046
0.90449 2.91255
0.35254 4.28604
1.66033 3.99669
1.54918 -0.644558
0.0945602 4.50703
2.33706 2.37989
1.41532 1.22732
1.689 2.73409
1.47558 -0.0819654
-0.238694 3.44104
2.52751 1.56686
1.40057 2.02491
1.9762 1.03154
1.74101 2.03109
1.66736 0.434281
1.05497 3.0256
0.0909448 3.19944
2.07189 3.80407
1.03054 -0.267014
1.44191 5.61386
0.630121 3.55931
1.20675 4.64139
0.303269 3.7531
1.6689 4.18056
1.6443 -0.601264
-0.155729 3.99731
2.49082 1.43405
1.41315 2.15224
1.94929 0.753592
1.62316 2.49974
1.59614 0.00849179
-0.114006 2.7973
2.42584 2.80853
1.21474 0.984335
-0.0472719 2.98167
2.31595 3.19746
1.12322 0.590281
0.150732 4.33669
2.15396 3.17662
1.18545 0.410877
0.0731713 4.22486
2.2585 2.86804
1.27409 0.782234
-0.037151 2.92877
2.30616 3.26019
1.10321 0.527539
0.294595 4.58038
1.96572 3.53005
1.13296 -0.175511
0.954385 5.39437
1.07545 3.84375
0.171398 3.71187
1.92074 3.88482
1.12232 -0.552309
1.42025 5.67171
0.700429 3.58574
1.08916 4.66517
0.52266 4.06282
1.30782 4.31231
0.586003 3.22582
1.31394 4.74312
0.265767 3.43828
1.74892 4.22647
1.48032 -0.768626
0.456055 5.04102
1.96566 3.40008
1.16375 -0.0707314
0.701928 5.16633
1.42687 3.87429
2.07263 0.888457
1.60495 2.40839
1.64003 0.0642493
0.0778798 2.73168
2.16141 3.80136
0.989164 -0.151524
1.47433 5.5916
0.603224 3.52712
1.25038 4.63515
0.250067 3.58034
1.76648 4.14534
1.39566 -0.786572
0.755912 5.35449
1.53133 3.78352
1.77661 -0.303328
-0.257503 2.8452
2.56409 1.7653
1.36934 1.84048
1.97579 1.66591
1.71435 1.14375
1.87208 1.65549
1.74301 0.959765
1.82027 2.05453
1.63191 0.525824
1.17392 3.03596
1.22985 3.25457
1.67846 2.97724
1.42878 -0.232131
-0.057195 4.10023
2.41714 2.088
1.44474 1.53588
1.94811 1.71558
1.70869 1.0385
1.85253 1.90602
1.67315 0.693279
1.56317 2.78877
1.60133 -0.167257
-0.26464 3.06038
2.5553 1.63832
1.38058 1.95231
1.98878 1.32895
1.76093 1.57897
1.80061 0.906272
1.78533 2.14374
1.61195 0.409045
0.825356 2.99359
0.692938 4.65995
1.10544 4.1168
0.232415 3.79124
1.8061 4.01604
1.27478 -0.747234
1.12005 5.60831
1.01162 3.76048
0.298394 4.02852
1.70585 4.04162
1.46838 -0.715086
0.420071 4.98553
2.00004 3.34896
1.16619 0.0282057
0.571933 5.01595
1.61356 3.8225
1.57883 -0.566731
-0.0651047 4.18761
2.44158 1.8225
1.46687 1.7816
1.94904 1.03531
1.75872 1.98455
1.67569 0.492256
1.20546 3.01726
1.60412 3.05191
1.50566 -0.312522
-0.154887 3.88223
2.48202 1.66533
1.4411 1.93918
1.94983 0.902406
1.71279 2.22979
1.61401 0.256799
0.438605 2.84149
1.60886 4.6896
2.09626 1.66925
1.67837 1.39672
1.87737 1.17491
1.81276 1.63927
1.76509 0.889034
1.78389 2.20212
1.59252 0.367206
0.644134 2.93256
1.23334 4.88178
0.376756 3.78421
1.54182 4.28042
2.06034 0.55651
1.3202 2.80961
2.03236 1.05693
1.70901 2.07969
1.6665 0.363182
0.87872 2.99371
0.480002 4.44288
1.43752 4.08783
2.08363 1.53125
1.70289 1.5197
1.84175 0.963874
1.7936 2.02122
1.65091 0.510072
1.18802 3.02812
1.40816 3.20223
1.91426 0.181716
0.763291 2.88207
0.903021 4.82586
0.832786 4.08817
0.867124 4.4606
0.839815 4.28525
0.868958 4.37233
0.830697 4.32944
0.884513 4.34974
0.804593 4.33757
0.921429 4.34039
0.741548 4.32619
1.00544 4.3227
0.570299 4.23019
1.23876 4.26744
0.245925 3.26738
1.80217 4.23506
1.37509 -0.828158
0.88087 5.46798
1.35859 3.81107
2.02862 1.99266
1.61665 0.965816
1.79909 2.3129
1.5499 0.319246
0.350088 2.8263
1.7382 4.54023
1.78521 -0.482548
-0.337326 3.19378
2.58203 0.953791
1.18588 2.45816
1.4658 3.13172
1.76639 -0.136396
-0.0562877 2.69058
2.36441 3.15383
1.11618 0.664704
0.114769 4.25688
2.19161 3.09089
1.20809 0.530004
-0.088574 3.8047
2.40451 2.3515
1.38597 1.31734
1.6905 2.7489
1.47056 -0.0889298
-0.232117 3.48702
2.5231 1.5727
1.4045 2.0209
1.97333 1.00849
1.73651 2.06736
1.65708 0.400984
0.94722 3.01296
0.211101 4.02388
1.89409 3.81724
1.14474 -0.528331
1.31654 5.64417
0.757041 3.65518
0.981606 4.64112
0.694199 4.17601
1.07072 4.38007
0.445572 4.08309
1.43077 4.2295
1.96495 2.3912
1.49342 0.572498
0.72905 2.99328
1.01542 4.84621
0.685466 4.0694
1.08748 4.43172
0.431519 4.04861
1.45269 4.23042
2.04983 1.9446
1.62691 1.04762
1.85253 2.0632
1.62131 0.573044
1.24905 3.02676
1.92338 2.38115
1.5014 0.498428
0.577973 2.93103
1.36762 4.83999
0.316879 3.35837
1.67776 4.34583
1.75798 -0.480378
-0.329575 3.26523
2.57556 0.962184
1.19195 2.46062
1.52705 3.08559
1.63333 -0.277319
-0.291129 3.18985
2.56457 1.34406
1.34123 2.19694
2.00593 1.31448
1.75346 1.63349
1.78886 0.832876
1.74728 2.31491
1.56866 0.241985
0.240703 2.78525
1.90435 4.3111
1.24206 -0.886022
1.39406 5.74097
0.806347 3.61594
0.867104 4.62557
0.852742 4.19552
0.841978 4.41163
0.872222 4.30851
0.820212 4.35854
0.900397 4.33287
0.776665 4.33969
0.959169 4.33026
0.669192 4.29729
1.10078 4.29889
0.335762 3.9479
1.61889 4.14935
1.75893 -0.42819
-0.326219 3.13627
2.58218 1.08677
1.25001 2.3758
1.89701 2.37685
1.50644 0.45126
0.482507 2.89037
1.53316 4.74111
1.61994 3.16238
1.47307 -0.366554
-0.0317482 4.19426
2.40753 2.10008
1.44869 1.51808
1.94558 1.73087
1.70526 1.01871
1.84661 1.95885
1.65733 0.640998
1.45874 2.90612
1.77662 -0.0456292
0.127103 2.68881
2.09584 3.98238
0.997072 -0.428235
1.704 5.61741
0.946517 3.4528
0.374016 4.21651
1.59055 4.07423
1.7844 -0.363893
-0.298531 2.93622
2.58276 1.41332
1.34099 2.12491
2.00189 1.42993
1.74745 1.46906
1.83267 1.049
1.81894 1.83998
1.70302 0.696541
1.59748 2.72425
1.56818 -0.135409
-0.263778 3.11982
2.55189 1.61457
1.38297 1.97428
1.98847 1.26622
1.76247 1.66966
1.77479 0.798345
1.72423 2.40337
1.55083 0.15653
0.00926056 2.76977
2.25835 3.50254
1.03421 0.259837
0.883305 5.26662
1.0916 3.88733
0.159797 3.65132
1.93873 3.87816
1.10734 -0.523228
1.44012 5.66799
0.686275 3.5705
1.11472 4.66695
0.477222 4.01722
1.37696 4.29219
1.3725 3.29515
2.01025 0.57845
1.39987 2.77961
1.90407 0.288814
0.992748 2.94152
0.0621172 3.62735
2.12785 3.50244
1.08128 0.103451
0.848885 5.26601
1.16849 3.88738
0.215159 3.21744
1.85912 4.17717
1.25012 -0.821435
1.29316 5.69957
0.857303 3.67291
0.744605 4.54738
1.00957 4.19967
0.513836 4.21509
1.32625 4.23056
0.960273 3.30927
0.26535 4.06827
1.78627 3.94317
1.28487 -0.713988
1.04329 5.55718
1.09609 3.79169
0.126402 3.52278
1.9972 3.82443
1.06901 -0.392179
1.43471 5.63943
0.658253 3.56946
1.16179 4.65456
0.38559 3.90336
1.52591 4.24104
2.06737 0.633458
1.40249 2.74079
1.90004 0.290288
0.995881 2.94334
0.0569855 3.60174
2.13495 3.49433
1.08147 0.120775
0.828709 5.24662
1.19488 3.89234
0.350336 3.16394
1.66322 4.45968
1.90862 -0.176522
-0.000360635 2.62445
2.29766 3.44357
1.03803 0.351511
0.77077 5.15882
1.24145 3.91525
0.735503 3.23433
1.00815 4.77964
0.681684 4.10324
1.09057 4.41157
0.415248 4.03377
1.48007 4.21879
2.09603 1.32414
1.70482 1.80518
1.75975 0.60737
1.51538 2.80264
1.67538 -0.131087
-0.168467 2.79687
2.4889 2.43942
1.29762 1.29701
1.1057 3.14457
0.343271 3.09267
1.68776 4.46692
1.84774 -0.333666
-0.250403 2.77756
2.56445 1.83005
1.36364 1.78615
1.95854 1.84603
1.67088 0.940282
1.80725 2.22218
1.57837 0.389883
0.647521 2.93787
1.22529 4.88117
0.387655 3.80344
1.52337 4.28674
2.08942 0.869328
1.57672 2.45776
1.65725 0.0324712
0.056914 2.72442
2.19463 3.71535
0.995105 -0.0220549
1.32855 5.54565
0.642786 3.64792
1.17939 4.61072
0.333142 3.83068
1.6165 4.19758
1.804 -0.35773
-0.288229 2.88549
2.58072 1.51183
1.35382 2.04459
1.99661 1.42584
1.74998 1.46349
1.83277 1.05843
1.82058 1.82083
1.70861 0.716257
1.62613 2.67433
1.54743 -0.0972789
-0.257273 3.12207
2.54743 1.66647
1.38734 1.93124
1.98646 1.30754
1.76283 1.60507
1.79285 0.87515
1.77165 2.21686
1.59183 0.339593
0.569456 2.90206
1.38745 4.84145
0.357768 3.31488
1.62441 4.42643
1.9809 0.0753614
0.524007 2.76493
1.49111 4.83281
0.961864 3.35337
0.277307 4.08081
1.76333 3.9647
1.32727 -0.728344
0.913221 5.47138
1.27834 3.82105
1.39088 3.25835
1.96487 0.3529
1.09654 2.92301
0.37307 3.07688
1.64927 4.52143
2.00289 0.139994
0.652917 2.8111
1.22269 4.92088
0.409127 3.81703
1.48847 4.30789
2.08494 1.63306
1.68843 1.41001
1.87064 1.14482
1.8143 1.68558
1.75149 0.840447
1.75488 2.32952
1.56048 0.243038
0.213467 2.78081
1.94549 4.24198
1.1572 -0.831087
1.60064 5.7375
0.794911 3.49727
0.879144 4.66446
0.840733 4.17564
0.860457 4.42247
0.846722 4.3046
0.859617 4.36299
0.844009 4.33441
0.865371 4.34834
0.83428 4.34119
0.879858 4.34415
0.811427 4.34108
0.912084 4.34022
0.757798 4.33146
0.984102 4.32717
0.617686 4.26559
1.1711 4.28271
0.198269 3.60142
1.86197 4.01351
1.19747 -0.716617
1.3477 5.69266
0.784129 3.63845
0.922331 4.63636
0.779187 4.19328
0.955434 4.40918
0.693618 4.27896


