1.4911 -1.42411
2.00709 6.22989
1.57775 -1.93939
1.52538 5.56031
1.70284 -2.5965
2.33291 3.97078
3.12621 -0.896046
2.74556 3.09287
3.14736 2.01238
3.00239 2.42912
3.07106 2.38506
3.04651 2.19375
3.04424 2.61054
3.05947 1.9402
3.00728 3.04037
3.06064 1.40769
2.7983 4.28255
2.97552 -0.429604
1.92249 -0.119914
2.45907 3.95641
3.13145 -0.52623
2.61599 4.00701
3.09883 -0.24352
2.71674 3.27393
3.16729 1.42827
2.95577 3.08971
3.08685 1.37819
2.86188 3.97593
3.01868 0.0983995
2.61959 -0.573328
1.86253 1.62024
2.21042 5.76175
2.13075 -2.58985
2.4284 1.39859
2.22854 -0.379145
2.38599 0.199762
2.12873 0.482217
2.59069 0.130443
1.88616 1.1999
1.98915 5.45591
2.28711 -2.83364
2.20915 1.95578
2.66768 3.16097
3.14957 2.20204
3.00529 2.15598
3.02396 3.03413
3.05114 1.38805
2.74994 4.45934
2.94337 -0.743942
1.71409 0.708747
2.22106 5.9091
1.97352 -2.43693
2.58031 1.75949
2.45079 -0.666843
2.10174 1.08185
2.73687 1.01756
1.98056 0.0109062
2.67271 2.62899
2.61178 5.03598
2.71158 -1.87775
1.61342 2.22548
3.30799 -0.0242328
2.87867 2.82332
3.11688 2.11888
3.01934 2.41354
3.06702 2.33028
3.04742 2.28606
3.05214 2.43419
3.0561 2.17583
3.0417 2.58902
3.06122 1.9756
3.01493 2.9494
3.06224 1.52287
2.86597 3.99477
3.01208 0.0510118
2.5049 -0.838296
2.04015 1.36712
2.57293 3.64266
3.17819 0.416789
2.75572 4.22395
3.01327 -0.273576
2.26325 -0.913466
2.35795 0.487112
2.16002 0.228781
2.50547 0.00768025
1.9926 1.02549
2.55019 3.70856
3.17253 0.213238
2.68509 4.44037
2.97974 -0.666457
1.87144 0.0451736
2.1482 4.86598
2.7616 -2.34806
1.41359 2.14615
3.11158 -2.64326
2.85607 1.46363
2.8101 1.5931
2.80278 1.06103
2.13143 -0.53608
2.56337 0.411983
1.91901 0.953027
2.17224 4.93195
2.746 -2.33164
1.44474 2.20427
3.13829 -2.43499
2.83564 2.26147
2.65069 4.87875
2.79575 -1.57899
1.50248 1.98579
3.28316 -1.00055
2.81586 3.20887
3.143 1.31231
2.92881 3.44724
3.06703 0.903761
2.52189 4.88904
2.84384 -1.57137
1.45917 1.78777
3.28884 -1.05453
2.83191 3.02995
3.13841 1.74393
2.99033 2.83423
3.08241 1.70942
2.96968 3.31653
3.05843 1.06007
2.56667 4.85851
2.84903 -1.48888
1.46904 1.7506
3.305 -0.760533
2.85658 2.83882
3.11728 2.22124
3.02136 2.2736
3.05341 2.60554
3.05444 1.92871
3.00173 3.11292
3.05837 1.31312
2.73076 4.50959
2.93508 -0.82893
1.67276 0.871644
2.53863 5.65925
2.11875 -2.37405
2.47454 1.24554
2.11815 -0.108944
2.58735 0.323539
1.89138 1.06574
2.01651 5.30981
2.42 -2.81027
2.01424 2.31051
2.42497 5.56303
2.32461 -2.49997
2.22524 1.72907
2.76154 1.06127
2.03785 -0.232105
2.70206 1.34629
2.15592 -0.507576
2.51867 0.299115
1.96784 0.912936
2.4744 4.03406
3.11088 -0.624538
2.77266 2.77915
3.03345 3.32062
3.01899 0.82807
2.54525 4.23974
3.05661 -0.687137
2.51768 -0.864351
2.02353 1.42673
2.43904 4.23702
3.05855 -0.988592
2.43215 -0.980046
2.14256 1.12746
2.68266 0.384933
1.80676 1.08748
2.0492 5.78251
2.04038 -2.63043
2.50306 1.49171
2.20869 -0.432493
2.42205 0.204061
2.08396 0.623268
2.69677 0.70693
1.856 0.697618
1.97512 5.32566
2.3733 -2.85772
2.07927 2.22733
2.15302 5.56055
2.3095 -2.69707
2.20983 1.87737
2.73524 2.48786
2.58573 5.05348
2.71649 -1.88926
1.60072 2.22288
3.30351 -0.240267
2.86069 2.98185
3.13098 1.752
2.99215 2.86447
3.08013 1.66383
2.9548 3.43878
3.0534 0.89353
2.47034 4.90104
2.84306 -1.65007
1.44855 1.79948
3.27546 -1.26671
2.81638 3.12135
3.14432 1.54057
2.96785 3.08985
3.08001 1.37322
2.84139 4.08117
3.00613 -0.0771614
2.33188 -0.940572
2.26676 0.707185
2.31475 -0.17672
2.24301 0.353693
2.34033 -0.0639128
2.20132 0.408224
2.42379 -0.118757
2.09897 0.767555
2.69007 0.581901
1.83174 0.870325
1.93864 5.57564
2.14431 -2.80806
2.37421 1.61118
2.43529 -0.527328
2.11217 0.965761
2.70124 0.602092
1.83178 0.827984
1.93361 5.55423
2.15778 -2.82195
2.35797 1.64453
2.48829 -0.477598
2.0422 1.1623
2.68764 2.79931
2.90353 4.14417
2.93684 -0.502981
1.75164 0.596837
2.00713 5.85043
1.94759 -2.55706
2.57288 1.86703
2.58869 -0.42973
1.90379 1.48058
2.02125 5.57962
2.20946 -2.77737
2.31303 1.69433
2.6093 -0.190648
1.86777 1.41716
2.05184 5.6972
2.12394 -2.70087
2.41507 1.48933
2.29347 -0.486294
2.2922 0.395049
2.25637 0.0435044
2.32097 0.0891972
2.22011 0.275196
2.38256 -0.0644053
2.1466 0.577793
2.5599 0.00611397
1.92588 1.19541
2.09464 5.14521
2.58636 -2.63305
1.72242 2.47728
3.30056 0.708499
2.9213 2.43725
3.03943 3.06866
3.0394 1.29053
2.62809 4.77919
2.86671 -1.33151
1.4911 1.62675
3.3325 0.0972963
2.9186 2.07369
2.77602 4.49191
2.91145 -0.888242
1.60703 1.15584
3.02691 4.2558
2.54165 -1.94042
1.96256 2.04346
2.26165 5.68265
2.22253 -2.60039
2.3309 1.54004
2.46097 -0.472192
2.0765 1.05134
2.74838 1.51859
2.47987 -0.726609
2.06793 1.22382
2.72952 2.30557
2.34451 5.2085
2.65666 -2.25905
1.66058 2.36146
3.30533 0.189938
2.88821 2.77948
3.11164 2.19214
3.02366 2.33321
3.06 2.46598
3.05248 2.10827
3.03397 2.74172
3.06151 1.77794
2.96726 3.39006
3.05186 0.950767
2.48409 4.91869
2.83357 -1.66017
1.45151 1.84687
3.2665 -1.36662
2.80507 3.19552
3.14688 1.37337
2.94293 3.31908
3.07345 1.07529
2.64699 4.70355
2.8949 -1.17866
1.53428 1.4044
3.3004 1.86937
2.91311 0.106031
1.88389 0.135779
2.20887 4.74447
2.84195 -2.10599
1.38802 1.78974
3.20116 -2.1283
2.80351 2.93996
3.12636 2.24282
3.01699 2.20951
3.0425 2.78614
3.05463 1.70305
2.93043 3.65713
3.03777 0.567341
2.64658 3.69931
3.14978 0.299633
2.6294 4.61081
2.93968 -0.996616
1.6554 0.904194
2.65123 5.47357
2.18736 -2.34548
2.40562 1.24577
2.19614 -0.246564
2.43723 0.12689
2.06896 0.71846
2.72676 1.07196
1.99945 -0.0502377
2.70238 2.15074
2.46833 4.41942
3.01178 -1.08128
1.9639 -0.348256
2.62945 2.94787
2.97981 3.79161
2.97351 -0.00890632
2.10705 -0.638789
2.60517 0.612218
1.89105 0.847199
2.07474 5.13009
2.58117 -2.66214
1.72523 2.48595
3.30017 0.712154
2.92124 2.44186
3.04119 3.05215
3.03958 1.31193
2.64455 4.74574
2.87582 -1.26844
1.50388 1.55807
3.33528 0.617482
2.93929 1.52489
2.40023 4.95666
2.8129 -1.8435
1.44063 1.95219
3.22234 -1.83791
2.77881 3.25508
3.15305 1.28361
2.93008 3.40006
3.07181 0.968489
2.57646 4.82862
2.86129 -1.42816
1.47678 1.67555
3.32219 -0.357544
2.89009 2.48859
3.02436 3.24983
3.03261 1.0255
2.45268 4.91942
2.83437 -1.70381
1.4448 1.84654
3.25897 -1.47001
2.7995 3.21267
3.14813 1.3432
2.93819 3.35399
3.07241 1.02932
2.61441 4.76812
2.87794 -1.30417
1.50029 1.55271
3.33589 0.562911
2.93798 1.5687
2.40406 5.01357
2.78375 -1.91533
1.46621 2.06975
3.21816 -1.81686
2.76703 3.34447
3.15225 1.07417
2.88347 3.71873
3.05418 0.524108
2.56095 4.19211
3.06644 -0.594589
2.67566 -0.406694
1.77698 1.62927
2.62383 5.41995
2.30024 -2.3789
2.27252 1.53716
2.57917 -0.235495
1.90959 1.36674
2.00942 5.44939
2.3092 -2.81963
2.18334 2.00426
2.51634 4.01804
3.11148 -0.495173
2.72888 3.19766
3.16137 1.66892
2.97939 2.80982
3.08886 1.76267
2.98642 3.14647
3.06464 1.28467
2.73871 4.47867
2.94258 -0.770062
1.70621 0.737607
2.2772 5.89277
1.99225 -2.42135
2.5734 1.65053
2.32117 -0.6602
2.26503 0.55498
2.30668 -0.106653
2.25036 0.299003
2.32665 -0.0268372
2.21788 0.34173
2.38796 -0.0915694
2.1415 0.610237
2.57573 0.0408832
1.90542 1.21789
2.02103 5.3392
2.40266 -2.8088
2.0447 2.26334
2.2623 5.63158
2.27565 -2.61192
2.26793 1.68937
2.68778 0.208202
1.7853 1.2413
2.23133 5.82654
2.06475 -2.5242
2.50186 1.39713
2.1569 -0.294192
2.51249 0.205729
1.97682 0.94804
2.50655 3.90309
3.13967 -0.316789
2.54488 4.457
3.00141 -0.914786
1.92833 -0.206376
2.4926 3.80052
3.16494 -0.103164
2.59132 4.60363
2.95131 -1.01955
1.68781 0.760196
2.38652 5.83199
2.03228 -2.39397
2.55087 1.45524
2.16331 -0.376721
2.50211 0.222667
1.98848 0.905289
2.58264 3.5163
3.19012 0.852601
2.87665 3.63187
3.07054 0.648878
2.46801 4.79125
2.89158 -1.49383
1.48903 1.48918
3.3381 0.565941
2.9384 1.48354
2.40739 4.8597
2.85851 -1.7038
1.44026 1.71834
3.28643 -1.14882
2.83261 2.99308
3.13591 1.85546
2.99948 2.69204
3.08129 1.90999
3.00972 2.92383
3.06689 1.56387
2.89646 3.83263
3.02765 0.310438
2.81832 1.07474
2.19709 -0.678245
2.45122 0.308798
2.0457 0.680901
2.73731 1.53977
2.4698 -0.732271
2.08133 1.1851
2.74946 1.80135
2.80507 1.45089
2.63572 -0.392073
1.83489 1.5686
2.28061 5.76652
2.13288 -2.54373
2.43402 1.36239
2.20535 -0.328455
2.42364 0.160292
2.08386 0.649958
2.69998 0.728124
1.86075 0.660691
1.99583 5.26827
2.43134 -2.82972
1.98801 2.3547
2.58863 5.36097
2.41832 -2.35646
2.11571 1.92163
2.3476 4.61062
2.93767 -1.60377
1.58261 1.05443
3.06396 4.08733
2.55878 -1.88604
1.93659 2.0624
2.38378 5.63911
2.25653 -2.52649
2.30409 1.55084
2.5215 -0.383198
1.99348 1.24942
2.41616 4.29508
3.04134 -1.1182
2.20588 -0.910997
2.44383 0.413145
2.05261 0.594735
2.73049 1.28108
2.14786 -0.513354
2.53343 0.32887
1.9509 0.936677
2.36452 4.42534
2.99743 -1.39825
1.847 0.0391575
2.01805 5.11708
2.54498 -2.75854
1.77677 2.50392
3.27758 1.55072
2.96134 1.62738
2.52097 5.00769
2.77723 -1.78691
1.49888 2.07717
3.25558 -1.36726
2.77927 3.40846
3.14235 0.917713
2.81932 4.06528
3.02179 -0.0151689
2.55358 -0.755531
1.96764 1.51088
2.10099 5.19215
2.5621 -2.64604
1.77469 2.46869
3.27108 1.7216
2.96487 1.40787
2.41202 4.95812
2.81337 -1.82494
1.44311 1.94933
3.22653 -1.79512
2.77888 3.27059
3.15247 1.24116
2.92148 3.46807
3.06854 0.87681
2.51599 4.88922
2.84471 -1.57692
1.45812 1.78403
3.28869 -1.06003
2.8319 3.02832
3.13833 1.74892
2.99078 2.82765
3.08242 1.71842
2.97197 3.29749
3.05906 1.08537
2.58502 4.83226
2.8567 -1.43362
1.47572 1.70164
3.31787 -0.469817
2.88089 2.59841
3.06329 2.90831
3.036 1.4678
2.7419 4.50026
2.93216 -0.82565
1.66556 0.904759
2.59872 5.56541
2.15674 -2.36168
2.4366 1.23257
2.15378 -0.165176
2.51652 0.16389
1.97326 0.983636
2.46944 4.06325
3.10374 -0.682106
2.81841 2.07381
2.37447 5.15154
2.69862 -2.14784
1.58893 2.30115
3.28105 -0.767138
2.80548 3.38337
3.13438 0.955611
2.81295 4.10899
3.01491 -0.0906177
2.41323 -0.935309
2.16427 1.02932
2.60596 0.0141824
1.86861 1.2996
2.00336 5.62605
2.15466 -2.76088
2.37347 1.57735
2.41154 -0.529716
2.14176 0.867286
2.61871 0.115728
1.85327 1.26026
2.01244 5.67435
2.1178 -2.72715
2.4159 1.50895
2.30424 -0.502473
2.27812 0.436376
2.27989 -0.0176139
2.28568 0.177307
2.26943 0.118044
2.29707 0.093922
2.25475 0.188812
2.3199 0.0279056
2.22447 0.295479
2.37438 -0.0678593
2.15717 0.545732
2.53184 -0.0493051
1.96282 1.13973
2.31579 4.59469
2.93426 -1.68492
1.56817 1.09041
3.12846 3.69939
2.64026 -1.65993
1.7981 2.13023
3.02951 4.04284
2.74141 -1.41888
1.616 2.06333
3.3156 0.775701
2.93715 1.96487
2.74244 4.58307
2.89497 -1.03121
1.5568 1.35548
3.25363 2.55425
2.85116 -0.599104
1.59836 1.42196
3.18423 3.20672
2.77828 -1.11615
1.58478 1.90348
3.31981 0.874517
2.94364 1.69377
2.49824 5.04283
2.7608 -1.86031
1.51541 2.1335
3.25742 -1.30357
2.7771 3.44496
3.13941 0.846595
2.7867 4.20308
3.00461 -0.246383
2.20015 -0.83698
2.45102 0.379392
2.04457 0.640514
2.73594 1.51398
2.42756 -0.76505
2.1369 1.02189
2.66595 0.309501
1.81256 1.15864
2.06809 5.78442
2.04975 -2.62548
2.49631 1.47177
2.20126 -0.407019
2.43398 0.191937
2.07005 0.675444
2.72152 1.00251
1.96065 0.117546
2.61307 3.1828
3.14223 2.42535
3.0091 1.85343
2.90382 3.87772
3.01415 0.196983
2.66129 -0.41292
1.7978 1.61731
2.50775 5.59437
2.23072 -2.44353
2.34512 1.40797
2.35652 -0.470257
2.20661 0.619208
2.42762 -0.190061
2.09888 0.810441
2.69683 0.625647
1.8379 0.805922
1.93536 5.50628
2.1989 -2.84618
2.3101 1.74652
2.65517 -0.00942894
1.80859 1.3856
2.23886 5.80278
2.09139 -2.54158
2.47458 1.37071
2.16686 -0.282612
2.49319 0.175327
2.00041 0.900757
2.6341 3.18739
3.14999 2.26947
3.00568 2.05279
2.99104 3.32509
3.04499 1.00609
2.48196 4.93071
2.82761 -1.68222
1.45228 1.8765
3.25938 -1.44558
2.79737 3.23834
3.14793 1.28163
2.92625 3.44891
3.06824 0.902237
2.52622 4.88469
2.84527 -1.56012
1.46026 1.77921
3.29175 -1.00825
2.83605 2.99989
3.13604 1.81582
2.99667 2.74617
3.08179 1.83105
2.99635 3.07281
3.0647 1.37599
2.79411 4.29299
2.97476 -0.444738
1.91358 -0.0879642
2.40921 4.14932
3.08042 -0.972484
2.69836 -0.324773
1.74704 1.59808
2.73975 5.18309
2.37499 -2.28869
2.18744 1.71053
2.76592 1.74215
2.80433 1.24162
2.32971 -0.807227
2.26249 0.643762
2.31707 -0.154306
2.23843 0.35387
2.3488 -0.071877
2.19052 0.444437
2.44863 -0.12198
2.06889 0.868944
2.7399 1.29646
2.18107 -0.591312
2.47586 0.282748
2.01749 0.783395
2.70829 2.45004
2.4417 5.23574
2.63457 -2.20286
1.72501 2.34249
3.28585 1.50146
2.95962 1.51921
2.43614 5.0391
2.77043 -1.90853
1.48939 2.11252
3.23386 -1.61954
2.76378 3.43887
3.14516 0.862903
2.80763 4.10856
3.01768 -0.0852304
2.44805 -0.912385
2.119 1.16612
2.73155 0.870078
1.91112 0.326133
2.33866 4.42934
2.99079 -1.48227
1.80834 0.181213
1.87673 5.44506
2.19052 -2.89532
2.30815 1.78378
2.68645 0.157052
1.78254 1.28228
2.27604 5.81273
2.08185 -2.50914
2.48901 1.36225
2.15047 -0.254094
2.52422 0.210367
1.963 0.981732
2.41187 4.27597
3.04612 -1.1118
2.25791 -0.967376
2.36764 0.499948
2.14707 0.258039
2.53469 0.0497973
1.95532 1.09985
2.29752 4.64043
2.91372 -1.77474
1.5059 1.30252
3.31643 1.62143
2.91736 0.228604
1.95558 -0.137151
2.60357 3.19666
3.14534 2.39752
3.00784 1.87847
2.91475 3.82061
3.01877 0.28529
2.76854 0.266288
1.75181 1.05037
2.25153 5.8534
2.03677 -2.48469
2.53231 1.45351
2.16929 -0.370371
2.49078 0.206655
2.00221 0.876089
2.6479 3.07933
3.10586 2.81495
3.0168 1.40127
2.601 4.85047
2.84096 -1.47227
1.47401 1.78776
3.3017 -0.800009
2.85038 2.90265
3.12606 2.04604
3.01284 2.47622
3.07222 2.24059
3.04219 2.40454
3.05961 2.25384
3.04693 2.43488
3.05845 2.19017
3.04266 2.5504
3.06112 2.02882
3.02378 2.84053
3.06313 1.65891
2.92823 3.65513
3.03937 0.57581
2.62617 3.82342
3.13316 0.0416838
2.52373 4.68363
2.93151 -1.24246
1.5971 1.08645
3.02719 4.26793
2.52678 -1.9641
1.98692 2.01179
2.15731 5.64942
2.22745 -2.67727
2.31226 1.62968
2.56121 -0.31956
1.93731 1.35363
2.07095 5.23504
2.51335 -2.71468
1.86101 2.44342
3.11597 3.43683
2.87993 -0.594226
1.61787 1.24238
3.03426 4.20271
2.56808 -1.88878
1.91856 2.08909
2.4949 5.53621
2.31067 -2.45665
2.24935 1.64281
2.69198 0.257087
1.78621 1.19867
2.19599 5.83327
2.05158 -2.53616
2.51113 1.42929
2.16721 -0.337431
2.49384 0.197205
1.99892 0.891487
2.63127 3.20581
3.15555 2.18166
3.00236 2.15087
3.02011 3.07949
3.05007 1.3285
2.70511 4.59067
2.91604 -0.979261
1.60014 1.15502
3.05186 4.13057
2.56795 -1.87718
1.9201 2.08256
2.47959 5.55425
2.3017 -2.46709
2.25897 1.62446
2.66312 0.0822777
1.80215 1.33129
2.22418 5.81237
2.07918 -2.54149
2.48588 1.38357
2.16288 -0.288274
2.50091 0.186948
1.99093 0.920664
2.58787 3.4887
3.1906 0.955043
2.89507 3.50726
3.07777 0.821537
2.52949 4.86732
2.85336 -1.52678
1.46325 1.73313
3.30382 -0.803424
2.85507 2.84348
3.11784 2.21607
3.021 2.27851
3.05403 2.59718
3.05428 1.93892
3.004 3.09119
3.05875 1.34081
2.75014 4.45013
2.94674 -0.722929
1.72918 0.646419
2.11746 5.90877
1.94791 -2.47695
2.58361 1.91232
2.66027 -0.176649
1.79991 1.49058
2.37245 5.73808
2.14792 -2.49346
2.42679 1.32947
2.20009 -0.300952
2.43199 0.148425
2.07429 0.688141
2.71777 0.93335
1.92903 0.267083
2.45291 4.03414
3.11179 -0.680353
2.78133 2.68262
2.97144 3.72848
2.99688 0.23224
2.51709 -0.807048
2.02188 1.40126
2.45236 4.1843
3.07282 -0.889738
2.63678 -0.579887
1.83619 1.65842
2.36266 5.71861
2.17354 -2.51332
2.39715 1.36996
2.2559 -0.392658
2.34254 0.255263
2.1839 0.286157
2.45601 -0.0634531
2.05639 0.874298
2.74311 1.60431
2.58934 -0.512963
1.90591 1.51877
2.03044 5.59872
2.19946 -2.76485
2.32634 1.6595
2.55709 -0.341859
1.94391 1.35077
2.09479 5.17428
2.56892 -2.64774
1.75846 2.4745
3.28525 1.38496
2.95616 1.77316
2.63533 4.83544
2.83243 -1.46067
1.48036 1.82476
3.29941 -0.816287
2.84578 2.95201
3.13136 1.91367
3.00453 2.63361
3.07919 1.99253
3.02078 2.78574
3.06739 1.73756
2.96183 3.41729
3.05188 0.916585
2.47263 4.90861
2.83929 -1.65867
1.44879 1.81908
3.27075 -1.32375
2.8107 3.15746
3.14584 1.4592
2.95661 3.19884
3.07735 1.23221
2.75773 4.40327
2.95933 -0.628656
1.79479 0.375788
1.87534 5.58657
2.07575 -2.80553
2.43818 1.56642
2.31512 -0.540412
2.26562 0.488107
2.30276 -0.074128
2.25423 0.27317
2.31987 -0.00764504
2.22631 0.309123
2.37103 -0.0710983
2.16163 0.533363
2.5203 -0.067545
1.97798 1.11064
2.42291 4.25376
3.05307 -1.05499
2.34901 -1.00819
2.24819 0.800334
2.36219 -0.247618
2.18425 0.562446
2.47154 -0.143614
2.04224 0.967362
2.72913 2.19328
2.34541 4.94438
2.8091 -1.93615
1.42947 1.97088
3.20079 -2.04006
2.78447 3.12527
3.15053 1.66333
2.98113 2.87791
3.08554 1.65715
2.95889 3.39395
3.05626 0.957377
2.50289 4.91318
2.8344 -1.63053
1.45525 1.84008
3.27233 -1.28609
2.81072 3.16869
3.14571 1.42854
2.95175 3.24556
3.07579 1.17144
2.7158 4.53216
2.93444 -0.860026
1.66505 0.897632
2.59664 5.56977
2.15432 -2.36161
2.43918 1.23153
2.15051 -0.158492
2.52296 0.172555
1.96543 0.99899
2.41654 4.26198
3.05033 -1.083
2.311 -1.00006
2.29659 0.660815
2.25825 -0.0785943
2.32272 0.140835
2.21547 0.26066
2.39141 -0.0625619
2.1354 0.61327
2.59022 0.0867571
1.88706 1.22509
1.98974 5.47015
2.27621 -2.83017
2.22382 1.92143
2.7314 2.55464
2.67576 4.87587
2.77741 -1.61612
1.52528 2.04708
3.28878 -0.840316
2.82299 3.191
3.14127 1.33914
2.93304 3.4211
3.06776 0.938756
2.54207 4.87335
2.84781 -1.52832
1.46392 1.76234
3.29856 -0.889581
2.8462 2.92292
3.12843 2.00522
3.01023 2.52164
3.07492 2.1676
3.03737 2.50914
3.06371 2.10323
3.03369 2.67916
3.06372 1.86436
2.99294 3.168
3.05896 1.24657
2.68961 4.62136
2.91112 -1.03077
1.58209 1.22189
3.14337 3.56768
2.68718 -1.51145
1.71534 2.11503
3.22785 2.55319
2.93053 0.118911
1.95179 -0.143053
2.5902 3.28572
3.17304 1.94067
2.9895 2.38751
3.0659 2.56374
3.04823 1.95889
3.00468 3.10327
3.05739 1.32252
2.73278 4.50474
2.93584 -0.82081
1.67644 0.85735
2.50956 5.69866
2.10181 -2.3793
2.49078 1.26558
2.1103 -0.111511
2.6026 0.383299
1.87736 1.04637
1.98594 5.39696
2.33025 -2.8446
2.14794 2.09156
2.2549 4.90843
2.79605 -2.1099
1.41374 2.02331
3.15884 -2.36759
2.82022 2.59027
2.97046 3.7011
3.00347 0.309583
2.66169 -0.40276
1.79722 1.6127
2.50593 5.59725
2.22896 -2.44422
2.34699 1.40468
2.35152 -0.468135
2.21288 0.598601
2.41216 -0.186253
2.11759 0.745459
2.64974 0.307702
1.82714 1.15475
2.02421 5.73336
2.07122 -2.67879
2.46775 1.47516
2.22669 -0.429513
2.39145 0.21768
2.12115 0.495797
2.60892 0.19469
1.8654 1.19283
1.98066 5.57378
2.18222 -2.797
2.33812 1.65974
2.53554 -0.394431
1.97552 1.30286
2.27384 4.73015
2.87443 -1.91253
1.42702 1.60867
3.29787 -1.03047
2.85131 2.8157
3.11172 2.34622
3.02502 2.12378
3.02862 2.92568
3.05554 1.53485
2.85351 4.06213
3.00358 -0.0634164
2.31729 -0.934124
2.28533 0.652931
2.27684 -0.105429
2.2946 0.201575
2.25493 0.136638
2.32066 0.0491826
2.22237 0.289949
2.37834 -0.0679144
2.15214 0.561903
2.54522 -0.025308
1.9452 1.16934
2.1988 4.89996
2.77426 -2.24289
1.41695 2.10542
3.13294 -2.51861
2.84525 2.06169
2.44399 5.14997
2.6986 -2.07321
1.60509 2.28569
3.29513 -0.43502
2.83847 3.17262
3.13654 1.34812
2.93127 3.45096
3.06523 0.897482
2.51176 4.89619
2.84183 -1.5929
1.45692 1.8002
3.28382 -1.13216
2.82521 3.07537
3.14145 1.63849
2.97956 2.96659
3.08178 1.53326
2.91387 3.70669
3.03953 0.511069
2.68277 3.46215
3.16965 0.886786
2.86104 3.79377
3.05351 0.416028
2.651 3.68498
3.15084 0.332849
2.64347 4.58341
2.94546 -0.940089
1.68237 0.801611
2.44163 5.78001
2.06141 -2.38734
2.52764 1.35244
2.11857 -0.208511
2.58592 0.355907
1.89369 1.03958
2.02967 5.26931
2.45876 -2.78561
1.94995 2.38449
2.77524 4.95888
2.55837 -2.07778
1.91267 2.16743
2.62565 5.3322
2.4029 -2.34276
2.14084 1.85605
2.54739 3.85036
3.14496 -0.134863
2.53672 4.62996
2.94937 -1.14464
1.66294 0.837261
2.56798 5.62245
2.12815 -2.36299
2.46648 1.23315
2.12196 -0.106599
2.57985 0.296808
1.89908 1.06984
2.03939 5.25189
2.47822 -2.76749
1.91724 2.41292
2.92583 4.45414
2.696 -1.65748
1.68027 2.1682
3.29002 1.55473
2.95881 1.28269
2.47257 4.53835
2.97846 -1.18526
1.76996 0.382966
1.89407 5.72135
1.97783 -2.68375
2.53696 1.68588
2.35232 -0.65286
2.22407 0.669453
2.39556 -0.210678
2.13972 0.6859
2.59044 0.0645926
1.88705 1.2385
1.98985 5.4808
2.26769 -2.82752
2.23502 1.89505
2.76052 2.08664
2.38226 4.7981
2.87966 -1.68829
1.45422 1.58434
3.32265 -0.464104
2.88965 2.45213
3.00373 3.40895
3.0275 0.802517
2.51502 4.39636
3.01877 -0.928092
2.04259 -0.568843
2.68726 1.33926
2.1307 -0.432958
2.56384 0.371779
1.91765 0.983269
2.15156 4.98288
2.71023 -2.41569
1.49603 2.30864
3.17421 -2.10295
2.7759 3.10493
3.14983 1.77954
2.99033 2.7254
3.08522 1.87639
3.00539 2.95782
3.06737 1.52271
2.87901 3.92301
3.01998 0.169359
2.69347 -0.26617
1.75511 1.56376
2.66813 5.34612
2.31747 -2.35028
2.25486 1.5661
2.63493 -0.037908
1.8329 1.37903
2.13396 5.78376
2.08329 -2.60773
2.47033 1.41927
2.19403 -0.354086
2.44485 0.171277
2.05786 0.727125
2.73591 1.32147
2.19614 -0.61644
2.4507 0.281938
2.04702 0.693417
2.73764 1.52567
2.45033 -0.750445
2.10734 1.11165
2.73556 0.971689
1.95687 0.111765
2.59957 3.27419
3.17083 1.96294
2.99107 2.37045
3.06354 2.59455
3.04892 1.92223
2.99596 3.18333
3.05583 1.21963
2.65718 4.70159
2.89107 -1.18043
1.52946 1.43307
3.31067 1.65231
2.92648 0.354666
2.07033 -0.499738
2.66182 0.92494
1.91901 0.436802
2.36077 4.37587
3.01096 -1.36649
1.93004 -0.265101
2.50287 3.7443
3.17503 0.0682765
2.65788 4.48986
2.97293 -0.767144
1.81646 0.257113
1.89484 5.41643
2.23056 -2.90079
2.26238 1.88046
2.7744 1.42039
2.44214 -0.775224
2.11915 1.087
2.71481 0.689797
1.84996 0.679125
1.96011 5.36001
2.33493 -2.87044
2.13443 2.13151
2.17703 5.13828
2.64136 -2.4727
1.64027 2.42301
3.28877 -0.445366
2.82651 3.29848
3.13333 1.10386
2.86139 3.88795
3.03672 0.26321
2.82353 1.44542
2.71803 0.0100974
1.74234 1.37921
2.56311 5.55418
2.21931 -2.40744
2.36258 1.35087
2.29954 -0.421618
2.2796 0.390563
2.27684 0.00760899
2.2893 0.158484
2.26433 0.137251
2.30489 0.072451
2.24401 0.224112
2.33822 -0.0094075
2.20111 0.379255
2.42302 -0.108729
2.09929 0.760493
2.68843 0.570546
1.83039 0.885896
1.94112 5.59105
2.13342 -2.79786
2.3869 1.58814
2.3983 -0.541933
2.159 0.816281
2.56746 -0.047003
1.91812 1.24327
2.04913 5.2665
2.47597 -2.75788
1.92469 2.40181
2.88752 4.60234
2.65856 -1.79101
1.74361 2.20345
3.21641 2.64527
2.93142 0.0985919
1.9455 -0.12243
2.56544 3.4423
3.19497 1.20408
2.93157 3.17684
3.09322 1.26507
2.82794 4.11905
3.00439 -0.130923
2.27453 -0.912316
2.342 0.513852
2.18251 0.154757
2.45671 -0.0169383
2.05288 0.857496
2.7423 1.65809
2.66597 -0.234265
1.79188 1.52854
2.44874 5.67148
2.18631 -2.46504
2.39073 1.34484
2.25396 -0.377662
2.34475 0.245069
2.18117 0.299229
2.46217 -0.0637635
2.04894 0.898343
2.74046 1.84538
2.80137 1.75307
2.73992 2.84075
3.03354 3.35312
3.01479 0.752006
2.65211 3.64741
3.15644 0.415694
2.68992 4.4694
2.96876 -0.717708
1.81027 0.292128
1.88325 5.46718
2.17993 -2.88235
2.32226 1.74826
2.6359 -0.103298
1.83165 1.4183
2.16725 5.78962
2.08972 -2.58944
2.46774 1.4026
2.18819 -0.3344
2.45477 0.166309
2.04623 0.767118
2.73965 1.6583
2.65674 -0.274286
1.80418 1.54031
2.39891 5.71232
2.16678 -2.48699
2.40821 1.33953
2.22768 -0.34398
2.38576 0.184603
2.12963 0.488125
2.58923 0.123474
1.88793 1.20106
1.9912 5.44547
2.29715 -2.8341
2.19597 1.98483
2.59078 3.65438
3.17208 0.383694
2.73009 4.32172
2.99784 -0.445891
2.04678 -0.53185
2.68553 1.26387
2.07547 -0.270832
2.65993 0.786487
1.88431 0.644252
2.10178 5.04194
2.64897 -2.56248
1.59485 2.43336
3.25057 -1.18933
2.75227 3.65778
3.12122 0.477399
2.57415 4.7499
2.89842 -1.28254
1.52448 1.40364
3.31151 1.6551
2.9241 0.316962
2.03405 -0.397587
2.69818 1.4437
2.24131 -0.661387
2.37921 0.334543
2.13318 0.391191
2.57303 0.102887
1.9075 1.1764
2.03657 5.28366
2.45444 -2.77975
1.96001 2.37043
2.71808 5.10555
2.51059 -2.18466
1.98741 2.10007
2.24287 5.66878
2.23438 -2.61719
2.31492 1.58475
2.52312 -0.392212
1.99186 1.25881
2.39991 4.3516
3.02402 -1.2227
2.03463 -0.574948
2.69141 1.47142
2.25796 -0.678721
2.35478 0.374248
2.16468 0.276459
2.4969 -0.0204369
2.00439 1.00852
2.61176 3.35808
3.18472 1.47396
2.95907 2.91916
3.09524 1.62183
2.95916 3.3648
3.05936 1.00087
2.5373 4.88931
2.84067 -1.56049
1.46191 1.80205
3.28818 -1.05518
2.83041 3.04556
3.13939 1.70392
2.98649 2.88533
3.08229 1.6405
2.95046 3.4653
3.05268 0.85796
2.46105 4.87634
2.85482 -1.62684
1.44984 1.73525
3.29182 -1.04192
2.83808 2.96691
3.13324 1.90954
3.00366 2.63062
3.07955 1.99979
3.02165 2.77036
3.06751 1.75743
2.96793 3.37028
3.05369 0.980819
2.50336 4.91727
2.83223 -1.63703
1.45565 1.8509
3.26997 -1.31377
2.8078 3.18703
3.14625 1.38815
2.94521 3.30201
3.07392 1.09766
2.66281 4.66841
2.90364 -1.11199
1.55656 1.3154
3.24217 2.69715
2.82961 -0.763321
1.57497 1.6077
3.28875 1.95476
2.92565 0.246942
1.99912 -0.293613
2.69525 2.13659
2.52063 4.19354
3.06928 -0.706207
2.66028 -0.479535
1.7994 1.64881
2.53224 5.55861
2.24939 -2.43227
2.32553 1.44216
2.41109 -0.474601
2.13856 0.845561
2.62155 0.13481
1.85022 1.25219
2.01489 5.68343
2.11125 -2.72009
2.42343 1.49964
2.28901 -0.489835
2.29876 0.382424
2.24595 0.0704351
2.33775 0.0552069
2.19841 0.35218
2.42766 -0.0983426
2.09297 0.775305
2.70149 0.686956
1.85046 0.715433
1.95822 5.37569
2.32163 -2.87028
2.15357 2.09335
2.27156 4.86247
2.82231 -2.02797
1.40371 1.90574
3.18545 -2.20902
2.80254 2.8948
3.1145 2.44281
3.02291 1.97736
2.98581 3.33154
3.04741 1.00821
2.49154 4.92858
2.8278 -1.66807
1.45421 1.8743
3.26218 -1.40908
2.79959 3.2306
3.14752 1.29617
2.92886 3.43056
3.06897 0.926956
2.5414 4.87221
2.84854 -1.52666
1.46398 1.75839
3.29942 -0.875387
2.84759 2.91109
3.12705 2.03574
3.01204 2.4861
3.07292 2.22555
3.04124 2.42528
3.0606 2.22341
3.04475 2.48181
3.06005 2.12483
3.0362 2.66089
3.0628 1.88532
2.99722 3.13034
3.05962 1.29465
2.72407 4.52766
2.93168 -0.860587
1.65758 0.93075
2.65753 5.45785
2.19601 -2.34512
2.39618 1.25693
2.21258 -0.278348
2.40885 0.143465
2.10267 0.598893
2.65977 0.419879
1.82764 1.06003
1.98611 5.69002
2.0835 -2.71976
2.4489 1.49761
2.25859 -0.469971
2.34263 0.291646
2.18281 0.26985
2.45786 -0.0566196
2.05375 0.878659
2.74272 1.6793
2.69669 -0.0760433
1.75837 1.4478
2.54261 5.5736
2.21983 -2.41978
2.3604 1.36296
2.30856 -0.433018
2.26774 0.425329
2.29739 -0.0403255
2.26033 0.242074
2.30959 0.0196954
2.23957 0.261322
2.34603 -0.0325968
2.19192 0.418634
2.44419 -0.115556
2.0739 0.84868
2.7347 1.1506
2.05577 -0.261638
2.68566 1.05493
1.9662 0.152455
2.63024 3.06265
3.08326 3.0551
3.01399 1.06622
2.43597 4.83934
2.87012 -1.61995
1.45493 1.64468
3.31365 -0.654792
2.8729 2.65189
3.07647 2.77999
3.0349 1.62211
2.84061 4.14511
2.98979 -0.216079
2.09974 -0.643443
2.6168 0.673095
1.88897 0.792457
2.08186 5.10606
2.60012 -2.63697
1.6885 2.47999
3.29933 0.0969447
2.87382 2.95879
3.1273 1.75812
2.99313 2.87684
3.07901 1.64537
2.94782 3.49211
3.05085 0.818981
2.45538 4.8269
2.87648 -1.56623
1.46548 1.60044
3.3264 -0.307077
2.89803 2.35994
2.96098 3.68301
3.01396 0.405748
2.80508 0.760813
1.93841 0.084728
2.52286 3.70334
3.17908 0.210576
2.70463 4.37361
2.9928 -0.542686
1.97792 -0.332822
2.66307 2.62062
2.57055 5.11121
2.68079 -1.99175
1.66167 2.2772
3.30914 0.626657
2.92299 2.32267
2.98687 3.48626
3.02808 0.718576
2.58176 4.06051
3.09346 -0.391489
2.80429 2.30704
2.58231 5.02485
2.7399 -1.82863
1.56182 2.17406
3.28935 -0.708955
2.82268 3.23894
3.13905 1.23004
2.90617 3.61729
3.05724 0.667101
2.47323 4.66454
2.93864 -1.32161
1.608 1.0213
2.94824 4.62477
2.43512 -2.1239
2.12003 1.79921
2.52774 3.93194
3.13012 -0.328165
2.56674 4.28547
3.04382 -0.676774
2.36772 -0.985073
2.22359 0.863279
2.4251 -0.271886
2.10742 0.830539
2.68472 0.512024
1.82255 0.956243
1.9625 5.66632
2.08595 -2.74103
2.44248 1.51354
2.27528 -0.491001
2.31876 0.342583
2.21587 0.157651
2.39061 -0.0231586
2.13405 0.594663
2.59097 0.0952367
1.88608 1.22166
1.98885 5.47355
2.27271 -2.82996
2.22825 1.91151
2.74467 2.37324
2.45172 5.20931
2.65332 -2.15884
1.69122 2.33215
3.30355 0.906391
2.93724 2.11382
2.87835 4.07987
2.98186 -0.186785
2.06109 -0.542676
2.67169 1.05905
1.9646 0.184851
2.62307 3.12427
3.11752 2.71988
3.0147 1.50064
2.671 4.71051
2.8795 -1.21314
1.51409 1.52095
3.33104 0.976732
2.94382 1.13415
2.75207 2.80399
3.02253 3.42207
3.013 0.663565
2.74997 2.881
3.07186 3.02342
3.02351 1.217
2.50261 4.95983
2.80948 -1.71122
1.46507 1.95624
3.25182 -1.49489
2.78592 3.31688
3.14758 1.11113
2.88666 3.7133
3.05336 0.530955
2.56128 4.18958
3.06699 -0.591014
2.68309 -0.372536
1.76683 1.61721
2.66199 5.35038
2.3231 -2.35279
2.24752 1.58693
2.66246 0.0926716
1.80327 1.32369
2.21328 5.81357
2.07612 -2.54629
2.48782 1.3902
2.16442 -0.295924
2.49815 0.186355
1.9942 0.911765
2.60542 3.38136
3.18711 1.38443
2.95067 3.01401
3.09475 1.48719
2.91953 3.64493
3.04589 0.609253
2.55116 4.23402
3.0575 -0.665113
2.53884 -0.825588
1.99182 1.48856
2.21526 4.90599
2.77964 -2.20626
1.41665 2.08633
3.13979 -2.47915
2.83897 2.22366
2.61465 4.94936
2.77316 -1.69464
1.52062 2.07364
3.27852 -1.01349
2.80585 3.29794
3.14158 1.12588
2.88206 3.75638
3.04892 0.465833
2.64632 3.71016
3.14804 0.277199
2.61624 4.63568
2.93406 -1.04904
1.63127 0.994366
2.82879 5.03724
2.32752 -2.25491
2.25305 1.51502
2.60767 -0.132162
1.86866 1.38352
2.03412 5.67583
2.132 -2.72056
2.40356 1.51306
2.32332 -0.511375
2.25273 0.506731
2.32679 -0.110691
2.22242 0.373796
2.37983 -0.100186
2.15225 0.580217
2.54704 -0.0267932
1.94298 1.1755
2.18373 4.93645
2.75012 -2.30691
1.44302 2.19133
3.14066 -2.42392
2.83321 2.31473
2.71088 4.73685
2.83718 -1.34782
1.49298 1.78087
3.31584 -0.434277
2.87751 2.66544
3.08394 2.67958
3.03455 1.74744
2.90902 3.81475
3.02349 0.314858
2.80748 0.790113
1.95766 0.00421234
2.60738 3.19956
3.1476 2.35786
3.00695 1.92842
2.93899 3.682
3.02862 0.496235
2.77332 2.63748
2.9096 4.06176
2.9607 -0.297593
1.90036 -0.0126032
2.3265 4.42334
2.98968 -1.51546
1.80185 0.202587
1.86658 5.49141
2.1441 -2.87228
2.36073 1.67755
2.51061 -0.453427
2.01181 1.23784
2.52441 3.86311
3.14614 -0.200611
2.53769 4.5991
2.95951 -1.10166
1.70402 0.674439
2.25138 5.90903
1.97513 -2.41871
2.58218 1.75688
2.44888 -0.6693
2.1043 1.07482
2.73296 0.948319
1.94422 0.171189
2.54202 3.62054
3.18821 0.491794
2.79686 4.04159
3.0374 0.0312295
2.74597 0.0483651
1.72471 1.31359
2.59746 5.51023
2.22773 -2.3893
2.35551 1.35215
2.31175 -0.430198
2.26316 0.435425
2.3056 -0.0561751
2.24917 0.276267
2.32877 -0.020018
2.21458 0.347145
2.39462 -0.0956409
2.13344 0.639112
2.59819 0.106811
1.87739 1.2295
1.98472 5.53165
2.22141 -2.8141
2.29225 1.76162
2.69535 0.22915
1.78084 1.22081
2.23653 5.82934
2.06224 -2.51849
2.50506 1.39936
2.15572 -0.295293
2.51478 0.209766
1.97403 0.953021
2.48917 3.97856
3.12358 -0.496213
2.64915 3.78984
3.1333 0.133498
2.533 4.71839
2.91781 -1.27791
1.55962 1.23575
3.20911 3.0474
2.77184 -1.12008
1.59398 1.91762
3.31681 1.00139
2.94724 1.58445
2.43246 5.05327
2.76215 -1.93462
1.49945 2.13953
3.23754 -1.55964
2.76266 3.46683
3.14257 0.806607
2.78112 4.21756
3.00353 -0.269787
2.17699 -0.802955
2.48818 0.383363
2.00167 0.765921
2.67153 2.85434
2.93885 3.98482
2.95689 -0.267661
1.89493 0.0145259
2.29116 4.52531
2.94873 -1.70678
1.6182 0.89859
2.83148 5.04425
2.31051 -2.25718
2.27381 1.46077
2.5295 -0.336162
1.98036 1.25819
2.3344 4.55618
2.95151 -1.59848
1.63103 0.870747
2.75296 5.25958
2.24733 -2.30333
2.34345 1.32093
2.31864 -0.420858
2.25314 0.456583
2.32414 -0.0878547
2.22474 0.355352
2.37485 -0.0908225
2.15797 0.556359
2.5311 -0.0541658
1.96396 1.13966
2.32246 4.57572
2.94219 -1.64999
1.59577 0.994536
2.9836 4.48402
2.46288 -2.07511
2.08248 1.86564
2.27123 4.82015
2.8394 -1.99252
1.40246 1.81828
3.21268 -2.00606
2.79534 3.06276
3.14473 1.82532
2.99484 2.68983
3.08345 1.92422
3.01218 2.88177
3.06782 1.61789
2.9207 3.69244
3.03789 0.523603
2.68497 3.44526
3.17035 0.93449
2.87302 3.72433
3.05866 0.518294
2.53789 4.31499
3.03875 -0.784041
2.26721 -0.953238
2.35393 0.5142
2.16581 0.198552
2.49229 0.000113498
2.00896 0.982779
2.63951 3.16401
3.14282 2.36994
3.00912 1.94052
2.94918 3.61532
3.03296 0.597023
2.65799 3.62344
3.15826 0.472702
2.71434 4.40091
2.98099 -0.589886
1.89863 -0.0514256
2.32036 4.43621
2.9843 -1.54548
1.77412 0.310131
1.8735 5.67966
1.99516 -2.72157
2.51862 1.6332
2.30618 -0.605208
2.28184 0.48182
2.27464 -0.0285694
2.29434 0.165919
2.25635 0.150583
2.31792 0.0470207
2.22635 0.280741
2.37067 -0.0599844
2.16142 0.527662
2.52022 -0.0658815
1.978 1.10961
2.42368 4.2509
3.05389 -1.04962
2.36006 -1.00833
2.23429 0.843115
2.39805 -0.27041
2.14065 0.717954
2.5933 0.0644418
1.88358 1.24472
1.98794 5.50666
2.24491 -2.82126
2.26378 1.82761
2.76335 1.0036
2.00499 -0.118605
2.70556 2.01293
2.71519 3.02523
3.11807 2.5743
3.01879 1.75741
2.8738 4.01551
3.00225 -0.0155277
2.34246 -0.938839
2.25314 0.745562
2.34502 -0.217877
2.20458 0.483278
2.42096 -0.145357
2.10414 0.766182
2.68033 0.502258
1.82354 0.970557
1.96509 5.66804
2.08655 -2.73945
2.44226 1.51221
2.27469 -0.489791
2.31955 0.340489
2.21473 0.161481
2.39277 -0.0254917
2.13149 0.604379
2.59804 0.117337
1.87754 1.22277
1.98408 5.52592
2.22566 -2.8166
2.28694 1.77449
2.71178 0.351809
1.78433 1.09246
2.1332 5.83733
2.02799 -2.55682
2.5265 1.49777
2.19955 -0.438527
2.4382 0.205119
2.06446 0.685349
2.72807 1.12615
2.03184 -0.172555
2.70726 1.45013
2.26655 -0.699557
2.34318 0.402894
2.18034 0.218012
2.46195 -0.0358091
2.04761 0.885738
2.73994 1.85232
2.79938 1.83379
2.62025 3.73027
3.1518 0.211917
2.61217 4.63147
2.93673 -1.04444
1.63929 0.96111
2.76932 5.20533
2.27624 -2.29577
2.31076 1.39036
2.4123 -0.45477
2.13572 0.843476
2.62763 0.162698
1.84384 1.24203
2.02371 5.7052
2.09735 -2.70189
2.43985 1.48179
2.25907 -0.459684
2.34133 0.288738
2.18468 0.266234
2.45385 -0.0578555
2.05869 0.863515
2.74281 1.52649
2.47037 -0.734398
2.08072 1.18823
2.74893 1.82818
2.80052 1.80787
2.65993 3.48595
3.174 0.84713
2.85769 3.79843
3.05439 0.409312
2.6494 3.69583
3.14954 0.309062
2.6313 4.60821
2.94008 -0.99091
1.65751 0.896513
2.63521 5.50412
2.17637 -2.35008
2.41701 1.23747
2.17883 -0.212825
2.46863 0.126241
2.03143 0.837969
2.72632 2.18081
2.36006 4.87115
2.84531 -1.82088
1.42465 1.79394
3.24949 -1.62226
2.79903 3.16929
3.14886 1.46495
2.95823 3.16778
3.07917 1.27297
2.78712 4.29976
2.97676 -0.446699
1.9228 -0.123593
2.46089 3.9485
3.13333 -0.506404
2.60199 4.0928
3.0832 -0.378903
2.82894 1.51168
2.79715 0.877618
1.98743 -0.0959657
2.68514 2.42911
2.35906 5.2635
2.61817 -2.30768
1.73885 2.37259
3.28052 1.59973
2.96182 1.44418
2.41366 4.98693
2.79872 -1.86265
1.45396 2.01123
3.22108 -1.81868
2.77275 3.30516
3.15278 1.16347
2.90529 3.58069
3.06279 0.72158
2.4629 4.80985
2.88385 -1.52888
1.47626 1.5478
3.33532 0.0903737
2.92132 1.97942
2.68773 4.74196
2.85224 -1.31208
1.49266 1.70103
3.32612 -0.147257
2.90158 2.36174
2.96966 3.62548
3.01811 0.495621
2.8165 1.82031
2.54908 4.10935
3.08678 -0.533567
2.82817 1.17872
2.36278 -0.828721
2.22152 0.778811
2.41524 -0.246795
2.11784 0.78059
2.65514 0.326883
1.8235 1.14133
2.02738 5.74201
2.0652 -2.67082
2.47453 1.47552
2.22081 -0.425079
2.40108 0.209398
2.10946 0.537943
2.63868 0.318682
1.83836 1.13853
1.99428 5.67852
2.10031 -2.72763
2.43212 1.50294
2.28052 -0.48714
2.31086 0.35597
2.2275 0.123561
2.36932 0.00252832
2.15952 0.498009
2.52182 -0.0535296
1.97543 1.10922
2.4091 4.30152
3.03887 -1.14618
2.17642 -0.870916
2.49033 0.415424
1.99909 0.75258
2.66625 2.8993
2.9798 3.76651
2.98031 0.0653719
2.20824 -0.821612
2.43761 0.372479
2.06048 0.595451
2.72444 1.1164
2.02203 -0.132724
2.7109 1.64269
2.5336 -0.627026
1.99033 1.38985
2.28726 4.70588
2.88788 -1.8555
1.44903 1.5165
3.32898 -0.33226
2.90166 2.27157
2.90275 3.99625
2.98649 -0.081366
2.15461 -0.746337
2.52506 0.40922
1.96038 0.860367
2.45679 4.09673
3.09551 -0.764638
2.82969 1.15196
2.33583 -0.824029
2.25553 0.673053
2.3327 -0.180967
2.21864 0.422099
2.38893 -0.12144
2.14216 0.625512
2.57618 0.0374615
1.90494 1.22089
2.01929 5.34554
2.39662 -2.81143
2.05411 2.24917
2.22135 5.62327
2.27573 -2.64159
2.26267 1.71994
2.71475 0.404771
1.79096 1.03342
2.07364 5.81586
2.02176 -2.5933
2.52456 1.52531
2.21899 -0.478485
2.40656 0.229633
2.10192 0.55014
2.65556 0.411032
1.83017 1.06774
1.98433 5.68194
2.08946 -2.72641
2.44224 1.5016
2.26819 -0.478903
2.32859 0.31884
2.20196 0.204463
2.41762 -0.0463742
2.10206 0.714036
2.6764 0.492337
1.82448 0.983785
1.9675 5.66956
2.08716 -2.73802
2.442 1.51101
2.27423 -0.488731
2.32018 0.33879
2.21383 0.164531
2.39447 -0.0272905
2.12948 0.612046
2.60362 0.135856
1.87098 1.22185
1.98392 5.56251
2.1946 -2.80124
2.32421 1.68847
2.58407 -0.275366
1.90446 1.39836
2.00695 5.50839
2.25912 -2.80958
2.24944 1.85219
2.77337 1.44328
2.47127 -0.748515
2.08035 1.19737
2.74812 1.86997
2.77488 2.37671
2.5649 5.06752
2.71836 -1.90443
1.59395 2.2241
3.3 -0.3642
2.8497 3.06955
3.13519 1.5636
2.96949 3.12023
3.07668 1.33192
2.81036 4.21536
2.98854 -0.303803
2.04711 -0.517306
2.68575 1.25477
2.06981 -0.252682
2.66845 0.853292
1.89798 0.53704
2.20746 4.79727
2.82108 -2.14621
1.38626 1.89981
3.16078 -2.41061
2.82702 2.51461
2.91902 3.97709
2.97842 -0.115486
2.07692 -0.5765
2.65142 0.873381
1.90757 0.529928
2.26657 4.65232
2.89899 -1.87484
1.46763 1.42395
3.34113 0.358506
2.93387 1.58424
2.40139 5.0119
2.78443 -1.9172
1.46484 2.06752
3.21708 -1.82926
2.76745 3.33662
3.15264 1.09303
2.88865 3.68671
3.05639 0.570725
2.51803 4.41356
3.01417 -0.93728
2.00663 -0.46743
2.69471 1.98241
2.77753 2.29001
2.45633 5.18742
2.66915 -2.12317
1.66217 2.31914
3.3082 0.426822
2.90815 2.54102
3.06516 2.8322
3.03901 1.58133
2.82899 4.18875
2.98479 -0.285992
2.03135 -0.470009
2.69663 1.50614
2.30755 -0.731089
2.28746 0.535677
2.26693 -0.0388901
2.30698 0.148193
2.23796 0.200883
2.34928 -0.0113898
2.18642 0.423286
2.45629 -0.110088
2.05884 0.894442
2.74376 1.58497
2.56236 -0.582333
1.94771 1.46847
2.05996 5.29501
2.46457 -2.75126
1.94906 2.37253
2.76198 4.99658
2.54513 -2.10753
1.93411 2.15047
2.51126 5.50645
2.33133 -2.44308
2.22506 1.69734
2.75218 0.880538
1.92958 0.204463
2.46517 3.97686
3.12586 -0.550315
2.65334 3.7687
3.1359 0.175449
2.54752 4.72177
2.9148 -1.26268
1.55528 1.26052
3.22753 2.86659
2.80042 -0.954387
1.57354 1.78889
3.3177 1.14569
2.94944 1.29172
2.51428 4.33886
3.03364 -0.873019
2.18569 -0.864809
2.47508 0.400732
2.01648 0.711766
2.71371 2.34246
2.34174 5.22177
2.64695 -2.27845
1.67871 2.36934
3.30618 0.479546
2.90972 2.54217
3.06668 2.81141
3.03913 1.608
2.84548 4.11906
2.99384 -0.169559
2.15695 -0.758949
2.52125 0.407831
1.96458 0.850667
2.48437 3.98496
3.12242 -0.518714
2.66389 3.69395
3.14554 0.324674
2.62084 4.63488
2.93309 -1.04481
1.62933 1.00387
2.84373 4.99093
2.34129 -2.24216
2.23702 1.55123
2.66264 0.106778
1.80365 1.31394
2.20417 5.81474
2.07312 -2.54992
2.48989 1.3963
2.16568 -0.302834
2.49591 0.186268
1.99684 0.904262
2.61897 3.29263
3.17581 1.77308
2.98147 2.59472
3.08645 2.14163
3.03238 2.49983
3.06585 2.13177
3.03641 2.61499
3.06365 1.94947
3.01104 2.98417
3.06231 1.48035
2.84435 4.09372
3.00121 -0.110401
2.25942 -0.897362
2.36277 0.471443
2.15342 0.255671
2.52071 0.023544
1.97336 1.06889
2.42207 4.2514
3.05364 -1.05499
2.35581 -1.00861
2.23964 0.826682
2.38393 -0.263669
2.15779 0.657088
2.5438 -0.0582854
1.94828 1.18121
2.208 4.87959
2.78762 -2.20442
1.40622 2.05296
3.13589 -2.52205
2.84435 2.10452
2.48698 5.12351
2.70894 -2.00543
1.59563 2.25869
3.29469 -0.481631
2.8363 3.1786
3.13708 1.33911
2.92976 3.46048
3.06492 0.884666
2.50515 4.89806
2.84179 -1.60262
1.45559 1.80144
3.28221 -1.15815
2.82331 3.08662
3.14215 1.61358
2.97674 2.99812
3.08142 1.49208
2.89733 3.80247
3.0327 0.366409
2.81489 1.91675
2.41257 4.70376
2.9195 -1.51231
1.53797 1.25272
3.26044 2.51418
2.84128 -0.658713
1.58761 1.50433
3.23963 2.65642
2.85971 -0.558083
1.60894 1.34968
3.12126 3.68521
2.68821 -1.52637
1.71171 2.12092
3.23652 2.44793
2.93731 0.242798
2.05195 -0.463015
2.68335 1.16604
2.01714 -0.0597148
2.71301 1.74833
2.69534 -0.0674932
1.76027 1.4422
2.52765 5.59447
2.21073 -2.42607
2.36961 1.35084
2.2883 -0.413078
2.2951 0.351289
2.25175 0.0729289
2.32777 0.066889
2.21158 0.309467
2.39975 -0.0830248
2.12629 0.655349
2.61674 0.175119
1.85629 1.21831
1.99378 5.63678
2.13759 -2.75694
2.39107 1.5527
2.36706 -0.534536
2.19755 0.684793
2.45525 -0.197077
2.06553 0.924789
2.74446 1.48498
2.41639 -0.774925
2.15146 0.978691
2.62237 0.0963366
1.84882 1.27827
2.02869 5.70231
2.10353 -2.70307
2.43391 1.48321
2.26669 -0.466051
2.33011 0.309963
2.19995 0.214244
2.42172 -0.049808
2.09726 0.73202
2.68791 0.577609
1.83187 0.878229
1.9397 5.57889
2.14251 -2.80583
2.37643 1.60665
2.42831 -0.531209
2.1211 0.938017
2.67886 0.426676
1.81436 1.04903
2.01017 5.74231
2.05296 -2.67253
2.48461 1.49111
2.22166 -0.439329
2.4003 0.216054
2.11017 0.531754
2.6365 0.309433
1.83997 1.14411
1.99351 5.67392
2.10389 -2.73122
2.42811 1.50671
2.2876 -0.493318
2.301 0.379413
2.24247 0.0791833
2.34354 0.0447562
2.1911 0.378778
2.44403 -0.101983
2.07326 0.842634
2.73465 1.15461
2.05837 -0.270028
2.68249 1.01797
1.95053 0.231136
2.56417 3.51092
3.19414 0.899818
2.8881 3.54042
3.07714 0.775202
2.50845 4.87487
2.85282 -1.56012
1.4588 1.73997
3.2988 -0.903912
2.84728 2.9054
3.12634 2.05678
3.01311 2.46059
3.07133 2.26882
3.04369 2.36428
3.05753 2.3151
3.05066 2.34294
3.05424 2.32379
3.05218 2.34139
3.05364 2.32056
3.05225 2.34899
3.05391 2.30803
3.05157 2.36856
3.05485 2.27908
3.04976 2.41303
3.05679 2.21528
3.045 2.51423
3.06006 2.076
3.03033 2.75428
3.06313 1.76654
2.96567 3.39836
3.05184 0.940291
2.48021 4.91642
2.835 -1.66121
1.45055 1.84017
3.26719 -1.36112
2.80614 3.18765
3.14673 1.3913
2.94597 3.29331
3.07437 1.10914
2.67189 4.64692
2.90886 -1.07157
1.57151 1.25724
3.18735 3.22758
2.7488 -1.2451
1.6202 1.99699
3.30962 1.17583
2.95135 1.49649
2.40858 4.99424
2.79448 -1.88104
1.45651 2.02856
3.21883 -1.83259
2.77124 3.31001
3.153 1.15394
2.90338 3.59262
3.06218 0.70488
2.46291 4.78499
2.89396 -1.49511
1.49197 1.47158
3.3375 0.693102
2.94064 1.34213
2.50887 4.35836
3.02873 -0.907367
2.13029 -0.771493
2.56633 0.520689
1.91999 0.873815
2.21324 4.82628
2.81228 -2.15139
1.3908 1.94405
3.15193 -2.45654
2.8333 2.38517
2.7991 4.47096
2.90105 -0.912365
1.58505 1.25808
3.15049 3.5087
2.70357 -1.45107
1.68761 2.09608
3.26416 2.08283
2.9514 0.627239
2.51795 -0.776238
2.01928 1.39211
2.44605 4.20664
3.06683 -0.934061
2.5512 -0.816908
1.97344 1.52805
2.11178 5.16804
2.58423 -2.61414
1.73342 2.46976
3.29738 0.949773
2.93626 2.20426
2.94162 3.75607
3.01358 0.326607
2.76038 0.195262
1.73978 1.14892
2.38457 5.77922
2.09519 -2.45031
2.48616 1.31287
2.13204 -0.185835
2.55974 0.265315
1.9214 1.04567
2.14204 5.0133
2.68947 -2.45751
1.53089 2.35762
3.20314 -1.80915
2.74173 3.49405
3.14724 0.755543
2.77624 4.22582
3.00369 -0.28217
2.17121 -0.794317
2.49769 0.389395
1.99087 0.792517
2.62869 3.20517
3.15481 2.20036
3.00292 2.1276
3.01356 3.1397
3.04914 1.25109
2.64704 4.73067
2.88203 -1.23715
1.51262 1.51057
3.3312 0.9853
2.94361 1.1126
2.77315 2.55685
2.81385 4.45506
2.8943 -0.929238
1.5727 1.31914
3.20766 3.035
2.78689 -1.0484
1.57975 1.85975
3.31963 0.964608
2.9465 1.5553
2.41664 5.03429
2.77301 -1.92654
1.48168 2.10632
3.22622 -1.70983
2.76293 3.41257
3.14809 0.919747
2.83278 3.99244
3.03076 0.104711
2.73956 0.00772117
1.72443 1.3566
2.63547 5.43857
2.25863 -2.37207
2.32254 1.41056
2.39966 -0.467175
2.1522 0.795128
2.5796 -0.00463256
1.90167 1.25217
2.00764 5.39728
2.34839 -2.82518
2.12647 2.12467
2.16441 5.17463
2.61246 -2.5226
1.69467 2.44503
3.30307 0.381406
2.89913 2.69599
3.09992 2.3779
3.03133 2.12018
3.03074 2.87856
3.05699 1.5966
2.88856 3.8903
3.02104 0.213561
2.73677 -0.00233448
1.72548 1.36836
2.64016 5.4283
2.26371 -2.36974
2.31695 1.42197
2.41668 -0.464254
2.13095 0.865196
2.64276 0.229627
1.82977 1.21073
2.04377 5.74546
2.07275 -2.66517
2.46903 1.465
2.21971 -0.415597
2.4025 0.20449
2.10789 0.545866
2.64285 0.33838
1.8356 1.12551
1.99455 5.68472
2.09485 -2.72284
2.43806 1.49852
2.27099 -0.478643
2.32439 0.326123
2.20788 0.185675
2.40591 -0.038364
2.11596 0.663145
2.64062 0.285955
1.83466 1.16597
2.01164 5.70785
2.08626 -2.70194
2.44992 1.4834
2.24908 -0.453309
2.35649 0.264217
2.16475 0.336035
2.4992 -0.037216
2.00244 1.02425
2.59676 3.45328
3.19 1.08527
2.91505 3.35685
3.08479 1.02448
2.6687 4.64148
2.91273 -1.0577
1.58082 1.21755
3.14523 3.55585
2.68848 -1.50572
1.71322 2.11339
3.23089 2.51857
2.93259 0.156173
1.97945 -0.23943
2.66805 2.59596
2.54408 5.14865
2.66634 -2.04784
1.68393 2.29696
3.30405 0.951624
2.9403 2.03524
2.82196 4.31297
2.94865 -0.570725
1.77147 0.491081
1.91853 5.74444
1.97879 -2.66483
2.53997 1.68206
2.3483 -0.653124
2.22923 0.653828
2.38317 -0.202961
2.15467 0.63197
2.54776 -0.0412741
1.94265 1.18477
2.17675 4.95413
2.73818 -2.33651
1.45852 2.22964
3.14957 -2.33989
2.81891 2.55703
2.9388 3.88128
2.98762 0.028943
2.24143 -0.867276
2.38792 0.42417
2.12067 0.377966
2.59969 0.197581
1.87585 1.17494
1.97994 5.50117
2.24266 -2.82747
2.26507 1.82867
2.76281 0.989194
1.99588 -0.0839913
2.69757 2.22892
2.3642 4.8329
2.86214 -1.76925
1.43327 1.6974
3.28428 -1.1997
2.83153 2.98893
3.13566 1.8748
3.00079 2.66675
3.08085 1.94769
3.01511 2.85657
3.06742 1.64851
2.93168 3.6252
3.04189 0.622348
2.56728 4.14771
3.07595 -0.52956
2.78437 0.339731
1.77034 0.903043
2.08035 5.84627
1.99489 -2.55929
2.54932 1.61812
2.28654 -0.608908
2.3094 0.420839
2.2296 0.0875627
2.36617 0.0194181
2.16264 0.478664
2.51305 -0.0626599
1.98671 1.08394
2.48813 4.00048
3.1183 -0.535975
2.69669 3.46146
3.16563 0.86925
2.85074 3.86003
3.04723 0.315781
2.77218 2.67345
2.94402 3.88944
2.9809 -0.0260194
2.14841 -0.729081
2.53548 0.422393
1.94913 0.879108
2.38282 4.36026
3.01917 -1.28355
1.99215 -0.45873
2.68225 2.29115
2.32936 4.98031
2.78778 -2.0109
1.44287 2.05916
3.1895 -2.09746
2.78349 3.09446
3.14839 1.77663
2.99055 2.73665
3.08497 1.85778
3.00231 2.99493
3.06677 1.47579
2.85478 4.04053
3.00809 -0.0199215
2.39897 -0.936159
2.18215 0.97013
2.54661 -0.147171
1.94858 1.23174
2.17917 4.95528
2.73894 -2.33156
1.45824 2.22734
3.15003 -2.33749
2.81837 2.56616
2.9458 3.84393
2.99118 0.0870132
2.3211 -0.924399
2.27989 0.661882
2.28699 -0.124095
2.28015 0.239648
2.27679 0.0751823
2.2867 0.132005
2.2692 0.139717
2.29682 0.084628
2.25549 0.191664
2.31857 0.0285116
2.22632 0.290356
2.3708 -0.063765
2.16148 0.529647
2.52029 -0.066396
1.97794 1.11006
2.42308 4.25307
3.05326 -1.05374
2.35163 -1.00832
2.24489 0.810428
2.37045 -0.254499
2.17417 0.598465
2.49823 -0.123609
2.00823 1.05873
2.60682 3.39784
3.18777 1.30376
2.94235 3.10822
3.09285 1.3573
2.86749 3.93824
3.02348 0.162346
2.71938 -0.121375
1.7314 1.47052
2.6997 5.29403
2.32212 -2.3308
2.25138 1.56387
2.64076 -0.0101975
1.8259 1.37023
2.15416 5.79421
2.08045 -2.59095
2.47595 1.4112
2.18486 -0.337369
2.46097 0.170259
2.0387 0.788321
2.73632 1.88746
2.78394 2.21329
2.39307 5.19977
2.66641 -2.19119
1.65359 2.33912
3.30607 0.172484
2.88801 2.77323
3.11076 2.21309
3.02449 2.30787
3.05744 2.5129
3.05364 2.04823
3.02516 2.85699
3.06147 1.63464
2.91535 3.73571
3.03389 0.454689
2.76841 2.70214
2.96372 3.78367
2.99068 0.135295
2.3592 -0.930062
2.23154 0.806192
2.39784 -0.257833
2.14006 0.712517
2.5938 0.0678922
1.88294 1.24376
1.9876 5.50974
2.24207 -2.82045
2.26728 1.81943
2.75789 0.890607
1.93943 0.151944
2.52147 3.72041
3.17623 0.157433
2.68276 4.435
2.98218 -0.658225
1.88539 -0.00944286
2.23701 4.66034
2.88462 -1.9676
1.43643 1.52622
3.3204 -0.600606
2.88552 2.47024
3.0075 3.38653
3.0279 0.831064
2.49354 4.50341
2.98938 -1.09409
1.83288 0.137484
1.94896 5.26375
2.39243 -2.88495
2.03979 2.30385
2.32927 5.61599
2.29344 -2.56632
2.25394 1.69592
2.71453 0.41433
1.79261 1.02356
2.06268 5.80928
2.02214 -2.60178
2.5227 1.52634
2.22054 -0.479686
2.40401 0.231528
2.10499 0.539199
2.64812 0.370386
1.83306 1.10145
1.99067 5.68467
2.09192 -2.72344
2.44061 1.49906
2.26846 -0.477395
2.3281 0.318947
2.20266 0.202628
2.41624 -0.0456877
2.10371 0.708142
2.67235 0.464892
1.82348 1.01407
1.97818 5.68824
2.07891 -2.72202
2.45253 1.50084
2.25677 -0.471024
2.34549 0.287849
2.17898 0.282551
2.46634 -0.0548523
2.04337 0.910631
2.73536 2.0211
2.58533 3.89678
3.12786 -0.152815
2.5339 4.47818
2.99607 -0.964889
1.88832 -0.0638962
2.26048 4.59567
2.91565 -1.85223
1.50809 1.27245
3.30963 1.77932
2.90584 0.041142
1.83701 0.335376
1.95032 5.30096
2.36818 -2.8833
2.08014 2.23753
2.15929 5.56706
2.3065 -2.69193
2.21476 1.86298
2.75037 2.25826
2.35136 5.19597
2.66625 -2.23488
1.64383 2.35067
3.3023 -0.055724
2.86822 2.96254
3.12868 1.77173
2.99434 2.84867
3.07963 1.68367
2.95996 3.4012
3.05482 0.944761
2.49212 4.91575
2.83434 -1.64611
1.45307 1.84192
3.26951 -1.32663
2.808 3.18129
3.1463 1.40286
2.94775 3.27942
3.07476 1.12729
2.68469 4.61551
2.9162 -1.01306
1.59484 1.16778
3.07707 3.99199
2.59839 -1.798
1.86903 2.11621
2.74545 5.08579
2.47911 -2.20405
2.04003 2.0133
2.09194 5.46078
2.36105 -2.74722
2.12688 2.08565
2.19688 5.06764
2.69167 -2.37777
1.54805 2.34661
3.22801 -1.54535
2.74055 3.61184
3.13232 0.536262
2.64117 4.62718
2.92967 -1.02292
1.62398 1.03331
2.88617 4.84962
2.38241 -2.19896
2.18741 1.66253
2.76672 1.436
2.43224 -0.778017
2.13179 1.04654
2.68262 0.414325
1.81031 1.05906
2.02515 5.76137
2.04525 -2.65347
2.49468 1.49309
2.21528 -0.437357
2.41098 0.209744
2.09723 0.577041
2.66785 0.482296
1.82871 0.99824
1.96589 5.65556
2.09835 -2.749
2.42968 1.52046
2.29429 -0.504923
2.29219 0.404679
2.25643 0.0389871
2.32102 0.0911023
2.21995 0.274629
2.38287 -0.0643318
2.14622 0.579001
2.56093 0.00849264
1.92452 1.197
2.08854 5.15976
2.5734 -2.65154
1.74684 2.47871
3.29255 1.14596
2.94621 2.02072
2.83037 4.27551
2.95575 -0.503315
1.81464 0.31314
1.89151 5.44649
2.20424 -2.88967
2.2946 1.80663
2.72146 0.421851
1.79117 1.00295
2.05696 5.80885
2.01926 -2.60299
2.52462 1.53505
2.22582 -0.4922
2.39585 0.242212
2.11475 0.501791
2.62352 0.256073
1.8509 1.171
1.98657 5.63602
2.13256 -2.75918
2.39551 1.54978
2.35858 -0.534002
2.20828 0.650449
2.42731 -0.200639
2.09996 0.813137
2.69539 0.610922
1.83535 0.826967
1.93489 5.53259
2.17692 -2.83345
2.33605 1.68904
2.56303 -0.337685
1.93567 1.36706
2.06103 5.26473
2.48621 -2.74031
1.90951 2.41069
2.9483 4.36208
2.71654 -1.57482
1.64738 2.13423
3.30768 1.0625
2.94752 1.75898
2.57875 4.94342
2.79638 -1.65903
1.48972 1.99736
3.26777 -1.24592
2.79616 3.30998
3.14435 1.11217
2.8824 3.74701
3.05025 0.480546
2.62342 3.84865
3.129 -0.00477378
2.51786 4.63474
2.9488 -1.18781
1.65543 0.858847
2.62146 5.53368
2.16161 -2.35103
2.43281 1.22706
2.15643 -0.166549
2.5113 0.15604
1.97968 0.971123
2.51061 3.88825
3.14255 -0.278591
2.53908 4.52184
2.98327 -1.0027
1.81709 0.216043
1.89643 5.39931
2.24504 -2.90624
2.24404 1.9228
2.75891 2.13969
2.34437 4.98777
2.78776 -1.98891
1.44693 2.05878
3.19545 -2.04408
2.7787 3.15908
3.15301 1.57576
2.9723 2.98303
3.08486 1.51588
2.91299 3.70585
3.04017 0.51415
2.67493 3.51702
3.16672 0.738294
2.81773 4.01398
3.03363 0.0752694
2.74345 0.0334466
1.72457 1.33011
2.61219 5.48335
2.23949 -2.38309
2.34306 1.37294
2.34279 -0.452935
2.22316 0.558918
2.38743 -0.170351
2.14719 0.637537
2.56604 0.00412901
1.91832 1.213
2.05968 5.23255
2.50662 -2.73111
1.87013 2.44207
3.09258 3.59625
2.85875 -0.773536
1.57164 1.47615
3.26096 2.41759
2.8798 -0.355277
1.66922 1.0633
2.68896 5.3761
2.24009 -2.33873
2.3477 1.33484
2.31731 -0.425984
2.25528 0.453655
2.32015 -0.0820998
2.22994 0.33839
2.36453 -0.0781222
2.17039 0.509678
2.49806 -0.0955037
2.00691 1.04597
2.60672 3.39624
3.18772 1.31132
2.94317 3.09934
3.09306 1.36939
2.87296 3.91048
3.02605 0.206307
2.76894 0.261458
1.75082 1.05428
2.25908 5.85127
2.03925 -2.48212
2.53075 1.44506
2.16505 -0.356952
2.49839 0.210207
1.99319 0.899784
2.60536 3.37966
3.187 1.39262
2.95146 3.00463
3.09488 1.50034
2.92401 3.61619
3.04759 0.650957
2.51323 4.42717
3.01061 -0.963938
1.97654 -0.376674
2.65929 2.6483
2.60612 5.05229
2.703 -1.90532
1.62748 2.24046
3.30994 0.164191
2.89267 2.68773
3.09656 2.45845
3.03258 2.02056
3.00869 3.10993
3.05448 1.3061
2.70939 4.57439
2.92062 -0.947551
1.61525 1.09571
2.96075 4.56152
2.46271 -2.08923
2.08124 1.87499
2.25561 4.86403
2.8154 -2.07007
1.40176 1.93674
3.17165 -2.30815
2.81275 2.73277
3.05546 3.09147
3.02805 1.17834
2.49957 4.95543
2.8124 -1.70604
1.46262 1.94401
3.25244 -1.49444
2.78732 3.30592
3.14781 1.13483
2.89297 3.67463
3.05593 0.58715
2.51097 4.44933
3.00462 -0.992551
1.93284 -0.231898
2.51461 3.69364
3.18238 0.235764
2.7204 4.32132
3.00168 -0.44745
2.07326 -0.602165
2.65564 0.924936
1.92014 0.446311
2.36515 4.36341
3.01533 -1.34149
1.96086 -0.366149
2.62066 3.01605
3.03767 3.42829
3.00037 0.527925
2.80291 0.743789
1.92667 0.13656
2.45828 3.9953
3.12158 -0.600491
2.69639 3.47085
3.16486 0.843501
2.84278 3.90215
3.04349 0.251031
2.81615 1.90967
2.41638 4.68824
2.92541 -1.48633
1.55505 1.19099
3.20444 3.10219
2.75653 -1.19469
1.61155 1.96926
3.31192 1.12762
2.95025 1.51504
2.41114 5.01035
2.78603 -1.89991
1.46547 2.06068
3.22016 -1.80099
2.7677 3.34635
3.15189 1.06847
2.88154 3.73104
3.05325 0.506006
2.58071 4.08787
3.0876 -0.426756
2.82762 1.67577
2.72794 2.97134
3.10154 2.75148
3.02202 1.54974
2.74287 4.5112
2.92704 -0.853609
1.6472 0.979506
2.74234 5.26909
2.26062 -2.31065
2.32735 1.36079
2.36558 -0.452257
2.19383 0.649235
2.45923 -0.182516
2.05973 0.934872
2.74461 1.65046
2.66349 -0.246809
1.7951 1.53301
2.43693 5.68187
2.18173 -2.47036
2.39486 1.3431
2.24736 -0.369473
2.35476 0.227779
2.16821 0.345864
2.49207 -0.0498788
2.0118 1.0044
2.64256 3.14575
3.13642 2.45599
3.01157 1.84137
2.90323 3.87763
3.01455 0.199083
2.66704 -0.388371
1.78951 1.6115
2.54333 5.54906
2.24892 -2.42551
2.32695 1.43469
2.40421 -0.474725
2.14709 0.816818
2.5959 0.0428309
1.88066 1.26273
1.98885 5.53716
2.22021 -2.80995
2.29447 1.75425
2.68676 0.172867
1.78342 1.26986
2.26206 5.81786
2.07627 -2.51369
2.49335 1.37262
2.15166 -0.264898
2.52208 0.210571
1.9655 0.975109
2.42992 4.21155
3.06482 -0.987374
2.51088 -0.892831
2.03424 1.41242
2.50846 3.95911
3.12628 -0.417965
2.60835 4.03875
3.09365 -0.300267
2.77573 2.70367
2.97926 3.68631
2.99954 0.291602
2.6053 -0.6039
1.88509 1.59995
2.11522 5.72286
2.13577 -2.66131
2.4109 1.46256
2.28361 -0.465509
2.30507 0.356798
2.23627 0.103363
2.35388 0.0238984
2.17843 0.427722
2.47401 -0.0970494
2.03647 0.957618
2.72118 2.32728
2.34432 5.21764
2.65023 -2.27027
1.673 2.3664
3.30627 0.389921
2.90338 2.61704
3.08426 2.6075
3.03661 1.85079
2.95844 3.50686
3.04277 0.773195
2.4705 4.64974
2.94349 -1.31074
1.62405 0.959079
2.84064 5.00738
2.32983 -2.24748
2.25093 1.51644
2.61313 -0.111945
1.86117 1.3838
2.05043 5.70539
2.11527 -2.69545
2.42436 1.48015
2.27635 -0.470753
2.31599 0.337782
2.22001 0.150054
2.38286 -0.0165348
2.14339 0.56045
2.56536 0.0263962
1.91854 1.19938
2.06524 5.21592
2.52156 -2.71612
1.8429 2.45668
3.16535 3.04543
2.92237 -0.132109
1.82098 0.365892
1.90457 5.42366
2.23469 -2.89348
2.25932 1.88234
2.77454 1.4926
2.55104 -0.622375
1.96563 1.44808
2.12729 5.1136
2.6264 -2.55285
1.65216 2.45013
3.29002 -0.371693
2.83171 3.27332
3.13316 1.14789
2.87485 3.81759
3.04239 0.370991
2.76885 2.70671
2.96883 3.75386
2.99334 0.181717
2.42968 -0.907469
2.14214 1.08704
2.67222 0.327139
1.80876 1.14352
2.07232 5.79146
2.04521 -2.61795
2.50149 1.47669
2.20057 -0.41174
2.43537 0.193897
2.06829 0.679899
2.72385 1.04201
1.98131 0.0265631
2.6743 2.61588
2.59474 5.06596
2.70057 -1.9219
1.62993 2.24679
3.30984 0.179677
2.89351 2.68108
3.0954 2.47406
3.03303 2.00269
3.00424 3.15054
3.05377 1.25398
2.67083 4.67273
2.89774 -1.12754
1.54555 1.36747
3.27653 2.26019
2.88096 -0.313104
1.68084 1.01656
2.59567 5.55476
2.17461 -2.37215
2.41604 1.25323
2.18523 -0.232855
2.45707 0.127288
2.04517 0.794366
2.73965 1.73251
2.75126 0.326325
1.76561 1.03782
2.17874 5.85786
2.02127 -2.51821
2.53843 1.51216
2.20452 -0.462577
2.43049 0.215396
2.07333 0.650662
2.71514 0.915673
1.92106 0.309943
2.40053 4.23085
3.05736 -1.09785
2.39173 -1.00641
2.19463 0.969836
2.51634 -0.209422
1.99034 1.1596
2.46131 4.11817
3.08993 -0.781441
2.81066 0.65863
1.89906 0.241832
2.28245 4.57615
2.92977 -1.77141
1.55141 1.13268
3.19279 3.2181
2.72906 -1.31979
1.64966 2.04129
3.29374 1.57277
2.95652 1.12845
2.67276 3.475
3.1714 0.862644
2.85773 3.80625
3.05306 0.39753
2.66963 3.56394
3.16283 0.617147
2.77336 4.20141
3.0113 -0.235936
2.26861 -0.915348
2.35043 0.50048
2.17048 0.193245
2.48226 -0.0094709
2.0216 0.950734
2.68946 2.72558
2.80921 4.51618
2.86692 -1.08483
1.52618 1.55919
3.32711 1.08691
2.94486 1.07387
2.79582 2.20702
2.42268 5.19125
2.67132 -2.15183
1.65096 2.32625
3.30673 0.186882
2.88984 2.74969
3.10743 2.2749
3.027 2.23553
3.04879 2.65027
3.05595 1.87666
2.98989 3.21827
3.05626 1.17753
2.63096 4.75586
2.87709 -1.28294
1.50266 1.55338
3.33551 0.6098
2.93913 1.52606
2.40016 4.95748
2.81249 -1.84472
1.44086 1.95402
3.22205 -1.83988
2.77865 3.25549
3.15309 1.2829
2.92997 3.4008
3.07179 0.967506
2.57581 4.82953
2.86103 -1.43012
1.47648 1.67732
3.32179 -0.369483
2.88921 2.49928
3.02857 3.21648
3.03331 1.07035
2.46823 4.94423
2.82153 -1.72056
1.45149 1.90694
3.24988 -1.54972
2.78904 3.2748
3.14902 1.20766
2.91148 3.55121
3.06343 0.762139
2.46658 4.85195
2.86585 -1.58213
1.45771 1.66822
3.31156 -0.683729
2.86902 2.69788
3.08882 2.63754
3.03313 1.79235
2.92743 3.71166
3.03075 0.471101
2.77676 2.59703
2.87329 4.22245
2.93769 -0.55207
1.7416 0.630876
2.05844 5.88415
1.94536 -2.51611
2.57924 1.905
2.64611 -0.235888
1.81863 1.50593
2.29703 5.772
2.126 -2.52836
2.44338 1.34893
2.18893 -0.297369
2.45218 0.150601
2.04998 0.764875
2.73991 1.56255
2.51347 -0.676065
2.02045 1.33557
2.49864 3.99054
3.1198 -0.49424
2.67218 3.63412
3.15233 0.452646
2.6876 4.48433
2.96468 -0.745822
1.78756 0.384922
1.87742 5.62986
2.04145 -2.76946
2.47446 1.56193
2.27654 -0.527945
2.31907 0.360377
2.21523 0.150389
2.3919 -0.0208983
2.13231 0.599019
2.59549 0.109804
1.88058 1.22229
1.98512 5.50761
2.24175 -2.82251
2.26721 1.82089
2.7585 0.90147
1.94513 0.126489
2.55021 3.57019
3.1924 0.675292
2.84425 3.80844
3.05922 0.392692
2.62476 3.84898
3.12861 -0.00299276
2.51754 4.63339
2.94926 -1.18671
1.65709 0.852227
2.60849 5.55664
2.15302 -2.35406
2.44159 1.22556
2.14592 -0.146118
2.532 0.185251
1.95448 1.01912
2.34074 4.5076
2.96796 -1.54013
1.69885 0.61504
2.24393 5.91932
1.96365 -2.41002
2.58759 1.84046
2.56632 -0.495606
1.93825 1.44466
2.04456 5.33634
2.42339 -2.78087
2.01669 2.29478
2.39353 5.58845
2.30931 -2.52246
2.24123 1.70174
2.73551 0.630513
1.83529 0.702099
1.92963 5.47083
2.22203 -2.86373
2.28071 1.81816
2.74458 0.675659
1.85016 0.600878
1.96866 5.31836
2.37272 -2.86435
2.07833 2.23199
2.15778 5.56714
2.30572 -2.69308
2.21554 1.8618
2.75191 2.23115
2.34007 5.16455
2.68553 -2.21182
1.60432 2.32951
3.28576 -0.632808
2.81591 3.33336
3.13475 1.04459
2.84487 3.96607
3.03002 0.141321
2.75738 0.150206
1.73327 1.20005
2.45887 5.70812
2.13527 -2.43234
2.44903 1.27899
2.15554 -0.198699
2.5135 0.171387
1.9766 0.969986
2.49475 3.95728
3.12821 -0.445519
2.60753 4.04798
3.09184 -0.313273
2.79048 2.51284
2.81205 4.45144
2.89793 -0.910984
1.58072 1.28269
3.17308 3.33437
2.7364 -1.30955
1.63674 2.03216
3.30288 1.34907
2.95466 1.35566
2.43363 4.7247
2.9147 -1.48381
1.52969 1.29654
3.2851 2.17176
2.88003 -0.303395
1.68193 1.01525
2.58902 5.56557
2.17061 -2.37418
2.42007 1.25121
2.17952 -0.22207
2.46756 0.129063
2.03258 0.832667
2.72826 2.13823
2.40554 4.68264
2.92572 -1.50856
1.55397 1.18914
3.20644 3.08518
2.7587 -1.18301
1.60899 1.96199
3.31268 1.10842
2.94981 1.52646
2.41367 5.02016
2.7808 -1.91021
1.47177 2.0795
3.22223 -1.76844
2.76558 3.37304
3.15061 1.00719
2.86329 3.83577
3.04521 0.34943
2.76443 2.76038
3.00713 3.51782
3.00937 0.534426
2.82102 1.46982
2.73596 0.140644
1.74228 1.25291
2.45495 5.70467
2.14234 -2.43898
2.44077 1.28495
2.16679 -0.221538
2.49197 0.150716
2.00273 0.909223
2.6402 3.14448
3.13499 2.47953
3.01197 1.81132
2.88689 3.96048
3.00684 0.067812
2.46332 -0.88827
2.09806 1.21988
2.75332 1.49549
2.46492 -0.745152
2.08837 1.17003
2.75186 1.57085
2.57302 -0.560438
1.93145 1.49225
2.02645 5.43438
2.33478 -2.80684
2.1509 2.0662
2.29726 4.78435
2.86258 -1.89265
1.41939 1.68927
3.2714 -1.40022
2.82068 3.0389
3.14054 1.77092
2.99215 2.78509
3.08311 1.7796
2.98666 3.16444
3.06297 1.25937
2.71566 4.54768
2.92826 -0.894825
1.64253 0.988383
2.77112 5.19665
2.28279 -2.2946
2.30317 1.40818
2.43702 -0.446308
2.10459 0.943455
2.7097 0.698605
1.85243 0.679829
1.96679 5.34245
2.35378 -2.86559
2.1076 2.18022
2.12115 5.39478
2.43274 -2.70373
2.02119 2.25604
2.32454 5.62818
2.2809 -2.56893
2.26878 1.66122
2.66817 0.0966738
1.7973 1.32393
2.24026 5.81261
2.08083 -2.53204
2.48602 1.37621
2.15933 -0.277519
2.5075 0.191901
1.98305 0.939604
2.54262 3.73369
3.16953 0.137195
2.6559 4.51059
2.96681 -0.803941
1.78336 0.392309
1.88095 5.65493
2.02345 -2.74721
2.49314 1.57645
2.27316 -0.541667
2.32482 0.356457
2.20686 0.172944
2.40791 -0.0339425
2.11323 0.669569
2.64736 0.320424
1.8302 1.14304
2.01199 5.71622
2.07872 -2.69503
2.458 1.48136
2.23964 -0.444579
2.37104 0.242915
2.14628 0.403062
2.54441 0.0234856
1.94439 1.14241
2.21032 4.8687
2.79338 -2.19032
1.40193 2.029
3.1381 -2.51741
2.84317 2.14308
2.52848 5.08083
2.72583 -1.92135
1.57481 2.21706
3.2895 -0.661884
2.82312 3.25113
3.13814 1.20305
2.89809 3.67075
3.05379 0.590176
2.51934 4.40367
3.01677 -0.923768
2.02845 -0.529447
2.69527 1.5695
2.38393 -0.75659
2.19077 0.836268
2.49539 -0.201947
2.01627 1.08115
2.63016 3.24911
3.16739 1.94898
2.99195 2.41016
3.0693 2.4916
3.0474 2.04959
3.02347 2.904
3.05989 1.57304
2.88438 3.90738
3.02004 0.188753
2.70956 -0.177449
1.7389 1.51103
2.69914 5.28927
2.3292 -2.3295
2.24265 1.58633
2.67161 0.145853
1.7962 1.28962
2.21855 5.81924
2.07091 -2.53822
2.49393 1.39346
2.16108 -0.295089
2.50449 0.194352
1.9865 0.928499
2.56423 3.62134
3.18325 0.485767
2.78536 4.10239
3.02937 -0.0678309
2.59377 -0.66153
1.90431 1.59457
2.06424 5.65833
2.16848 -2.72081
2.36721 1.55745
2.40785 -0.522956
2.14588 0.849361
2.60534 0.0674469
1.869 1.26709
1.99412 5.60328
2.16756 -2.7768
2.35731 1.61293
2.46484 -0.496829
2.07323 1.0762
2.7485 1.66895
2.70272 -0.04374
1.75356 1.42533
2.54667 5.57118
2.21815 -2.41689
2.36263 1.357
2.3022 -0.426226
2.27615 0.401142
2.28269 -0.00695309
2.28087 0.181784
2.2769 0.101416
2.28562 0.121935
2.27122 0.140352
2.29351 0.0900112
2.26027 0.17853
2.3107 0.0454378
2.23675 0.255246
2.35118 -0.0350052
2.18524 0.439875
2.45983 -0.113156
2.05471 0.909551
2.74311 1.72111
2.74849 0.297951
1.76091 1.07583
2.22564 5.85293
2.03536 -2.50056
2.53069 1.46163
2.1749 -0.383188
2.48073 0.20193
2.01417 0.843768
2.69173 2.67162
2.73474 4.74502
2.80929 -1.43526
1.5052 1.91098
3.30145 -0.687485
2.84798 2.96982
3.13252 1.84671
2.99984 2.72084
3.08072 1.86406
3.00198 3.01668
3.06547 1.44664
2.83595 4.1258
2.99796 -0.161259
2.19598 -0.823619
2.4574 0.374562
2.03719 0.666156
2.73599 1.72655
2.73468 0.184474
1.74873 1.2162
2.39148 5.76471
2.10905 -2.4563
2.47172 1.30354
2.14155 -0.193151
2.54103 0.221685
1.94324 1.02383
2.27204 4.69892
2.8849 -1.89361
1.44178 1.53482
3.32248 -0.530022
2.88913 2.43452
2.99226 3.49082
3.02393 0.684077
2.64721 3.68472
3.15199 0.330802
2.64714 4.57374
2.9478 -0.920918
1.6931 0.759628
2.35832 5.85124
2.02177 -2.40104
2.55762 1.50112
2.19203 -0.454937
2.45207 0.214291
2.04759 0.733346
2.73896 1.57048
2.52192 -0.661587
2.00818 1.36134
2.41067 4.32845
3.03168 -1.16773
2.10556 -0.74204
2.60656 0.666282
1.89588 0.792985
2.11507 5.03541
2.66119 -2.53041
1.57556 2.41311
3.23704 -1.39055
2.74004 3.66871
3.12412 0.446382
2.57534 4.7424
2.90136 -1.26827
1.53071 1.37724
3.29993 1.8935
2.90911 0.0515119
1.84994 0.277126
2.00697 5.17531
2.50097 -2.7945
1.86154 2.47043
3.13545 3.28463
2.90054 -0.398349
1.69145 0.919544
2.47159 5.73365
2.09428 -2.39633
2.49556 1.28507
2.11337 -0.133284
2.59643 0.36667
1.88302 1.0497
1.99771 5.35934
2.36852 -2.83503
2.09313 2.19231
2.12263 5.47486
2.36849 -2.71946
2.12223 2.08158
2.18782 5.09217
2.67355 -2.41602
1.57976 2.38034
3.25165 -1.21261
2.7563 3.62318
3.12477 0.533285
2.60896 4.69785
2.91138 -1.16675
1.56179 1.26617
3.21461 2.98798
2.78505 -1.0498
1.58204 1.86452
3.3189 0.991293
2.94714 1.53426
2.41079 5.01711
2.78231 -1.91008
1.4694 2.07435
3.22083 -1.78626
2.76621 3.36199
3.15126 1.03265
2.87126 3.79098
3.04881 0.417075
2.68787 3.43402
3.17034 0.964078
2.8796 3.6855
3.06124 0.574467
2.49604 4.53653
2.97979 -1.12253
1.78361 0.336304
1.87144 5.63659
2.02998 -2.76245
2.48497 1.57326
2.2765 -0.538499
2.31973 0.364389
2.21421 0.150851
2.39382 -0.021824
2.12997 0.607236
2.60189 0.130776
1.873 1.22183
1.98361 5.55123
2.20394 -2.80649
2.31308 1.71379
2.62447 -0.138465
1.84674 1.41919
2.1128 5.7627
2.09499 -2.63271
2.45503 1.42974
2.2143 -0.383911
2.41032 0.187188
2.09895 0.584938
2.66544 0.462635
1.828 1.01856
1.9725 5.6688
2.0919 -2.73809
2.43772 1.5108
2.27889 -0.491202
2.31347 0.352835
2.2236 0.134149
2.37635 -0.00650222
2.15106 0.530008
2.54435 -0.0172558
1.94597 1.16275
2.20676 4.88002
2.78684 -2.2079
1.40654 2.05603
3.13523 -2.52523
2.84485 2.09004
2.47257 5.13455
2.70456 -2.03038
1.60045 2.26947
3.29549 -0.445007
2.83883 3.16462
3.13674 1.36541
2.93511 3.42112
3.06661 0.937894
2.53657 4.87974
2.84575 -1.54356
1.46239 1.77474
3.29464 -0.957236
2.84014 2.97076
3.13342 1.88562
3.00217 2.66256
3.08023 1.95116
3.01551 2.85439
3.0673 1.65097
2.93238 3.62098
3.04211 0.628421
2.56092 4.18064
3.0691 -0.582373
2.70833 -0.243858
1.73727 1.55187
2.74411 5.17955
2.36957 -2.2887
2.1948 1.69112
2.76772 1.44946
2.45597 -0.760683
2.10073 1.13908
2.74552 1.18481
2.09731 -0.398293
2.62316 0.597202
1.87497 0.875991
2.00579 5.29151
2.42388 -2.82066
2.00427 2.329
2.48877 5.4996
2.35723 -2.45067
2.18957 1.79173
2.74711 2.27499
2.35626 5.20691
2.65925 -2.24221
1.65851 2.3559
3.30546 0.179767
2.88769 2.78267
3.11204 2.18572
3.02333 2.3405
3.0607 2.45309
3.0521 2.12483
3.03613 2.71108
3.06136 1.81625
2.9784 3.30191
3.05486 1.06969
2.55568 4.87632
2.84289 -1.52685
1.46567 1.78677
3.29495 -0.941122
2.84013 2.97599
3.13384 1.8691
3.00099 2.68327
3.08065 1.92061
3.0112 2.90843
3.06692 1.58299
2.90473 3.78701
3.03118 0.380543
2.81505 1.9075
2.42277 4.66037
2.93569 -1.44096
1.58766 1.07326
3.05519 4.12981
2.55348 -1.90143
1.94488 2.05593
2.34231 5.66225
2.24166 -2.55095
2.31737 1.5365
2.485 -0.440118
2.04406 1.1352
2.70105 2.65225
2.73145 4.74964
2.80968 -1.43734
1.50448 1.91008
3.30109 -0.696974
2.84731 2.9745
3.13292 1.83602
2.99896 2.73381
3.08091 1.84579
2.99874 3.05109
3.06492 1.40319
2.8104 4.23091
2.98396 -0.338391
2.0032 -0.390101
2.69534 2.04959
2.68806 3.24228
3.16805 1.68444
2.97874 2.75278
3.0902 1.85696
3.00352 2.95674
3.06854 1.52612
2.88341 3.89877
3.02238 0.208424
2.74374 0.0479421
1.72608 1.31787
2.59402 5.51521
2.22645 -2.39102
2.35673 1.35094
2.30918 -0.42809
2.26657 0.42566
2.29943 -0.0434304
2.25749 0.250142
2.31437 0.00945576
2.23322 0.282439
2.35777 -0.0513952
2.17756 0.472363
2.47894 -0.106777
2.031 0.980365
2.70645 2.54147
2.57292 5.08789
2.69795 -1.94855
1.63096 2.25586
3.30925 0.156276
2.89123 2.70882
3.10047 2.39873
3.03094 2.09003
3.02433 2.95398
3.05635 1.50258
2.83839 4.12763
2.99598 -0.170928
2.17336 -0.788205
2.49396 0.382636
1.99511 0.784995
2.64618 3.07392
3.1016 2.86143
3.01673 1.33946
2.55326 4.92126
2.81911 -1.61383
1.46952 1.90559
3.27063 -1.26655
2.80481 3.22834
3.14591 1.28956
2.92634 3.45549
3.0674 0.893045
2.51855 4.89007
2.84388 -1.57607
1.45851 1.78811
3.28814 -1.06675
2.83101 3.03562
3.13884 1.731
2.9891 2.85009
3.08243 1.68797
2.96408 3.36175
3.05686 0.99952
2.52562 4.90197
2.83651 -1.59132
1.45962 1.82575
3.28041 -1.16992
2.81994 3.11643
3.1434 1.54148
2.96785 3.09493
3.07962 1.36642
2.83696 4.10116
3.00372 -0.110417
2.28304 -0.917382
2.33042 0.538817
2.19974 0.099283
2.4222 -0.00738388
2.09418 0.716812
2.69123 0.613115
1.83719 0.830723
1.93623 5.52341
2.1857 -2.83769
2.32598 1.71027
2.59846 -0.236272
1.88359 1.41567
2.0223 5.63006
2.16538 -2.75233
2.36434 1.58441
2.43169 -0.51854
2.11606 0.947527
2.69055 0.514146
1.81988 0.947845
1.96388 5.67558
2.0788 -2.7335
2.45034 1.50943
2.26432 -0.481855
2.33458 0.310118
2.19362 0.230834
2.4347 -0.0535908
2.08168 0.785865
2.71946 0.902331
1.91775 0.317541
2.37977 4.30087
3.0354 -1.23607
2.13136 -0.799689
2.56455 0.527613
1.92211 0.864598
2.22948 4.78607
2.83558 -2.07815
1.39151 1.83032
3.19288 -2.18186
2.8044 2.90184
3.11723 2.39597
3.02187 2.03325
3.00287 3.19113
3.05105 1.19496
2.61761 4.7869
2.86739 -1.34378
1.48963 1.62531
3.3323 0.0734961
2.91749 2.09175
2.78989 4.44631
2.92048 -0.812042
1.63985 1.02634
2.80861 5.09032
2.31816 -2.26871
2.26322 1.49581
2.57378 -0.237687
1.91689 1.3531
2.02066 5.38841
2.3658 -2.8127
2.10332 2.16307
2.11941 5.38569
2.43875 -2.70298
2.01071 2.2717
2.38178 5.60032
2.30009 -2.53072
2.25144 1.68105
2.71021 0.383248
1.78976 1.06281
2.09429 5.82391
2.02444 -2.58102
2.5248 1.51436
2.21136 -0.4628
2.41876 0.217845
2.08743 0.603784
2.68879 0.638752
1.84311 0.802259
1.9409 5.47164
2.23186 -2.8581
2.27078 1.8356
2.76106 0.941693
1.96786 0.0280287
2.63988 2.95524
3.00099 3.65796
2.98685 0.204942
2.38727 -0.923099
2.19607 0.916331
2.49983 -0.220131
2.01177 1.10498
2.60077 3.44266
3.18941 1.12155
2.92 3.31777
3.08624 1.07669
2.70478 4.5493
2.93339 -0.886115
1.65734 0.924749
2.65478 5.46395
2.19324 -2.34569
2.39916 1.25353
2.20737 -0.26858
2.41771 0.136814
2.09213 0.63715
2.68449 0.587131
1.83505 0.871112
1.93891 5.55699
2.16027 -2.81902
2.35608 1.64532
2.49217 -0.471805
2.03686 1.17513
2.66635 2.99415
3.06416 3.18375
3.01401 0.923052
2.49643 4.47408
2.99772 -1.05642
1.8822 -0.0525199
2.22279 4.68896
2.8685 -2.02869
1.41106 1.63342
3.27607 -1.36991
2.82842 2.96959
3.13389 1.95749
3.00592 2.5626
3.07765 2.10964
3.03259 2.59132
3.06596 1.99166
3.01904 2.87914
3.06392 1.61298
2.9112 3.75548
3.03294 0.426472
2.7903 2.41273
2.67649 4.84503
2.79787 -1.54284
1.50473 1.97198
3.28834 -0.914546
2.82412 3.1552
3.14195 1.42452
2.94954 3.28207
3.07349 1.12322
2.67649 4.63705
2.91094 -1.05353
1.57812 1.23217
3.15929 3.45167
2.70874 -1.42547
1.67964 2.08653
3.27173 1.96705
2.95396 0.746053
2.68383 -0.265758
1.76771 1.5595
2.60114 5.46899
2.27352 -2.3932
2.30263 1.47064
2.47346 -0.431989
2.05818 1.08659
2.73689 2.09869
2.43703 4.56089
2.96889 -1.30388
1.71698 0.582554
2.13985 5.92498
1.93902 -2.45003
2.5884 1.99883
2.76203 0.558183
1.82129 0.705671
1.91817 5.5581
2.14034 -2.82293
2.375 1.62128
2.44178 -0.525871
2.10401 0.992209
2.71924 0.789053
1.87866 0.513515
2.10575 5.01519
2.66548 -2.53876
1.56281 2.40762
3.22459 -1.5472
2.734 3.64863
3.12934 0.470464
2.60472 4.69511
2.91374 -1.16362
1.56676 1.24394
3.19447 3.17223
2.75497 -1.21164
1.6126 1.97738
3.31207 1.11131
2.94987 1.54056
2.4189 5.0326
2.77405 -1.92094
1.48093 2.10251
3.2265 -1.70892
2.76333 3.41025
3.14816 0.924567
2.83443 3.98465
3.03153 0.117161
2.75367 0.116966
1.72973 1.23924
2.50929 5.64628
2.16632 -2.41916
2.41851 1.28323
2.19258 -0.262209
2.44431 0.134338
2.06011 0.742447
2.7357 1.29228
2.16812 -0.561976
2.49792 0.291507
1.99175 0.852728
2.61491 3.31022
3.17876 1.69983
2.97656 2.67174
3.09062 2.00858
3.02173 2.69097
3.07 1.86845
2.9979 3.09987
3.06168 1.33675
2.75926 4.41751
2.95337 -0.663531
1.76478 0.501095
1.93559 5.77777
1.96286 -2.6317
2.55458 1.75523
2.43165 -0.663356
2.12555 1.00061
2.68392 0.441116
1.81289 1.03149
2.00651 5.74156
2.05104 -2.67352
2.48602 1.49432
2.22252 -0.442865
2.39902 0.218376
2.11166 0.525604
2.63266 0.291964
1.84291 1.15422
1.9922 5.66542
2.1106 -2.7377
2.42061 1.51464
2.30176 -0.504687
2.28171 0.428901
2.27378 -0.00393675
2.29461 0.153963
2.25631 0.156384
2.31786 0.0446166
2.22655 0.281444
2.37028 -0.0600103
2.16192 0.526101
2.51893 -0.0677004
1.97969 1.10612
2.43553 4.20796
3.06606 -0.966607
2.53214 -0.855843
2.00265 1.47688
2.27982 4.73779
2.87384 -1.90177
1.42736 1.61395
3.29707 -1.04109
2.85012 2.82694
3.11377 2.31401
3.02391 2.16047
3.03567 2.84624
3.05578 1.63273
2.90256 3.81757
3.02687 0.325952
2.81954 1.1304
2.26202 -0.766799
2.35317 0.420342
2.16646 0.246711
2.49209 -0.0165525
2.01004 0.989615
2.64119 3.15298
3.13895 2.42298
3.01066 1.87945
2.92187 3.7771
3.02259 0.35469
2.81624 1.01696
2.13505 -0.555564
2.55706 0.402131
1.92551 0.946231
2.21099 4.84099
2.80524 -2.16807
1.39372 1.97649
3.14465 -2.49477
2.83905 2.25668
2.65874 4.85936
2.80247 -1.54578
1.4982 1.95721
3.28597 -0.971919
2.82101 3.16786
3.14264 1.40101
2.94573 3.31254
3.07255 1.08335
2.64776 4.703
2.89481 -1.17786
1.53428 1.40484
3.30047 1.86777
2.91324 0.108111
1.88519 0.130486
2.2174 4.72403
2.85345 -2.06799
1.39597 1.72591
3.23228 -1.8562
2.80214 3.06503
3.14443 1.78033
2.9919 2.75198
3.08405 1.83088
2.99728 3.05423
3.06555 1.40045
2.81098 4.22784
2.98453 -0.332735
2.00896 -0.407585
2.69815 1.92924
2.80138 1.62118
2.80199 1.05163
2.121 -0.510794
2.58177 0.461083
1.90175 0.950981
2.08817 5.1179
2.59781 -2.63098
1.69596 2.47828
3.3009 0.234338
2.88568 2.84765
3.1191 2.00397
3.01378 2.56301
3.07462 2.08389
3.03085 2.65101
3.06597 1.90899
3.00418 3.04983
3.06179 1.39859
2.79701 4.28591
2.97524 -0.434567
1.91942 -0.108913
2.4423 4.02425
3.11466 -0.691722
2.76743 2.84612
3.06935 3.02444
3.02492 1.23034
2.5169 4.94914
2.81279 -1.682
1.46585 1.93981
3.25737 -1.43219
2.79096 3.29587
3.14717 1.15265
2.8966 3.65411
3.05705 0.616519
2.4921 4.55121
2.97535 -1.14827
1.76077 0.427501
1.92304 5.77679
1.95338 -2.62989
2.55926 1.80322
2.49362 -0.612051
2.04339 1.23441
2.6633 3.03211
3.08769 2.97823
3.01735 1.20092
2.46994 4.97283
2.80624 -1.76445
1.46056 1.97434
3.24106 -1.61693
2.77904 3.33077
3.14905 1.08873
2.88286 3.7314
3.0525 0.504815
2.5869 4.05414
3.09405 -0.371046
2.79613 2.43761
2.73284 4.69781
2.841 -1.30451
1.497 1.75355
3.3217 -0.258786
2.89136 2.50827
3.03571 3.15257
3.03482 1.15817
2.51698 4.93716
2.8194 -1.66045
1.46239 1.91018
3.26164 -1.3932
2.79646 3.26215
3.14717 1.2239
2.91333 3.54456
3.0633 0.771065
2.4676 4.85816
2.86307 -1.58956
1.45588 1.68528
3.30713 -0.77349
2.86141 2.77137
3.10491 2.42686
3.02829 2.03652
3.00954 3.11351
3.05368 1.29924
2.70123 4.5971
2.91542 -0.989086
1.59723 1.1652
3.06746 4.04553
2.58718 -1.82849
1.888 2.10568
2.65041 5.29667
2.40727 -2.32465
2.13696 1.85643
2.53038 3.92953
3.13029 -0.318374
2.56377 4.30311
3.03981 -0.702857
2.31066 -0.975474
2.29594 0.64875
2.25853 -0.0737991
2.32205 0.139692
2.21646 0.258671
2.38947 -0.061103
2.13774 0.604766
2.58375 0.0678027
1.89513 1.22174
2.00001 5.41505
2.32837 -2.83098
2.15406 2.07206
2.30101 4.77479
2.86744 -1.87429
1.42445 1.65946
3.28412 -1.22938
2.83369 2.95671
3.13238 1.96923
3.00706 2.5534
3.077 2.12207
3.03369 2.57391
3.06554 2.01487
3.02249 2.83616
3.06411 1.66661
2.93287 3.62411
3.04137 0.621892
2.57128 4.12648
3.08027 -0.495351
2.815 0.788638
1.97116 -0.0578972
2.65033 2.83965
2.88163 4.26113
2.9119 -0.717894
1.64065 1.05527
2.82356 5.04309
2.33548 -2.25563
2.24298 1.54274
2.64557 0.0203754
1.82052 1.35696
2.16572 5.80044
2.07795 -2.58069
2.48006 1.40758
2.17945 -0.328253
2.47069 0.172447
2.02709 0.822895
2.72124 2.26715
2.32342 5.1175
2.71149 -2.18154
1.5523 2.28668
3.25167 -1.27939
2.76167 3.56474
3.13083 0.630065
2.67214 4.56397
2.94244 -0.899011
1.68054 0.819403
2.46285 5.75656
2.07365 -2.38504
2.51691 1.31962
2.11093 -0.163265
2.60081 0.395673
1.87971 1.03398
1.99233 5.37121
2.35513 -2.84024
2.11239 2.15911
2.12679 5.33316
2.48302 -2.67399
1.93534 2.35936
2.79492 4.90913
2.56912 -2.04649
1.89591 2.17621
2.70818 5.16388
2.46267 -2.24442
2.06181 1.9872
2.11254 5.29922
2.49847 -2.67916
1.90283 2.39522
2.95225 4.34875
2.71713 -1.56963
1.64679 2.13223
3.3078 1.06063
2.94747 1.75875
2.57829 4.94416
2.79613 -1.66042
1.48987 1.99845
3.26763 -1.24718
2.79595 3.31134
3.14433 1.10939
2.88162 3.75156
3.04993 0.473819
2.63157 3.80049
3.13608 0.0894822
2.53451 4.70597
2.9224 -1.25691
1.57257 1.1861
3.15587 3.4883
2.69458 -1.47682
1.70349 2.1045
3.24364 2.36615
2.94053 0.318577
2.12191 -0.635446
2.58042 0.508766
1.90549 0.909251
2.12113 5.03939
2.66303 -2.51979
1.57441 2.40916
3.23708 -1.39278
2.74035 3.66605
3.12441 0.450749
2.57794 4.73913
2.90216 -1.26047
1.53298 1.36902
3.29541 1.97514
2.90302 -0.0372808
1.80178 0.48382
1.88925 5.58315
2.09208 -2.80846
2.42316 1.57012
2.33543 -0.5451
2.2389 0.564225
2.35628 -0.15803
2.18603 0.506177
2.4627 -0.132987
2.05242 0.928772
2.74181 1.82406
2.80459 1.5
2.70181 -0.0804584
1.75251 1.4502
2.57486 5.52649
2.23848 -2.40489
2.34146 1.39033
2.35411 -0.462668
2.20918 0.606896
2.42085 -0.187723
2.10702 0.781778
2.67729 0.473279
1.82134 1.00301
1.97829 5.69323
2.07445 -2.71789
2.45727 1.49987
2.2514 -0.466747
2.35358 0.274349
2.16835 0.320049
2.49059 -0.0431014
2.01324 0.996055
2.65066 3.08256
3.10935 2.77398
3.01683 1.45628
2.64519 4.76602
2.86519 -1.3137
1.49312 1.63172
3.33253 0.119171
2.91946 2.06151
2.76704 4.52026
2.90563 -0.935632
1.58832 1.23021
3.12827 3.6676
2.67095 -1.57395
1.74288 2.12937
3.17994 3.02949
2.8919 -0.396724
1.67689 0.99812
2.60334 5.54484
2.17576 -2.36822
2.41532 1.25122
2.18546 -0.232085
2.4566 0.12677
2.04575 0.792836
2.73983 1.71499
2.73234 0.163599
1.74736 1.23869
2.41681 5.74159
2.12316 -2.45034
2.4586 1.29296
2.15054 -0.199984
2.52337 0.188607
1.96452 0.991371
2.41548 4.2647
3.04951 -1.08907
2.30026 -0.995394
2.31054 0.624308
2.23333 -0.0157365
2.36234 0.0650996
2.1652 0.445023
2.50467 -0.0650603
1.99715 1.05603
2.55735 3.67665
3.17643 0.310177
2.72255 4.33221
2.99787 -0.465498
2.03894 -0.512023
2.69154 1.38476
2.17384 -0.538032
2.4871 0.270078
2.00474 0.82902
2.66799 2.90173
2.98489 3.73542
2.98337 0.114676
2.27324 -0.891666
2.34289 0.501453
2.18106 0.164877
2.45977 -0.0186188
2.04929 0.870009
2.74113 1.77506
2.78996 0.838016
1.95375 0.0441847
2.59133 3.31492
3.17959 1.77336
2.98024 2.57168
3.08547 2.19505
3.03531 2.42299
3.06277 2.24779
3.04566 2.43136
3.05893 2.19952
3.04335 2.53134
3.06086 2.05494
3.02756 2.79021
3.06327 1.72181
2.95134 3.50258
3.04748 0.795646
2.45713 4.76092
2.90311 -1.4753
1.50815 1.39729
3.3255 1.31961
2.93533 0.640631
2.39393 -0.886493
2.18581 0.928851
2.52739 -0.176241
1.97452 1.18307
2.35474 4.486
2.97765 -1.47952
1.7439 0.442926
1.97393 5.8494
1.92563 -2.55392
2.57859 2.01602
2.76871 0.654923
1.85479 0.523164
1.99466 5.24359
2.44686 -2.82737
1.95978 2.38897
2.74525 5.03621
2.53548 -2.133
1.94881 2.13951
2.43518 5.58719
2.29243 -2.49581
2.26614 1.62357
2.64864 0.00631709
1.81664 1.36916
2.19081 5.80381
2.08167 -2.56638
2.47923 1.3951
2.17407 -0.311551
2.48026 0.17342
2.01573 0.856748
2.69335 2.65743
2.7173 4.79122
2.79629 -1.50451
1.51227 1.96913
3.29515 -0.776209
2.83562 3.08017
3.1391 1.58438
2.97298 3.06109
3.07922 1.40922
2.85634 4.01448
3.01327 0.0311627
2.50002 -0.846669
2.0472 1.35145
2.61474 3.3989
3.1867 1.27561
2.93913 3.15024
3.09131 1.30033
2.83877 4.07518
3.0091 -0.059694
2.37646 -0.943788
2.21062 0.880848
2.45796 -0.257666
2.06612 0.958916
2.74569 1.54617
2.51081 -0.683073
2.02443 1.32825
2.52483 3.87408
3.14363 -0.22282
2.53579 4.5722
2.96818 -1.07116
1.74149 0.522233
2.01223 5.87089
1.93108 -2.53199
2.58035 1.99394
2.75132 0.443679
1.79016 0.90054
2.01232 5.78569
2.01332 -2.63027
2.52384 1.55913
2.24377 -0.524509
2.36857 0.282392
2.14827 0.374874
2.53803 0.0184147
1.9524 1.12591
2.26461 4.73122
2.87058 -1.93935
1.42077 1.63207
3.28668 -1.20758
2.83788 2.91744
3.12753 2.07762
3.01327 2.42774
3.06927 2.33149
3.04647 2.27697
3.05172 2.4549
3.05653 2.14607
3.03865 2.64204
3.06189 1.90706
3.00154 3.09095
3.06023 1.34459
2.75843 4.42189
2.95227 -0.672173
1.75894 0.525197
1.95817 5.80853
1.95235 -2.60072
2.56447 1.81913
2.51752 -0.580465
2.00986 1.31314
2.45913 4.14686
3.08257 -0.824717
2.75394 0.0335764
1.71814 1.31043
2.62865 5.45745
2.24611 -2.37454
2.33658 1.38108
2.35834 -0.459544
2.20355 0.622652
2.43465 -0.18862
2.09018 0.838582
2.71482 0.810042
1.88441 0.493888
2.14146 4.93801
2.72556 -2.41011
1.46503 2.26637
3.14509 -2.35574
2.82344 2.47432
2.86842 4.21254
2.94627 -0.497683
1.78277 0.456211
1.89358 5.67783
2.01548 -2.72776
2.50309 1.58392
2.27271 -0.550581
2.32598 0.358758
2.20515 0.176074
2.41126 -0.0355515
2.10921 0.683834
2.65779 0.376829
1.82521 1.09894
2.00518 5.71795
2.07215 -2.69446
2.46389 1.48494
2.23602 -0.444484
2.37687 0.236881
2.13896 0.428964
2.56291 0.0616351
1.9206 1.17393
2.08256 5.16949
2.56327 -2.66687
1.76538 2.47847
3.28108 1.49035
2.95959 1.6665
2.54796 4.97819
2.78709 -1.72521
1.49308 2.0379
3.26032 -1.3272
2.7862 3.3668
3.14358 0.999362
2.84837 3.92915
3.03557 0.20314
2.81437 0.922051
2.05412 -0.34029
2.685 1.09981
1.98564 0.0675552
2.68307 2.5233
2.47308 5.22443
2.63556 -2.17273
1.72924 2.33206
3.28011 1.64233
2.96207 1.35706
2.41757 4.83534
2.87006 -1.6521
1.45101 1.64666
3.31048 -0.731952
2.86757 2.7014
3.08905 2.63799
3.03298 1.79084
2.92643 3.71784
3.03031 0.461681
2.78475 2.48988
2.76336 4.61481
2.86014 -1.17799
1.51121 1.62548
3.33364 0.510405
2.93557 1.70914
2.47643 5.06405
2.75153 -1.91027
1.52411 2.16401
3.25794 -1.27516
2.77568 3.46462
3.13778 0.809734
2.76819 4.27357
2.99454 -0.36838
2.0577 -0.553386
2.67497 1.1091
1.98632 0.0808452
2.68436 2.51156
2.45943 5.23547
2.63058 -2.19396
1.73612 2.3372
3.2748 1.74773
2.96324 1.24707
2.48339 4.49153
2.99249 -1.10902
1.84665 0.0798571
2.01263 5.13327
2.53106 -2.77305
1.80321 2.49789
3.24976 2.07435
2.96748 1.04257
2.69638 3.31204
3.17169 1.36147
2.94808 3.14726
3.08661 1.30271
2.82646 4.13554
3.00101 -0.162751
2.22145 -0.859188
2.41804 0.396365
2.0836 0.508653
2.68539 0.648794
1.8463 0.794489
1.94556 5.44678
2.25577 -2.86393
2.24121 1.90321
2.76344 2.02715
2.45225 4.51138
2.98496 -1.21409
1.79682 0.267118
1.86537 5.54079
2.10342 -2.83979
2.40624 1.60354
2.38182 -0.556754
2.18051 0.753216
2.5047 -0.162512
2.00237 1.09855
2.56075 3.66545
3.17748 0.345092
2.73478 4.29312
3.00379 -0.395239
2.11291 -0.690865
2.59528 0.591133
1.89754 0.856962
2.10154 5.07399
2.63163 -2.58101
1.63075 2.45323
3.27589 -0.728085
2.79503 3.48995
3.12694 0.771322
2.71603 4.45785
2.96177 -0.701466
1.78644 0.398205
1.88006 5.64012
2.03525 -2.76067
2.48122 1.56464
2.27306 -0.529657
2.32428 0.351486
2.2077 0.173348
2.40628 -0.0338164
2.11524 0.662844
2.64213 0.29407
1.83362 1.16077
2.01177 5.70987
2.08447 -2.70028
2.45184 1.48272
2.24668 -0.451003
2.36015 0.258474
2.16005 0.353027
2.51046 -0.0260698
1.98812 1.05829
2.51019 3.90216
3.1394 -0.307665
2.54388 4.46277
2.99987 -0.923637
1.91753 -0.16826
2.43622 4.03937
3.11077 -0.733216
2.7979 2.46398
2.77417 4.57395
2.87222 -1.10392
1.52558 1.53431
3.32561 1.17219
2.94381 0.958244
2.8045 0.87216
1.99849 -0.145375
2.69903 2.15914
2.4645 4.4337
3.00768 -1.10575
1.93373 -0.248368
2.51916 3.66867
3.18572 0.321017
2.75015 4.22089
3.01629 -0.269471
2.29592 -0.937907
2.31383 0.585323
2.22635 0.0167575
2.37376 0.0422232
2.15166 0.500186
2.54007 -0.0174304
1.95127 1.14994
2.24342 4.78838
2.8407 -2.0418
1.39592 1.80583
3.20738 -2.06293
2.79874 3.01025
3.13844 1.99845
3.00579 2.48786
3.07471 2.24861
3.04161 2.38271
3.05902 2.29211
3.04913 2.37432
3.05598 2.27845
3.04939 2.40927
3.05686 2.22226
3.04551 2.5016
3.05979 2.09331
3.03253 2.72244
3.06303 1.80661
2.97736 3.30612
3.05504 1.0649
2.55367 4.8784
2.84234 -1.53162
1.46522 1.7901
3.29385 -0.95981
2.83846 2.98876
3.13498 1.83798
2.99855 2.72073
3.08135 1.86674
3.00268 3.0063


