-1.23543 -3.80513
2.21675 -0.290969
-0.830456 -4.2069
2.17689 0.518904
-0.28471 -4.40999
1.99714 1.485
0.0395125 -2.37503
-0.415204 -0.554907
-0.135884 -1.72743
-0.742086 -1.67341
-0.458129 -1.6178
-0.624479 -1.71699
-0.505134 -1.56575
-0.620134 -1.79431
-0.473857 -1.45461
-0.666839 -1.98462
-0.356692 -1.18347
-0.717262 -2.56371
0.0883058 -0.198521
1.71238 -0.820873
-0.0823571 -2.2926
-0.409038 -0.651847
-0.303598 -2.30719
-0.295943 -0.624043
-0.155628 -1.83266
-0.678841 -1.44624
-0.562222 -1.94255
-0.426627 -1.23115
-0.705196 -2.40542
-0.0569677 -0.500736
0.959373 0.410959
1.24698 -1.87915
-0.720475 -3.70174
1.57905 1.54384
0.887386 -0.759628
1.50408 -0.0429846
1.22528 -0.152764
1.41936 -0.749475
0.938655 0.046806
1.37212 -1.63705
-0.420147 -3.70872
1.2784 1.63496
0.924702 -1.35728
-0.0316645 -1.73654
-0.795354 -1.76974
-0.386609 -1.4661
-0.705589 -2.00501
-0.325757 -1.15162
-0.712262 -2.65858
0.176767 -0.0149461
1.60911 -1.78363
-0.805333 -3.79298
1.79584 1.37195
0.582655 -0.857343
1.25524 0.416257
1.27748 -1.11975
0.507724 -0.456032
1.64258 -0.781651
0.157023 -1.38863
-0.77302 -3.02371
0.675295 0.817423
1.13267 -2.6709
-1.01233 -1.26278
-0.29785 -1.67463
-0.68001 -1.66518
-0.496582 -1.63868
-0.598092 -1.67966
-0.533161 -1.61844
-0.588095 -1.70937
-0.526037 -1.5746
-0.606967 -1.77779
-0.487572 -1.47705
-0.654765 -1.94239
-0.385052 -1.24462
-0.721089 -2.42073
-0.0344241 -0.464999
1.17876 0.542745
1.2323 -1.38502
-0.0878159 -2.05192
-0.582888 -1.07339
-0.617174 -2.50255
-0.0261055 -0.355619
1.52853 0.369533
1.19936 -0.351721
1.45328 -0.543236
1.0944 0.0745969
1.36567 -1.31982
-0.0855156 -2.09894
-0.551563 -0.988939
-0.599531 -2.62417
0.0715396 -0.139907
1.70669 -1.04129
-0.227218 -3.13977
0.42954 0.762465
1.22931 -3.0747
-0.742173 -0.369637
0.154169 -0.822681
0.221795 -0.841331
0.36263 -0.535555
1.62477 -0.10938
0.93673 -0.113478
1.43022 -1.44524
-0.275889 -3.16157
0.476075 0.803564
1.19702 -3.02864
-0.764321 -0.446501
-0.0222822 -1.26963
-0.75228 -2.91813
0.51075 0.570146
1.25981 -2.82165
-0.974828 -0.981624
-0.30987 -1.85928
-0.58302 -1.33693
-0.63296 -2.13187
-0.286972 -0.961649
-0.586087 -2.93151
0.380804 0.449155
1.34784 -2.84078
-1.00101 -0.982353
-0.274844 -1.75651
-0.654231 -1.52568
-0.556263 -1.83703
-0.483233 -1.38429
-0.675794 -2.09969
-0.286317 -1.01115
-0.627549 -2.90418
0.378886 0.419565
1.35797 -2.80461
-1.02952 -1.07606
-0.256691 -1.65857
-0.707576 -1.71799
-0.461191 -1.56269
-0.642497 -1.80719
-0.457173 -1.43803
-0.678475 -2.01967
-0.331586 -1.13166
-0.70339 -2.6853
0.197106 0.0315677
1.5778 -1.96101
-0.988374 -3.44754
1.6442 1.37271
0.873247 -0.6307
1.5611 -0.420161
0.913363 -0.0573104
1.41111 -1.56174
-0.36232 -3.57948
1.05521 1.49496
0.929413 -1.87682
-0.81129 -3.42918
1.32159 1.45692
0.986236 -1.21576
0.448885 -0.497393
1.65188 -0.501797
0.496611 -0.622187
1.59704 -0.0844856
1.02631 -0.0765912
1.41381 -1.31756
-0.133998 -2.34072
-0.344469 -0.562166
-0.0703014 -1.5394
-0.828398 -2.18239
-0.136065 -0.806474
-0.311802 -2.46989
-0.169449 -0.37152
1.15796 0.560732
1.22378 -1.44766
-0.185498 -2.49488
-0.197954 -0.312851
1.30158 0.587508
1.23447 -1.06205
0.732769 -0.0927394
1.44727 -1.76213
-0.621119 -3.86444
1.67763 1.56882
0.768113 -0.744244
1.53291 -0.0419082
1.17881 -0.111583
1.4175 -0.918204
0.648858 -0.267812
1.54023 -1.45639
-0.347479 -3.63787
1.12349 1.56371
0.921157 -1.71663
-0.57495 -3.61247
1.28852 1.55978
0.950242 -1.31641
0.0989294 -1.32579
-0.746551 -3.03719
0.660847 0.810132
1.13804 -2.69743
-0.998197 -1.19717
-0.315908 -1.75559
-0.633934 -1.51322
-0.570729 -1.85787
-0.466553 -1.35618
-0.68729 -2.15649
-0.245265 -0.922172
-0.53153 -2.95245
0.369856 0.465166
1.34726 -2.86859
-0.980915 -0.914338
-0.278009 -1.80178
-0.629737 -1.44361
-0.590206 -1.95901
-0.405715 -1.2124
-0.709896 -2.45851
-0.0102542 -0.402134
1.44362 0.473316
1.24285 -0.614798
1.37682 -0.0321577
1.34944 -0.46067
1.32802 -0.0623361
1.37576 -0.567182
1.23082 0.0738014
1.36792 -0.964074
0.684931 -0.198795
1.50187 -1.59989
-0.453871 -3.84775
1.49588 1.69286
0.885018 -0.937312
1.266 0.322324
1.30331 -1.03995
0.659887 -0.213909
1.5146 -1.57846
-0.440495 -3.83948
1.47314 1.6972
0.891678 -0.975653
1.18095 0.333544
1.29379 -1.28176
0.0717221 -1.50382
-0.85869 -2.54288
0.200818 -0.0711221
1.62419 -1.63854
-0.631538 -3.95463
1.79583 1.48275
0.560977 -0.922323
1.00729 0.341352
1.27296 -1.7272
-0.500687 -3.75644
1.41596 1.65177
0.920366 -1.06282
0.94728 0.217726
1.31173 -1.77748
-0.57881 -3.80384
1.55648 1.62475
0.876606 -0.823537
1.44724 0.128534
1.29107 -0.400474
1.40115 -0.257558
1.32284 -0.18041
1.38871 -0.456935
1.27635 -0.0055328
1.38106 -0.766461
1.00841 0.104365
1.3524 -1.54727
-0.327761 -3.38361
0.772459 1.19603
0.999278 -2.53758
-1.01961 -1.46538
-0.265096 -1.49089
-0.755722 -2.04704
-0.273327 -1.07595
-0.672783 -2.84857
0.350233 0.33999
1.39497 -2.70679
-1.09959 -1.33929
-0.150175 -1.2679
-0.771186 -2.69078
0.262216 0.111566
1.51373 -2.24573
-1.16914 -2.68316
1.046 1.07661
1.0521 -1.85566
-0.720429 -3.60826
1.4512 1.54402
0.950634 -0.956173
1.22242 0.311476
1.30392 -1.15578
0.365507 -0.74515
1.21405 0.4692
1.25848 -1.25872
0.169567 -1.20737
-0.553095 -3.22473
0.721854 1.0025
1.06526 -2.62227
-1.00655 -1.31711
-0.303284 -1.6586
-0.68398 -1.69219
-0.484235 -1.60069
-0.618199 -1.74116
-0.498128 -1.5307
-0.634666 -1.85181
-0.440082 -1.37357
-0.697307 -2.14147
-0.249524 -0.94429
-0.555725 -2.96098
0.394613 0.492226
1.32875 -2.88037
-0.964076 -0.877695
-0.284092 -1.84086
-0.605849 -1.3736
-0.616125 -2.06829
-0.332861 -1.05573
-0.664171 -2.7982
0.287006 0.230062
1.4577 -2.51874
-1.18312 -1.86788
0.24097 -0.243997
1.67651 -1.07159
-0.212659 -2.99984
0.273999 0.519557
1.37202 -2.99674
-0.891795 -0.625471
-0.186433 -1.67051
-0.739055 -1.74627
-0.431751 -1.51829
-0.670567 -1.89091
-0.403504 -1.31968
-0.717375 -2.26489
-0.155851 -0.739093
-0.216415 -2.09825
-0.481227 -0.951771
-0.595591 -2.7321
0.172664 0.0618587
1.57525 -2.01647
-1.04224 -3.30328
1.56146 1.37077
0.956501 -0.702135
1.51515 -0.184808
1.17262 -0.0515997
1.40286 -1.00032
0.515452 -0.479978
1.64278 -0.702051
0.267124 -1.09812
-0.30145 -2.61237
-0.0565041 -0.141538
1.73145 -0.574167
0.108449 -1.58702
-0.878637 -2.39527
0.0818198 -0.340144
1.66281 -0.0809114
0.830502 -0.208675
1.47721 -1.45467
-0.307882 -3.39431
0.774158 1.20958
0.994962 -2.5352
-1.01859 -1.46584
-0.266416 -1.49363
-0.754565 -2.04017
-0.278011 -1.08697
-0.68046 -2.82692
0.331862 0.301826
1.41489 -2.65059
-1.13177 -1.49415
-0.057708 -0.989427
-0.483428 -3.01843
0.417043 0.57599
1.29338 -2.94415
-0.896576 -0.708021
-0.257644 -1.85933
-0.609081 -1.34875
-0.617903 -2.1037
-0.31095 -1.00295
-0.62602 -2.88266
0.353046 0.374919
1.38252 -2.75792
-1.0674 -1.20253
-0.210982 -1.47833
-0.78118 -2.13027
-0.206171 -0.931613
-0.520769 -2.97111
0.384597 0.497397
1.3312 -2.89491
-0.954203 -0.844046
-0.280013 -1.84752
-0.60426 -1.36312
-0.618518 -2.08435
-0.3223 -1.03205
-0.648434 -2.84025
0.321736 0.304182
1.41813 -2.65634
-1.13022 -1.4786
-0.0647865 -1.01119
-0.515106 -3.05688
0.481257 0.661829
1.24076 -2.9324
-0.877538 -0.70081
-0.270873 -1.91089
-0.572915 -1.25667
-0.643212 -2.25795
-0.199818 -0.764798
-0.310613 -2.4352
-0.19701 -0.42586
0.837987 0.30696
1.28272 -2.07119
-0.977725 -3.27445
1.39051 1.39821
1.00619 -1.0412
1.0058 0.238646
1.30688 -1.66275
-0.428119 -3.68142
1.24753 1.61216
0.928001 -1.42451
-0.176689 -2.31854
-0.341127 -0.595497
-0.146722 -1.7877
-0.70745 -1.54104
-0.521792 -1.80572
-0.513749 -1.4255
-0.653715 -2.01864
-0.34422 -1.13283
-0.702361 -2.66729
0.177961 -0.00542502
1.60406 -1.81665
-0.84237 -3.73928
1.77941 1.36453
0.624811 -0.796594
1.43406 0.278281
1.28162 -0.534724
1.37435 -0.0864854
1.35439 -0.416694
1.3376 -0.103991
1.37593 -0.499016
1.27388 0.0169595
1.37689 -0.794224
0.977079 0.0908944
1.35636 -1.60287
-0.379529 -3.59418
1.08818 1.51597
0.929063 -1.79745
-0.694703 -3.57273
1.36836 1.53503
0.9629 -1.12713
0.749535 -0.00350336
1.40823 -1.882
-0.770373 -3.72917
1.67637 1.48251
0.796293 -0.692356
1.56111 -0.225997
1.05195 -0.0295831
1.39812 -1.31556
-0.114387 -2.24087
-0.4313 -0.731484
-0.410606 -2.62339
-0.00882835 -0.143029
1.72747 -0.749176
-0.0532857 -2.17408
-0.5163 -0.869075
-0.539503 -2.72492
0.136075 0.0333901
1.60575 -1.87002
-0.91057 -3.62836
1.74148 1.35584
0.712772 -0.694785
1.56912 -0.159607
1.06446 -0.0463243
1.4035 -1.26872
-0.0484963 -1.9652
-0.664206 -1.26468
-0.594687 -2.19539
-0.263309 -0.86069
-0.476062 -2.87554
0.256602 0.303138
1.44493 -2.65496
-1.13801 -1.48265
-0.0459005 -0.965169
-0.443742 -2.94665
0.316383 0.430817
1.37997 -2.85507
-1.0039 -0.95887
-0.262829 -1.73307
-0.671684 -1.57383
-0.532356 -1.76696
-0.5271 -1.48459
-0.63338 -1.91958
-0.407007 -1.27586
-0.715722 -2.34261
-0.0996679 -0.606837
0.325903 -0.560411
1.57901 0.105263
1.12049 -0.138822
1.42926 -1.02944
0.38116 -0.750389
1.23041 0.466661
1.26114 -1.21239
0.286439 -0.911637
0.268337 -0.75452
0.916373 0.31661
1.27732 -1.91708
-0.779628 -3.65185
1.58824 1.50947
0.891011 -0.733936
1.51986 -0.115748
1.18474 -0.0851624
1.41052 -0.932775
0.638652 -0.280426
1.54832 -1.42616
-0.330193 -3.57532
1.0264 1.48466
0.927611 -1.94729
-0.901449 -3.24244
1.19684 1.33969
1.00356 -1.50264
-0.266104 -2.80249
0.100525 0.17857
1.55764 -2.25319
-1.18758 -2.618
1.02005 1.04024
1.05873 -1.91683
-0.808393 -3.50124
1.42117 1.49262
0.973122 -1.00029
1.11858 0.299299
1.29725 -1.42663
-0.187553 -2.54537
-0.155448 -0.232081
1.5946 0.284697
1.10982 -0.204314
1.44753 -0.968538
0.459588 -0.598653
1.60568 -0.0951109
0.99859 -0.0835701
1.41685 -1.36663
-0.195599 -2.66328
-0.0516001 -0.0425549
1.7232 -1.09107
-0.268105 -3.44876
0.819935 1.28995
0.968503 -2.43547
-1.05151 -1.71943
-0.137375 -1.08673
-0.642432 -3.01475
0.52452 0.656097
1.22703 -2.86398
-0.925715 -0.853721
-0.318194 -1.9629
-0.519419 -1.16567
-0.661655 -2.433
-0.0600143 -0.467914
1.09077 0.508849
1.22916 -1.60394
-0.354969 -3.40904
0.822396 1.24385
0.982567 -2.42508
-1.06124 -1.77406
-0.0961566 -0.974811
-0.496222 -3.0142
0.419542 0.572045
1.2936 -2.93767
-0.902025 -0.723251
-0.263751 -1.8698
-0.600094 -1.32879
-0.624978 -2.13679
-0.287508 -0.953572
-0.579029 -2.93277
0.377479 0.447873
1.34958 -2.84163
-1.00113 -0.980956
-0.274231 -1.75543
-0.655073 -1.52788
-0.555181 -1.83379
-0.48529 -1.38886
-0.674111 -2.09099
-0.292391 -1.02451
-0.639054 -2.88479
0.365201 0.388166
1.37343 -2.77063
-1.05666 -1.16732
-0.22658 -1.5349
-0.763267 -1.99199
-0.299757 -1.15723
-0.717415 -2.68294
0.20579 0.0386735
1.57054 -1.99381
-1.01674 -3.37086
1.59861 1.37495
0.923826 -0.660401
1.54045 -0.31523
1.0529 -0.00391162
1.38975 -1.34103
-0.141266 -2.36262
-0.323754 -0.525711
0.0705327 -1.13558
-0.553442 -3.16839
0.647854 0.896839
1.11273 -2.75287
-0.945112 -1.02559
-0.357071 -1.96662
-0.49966 -1.16045
-0.668553 -2.45772
-0.0360177 -0.421916
1.32854 0.547233
1.24594 -0.970337
0.928542 0.110617
1.34937 -1.7222
-0.514129 -3.80741
1.49758 1.6599
0.896029 -0.919996
1.30029 0.301629
1.30853 -0.930275
0.891871 0.0579513
1.36962 -1.73825
-0.543934 -3.8301
1.55636 1.6441
0.86992 -0.833324
1.43657 0.154383
1.2962 -0.44683
1.38803 -0.182005
1.34407 -0.287068
1.37298 -0.279455
1.34838 -0.220216
1.37354 -0.345668
1.33547 -0.14623
1.38011 -0.460651
1.28722 -0.0139283
1.3805 -0.728123
1.06166 0.121837
1.34889 -1.44003
-0.229484 -2.8119
0.0957699 0.198577
1.55163 -2.30249
-1.20059 -2.4715
0.8789 0.870034
1.09774 -2.23522
-1.09015 -2.57551
0.671052 0.639686
1.19174 -2.60256
-1.07688 -1.51298
-0.164011 -1.23432
-0.755998 -2.73837
0.299768 0.193348
1.46599 -2.44746
-1.19329 -2.07983
0.435506 0.16033
1.4268 -2.383
-1.18194 -2.29075
0.605962 0.478104
1.26124 -2.60898
-1.10054 -1.55126
-0.109204 -1.09093
-0.632527 -3.04445
0.553488 0.708152
1.2004 -2.84906
-0.92259 -0.86872
-0.328658 -1.98596
-0.500748 -1.12868
-0.661866 -2.5046
-0.000396017 -0.339736
1.59374 0.222501
1.10704 -0.178178
1.44094 -1.01028
0.390532 -0.734663
1.29738 0.45623
1.26907 -1.01951
0.776422 -0.0484868
1.42192 -1.78246
-0.633698 -3.84651
1.6682 1.56569
0.782622 -0.738083
1.53659 -0.0715929
1.16535 -0.0916077
1.41368 -0.975191
0.540868 -0.438983
1.63133 -0.891727
0.0425268 -1.74099
-0.833184 -1.86645
-0.316389 -1.30448
-0.749191 -2.37759
-0.0503768 -0.52597
0.867528 0.317408
1.27768 -2.02001
-0.9187 -3.41647
1.47975 1.44381
0.975658 -0.866445
1.3677 0.204095
1.32004 -0.674
1.23602 0.118857
1.35629 -0.986728
0.664048 -0.224546
1.51801 -1.5534
-0.417204 -3.80548
1.40755 1.69426
0.90668 -1.09451
0.841093 0.118615
1.35032 -1.89475
-0.76402 -3.70724
1.64045 1.50227
0.83896 -0.699639
1.5497 -0.215033
1.08573 -0.0270481
1.3974 -1.24059
0.0097161 -1.7465
-0.81389 -1.80341
-0.359388 -1.40854
-0.728479 -2.13162
-0.238443 -0.952733
-0.559109 -2.97003
0.407285 0.511721
1.31752 -2.89002
-0.951603 -0.849002
-0.285778 -1.86287
-0.592895 -1.33538
-0.628023 -2.13004
-0.290332 -0.964084
-0.589264 -2.92768
0.378567 0.44325
1.3506 -2.83507
-1.00611 -0.997511
-0.272177 -1.74101
-0.663099 -1.55498
-0.542867 -1.79448
-0.509588 -1.44495
-0.651628 -1.98831
-0.362008 -1.1774
-0.714379 -2.56835
0.0905517 -0.191603
1.71112 -0.861616
-0.114296 -2.44775
-0.268486 -0.388683
0.785315 0.253578
1.30618 -2.12445
-1.03279 -3.12059
1.28872 1.33005
1.02195 -1.2705
0.271316 -0.888358
0.319647 -0.636187
1.43684 0.383867
1.26262 -0.58765
1.37046 -0.0422357
1.3538 -0.46887
1.31926 -0.0457761
1.37681 -0.607775
1.19689 0.10064
1.36136 -1.07895
0.437762 -0.612904
1.5842 0.017773
1.09147 -0.100956
1.4199 -1.1436
0.159122 -1.28762
-0.664208 -3.19719
0.788482 1.03337
1.04884 -2.47754
-1.07016 -1.71415
-0.107625 -1.02436
-0.561156 -3.06153
0.518242 0.693678
1.21697 -2.89787
-0.892657 -0.764376
-0.302249 -1.97251
-0.521028 -1.15068
-0.658622 -2.45406
-0.044565 -0.4316
1.27423 0.55763
1.24047 -1.12755
0.549192 -0.372643
1.61098 -1.12648
-0.173042 -2.68209
-0.0439298 -0.00961982
1.70978 -1.26759
-0.358134 -3.83786
1.40176 1.7247
0.896657 -1.11695
0.759198 0.023137
1.39617 -1.90681
-0.799723 -3.68636
1.65973 1.47372
0.822796 -0.682898
1.55994 -0.264264
1.03339 -0.0244374
1.3964 -1.36248
-0.174372 -2.53411
-0.170271 -0.249118
1.53907 0.39981
1.18543 -0.345339
1.45774 -0.585623
1.04278 0.0693008
1.36536 -1.4371
-0.234993 -2.85647
0.140137 0.273065
1.50414 -2.5376
-1.18985 -1.79778
0.218409 -0.305338
1.69337 -0.738306
0.0507962 -1.74975
-0.834469 -1.85804
-0.319422 -1.31574
-0.74886 -2.35162
-0.0711914 -0.573027
0.574242 -0.0900635
1.48503 -1.86894
-0.800555 -3.73182
1.71755 1.44033
0.739358 -0.703755
1.56232 -0.152889
1.08382 -0.0462621
1.40338 -1.2242
0.0305524 -1.67691
-0.845992 -2.00642
-0.232875 -1.08044
-0.669196 -2.89703
0.403704 0.437009
1.34263 -2.8082
-1.02111 -1.06107
-0.266364 -1.69288
-0.68815 -1.64699
-0.498738 -1.66329
-0.587369 -1.64101
-0.553247 -1.67476
-0.556828 -1.62392
-0.574563 -1.70033
-0.53626 -1.58698
-0.597751 -1.75764
-0.50087 -1.50524
-0.640739 -1.89249
-0.417261 -1.31567
-0.711846 -2.2614
-0.161554 -0.746875
-0.238851 -2.18041
-0.413841 -0.816895
-0.490242 -2.78641
0.172862 0.13984
1.54097 -2.23581
-1.17466 -2.68935
1.07183 1.09839
1.05019 -1.79241
-0.623427 -3.66977
1.42162 1.5884
0.941218 -1.02985
1.04571 0.279384
1.29633 -1.59637
-0.357319 -3.46942
0.903551 1.33928
0.956198 -2.23754
-1.07651 -2.33697
0.358896 0.097035
1.48025 -2.26061
-1.16443 -2.66007
1.00033 1.03245
1.05822 -1.96551
-0.874329 -3.38273
1.35533 1.43929
0.993599 -1.13246
0.7343 -0.0303354
1.42158 -1.86042
-0.746619 -3.76222
1.68879 1.48977
0.774991 -0.703663
1.55881 -0.178475
1.08102 -0.0386189
1.40101 -1.23912
0.00674726 -1.7584
-0.807639 -1.77102
-0.377654 -1.45772
-0.711582 -2.02584
-0.310893 -1.11963
-0.69946 -2.73229
0.243194 0.123641
1.51685 -2.26085
-1.17624 -2.63303
1.00251 1.02822
1.05977 -1.95947
-0.866061 -3.40033
1.36695 1.44765
0.99109 -1.10765
0.814348 0.0696142
1.37112 -1.88485
-0.757377 -3.72519
1.65516 1.50003
0.820932 -0.697241
1.55445 -0.218723
1.0724 -0.027547
1.39752 -1.27115
-0.0443493 -1.94637
-0.678588 -1.30562
-0.58385 -2.13333
-0.307319 -0.953492
-0.584906 -2.91494
0.361059 0.415461
1.3664 -2.81047
-1.02891 -1.06434
-0.255181 -1.65987
-0.707822 -1.71644
-0.461666 -1.56481
-0.641563 -1.80356
-0.459279 -1.44314
-0.676389 -2.00997
-0.338046 -1.14611
-0.708451 -2.6525
0.167698 -0.0302319
1.62062 -1.71625
-0.73016 -3.88278
1.8136 1.40213
0.531471 -0.945812
0.849709 0.201468
1.31946 -1.96043
-0.848247 -3.57411
1.58114 1.47338
0.908774 -0.723668
1.52056 -0.142823
1.17583 -0.0693055
1.40724 -0.973087
0.562929 -0.399288
1.61502 -1.05191
-0.109761 -2.34855
-0.350521 -0.552334
-0.0527501 -1.48362
-0.835291 -2.34992
-0.00271 -0.494351
1.15676 0.529458
1.23283 -1.43903
-0.176265 -2.4529
-0.235931 -0.379546
0.926218 0.408802
1.2464 -1.95329
-0.828801 -3.56667
1.54247 1.49016
0.931226 -0.779309
1.47677 0.0108211
1.26591 -0.243807
1.4194 -0.530581
1.17773 0.0743791
1.36843 -1.10783
0.352964 -0.791451
1.01239 0.384369
1.25935 -1.7398
-0.515739 -3.75948
1.43441 1.64856
0.918507 -1.02578
1.055 0.290202
1.29366 -1.58076
-0.342178 -3.40322
0.806657 1.2314
0.986704 -2.46119
-1.04957 -1.67066
-0.16026 -1.15816
-0.709675 -2.88761
0.428811 0.455996
1.32683 -2.80858
-1.01438 -1.05308
-0.274573 -1.71994
-0.671764 -1.59254
-0.526345 -1.74082
-0.541621 -1.52319
-0.615445 -1.85598
-0.447132 -1.36547
-0.695092 -2.15159
-0.244301 -0.928755
-0.53778 -2.95711
0.37892 0.476748
1.33995 -2.87563
-0.972588 -0.894223
-0.280533 -1.82053
-0.618582 -1.40988
-0.603105 -2.01095
-0.371518 -1.13862
-0.700172 -2.62425
0.13363 -0.092509
1.66483 -1.41599
-0.428557 -3.93246
1.58363 1.70678
0.827215 -0.841542
1.4281 0.1937
1.29676 -0.496743
1.37311 -0.111978
1.35618 -0.395201
1.34196 -0.125378
1.37535 -0.465138
1.29193 -0.0163669
1.37989 -0.712613
1.08243 0.125431
1.3489 -1.39311
-0.175825 -2.5135
-0.186731 -0.282322
1.42416 0.535586
1.2366 -0.696787
1.33054 0.076424
1.35358 -0.685008
1.16699 0.133211
1.35129 -1.18491
0.206283 -1.13725
-0.423985 -3.03826
0.407668 0.598523
1.29018 -2.97547
-0.868566 -0.633794
-0.218745 -1.77696
-0.673429 -1.51451
-0.548687 -1.84936
-0.480544 -1.36499
-0.679751 -2.1338
-0.263414 -0.958395
-0.574972 -2.95241
0.39739 0.484821
1.32996 -2.86957
-0.97265 -0.904314
-0.284802 -1.828
-0.612437 -1.39568
-0.608985 -2.03359
-0.356119 -1.10619
-0.689557 -2.69571
0.197287 0.0417585
1.57303 -1.99142
-1.01621 -3.37409
1.60175 1.37419
0.920993 -0.657127
1.54217 -0.325735
1.04165 -0.00453836
1.38984 -1.36572
-0.172863 -2.52216
-0.180822 -0.268221
1.47468 0.489012
1.22491 -0.54024
1.42218 -0.181085
1.31098 -0.207689
1.39626 -0.457012
1.26478 0.00434012
1.38096 -0.807999
0.945876 0.0699625
1.36371 -1.64684
-0.427635 -3.71761
1.29699 1.64131
0.924585 -1.31603
0.0830842 -1.3662
-0.78774 -2.91864
0.553376 0.620095
1.22929 -2.79496
-0.978819 -1.02653
-0.316975 -1.85398
-0.582476 -1.34473
-0.632328 -2.1203
-0.294394 -0.979203
-0.603395 -2.91726
0.376407 0.430509
1.35549 -2.82043
-1.01805 -1.03562
-0.265021 -1.70149
-0.685036 -1.63154
-0.505907 -1.68508
-0.575084 -1.60714
-0.571594 -1.72507
-0.527335 -1.55038
-0.614228 -1.81554
-0.466918 -1.4235
-0.676765 -2.04038
-0.320704 -1.1008
-0.689541 -2.74931
0.253542 0.150152
1.50169 -2.33181
-1.1926 -2.42117
0.790546 0.756492
1.13625 -2.40664
-1.11639 -2.05216
0.193004 -0.287469
1.69733 -0.742415
0.034473 -1.80918
-0.801743 -1.69071
-0.413374 -1.57117
-0.662789 -1.80555
-0.447823 -1.44137
-0.68222 -2.01806
-0.330607 -1.13394
-0.704469 -2.68272
0.195294 0.0272422
1.58064 -1.94548
-0.973913 -3.48319
1.66385 1.37103
0.846821 -0.627999
1.56834 -0.434085
0.877421 -0.0858781
1.42448 -1.5837
-0.388844 -3.67286
1.20334 1.60341
0.923626 -1.52841
-0.32751 -3.07451
0.402039 0.652307
1.27578 -3.02918
-0.813316 -0.503244
-0.097099 -1.45991
-0.822454 -2.33263
-0.0286217 -0.542602
0.866039 0.312295
1.27951 -2.01931
-0.91804 -3.419
1.48212 1.44428
0.974711 -0.862127
1.37384 0.196526
1.3196 -0.651202
1.25655 0.10019
1.36001 -0.914544
0.80682 -0.0444531
1.41608 -1.74784
-0.580979 -3.85734
1.62817 1.6105
0.818026 -0.763365
1.51368 -0.0133011
1.21512 -0.155947
1.42198 -0.772271
0.897477 0.0156071
1.38499 -1.67994
-0.475027 -3.79762
1.44803 1.6736
0.906918 -1.00985
1.09653 0.311432
1.29108 -1.49034
-0.257436 -2.93617
0.227009 0.407664
1.42474 -2.84033
-1.03021 -1.00467
-0.237703 -1.63777
-0.725407 -1.77169
-0.429085 -1.48545
-0.680832 -1.94918
-0.36865 -1.2354
-0.725075 -2.45479
-0.00328374 -0.400021
1.46241 0.452357
1.2381 -0.554294
1.40719 -0.134174
1.32967 -0.286609
1.38409 -0.314941
1.33069 -0.157545
1.38331 -0.461282
1.28226 -0.00882381
1.38057 -0.746849
1.03683 0.115301
1.34981 -1.49259
-0.279762 -3.1154
0.425898 0.722115
1.24367 -3.05252
-0.772374 -0.429298
0.0177481 -1.15855
-0.624146 -3.13643
0.665835 0.883915
1.11303 -2.71206
-0.974601 -1.13167
-0.340634 -1.85676
-0.569635 -1.33732
-0.639754 -2.137
-0.28069 -0.954197
-0.57732 -2.93852
0.382944 0.458434
1.34406 -2.85052
-0.992562 -0.956913
-0.27825 -1.77977
-0.640908 -1.48259
-0.574995 -1.90057
-0.44313 -1.29476
-0.701539 -2.27933
-0.154702 -0.720148
-0.174735 -1.94583
-0.602193 -1.22493
-0.628464 -2.28655
-0.186791 -0.71923
-0.217081 -2.08939
-0.486891 -0.966332
-0.603053 -2.71474
0.159717 0.0313905
1.59541 -1.90372
-0.940062 -3.56528
1.70989 1.36217
0.773661 -0.649926
1.58015 -0.355306
0.910152 -0.0751109
1.4179 -1.54396
-0.349734 -3.53747
0.989319 1.43675
0.936323 -2.03454
-0.984372 -2.98786
0.985614 1.10997
1.03317 -2.01206
-0.936806 -3.2183
1.22782 1.3431
1.00836 -1.42504
-0.142546 -2.19717
-0.448876 -0.798948
-0.480977 -2.7466
0.130125 0.0666305
1.5931 -1.9658
-1.00598 -3.41493
1.63471 1.36696
0.88683 -0.631177
1.55735 -0.414132
0.930347 -0.0451339
1.40573 -1.54658
-0.346745 -3.51495
0.957012 1.40435
0.941814 -2.1116
-1.03558 -2.74001
0.7506 0.788493
1.12996 -2.50376
-1.09263 -1.73992
-0.0538246 -0.8967
-0.361537 -2.69512
0.0366212 -0.0152161
1.67619 -1.47594
-0.505862 -3.99827
1.73161 1.60947
0.666115 -0.832825
1.39332 0.312376
1.29192 -0.669291
1.2822 0.0956259
1.35871 -0.83853
0.948676 0.0817897
1.35947 -1.65311
-0.433055 -3.72465
1.31131 1.64593
0.924276 -1.28466
0.181321 -1.0917
-0.388736 -2.91505
0.258228 0.367544
1.42368 -2.77087
-1.07332 -1.17704
-0.198353 -1.4551
-0.7889 -2.19682
-0.15667 -0.81583
-0.345582 -2.58464
-0.0644687 -0.195125
1.70914 -0.254581
0.525101 -0.613276
1.60908 -0.182167
0.943286 -0.0914939
1.4219 -1.46318
-0.286073 -3.21604
0.543879 0.900684
1.14064 -2.9562
-0.793103 -0.561243
-0.195227 -1.75673
-0.696095 -1.56737
-0.520631 -1.77213
-0.530069 -1.47561
-0.634206 -1.93315
-0.3996 -1.25629
-0.717239 -2.38516
-0.0656277 -0.531111
0.790991 0.228905
1.31446 -2.09186
-1.00346 -3.22259
1.36983 1.37879
1.01278 -1.08418
0.882654 0.137116
1.34107 -1.8376
-0.676387 -3.78273
1.63334 1.55453
0.830704 -0.730182
1.5354 -0.119069
1.15448 -0.0686042
1.40828 -1.0282
0.43937 -0.624598
1.57208 0.0608283
1.12628 -0.124415
1.42496 -1.03329
0.384247 -0.742426
1.26194 0.46459
1.2648 -1.12346
0.520153 -0.430168
1.63527 -0.896366
0.025873 -1.80151
-0.800198 -1.69667
-0.412223 -1.56394
-0.665774 -1.81845
-0.440444 -1.42311
-0.689347 -2.05358
-0.306743 -1.08031
-0.678129 -2.79818
0.297793 0.240799
1.44951 -2.54169
-1.17641 -1.80204
0.180825 -0.3799
1.67407 -0.250868
0.668104 -0.376907
1.57686 -1.17265
-0.169153 -2.63121
-0.0900147 -0.0920158
1.73882 -0.704414
-0.0414615 -2.13267
-0.554039 -0.950372
-0.581011 -2.6522
0.0878582 -0.0926797
1.68507 -1.29645
-0.352331 -3.7961
1.34141 1.70395
0.906215 -1.23466
0.339127 -0.70841
1.27608 0.47331
1.26349 -1.08753
0.61735 -0.266812
1.54888 -1.46027
-0.356663 -3.67855
1.18579 1.60792
0.919083 -1.57162
-0.380206 -3.29915
0.696781 1.06492
1.04918 -2.68972
-0.952533 -1.11563
-0.36466 -1.92849
-0.518489 -1.22105
-0.667751 -2.34809
-0.122774 -0.613025
0.230349 -0.771595
0.713338 0.0785707
1.38214 -2.04052
-0.96539 -3.37309
1.50428 1.41948
0.974121 -0.812493
1.43142 0.0964194
1.30499 -0.418694
1.38658 -0.201999
1.34402 -0.270263
1.37439 -0.299282
1.34394 -0.195339
1.37678 -0.384785
1.32104 -0.0974016
1.38268 -0.551236
1.23036 0.0672076
1.3696 -0.9597
0.690098 -0.192202
1.49785 -1.61073
-0.462944 -3.85508
1.51362 1.68929
0.878478 -0.909505
1.32006 0.295517
1.30884 -0.869868
1.00309 0.135473
1.34162 -1.58683
-0.359737 -3.51414
0.965022 1.40584
0.942341 -2.09191
-1.02428 -2.80795
0.817739 0.887249
1.09306 -2.38159
-1.10745 -2.07812
0.192221 -0.281086
1.69717 -0.769759
0.00517919 -1.91586
-0.728201 -1.41604
-0.538684 -1.96527
-0.424229 -1.19302
-0.700667 -2.47409
-0.00297065 -0.3784
1.51478 0.383957
1.21129 -0.389483
1.44962 -0.456627
1.16958 0.048783
1.37555 -1.10657
0.33994 -0.822377
0.843959 0.227879
1.31033 -1.99482
-0.89188 -3.49086
1.53683 1.45683
0.945497 -0.77349
1.47664 -0.00190003
1.26543 -0.234815
1.41885 -0.543275
1.169 0.0801575
1.36665 -1.13581
0.290789 -0.932139
0.197303 -0.925879
-0.0327679 -1.5569
-0.840174 -2.20093
-0.113051 -0.761523
-0.203068 -2.06369
-0.511185 -1.01148
-0.620226 -2.64545
0.102628 -0.0938755
1.67916 -1.33151
-0.372229 -3.84404
1.4214 1.72306
0.894639 -1.07849
0.888527 0.170569
1.32878 -1.85793
-0.702819 -3.75697
1.63036 1.54055
0.838652 -0.723282
1.53794 -0.142363
1.1418 -0.0559017
1.4053 -1.07378
0.344896 -0.820865
0.865748 0.251326
1.30086 -1.97261
-0.861057 -3.54236
1.5579 1.47078
0.927415 -0.749887
1.49946 -0.067132
1.22844 -0.144464
1.41718 -0.750942
0.942186 0.0502042
1.37083 -1.63368
-0.416028 -3.69936
1.26205 1.62752
0.925077 -1.39366
-0.117105 -2.05988
-0.560312 -1.04477
-0.617637 -2.55771
0.0214078 -0.256809
1.69952 -0.273583
0.547014 -0.570125
1.62885 -0.399445
0.700889 -0.301145
1.53988 -1.36437
-0.281705 -3.30615
0.649419 1.05683
1.0607 -2.79065
-0.882359 -0.872468
-0.370348 -2.11416
-0.402668 -0.933518
-0.585525 -2.8278
0.265475 0.243418
1.46171 -2.54023
-1.17962 -1.80399
0.191313 -0.358194
1.68657 -0.395345
0.478728 -0.676378
1.52891 0.164692
1.20695 -0.237576
1.43803 -0.689535
0.972581 0.0568762
1.36824 -1.57874
-0.360856 -3.53949
0.999974 1.44164
0.936403 -2.00854
-0.961653 -3.07178
1.06085 1.1974
1.01905 -1.83168
-0.697983 -3.6127
1.42916 1.55136
0.952512 -1.00236
1.11683 0.304993
1.2953 -1.43456
-0.196656 -2.59263
-0.112054 -0.157004
1.71683 -0.265588
0.483584 -0.690045
1.51203 0.20178
1.22734 -0.29332
1.43846 -0.561864
1.11156 0.0841045
1.36344 -1.28605
-0.0250581 -1.85871
-0.741489 -1.50604
-0.510547 -1.84222
-0.500872 -1.36944
-0.669542 -2.11624
-0.279346 -0.986096
-0.605134 -2.92912
0.391364 0.455438
1.34163 -2.84031
-0.998754 -0.980912
-0.27758 -1.76526
-0.648518 -1.50882
-0.564028 -1.86182
-0.46757 -1.34931
-0.68756 -2.16779
-0.237893 -0.904349
-0.50919 -2.93789
0.340692 0.429228
1.37038 -2.84074
-1.01009 -0.990763
-0.264324 -1.72155
-0.67629 -1.59446
-0.523231 -1.73763
-0.544472 -1.52775
-0.612676 -1.84844
-0.452065 -1.37597
-0.691528 -2.13024
-0.259583 -0.962654
-0.577505 -2.95517
0.402315 0.491674
1.32583 -2.87286
-0.968357 -0.894378
-0.286107 -1.8376
-0.606609 -1.37873
-0.614922 -2.06045
-0.337984 -1.06724
-0.670933 -2.77628
0.268244 0.19052
1.47991 -2.43052
-1.197 -2.12639
0.49006 0.26166
1.37085 -2.51286
-1.16306 -1.88604
0.194484 -0.330947
1.69418 -0.539629
0.283929 -1.08667
-0.260158 -2.44064
-0.211544 -0.407913
0.873821 0.350067
1.26624 -2.02997
-0.929635 -3.38502
1.45525 1.43594
0.985179 -0.911982
1.29501 0.2684
1.31693 -0.925245
0.884071 0.0479837
1.37371 -1.74133
-0.54998 -3.83357
1.56682 1.63984
0.864021 -0.820102
1.45293 0.124236
1.28701 -0.382762
1.40645 -0.291438
1.30996 -0.13581
1.39137 -0.540958
1.22246 0.0661753
1.37019 -0.980445
0.643671 -0.25906
1.53804 -1.47824
-0.363497 -3.69123
1.20837 1.6205
0.919069 -1.51959
-0.319005 -3.02983
0.349469 0.571579
1.32333 -3.00697
-0.859195 -0.580726
-0.168256 -1.64002
-0.759919 -1.82667
-0.384587 -1.4002
-0.718593 -2.12891
-0.245774 -0.959692
-0.569132 -2.96598
0.409238 0.508755
1.31767 -2.88498
-0.955517 -0.861163
-0.287005 -1.85955
-0.594126 -1.34079
-0.62676 -2.12146
-0.296187 -0.977006
-0.602013 -2.91655
0.374622 0.428269
1.35691 -2.81876
-1.01974 -1.0403
-0.263653 -1.69532
-0.688473 -1.64386
-0.499673 -1.6676
-0.585189 -1.63427
-0.556816 -1.68467
-0.551134 -1.60925
-0.582659 -1.72271
-0.523077 -1.55473
-0.614939 -1.80929
-0.46948 -1.43257
-0.673731 -2.02377
-0.331641 -1.12564
-0.700765 -2.69526
0.20534 0.0495407
1.56579 -2.02468
-1.04335 -3.29266
1.54984 1.37246
0.964094 -0.719445
1.50422 -0.13529
1.20699 -0.0926748
1.40996 -0.866423
0.770001 -0.10504
1.44564 -1.70196
-0.537199 -3.86968
1.6013 1.64194
0.834619 -0.793163
1.48492 0.064964
1.2584 -0.264294
1.42404 -0.523237
1.17407 0.0722233
1.36899 -1.11561
0.333329 -0.835093
0.766682 0.134584
1.35223 -2.03455
-0.949807 -3.39151
1.50078 1.42785
0.972934 -0.821838
1.42231 0.116657
1.30909 -0.458141
1.37308 -0.140506
1.35674 -0.366855
1.34859 -0.157095
1.37313 -0.414051
1.31586 -0.0727135
1.38169 -0.590679
1.20219 0.0927264
1.36355 -1.05808
0.482257 -0.528077
1.64331 -0.44531
0.596306 -0.45346
1.61916 -0.90114
0.0637154 -1.66281
-0.862901 -2.1012
-0.16067 -0.906898
-0.46395 -2.92049
0.298155 0.385256
1.40157 -2.79367
-1.05234 -1.11598
-0.227113 -1.55856
-0.756823 -1.94184
-0.330489 -1.23446
-0.735651 -2.49948
0.0431244 -0.308557
1.67023 -0.0910086
0.798878 -0.239719
1.49448 -1.43145
-0.3005 -3.37048
0.73962 1.16882
1.01062 -2.60995
-0.98334 -1.2789
-0.335094 -1.75568
-0.624405 -1.50807
-0.577229 -1.86673
-0.459257 -1.34435
-0.691824 -2.18132
-0.226903 -0.882269
-0.479093 -2.90478
0.288894 0.358563
1.41376 -2.75264
-1.0807 -1.22238
-0.188087 -1.40983
-0.794303 -2.31211
-0.068432 -0.609248
0.416416 -0.378795
1.6541 -0.91971
-0.0485361 -2.09981
-0.573325 -1.00698
-0.599837 -2.584
0.0354416 -0.213257
1.71797 -0.556066
0.175524 -1.38073
-0.754878 -3.07818
0.727475 0.902472
1.09638 -2.58685
-1.04249 -1.45496
-0.233686 -1.42377
-0.778088 -2.22253
-0.146561 -0.779641
-0.279664 -2.34232
-0.279306 -0.565295
0.0274202 -1.26522
-0.728141 -3.01791
0.613559 0.748413
1.16958 -2.76329
-0.970027 -1.0562
-0.334496 -1.88546
-0.556705 -1.29072
-0.650059 -2.21509
-0.2256 -0.832828
-0.421647 -2.78427
0.141587 0.133332
1.5579 -2.18042
-1.1547 -2.84256
1.21691 1.22502
1.04154 -1.43538
-0.153011 -2.25653
-0.399489 -0.698422
-0.360304 -2.5008
-0.127918 -0.333194
1.39696 0.539032
1.24221 -0.773769
1.25077 0.163615
1.34451 -0.979796
0.707513 -0.160032
1.48035 -1.66326
-0.512351 -3.88051
1.59181 1.65775
0.837668 -0.808181
1.46895 0.104407
1.27428 -0.328858
1.41805 -0.396373
1.25931 -0.0194278
1.3868 -0.800603
0.943371 0.065603
1.36529 -1.6474
-0.428856 -3.72092
1.30257 1.64363
0.924326 -1.30388
0.120008 -1.259
-0.661934 -3.17502
0.755276 0.989958
1.06522 -2.54526
-1.04857 -1.53521
-0.205782 -1.3216
-0.781171 -2.48437
0.0656397 -0.297119
1.6891 -0.237807
0.620493 -0.452427
1.61235 -0.924367
0.0506587 -1.70288
-0.848683 -1.97496
-0.248384 -1.12724
-0.702783 -2.80637
0.327396 0.279277
1.4243 -2.61265
-1.14916 -1.60019
0.014696 -0.789956
-0.0413302 -1.54069
-0.838417 -2.22691
-0.0958404 -0.717457
-0.0652988 -1.5898
-0.822958 -2.06801
-0.214709 -1.00275
-0.597236 -2.98525
0.451885 0.563434
1.28355 -2.89233
-0.93326 -0.824366
-0.294612 -1.90627
-0.563929 -1.26048
-0.647558 -2.25743
-0.198102 -0.765402
-0.30991 -2.43341
-0.198654 -0.428527
0.820419 0.286265
1.29122 -2.08857
-0.996728 -3.22582
1.36025 1.37903
1.01262 -1.10675
0.814253 0.0644803
1.37308 -1.87891
-0.749543 -3.7347
1.65763 1.50343
0.81658 -0.699342
1.55434 -0.210876
1.07657 -0.0293006
1.39808 -1.25959
-0.0253463 -1.87402
-0.732947 -1.47301
-0.523881 -1.88887
-0.47133 -1.30246
-0.68921 -2.24613
-0.184801 -0.778223
-0.316791 -2.46536
-0.171241 -0.379735
1.11972 0.544072
1.22274 -1.54269
-0.295088 -3.10518
0.42143 0.70492
1.251 -3.04615
-0.782879 -0.44867
-0.0175732 -1.25007
-0.735198 -2.96483
0.55173 0.646964
1.221 -2.81519
-0.959821 -0.969209
-0.324662 -1.9098
-0.547544 -1.25159
-0.655472 -2.28089
-0.177895 -0.726742
-0.220589 -2.1057
-0.474118 -0.939009
-0.588675 -2.74832
0.184966 0.0904526
1.55675 -2.11509
-1.11287 -3.04223
1.37409 1.32287
1.03005 -1.06086
0.943686 0.187316
1.32225 -1.76032
-0.557268 -3.80785
1.54013 1.63753
0.882593 -0.849351
1.41452 0.186504
1.30491 -0.529285
1.35189 -0.0540786
1.36441 -0.508913
1.28561 0.01188
1.37587 -0.756655
1.03407 0.11692
1.34914 -1.50036
-0.286344 -3.15404
0.472388 0.791112
1.2025 -3.02762
-0.768939 -0.453271
-0.0338714 -1.29996
-0.776215 -2.8319
0.430236 0.418468
1.33846 -2.76377
-1.04791 -1.17234
-0.241553 -1.57287
-0.745727 -1.89943
-0.358621 -1.29974
-0.734521 -2.34269
-0.087728 -0.597419
0.405775 -0.396791
1.66008 -0.826719
0.044192 -1.75185
-0.830282 -1.84245
-0.329872 -1.34157
-0.745617 -2.28902
-0.120876 -0.685158
-0.0220279 -1.44804
-0.836685 -2.49681
0.130248 -0.202265
1.70225 -0.940282
-0.159125 -2.68609
-0.0459961 -0.00194726
1.70783 -1.29537
-0.376653 -3.88117
1.47391 1.73274
0.878686 -0.989884
1.1431 0.332641
1.28982 -1.38221
-0.118944 -2.2094
-0.452418 -0.783704
-0.467701 -2.72467
0.103797 0.0269987
1.62436 -1.78813
-0.829449 -3.76928
1.79782 1.35453
0.580679 -0.855277
1.25834 0.416277
1.2777 -1.11105
0.530219 -0.415856
1.62924 -0.960619
-0.0378622 -2.03975
-0.621852 -1.12724
-0.610378 -2.40263
-0.109624 -0.528694
0.649769 0.0374355
1.41161 -2.05123
-0.987437 -3.33656
1.49637 1.40781
0.981148 -0.8226
1.41812 0.119446
1.31132 -0.471604
1.36676 -0.118313
1.36051 -0.405771
1.33394 -0.104884
1.37776 -0.508128
1.26595 0.027403
1.37583 -0.825887
0.929242 0.0607541
1.36729 -1.67034
-0.455907 -3.76466
1.38612 1.66619
0.918322 -1.12813
0.731676 -0.017596
1.41692 -1.88269
-0.775951 -3.72703
1.68065 1.47704
0.79143 -0.691258
1.56241 -0.227487
1.04781 -0.0302382
1.39833 -1.32411
-0.12668 -2.29771
-0.381513 -0.634017
-0.258471 -2.16166
-0.418052 -0.847121
-0.518115 -2.80955
0.209297 0.187134
1.506 -2.38834
-1.20188 -2.24251
0.621791 0.490951
1.2528 -2.5942
-1.10373 -1.58792
-0.0915883 -1.03673
-0.564165 -3.07292
0.534548 0.717851
1.20348 -2.88606
-0.894524 -0.781731
-0.311367 -1.99071
-0.505709 -1.12099
-0.658339 -2.51123
0.00327546 -0.328952
1.61483 0.160681
1.05511 -0.145837
1.43502 -1.16868
0.0778571 -1.5344
-0.866196 -2.47346
0.14053 -0.20274
1.69929 -0.969887
-0.175385 -2.78167
0.0469443 0.153704
1.59343 -2.09744
-1.12087 -3.04648
1.40049 1.32552
1.02823 -0.999598
1.10064 0.277233
1.30223 -1.45884
-0.228237 -2.77278
0.0589538 0.133419
1.59673 -2.05463
-1.09049 -3.16617
1.48626 1.35209
1.00253 -0.822485
1.40858 0.123346
1.31623 -0.500721
1.35111 -0.0715533
1.36644 -0.494266
1.29038 8.62062e-05
1.37718 -0.732384
1.06352 0.1241
1.34825 -1.43752
-0.226547 -2.79422
0.0781497 0.169323
1.57188 -2.19497
-1.16839 -2.78118
1.17515 1.18856
1.04407 -1.53779
-0.298342 -3.00063
0.309651 0.519192
1.35637 -2.9764
-0.901298 -0.665365
-0.215825 -1.74437
-0.690992 -1.57815
-0.520216 -1.75818
-0.536645 -1.49653
-0.625452 -1.89861
-0.421378 -1.30526
-0.710396 -2.27713
-0.151212 -0.721009
-0.17143 -1.9351
-0.61061 -1.24575
-0.624274 -2.25197
-0.212683 -0.774569
-0.33662 -2.52376
-0.117672 -0.291334
1.52678 0.402445
1.19789 -0.372414
1.45496 -0.514337
1.11536 0.0692963
1.36817 -1.26344
0.0106714 -1.73177
-0.819817 -1.83998
-0.338698 -1.35256
-0.742011 -2.25863
-0.145224 -0.739158
-0.202054 -2.04869
-0.521684 -1.03702
-0.627625 -2.60595
0.0700673 -0.165255
1.71251 -0.918424
-0.159542 -2.69919
-0.0341777 0.0194198
1.69417 -1.42321
-0.474879 -3.99608
1.70214 1.64442
0.706537 -0.813416
1.44662 0.222841
1.28208 -0.465955
1.39567 -0.184029
1.33715 -0.266443
1.37981 -0.320655
1.33418 -0.160411
1.38159 -0.44882
1.29054 -0.0233279
1.38147 -0.709874
1.08232 0.124471
1.3492 -1.39256
-0.175343 -2.51117
-0.188859 -0.286039
1.40881 0.546571
1.23806 -0.743989
1.28736 0.133592
1.34955 -0.853804
0.943769 0.0824067
1.35929 -1.66369
-0.445044 -3.7442
1.34856 1.65715
0.922246 -1.2051
0.457568 -0.467375
1.6536 -0.645757
0.304383 -1.01518
-0.0577528 -1.66495
-0.807296 -1.90073
-0.318475 -1.27204
-0.7452 -2.44006
-0.0016325 -0.413702
1.42932 0.483794
1.24605 -0.658837
1.34733 0.0357901
1.35508 -0.603056
1.23865 0.0860806
1.36449 -0.952791
0.717531 -0.153475
1.47545 -1.66801
-0.514605 -3.87869
1.59157 1.65651
0.838315 -0.807667
1.46946 0.102732
1.27386 -0.326451
1.41833 -0.400704
1.25695 -0.0154398
1.38632 -0.81099
0.927968 0.0551461
1.36934 -1.66689
-0.452661 -3.76155
1.379 1.66534
0.919003 -1.14266
0.680933 -0.0887893
1.45643 -1.81518
-0.703651 -3.81985
1.71054 1.50257
0.734933 -0.732106
1.54319 -0.053721
1.15732 -0.0944846
1.41498 -0.992182
0.500678 -0.510678
1.64452 -0.553982
0.460576 -0.683548
1.50439 0.228472
1.23439 -0.32604
1.43779 -0.497861
1.16507 0.0642177
1.37112 -1.13218
0.289757 -0.935969
0.178977 -0.971774
-0.190708 -2.11481
-0.482719 -0.927977
-0.581044 -2.74513
0.177475 0.0817168
1.56406 -2.08085
-1.09101 -3.13458
1.44519 1.34941
1.01481 -0.906216
1.29111 0.257856
1.31969 -0.929791
0.869098 0.0333211
1.38011 -1.75091
-0.566227 -3.83882
1.58966 1.62765
0.850013 -0.793342
1.48295 0.0590526
1.26047 -0.264548
1.42318 -0.517603
1.17995 0.0691984
1.3699 -1.09747
0.374174 -0.746084
1.22966 0.468215
1.26062 -1.21517
0.279781 -0.927279
0.1839 -0.957473
-0.148571 -1.95469
-0.611279 -1.22072
-0.623735 -2.28673
-0.188831 -0.718994
-0.219204 -2.09651
-0.481037 -0.954312
-0.59709 -2.73048
0.171915 0.0593209
1.57675 -2.00787
-1.03514 -3.32489
1.57521 1.37147
0.945659 -0.684487
1.52591 -0.237902
1.1294 -0.0205248
1.3954 -1.14198
0.215297 -1.12799
-0.402333 -2.97834
0.331009 0.484028
1.35766 -2.91869
-0.947857 -0.79926
-0.262691 -1.81823
-0.628913 -1.41959
-0.595647 -1.99392
-0.384263 -1.16235
-0.704971 -2.56916
0.0846106 -0.196561
1.71299 -0.81772
-0.0809294 -2.28645
-0.414614 -0.662682
-0.321654 -2.36594
-0.245726 -0.536345
0.202299 -0.81557
0.411919 -0.431311
1.66159 -0.697798
0.205508 -1.26526
-0.594248 -3.25516
0.79926 1.08432
1.03238 -2.46049
-1.06953 -1.74234
-0.0962812 -0.988173
-0.511966 -3.03385
0.451921 0.615853
1.2668 -2.93726
-0.888069 -0.707509
-0.265926 -1.88849
-0.588364 -1.29597
-0.633879 -2.1909
-0.249063 -0.870806
-0.47925 -2.89028
0.273609 0.331314
1.42874 -2.70741
-1.10937 -1.34182
-0.130161 -1.21672
-0.742764 -2.8306
0.39294 0.372723
1.36758 -2.73304
-1.07654 -1.26303
-0.196653 -1.41597
-0.791525 -2.28657
-0.0901128 -0.657599
0.147445 -0.981167
-0.258244 -2.3778
-0.260936 -0.506482
0.28192 -0.628692
1.39439 0.434948
1.26623 -0.732645
1.26094 0.138742
1.35037 -0.932575
0.793819 -0.0553356
1.42212 -1.74976
-0.587272 -3.85982
1.6376 1.60402
0.809449 -0.757685
1.5192 -0.0261131
1.20467 -0.139297
1.42045 -0.819266
0.825173 -0.0491549
1.41569 -1.71502
-0.535838 -3.85284
1.57823 1.64645
0.852965 -0.8128
1.46242 0.109844
1.27994 -0.348683
1.41398 -0.355351
1.28161 -0.061468
1.39037 -0.697191
1.07808 0.118627
1.35083 -1.39793
-0.183156 -2.55322
-0.150695 -0.219091
1.62267 0.209283
1.04584 -0.161681
1.44041 -1.16731
0.0697091 -1.56236
-0.868816 -2.38056
0.0576522 -0.386035
1.58332 0.224232
1.12615 -0.188415
1.44177 -0.952289
0.509876 -0.503294
1.64377 -0.600696
0.402421 -0.796695
1.11874 0.436671
1.25512 -1.49974
-0.257206 -2.90932
0.200129 0.361385
1.45001 -2.75443
-1.09058 -1.2203
-0.169229 -1.36108
-0.795545 -2.45085
0.0479475 -0.3472
1.63119 0.0820249
0.996411 -0.132618
1.43359 -1.30736
-0.141918 -2.39036
-0.30152 -0.480498
0.284346 -0.615981
1.43019 0.401974
1.26202 -0.615546
1.35642 -0.00353037
1.35677 -0.542989
1.27736 0.0355451
1.37244 -0.80119
0.976801 0.0928512
1.35567 -1.60534
-0.381699 -3.60039
1.09834 1.5238
0.928592 -1.77324
-0.657576 -3.59805
1.3595 1.55067
0.957793 -1.1511
0.66678 -0.117675
1.47191 -1.77212
-0.653429 -3.86227
1.70837 1.53377
0.729749 -0.748791
1.52901 0.00602225
1.19392 -0.144061
1.42309 -0.841371
0.779239 -0.099667
1.44198 -1.69994
-0.532097 -3.86624
1.592 1.64652
0.841428 -0.801856
1.47538 0.0857301
1.26851 -0.300476
1.42109 -0.449319
1.22788 0.0255511
1.38007 -0.929471
0.726645 -0.14709
1.4709 -1.67233
-0.516668 -3.87696
1.59127 1.65539
0.838966 -0.807256
1.46986 0.101335
1.27354 -0.324527
1.41854 -0.404136
1.25507 -0.012328
1.38593 -0.819191
0.915556 0.0461436
1.37298 -1.68104
-0.471089 -3.78633
1.42921 1.67127
0.911549 -1.04409
1.0014 0.26039
1.29935 -1.68842
-0.456461 -3.72398
1.3309 1.64309
0.926421 -1.23995
0.335476 -0.720612
1.22912 0.476812
1.25814 -1.22043
0.269285 -0.951735
0.0624307 -1.28302
-0.726294 -3.04901
0.653153 0.809562
1.13991 -2.71256
-0.989152 -1.15899
-0.325134 -1.80069
-0.606784 -1.43327
-0.604731 -1.97978
-0.388074 -1.18452
-0.709712 -2.52629
0.0486993 -0.275533
1.6968 -0.283522
0.54885 -0.565058
1.63007 -0.422969
0.671671 -0.338802
1.56211 -1.27557
-0.236828 -3.03721
0.322792 0.583746
1.33152 -3.04256
-0.832453 -0.505381
-0.0856147 -1.4188
-0.821285 -2.45233
0.0730032 -0.313376
1.68071 -0.182772
0.697618 -0.347606
1.55843 -1.2502
-0.214423 -2.88802
0.162786 0.328289
1.47612 -2.6747
-1.13739 -1.42604
-0.0583457 -1.01245
-0.511563 -3.05692
0.479045 0.660407
1.24206 -2.93456
-0.876462 -0.696707
-0.268576 -1.9059
-0.576974 -1.26562
-0.64103 -2.24223
-0.211609 -0.790014
-0.357176 -2.59627
-0.050679 -0.17845
1.72122 -0.4004
0.332632 -0.992503
0.0852921 -1.23077
-0.656135 -3.15811
0.726036 0.952667
1.08055 -2.60224
-1.02631 -1.39196
-0.268126 -1.53573
-0.743687 -1.95269
-0.332667 -1.22225
-0.732535 -2.52026
0.0595244 -0.271077
1.70176 -0.348987
0.465091 -0.711764
1.45821 0.306388
1.26393 -0.486489
1.40576 -0.190553
1.32699 -0.236146
1.38764 -0.381982
1.3083 -0.0805843
1.38543 -0.6037
1.18428 0.10101
1.36107 -1.11302
0.3569 -0.7806
1.06571 0.418866
1.25382 -1.6269
-0.380401 -3.52179
0.990206 1.42108
0.941143 -2.03084
-0.980082 -3.00884
1.00707 1.13479
1.02876 -1.961
-0.878293 -3.35747
1.32534 1.42508
0.996533 -1.19994
0.505752 -0.392212
1.6305 -1.01307
-0.0982227 -2.30438
-0.391232 -0.628124
-0.255839 -2.14802
-0.428632 -0.868834
-0.537889 -2.81012
0.219996 0.192782
1.49926 -2.40912
-1.20137 -2.18254
0.558893 0.383384
1.30673 -2.58883
-1.12383 -1.63702
-0.0316157 -0.883032
-0.318318 -2.54416
-0.107465 -0.254854
1.61218 0.219684
1.07009 -0.166819
1.44048 -1.1083
0.185533 -1.22229
-0.55712 -3.23564
0.739823 1.02501
1.05584 -2.5867
-1.02233 -1.40417
-0.272043 -1.53866
-0.741044 -1.94358
-0.33897 -1.23636
-0.733778 -2.48591
0.0297385 -0.335762
1.63037 0.0951788
1.00238 -0.134363
1.43389 -1.29321
-0.12386 -2.30356
-0.378446 -0.624752
-0.240475 -2.09911
-0.469018 -0.948135
-0.594723 -2.74808
0.188204 0.0922459
1.55449 -2.12404
-1.11802 -3.01808
1.35451 1.31382
1.03257 -1.10573
0.812039 0.0571999
1.37609 -1.87368
-0.74318 -3.74289
1.6603 1.5059
0.812205 -0.70107
1.55434 -0.204021
1.07988 -0.0309719
1.39861 -1.25008
-0.00936159 -1.8152
-0.773231 -1.61948
-0.457256 -1.6801
-0.600102 -1.61625
-0.555871 -1.71101
-0.540716 -1.56999
-0.601287 -1.7835
-0.4877 -1.46822
-0.6569 -1.95701
-0.37633 -1.22348
-0.720848 -2.46872
0.00573268 -0.376789
1.53181 0.353104
1.19729 -0.336273
1.45289 -0.571781
1.06862 0.0757058
1.36423 -1.38279
-0.173872 -2.51224
-0.188596 -0.284224
1.41475 0.542622
1.23755 -0.725809
1.30503 0.113091
1.35173 -0.787475
1.04368 0.132545
1.34441 -1.49153
-0.276813 -3.09327
0.400128 0.682784
1.2671 -3.05645
-0.783249 -0.436844
0.00703162 -1.18345
-0.659039 -3.10378
0.655448 0.849536
1.1264 -2.72217
-0.975125 -1.11959
-0.338556 -1.85856
-0.569641 -1.33455
-0.640055 -2.14125
-0.277899 -0.947696
-0.570351 -2.94126
0.38146 0.460299
1.34407 -2.85392
-0.99014 -0.948606
-0.278651 -1.78535
-0.637872 -1.47252
-0.579128 -1.9156
-0.433542 -1.27362
-0.705323 -2.32426
-0.119724 -0.642759
0.123642 -1.03695
-0.374367 -2.83411
0.171161 0.223051
1.50879 -2.44425
-1.20347 -2.0704
0.461141 0.201612
1.40237 -2.4419
-1.17857 -2.10752
0.412921 0.127979
1.44744 -2.32808
-1.17728 -2.46034
0.786387 0.759911
1.13549 -2.41688
-1.11498 -2.01829
0.163441 -0.354781
1.68348 -0.313142
0.574616 -0.514613
1.6318 -0.658493
0.369047 -0.859796
0.768528 0.131154
1.35327 -2.02783
-0.942269 -3.40974
1.51214 1.43158
0.96669 -0.803282
1.4433 0.074321
1.29764 -0.371128
1.40009 -0.282899
1.31931 -0.157245
1.38904 -0.492173
1.25728 0.0261948
1.37719 -0.848971
0.886692 0.0266011
1.3815 -1.71213
-0.514249 -3.82527
1.52146 1.66125
0.88458 -0.885363
1.36146 0.256346
1.31135 -0.726358
1.19805 0.149452
1.34788 -1.11454
0.381799 -0.723197
1.31459 0.452945
1.27016 -0.968988
0.888051 0.0681672
1.36604 -1.75644
-0.56765 -3.83156
1.58162 1.62812
0.856609 -0.800146
1.47532 0.0750953
1.26867 -0.293161
1.42083 -0.458767
1.22295 0.0320205
1.37879 -0.948836
0.689814 -0.195759
1.49941 -1.60356
-0.456058 -3.84865
1.49901 1.69197
0.884054 -0.932143
1.27653 0.318383
1.30456 -1.00785
0.733164 -0.113304
1.45564 -1.72667
-0.577484 -3.87847
1.65149 1.60496
0.792215 -0.757982
1.52045 -0.0153222
1.20439 -0.144006
1.42147 -0.81442
0.830586 -0.044161
1.41313 -1.71403
-0.533055 -3.8506
1.57266 1.64868
0.856538 -0.81903
1.45503 0.124378
1.28532 -0.377488
1.40821 -0.302677
1.30511 -0.121419
1.39175 -0.569762
1.2004 0.0848422
1.36568 -1.05628
0.481436 -0.530273
1.64281 -0.43438
0.610411 -0.432182
1.61023 -0.983085
-0.0212917 -1.96247
-0.683057 -1.29308
-0.582214 -2.1475
-0.299143 -0.931832
-0.563081 -2.92422
0.35738 0.4231
1.36548 -2.82293
-1.02029 -1.03302
-0.261003 -1.6913
-0.691596 -1.6529
-0.494712 -1.65473
-0.592701 -1.65453
-0.545531 -1.65497
-0.568326 -1.65352
-0.557861 -1.656
-0.56198 -1.65212
-0.56148 -1.65799
-0.559459 -1.64921
-0.563817 -1.66232
-0.556648 -1.64281
-0.567616 -1.6719
-0.551052 -1.62867
-0.575634 -1.69327
-0.538631 -1.59745
-0.592957 -1.74136
-0.510221 -1.52841
-0.629426 -1.85312
-0.441945 -1.37117
-0.69676 -2.14461
-0.247835 -0.939452
-0.550184 -2.96045
0.390455 0.488621
1.33156 -2.87991
-0.965689 -0.880134
-0.283153 -1.83655
-0.60866 -1.3813
-0.613421 -2.05598
-0.341255 -1.07369
-0.674463 -2.76312
0.256735 0.16646
1.49392 -2.37136
-1.19711 -2.30228
0.669564 0.572082
1.21449 -2.56752
-1.10061 -1.63539
-0.0814102 -0.996276
-0.51029 -3.04122
0.459587 0.629478
1.25946 -2.93817
-0.883249 -0.70046
-0.265062 -1.89066
-0.587555 -1.29245
-0.634517 -2.19655
-0.24509 -0.862028
-0.467351 -2.87268
0.249479 0.296483
1.45008 -2.64109
-1.14503 -1.52026
-0.019975 -0.892966
-0.320702 -2.55895
-0.0944655 -0.231595
1.65843 0.0583389
0.91148 -0.171199
1.45318 -1.40349
-0.255111 -3.05203
0.346139 0.609603
1.31336 -3.04937
-0.816554 -0.480726
-0.0564057 -1.34402
-0.802101 -2.68727
0.29046 0.145409
1.48822 -2.34138
-1.19088 -2.3994
0.758884 0.712227
1.15364 -2.45919
-1.11294 -1.90487
0.0798884 -0.557075
1.1539 0.512939
1.23728 -1.4401
-0.17939 -2.4709
-0.220051 -0.350866
1.09739 0.540798
1.22036 -1.59959
-0.350051 -3.38167
0.783729 1.19786
0.99801 -2.51148
-1.03235 -1.53896
-0.229548 -1.37355
-0.780435 -2.33714
-0.0596483 -0.575866
0.601188 -0.0472727
1.45892 -1.94246
-0.881321 -3.59465
1.65704 1.42817
0.840042 -0.657888
1.56395 -0.343767
0.968438 -0.0356118
1.40095 -1.48539
-0.294351 -3.24605
0.583544 0.954469
1.11064 -2.89925
-0.823726 -0.664482
-0.285544 -1.99605
-0.514418 -1.11328
-0.653404 -2.51417
0.0030025 -0.32534
1.61989 0.144865
1.04038 -0.14142
1.43437 -1.20592
0.0108244 -1.7576
-0.81019 -1.77868
-0.37265 -1.44555
-0.716362 -2.0518
-0.29343 -1.07954
-0.676984 -2.81685
0.317683 0.278186
1.42853 -2.61161
-1.15064 -1.60315
0.0194197 -0.77846
0.00583795 -1.3961
-0.821372 -2.68397
0.308555 0.167441
1.47228 -2.39604
-1.19408 -2.2361
0.58844 0.440011
1.27891 -2.603
-1.10922 -1.58012
-0.0828437 -1.01933
-0.538219 -3.066
0.507568 0.690257
1.22187 -2.91236
-0.883457 -0.733811
-0.290313 -1.95412
-0.537785 -1.18163
-0.656039 -2.39435
-0.0935975 -0.536568
0.668011 0.0627094
1.39742 -2.0709
-1.00293 -3.28426
1.45531 1.39753
0.99744 -0.899604
1.31001 0.252114
1.31992 -0.871966
0.976836 0.11622
1.34753 -1.62716
-0.400973 -3.64831
1.17936 1.5795
0.926836 -1.58222
-0.389133 -3.33568
0.749113 1.13062
1.02161 -2.58296
-1.00616 -1.36867
-0.298917 -1.62007
-0.701312 -1.76644
-0.444753 -1.49567
-0.670631 -1.92527
-0.386159 -1.2701
-0.723077 -2.37233
-0.0720522 -0.550986
0.67508 0.0699623
1.39304 -2.0737
-1.00434 -3.27712
1.44829 1.39599
0.999526 -0.91373
1.28604 0.267852
1.31738 -0.950563
0.831685 -0.00269939
1.39699 -1.76797
-0.598756 -3.84495
1.63022 1.59972
0.819344 -0.756617
1.51891 -0.0341856
1.20381 -0.134794
1.41963 -0.826814
0.814439 -0.0598397
1.42116 -1.7151
-0.539159 -3.85673
1.58646 1.64342
0.847274 -0.80433
1.47218 0.089878
1.27161 -0.310945
1.41964 -0.427416
1.24206 0.0076447
1.38309 -0.873994
0.826897 -0.0320512
1.40884 -1.73618
-0.56063 -3.85361
1.60327 1.62825
0.837502 -0.784356
1.49308 0.0389967
1.24802 -0.228952
1.4247 -0.59594
1.11058 0.0950528
1.36 -1.29805
-0.0422645 -1.92242
-0.694492 -1.35585
-0.568933 -2.0591
-0.35834 -1.0614
-0.667164 -2.75882
0.246688 0.152441
1.50368 -2.3327
-1.19334 -2.41707
0.78818 0.752706
1.13766 -2.41058
-1.11634 -2.04114
0.184229 -0.307619
1.69795 -0.618159
0.176181 -1.36619
-0.739704 -3.10787
0.750016 0.941913
1.08099 -2.54687
-1.05511 -1.55107
-0.190987 -1.28057
-0.773465 -2.59668
0.166121 -0.0807472
1.64476 -1.53492
-0.529664 -3.98413
1.73589 1.59219
0.6631 -0.829076
1.39861 0.307739
1.29117 -0.651517
1.29722 0.0763059
1.36072 -0.780017
1.03492 0.125071
1.34646 -1.5055
-0.289876 -3.17258
0.495264 0.824325
1.18289 -3.00814
-0.773997 -0.480783
-0.0833279 -1.43738
-0.824236 -2.41085
0.0388094 -0.391103
1.55033 0.306596
1.17789 -0.276216
1.4513 -0.707181
0.913006 0.0127809
1.38529 -1.64825
-0.437931 -3.74965
1.34979 1.66148
0.920797 -1.2037
0.461704 -0.459119
1.65282 -0.687702
0.250496 -1.14451
-0.387844 -2.9491
0.293332 0.429268
1.39012 -2.86212
-1.00288 -0.944737
-0.259164 -1.72927
-0.675366 -1.58267
-0.527536 -1.75417
-0.535106 -1.50324
-0.624381 -1.88835
-0.427027 -1.31992
-0.707606 -2.24631
-0.174547 -0.773276
-0.299049 -2.4037
-0.225514 -0.472863
0.529425 -0.142784
1.52247 -1.75537
-0.67343 -3.87622
1.74616 1.49703
0.668771 -0.787947
1.47064 0.197578
1.26733 -0.387374
1.41927 -0.330316
1.28252 -0.0754414
1.3925 -0.680376
1.09304 0.118358
1.35176 -1.36126
-0.135104 -2.31319
-0.365303 -0.607273
-0.19686 -1.95089
-0.587066 -1.20744
-0.635379 -2.32124
-0.158772 -0.662431
-0.032323 -1.47037
-0.838715 -2.42045
0.0614484 -0.352843
1.63526 0.058791
0.978187 -0.133372
1.4348 -1.34161
-0.183456 -2.60767
-0.104503 -0.131392
1.73104 -0.436034
0.256246 -1.17787
-0.426665 -3.07314
0.448912 0.664347
1.25254 -2.97926
-0.84407 -0.60069
-0.205357 -1.75567
-0.691148 -1.5629
-0.524811 -1.77917
-0.524909 -1.46551
-0.639274 -1.95058
-0.388096 -1.23151
-0.718413 -2.44176
-0.018747 -0.42809
1.34967 0.536306
1.24823 -0.905953
1.05071 0.181891
1.32856 -1.51488
-0.29218 -3.17114
0.494704 0.821999
1.18386 -3.0079
-0.77487 -0.482139
-0.0852905 -1.44265
-0.824344 -2.39456
0.0247664 -0.422577
1.45679 0.450372
1.24129 -0.568159
1.39936 -0.106608
1.33701 -0.332081
1.37372 -0.242058
1.35207 -0.2591
1.36887 -0.292509
1.35045 -0.215182
1.3722 -0.346037
1.33686 -0.148588
1.3795 -0.454383
1.291 -0.0209467
1.38093 -0.710859
1.0823 0.12479
1.34909 -1.3929
-0.175697 -2.51295
-0.187242 -0.283203
1.42054 0.538304
1.23701 -0.707939
1.32109 0.0910674
1.35313 -0.723972
1.1243 0.142296
1.34619 -1.30266
-0.0339898 -1.88527
-0.721318 -1.44044
-0.538183 -1.93619
-0.44025 -1.2356
-0.700591 -2.38555
-0.075557 -0.538
0.724061 0.141267
1.35618 -2.10486
-1.02454 -3.18831
1.36673 1.36692
1.01646 -1.08866
0.868384 0.122015
1.34727 -1.84924
-0.695864 -3.77161
1.64116 1.54072
0.825898 -0.720839
1.5417 -0.146399
1.13254 -0.0521534
1.40449 -1.10081
0.286291 -0.954851
0.0971092 -1.18838
-0.595776 -3.19305
0.715966 0.971062
1.07612 -2.62846
-1.00864 -1.31357
-0.300716 -1.65438
-0.686993 -1.70124
-0.479097 -1.58786
-0.625241 -1.76258
-0.485482 -1.50051
-0.649581 -1.90418
-0.407166 -1.29956
-0.716173 -2.29901
-0.131969 -0.681825
-0.0352772 -1.48606
-0.839691 -2.37522
0.0228413 -0.439974
1.40593 0.495637
1.25019 -0.729254
1.2859 0.125949
1.35145 -0.852075
0.942419 0.0806645
1.35992 -1.66466
-0.446411 -3.74667
1.35314 1.65839
0.921875 -1.19553
0.492074 -0.401992
1.63711 -0.959308
-0.0540532 -2.11179
-0.561369 -0.981736
-0.593509 -2.61985
0.0644718 -0.149306
1.71111 -0.975042
-0.194386 -2.91775
0.184097 0.380137
1.45116 -2.78606
-1.07272 -1.14045
-0.195034 -1.46081
-0.789628 -2.18827
-0.161991 -0.829783
-0.36947 -2.66484
0.0126098 -0.0672533
1.70688 -1.18555
-0.303172 -3.6283
1.07843 1.54841
0.917381 -1.82576
-0.744886 -3.51698
1.35354 1.50389
0.97292 -1.15241
0.66571 -0.122476
1.4742 -1.76366
-0.643198 -3.86882
1.70576 1.54136
0.731989 -0.750522
1.52755 0.00942365
1.19677 -0.148196
1.42355 -0.82909
0.799621 -0.0772326
1.42998 -1.70944
-0.536978 -3.86099
1.58989 1.64411
0.844103 -0.802077
1.47488 0.0851661
1.26903 -0.301267
1.42085 -0.446967
1.22961 0.0236189
1.38042 -0.922962
0.738969 -0.13153
1.46202 -1.68926
-0.53196 -3.87738
1.60619 1.64394
0.829298 -0.791477
1.4871 0.0627669
1.25592 -0.257995
1.42458 -0.537876
1.16168 0.0788297
1.36686 -1.15381
0.248275 -1.03509
-0.212937 -2.22781
-0.39188 -0.740971
-0.406611 -2.63961
0.00378325 -0.115218
1.72211 -0.932513
-0.1827 -2.85396
0.117662 0.273443
1.51372 -2.51944
-1.19569 -1.84568
0.265573 -0.201449
1.65239 -1.29745
-0.322272 -3.65121
1.12292 1.57684
0.917001 -1.71997
-0.582692 -3.61136
1.29504 1.55931
0.95111 -1.30101
0.146751 -1.19068
-0.5533 -3.21204
0.70513 0.979082
1.07521 -2.65388
-0.992221 -1.24306
-0.324682 -1.75162
-0.631502 -1.51769
-0.570792 -1.85178
-0.469526 -1.36506
-0.684873 -2.13952
-0.257229 -0.949
-0.563596 -2.9568
0.394908 0.487747
1.33003 -2.87505
-0.968621 -0.891099
-0.284324 -1.83396
-0.609472 -1.38548
-0.612306 -2.04954
-0.345479 -1.08307
-0.679286 -2.74424
0.240229 0.131832
1.51475 -2.27862
-1.18192 -2.57886
0.950661 0.967729
1.07191 -2.0798
-0.995431 -3.06169
1.11843 1.23246
1.01969 -1.68877
-0.483394 -3.60181
1.18481 1.54027
0.940076 -1.56236
-0.360005 -3.23278
0.602473 0.942489
1.1092 -2.85819
-0.858533 -0.76077
-0.331253 -2.07583
-0.443511 -0.987182
-0.620065 -2.74478
0.200098 0.0967335
1.54716 -2.15021
-1.1319 -2.94722
1.29479 1.28159
1.03736 -1.24657
0.350646 -0.711057
1.29125 0.467594
1.26586 -1.04209
0.72806 -0.108063
1.45448 -1.74061
-0.595931 -3.87529
1.66576 1.58873
0.77867 -0.751211
1.52682 -0.0274316
1.19204 -0.127584
1.41971 -0.865705
0.744362 -0.139624
1.46431 -1.6698
-0.50867 -3.8694
1.57406 1.66225
0.850691 -0.824925
1.4487 0.141623
1.28894 -0.405884
1.40196 -0.254768
1.32242 -0.181437
1.38898 -0.456899
1.27596 -0.00519614
1.38106 -0.767881
1.00636 0.103466
1.35265 -1.551
-0.331067 -3.39983
0.795325 1.22338
0.989568 -2.48711
-1.03973 -1.59777
-0.201283 -1.28213
-0.772667 -2.57734
0.146178 -0.120987
1.67103 -1.33435
-0.365761 -3.82002
1.3842 1.71433
0.901789 -1.14833
0.650587 -0.130432
1.48134 -1.75698
-0.639457 -3.87433
1.70865 1.54195
0.726882 -0.754249
1.52374 0.0265113
1.20496 -0.164267
1.42549 -0.78856
0.862268 -0.0158679
1.39919 -1.70213
-0.509884 -3.83281
1.52732 1.66378
0.880611 -0.878577
1.37251 0.245886
1.31073 -0.687872
1.23795 0.124635
1.35476 -0.985926
0.669523 -0.216164
1.51305 -1.56987
-0.430216 -3.82355
1.44296 1.69687
0.899864 -1.02824
1.04438 0.289491
1.29294 -1.60615
-0.365994 -3.50011
0.950584 1.38693
0.946288 -2.12594
-1.04258 -2.69962
0.712769 0.729583
1.15444 -2.56174
-1.07999 -1.59409
-0.135165 -1.13453
-0.684089 -2.96218
0.496285 0.58563
1.25987 -2.85397
-0.950856 -0.901883
-0.311012 -1.90978
-0.554014 -1.25272
-0.652403 -2.27518
-0.18342 -0.73635
-0.245664 -2.19755
-0.398693 -0.789606
-0.460013 -2.75283
0.127178 0.0771415
1.58966 -1.99369
-1.03113 -3.34591
1.59442 1.36816
0.929861 -0.661417
1.53829 -0.309327
1.0621 -0.00310625
1.3896 -1.32085
-0.112862 -2.22966
-0.440569 -0.750839
-0.433355 -2.66987
0.0402452 -0.0670821
1.69561 -1.26982
-0.344551 -3.78286
1.31749 1.69668
0.907699 -1.28477
0.168051 -1.12313
-0.444159 -3.06944
0.454077 0.661693
1.25133 -2.97028
-0.851195 -0.620444
-0.2208 -1.79499
-0.663112 -1.47967
-0.563454 -1.90012
-0.448413 -1.29333
-0.699339 -2.27794
-0.156935 -0.723128
-0.184578 -1.98065
-0.575033 -1.15923
-0.636894 -2.39798
-0.10053 -0.533842
0.656864 0.0468952
1.40619 -2.05888
-0.993536 -3.31651
1.48087 1.40432
0.987954 -0.850663
1.38301 0.175941
1.32007 -0.610681
1.28683 0.0623187
1.36533 -0.797739
0.998486 0.107599
1.35101 -1.57218
-0.349227 -3.47976
0.91179 1.3531
0.952672 -2.21854
-1.07321 -2.39485
0.413069 0.204384
1.41833 -2.46579
-1.18099 -2.03305
0.356222 0.0109996
1.5179 -2.06231
-1.04858 -3.239
1.48949 1.37495
0.994203 -0.82401
1.41087 0.124676
1.31483 -0.495365
1.35473 -0.0808685
1.36536 -0.475256
1.30115 -0.0207955
1.37838 -0.682531
1.12067 0.126571
1.3508 -1.29921
-0.0332108 -1.88419
-0.722414 -1.4435
-0.536875 -1.93174
-0.443191 -1.24187
-0.699969 -2.37213
-0.0864227 -0.561829
0.574001 -0.0880962
1.48424 -1.87305
-0.805634 -3.72473
1.71532 1.4388
0.743873 -0.699917
1.56417 -0.169551
1.07211 -0.0422731
1.40218 -1.25572
-0.0245793 -1.87286
-0.734056 -1.47626
-0.522437 -1.88417
-0.474385 -1.30915
-0.687558 -2.2327
-0.194901 -0.800455
-0.357613 -2.60675
-0.0416714 -0.161385
1.72757 -0.527578
0.171777 -1.3976
-0.773225 -3.035
0.691066 0.840496
1.12218 -2.64625
-1.02197 -1.31862
-0.281947 -1.60635
-0.714767 -1.80284
-0.421557 -1.44319
-0.69422 -2.02758
-0.31911 -1.11902
-0.698716 -2.72243
0.232147 0.102942
1.53031 -2.19936
-1.15325 -2.81338
1.17284 1.195
1.04171 -1.5446
-0.30662 -3.0431
0.358436 0.594814
1.31238 -3.02288
-0.839532 -0.539157
-0.130947 -1.54409
-0.803743 -2.08248
-0.220206 -0.994303
-0.591527 -2.98287
0.444841 0.55511
1.28893 -2.89308
-0.935381 -0.825824
-0.292957 -1.9
-0.568348 -1.27121
-0.645147 -2.23863
-0.212113 -0.795624
-0.365118 -2.62285
-0.0253386 -0.136292
1.72982 -0.721812
-0.0342076 -2.09506
-0.585654 -1.02461
-0.601644 -2.55369
0.00974306 -0.267507
1.68794 -0.170979
0.678992 -0.376194
1.57362 -1.17551
-0.167619 -2.61996
-0.100364 -0.110128
1.73722 -0.567602
0.0957532 -1.63097
-0.877225 -2.24825
-0.0427663 -0.62657
0.424252 -0.367505
1.64922 -0.977815
-0.0985786 -2.31967
-0.37909 -0.602409
-0.20016 -1.95718
-0.581409 -1.19524
-0.637392 -2.34253
-0.142222 -0.627079
0.123046 -1.03404
-0.370949 -2.82149
0.157573 0.201038
1.52306 -2.37832
-1.20539 -2.26191
0.654521 0.542336
1.22771 -2.57568
-1.10219 -1.62254
-0.0828877 -1.00429
-0.520797 -3.05148
0.478441 0.653789
1.24442 -2.93065
-0.881101 -0.707556
-0.272819 -1.91263
-0.570929 -1.25335
-0.644221 -2.2641
-0.195089 -0.754863
-0.290347 -2.36151
-0.260789 -0.53713
0.163051 -0.908583
-0.0595458 -1.63596
-0.814868 -1.96633
-0.279069 -1.16869
-0.723984 -2.69062
0.219194 0.0602935
1.55466 -2.07195
-1.07818 -3.17194
1.46539 1.35815
1.00725 -0.866383
1.35378 0.204227
1.3236 -0.714137
1.19032 0.144702
1.34895 -1.13176
0.33763 -0.819372
0.850001 0.235102
1.30739 -1.9896
-0.884608 -3.50317
1.54179 1.46021
0.941414 -0.767547
1.48255 -0.0178967
1.25728 -0.210704
1.41944 -0.594854
1.12316 0.0969037
1.36004 -1.26813
0.0131266 -1.72013
-0.825113 -1.87172
-0.319881 -1.30283
-0.747941 -2.37701
-0.0517128 -0.527855
0.85427 0.302748
1.28332 -2.03585
-0.938284 -3.37546
1.45752 1.43169
0.985991 -0.906004
1.3046 0.26141
1.31811 -0.893398
0.942284 0.0942969
1.35506 -1.67851
-0.460953 -3.76369
1.38931 1.66461
0.918655 -1.12103
0.756435 0.0149545
1.39981 -1.89922
-0.790714 -3.69998
1.6653 1.47626
0.814271 -0.685206
1.56078 -0.254976
1.03663 -0.0259003
1.39689 -1.35373
-0.164151 -2.48103
-0.218389 -0.333907
1.17058 0.57445
1.22176 -1.41877
-0.141171 -2.27923
-0.38829 -0.662503
-0.306713 -2.32857
-0.279061 -0.591406
-0.0495068 -1.49273
-0.836547 -2.33282
-0.0156074 -0.525163
0.988306 0.429209
1.24286 -1.82117
-0.632276 -3.75863
1.55283 1.59562
0.889139 -0.813599
1.45595 0.100619
1.28593 -0.358267
1.40951 -0.327864
1.29659 -0.0947679
1.39133 -0.621428
1.15676 0.10907
1.35789 -1.1922
0.177354 -1.21648
-0.557466 -3.23126
0.73423 1.01717
1.05899 -2.59772
-1.01772 -1.37732
-0.282176 -1.57637
-0.724866 -1.86103
-0.389223 -1.35924
-0.721118 -2.2024
-0.196776 -0.841221
-0.411546 -2.77459
0.128352 0.116566
1.57133 -2.11419
-1.12008 -3.02688
1.37189 1.31834
1.03145 -1.06504
0.931474 0.176853
1.32585 -1.777
-0.58216 -3.81086
1.56914 1.62166
0.868628 -0.80846
1.465 0.0929995
1.2783 -0.330422
1.4157 -0.384412
1.26802 -0.032921
1.38803 -0.763341
0.996498 0.0954077
1.35515 -1.56527
-0.344368 -3.46254
0.88571 1.32584
0.959106 -2.27996
-1.07952 -2.19984
0.232166 -0.168327
1.65313 -1.35137
-0.360588 -3.7886
1.33795 1.69786
0.908207 -1.24029
0.320663 -0.749838
1.08823 0.438262
1.25056 -1.57924
-0.333482 -3.32904
0.706634 1.10545
1.03477 -2.67501
-0.95409 -1.13619
-0.365233 -1.91667
-0.524969 -1.23981
-0.665703 -2.31392
-0.149086 -0.670853
-0.0377073 -1.48936
-0.83936 -2.36243
0.0116505 -0.465087
1.3024 0.542647
1.24648 -1.04241
0.761832 -0.0593429
1.42856 -1.78397
-0.639977 -3.84705
1.67544 1.55879
0.774449 -0.736987
1.53802 -0.0696809
1.16314 -0.0912072
1.41374 -0.981244
0.527715 -0.461901
1.63846 -0.789982
0.15905 -1.38068
-0.764565 -3.04497
0.693719 0.848953
1.11896 -2.64342
-1.02202 -1.32282
-0.28157 -1.60327
-0.716047 -1.80904
-0.418089 -1.43429
-0.697633 -2.04538
-0.307184 -1.09195
-0.684887 -2.78057
0.283771 0.210237
1.46621 -2.47776
-1.1911 -1.98787
0.351763 -0.00749777
1.52793 -2.01375
-1.00741 -3.36497
1.57306 1.38753
0.942458 -0.694134
1.52336 -0.213359
1.14542 -0.0318656
1.39845 -1.09023
0.324386 -0.864545
0.60324 -0.103789
1.48257 -1.83168
-0.746607 -3.79342
1.7272 1.46608
0.714378 -0.733358
1.54173 -0.0291345
1.16566 -0.108549
1.41796 -0.955083
0.571711 -0.388368
1.60902 -1.0949
-0.14218 -2.5085
-0.205469 -0.289109
1.36339 0.573689
1.23806 -0.8825
1.10734 0.201125
1.32669 -1.39021
-0.156559 -2.4036
-0.284163 -0.458557
0.421815 -0.332757
1.64024 -1.10315
-0.191793 -2.82325
0.0920881 0.221322
1.54428 -2.35965
-1.20902 -2.30229
0.711116 0.629186
1.18765 -2.52029
-1.10778 -1.75183
-0.0170627 -0.812346
-0.164095 -1.95112
-0.6048 -1.21999
-0.627024 -2.29187
-0.183697 -0.710652
-0.195481 -2.01115
-0.549681 -1.10275
-0.637693 -2.49626
-0.0208153 -0.362284
1.52221 0.378112
1.20489 -0.369834
1.45201 -0.502219
1.13165 0.0668057
1.36951 -1.22034
0.0952632 -1.45652
-0.840309 -2.72093
0.374299 0.278767
1.40623 -2.60159
-1.14829 -1.63055
0.0235843 -0.761124
0.0756852 -1.19506
-0.621909 -3.17378
0.713894 0.954016
1.08187 -2.62907
-1.01135 -1.31894
-0.296682 -1.64181
-0.69406 -1.72675
-0.465141 -1.55176
-0.644151 -1.82442
-0.448433 -1.41355
-0.687357 -2.06635
-0.300326 -1.06117
-0.665816 -2.83269
0.326601 0.301722
1.41701 -2.65137
-1.13203 -1.49215
-0.0575882 -0.989781
-0.483759 -3.01904
0.417932 0.577262
1.29262 -2.94435
-0.896014 -0.707111
-0.257503 -1.85949
-0.609067 -1.34852
-0.617939 -2.10403
-0.310731 -1.00245
-0.6256 -2.88334
0.353508 0.376009
1.38198 -2.75929
-1.06642 -1.19886
-0.212466 -1.48379
-0.779751 -2.11664
-0.215785 -0.954598
-0.550084 -2.98357
0.417152 0.534119
1.30651 -2.90335
-0.936034 -0.811403
-0.284144 -1.88049
-0.583815 -1.30568
-0.635515 -2.1786
-0.256283 -0.88997
-0.50361 -2.91892
0.316825 0.391194
1.39203 -2.79697
-1.04696 -1.10556
-0.234326 -1.58298
-0.746113 -1.88491
-0.365519 -1.32066
-0.732346 -2.2958
-0.124411 -0.680276
-0.0146347 -1.42473
-0.831599 -2.5705
0.198045 -0.0575175
1.61913 -1.67977
-0.679421 -3.92371
1.80757 1.44097
0.540107 -0.942686
0.882939 0.235617
1.3058 -1.92556
-0.796579 -3.64416
1.60082 1.49701
0.883595 -0.716967
1.53098 -0.165108
1.14813 -0.0496599
1.40336 -1.06467
0.370195 -0.765171
1.15591 0.456631
1.2543 -1.41081
-0.143165 -2.30343
-0.368805 -0.6224
-0.228407 -2.06034
-0.500719 -1.01302
-0.623443 -2.65509
0.113613 -0.0744586
1.66621 -1.43757
-0.451428 -3.95835
1.63579 1.68343
0.784548 -0.805758
1.47237 0.130196
1.27013 -0.338394
1.4202 -0.393282
1.2573 -0.0191546
1.38706 -0.806445
0.933467 0.0587147
1.36793 -1.6599
-0.443985 -3.74805
1.3529 1.65958
0.92147 -1.1964
0.488634 -0.408306
1.63957 -0.931114
-0.027424 -2.00428
-0.652232 -1.2042
-0.601547 -2.28209
-0.201917 -0.725759
-0.247744 -2.19799
-0.397459 -0.788974
-0.458998 -2.75193
0.125903 0.0755225
1.59101 -1.9866
-1.02525 -3.36304
1.60494 1.36794
0.919691 -0.651373
1.54395 -0.342402
1.02561 -0.00605655
1.39022 -1.39958
-0.211351 -2.73497
0.01815 0.0728903
1.64479 -1.76763
-0.828793 -3.78187
1.81129 1.34071
0.547593 -0.902596
1.0525 0.373765
1.26661 -1.63629
-0.391785 -3.56636
1.05949 1.4832
0.933725 -1.86484
-0.792139 -3.46177
1.34034 1.47471
0.981805 -1.17574
0.587026 -0.24778
1.55006 -1.50553
-0.3965 -3.78886
1.36769 1.69123
0.91053 -1.17471
0.560464 -0.277799
1.57128 -1.41793
-0.340431 -3.64067
1.12204 1.56628
0.920087 -1.72059
-0.581662 -3.61276
1.29594 1.56031
0.950881 -1.29913
0.152521 -1.17484
-0.527141 -3.19641
0.664061 0.935175
1.09682 -2.73056
-0.952011 -1.06551
-0.357542 -1.94213
-0.513803 -1.19917
-0.668049 -2.38599
-0.0937074 -0.548111
0.61326 -0.0224528
1.44522 -1.98071
-0.921634 -3.51039
1.61134 1.42421
0.896086 -0.67303
1.54512 -0.290461
1.05623 -0.0100424
1.39178 -1.32697
-0.123917 -2.2814
-0.395455 -0.66156
-0.309622 -2.33497
-0.273235 -0.582022
-0.0124698 -1.38238
-0.816526 -2.68079
0.299378 0.15305
1.48157 -2.36204
-1.19269 -2.33808
0.694297 0.6139
1.19569 -2.545
-1.10225 -1.68518
-0.0585584 -0.926996
-0.406519 -2.84024
0.190015 0.233224
1.49695 -2.48214
-1.19769 -1.96311
0.353871 -0.00928258
1.52787 -2.01066
-1.00418 -3.3734
1.57793 1.38811
0.93832 -0.688488
1.52692 -0.230724
1.13043 -0.0230676
1.39614 -1.13679
0.225178 -1.10277
-0.357069 -2.82233
0.153076 0.203392
1.52412 -2.37989
-1.20581 -2.2563
0.650018 0.534736
1.23128 -2.57849
-1.10237 -1.61723
-0.084415 -1.00969
-0.528217 -3.05729
0.490281 0.668462
1.23525 -2.92394
-0.881496 -0.716636
-0.279477 -1.92918
-0.557908 -1.22436
-0.650064 -2.31578
-0.155616 -0.670046
-0.0483793 -1.52094
-0.837008 -2.2642
-0.0692804 -0.651873
0.229771 -0.782569
0.660369 0.00101203
1.42393 -1.98435
-0.915601 -3.50989
1.60086 1.43098
0.904486 -0.684643
1.53887 -0.254656
1.09169 -0.0144034
1.39349 -1.23986
0.0172024 -1.71884
-0.827622 -1.88109
-0.313485 -1.28725
-0.748534 -2.41547
-0.0198887 -0.456985
1.24905 0.55245
1.23927 -1.19586
0.361922 -0.735204
1.23893 0.471078
1.26084 -1.19068
0.345064 -0.777765
1.04523 0.408475
1.25479 -1.67266
-0.430291 -3.65245
1.20929 1.58564
0.930283 -1.51072
-0.303288 -2.95675
0.266027 0.441676
1.39805 -2.88924
-0.986575 -0.881932
-0.255919 -1.75144
-0.666476 -1.54319
-0.544501 -1.81052
-0.501271 -1.42148
-0.66062 -2.02976
-0.33465 -1.11662
-0.696421 -2.70617
0.213307 0.0681124
1.55382 -2.0868
-1.08982 -3.12957
1.43557 1.34881
1.01681 -0.926906
1.25504 0.276526
1.31512 -1.04384
0.625638 -0.26896
1.54733 -1.45507
-0.351422 -3.65891
1.15506 1.58727
0.919865 -1.64281
-0.469196 -3.52792
1.06872 1.45092
0.945114 -1.83819
-0.746845 -3.52827
1.37245 1.50993
0.971029 -1.11125
0.802776 0.0607314
1.37577 -1.89241
-0.77024 -3.71283
1.65549 1.49252
0.822803 -0.693054
1.55589 -0.232353
1.06178 -0.0254768
1.39681 -1.29777
-0.0864085 -2.11718
-0.538082 -0.955752
-0.58761 -2.66621
0.104387 -0.0651241
1.66642 -1.45135
-0.465805 -3.97049
1.66321 1.66631
0.756602 -0.798994
1.47802 0.134024
1.2647 -0.327386
1.42331 -0.42184
1.23872 0.00742529
1.38348 -0.882979
0.809137 -0.0508355
1.4183 -1.73548
-0.565127 -3.85888
1.61446 1.62318
0.82827 -0.775614
1.50208 0.0179876
1.23507 -0.196872
1.42443 -0.670172
1.03117 0.0884671
1.35855 -1.48147
-0.273313 -3.08375
0.388169 0.665809
1.27759 -3.05689
-0.789168 -0.442747
-0.00197126 -1.20554
-0.687237 -3.06409
0.630957 0.797445
1.14908 -2.75139
-0.967216 -1.06701
-0.339995 -1.89395
-0.549367 -1.27655
-0.654227 -2.24112
-0.206068 -0.791168
-0.35421 -2.58906
-0.0577758 -0.189647
1.71439 -0.311383
0.450492 -0.747982
1.35972 0.411682
1.27753 -0.819776
1.13905 0.183907
1.33451 -1.29658
-0.00862752 -1.78733
-0.786689 -1.68336
-0.42627 -1.58865
-0.650489 -1.77191
-0.468937 -1.48869
-0.660812 -1.92882
-0.389166 -1.26463
-0.72161 -2.37966
-0.0672108 -0.538701
0.749909 0.175455
1.33929 -2.1055
-1.02136 -3.18542
1.35565 1.36478
1.01693 -1.11439
0.78957 0.0344673
1.38748 -1.87943
-0.756567 -3.73432
1.66577 1.4957
0.807735 -0.696319
1.55734 -0.217609
1.06583 -0.0289866
1.39795 -1.28471
-0.0672364 -2.03779
-0.604942 -1.11151
-0.615831 -2.43639
-0.0806829 -0.470922
1.01294 0.45991
1.2351 -1.77722
-0.566465 -3.76468
1.49156 1.63092
0.908587 -0.91714
1.30478 0.293914
1.31023 -0.912823
0.922375 0.0825055
1.35959 -1.70639
-0.497381 -3.8023
1.47496 1.66635
0.902025 -0.959563
1.21901 0.328513
1.29888 -1.17492
0.325144 -0.832758
0.750906 0.1151
1.36185 -2.03552
-0.953552 -3.38872
1.5038 1.42581
0.972305 -0.815699
1.42892 0.103207
1.30612 -0.430389
1.38304 -0.183812
1.3482 -0.297539
1.36848 -0.257299
1.35521 -0.254996
1.36665 -0.289493
1.35299 -0.223604
1.3701 -0.330229
1.34258 -0.17051
1.37718 -0.415547
1.31012 -0.0641297
1.38252 -0.615241
1.17966 0.105942
1.35957 -1.12938
0.321023 -0.859964
0.613128 -0.0872474
1.47271 -1.86038
-0.779617 -3.7515
1.71555 1.45416
0.739331 -0.709267
1.55899 -0.134197
1.09913 -0.0519691
1.405 -1.18191
0.110681 -1.42246
-0.81802 -2.84301
0.494792 0.505518
1.2865 -2.78717
-1.01139 -1.08564
-0.28545 -1.73387
-0.659698 -1.56236
-0.542484 -1.78454
-0.514397 -1.45962
-0.645891 -1.96298
-0.378398 -1.21403
-0.718577 -2.48382
0.017233 -0.350009
1.59686 0.20632
1.09942 -0.169109
1.43909 -1.03971
0.33291 -0.858834
0.657522 -0.0196324
1.43305 -1.95312
-0.880644 -3.5812
1.63882 1.43683
0.861116 -0.665122
1.55683 -0.320714
1.00547 -0.0209177
1.39527 -1.42655
-0.241066 -2.91593
0.200459 0.373854
1.44609 -2.7779
-1.07604 -1.16081
-0.191613 -1.44349
-0.792269 -2.23145
-0.129966 -0.753909
-0.211252 -2.0883
-0.490524 -0.968952
-0.603905 -2.70856
0.15412 0.0199038
1.60345 -1.85777
-0.893334 -3.65764
1.75168 1.35785
0.690308 -0.717579
1.55331 -0.0559048
1.13694 -0.0853635
1.41367 -1.05318
0.369888 -0.769197
1.14081 0.451755
1.25363 -1.44873
-0.197102 -2.57122
-0.129966 -0.191515
1.67845 -0.0074737
0.817396 -0.237706
1.49048 -1.41623
-0.287121 -3.28803
0.630276 1.02648
1.07483 -2.82421
-0.864071 -0.80613
-0.353723 -2.11449
-0.409168 -0.930178
-0.583534 -2.82249
0.258616 0.232166
1.46855 -2.51504
-1.18632 -1.87611
0.256077 -0.212676
1.6605 -1.23378
-0.290474 -3.50038
0.900387 1.37272
0.945911 -2.2482
-1.07584 -2.28187
0.301414 -0.0186923
1.55418 -1.94255
-0.948702 -3.52135
1.6695 1.38264
0.83528 -0.634967
1.57006 -0.414096
0.890733 -0.0782219
1.42048 -1.57266
-0.376493 -3.6341
1.14046 1.56216
0.924878 -1.67465
-0.510584 -3.58157
1.18115 1.52348
0.944597 -1.56863
-0.365353 -3.25768
0.63606 0.988071
1.08589 -2.80275
-0.889316 -0.870995
-0.363225 -2.09301
-0.419155 -0.964747
-0.60773 -2.79125
0.240542 0.181895
1.49474 -2.39708
-1.19968 -2.22205
0.592981 0.443831
1.27635 -2.5998
-1.10964 -1.58773
-0.079516 -1.00898
-0.523746 -3.05639
0.486253 0.664661
1.23797 -2.92718
-0.880336 -0.711019
-0.276267 -1.92215
-0.563636 -1.23667
-0.647678 -2.29359
-0.172725 -0.706777
-0.171553 -1.92854
-0.614547 -1.25762
-0.622028 -2.2329
-0.226626 -0.804656
-0.387858 -2.68771
0.0394356 -0.0314083
1.68182 -1.4177
-0.452054 -3.97028
1.65111 1.67856
0.767993 -0.803517
1.47376 0.136994
1.26855 -0.339629
1.42106 -0.395395
1.25499 -0.0162717
1.38679 -0.815601
0.919323 0.0486005
1.37196 -1.67654
-0.465205 -3.7791
1.4141 1.67027
0.914211 -1.07303
0.913757 0.190036
1.3213 -1.82486
-0.65122 -3.78809
1.61235 1.57499
0.846672 -0.749931
1.51963 -0.0641444
1.19709 -0.115648
1.41638 -0.866474
0.752224 -0.128714
1.45837 -1.68122
-0.51896 -3.87076
1.58542 1.65498
0.844101 -0.811419
1.46484 0.110003
1.2778 -0.342826
1.41556 -0.368579
1.27447 -0.047055
1.38944 -0.731466
1.03711 0.11054
1.35141 -1.48776
-0.27609 -3.09465
0.401323 0.685189
1.26583 -3.05689
-0.782073 -0.435028
0.0102473 -1.17526
-0.648075 -3.1158
0.660833 0.863476
1.1207 -2.71587
-0.976301 -1.13001
-0.338365 -1.85185
-0.573372 -1.34562
-0.636887 -2.12269
-0.290852 -0.975863
-0.599614 -2.92253
0.379815 0.438853
1.35149 -2.82865
-1.01088 -1.01372
-0.269874 -1.72621
-0.671271 -1.58318
-0.529631 -1.75395
-0.534242 -1.50376
-0.624667 -1.8877
-0.427219 -1.32089
-0.707482 -2.24441
-0.175932 -0.776444
-0.305434 -2.42713
-0.205144 -0.437454
0.758148 0.208038
1.32609 -2.12661
-1.03802 -3.1186
1.29793 1.33195
1.02253 -1.24802
0.345265 -0.719543
1.25387 0.474347
1.26142 -1.15041
0.453232 -0.553954
1.63331 -0.269691
0.803019 -0.197994
1.47741 -1.50526
-0.347217 -3.57937
1.04402 1.49249
0.928208 -1.90435
-0.848781 -3.36051
1.28026 1.41765
0.993998 -1.30741
0.147421 -1.19895
-0.563375 -3.217
0.720075 0.99442
1.06808 -2.62451
-1.00671 -1.31446
-0.303251 -1.65997
-0.683433 -1.68968
-0.485496 -1.60424
-0.61631 -1.73532
-0.501524 -1.53896
-0.630477 -1.83781
-0.448757 -1.39324
-0.690581 -2.10178
-0.277552 -1.0068
-0.621986 -2.91766
0.390374 0.443136
1.34592 -2.82613
-1.01034 -1.0177
-0.271751 -1.72961
-0.668715 -1.57605
-0.533295 -1.76423
-0.527913 -1.48876
-0.631881 -1.91276
-0.411201 -1.28556
-0.71442 -2.32126
-0.116564 -0.644381
0.125935 -1.03159
-0.364426 -2.79908
0.133584 0.162368
1.54928 -2.25079
-1.18367 -2.6343
1.02841 1.05099
1.05682 -1.89707
-0.780623 -3.54059
1.4368 1.5102
0.964863 -0.973441
1.18241 0.310355
1.30072 -1.26458
0.101844 -1.41374
-0.814863 -2.84522
0.493493 0.505129
1.28709 -2.78842
-1.01081 -1.0828
-0.285764 -1.7362
-0.658438 -1.55802
-0.544495 -1.7908
-0.510574 -1.45061
-0.649869 -1.97876
-0.368031 -1.19127
-0.71656 -2.53654
0.0627513 -0.251422
1.7097 -0.463235
0.310942 -1.0335
-0.0958635 -1.79835
-0.730994 -1.56269
-0.501466 -1.77041
-0.539572 -1.47636
-0.629275 -1.92974
-0.403663 -1.26069
-0.716112 -2.37335
-0.0756544 -0.552647
0.654641 0.0396458
1.4096 -2.05005
-0.985419 -3.34049
1.49782 1.40888
0.980223 -0.820318
1.42091 0.11445
1.31017 -0.460317
1.37139 -0.135472
1.35787 -0.376364
1.3451 -0.143755
1.37466 -0.437463
1.30496 -0.0455113
1.38137 -0.64804
1.1509 0.118535
1.35484 -1.21522
0.13116 -1.34497
-0.746561 -3.06198
0.694743 0.859993
1.11521 -2.6447
-1.01935 -1.31507
-0.285887 -1.61778
-0.708655 -1.7784
-0.435613 -1.47822
-0.67954 -1.9591
-0.36408 -1.22095
-0.723977 -2.48665
0.0234308 -0.341184
1.61695 0.144014
1.04702 -0.140682
1.43382 -1.1928
0.035271 -1.67296
-0.849011 -2.02443
-0.219955 -1.04873
-0.640541 -2.94928
0.442305 0.520984
1.30081 -2.86338
-0.963864 -0.904289
-0.296062 -1.86249
-0.588011 -1.33393
-0.630719 -2.13428
-0.286493 -0.957833
-0.582531 -2.93286
0.379942 0.44992
1.34794 -2.84236
-0.999944 -0.978504
-0.275131 -1.75933
-0.652699 -1.52046
-0.558558 -1.84465
-0.478487 -1.3735
-0.67959 -2.12035
-0.271822 -0.979201
-0.596859 -2.93991
0.398002 0.47211
1.33372 -2.85449
-0.985298 -0.942686
-0.28311 -1.80183
-0.627118 -1.44191
-0.591997 -1.96211
-0.403258 -1.20819
-0.70999 -2.46846
-0.00174026 -0.383724
1.5047 0.398635
1.21829 -0.420499
1.44548 -0.391466
1.21547 0.0083051
1.38513 -0.947098
0.677048 -0.215757
1.51096 -1.56761
-0.426265 -3.81584
1.42923 1.6956
0.903022 -1.0532
0.971704 0.241208
1.30436 -1.74201
-0.526974 -3.78947
1.48585 1.6517
0.903447 -0.93526
1.27037 0.313981
1.30561 -1.02282
0.696026 -0.16322
1.48427 -1.66517
-0.517808 -3.88514
1.60283 1.65269
0.829454 -0.798296
1.48016 0.0816307
1.26366 -0.286573
1.42299 -0.480239
1.20594 0.0479377
1.37544 -1.00928
0.566189 -0.383293
1.60911 -1.10671
-0.153219 -2.56819
-0.150607 -0.192946
1.66082 0.0811387
0.912949 -0.175727
1.45469 -1.39412
-0.248331 -3.01043
0.299419 0.536915
1.3557 -3.00478
-0.877337 -0.600869
-0.174396 -1.64631
-0.754522 -1.80742
-0.396494 -1.429
-0.708597 -2.0675
-0.288496 -1.05693
-0.661752 -2.85335
0.346822 0.340904
1.39601 -2.70945
-1.09855 -1.33242
-0.152729 -1.27686
-0.774856 -2.66701
0.240219 0.066276
1.54264 -2.1111
-1.10252 -3.07035
1.38615 1.33182
1.02704 -1.03456
1.01541 0.238775
1.30742 -1.64054
-0.403902 -3.62777
1.15343 1.55798
0.928651 -1.64214
-0.463469 -3.52334
1.05748 1.44344
0.945332 -1.86543
-0.786563 -3.476
1.35282 1.48255
0.979762 -1.14874
0.679231 -0.104073
1.46323 -1.78886
-0.670762 -3.84743
1.7085 1.52337
0.732536 -0.742474
1.5347 -0.0172829
1.18053 -0.12309
1.42006 -0.900473
0.676905 -0.228526
1.51636 -1.53975
-0.402596 -3.77579
1.35513 1.68275
0.913601 -1.19865
0.475167 -0.432009
1.64752 -0.819891
0.0899085 -1.59332
-0.875368 -2.3386
0.0284862 -0.457681
1.36598 0.51809
1.25153 -0.851944
1.13451 0.196997
1.33018 -1.31784
-0.043584 -1.91536
-0.697895 -1.36908
-0.56504 -2.04006
-0.371061 -1.08871
-0.679939 -2.70413
0.19884 0.051626
1.56781 -2.02226
-1.04248 -3.29682
1.55349 1.37227
0.961689 -0.714017
1.50781 -0.150716
1.19672 -0.0786204
1.40783 -0.908765
0.694542 -0.199667
1.49993 -1.5928
-0.444581 -3.83499
1.47076 1.69457
0.893363 -0.978502
1.1743 0.332659
1.29334 -1.29918
0.0341131 -1.62495
-0.857059 -2.14536
-0.136688 -0.838601
-0.359242 -2.64342
-0.0096818 -0.101245
1.72338 -0.953441
-0.196875 -2.9496
0.216697 0.434136
1.42148 -2.88513
-0.998268 -0.896695
-0.245968 -1.71352
-0.689488 -1.61926
-0.507656 -1.70159
-0.567335 -1.58176
-0.584173 -1.76349
-0.504707 -1.49538
-0.641572 -1.90758
-0.409272 -1.294
-0.715309 -2.30746
-0.126278 -0.667733
0.0209577 -1.31872
-0.774247 -2.89809
0.510499 0.557124
1.26415 -2.81149
-0.984244 -1.00998
-0.305757 -1.83137
-0.600192 -1.38493
-0.617316 -2.05342
-0.341027 -1.078
-0.676805 -2.75725
0.252215 0.156314
1.49981 -2.34533
-1.19474 -2.38002
0.74938 0.695913
1.1601 -2.47275
-1.11189 -1.86959
0.0556846 -0.61839
0.810769 0.234496
1.31049 -2.06196
-0.971676 -3.30967
1.42831 1.41001
0.99873 -0.960436
1.19936 0.297825
1.30592 -1.21118
0.221746 -1.08342
-0.332728 -2.7231
0.0514966 0.0360447
1.64567 -1.70895
-0.753897 -3.87305
1.82807 1.37106
0.497491 -0.995845
0.544617 -0.230709
1.5564 -1.53909
-0.434729 -3.86068
1.49611 1.70349
0.881121 -0.941796
1.25635 0.327044
1.3017 -1.06988
0.58958 -0.322092
1.57983 -1.30589
-0.271219 -3.28392
0.616991 1.01711
1.08113 -2.84945
-0.846871 -0.751973
-0.335151 -2.09738
-0.427961 -0.954043
-0.600623 -2.78921
0.233975 0.174559
1.50035 -2.37605
-1.1993 -2.28395
0.65707 0.55059
1.22438 -2.57654
-1.10066 -1.61727
-0.08785 -1.01751
-0.539744 -3.06385
0.505996 0.686823
1.22355 -2.91257
-0.884255 -0.734601
-0.29011 -1.95281
-0.538667 -1.1838
-0.655894 -2.39043
-0.0967185 -0.543346
0.625276 -0.00281312
1.43396 -2.00653
-0.946884 -3.44963
1.57403 1.42083
0.931307 -0.707627
1.52137 -0.181209
1.16173 -0.048445
1.40253 -1.03153
0.446886 -0.607986
1.5931 -0.0251384
1.05834 -0.0874095
1.41664 -1.23493
-0.0104561 -1.82666
-0.766949 -1.59261
-0.469891 -1.71831
-0.577714 -1.55525
-0.587577 -1.80258
-0.485383 -1.43899
-0.664731 -2.00658
-0.345658 -1.15106
-0.709134 -2.63442
0.150223 -0.065725
1.64537 -1.55566
-0.555383 -3.98624
1.76147 1.5589
0.62094 -0.864218
1.28367 0.399253
1.28359 -1.03104
0.721139 -0.12252
1.46184 -1.72157
-0.575017 -3.88194
1.65344 1.60569
0.789496 -0.758645
1.52007 -0.0115517
1.20555 -0.146885
1.42188 -0.807987
0.840289 -0.0348061
1.40847 -1.71217
-0.527988 -3.84632
1.56223 1.65254
0.862874 -0.831324
1.43982 0.152249
1.29426 -0.436682
1.39201 -0.200161
1.33925 -0.259082
1.37866 -0.324105
1.3347 -0.159104
1.38124 -0.448851
1.29102 -0.023818
1.38144 -0.708045
1.0846 0.124709
1.34925 -1.38722
-0.168546 -2.47611
-0.220489 -0.341981
1.13254 0.559134
1.22022 -1.51461
-0.266101 -2.93696
0.231186 0.408559
1.42269 -2.84172
-1.02859 -1.00099
-0.23917 -1.64369
-0.722398 -1.75889
-0.436193 -1.50381
-0.672532 -1.91437
-0.390767 -1.2859
-0.722231 -2.33858
-0.0987177 -0.610899
0.311396 -0.592019
1.51674 0.267226
1.21936 -0.321375
1.44365 -0.541185
1.11818 0.0784
1.36548 -1.26453
0.0124055 -1.7247
-0.823192 -1.85958
-0.327086 -1.3219
-0.74645 -2.33113
-0.0887027 -0.611005
0.342467 -0.526867
1.62428 -0.0890388
0.948538 -0.110955
1.42859 -1.42745
-0.26048 -3.0641
0.361348 0.630849
1.30016 -3.05515
-0.803927 -0.460445
-0.0279316 -1.27055
-0.754768 -2.90572
0.497807 0.547102
1.27186 -2.82018
-0.981725 -0.993278
-0.304414 -1.83682
-0.597925 -1.37591
-0.619955 -2.06762
-0.331562 -1.0572
-0.665026 -2.79792
0.287343 0.230116
1.45754 -2.51892
-1.18305 -1.86738
0.240437 -0.245158
1.67703 -1.06539
-0.209401 -2.97829
0.250645 0.482627
1.39288 -2.95467
-0.935016 -0.728002
-0.229616 -1.75173
-0.680129 -1.5561
-0.53308 -1.79042
-0.51592 -1.44973
-0.647436 -1.97855
-0.369296 -1.19141
-0.716273 -2.53487
0.0610207 -0.254835
1.70845 -0.43898
0.342689 -0.961673
0.23264 -0.848692
0.366309 -0.529619
1.63058 -0.146435
0.898033 -0.133106
1.4404 -1.48265
-0.310247 -3.37183
0.74701 1.17292
1.00858 -2.59356
-0.992448 -1.32115
-0.321315 -1.69877
-0.657731 -1.61175
-0.527557 -1.71513
-0.552257 -1.562
-0.598181 -1.79469
-0.48408 -1.45171
-0.662555 -1.98576
-0.358156 -1.18167
-0.716436 -2.56523
0.0891227 -0.196177
1.71197 -0.834921
-0.093705 -2.3461
-0.360813 -0.559147
-0.0845035 -1.57921
-0.81684 -2.065
-0.221191 -1.01262
-0.609087 -2.97463
0.44805 0.549791
1.28939 -2.88442
-0.942349 -0.846866
-0.295847 -1.89614
-0.569155 -1.27725
-0.64454 -2.22903
-0.218888 -0.810915
-0.390093 -2.69902
0.0503993 -0.0124526
1.66849 -1.52258
-0.54851 -4.00032
1.77166 1.5556
0.59987 -0.890041
1.18402 0.41207
1.2712 -1.31442
0.0245902 -1.64926
-0.849377 -2.06617
-0.194564 -0.980659
-0.565905 -3.0032
0.450899 0.58092
1.27835 -2.90902
-0.917347 -0.781399
-0.287359 -1.91037
-0.565086 -1.25468
-0.647062 -2.26555
-0.192724 -0.752357
-0.283827 -2.33797
-0.280923 -0.572754
0.00142415 -1.33966
-0.793084 -2.81146
0.424756 0.398687
1.34698 -2.74421
-1.06283 -1.22658
-0.220111 -1.49227
-0.775127 -2.08967
-0.235589 -1.00041
-0.603384 -2.96622
0.433704 0.529069
1.30157 -2.88074
-0.951114 -0.862719
-0.293173 -1.87802
-0.58075 -1.30816
-0.636887 -2.17634
-0.25711 -0.893516
-0.507748 -2.92299
0.323514 0.400169
1.38648 -2.80776
-1.03812 -1.07714
-0.243363 -1.62082
-0.728827 -1.80121
-0.414354 -1.44347
-0.697531 -2.03088
-0.315519 -1.11378
-0.69635 -2.73564
0.244291 0.127869
1.51464 -2.27207
-1.17963 -2.59956
0.969868 0.990789
1.06691 -2.0358
-0.953853 -3.19306
1.22432 1.3324
1.01094 -1.43224
-0.155262 -2.25442
-0.399941 -0.701611
-0.364421 -2.51335
-0.116433 -0.31405
1.47366 0.472136
1.22849 -0.534713
1.42102 -0.183523
1.31195 -0.208036
1.39576 -0.454058
1.26703 0.0011218
1.38129 -0.798732
0.959667 0.0786181
1.36056 -1.6274
-0.405622 -3.6689
1.21149 1.60021
0.926049 -1.50817
-0.301975 -2.94747
0.255984 0.42538
1.40715 -2.86634
-1.00629 -0.938723
-0.25183 -1.7104
-0.687855 -1.62189
-0.507671 -1.69815
-0.568785 -1.58704
-0.581669 -1.75545
-0.509437 -1.50684
-0.636082 -1.88794
-0.42174 -1.32179
-0.709753 -2.24687
-0.172937 -0.771702
-0.294883 -2.38868
-0.238534 -0.495554
0.389315 -0.404897
1.6648 -0.757438
0.116773 -1.51951
-0.864492 -2.59997
0.268253 0.060706
1.53285 -2.12306
-1.1064 -3.04494
1.36118 1.32227
1.03016 -1.09154
0.855555 0.105471
1.35414 -1.85529
-0.707329 -3.76568
1.6468 1.53206
0.821699 -0.715355
1.54545 -0.162146
1.11855 -0.0444049
1.40251 -1.14346
0.196799 -1.17892
-0.488609 -3.17333
0.607008 0.873392
1.13049 -2.82649
-0.898762 -0.859545
-0.348938 -2.0566
-0.448209 -1.01902
-0.636437 -2.70626
0.171441 0.0296296
1.59069 -1.91696
-0.950858 -3.54008
1.69617 1.36512
0.7973 -0.638575
1.57805 -0.399652
0.878281 -0.0928595
1.42705 -1.57247
-0.379457 -3.64823
1.16213 1.57779
0.924149 -1.624
-0.442058 -3.48013
0.98013 1.37762
0.952743 -2.05185
-0.994524 -2.96138
0.969268 1.08712
1.03799 -2.05018
-0.974409 -3.10781
1.1409 1.26148
1.01565 -1.63476
-0.41564 -3.47067
0.946875 1.35606
0.955115 -2.13237
-1.04522 -2.6943
0.712027 0.727041
1.15539 -2.56224
-1.08016 -1.59365
-0.134995 -1.13432
-0.683851 -2.96272
0.496743 0.586528
1.25941 -2.85405
-0.950559 -0.901365
-0.311152 -1.91052
-0.553517 -1.25148
-0.65264 -2.27739
-0.181752 -0.732733
-0.236938 -2.16537
-0.425246 -0.841049
-0.514103 -2.80058
0.198243 0.169547
1.51765 -2.33693
-1.19808 -2.39398
0.777208 0.734188
1.1446 -2.4281
-1.11594 -1.99308
0.147065 -0.394553
1.64841 -0.0561326
0.891234 -0.159352
1.45082 -1.45358
-0.293048 -3.28458
0.629233 1.02142
1.07672 -2.82518
-0.864545 -0.805865
-0.353167 -2.11284
-0.410466 -0.932626
-0.585403 -2.82009
0.257202 0.228273
1.47053 -2.50643
-1.18825 -1.90097
0.278796 -0.163174
1.6308 -1.46246
-0.43337 -3.91281
1.56268 1.70589
0.843566 -0.858961
1.40345 0.223752
1.30428 -0.585321
1.32423 0.0153164
1.36587 -0.650636
1.17838 0.11969
1.35563 -1.14398
0.294406 -0.920235
0.257114 -0.782046
0.756648 0.133664
1.35397 -2.04873
-0.966339 -3.3523
1.47747 1.41859
0.984518 -0.862115
1.36986 0.196424
1.32083 -0.662541
1.24498 0.110429
1.35812 -0.955111
0.728262 -0.137303
1.46652 -1.68875
-0.534576 -3.88062
1.61281 1.641
0.823817 -0.78651
1.49244 0.0514458
1.24935 -0.238779
1.4253 -0.579827
1.12437 0.092028
1.36158 -1.26088
0.0250665 -1.67966
-0.842825 -1.99033
-0.244557 -1.10881
-0.690942 -2.84089
0.356641 0.339985
1.39244 -2.70432
-1.10006 -1.34538
-0.148743 -1.26205
-0.768615 -2.70577
0.276047 0.139913
1.49636 -2.32158
-1.18881 -2.4568
0.820583 0.800358
1.12036 -2.35303
-1.11493 -2.20797
0.324857 0.00019238
1.53562 -2.01384
-1.0125 -3.35692
1.57234 1.38487
0.94385 -0.693865
1.52299 -0.213416
1.14616 -0.032027
1.39848 -1.08819
0.328919 -0.854313
0.665118 -0.00748989
1.42632 -1.96644
-0.894323 -3.5525
1.62264 1.43551
0.880464 -0.671378
1.54995 -0.299141
1.03836 -0.0130671
1.39264 -1.36393
-0.172995 -2.52455
-0.178789 -0.264393
1.48829 0.473212
1.2194 -0.498095
1.43595 -0.261904
1.27904 -0.107025
1.39851 -0.656652
1.10628 0.114244
1.3538 -1.32508
-0.0813808 -2.07628
-0.569916 -1.03214
-0.610007 -2.56195
0.0211687 -0.250946
1.70275 -0.303445
0.505873 -0.640451
1.58395 -0.0315669
1.07785 -0.0842987
1.41523 -1.19466
0.0660346 -1.56445
-0.86824 -2.36734
0.0454373 -0.413055
1.5147 0.368085
1.21308 -0.381311
1.44875 -0.465337
1.16552 0.0525544
1.37445 -1.12058
0.309625 -0.890657
0.435043 -0.402898
1.65344 -0.860708
0.0212378 -1.82878
-0.784815 -1.62745
-0.446992 -1.66437
-0.6115 -1.6425
-0.54065 -1.67268
-0.56368 -1.62669
-0.570197 -1.69607
-0.540096 -1.593
-0.59379 -1.74809
-0.506917 -1.51871
-0.633919 -1.86935
-0.431937 -1.34831
-0.703636 -2.19175
-0.213708 -0.863251
-0.449405 -2.8575
0.225648 0.26637
1.47018 -2.57378
-1.17299 -1.70544
0.120694 -0.529254
1.35436 0.501374
1.2566 -0.877616
1.0856 0.188867
1.32883 -1.43552
-0.214417 -2.71127
-0.00197618 0.0335699
1.67286 -1.56943
-0.612531 -3.99037
1.81838 1.4737
0.506339 -1.00845
0.513941 -0.28663
1.59069 -1.36493
-0.31734 -3.56022
0.997225 1.46251
0.929735 -2.01743
-0.971587 -3.03107
1.02159 1.15393
1.02528 -1.92648
-0.834331 -3.44081
1.37416 1.46616
0.985124 -1.0959
0.851547 0.112089
1.35197 -1.86942
-0.727443 -3.74653
1.64599 1.5209
0.826248 -0.709141
1.54782 -0.182874
1.10477 -0.0365669
1.4003 -1.18519
0.112977 -1.41393
-0.811692 -2.86932
0.520109 0.551786
1.26262 -2.79387
-0.995883 -1.0534
-0.300668 -1.79316
-0.622756 -1.45196
-0.592119 -1.94855
-0.410488 -1.22797
-0.710508 -2.4261
-0.0368578 -0.460969
1.1873 0.545653
1.23276 -1.36302
-0.0458107 -1.88666
-0.71327 -1.42612
-0.54598 -1.95822
-0.425037 -1.20491
-0.702366 -2.45278
-0.0198974 -0.416599
1.38251 0.521141
1.24879 -0.806545
1.20215 0.186332
1.33773 -1.13066
0.363476 -0.759325
1.16079 0.459453
1.25415 -1.39903
-0.124222 -2.21692
-0.443989 -0.769675
-0.452731 -2.70589
0.0803275 -0.00590491
1.65118 -1.62009
-0.645052 -3.96292
1.81814 1.45273
0.510766 -0.994887
0.585623 -0.163061
1.51358 -1.70916
-0.601047 -3.90542
1.70805 1.56526
0.721036 -0.76831
1.5088 0.0770983
1.23017 -0.222521
1.42951 -0.650294
1.04213 0.0881203
1.35908 -1.45606
-0.250285 -2.94401
0.232106 0.421604
1.41847 -2.86343
-1.0124 -0.947902
-0.246179 -1.68913
-0.700187 -1.66567
-0.485286 -1.63607
-0.6045 -1.68453
-0.528084 -1.61161
-0.593047 -1.72014
-0.519177 -1.55925
-0.615394 -1.80268
-0.472305 -1.44211
-0.670368 -2.00637
-0.343023 -1.15146
-0.709704 -2.637
0.153207 -0.0601489
1.64142 -1.58239
-0.582973 -3.98076
1.78026 1.52702
0.587651 -0.897285
1.14256 0.405756
1.2677 -1.42232
-0.166957 -2.42434
-0.262933 -0.425135
0.634062 0.0370591
1.4155 -2.06465
-1.00293 -3.29719
1.47313 1.39897
0.992136 -0.864011
1.36404 0.199788
1.32186 -0.681549
1.22607 0.125144
1.35482 -1.0192
0.593997 -0.33109
1.58192 -1.28205
-0.257379 -3.19534
0.505995 0.861431
1.16679 -3.00756
-0.763523 -0.468077
-0.0650867 -1.38954
-0.817864 -2.56106
0.173713 -0.0974858
1.64876 -1.48962
-0.483447 -3.97005
1.67802 1.65008
0.74151 -0.795933
1.47967 0.139163
1.26294 -0.326913
1.42424 -0.426827
1.23458 0.0121857
1.38275 -0.898777
0.780827 -0.0820188
1.43465 -1.72592
-0.562139 -3.86746
1.62251 1.62284
0.819999 -0.772219
1.50596 0.0119859
1.22924 -0.185665
1.42419 -0.69928
0.995453 0.075589
1.36196 -1.54869
-0.332117 -3.41269
0.812602 1.24451
0.98253 -2.44845
-1.05276 -1.70256
-0.142379 -1.10501
-0.661363 -2.98958
0.509671 0.620938
1.24364 -2.8619
-0.936318 -0.871153
-0.314564 -1.94004
-0.534693 -1.20287
-0.659397 -2.36455
-0.11473 -0.586835
0.365573 -0.474099
1.65961 -0.39499
0.58719 -0.478157
1.62592 -0.806493
0.176845 -1.32427
-0.693112 -3.17816
0.793595 1.02507
1.05112 -2.46435
-1.07573 -1.75765
-0.0779162 -0.942297
-0.442552 -2.92502
0.292684 0.390341
1.40227 -2.80305
-1.04669 -1.09261
-0.232434 -1.58346
-0.746885 -1.88555
-0.364753 -1.31954
-0.73264 -2.29865
-0.122124 -0.675218
0.00623948 -1.36283
-0.805321 -2.76641
0.385025 0.320008
1.38809 -2.66179
-1.11917 -1.4596
-0.0931687 -1.08528
-0.617786 -3.06532
0.56744 0.738559
1.18606 -2.84156
-0.920274 -0.874802
-0.333886 -1.99824
-0.49094 -1.10935
-0.660412 -2.54211
0.0314234 -0.271466
1.69376 -0.23658
0.603046 -0.480873
1.62234 -0.813313
0.178736 -1.31723
-0.683391 -3.19046
0.799954 1.03849
1.04659 -2.45185
-1.07804 -1.78961
-0.058036 -0.887046
-0.352113 -2.65898
0.00136001 -0.0741945
1.71328 -1.11827
-0.272995 -3.46581
0.844725 1.31733
0.960218 -2.37855
-1.06638 -1.88192
-0.0298547 -0.791701
-0.136782 -1.84897
-0.680586 -1.42735
-0.565139 -1.96796
-0.411632 -1.19459
-0.704952 -2.48391
0.00821371 -0.357936
1.57238 0.271237
1.14652 -0.223671
1.44748 -0.856401
0.681422 -0.232755
1.51699 -1.52857
-0.392506 -3.75366
1.31671 1.67035
0.916509 -1.27909
0.193766 -1.05751
-0.326174 -2.68256
0.0129479 -0.0307068
1.69342 -1.3464
-0.400886 -3.91503
1.53795 1.72498
0.852672 -0.895579
1.34416 0.286795
1.30806 -0.795146
1.11959 0.168186
1.33789 -1.33475
-0.081146 -2.0683
-0.575601 -1.04687
-0.612619 -2.54013
0.0035327 -0.289642
1.66464 -0.0321085
0.851035 -0.199521
1.47075 -1.44508
-0.297211 -3.32811
0.684845 1.09688
1.04099 -2.72175
-0.923737 -1.02245
-0.379439 -2.02978
-0.452039 -1.06445
-0.656092 -2.64535
0.124113 -0.0784033
1.66311 -1.44786
-0.457869 -3.96183
1.64566 1.67681
0.775256 -0.801699
1.47659 0.126057
1.26636 -0.325411
1.42244 -0.420534
1.24084 0.00545683
1.38373 -0.875298
0.822874 -0.036444
1.411 -1.73609
-0.561738 -3.85483
1.60593 1.62706
0.835369 -0.78214
1.49538 0.0336177
1.24488 -0.220575
1.42475 -0.614784
1.09179 0.096543
1.35861 -1.34566
-0.118398 -2.23937
-0.430286 -0.733099
-0.412002 -2.62757
-0.00472095 -0.136233
1.72653 -0.798583
-0.0937929 -2.35917
-0.350377 -0.537337
-0.0107154 -1.35797
-0.805075 -2.74369
0.358017 0.270685
1.41528 -2.59268
-1.15368 -1.65657
0.0474643 -0.7007
0.396944 -0.436435
1.66414 -0.64174
0.270277 -1.10196
-0.303732 -2.62365
-0.0460976 -0.123628
1.7327 -0.708381
-0.0292619 -2.07696
-0.601571 -1.06207
-0.60638 -2.49781
-0.0353689 -0.365705
1.49009 0.42899
1.22519 -0.47157
1.43658 -0.29381
1.2692 -0.0785792
1.39634 -0.713823
1.04402 0.108621
1.35236 -1.47006
-0.260426 -3.00043
0.293924 0.519235
1.36328 -2.98581
-0.89678 -0.64678
-0.202922 -1.71257
-0.712561 -1.64862
-0.484416 -1.65782
-0.596365 -1.65013
-0.545378 -1.66146
-0.565866 -1.64372
-0.562789 -1.67059
-0.5539 -1.63046
-0.573581 -1.69051
-0.540735 -1.6014
-0.590538 -1.73517
-0.514027 -1.5372
-0.624891 -1.83841
-0.451128 -1.39181
-0.689701 -2.10301
-0.277259 -1.00499
-0.620434 -2.91933
0.391168 0.44549
1.34486 -2.82841
-1.00835 -1.01163
-0.272984 -1.73621
-0.664969 -1.5634
-0.539282 -1.78242
-0.516833 -1.46237


