-0.400661 -4.74974
2.13811 1.02269
0.0677768 -5.04117
1.96348 1.54259
0.648808 -5.21042
1.64805 1.94518
0.574522 -3.15473
-0.235108 -1.33403
0.272728 -2.50942
-0.339198 -2.49308
-0.0700719 -2.40541
-0.215277 -2.51881
-0.126864 -2.35592
-0.195917 -2.59577
-0.117565 -2.24209
-0.204799 -2.79203
-0.0541104 -1.96365
-0.141482 -3.37852
0.197638 -0.965555
1.83966 -0.4867
0.436787 -3.07755
-0.210055 -1.43101
0.218644 -3.09608
-0.102992 -1.398
0.273588 -2.61572
-0.321479 -2.25569
-0.109803 -2.73895
-0.114342 -2.01459
-0.16048 -3.21838
0.111548 -1.27121
0.933573 -0.189707
1.63538 -2.07088
0.0773537 -4.52123
1.28543 1.37137
1.09038 -1.34695
1.51783 -0.135882
1.28935 -0.536398
1.57604 -0.865746
0.983979 -0.549588
1.70079 -1.70253
0.376606 -4.51156
0.997507 1.17267
1.2403 -1.88874
0.378664 -2.51697
-0.372448 -2.59964
-0.0286286 -2.2495
-0.238894 -2.8178
-0.0295249 -1.93065
-0.118071 -3.47295
0.250068 -0.779054
1.93107 -1.46304
0.0117099 -4.62251
1.50368 1.50953
0.81567 -1.56591
1.20856 0.0150231
1.51965 -1.36164
0.66432 -1.18839
1.77415 -0.571896
0.498905 -2.15987
-0.106551 -3.84692
0.580968 0.105996
1.68176 -2.90143
-0.679739 -2.17033
0.100612 -2.45773
-0.279988 -2.47441
-0.104144 -2.42867
-0.196543 -2.47844
-0.144329 -2.41098
-0.180881 -2.5072
-0.145837 -2.36637
-0.186155 -2.57778
-0.126781 -2.26555
-0.20115 -2.74822
-0.0703797 -2.02627
-0.173108 -3.23585
0.127096 -1.2351
1.11409 0.0717721
1.52909 -1.64816
0.384256 -2.8356
-0.299777 -1.86964
-0.0547987 -3.30632
0.114006 -1.12466
1.46185 0.259852
1.30346 -0.742436
1.56714 -0.641317
1.12521 -0.428576
1.63571 -1.43429
0.395753 -2.88287
-0.285351 -1.78143
-0.0136143 -3.42715
0.169413 -0.906582
1.87552 -0.679036
0.457805 -3.93344
0.349661 0.0149802
1.84393 -3.13397
-0.592588 -1.20143
0.385466 -1.59233
0.456477 -1.60747
0.53663 -1.28938
1.63435 -0.0270032
1.01298 -0.703924
1.71571 -1.45765
0.413472 -3.95667
0.387721 0.0604846
1.80667 -3.13663
-0.599183 -1.28325
0.296697 -2.04665
-0.106784 -3.73826
0.467492 -0.168563
1.82355 -2.87566
-0.698254 -1.8808
0.124747 -2.64424
-0.248523 -2.13339
-0.142717 -2.93564
-0.0280201 -1.73818
0.0597234 -3.73549
0.362488 -0.302953
1.90415 -2.76705
-0.723059 -1.89292
0.139592 -2.54004
-0.281843 -2.33128
-0.12451 -2.63244
-0.140597 -2.17199
-0.191173 -2.9084
-0.0176838 -1.78809
0.0133634 -3.71099
0.366363 -0.332763
1.90621 -2.72138
-0.732087 -1.99685
0.138552 -2.441
-0.296741 -2.53146
-0.0838809 -2.3501
-0.215435 -2.61132
-0.104248 -2.22443
-0.209408 -2.82864
-0.0392367 -1.91068
-0.104138 -3.49865
0.261265 -0.73169
1.93755 -1.66356
-0.233789 -4.31209
1.37432 1.2975
1.05215 -1.2317
1.63772 -0.387916
0.979975 -0.662367
1.72083 -1.5846
0.408974 -4.37967
0.815758 0.902056
1.34408 -2.3701
-0.0650412 -4.2586
1.07112 1.03889
1.27094 -1.71366
0.614442 -1.23973
1.73017 -0.320482
0.685715 -1.35485
1.60601 -0.0459836
1.09046 -0.616444
1.67755 -1.36954
0.39461 -3.12725
-0.163408 -1.33741
0.301486 -2.31913
-0.324417 -3.01689
0.0923092 -1.58006
0.242292 -3.26033
-0.0261719 -1.14113
1.09138 0.0734986
1.53323 -1.7134
0.373317 -3.28349
-0.0661185 -1.08223
1.21827 0.213968
1.47004 -1.35576
0.813429 -0.772409
1.78956 -1.70504
0.207314 -4.67719
1.36646 1.51511
0.973464 -1.39081
1.54273 -0.097366
1.23892 -0.538268
1.60603 -1.01629
0.765867 -0.969615
1.81249 -1.30442
0.4352 -4.438
0.866955 1.00443
1.30573 -2.22709
0.203836 -4.42073
1.02118 1.10942
1.25647 -1.83311
0.428722 -2.09992
-0.0779467 -3.85685
0.568259 0.095642
1.69161 -2.91876
-0.678937 -2.10041
0.0984359 -2.53971
-0.264312 -2.31604
-0.134747 -2.6546
-0.129546 -2.14265
-0.191404 -2.96676
0.00586756 -1.69765
0.117909 -3.75348
0.348494 -0.287698
1.90882 -2.79138
-0.717044 -1.81801
0.145291 -2.58576
-0.273747 -2.24588
-0.134252 -2.75791
-0.0972255 -1.9947
-0.154751 -3.27217
0.13896 -1.17159
1.36755 0.252183
1.39298 -0.942492
1.40341 -0.276789
1.45978 -0.692013
1.36536 -0.355532
1.50327 -0.757246
1.25135 -0.322718
1.57095 -1.11856
0.787576 -0.891405
1.80636 -1.48525
0.370207 -4.65271
1.18374 1.41652
1.12227 -1.51711
1.23625 -0.0624577
1.52774 -1.26159
0.766152 -0.91363
1.81327 -1.4475
0.38191 -4.64392
1.1626 1.39774
1.13595 -1.54962
1.15604 -0.122378
1.56478 -1.4876
0.436383 -2.2798
-0.283819 -3.38199
0.285048 -0.834944
1.91694 -1.31714
0.214618 -4.76867
1.48308 1.6056
0.807109 -1.63549
0.992336 -0.230678
1.63 -1.90614
0.305755 -4.56244
1.11981 1.30158
1.17979 -1.61467
0.95928 -0.381328
1.67389 -1.90288
0.237413 -4.61373
1.25033 1.41893
1.09242 -1.41371
1.43569 -0.053169
1.39603 -0.699829
1.46754 -0.451684
1.38303 -0.467899
1.49402 -0.643953
1.30791 -0.354448
1.54544 -0.927916
1.0389 -0.455789
1.66665 -1.6501
0.405135 -4.18152
0.602132 0.503624
1.53483 -2.91842
-0.647568 -2.37065
0.0973478 -2.27185
-0.279827 -2.86789
0.00795071 -1.85323
-0.0421448 -3.65916
0.35345 -0.414618
1.92002 -2.58275
-0.747695 -2.28587
0.168511 -2.0459
-0.16962 -3.51341
0.310526 -0.648887
1.93609 -2.00759
-0.554492 -3.62341
0.88756 0.494527
1.454 -2.25071
0.059152 -4.42725
1.17196 1.23533
1.18787 -1.49491
1.19843 -0.109781
1.55011 -1.36401
0.580346 -1.49788
1.16069 0.0301677
1.52881 -1.50674
0.475987 -1.97752
0.149729 -4.02891
0.590452 0.299757
1.61141 -2.93065
-0.663746 -2.22071
0.0920532 -2.44163
-0.278622 -2.502
-0.0993197 -2.38968
-0.204374 -2.5423
-0.126766 -2.3202
-0.199023 -2.65506
-0.0998756 -2.15862
-0.204176 -2.95307
0.00594416 -1.72003
0.095571 -3.76333
0.367781 -0.258707
1.89492 -2.82875
-0.708053 -1.77517
0.146866 -2.62528
-0.263875 -2.1728
-0.138516 -2.87011
-0.0553557 -1.83417
-0.0434813 -3.60772
0.31205 -0.528643
1.93895 -2.32637
-0.7246 -2.84034
0.358859 -1.00714
1.85608 -0.757192
0.444972 -3.79231
0.242509 -0.238035
1.95404 -2.86111
-0.687578 -1.50059
0.21107 -2.45243
-0.322059 -2.56509
-0.0633162 -2.30391
-0.226729 -2.69873
-0.0740582 -2.10263
-0.199828 -3.07939
0.0593461 -1.5121
0.264818 -2.8842
-0.223066 -1.73739
0.0113624 -3.53543
0.230951 -0.701779
1.94563 -1.7137
-0.313678 -4.18413
1.30256 1.19488
1.14471 -1.25168
1.55403 -0.246197
1.22179 -0.487683
1.60856 -1.10701
0.676571 -1.21055
1.75959 -0.504449
0.551669 -1.86066
0.280502 -3.40385
0.0417073 -0.908538
1.81002 -0.248454
0.48927 -2.36152
-0.331881 -3.2398
0.218868 -1.10844
1.66136 0.0549898
0.930005 -0.847101
1.75818 -1.39865
0.427066 -4.19175
0.601153 0.517443
1.5304 -2.92022
-0.646513 -2.37067
0.0965661 -2.27463
-0.280033 -2.86083
0.00543381 -1.86443
-0.0539353 -3.63821
0.342649 -0.454102
1.92673 -2.50462
-0.748226 -2.45216
0.206453 -1.76444
0.178597 -3.81791
0.373672 -0.17292
1.87592 -2.93394
-0.676209 -1.58296
0.176886 -2.64361
-0.271903 -2.14833
-0.133362 -2.90582
-0.0438455 -1.78037
0.0106734 -3.68923
0.349423 -0.379388
1.91877 -2.64483
-0.743621 -2.1375
0.14893 -2.25866
-0.288513 -2.95549
0.0467482 -1.70676
0.132239 -3.77176
0.356833 -0.2543
1.89976 -2.83744
-0.70512 -1.73831
0.152241 -2.63195
-0.264353 -2.16211
-0.137744 -2.88646
-0.0494651 -1.81
-0.0197461 -3.64849
0.332121 -0.452344
1.93058 -2.50434
-0.749752 -2.43634
0.203634 -1.78644
0.154632 -3.85796
0.420491 -0.0806667
1.82744 -2.99639
-0.659309 -1.56895
0.173765 -2.69579
-0.254207 -2.05188
-0.128229 -3.06321
0.02045 -1.53833
0.236691 -3.22532
-0.0430649 -1.19624
0.837631 -0.34484
1.70327 -2.19594
-0.257106 -4.13741
1.14496 1.04359
1.25622 -1.53641
1.01066 -0.329482
1.64806 -1.8084
0.363323 -4.48432
0.97336 1.12894
1.25627 -1.9495
0.347615 -3.10572
-0.153568 -1.37081
0.27369 -2.5703
-0.331066 -2.35498
-0.0965015 -2.59835
-0.162782 -2.21563
-0.185251 -2.82447
-0.0515932 -1.91222
-0.106636 -3.48047
0.249398 -0.769436
1.93293 -1.49905
-0.0350424 -4.57391
1.49125 1.47824
0.844973 -1.49418
1.39583 0.065945
1.41289 -0.831046
1.41145 -0.328416
1.45591 -0.647087
1.38185 -0.383406
1.4906 -0.6963
1.3014 -0.336162
1.54697 -0.95751
1.01191 -0.486663
1.68055 -1.69349
0.394688 -4.39497
0.84288 0.939253
1.32859 -2.29663
0.0775829 -4.3891
1.09888 1.15093
1.23213 -1.64724
0.81238 -0.679661
1.77807 -1.86398
0.033594 -4.55412
1.38153 1.43683
0.990507 -1.3284
1.60152 -0.219649
1.10549 -0.55547
1.66344 -1.38865
0.394671 -3.02634
-0.216592 -1.51248
0.17381 -3.41723
0.089673 -0.910015
1.83895 -0.400707
0.442645 -2.95755
-0.273904 -1.65765
0.065526 -3.52465
0.199987 -0.731119
1.94417 -1.54001
-0.123191 -4.47474
1.46081 1.41493
0.910569 -1.36521
1.59604 -0.150743
1.1204 -0.562918
1.65939 -1.34077
0.406576 -2.74741
-0.342474 -2.07225
-0.0925418 -2.99572
-0.0241665 -1.63589
0.15798 -3.67357
0.267484 -0.456449
1.95327 -2.46034
-0.756306 -2.44445
0.21351 -1.7399
0.204043 -3.74418
0.302053 -0.32544
1.93461 -2.73024
-0.730337 -1.87145
0.147001 -2.51625
-0.289606 -2.38194
-0.114532 -2.56015
-0.164461 -2.27605
-0.18454 -2.72282
-0.0861066 -2.05866
-0.183063 -3.15692
0.089621 -1.37841
0.505075 -1.31805
1.55512 0.093695
1.19024 -0.609658
1.63717 -1.09825
0.596851 -1.50105
1.17622 0.0410151
1.52246 -1.46241
0.534452 -1.67262
0.485807 -1.51718
0.91082 -0.301505
1.66956 -2.06784
0.00942011 -4.47762
1.29995 1.35111
1.08888 -1.32049
1.54521 -0.179402
1.23934 -0.508882
1.60264 -1.03799
0.75837 -0.984834
1.81377 -1.26618
0.440212 -4.37455
0.790413 0.878157
1.35585 -2.4368
-0.189385 -4.08783
0.978482 0.836062
1.34186 -1.96705
0.352989 -3.59485
0.13606 -0.585048
1.97448 -1.93893
-0.584444 -3.56877
0.870004 0.44611
1.47172 -2.30044
-0.0481612 -4.33038
1.15472 1.15922
1.21745 -1.52141
1.10475 -0.200317
1.59513 -1.61195
0.381143 -3.33437
-0.0394708 -1.00029
1.53505 0.271911
1.19285 -0.678838
1.64174 -1.02089
0.644706 -1.33839
1.6154 -0.0427049
1.06572 -0.640191
1.68938 -1.40801
0.396171 -3.45324
0.0272372 -0.808587
1.89829 -0.690229
0.477422 -4.24535
0.629968 0.609517
1.48698 -2.85299
-0.6289 -2.63177
0.145849 -1.86298
0.020247 -3.82341
0.464324 -0.0810061
1.80248 -2.95554
-0.675994 -1.73627
0.136716 -2.74893
-0.219114 -1.95529
-0.112256 -3.24082
0.102078 -1.23808
1.03868 -0.0210381
1.56756 -1.84712
0.382965 -4.20785
0.641286 0.564947
1.49803 -2.83126
-0.627608 -2.68922
0.165151 -1.74987
0.165051 -3.81415
0.37692 -0.176654
1.87491 -2.92811
-0.678495 -1.59988
0.172835 -2.65424
-0.266942 -2.12724
-0.133885 -2.93974
-0.0301339 -1.73004
0.0669597 -3.7363
0.359438 -0.304488
1.90582 -2.76517
-0.723443 -1.89162
0.139993 -2.53895
-0.282242 -2.3336
-0.124072 -2.6291
-0.141744 -2.17673
-0.191215 -2.89946
-0.0211282 -1.80168
-0.00178946 -3.69244
0.358908 -0.365256
1.91328 -2.6694
-0.740228 -2.09817
0.144419 -2.31588
-0.297917 -2.81436
-0.00251145 -1.93571
-0.118388 -3.49801
0.268538 -0.724286
1.9375 -1.70313
-0.276042 -4.24359
1.3343 1.24264
1.10585 -1.23193
1.60035 -0.325949
1.10146 -0.530614
1.66087 -1.42183
0.391633 -3.14945
-0.149919 -1.29987
0.363192 -1.90976
0.138372 -3.97216
0.538682 0.17889
1.6792 -2.9962
-0.661361 -1.91151
0.0986786 -2.75343
-0.200578 -1.94836
-0.114231 -3.26638
0.11707 -1.19161
1.25038 0.201606
1.46305 -1.26123
0.962087 -0.493623
1.69675 -1.80645
0.302355 -4.61433
1.1915 1.38805
1.12938 -1.49434
1.27137 -0.0503748
1.51174 -1.15784
0.937294 -0.562171
1.71753 -1.79359
0.277172 -4.63848
1.24658 1.43636
1.08795 -1.42669
1.42139 -0.0423929
1.40942 -0.736548
1.44165 -0.39906
1.42223 -0.541882
1.44662 -0.503313
1.41347 -0.477002
1.45959 -0.562007
1.38792 -0.423854
1.48709 -0.657256
1.31935 -0.351813
1.53774 -0.894625
1.08558 -0.406102
1.64345 -1.56079
0.391403 -3.6036
0.127393 -0.564889
1.97853 -1.98987
-0.624896 -3.43308
0.76813 0.218635
1.5678 -2.55075
-0.500365 -3.48421
0.611358 -0.0706621
1.72199 -2.77245
-0.692789 -2.44266
0.148112 -2.01208
-0.145463 -3.55876
0.331925 -0.564874
1.93283 -2.25359
-0.693392 -3.05035
0.473053 -0.586756
1.88732 -2.26163
-0.642158 -3.24836
0.579067 -0.244446
1.78502 -2.69052
-0.707796 -2.49124
0.174834 -1.86712
0.0358345 -3.85248
0.482728 -0.0249916
1.77601 -2.9767
-0.670102 -1.7497
0.130791 -2.77238
-0.207858 -1.91655
-0.0984974 -3.31269
0.136604 -1.10858
1.54592 0.216366
1.18528 -0.656495
1.64379 -1.06605
0.603051 -1.48412
1.23938 0.0891234
1.49319 -1.28104
0.847053 -0.713827
1.7714 -1.75918
0.191354 -4.65993
1.35891 1.50008
0.986211 -1.37853
1.55148 -0.118493
1.22272 -0.530704
1.61336 -1.07113
0.693547 -1.16478
1.78505 -0.682886
0.453616 -2.51911
-0.390462 -2.70423
0.00970842 -2.08459
-0.209076 -3.19684
0.123078 -1.29668
0.863968 -0.322597
1.6892 -2.15753
-0.172312 -4.26495
1.21646 1.17199
1.19421 -1.39407
1.35063 -0.0729148
1.47372 -0.915757
1.24754 -0.276593
1.5649 -1.15263
0.772264 -0.922852
1.81153 -1.42103
0.398465 -4.6089
1.10414 1.33339
1.17295 -1.65306
0.876992 -0.52619
1.72987 -1.95491
0.0355604 -4.53136
1.34679 1.4082
1.03273 -1.31514
1.58963 -0.225971
1.13657 -0.53018
1.64878 -1.32424
0.421941 -2.52584
-0.383951 -2.63719
-0.0127836 -2.19061
-0.236683 -2.94781
0.0186563 -1.72841
0.0939832 -3.77264
0.376543 -0.238132
1.88694 -2.8533
-0.70168 -1.74205
0.14949 -2.64751
-0.258561 -2.13298
-0.138205 -2.93328
-0.0308942 -1.7407
0.0558287 -3.73184
0.361421 -0.309042
1.90548 -2.75811
-0.724988 -1.90993
0.139221 -2.52436
-0.284848 -2.36183
-0.119563 -2.58862
-0.154865 -2.23485
-0.189111 -2.79383
-0.0605891 -1.95771
-0.137744 -3.38279
0.198529 -0.958555
1.84612 -0.522683
0.435231 -3.23444
-0.121653 -1.16006
0.797208 -0.41652
1.73401 -2.21223
-0.340007 -4.00054
1.0652 0.893872
1.31469 -1.73779
0.514894 -1.65076
0.513655 -1.39434
1.37839 0.164047
1.40575 -0.898239
1.39963 -0.292763
1.46522 -0.694508
1.35434 -0.349376
1.51184 -0.792143
1.21512 -0.326554
1.58671 -1.22794
0.625967 -1.35614
1.57593 0.0246285
1.15604 -0.595525
1.65034 -1.21013
0.481261 -2.05855
0.0343627 -4.00874
0.649234 0.347988
1.56899 -2.81721
-0.647633 -2.63488
0.163384 -1.79992
0.109835 -3.86492
0.450807 -0.0443643
1.7999 -2.99787
-0.661547 -1.63656
0.154505 -2.75838
-0.223631 -1.94039
-0.105159 -3.26163
0.110418 -1.2014
1.19902 0.162279
1.48783 -1.40848
0.688815 -1.09751
1.81133 -0.913396
0.422386 -3.47166
0.0284606 -0.775326
1.91966 -0.859377
0.463693 -4.63955
1.09312 1.35652
1.16778 -1.68036
0.816567 -0.650334
1.7722 -1.90234
-0.00357482 -4.51481
1.36882 1.40732
1.01406 -1.30697
1.60765 -0.254522
1.0871 -0.562615
1.67072 -1.43177
0.392107 -3.32276
-0.0509441 -1.01761
1.46537 0.299973
1.28948 -0.748739
1.579 -0.672791
1.07795 -0.467944
1.65742 -1.53727
0.394619 -3.64858
0.157151 -0.48937
1.98188 -2.26489
-0.744369 -2.7766
0.348373 -1.06981
1.80866 -0.450899
0.46358 -2.52756
-0.393342 -2.6962
0.00888897 -2.09602
-0.213809 -3.17083
0.111475 -1.34422
0.658445 -0.813093
1.84188 -1.73861
0.00447145 -4.56052
1.4247 1.45522
0.937965 -1.36363
1.58893 -0.154392
1.13846 -0.54957
1.65096 -1.30212
0.429136 -2.45521
-0.375717 -2.84611
0.0492024 -1.85723
-0.0291493 -3.7075
0.387576 -0.313272
1.89357 -2.74727
-0.726994 -1.97842
0.135607 -2.47573
-0.291518 -2.4575
-0.101473 -2.45357
-0.193502 -2.43857
-0.153205 -2.46921
-0.166667 -2.41849
-0.169281 -2.49681
-0.153536 -2.37963
-0.180993 -2.5566
-0.134454 -2.2948
-0.19707 -2.69654
-0.0885177 -2.09921
-0.195082 -3.0751
0.0551702 -1.51999
0.258484 -2.96733
-0.182582 -1.59719
0.126457 -3.58428
0.215896 -0.623199
1.95726 -1.95342
-0.558512 -3.63201
0.907753 0.529452
1.44023 -2.19467
0.166989 -4.48129
1.13695 1.24814
1.19313 -1.57033
1.04042 -0.266982
1.62622 -1.76287
0.392434 -4.26873
0.701087 0.68558
1.43788 -2.6822
-0.533456 -3.24517
0.409493 -0.657502
1.9104 -2.07481
-0.554499 -3.59873
0.852796 0.428808
1.4805 -2.34517
-0.135689 -4.22253
1.10525 1.05062
1.2619 -1.63065
0.80283 -0.711001
1.78564 -1.82635
0.0634049 -4.58467
1.39085 1.45973
0.972242 -1.34872
1.59067 -0.18154
1.13439 -0.544336
1.65167 -1.31824
0.421304 -2.5379
-0.384159 -2.60363
-0.0213528 -2.24076
-0.240716 -2.83951
-0.0209689 -1.89803
-0.0911072 -3.54532
0.289215 -0.637525
1.94153 -2.01491
-0.570866 -3.57793
0.855676 0.425796
1.48078 -2.33826
-0.1242 -4.23862
1.11422 1.06845
1.25481 -1.60931
0.86076 -0.584558
1.74625 -1.91825
0.0455944 -4.54864
1.35994 1.42486
1.01505 -1.32162
1.59442 -0.222605
1.12422 -0.539852
1.6546 -1.35075
0.407034 -2.72836
-0.34861 -2.11543
-0.0939449 -2.93244
-0.0499004 -1.73041
0.0576542 -3.71872
0.349464 -0.33817
1.9146 -2.71359
-0.73377 -1.98522
0.140313 -2.44229
-0.297284 -2.52996
-0.0839378 -2.35226
-0.215221 -2.60757
-0.105341 -2.22969
-0.209248 -2.81865
-0.0428472 -1.92542
-0.115511 -3.46638
0.244007 -0.79466
1.92827 -1.38741
0.103146 -4.70418
1.51295 1.56294
0.782807 -1.66609
0.869263 -0.442363
1.71501 -2.05251
-0.0729668 -4.40942
1.30053 1.31027
1.10375 -1.30069
1.55088 -0.202229
1.22812 -0.501505
1.60731 -1.07753
0.707456 -1.12075
1.80094 -0.844161
0.420356 -3.13455
-0.17135 -1.32778
0.308114 -2.26268
-0.298561 -3.18499
0.164551 -1.26463
1.09624 0.0432262
1.53976 -1.69591
0.374329 -3.24104
-0.0909729 -1.15011
0.902439 -0.208017
1.64881 -2.13693
-0.0553954 -4.39894
1.26335 1.28128
1.13567 -1.34019
1.48383 -0.122583
1.3436 -0.582218
1.535 -0.672595
1.2025 -0.366482
1.59838 -1.24469
0.576957 -1.54554
0.988891 -0.186732
1.62022 -1.93332
0.291382 -4.56611
1.13706 1.31568
1.17094 -1.58088
1.04707 -0.250962
1.6209 -1.75233
0.394587 -4.20165
0.628457 0.548017
1.50872 -2.86047
-0.63647 -2.58344
0.136955 -1.93519
-0.0708649 -3.70233
0.40875 -0.291971
1.87989 -2.77073
-0.722139 -1.96759
0.132708 -2.50313
-0.286041 -2.40063
-0.113685 -2.53343
-0.171292 -2.31603
-0.179265 -2.65708
-0.108458 -2.15085
-0.200027 -2.9629
0.00811712 -1.70428
0.112617 -3.75848
0.355231 -0.275429
1.90379 -2.80821
-0.712985 -1.79487
0.146442 -2.60472
-0.269342 -2.21069
-0.136855 -2.81127
-0.077637 -1.91897
-0.112876 -3.43705
0.222176 -0.858068
1.90978 -1.06222
0.411991 -4.73713
1.25877 1.52388
1.04885 -1.45681
1.40648 -0.0167656
1.41936 -0.78109
1.41516 -0.352709
1.45345 -0.625829
1.3898 -0.398199
1.4837 -0.666748
1.32408 -0.349517
1.53428 -0.881606
1.10431 -0.388926
1.63465 -1.51965
0.386624 -3.30205
-0.0608857 -1.05129
1.33849 0.287156
1.40285 -1.02311
1.34138 -0.226894
1.50573 -0.887887
1.18137 -0.320168
1.59769 -1.33367
0.498838 -1.90486
0.241633 -3.83597
0.359978 -0.151126
1.87896 -2.96513
-0.663641 -1.50021
0.199616 -2.5601
-0.302874 -2.32297
-0.114607 -2.64422
-0.141701 -2.15241
-0.188416 -2.94306
-0.00515794 -1.73447
0.0748157 -3.75582
0.371981 -0.265904
1.89396 -2.81783
-0.711097 -1.8047
0.143642 -2.61232
-0.266059 -2.19571
-0.138241 -2.83457
-0.0686499 -1.88575
-0.0884928 -3.50749
0.259453 -0.721424
1.93915 -1.69687
-0.274898 -4.24665
1.33719 1.24578
1.10254 -1.23047
1.60379 -0.332716
1.09104 -0.53851
1.66557 -1.44322
0.391278 -3.3107
-0.0577443 -1.037
1.3921 0.301512
1.36256 -0.891829
1.47178 -0.358917
1.37751 -0.504781
1.50073 -0.635165
1.29552 -0.356193
1.55316 -0.964802
0.986378 -0.523627
1.69525 -1.72214
0.370884 -4.52076
1.0134 1.19255
1.23229 -1.85013
0.420815 -2.14114
-0.141447 -3.74391
0.499769 -0.112669
1.79155 -2.89295
-0.693394 -1.92616
0.116622 -2.63901
-0.246465 -2.14114
-0.144351 -2.92396
-0.0319873 -1.75603
0.0398049 -3.72232
0.361764 -0.321977
1.907 -2.73845
-0.728994 -1.95233
0.138633 -2.4844
-0.291473 -2.44159
-0.104324 -2.47595
-0.18798 -2.40337
-0.161521 -2.52136
-0.15185 -2.34215
-0.185952 -2.61641
-0.116758 -2.21038
-0.203689 -2.84914
-0.0344302 -1.87927
-0.0780215 -3.56127
0.294343 -0.610457
1.9418 -2.09897
-0.62708 -3.3802
0.704895 0.0768427
1.63517 -2.66337
-0.626277 -2.98474
0.319557 -1.05286
1.81271 -0.447563
0.45891 -2.58789
-0.394029 -2.52259
-0.0347112 -2.35639
-0.235719 -2.61229
-0.0943144 -2.22727
-0.213402 -2.82753
-0.0378155 -1.91295
-0.105702 -3.49619
0.260303 -0.736095
1.93707 -1.64586
-0.212883 -4.34392
1.3916 1.3215
1.02644 -1.24263
1.64653 -0.389534
0.951218 -0.707408
1.73657 -1.58493
0.400794 -4.47448
0.934022 1.09079
1.27204 -2.04968
0.344915 -3.8702
0.343894 -0.097652
1.87636 -3.0312
-0.635631 -1.35373
0.259145 -2.23929
-0.289418 -3.16512
0.148086 -1.31342
0.863527 -0.328178
1.69069 -2.15465
-0.171179 -4.26733
1.21849 1.17486
1.19249 -1.39064
1.35757 -0.073356
1.46903 -0.895785
1.26983 -0.275629
1.55463 -1.08428
0.875556 -0.698177
1.75988 -1.73781
0.245721 -4.66774
1.31581 1.4898
1.02501 -1.38644
1.52065 -0.0973752
1.28067 -0.548324
1.58262 -0.882487
0.950801 -0.600224
1.72009 -1.72241
0.339339 -4.60296
1.14456 1.35168
1.15693 -1.57293
1.08188 -0.203975
1.60161 -1.67556
0.3878 -3.72932
0.217543 -0.352137
1.97033 -2.64703
-0.746503 -1.92806
0.153441 -2.41981
-0.303755 -2.58802
-0.0670856 -2.27072
-0.225461 -2.75843
-0.0558608 -2.01639
-0.170382 -3.2705
0.145516 -1.16943
1.38815 0.254504
1.37722 -0.892053
1.44967 -0.334451
1.40924 -0.55682
1.46319 -0.522549
1.38576 -0.439075
1.49005 -0.654108
1.31389 -0.351878
1.54132 -0.911135
1.06354 -0.428123
1.65411 -1.60563
0.400572 -3.91029
0.353927 -0.0257625
1.85247 -3.09555
-0.610329 -1.26863
0.314965 -1.9341
0.0620859 -3.9444
0.558796 0.16976
1.67177 -2.95976
-0.669069 -2.02676
0.0935716 -2.64224
-0.23524 -2.13231
-0.148415 -2.94151
-0.0232131 -1.73053
0.069777 -3.74198
0.3628 -0.293488
1.90268 -2.7809
-0.719926 -1.86447
0.140744 -2.56356
-0.27714 -2.28636
-0.130628 -2.69786
-0.118302 -2.07948
-0.181464 -3.09164
0.0567869 -1.49297
0.276639 -2.73004
-0.289255 -2.02362
-0.108104 -3.0904
0.024545 -1.49223
0.262421 -2.87528
-0.225832 -1.75247
0.000589741 -3.51852
0.223987 -0.732739
1.94174 -1.58584
-0.164124 -4.41788
1.43275 1.37585
0.960593 -1.29747
1.64199 -0.304453
0.980347 -0.681059
1.72342 -1.55987
0.413312 -4.33703
0.764367 0.814907
1.38065 -2.51098
-0.319141 -3.85491
0.823862 0.496677
1.46627 -2.41017
-0.228406 -4.07156
1.00657 0.860669
1.33152 -1.8915
0.357985 -2.98289
-0.220847 -1.58148
0.127882 -3.54377
0.18754 -0.697684
1.95124 -1.64093
-0.257113 -4.28434
1.36719 1.28028
1.06516 -1.22492
1.63337 -0.388064
0.993778 -0.641952
1.7133 -1.57888
0.411888 -4.31427
0.739769 0.769745
1.40048 -2.57787
-0.41641 -3.6258
0.659957 0.0963523
1.64781 -2.75647
-0.663966 -2.67027
0.192188 -1.67086
0.236744 -3.48842
0.110103 -0.780909
1.93022 -1.09108
0.3479 -4.80627
1.40512 1.62364
0.892109 -1.51605
1.35311 0.0521315
1.4476 -0.941836
1.29403 -0.256274
1.53918 -1.01845
0.986759 -0.510827
1.6927 -1.73316
0.36686 -4.52802
1.02567 1.20788
1.22599 -1.82088
0.465094 -1.86089
0.252654 -3.71082
0.256513 -0.391581
1.95656 -2.59102
-0.754121 -2.11583
0.157003 -2.23513
-0.283104 -3.02326
0.0735454 -1.58958
0.231041 -3.37667
0.0442319 -0.962654
1.73248 -0.0185914
0.711959 -1.34016
1.63451 -0.112883
1.01497 -0.679382
1.71182 -1.48463
0.41396 -4.01176
0.435747 0.165552
1.74265 -3.14313
-0.604838 -1.40447
0.219155 -2.53949
-0.314813 -2.37932
-0.101911 -2.5645
-0.169152 -2.26728
-0.182706 -2.73652
-0.0825669 -2.03863
-0.17626 -3.19972
0.108834 -1.30189
0.807461 -0.438538
1.73521 -2.17312
-0.292004 -4.09287
1.12992 1.00703
1.27058 -1.57164
0.91323 -0.490176
1.71104 -1.91761
0.136672 -4.59881
1.33081 1.44602
1.03073 -1.34847
1.55932 -0.161655
1.2083 -0.517979
1.61855 -1.1245
0.629829 -1.36748
1.55744 0.045372
1.19286 -0.591823
1.63413 -1.10727
0.598352 -1.49271
1.20549 0.0655321
1.50897 -1.37883
0.671502 -1.16037
1.78922 -0.680364
0.448827 -2.58053
-0.391365 -2.52816
-0.0349817 -2.34905
-0.236138 -2.6256
-0.0905544 -2.2085
-0.213482 -2.86405
-0.0245218 -1.85828
-0.0572468 -3.6091
0.320688 -0.517316
1.93621 -2.35869
-0.730962 -2.77318
0.325484 -1.14625
1.70238 -0.0722501
0.805742 -1.07077
1.79103 -1.00715
0.416316 -3.42037
-0.00148933 -0.858583
1.84009 -0.343516
0.446355 -2.91556
-0.295315 -1.74312
0.0101864 -3.454
0.176481 -0.858809
1.90457 -0.927786
0.461312 -4.59734
1.04217 1.28614
1.19938 -1.7855
0.547059 -1.4644
1.21674 0.0858766
1.50101 -1.34805
0.734949 -0.97714
1.82057 -1.29404
0.433998 -4.47923
0.91681 1.08386
1.27604 -2.0932
0.336299 -4.09781
0.553863 0.355654
1.60947 -3.00738
-0.651067 -2.00229
0.0836569 -2.71513
-0.207384 -2.01077
-0.134824 -3.15633
0.0677332 -1.38471
0.451367 -1.53703
0.761411 -0.611241
1.78493 -2.03677
-0.226022 -4.23234
1.24289 1.17547
1.18243 -1.34437
1.42774 -0.100232
1.41201 -0.702004
1.44413 -0.418608
1.41901 -0.526794
1.45161 -0.519505
1.40479 -0.45931
1.46985 -0.593329
1.36572 -0.394466
1.50642 -0.734955
1.25218 -0.329207
1.57161 -1.11265
0.791317 -0.883366
1.80493 -1.50058
0.362606 -4.66041
1.20021 1.43152
1.11072 -1.49442
1.29043 -0.0372697
1.50063 -1.10352
1.02792 -0.429321
1.66455 -1.69844
0.398771 -4.31382
0.747139 0.774504
1.39722 -2.55929
-0.392411 -3.68906
0.705868 0.213691
1.59122 -2.68676
-0.612805 -3.00586
0.317528 -1.04647
1.81763 -0.470615
0.450528 -2.69614
-0.375692 -2.23431
-0.0820724 -2.75998
-0.11941 -1.97609
-0.142642 -3.2866
0.141597 -1.14761
1.44711 0.255553
1.32153 -0.766456
1.54771 -0.569723
1.19986 -0.396788
1.60443 -1.23473
0.570091 -1.57791
0.858645 -0.41915
1.71339 -2.09422
-0.131749 -4.33383
1.26465 1.2448
1.14802 -1.32593
1.4861 -0.134029
1.34147 -0.574465
1.5369 -0.684495
1.19334 -0.368034
1.60206 -1.27152
0.54277 -1.69267
0.448613 -1.69373
0.34242 -2.33617
-0.332272 -3.03789
0.106517 -1.53461
0.271392 -2.84921
-0.24106 -1.79989
-0.029917 -3.45022
0.191474 -0.859869
1.90612 -0.967185
0.450845 -4.64624
1.11119 1.37262
1.15849 -1.64522
0.912392 -0.455229
1.70403 -1.95131
0.105546 -4.57513
1.33085 1.42983
1.03699 -1.33792
1.56588 -0.178612
1.19416 -0.516029
1.62447 -1.16824
0.574704 -1.57581
0.875017 -0.387317
1.70086 -2.087
-0.0916634 -4.37977
1.2806 1.28109
1.12642 -1.31463
1.51832 -0.163083
1.29066 -0.525944
1.5744 -0.869788
0.986676 -0.544484
1.69904 -1.7013
0.37888 -4.502
0.983848 1.15377
1.24762 -1.92259
0.356547 -2.84419
-0.283096 -1.83831
-0.0444874 -3.3618
0.142175 -1.02481
1.72795 -0.0504419
0.725057 -1.29274
1.69172 -0.269518
0.822892 -0.986357
1.79513 -1.22721
0.435948 -4.10232
0.509095 0.337943
1.63908 -3.08576
-0.630735 -1.73863
0.114307 -2.90256
-0.148699 -1.71386
0.0400184 -3.63104
0.287999 -0.516178
1.94635 -2.33771
-0.733595 -2.77683
0.331698 -1.12404
1.73963 -0.174427
0.678673 -1.41189
1.50058 0.0791685
1.2887 -0.630696
1.5812 -0.789357
1.0142 -0.521632
1.68648 -1.65698
0.402613 -4.33938
0.773577 0.824369
1.37577 -2.48688
-0.280918 -3.93203
0.878355 0.618459
1.41892 -2.25751
0.0821497 -4.42959
1.15077 1.22097
1.19849 -1.53713
1.10204 -0.196175
1.59488 -1.62126
0.381295 -3.38214
-0.0108011 -0.924261
1.74094 -0.0151196
0.686108 -1.42447
1.47889 0.0904897
1.31792 -0.663645
1.55764 -0.676516
1.13937 -0.407525
1.62742 -1.40749
0.40916 -2.63969
-0.371172 -2.32641
-0.0782272 -2.63432
-0.160975 -2.15833
-0.181797 -2.92418
-0.0156321 -1.76269
0.0404016 -3.73438
0.37174 -0.295834
1.89867 -2.77588
-0.721191 -1.89052
0.138574 -2.54891
-0.279511 -2.31363
-0.127349 -2.658
-0.131898 -2.1358
-0.189467 -2.97811
0.00973823 -1.67957
0.137245 -3.73777
0.326538 -0.325673
1.92367 -2.73297
-0.730078 -1.9052
0.143254 -2.50464
-0.290111 -2.40322
-0.111224 -2.53
-0.173222 -2.32086
-0.178004 -2.64922
-0.111303 -2.1617
-0.200685 -2.94105
-0.000502069 -1.7387
0.0728471 -3.75876
0.375528 -0.258633
1.89098 -2.82667
-0.708919 -1.79321
0.144217 -2.62202
-0.263624 -2.17802
-0.138858 -2.86212
-0.0582095 -1.84591
-0.0544282 -3.58637
0.301098 -0.569251
1.94156 -2.21681
-0.687913 -3.09732
0.507195 -0.478822
1.86311 -2.45563
-0.70227 -2.847
0.329533 -1.09653
1.77266 -0.283273
0.566113 -1.84756
0.288125 -3.23004
-0.0610874 -1.17832
0.863693 -0.288304
1.6809 -2.18038
-0.189047 -4.23595
1.19606 1.14
1.21186 -1.43037
1.27288 -0.0858011
1.51831 -1.14389
0.931768 -0.57543
1.72169 -1.79076
0.271845 -4.64226
1.2566 1.44419
1.0798 -1.41728
1.44153 -0.0503391
1.38901 -0.687886
1.47861 -0.47574
1.363 -0.440557
1.51218 -0.715578
1.24516 -0.336982
1.57603 -1.13025
0.759117 -0.962483
1.81468 -1.3263
0.429662 -4.4922
0.93543 1.11032
1.26607 -2.04455
0.34466 -3.82498
0.307454 -0.182208
1.91377 -2.94371
-0.664888 -1.445
0.223267 -2.42153
-0.326811 -2.64904
-0.0395013 -2.18302
-0.227515 -2.94359
0.0127003 -1.73552
0.0832565 -3.76914
0.379059 -0.240937
1.88613 -2.84881
-0.703071 -1.75551
0.147616 -2.64418
-0.258721 -2.13854
-0.138633 -2.92455
-0.0342041 -1.75386
0.0410349 -3.72151
0.36043 -0.324357
1.90793 -2.7349
-0.72969 -1.95765
0.13879 -2.47816
-0.292444 -2.45443
-0.101558 -2.45796
-0.192664 -2.43159
-0.154799 -2.47947
-0.163903 -2.40325
-0.172912 -2.52004
-0.146787 -2.34618
-0.187874 -2.61021
-0.117528 -2.21966
-0.203944 -2.83211
-0.0404685 -1.90461
-0.0996134 -3.50833
0.265964 -0.71336
1.9392 -1.73676
-0.316802 -4.17397
1.29203 1.18306
1.15518 -1.26323
1.53525 -0.216994
1.26119 -0.497039
1.5897 -0.98045
0.851795 -0.771192
1.77695 -1.65607
0.291602 -4.67806
1.28646 1.48582
1.0466 -1.40682
1.48082 -0.0645131
1.34067 -0.608101
1.53771 -0.660402
1.19953 -0.371407
1.60034 -1.25085
0.56602 -1.59134
0.802234 -0.539076
1.75768 -2.0731
-0.207351 -4.24696
1.2382 1.17937
1.18311 -1.35395
1.41585 -0.0924751
1.42315 -0.73335
1.42051 -0.378409
1.44861 -0.599778
1.40174 -0.419841
1.47211 -0.623651
1.35637 -0.37728
1.51296 -0.771203
1.22151 -0.329516
1.58473 -1.20686
0.653291 -1.26447
1.71247 -0.2861
0.750627 -1.166
1.77653 -0.71051
0.459475 -2.43974
-0.373725 -2.9442
0.0873711 -1.68154
0.178816 -3.71846
0.292818 -0.372129
1.94182 -2.64516
-0.746027 -2.04641
0.148517 -2.33977
-0.301376 -2.7632
-0.0180391 -2.0143
-0.172055 -3.31672
0.174014 -1.07692
1.66951 0.0578681
0.905636 -0.890527
1.76872 -1.35331
0.429772 -4.16757
0.575465 0.468363
1.55901 -2.97332
-0.64898 -2.17385
0.0793225 -2.54016
-0.255935 -2.30966
-0.139441 -2.66408
-0.124619 -2.13031
-0.191021 -2.99222
0.0163891 -1.65716
0.160683 -3.70316
0.288816 -0.39939
1.94468 -2.59166
-0.75237 -2.16335
0.158401 -2.18937
-0.265949 -3.1392
0.121324 -1.38078
0.559282 -1.12657
1.80935 -0.668829
0.432863 -2.88276
-0.303298 -1.80204
-0.0217601 -3.38678
0.147683 -0.980801
1.7955 -0.256699
0.515781 -2.15072
-0.0781332 -3.89902
0.61535 0.202426
1.63305 -2.86659
-0.671349 -2.37046
0.115576 -2.20378
-0.267541 -3.04689
0.0765665 -1.553
0.249408 -3.13117
-0.0978998 -1.33835
0.345495 -2.04131
-0.0636141 -3.83523
0.533936 0.0250739
1.73235 -2.93977
-0.679274 -1.95137
0.105307 -2.67108
-0.231564 -2.08426
-0.143338 -3.02096
0.00801698 -1.60725
0.194281 -3.57978
0.185939 -0.630274
1.96129 -1.87867
-0.510094 -3.77245
1.01904 0.74144
1.3643 -1.87451
0.359142 -3.04286
-0.191475 -1.47724
0.199956 -3.29239
0.00782544 -1.1022
1.31354 0.261589
1.4225 -1.08737
1.25251 -0.22235
1.55314 -1.16052
0.801986 -0.846423
1.79967 -1.57168
0.318419 -4.68791
1.27518 1.48899
1.0524 -1.41964
1.45938 -0.0489373
1.36731 -0.651592
1.50861 -0.555317
1.29506 -0.383047
1.55693 -0.951169
0.984839 -0.52912
1.69675 -1.72054
0.370314 -4.52412
1.01809 1.19899
1.22972 -1.83889
0.436689 -2.03194
0.0322793 -3.98625
0.625418 0.295941
1.59679 -2.86174
-0.661652 -2.4512
0.123455 -2.10043
-0.219588 -3.30874
0.19428 -1.06522
1.7126 -0.0370967
0.774033 -1.15857
1.77508 -0.741037
0.454279 -2.48051
-0.384441 -2.81555
0.0428762 -1.90464
-0.0799279 -3.62002
0.342614 -0.47701
1.92778 -2.45808
-0.744185 -2.56374
0.239799 -1.5627
0.330693 -2.32
-0.325513 -3.06333
0.115098 -1.49008
0.316349 -2.36985
-0.341354 -2.90201
0.0521415 -1.77865
0.0591818 -3.79032
0.410632 -0.182198
1.85764 -2.90363
-0.688893 -1.71062
0.149165 -2.69143
-0.244596 -2.05471
-0.132613 -3.06316
0.0222823 -1.53893
0.237041 -3.2235
-0.0441849 -1.19895
0.824732 -0.371787
1.71406 -2.20033
-0.284889 -4.09421
1.12118 0.998843
1.27474 -1.59278
0.86166 -0.589576
1.74686 -1.91044
0.0551584 -4.55733
1.36144 1.43106
1.01129 -1.32571
1.59286 -0.215936
1.12845 -0.538645
1.65293 -1.33992
0.411865 -2.65509
-0.369251 -2.29189
-0.082329 -2.68212
-0.144777 -2.08894
-0.175818 -3.05677
0.0380777 -1.55177
0.236425 -3.25584
-0.0263543 -1.14944
1.05898 0.0312846
1.55023 -1.79951
0.383274 -3.90036
0.352854 -0.0433662
1.85774 -3.08009
-0.616755 -1.29077
0.297577 -2.02687
-0.080903 -3.78285
0.492915 -0.0861792
1.78798 -2.92114
-0.686321 -1.86246
0.119875 -2.69546
-0.230148 -2.04412
-0.135836 -3.08756
0.0349024 -1.49975
0.262107 -2.89177
-0.218516 -1.72401
0.0213748 -3.55126
0.237636 -0.672699
1.94828 -1.82684
-0.43179 -3.95097
1.14441 0.958993
1.28222 -1.53701
0.961718 -0.412337
1.67997 -1.8746
0.259579 -4.61669
1.23349 1.41255
1.10307 -1.43494
1.39577 -0.0384511
1.43284 -0.801923
1.38524 -0.323272
1.48222 -0.718349
1.31301 -0.329746
1.539 -0.925454
1.06065 -0.428303
1.65499 -1.61327
0.401561 -3.94935
0.386503 0.0476479
1.81135 -3.1287
-0.60235 -1.29122
0.291047 -2.07736
-0.147056 -3.65536
0.417484 -0.329371
1.88167 -2.71581
-0.730976 -2.0988
0.136897 -2.35435
-0.298778 -2.71893
-0.0332967 -2.0809
-0.201492 -3.15971
0.099715 -1.36887
0.552272 -1.14588
1.79718 -0.580967
0.457399 -2.52994
-0.392303 -2.67974
0.00352428 -2.1223
-0.222822 -3.10777
0.0837481 -1.45753
0.331856 -2.22636
-0.271356 -3.33151
0.240269 -0.968736
1.85325 -0.603431
0.43707 -3.47532
0.0248927 -0.76758
1.92316 -0.885671
0.453696 -4.68374
1.15656 1.43119
1.12636 -1.57062
1.12118 -0.151528
1.58014 -1.58131
0.383961 -2.99476
-0.227336 -1.56643
0.136793 -3.52116
0.16899 -0.737943
1.94462 -1.4399
-0.0165474 -4.60207
1.50857 1.49747
0.813341 -1.56444
1.21139 0.0177034
1.51821 -1.35363
0.678602 -1.14418
1.79603 -0.744235
0.431778 -2.82207
-0.32764 -1.92867
-0.0675912 -3.20531
0.0643737 -1.29953
0.707531 -0.669578
1.81253 -2.00361
-0.25443 -4.20161
1.23806 1.15644
1.19097 -1.34921
1.41161 -0.0947054
1.4277 -0.743145
1.41068 -0.365333
1.45931 -0.630477
1.37873 -0.38802
1.49394 -0.702308
1.29221 -0.33395
1.55198 -0.986817
0.972351 -0.541091
1.70278 -1.73783
0.351927 -4.56909
1.09007 1.28839
1.19039 -1.67751
0.797822 -0.699434
1.78575 -1.85211
0.0276941 -4.55263
1.38623 1.43763
0.985632 -1.32953
1.60292 -0.219122
1.10174 -0.558799
1.66522 -1.39582
0.393508 -3.0838
-0.1862 -1.41148
0.23522 -2.94866
-0.180858 -1.62783
0.103292 -3.60883
0.243003 -0.574714
1.95589 -2.13859
-0.67016 -3.21212
0.592081 -0.228529
1.77479 -2.68876
-0.703743 -2.5283
0.181837 -1.81234
0.109079 -3.87657
0.462177 -0.0180603
1.78569 -3.00492
-0.659985 -1.65421
0.148969 -2.77689
-0.21427 -1.90925
-0.0937274 -3.31897
0.138165 -1.09768
1.57557 0.192091
1.1307 -0.662958
1.66824 -1.21171
0.448481 -2.31024
-0.304608 -3.3146
0.250629 -0.969017
1.85625 -0.633145
0.439524 -3.57188
0.087364 -0.61036
1.97575 -1.7483
-0.438587 -3.95823
1.16777 0.985616
1.26883 -1.48141
1.09225 -0.233468
1.60562 -1.63451
0.384994 -3.56418
0.103342 -0.63081
1.97063 -1.7074
-0.386464 -4.06465
1.2396 1.09499
1.21099 -1.33453
1.40239 -0.101876
1.43761 -0.764168
1.38784 -0.339897
1.48127 -0.702954
1.31956 -0.335972
1.5356 -0.902367
1.08689 -0.40275
1.64241 -1.55939
0.390876 -3.58572
0.115505 -0.594501
1.97569 -1.86626
-0.534885 -3.71863
0.987243 0.678299
1.38614 -1.96665
0.35957 -3.79512
0.278084 -0.236942
1.93675 -2.86825
-0.688986 -1.54312
0.196155 -2.52719
-0.307712 -2.38924
-0.104223 -2.55045
-0.171574 -2.28884
-0.180816 -2.70091
-0.0946448 -2.08892
-0.190594 -3.09064
0.0604427 -1.49383
0.277842 -2.71919
-0.293485 -2.04553
-0.110716 -3.05528
0.0095142 -1.54831
0.22807 -3.3151
0.00987341 -1.0599
1.45414 0.286853
1.30604 -0.762766
1.5632 -0.613756
1.14573 -0.418688
1.62734 -1.38171
0.420014 -2.511
-0.382609 -2.67485
-0.00312198 -2.1336
-0.225209 -3.07683
0.0699798 -1.51213
0.269469 -2.83406
-0.246458 -1.82649
-0.0449369 -3.41115
0.172902 -0.932165
1.85773 -0.567234
0.439216 -3.48851
0.0325283 -0.745999
1.93537 -1.01523
0.378301 -4.80285
1.37338 1.61451
0.927481 -1.48259
1.41739 0.0305029
1.4003 -0.7683
1.44883 -0.392222
1.41214 -0.53069
1.46046 -0.532527
1.38944 -0.438031
1.48618 -0.644994
1.32414 -0.357214
1.53517 -0.877284
1.1044 -0.389902
1.63482 -1.51879
0.386648 -3.29969
-0.0622833 -1.05507
1.32272 0.280804
1.4131 -1.06452
1.29151 -0.216632
1.53392 -1.04277
0.981984 -0.512822
1.69451 -1.7426
0.358743 -4.5481
1.05761 1.24816
1.20884 -1.74746
0.617158 -1.20854
1.75827 -0.439443
0.572454 -1.77409
0.338592 -2.44543
-0.358619 -2.73237
0.0012837 -2.05191
-0.192995 -3.25869
0.149844 -1.18324
1.35286 0.245897
1.40423 -0.979331
1.36417 -0.246663
1.49164 -0.813065
1.25618 -0.304541
1.56579 -1.11274
0.810429 -0.836758
1.79634 -1.58309
0.31582 -4.68616
1.2752 1.48758
1.05292 -1.41882
1.46015 -0.0498127
1.36647 -0.649814
1.50967 -0.558825
1.29215 -0.381556
1.55846 -0.960929
0.97222 -0.547118
1.70394 -1.7321
0.354551 -4.56584
1.08376 1.28143
1.19381 -1.69077
0.762368 -0.784893
1.80733 -1.73662
0.117002 -4.63844
1.40709 1.50041
0.939176 -1.39282
1.55386 -0.0939962
1.21586 -0.539806
1.61769 -1.08433
0.668024 -1.2438
1.73364 -0.376422
0.662203 -1.42232
1.4672 0.104627
1.33056 -0.687137
1.54505 -0.620933
1.19275 -0.385976
1.60533 -1.26277
0.542493 -1.6966
0.439328 -1.74079
0.293744 -2.9006
-0.229188 -1.71364
0.0283075 -3.54753
0.231869 -0.681668
1.94811 -1.78606
-0.393074 -4.03373
1.20343 1.05062
1.23848 -1.40418
1.27134 -0.0991041
1.52163 -1.14482
0.920284 -0.59644
1.72909 -1.79039
0.25674 -4.64833
1.27896 1.45932
1.06132 -1.39913
1.4802 -0.0721853
1.34261 -0.606354
1.5359 -0.656472
1.20552 -0.369523
1.59774 -1.23375
0.589103 -1.4977
1.17523 0.0418418
1.52252 -1.46547
0.530895 -1.68888
0.441438 -1.72618
0.30452 -2.73867
-0.299022 -2.0206
-0.103402 -3.09012
0.0224611 -1.49201
0.261692 -2.88248
-0.222381 -1.73993
0.00956375 -3.53392
0.2307 -0.704351
1.94531 -1.704
-0.302668 -4.20338
1.3145 1.21156
1.1311 -1.2417
1.57331 -0.278341
1.17592 -0.492443
1.62855 -1.24065
0.505996 -1.89493
0.251483 -3.77497
0.306204 -0.271198
1.92714 -2.81785
-0.707703 -1.6921
0.163803 -2.60219
-0.277618 -2.22176
-0.132812 -2.79347
-0.0856781 -1.94337
-0.128338 -3.38241
0.193562 -0.963617
1.83959 -0.483002
0.437012 -3.07133
-0.213473 -1.44225
0.212122 -3.15564
-0.0700739 -1.30842
0.432037 -1.58283
0.565073 -1.17945
1.77461 -0.470222
0.523064 -2.03299
0.114875 -4.0619
0.649804 0.401235
1.55066 -2.81772
-0.641608 -2.66201
0.167642 -1.76335
0.153247 -3.8346
0.400441 -0.129764
1.85131 -2.96524
-0.668137 -1.57931
0.174322 -2.67313
-0.261779 -2.093
-0.132107 -2.99496
-0.00797339 -1.64587
0.157692 -3.68855
0.27892 -0.427446
1.94914 -2.53008
-0.756433 -2.2934
0.178503 -1.99416
-0.114503 -3.64928
0.389451 -0.378574
1.90124 -2.6466
-0.740611 -2.20052
0.151043 -2.19562
-0.268205 -3.11322
0.109109 -1.42964
0.40974 -1.75179
0.277741 -3.16665
-0.091086 -1.27862
0.474737 -1.39019
1.33091 0.164374
1.43643 -1.02579
1.26651 -0.236191
1.54946 -1.11173
0.865146 -0.713859
1.76548 -1.73088
0.239962 -4.67058
1.32523 1.4956
1.01571 -1.38509
1.52786 -0.101496
1.26794 -0.542073
1.59008 -0.925723
0.894103 -0.695227
1.75341 -1.7102
0.289661 -4.66103
1.26539 1.46313
1.06787 -1.41617
1.45261 -0.0519258
1.37618 -0.664023
1.49729 -0.523758
1.32328 -0.400636
1.54066 -0.855358
1.10155 -0.39827
1.63727 -1.52145
0.38707 -3.34218
-0.0372645 -0.987144
1.57323 0.245496
1.12506 -0.684103
1.67268 -1.20322
0.445818 -2.33866
-0.325204 -3.22288
0.203696 -1.15497
1.53662 0.203587
1.20495 -0.651621
1.63367 -1.01441
0.675628 -1.2347
1.74165 -0.417191
0.626883 -1.54404
1.07862 -0.0707729
1.57124 -1.72537
0.382776 -3.70228
0.199775 -0.399389
1.976 -2.53453
-0.762096 -2.1664
0.167705 -2.14005
-0.240164 -3.27779
0.186397 -1.11588
1.60421 0.147566
1.07308 -0.688047
1.69291 -1.33386
0.39641 -3.17738
-0.136617 -1.25355
0.474666 -1.37728
1.36907 0.172997
1.41048 -0.924129
1.37975 -0.272787
1.48183 -0.75748
1.30103 -0.315875
1.54434 -0.969012
1.01127 -0.484952
1.68041 -1.69653
0.39374 -4.40129
0.850958 0.952234
1.32352 -2.27447
0.119192 -4.41148
1.08785 1.15791
1.23193 -1.67319
0.754199 -0.817303
1.81265 -1.67681
0.174905 -4.67715
1.3994 1.52499
0.937401 -1.41102
1.53038 -0.0604175
1.25898 -0.555675
1.59654 -0.941751
0.859666 -0.762502
1.77341 -1.65967
0.295998 -4.67436
1.27746 1.47907
1.05477 -1.41168
1.46855 -0.0577661
1.35671 -0.631384
1.52123 -0.598591
1.25784 -0.369813
1.57519 -1.07319
0.818021 -0.827491
1.79323 -1.59358
0.313432 -4.68451
1.27515 1.48623
1.05346 -1.4181
1.46075 -0.0505822
1.36581 -0.648381
1.5105 -0.561619
1.28984 -0.380422
1.55966 -0.968648
0.962144 -0.562017
1.70978 -1.73953
0.34105 -4.59145
1.12807 1.33183
1.16788 -1.60246
1.00233 -0.311265
1.64619 -1.84018
0.34342 -4.52813
1.04416 1.22068
1.21945 -1.77749
0.545821 -1.47697
1.17309 0.0493996
1.52128 -1.47288
0.525246 -1.71427
0.383937 -2.05827
-0.0557324 -3.86622
0.560842 0.0934632
1.69614 -2.92995
-0.677681 -2.05943
0.0980593 -2.58538
-0.253164 -2.23262
-0.144541 -2.78015
-0.0851339 -1.96586
-0.141356 -3.34005
0.173124 -1.04357
1.72751 -0.0632768
0.725872 -1.28733
1.69712 -0.287701
0.801824 -1.03241
1.79758 -1.11735
0.428146 -3.83054
0.278545 -0.171416
1.92751 -2.96149
-0.653696 -1.36207
0.26258 -2.19773
-0.264999 -3.28411
0.20482 -1.08154
1.69536 -0.00382203
0.828718 -1.03277
1.78975 -1.10169
0.421336 -3.67986
0.168969 -0.433393
1.98346 -2.42524
-0.7666 -2.38959
0.21032 -1.78767
0.158158 -3.85784
0.418581 -0.0823359
1.82899 -2.99651
-0.659067 -1.56455
0.175082 -2.69072
-0.256466 -2.06129
-0.129144 -3.04721
0.0136092 -1.56389
0.221754 -3.38863
0.0547566 -0.945806
1.76949 -0.120963
0.596024 -1.74822
0.396539 -2.00499
0.0347047 -3.96875
0.604204 0.251586
1.62155 -2.89697
-0.668118 -2.30206
0.103097 -2.31714
-0.286417 -2.77168
-0.0225977 -2.00205
-0.164947 -3.33709
0.183072 -1.039
1.74377 -0.110362
0.672138 -1.44943
1.41192 0.118749
1.38778 -0.80513
1.45901 -0.386502
1.3973 -0.514041
1.47897 -0.578372
1.35104 -0.392008
1.51872 -0.778355
1.20345 -0.336462
1.59285 -1.25834
0.578738 -1.53425
1.03244 -0.122214
1.59402 -1.83979
0.379658 -4.3221
0.768237 0.800088
1.38445 -2.50385
-0.310933 -3.8745
0.839478 0.530819
1.4525 -2.36748
-0.144468 -4.19804
1.08062 1.0122
1.27753 -1.69141
0.649967 -1.12562
1.80679 -0.78621
0.423243 -3.08983
-0.197007 -1.40609
0.23518 -2.93487
-0.187118 -1.6503
0.0837787 -3.61039
0.25257 -0.568725
1.95403 -2.16705
-0.681213 -3.15391
0.551284 -0.347084
1.82132 -2.61189
-0.713263 -2.58593
0.211717 -1.65695
0.25032 -3.33535
0.0129366 -1.02304
1.5623 0.239639
1.14871 -0.672423
1.66172 -1.1519
0.494797 -1.99143
0.147868 -4.04012
0.603584 0.326444
1.59607 -2.90834
-0.661975 -2.31221
0.0997609 -2.32014
-0.285604 -2.76214
-0.0261175 -2.01644
-0.172861 -3.30288
0.165956 -1.10445
1.60106 0.157734
1.07903 -0.686067
1.69052 -1.32121
0.397469 -3.08963
-0.184962 -1.402
0.240952 -2.88534
-0.211681 -1.73278
0.0153432 -3.55146
0.240517 -0.670816
1.94803 -1.8381
-0.441368 -3.92924
1.12836 0.933255
1.29313 -1.57677
0.860937 -0.597516
1.74851 -1.90181
0.0630188 -4.56488
1.36328 1.43669
1.00743 -1.32944
1.59158 -0.209964
1.13186 -0.537935
1.65162 -1.33094
0.416326 -2.59549
-0.380095 -2.44563
-0.0570286 -2.46809
-0.210894 -2.41511
-0.148723 -2.50583
-0.161263 -2.36293
-0.179437 -2.5829
-0.128632 -2.25668
-0.200402 -2.76313
-0.0658348 -2.00464
-0.163519 -3.28386
0.149984 -1.14596
1.46779 0.24942
1.29862 -0.730048
1.57215 -0.666898
1.10093 -0.445081
1.64625 -1.49123
0.388328 -3.30074
-0.062376 -1.05323
1.32878 0.283494
1.4092 -1.04852
1.31141 -0.218595
1.52338 -0.981264
1.06667 -0.407495
1.64915 -1.61154
0.399188 -3.88795
0.336047 -0.0672318
1.87383 -3.06661
-0.619406 -1.27925
0.309129 -1.95937
0.0212279 -3.91436
0.555316 0.133538
1.68576 -2.95378
-0.671903 -2.01521
0.0959955 -2.64402
-0.235787 -2.12953
-0.147882 -2.94581
-0.0217 -1.72392
0.077217 -3.74431
0.360963 -0.291731
1.90333 -2.78376
-0.719221 -1.85533
0.141436 -2.5692
-0.276117 -2.27587
-0.131778 -2.71333
-0.112911 -2.05769
-0.176425 -3.13713
0.0766012 -1.41472
0.396908 -1.80882
0.251142 -3.62886
0.19792 -0.539365
1.96857 -2.18007
-0.704738 -3.04684
0.490346 -0.542489
1.87721 -2.34856
-0.674242 -3.06924
0.457011 -0.62154
1.89485 -2.18339
-0.605111 -3.41054
0.700207 0.0788883
1.63642 -2.67329
-0.631464 -2.95115
0.303232 -1.12154
1.72182 -0.109978
0.741297 -1.23156
1.74226 -0.485202
0.606194 -1.61149
0.804682 -0.541778
1.75734 -2.06589
-0.196501 -4.26338
1.24757 1.1949
1.17369 -1.34057
1.44241 -0.106218
1.3964 -0.666548
1.47137 -0.475532
1.37547 -0.45053
1.50095 -0.674938
1.28455 -0.343009
1.55753 -1.00559
0.938392 -0.594791
1.72306 -1.75497
0.305728 -4.63233
1.21248 1.41413
1.11188 -1.46804
1.33515 -0.0319193
1.47582 -0.972223
1.2069 -0.280279
1.58146 -1.27572
0.592184 -1.47392
1.25563 0.101932
1.48464 -1.23452
0.931679 -0.554132
1.7178 -1.81414
0.253907 -4.64108
1.27182 1.45045
1.06891 -1.40218
1.47049 -0.067297
1.35547 -0.624561
1.52278 -0.607281
1.25209 -0.368122
1.57769 -1.09184
0.791731 -0.886932
1.80494 -1.49211
0.368204 -4.65369
1.1867 1.41888
1.12036 -1.51276
1.24659 -0.0567147
1.52281 -1.23154
0.817793 -0.792333
1.79019 -1.66249
0.253318 -4.68884
1.3371 1.51378
0.999253 -1.39337
1.52692 -0.0903833
1.26857 -0.546661
1.59007 -0.92016
0.898334 -0.688122
1.751 -1.71295
0.291988 -4.65865
1.26007 1.45881
1.07247 -1.42024
1.44336 -0.0477309
1.38649 -0.6848
1.48228 -0.483701
1.35589 -0.43234
1.51794 -0.740709
1.22137 -0.338309
1.58628 -1.20266
0.65291 -1.26679
1.71003 -0.277588
0.76027 -1.14142
1.78416 -0.793965
0.433213 -2.74388
-0.355431 -2.10369
-0.089561 -2.94654
-0.0459869 -1.70837
0.0810934 -3.72672
0.344318 -0.330757
1.91612 -2.72546
-0.731621 -1.95085
0.14065 -2.47407
-0.293748 -2.46394
-0.099153 -2.4447
-0.196126 -2.45268
-0.149436 -2.44868
-0.172255 -2.44925
-0.161427 -2.45079
-0.166256 -2.44726
-0.164617 -2.45311
-0.164332 -2.44411
-0.166082 -2.45766
-0.162803 -2.43744
-0.167966 -2.46763
-0.16003 -2.42274
-0.171718 -2.48982
-0.153839 -2.39034
-0.17944 -2.53978
-0.139194 -2.31876
-0.193604 -2.65577
-0.102195 -2.15631
-0.203026 -2.95614
0.00668304 -1.71512
0.100962 -3.76249
0.36436 -0.262649
1.89728 -2.82423
-0.709122 -1.77823
0.14696 -2.62092
-0.265144 -2.18084
-0.138251 -2.85748
-0.0602057 -1.85251
-0.0604744 -3.57352
0.294336 -0.593928
1.94252 -2.14463
-0.654193 -3.2674
0.623037 -0.137777
1.73574 -2.71407
-0.69166 -2.57273
0.184096 -1.77147
0.156355 -3.84196
0.40537 -0.115353
1.84501 -2.9761
-0.664868 -1.57066
0.175608 -2.67531
-0.261668 -2.08938
-0.131635 -3.00069
-0.00572485 -1.63696
0.166084 -3.67038
0.261687 -0.463399
1.9551 -2.44045
-0.755665 -2.48449
0.225299 -1.66689
0.250837 -3.35031
0.0213792 -0.99952
1.6318 0.167686
1.0001 -0.772441
1.72787 -1.38945
0.412789 -3.84591
0.296713 -0.144206
1.91298 -2.99423
-0.643121 -1.33268
0.277145 -2.12204
-0.200551 -3.51496
0.332031 -0.613518
1.93213 -2.12913
-0.62965 -3.35822
0.682789 0.0237755
1.66079 -2.69067
-0.651401 -2.84002
0.25938 -1.32712
1.09675 0.0256493
1.54397 -1.69201
0.374727 -3.25922
-0.0807378 -1.12091
1.03875 0.0134892
1.55882 -1.8529
0.382518 -4.18016
0.612722 0.508497
1.52871 -2.89593
-0.645507 -2.44775
0.109881 -2.15305
-0.247528 -3.16164
0.123573 -1.34707
0.676519 -0.764884
1.83313 -1.84079
-0.101257 -4.4356
1.37503 1.36335
1.02573 -1.27461
1.62593 -0.317762
1.02805 -0.612154
1.69768 -1.53242
0.411568 -4.04217
0.464333 0.224875
1.70491 -3.12782
-0.614459 -1.51527
0.175782 -2.7819
-0.224393 -1.90228
-0.0882886 -3.32141
0.137185 -1.09404
1.58285 0.185597
1.11607 -0.668611
1.67463 -1.24492
0.425219 -2.53696
-0.385156 -2.61181
-0.018751 -2.22833
-0.240348 -2.86618
-0.0113998 -1.85722
-0.0524748 -3.62774
0.333169 -0.47868
1.93121 -2.45051
-0.745001 -2.5674
0.242271 -1.55106
0.349536 -2.17351
-0.220015 -3.51511
0.345727 -0.590395
1.92867 -2.2006
-0.664078 -3.20177
0.569289 -0.285573
1.7995 -2.66193
-0.710433 -2.52349
0.187175 -1.79475
0.133464 -3.86822
0.440939 -0.049144
1.80696 -3.00403
-0.658617 -1.60334
0.162818 -2.73965
-0.234158 -1.97301
-0.114263 -3.20143
0.0819367 -1.30745
0.720409 -0.639891
1.80389 -2.04097
-0.279535 -4.15387
1.20339 1.10483
1.22097 -1.4103
1.28956 -0.0866254
1.51093 -1.09299
1.00682 -0.462631
1.67733 -1.72607
0.383899 -4.45013
0.916259 1.05274
1.28535 -2.09773
0.334545 -4.13485
0.592124 0.433018
1.56399 -2.93852
-0.653427 -2.27076
0.0888719 -2.40268
-0.281166 -2.57882
-0.0806547 -2.28177
-0.220095 -2.73312
-0.0664991 -2.05199
-0.18449 -3.1877
0.106301 -1.32197
0.725886 -0.63083
1.8006 -2.04965
-0.282274 -4.14718
1.19739 1.09643
1.22563 -1.42207
1.26483 -0.094597
1.52348 -1.16596
0.891385 -0.647549
1.74701 -1.7819
0.225667 -4.65623
1.31962 1.48266
1.02497 -1.37934
1.52912 -0.108973
1.26629 -0.538663
1.59078 -0.933389
0.885854 -0.710006
1.75818 -1.70253
0.287121 -4.66509
1.27319 1.46984
1.06082 -1.41104
1.46495 -0.0579727
1.3615 -0.637901
1.51584 -0.580944
1.27419 -0.373804
1.56744 -1.02052
0.892456 -0.677956
1.7514 -1.73801
0.265187 -4.66295
1.29076 1.47581
1.04766 -1.39694
1.49284 -0.0773865
1.32454 -0.585569
1.55193 -0.723792
1.13636 -0.397954
1.62663 -1.42234
0.404434 -2.70423
-0.354418 -2.1682
-0.0936872 -2.85661
-0.0796189 -1.84069
-0.054118 -3.56846
0.287067 -0.608424
1.94365 -2.09641
-0.628562 -3.37661
0.703338 0.0723858
1.63719 -2.66533
-0.62835 -2.974
0.314746 -1.07343
1.79031 -0.34272
0.513596 -2.13613
-0.0574395 -3.92687
0.629628 0.247199
1.61148 -2.84705
-0.664798 -2.46955
0.130207 -2.05892
-0.190179 -3.41968
0.252314 -0.845578
1.915 -1.19565
0.32147 -4.79303
1.41199 1.61435
0.88846 -1.51344
1.35871 0.0535765
1.44357 -0.926612
1.31131 -0.259738
1.52996 -0.964126
1.05987 -0.420051
1.65358 -1.62117
0.401663 -3.96811
0.402644 0.0833155
1.79024 -3.13682
-0.601922 -1.31974
0.268503 -2.21644
-0.275943 -3.24338
0.185854 -1.16023
1.49264 0.232037
1.26941 -0.691389
1.59613 -0.787701
0.966141 -0.595312
1.71443 -1.69459
0.366895 -4.55336
1.05791 1.25324
1.2072 -1.74707
0.619627 -1.19967
1.76538 -0.476083
0.544208 -1.90853
0.260204 -3.74513
0.279414 -0.3281
1.94466 -2.72033
-0.732088 -1.85728
0.149917 -2.51237
-0.291501 -2.39131
-0.112258 -2.54694
-0.168742 -2.29544
-0.18176 -2.69051
-0.097392 -2.10396
-0.193859 -3.05941
0.0473543 -1.54671
0.242068 -3.19337
-0.0623241 -1.24405
0.624711 -0.874208
1.85278 -1.58418
0.157854 -4.69267
1.43847 1.54525
0.885998 -1.47148
1.44336 0.0360968
1.3721 -0.711662
1.49727 -0.495187
1.32676 -0.412528
1.53939 -0.837895
1.11557 -0.388346
1.63121 -1.48812
0.38812 -3.09957
-0.175313 -1.38375
0.255519 -2.73537
-0.277762 -2.00424
-0.108157 -3.12591
0.0414239 -1.43472
0.325938 -2.24903
-0.288181 -3.2559
0.200995 -1.12146
1.61201 0.133473
1.05604 -0.699614
1.70035 -1.36182
0.397422 -3.397
-0.00826564 -0.898378
1.78422 -0.134019
0.55643 -1.9413
0.245787 -3.87122
0.388002 -0.0815369
1.8466 -3.02073
-0.646451 -1.45933
0.208827 -2.53851
-0.310835 -2.37405
-0.104676 -2.57188
-0.166017 -2.25671
-0.184301 -2.75456
-0.0759705 -2.01319
-0.166381 -3.25654
0.135548 -1.19781
1.27155 0.211736
1.45295 -1.20079
1.06381 -0.356312
1.63952 -1.65183
0.399081 -3.96671
0.402545 0.0809276
1.79106 -3.1354
-0.602505 -1.32133
0.267572 -2.22177
-0.279215 -3.22718
0.177975 -1.19207
1.38356 0.246331
1.38274 -0.90159
1.43752 -0.318688
1.4244 -0.590022
1.44023 -0.468942
1.42411 -0.508055
1.44541 -0.519606
1.41437 -0.470245
1.45847 -0.563854
1.38962 -0.42453
1.48536 -0.652374
1.32411 -0.354595
1.53488 -0.8788
1.10431 -0.38962
1.63479 -1.51922
0.386644 -3.30149
-0.0612237 -1.05219
1.33476 0.285741
1.40533 -1.03283
1.33009 -0.222995
1.51267 -0.923118
1.14009 -0.343756
1.61529 -1.44358
0.405433 -2.66664
-0.364216 -2.25728
-0.0872533 -2.73071
-0.127 -2.01981
-0.159828 -3.19788
0.100254 -1.30886
0.759667 -0.546556
1.77427 -2.12821
-0.318949 -4.06502
1.12936 0.993279
1.27487 -1.57307
0.902493 -0.511164
1.71868 -1.91954
0.115268 -4.58924
1.3402 1.44343
1.02434 -1.34186
1.56989 -0.177051
1.18487 -0.519617
1.62883 -1.19292
0.542737 -1.71578
0.400042 -1.96197
0.101225 -3.99945
0.590819 0.267277
1.62247 -2.92499
-0.666427 -2.21815
0.0937913 -2.43734
-0.279816 -2.51149
-0.0967301 -2.37646
-0.207137 -2.56457
-0.120127 -2.28899
-0.203497 -2.70932
-0.081633 -2.08252
-0.192001 -3.11335
0.0720069 -1.4542
0.326054 -2.26488
-0.297926 -3.2111
0.179455 -1.20964
1.32977 0.231558
1.4213 -1.03904
1.29163 -0.225009
1.53528 -1.03901
0.981038 -0.515198
1.69525 -1.74261
0.357864 -4.55064
1.06155 1.25311
1.20665 -1.73869
0.638416 -1.13781
1.80241 -0.730205
0.429695 -2.89496
-0.296431 -1.77535
-0.00849988 -3.42235
0.164188 -0.916114
1.86699 -0.616487
0.447165 -3.70925
0.180105 -0.380789
1.98283 -2.55881
-0.760601 -2.08019
0.161436 -2.24087
-0.285478 -3.01488
0.0709593 -1.60369
0.22291 -3.45805
0.096279 -0.833487
1.9022 -0.797398
0.477538 -4.42698
0.827431 0.965381
1.32305 -2.3314
0.0172623 -4.33812
1.09132 1.10925
1.24636 -1.66398
0.754089 -0.822316
1.81304 -1.66616
0.186309 -4.68303
1.39575 1.52816
0.939895 -1.41181
1.52847 -0.0593458
1.26239 -0.557069
1.59465 -0.930385
0.874963 -0.732824
1.76479 -1.68509
0.290123 -4.66929
1.27606 1.47444
1.05736 -1.41052
1.46821 -0.0588831
1.35732 -0.631605
1.52058 -0.596801
1.25979 -0.370083
1.57427 -1.06702
0.826938 -0.80811
1.78873 -1.62119
0.298312 -4.68558
1.29037 1.4934
1.04119 -1.40786
1.48314 -0.0637721
1.33723 -0.604704
1.54093 -0.672674
1.18683 -0.37501
1.60562 -1.28709
0.520645 -1.7994
0.293646 -3.01481
-0.175604 -1.5196
0.180962 -3.43348
0.0968407 -0.881923
1.86826 -0.561758
0.446357 -3.64477
0.134621 -0.489196
1.98661 -2.23359
-0.740637 -2.82601
0.375037 -0.96313
1.87761 -0.986227
0.46296 -4.45064
0.863899 1.01671
1.30246 -2.23313
0.195941 -4.42002
1.02726 1.11394
1.25434 -1.81811
0.449995 -1.96207
0.147046 -4.01614
0.578692 0.272637
1.62645 -2.94863
-0.66438 -2.14257
0.08891 -2.53586
-0.261046 -2.3202
-0.135998 -2.64849
-0.130761 -2.15177
-0.192336 -2.94945
-0.000824594 -1.72489
0.08695 -3.75957
0.368948 -0.263172
1.89505 -2.82236
-0.709803 -1.79013
0.145284 -2.61832
-0.265128 -2.18513
-0.138405 -2.85091
-0.0625776 -1.8621
-0.068911 -3.55507
0.284659 -0.629396
1.94303 -2.03313
-0.586653 -3.52797
0.817982 0.343167
1.51475 -2.43603
-0.315481 -3.93117
0.925814 0.684469
1.39231 -2.12575
0.292717 -4.40597
0.928859 1.01879
1.29397 -2.06988
0.343459 -4.03042
0.485277 0.215979
1.69587 -3.09322
-0.629407 -1.62105
0.145784 -2.8631
-0.178765 -1.7702
-0.0103644 -3.55008
0.251506 -0.665994
1.94669 -1.87222
-0.468255 -3.86525
1.08 0.853303
1.32445 -1.70357
0.558986 -1.46573
1.23164 0.0940604
1.49456 -1.30475
0.811836 -0.788942
1.79178 -1.67607
0.234399 -4.68664
1.35248 1.51744
0.98495 -1.39293
1.53474 -0.0926865
1.25412 -0.542038
1.59814 -0.967422
0.83372 -0.814114
1.78708 -1.60122
0.319907 -4.67657
1.25875 1.47267
1.06804 -1.42893
1.43452 -0.0397601
1.39513 -0.706896
1.46773 -0.448251
1.38285 -0.469263
1.49426 -0.6436
1.30749 -0.354511
1.54571 -0.929168
1.03715 -0.457855
1.66757 -1.65304
0.405009 -4.19794
0.619024 0.536873
1.51629 -2.88146
-0.641175 -2.50819
0.120224 -2.06056
-0.193165 -3.40022
0.240276 -0.88654
1.89991 -0.983994
0.452596 -4.62186
1.07917 1.33155
1.17865 -1.70687
0.740903 -0.834335
1.81794 -1.64965
0.191088 -4.68833
1.39811 1.53259
0.935689 -1.41743
1.52196 -0.0492809
1.27294 -0.564867
1.58875 -0.892337
0.923236 -0.646966
1.73664 -1.72214
0.311543 -4.63975
1.21719 1.42267
1.10681 -1.46383
1.34705 -0.029997
1.46801 -0.938368
1.24821 -0.269575
1.56339 -1.15375
0.775965 -0.913037
1.81035 -1.44264
0.389034 -4.62752
1.13559 1.36835
1.15379 -1.59457
1.03723 -0.258205
1.62504 -1.77557
0.389785 -4.29987
0.736985 0.750169
1.40739 -2.58756
-0.430935 -3.58841
0.63459 0.028204
1.68083 -2.78036
-0.680104 -2.5228
0.157415 -1.91123
-0.03112 -3.77441
0.450196 -0.15498
1.82964 -2.90334
-0.690754 -1.79322
0.133488 -2.69521
-0.236319 -2.0459
-0.133926 -3.08149
0.0312636 -1.50949
0.255033 -2.9847
-0.172869 -1.56888
0.149946 -3.54927
0.18254 -0.687121
1.9535 -1.66987
-0.294736 -4.223
1.33192 1.23148
1.11175 -1.22935
1.59738 -0.323789
1.10991 -0.523769
1.65696 -1.40443
0.394001 -3.01502
-0.222006 -1.53257
0.160248 -3.46475
0.123877 -0.833253
1.90838 -0.88696
0.466483 -4.58377
1.02166 1.26036
1.21039 -1.83173
0.458019 -1.89318
0.227643 -3.868
0.393632 -0.0836858
1.84385 -3.01468
-0.649496 -1.48109
0.201092 -2.57832
-0.299531 -2.28662
-0.119306 -2.69642
-0.123824 -2.07835
-0.179575 -3.08995
0.0551384 -1.49599
0.273616 -2.76526
-0.275298 -1.95456
-0.0946777 -3.2031
0.0744725 -1.30471
0.712613 -0.658418
1.80926 -2.01803
-0.264211 -4.18331
1.22493 1.13705
1.20272 -1.37097
1.36966 -0.0822847
1.46181 -0.858907
1.30454 -0.282434
1.53738 -0.974425
1.02893 -0.458536
1.67009 -1.67364
0.402529 -4.27891
0.706331 0.702118
1.43098 -2.66764
-0.519137 -3.30051
0.442252 -0.545162
1.8954 -2.3443
-0.690844 -2.99854
0.423635 -0.743871
1.90572 -1.84827
-0.332223 -4.12253
1.23815 1.11923
1.20348 -1.3417
1.40418 -0.0981258
1.43535 -0.760834
1.39285 -0.344477
1.47673 -0.687194
1.33326 -0.344605
1.5273 -0.856705
1.13972 -0.361131
1.61872 -1.43484
0.405998 -2.66553
-0.364693 -2.26053
-0.086828 -2.72614
-0.128694 -2.02628
-0.161832 -3.18436
0.0940543 -1.33294
0.657827 -0.811201
1.84197 -1.7433
-0.00189252 -4.55408
1.42308 1.45079
0.941576 -1.35811
1.59362 -0.166319
1.12677 -0.553907
1.6558 -1.33118
0.412405 -2.65391
-0.369701 -2.29534
-0.0818165 -2.6773
-0.146502 -2.09586
-0.176813 -3.0431
0.032339 -1.57428
0.223368 -3.39921
0.0604236 -0.92857
1.79822 -0.216381
0.515346 -2.16787
-0.104553 -3.85825
0.591889 0.132388
1.66764 -2.89136
-0.678139 -2.22884
0.103122 -2.38859
-0.287268 -2.61731
-0.0678647 -2.22781
-0.223336 -2.83872
-0.0292778 -1.8976
-0.0922974 -3.53534
0.282251 -0.658752
1.94155 -1.94141
-0.514349 -3.7433
0.983856 0.682883
1.38525 -1.97489
0.359616 -3.83809
0.311826 -0.158338
1.90719 -2.97328
-0.653986 -1.39753
0.241784 -2.32447
-0.319823 -2.91233
0.0449987 -1.77017
0.0643702 -3.78755
0.405285 -0.191238
1.8625 -2.89673
-0.690641 -1.71289
0.14959 -2.68508
-0.246864 -2.06594
-0.133905 -3.04403
0.0142033 -1.56956
0.219035 -3.4156
0.0718444 -0.903225
1.83586 -0.373886
0.446243 -2.87753
-0.312011 -1.82122
-0.0294653 -3.35644
0.132606 -1.03564
1.69925 0.0177093
0.816181 -1.06668
1.78881 -1.01469
0.415648 -3.40901
-0.00828953 -0.876897
1.81359 -0.232898
0.485203 -2.40626
-0.359064 -3.09356
0.150377 -1.39821
0.564826 -1.11428
1.81599 -0.725613
0.425878 -3.10521
-0.189968 -1.37957
0.253453 -2.74175
-0.274563 -1.99135
-0.105989 -3.14748
0.0510452 -1.39896
0.395745 -1.80591
0.252081 -3.61606
0.188659 -0.561778
1.96846 -2.10146
-0.669723 -3.23276
0.61412 -0.170626
1.74904 -2.70473
-0.695629 -2.56106
0.184187 -1.77957
0.147922 -3.85276
0.419276 -0.0890174
1.83034 -2.99
-0.66143 -1.57682
0.172163 -2.69757
-0.252896 -2.04833
-0.128024 -3.06948
0.0232291 -1.52826
0.2425 -3.15068
-0.0849449 -1.30952
0.411111 -1.6782
0.331129 -2.41626
-0.353242 -2.7992
0.0203654 -1.9469
-0.123346 -3.50655
0.277676 -0.702107
1.93856 -1.79481
-0.373585 -4.06605
1.21985 1.07894
1.22379 -1.37233
1.33811 -0.0871418
1.48448 -0.947778
1.20069 -0.290972
1.58564 -1.28963
0.567216 -1.57518
0.863049 -0.409661
1.70982 -2.09346
-0.122268 -4.34476
1.2684 1.25339
1.14303 -1.32284
1.49429 -0.140886
1.3295 -0.56018
1.5471 -0.729352
1.1477 -0.387147
1.62105 -1.39604
0.42019 -2.49923
-0.381593 -2.70756
0.00590633 -2.08301
-0.207963 -3.19607
0.12211 -1.29858
0.854083 -0.342341
1.69717 -2.16435
-0.1993 -4.22834
1.1989 1.13837
1.21147 -1.42421
1.2829 -0.0832362
1.51336 -1.11415
0.978287 -0.502212
1.69357 -1.76102
0.346712 -4.56828
1.09326 1.2897
1.18934 -1.67061
0.81548 -0.659275
1.77396 -1.89068
0.00792178 -4.52731
1.37315 1.41679
1.00635 -1.31323
1.60665 -0.245272
1.09042 -0.561931
1.66951 -1.42351
0.391933 -3.26911
-0.0823975 -1.10377
1.10046 0.0955108
1.52595 -1.68969
0.375414 -3.0655
-0.187368 -1.4405
0.219719 -3.1177
-0.0925483 -1.36466
0.313138 -2.27182
-0.303106 -3.16825
0.157686 -1.29578
0.9575 -0.15713
1.62079 -2.02445
0.175591 -4.57135
1.25261 1.38845
1.10241 -1.39729
1.44864 -0.0678425
1.38341 -0.666742
1.48817 -0.504598
1.34315 -0.416503
1.52728 -0.78706
1.17652 -0.350605
1.60491 -1.33197
0.485521 -1.98616
0.146668 -4.03572
0.599661 0.317293
1.60103 -2.91504
-0.662768 -2.28409
0.0970274 -2.35834
-0.285833 -2.67704
-0.052121 -2.14192
-0.215678 -3.01743
0.0384437 -1.61545
0.202448 -3.56974
0.175999 -0.647348
1.96035 -1.8009
-0.44162 -3.93868
1.14327 0.952822
1.28432 -1.53984
0.952124 -0.428573
1.68628 -1.88457
0.235463 -4.62098
1.26207 1.43036
1.08194 -1.4037
1.45804 -0.0638475
1.37124 -0.649047
1.50428 -0.547519
1.30553 -0.387352
1.55103 -0.916723
1.02939 -0.471297
1.67244 -1.66228
0.404006 -4.26143
0.686524 0.666046
1.44866 -2.71872
-0.562811 -3.11234
0.3353 -0.931528
1.88816 -1.02954
0.451609 -4.59007
1.04016 1.27765
1.20234 -1.78954
0.536837 -1.5077
1.04983 -0.0895375
1.58213 -1.80119
0.388752 -4.12673
0.555608 0.397968
1.59351 -3.00858
-0.648585 -2.02296
0.0807747 -2.70323
-0.210134 -2.03016
-0.139471 -3.12183
0.0527521 -1.44318
0.324272 -2.26824
-0.300089 -3.1983
0.173182 -1.23504
1.22753 0.17332
1.47717 -1.32559
0.835071 -0.72973
1.77744 -1.75093
0.185242 -4.66089
1.36645 1.50334
0.978152 -1.38107
1.55236 -0.114899
1.2206 -0.532112
1.61454 -1.07636
0.685097 -1.19019
1.77222 -0.585616
0.49937 -2.15178
-0.0941153 -3.86703
0.592835 0.141364
1.6642 -2.89241
-0.67738 -2.23294
0.102896 -2.38548
-0.287316 -2.6237
-0.0661556 -2.2187
-0.22322 -2.857
-0.0226852 -1.87003
-0.0673396 -3.59214
0.312704 -0.548722
1.93863 -2.27845
-0.709014 -2.96042
0.422821 -0.76276
1.90524 -1.79135
-0.268194 -4.23516
1.30959 1.22349
1.12993 -1.25278
1.56651 -0.260295
1.19292 -0.490827
1.62154 -1.19143
0.562903 -1.62171
0.689504 -0.820137
1.83286 -1.71095
0.0695061 -4.61602
1.42812 1.49131
0.91958 -1.40201
1.548 -0.0744169
1.22623 -0.54619
1.61335 -1.04801
0.713934 -1.10797
1.80384 -0.890053
0.419257 -3.29626
-0.0782656 -1.05839
1.27684 0.259331
1.43933 -1.18997
1.11307 -0.300539
1.61445 -1.54453
0.384371 -3.19101
-0.123614 -1.23091
0.555645 -1.08002
1.83161 -0.845399
0.431268 -3.61413
0.119262 -0.541955
1.98288 -2.04957
-0.665362 -3.27375
0.652467 -0.0711469
1.70287 -2.70521
-0.676002 -2.68907
0.212434 -1.58555
0.288307 -2.73526
-0.292786 -2.01901
-0.105643 -3.09561
0.0259573 -1.48355
0.26869 -2.79614
-0.261296 -1.89519
-0.0762861 -3.30187
0.1206 -1.13138
1.45472 0.259563
1.31196 -0.754169
1.55835 -0.606854
1.16133 -0.409087
1.62044 -1.34222
0.450619 -2.2313
-0.231295 -3.55557
0.3893 -0.474223
1.9102 -2.47706
-0.737523 -2.59254
0.243042 -1.53354
0.379969 -1.96943
0.0715929 -3.98182
0.592109 0.24994
1.62782 -2.91953
-0.667966 -2.22454
0.0953561 -2.42459
-0.281783 -2.53805
-0.089936 -2.33932
-0.213702 -2.62878
-0.100356 -2.1993
-0.20904 -2.87654
-0.0218693 -1.83883
-0.0383734 -3.64252
0.337439 -0.454528
1.9287 -2.50194
-0.748851 -2.45038
0.206642 -1.7648
0.178387 -3.81854
0.374306 -0.171569
1.87529 -2.93519
-0.675845 -1.58186
0.177056 -2.64376
-0.271934 -2.14811
-0.133332 -2.90616
-0.0437252 -1.77986
0.0112203 -3.68987
0.349669 -0.378263
1.91856 -2.6468
-0.743394 -2.13347
0.148517 -2.26419
-0.28977 -2.94164
0.0416443 -1.73005
0.105581 -3.78578
0.381953 -0.214847
1.87981 -2.8805
-0.694052 -1.6991
0.154569 -2.66527
-0.255401 -2.10219
-0.13612 -2.98279
-0.0114288 -1.66532
0.139079 -3.7184
0.310236 -0.365227
1.93422 -2.66287
-0.742947 -2.03372
0.146092 -2.36448
-0.301982 -2.70453
-0.0360737 -2.10221
-0.208495 -3.1125
0.0792584 -1.45261
0.334684 -2.20275
-0.252068 -3.4039
0.279623 -0.821339
1.92031 -1.35996
0.161211 -4.74094
1.50069 1.58724
0.790653 -1.66087
0.894505 -0.394984
1.69641 -2.0397
-0.00871814 -4.47206
1.31329 1.35483
1.07858 -1.30842
1.5641 -0.207872
1.19882 -0.505315
1.62106 -1.16276
0.588888 -1.51721
1.10937 -0.0258208
1.55374 -1.64712
0.378156 -3.0899
-0.175839 -1.39914
0.245419 -2.8461
-0.230407 -1.80049
-0.0312129 -3.46018
0.19865 -0.84016
1.9149 -1.07751
0.394272 -4.764
1.30874 1.56453
1.00111 -1.44279
1.45754 -0.0218704
1.36536 -0.664341
1.50992 -0.549995
1.29317 -0.384649
1.55826 -0.95602
0.976759 -0.540875
1.7014 -1.72791
0.360551 -4.55195
1.06111 1.25402
1.20644 -1.73977
0.636259 -1.14469
1.79926 -0.702505
0.435265 -2.78609
-0.342498 -2.01004
-0.0823952 -3.08343
0.0107151 -1.49895
0.253042 -2.98517
-0.171767 -1.56818
0.150779 -3.54833
0.181582 -0.688769
1.95333 -1.66168
-0.28575 -4.23827
1.34114 1.24407
1.1002 -1.22576
1.60844 -0.344732
1.07628 -0.550112
1.67224 -1.4722
0.394462 -3.52575
0.0743893 -0.691989
1.95782 -1.38654
-0.0134524 -4.61459
1.52241 1.50633
0.790194 -1.61961
1.0287 -0.173192
1.60723 -1.83332
0.377026 -4.36732
0.822071 0.892845
1.34583 -2.35579
-0.039921 -4.28855
1.08486 1.07094
1.25914 -1.6795
0.701613 -0.965858
1.82996 -1.33025
0.415851 -4.5915
1.06855 1.29594
1.19196 -1.72631
0.681431 -1.00145
1.83172 -1.22257
0.442779 -4.4406
0.865092 1.00608
1.30548 -2.23154
0.197235 -4.42137
1.0279 1.11558
1.25376 -1.81651
0.45265 -1.94588
0.169957 -3.99913
0.547094 0.220169
1.66058 -2.9939
-0.660252 -1.95317
0.0934192 -2.72874
-0.207019 -1.9884
-0.127725 -3.19437
0.084086 -1.3191
0.683505 -0.737597
1.82845 -1.89389
-0.156899 -4.35923
1.33614 1.30228
1.08199 -1.25972
1.59976 -0.297944
1.10575 -0.534206
1.66002 -1.40691
0.393079 -3.06733
-0.19467 -1.43995
0.218068 -3.1242
-0.088575 -1.35506
0.328561 -2.16006
-0.215905 -3.51104
0.339411 -0.605364
1.93029 -2.15718
-0.643148 -3.29973
0.639047 -0.0905172
1.71471 -2.71728
-0.683613 -2.62177
0.193384 -1.70146
0.220296 -3.63582
0.21475 -0.528749
1.96555 -2.2313
-0.719942 -2.9402
0.425261 -0.764372
1.90462 -1.78887
-0.263441 -4.24264
1.31375 1.22973
1.12494 -1.24995
1.57284 -0.270712
1.17736 -0.494043
1.62823 -1.23516
0.510899 -1.86895
0.266087 -3.61661
0.183707 -0.559472
1.96965 -2.10094
-0.671195 -3.22757
0.611194 -0.179149
1.75274 -2.70267
-0.696818 -2.55601
0.183717 -1.78502
0.141691 -3.85897
0.428116 -0.0730013
1.82098 -2.99645
-0.660053 -1.58584
0.168755 -2.71435
-0.245697 -2.01789
-0.123701 -3.12196
0.0460683 -1.44239
0.319784 -2.30022
-0.316895 -3.10009
0.128818 -1.42382
0.452936 -1.54807
0.724933 -0.702578
1.81074 -1.92863
-0.15113 -4.35749
1.32574 1.2956
1.09219 -1.26606
1.58767 -0.275378
1.13971 -0.514122
1.64521 -1.32869
0.424006 -2.49779
-0.382212 -2.71744
0.00923431 -2.06715
-0.201052 -3.23461
0.140061 -1.22698
1.17698 0.136141
1.49965 -1.47112
0.574859 -1.48843
1.18319 0.0521298
1.51809 -1.44332
0.566466 -1.53285
1.0152 -0.144608
1.6035 -1.87923
0.355493 -4.45521
0.942966 1.07779
1.27491 -2.02856
0.346048 -3.75102
0.249792 -0.3167
1.95651 -2.73048
-0.728688 -1.78904
0.157493 -2.53471
-0.29046 -2.35056
-0.118048 -2.60487
-0.15121 -2.21065
-0.189879 -2.83645
-0.0452319 -1.89559
-0.093209 -3.51877
0.270278 -0.694426
1.9406 -1.80851
-0.392907 -4.02837
1.19492 1.04059
1.24429 -1.42206
1.23495 -0.114385
1.53902 -1.25161
0.743455 -0.977088
1.81829 -1.2921
0.435385 -4.4593
0.89205 1.04532
1.2904 -2.15915
0.292395 -4.331
0.837018 0.866451
1.35139 -2.32258
0.0175384 -4.34968
1.10737 1.13113
1.23672 -1.62678
0.851339 -0.597709
1.75173 -1.91839
0.0305368 -4.5377
1.36164 1.4186
1.01603 -1.31671
1.59821 -0.232455
1.1139 -0.545074
1.65897 -1.37487
0.398428 -2.90123
-0.278515 -1.74673
0.00639139 -3.46856
0.187606 -0.830854
1.9176 -1.08847
0.38233 -4.77675
1.33574 1.58337
0.972964 -1.44853
1.46179 -0.0116253
1.35835 -0.659605
1.51803 -0.571543
1.27118 -0.376986
1.56947 -1.02797
0.879017 -0.703433
1.7595 -1.72407
0.261752 -4.66848
1.30148 1.48458
1.03716 -1.39318
1.50466 -0.0846194
1.30666 -0.568102
1.56562 -0.789565
1.06338 -0.457078
1.65974 -1.58476
0.40082 -3.87828
0.327492 -0.0851253
1.88311 -3.05222
-0.623994 -1.28684
0.304456 -1.98177
-0.0143358 -3.87711
0.541458 0.0770104
1.71171 -2.95353
-0.674501 -1.96075
0.101486 -2.67976
-0.227081 -2.06931
-0.142367 -3.04753
0.0193681 -1.565
0.2233 -3.3813
0.0498521 -0.957117
1.74737 -0.0577204
0.664812 -1.48791
1.3042 0.107738
1.46308 -1.09255
1.14583 -0.293968
1.6038 -1.45253
0.411608 -2.56744
-0.380797 -2.51196
-0.0441163 -2.37453
-0.230177 -2.57701
-0.106025 -2.27608
-0.209746 -2.7354
-0.0705617 -2.04659
-0.181623 -3.19482
0.108737 -1.30956
0.778097 -0.504854
1.75959 -2.15185
-0.316458 -4.06121
1.11971 0.981596
1.28022 -1.59666
0.843692 -0.628265
1.75953 -1.89101
0.0481726 -4.55772
1.36992 1.43468
1.00224 -1.32696
1.5967 -0.217624
1.11836 -0.545661
1.65752 -1.36199
0.402052 -2.8209
-0.314069 -1.9106
-0.0663869 -3.23972
0.0820005 -1.24115
0.974894 -0.114284
1.60555 -1.99446
0.242009 -4.57364
1.19161 1.35534
1.14072 -1.48423
1.2769 -0.053255
1.50998 -1.14035
0.961633 -0.523704
1.70277 -1.7793
0.318012 -4.60852
1.17008 1.37118
1.14265 -1.52829
1.19206 -0.0967635
1.54921 -1.38681
0.557454 -1.58994
0.790748 -0.563472
1.76628 -2.06076
-0.211522 -4.24506
1.24126 1.18072
1.18134 -1.34859
1.42425 -0.0970123
1.41524 -0.711398
1.43755 -0.406279
1.42791 -0.546841
1.43843 -0.488442
1.42615 -0.500942
1.44287 -0.51937
1.41824 -0.475089
1.45362 -0.55205
1.39889 -0.438333
1.47599 -0.620369
1.34957 -0.375222
1.51831 -0.79205
1.19826 -0.335577
1.5946 -1.27459
0.558676 -1.61752
0.69596 -0.801482
1.82973 -1.75034
0.0288642 -4.57764
1.42041 1.46463
0.939005 -1.36897
1.58256 -0.142737
1.15381 -0.5441
1.64446 -1.26311
0.459336 -2.19639
-0.185789 -3.67328
0.464339 -0.235105
1.8406 -2.80966
-0.713015 -1.99782
0.124577 -2.51733
-0.280068 -2.36871
-0.121126 -2.5786
-0.156762 -2.24995
-0.188399 -2.76777
-0.0697398 -1.9952
-0.158345 -3.29868
0.156241 -1.11889
1.55163 0.206568
1.17647 -0.653626
1.64768 -1.09414
0.570235 -1.61505
0.726164 -0.723629
1.81282 -1.88861
-0.103215 -4.42203
1.35765 1.34775
1.04722 -1.2709
1.6155 -0.307872
1.06018 -0.576571
1.68171 -1.48896
0.400187 -3.70858
0.197665 -0.386816
1.977 -2.56042
-0.759812 -2.10153
0.161464 -2.22336
-0.279656 -3.05841
0.0881169 -1.52697
0.268029 -2.87411
-0.228917 -1.7554
-0.00145874 -3.51238
0.220646 -0.744419
1.94 -1.53396
-0.100708 -4.50074
1.46909 1.43146
0.893248 -1.39553
1.56303 -0.0822188
1.19528 -0.547247
1.62796 -1.13939
0.589368 -1.52125
1.09628 -0.0412206
1.56028 -1.68165
0.376659 -3.36059
-0.0219488 -0.95918
1.66095 0.141997
0.923036 -0.880811
1.76245 -1.34628
0.426998 -4.08424
0.496229 0.304276
1.65829 -3.10074
-0.625964 -1.66737
0.130943 -2.90254
-0.15581 -1.71084
0.0409532 -3.62556
0.283366 -0.52777
1.94752 -2.30563
-0.726014 -2.85004
0.36778 -0.974919
1.87263 -0.919425
0.46519 -4.29795
0.691576 0.717113
1.43034 -2.70037
-0.54346 -3.19099
0.374988 -0.777621
1.91428 -1.6885
-0.181047 -4.376
1.3943 1.33924
1.01676 -1.25498
1.64428 -0.369802
0.962446 -0.693668
1.73102 -1.58103
0.405525 -4.43508
0.883185 1.01268
1.30119 -2.18532
0.261716 -4.38661
0.928666 1.00047
1.29941 -2.0725
0.342997 -4.05564
0.509376 0.267171
1.66428 -3.06981
-0.637714 -1.73963
0.117268 -2.88107
-0.158974 -1.74617
0.0109069 -3.59585
0.275184 -0.579018
1.94797 -2.16461
-0.67203 -3.19117
0.573002 -0.280927
1.79665 -2.66259
-0.709366 -2.53107
0.188476 -1.78428
0.145955 -3.85785
0.424877 -0.0772674
1.824 -2.99562
-0.660024 -1.57993
0.170584 -2.70722
-0.248951 -2.03083
-0.125679 -3.09944
0.0361611 -1.47957
0.276435 -2.71257
-0.295047 -2.05791
-0.112221 -3.03591
0.00147989 -1.57883
0.209054 -3.48152
0.116086 -0.797247
1.92417 -1.03317
0.395983 -4.77604
1.32296 1.57909
0.984787 -1.44799
1.45749 -0.0141381
1.36416 -0.667012
1.51108 -0.550827
1.29052 -0.384112
1.55974 -0.964434
0.965257 -0.557774
1.70804 -1.73699
0.345495 -4.58396
1.11462 1.31704
1.17594 -1.62813
0.932716 -0.424616
1.69123 -1.93213
0.1626 -4.60232
1.3087 1.43874
1.04977 -1.35937
1.53535 -0.134371
1.25648 -0.526726
1.59535 -0.972351
0.839209 -0.800702
1.78409 -1.61973
0.30994 -4.67835
1.2701 1.4791
1.05916 -1.41945
1.45471 -0.0488958
1.37314 -0.660819
1.50118 -0.533621
1.31407 -0.394237
1.54628 -0.886824
1.06472 -0.432463
1.65462 -1.59938
0.400179 -3.88931
0.336763 -0.0647312
1.87279 -3.06875
-0.618618 -1.27712
0.31074 -1.95106
0.0344043 -3.92552
0.557875 0.148465
1.67943 -2.9546
-0.671012 -2.02585
0.0948743 -2.63725
-0.23731 -2.14102
-0.148379 -2.92685
-0.0291083 -1.75259
0.0445767 -3.72736
0.363518 -0.313356
1.90506 -2.75137
-0.726403 -1.92781
0.138623 -2.5094
-0.28738 -2.39121
-0.114374 -2.54688
-0.167785 -2.29589
-0.18217 -2.68989
-0.0973925 -2.10495
-0.194107 -3.0575
0.0465899 -1.54992
0.24028 -3.2171
-0.0489182 -1.20804
0.779762 -0.470292
1.75194 -2.18782
-0.345415 -4.00021
1.07327 0.902932
1.31094 -1.71651
0.555312 -1.47481
1.19625 0.0676854
1.51102 -1.40663
0.629741 -1.29514
1.67142 -0.151765
0.901558 -0.848446
1.76776 -1.44156
0.42402 -4.37913
0.80563 0.894159
1.34821 -2.39654
-0.115084 -4.19581
1.04071 0.969509
1.29569 -1.79329
0.452279 -1.97034
0.13802 -4.02167
0.590288 0.29134
1.6144 -2.92977
-0.664412 -2.2182
0.0923543 -2.44301
-0.278574 -2.49941
-0.0998788 -2.39332
-0.203651 -2.53624
-0.128518 -2.32874
-0.197626 -2.64055
-0.104645 -2.17889
-0.205303 -2.91244
-0.00979319 -1.78354
0.021495 -3.72411
0.37316 -0.308241
1.89976 -2.75754
-0.725121 -1.93143
0.137416 -2.51286
-0.286259 -2.38371
-0.115995 -2.55748
-0.164452 -2.2803
-0.184392 -2.71581
-0.08838 -2.06861
-0.185943 -3.13537
0.080078 -1.41635
0.398147 -1.80334
0.254202 -3.59333
0.172264 -0.601094
1.96702 -1.95146
-0.577623 -3.58272
0.875856 0.460719
1.46622 -2.28419
-0.013254 -4.36609
1.16544 1.19027
1.20456 -1.50178
1.16181 -0.142903
1.56773 -1.46435
0.448821 -2.18807
-0.182276 -3.67494
0.463132 -0.235658
1.84135 -2.80993
-0.71301 -1.9948
0.124718 -2.51968
-0.279675 -2.3642
-0.121893 -2.58504
-0.154736 -2.24061
-0.189239 -2.78406
-0.0638729 -1.97189
-0.146087 -3.35121
0.182451 -1.01915
1.7715 -0.193107
0.58253 -1.79161
0.326605 -2.58041
-0.349895 -2.38077
-0.0832535 -2.56149
-0.178407 -2.26884
-0.178512 -2.73254
-0.0857474 -2.04323
-0.177454 -3.18774
0.103024 -1.32365
0.711853 -0.666132
1.81057 -2.00554
-0.251718 -4.20499
1.23915 1.15895
1.18966 -1.34768
1.41502 -0.0960433
1.42454 -0.734171
1.41805 -0.375742
1.45141 -0.607056
1.39609 -0.411499
1.47788 -0.642827
1.34138 -0.36339
1.52346 -0.822542
1.16929 -0.34625
1.60653 -1.35598
0.464607 -2.11763
-0.0731244 -3.88171
0.59169 0.152512
1.66104 -2.89767
-0.676332 -2.22424
0.101425 -2.40018
-0.286037 -2.59193
-0.0749844 -2.26375
-0.22226 -2.76817
-0.0541378 -2.00166
-0.163096 -3.30225
0.160711 -1.10995
1.5805 0.180656
1.12215 -0.663523
1.6717 -1.23427
0.433073 -2.45107
-0.375151 -2.8647
0.0558993 -1.8251
0.00933179 -3.75741
0.409432 -0.225629
1.86737 -2.85465
-0.702717 -1.80095
0.139152 -2.64727
-0.254029 -2.13095
-0.140037 -2.93782
-0.0282889 -1.73432
0.0635093 -3.73661
0.361484 -0.302252
1.90454 -2.76823
-0.722788 -1.88871
0.139857 -2.54289
-0.281354 -2.32585
-0.125294 -2.64028
-0.137998 -2.16084
-0.190879 -2.92957
-0.00947544 -1.7556
0.0506981 -3.74466
0.375069 -0.27859
1.89443 -2.79955
-0.715751 -1.84746
0.140209 -2.58588
-0.271503 -2.24383
-0.135414 -2.7612
-0.095607 -1.99034
-0.152903 -3.28215
0.14387 -1.15298
1.43552 0.256291
1.33381 -0.788507
1.53184 -0.517418
1.24976 -0.396467
1.58297 -1.08248
0.783203 -0.910397
1.80815 -1.44394
0.391462 -4.61963
1.12347 1.35436
1.16157 -1.61627
0.977931 -0.345996
1.6607 -1.88103
0.286078 -4.59679
1.18258 1.36861
1.13933 -1.50444
1.24181 -0.0662867
1.52657 -1.24371
0.791457 -0.85318
1.8034 -1.56738
0.313898 -4.6928
1.28578 1.49731
1.04266 -1.41431
1.47351 -0.0555809
1.34967 -0.623404
1.52871 -0.623655
1.23347 -0.367896
1.58608 -1.14925
0.707541 -1.10424
1.8061 -0.899828
0.419906 -3.35658
-0.0422924 -0.960755
1.62958 0.190883
1.00237 -0.776015
1.72742 -1.37925
0.411419 -3.80387
0.264434 -0.219577
1.94144 -2.89308
-0.678445 -1.4712
0.218363 -2.42793
-0.325283 -2.62885
-0.0457163 -2.21248
-0.229673 -2.8807
-0.0109007 -1.83432
-0.030332 -3.66289
0.349883 -0.41393
1.92141 -2.58335
-0.748035 -2.27871
0.167714 -2.05497
-0.177844 -3.49021
0.297464 -0.695336
1.93566 -1.84758
-0.416489 -3.9747
1.15363 0.978199
1.2744 -1.51483
1.0197 -0.32378
1.64437 -1.78823
0.376962 -4.42953
0.896143 1.01634
1.29851 -2.15235
0.297199 -4.32619
0.827831 0.853492
1.35679 -2.34765
-0.0316768 -4.30208
1.09473 1.08876
1.25207 -1.65574
0.763675 -0.800369
1.8083 -1.70408
0.154868 -4.66349
1.40146 1.51598
0.938868 -1.4038
1.53968 -0.0733926
1.24268 -0.547512
1.60496 -0.997467
0.785539 -0.922938
1.80759 -1.41204
0.407218 -4.57854
1.05873 1.27753
1.19945 -1.74691
0.627613 -1.17053
1.78538 -0.596007
0.472017 -2.3688
-0.339716 -3.18276
0.188563 -1.22747
1.2897 0.211088
1.44572 -1.14864
1.13912 -0.285033
1.60395 -1.47652
0.401735 -2.69716
-0.355177 -2.18198
-0.0935526 -2.83717
-0.0869379 -1.86868
-0.077379 -3.51488
0.259072 -0.711446
1.94046 -1.73128
-0.315157 -4.17781
1.29528 1.18706
1.15187 -1.25963
1.54127 -0.225891
1.2491 -0.492797
1.59577 -1.02034
0.797078 -0.889278
1.80338 -1.48222
0.376963 -4.63954
1.16098 1.39298
1.13809 -1.55134
1.15007 -0.128305
1.56766 -1.50359
0.422531 -2.40288
-0.359476 -2.9866
0.0979739 -1.61249
0.228917 -3.43622
0.0806413 -0.867829
1.87315 -0.576739
0.450908 -3.74134
0.202078 -0.325718
1.97584 -2.68949
-0.736969 -1.80861
0.16001 -2.49633
-0.298232 -2.43003
-0.102832 -2.49268
-0.18528 -2.37715
-0.166448 -2.56111
-0.140182 -2.28516
-0.194948 -2.71176
-0.0848135 -2.07702
-0.189507 -3.12168
0.074938 -1.43995
0.349504 -2.09529
-0.132232 -3.72131
0.469782 -0.181581
1.82548 -2.86107
-0.701761 -1.91239
0.12339 -2.61601
-0.256092 -2.18344
-0.142593 -2.8553
-0.0591357 -1.85685
-0.0639286 -3.56787
0.291816 -0.604313
1.9427 -2.11331
-0.637005 -3.34142
0.676728 0.00499279
1.66917 -2.69534
-0.657206 -2.80528
0.247194 -1.38927
0.825448 -0.425792
1.7261 -2.15238
-0.24442 -4.17085
1.17681 1.08984
1.23381 -1.46632
1.17983 -0.141232
1.56232 -1.41092
0.503707 -1.84985
0.270953 -3.51606
0.114943 -0.729124
1.94776 -1.33694
0.0778703 -4.69682
1.53078 1.55879
0.759221 -1.7233
0.656734 -0.958258
1.84155 -1.34825
0.3918 -4.66507
1.18193 1.42649
1.11944 -1.52359
1.22654 -0.0665619
1.53194 -1.29008
0.718545 -1.03845
1.81822 -1.11465
0.442068 -4.07967
0.485012 0.292643
1.66878 -3.1164
-0.619864 -1.60855
0.146113 -2.88491
-0.169808 -1.73592
0.0175376 -3.59326
0.270072 -0.586627
1.94884 -2.13785
-0.659773 -3.25082
0.615007 -0.161892
1.74624 -2.70965
-0.695188 -2.55521
0.181813 -1.79293
0.131531 -3.86613
0.440057 -0.0527678
1.80849 -3.00203
-0.659232 -1.6044
0.162765 -2.73833
-0.234606 -1.97527
-0.114885 -3.19748
0.0801429 -1.3143
0.691435 -0.715358
1.82354 -1.93265
-0.193223 -4.30416
1.30417 1.2546
1.12199 -1.27228
1.55877 -0.234805
1.21115 -0.493482
1.61412 -1.13479
0.634005 -1.34978
1.59158 -0.000141514
1.12254 -0.60575
1.66458 -1.29394
0.417473 -2.60703
-0.379192 -2.41762
-0.0621065 -2.50722
-0.200702 -2.35159
-0.162182 -2.60066
-0.132045 -2.22713
-0.198442 -2.81375
-0.049461 -1.93063
-0.119707 -3.44834
0.233505 -0.830781
1.91931 -1.21166
0.296328 -4.79632
1.43993 1.62137
0.854311 -1.56141
1.23773 0.0242404
1.50841 -1.27558
0.807931 -0.805351
1.79459 -1.64896
0.256444 -4.69221
1.33865 1.51689
0.996773 -1.39524
1.52589 -0.087557
1.27018 -0.548316
1.58922 -0.913995
0.905837 -0.674938
1.74661 -1.71788
0.296187 -4.65412
1.25017 1.45056
1.08087 -1.42859
1.42466 -0.0405682
1.40576 -0.729358
1.44861 -0.410825
1.41263 -0.521816
1.46009 -0.536917
1.38966 -0.436305
1.48587 -0.645427
1.32467 -0.357194
1.53481 -0.875694
1.10648 -0.388136
1.63387 -1.51404
0.38658 -3.26425
-0.0829132 -1.11195
1.06805 0.0541989
1.54266 -1.77713
0.379303 -3.73031
0.221534 -0.351125
1.96884 -2.6515
-0.745673 -1.92372
0.153135 -2.4258
-0.303301 -2.57473
-0.0705614 -2.28954
-0.224087 -2.72247
-0.0679944 -2.06808
-0.190237 -3.1538
0.0913659 -1.3825
0.496849 -1.35099
1.47074 0.154383
1.31596 -0.696653
1.55832 -0.65176
1.14661 -0.408112
1.62518 -1.38605
0.420364 -2.50384
-0.382083 -2.69507
0.00245352 -2.1024
-0.215438 -3.14998
0.1014 -1.38259
0.514957 -1.28289
1.63016 -0.0102035
1.02369 -0.695093
1.71097 -1.44454
0.409789 -3.85819
0.30768 -0.121975
1.90254 -3.01841
-0.634845 -1.30877
0.29123 -2.04765
-0.111644 -3.72617
0.459209 -0.193234
1.83389 -2.85806
-0.702583 -1.89507
0.125797 -2.6215
-0.255616 -2.17415
-0.142426 -2.86982
-0.053775 -1.83561
-0.0443802 -3.60752
0.312374 -0.528573
1.93885 -2.32677
-0.72463 -2.83982
0.358555 -1.00833
1.85536 -0.751158
0.444011 -3.77055
0.226453 -0.275979
1.9642 -2.79319
-0.709185 -1.61748
0.18382 -2.53474
-0.301349 -2.36552
-0.110668 -2.58379
-0.160201 -2.24014
-0.186885 -2.78355
-0.0651051 -1.97208
-0.146132 -3.34949
0.181389 -1.0226
1.76598 -0.174866
0.599972 -1.71628
0.468705 -1.61411
0.539116 -1.28305
1.64619 -0.0502088
0.979974 -0.742765
1.73154 -1.47561
0.420309 -4.1692
0.581866 0.474243
1.55403 -2.96043
-0.649518 -2.21876
0.0819293 -2.48248
-0.268511 -2.4178
-0.119901 -2.5077
-0.174235 -2.35592
-0.17419 -2.5938
-0.128268 -2.23984
-0.200361 -2.79263
-0.0559202 -1.96188
-0.140374 -3.37993
0.197996 -0.963183
1.84191 -0.49906
0.435917 -3.13166
-0.180254 -1.33512
0.295081 -2.35943
-0.335984 -2.89768
0.0475995 -1.78866
0.0453803 -3.78047
0.409499 -0.196235
1.86129 -2.8887
-0.693244 -1.73619
0.14595 -2.68122
-0.246483 -2.07208
-0.135179 -3.03434
0.0104304 -1.58506
0.209041 -3.49299
0.123338 -0.778079
1.93242 -1.14321
0.305908 -4.81018
1.44917 1.63325
0.838799 -1.59299
1.1439 -0.0466284
1.55073 -1.54234
0.417778 -2.42763
-0.3674 -2.90619
0.0679397 -1.75619
0.0937276 -3.80643
0.406246 -0.16481
1.85619 -2.92513
-0.681951 -1.66248
0.157207 -2.69547
-0.246869 -2.04902
-0.130542 -3.07124
0.0251013 -1.52572
0.244402 -3.12684
-0.0980523 -1.34591
0.334087 -2.11679
-0.167553 -3.63755
0.415917 -0.349697
1.88544 -2.68673
-0.734659 -2.15851
0.14254 -2.27281
-0.290499 -2.9139
0.0308343 -1.77649
0.0493792 -3.77159
0.399338 -0.218383
1.87127 -2.86835
-0.698563 -1.7552
0.145075 -2.66291
-0.251894 -2.10432
-0.137913 -2.98066
-0.0115601 -1.66891
0.135766 -3.72269
0.315135 -0.355848
1.93144 -2.68053
-0.740036 -2.00197
0.144473 -2.40276
-0.301356 -2.61805
-0.0606499 -2.22778
-0.225944 -2.84248
-0.0267235 -1.89224
-0.0873931 -3.54832
0.289481 -0.63323
1.94173 -2.0279
-0.580505 -3.54698
0.831848 0.374156
1.50182 -2.4009
-0.249823 -4.05053
1.00538 0.848089
1.3353 -1.89615
0.35648 -3.04077
-0.191301 -1.48047
0.198307 -3.30514
0.0155578 -1.08283
1.39437 0.28519
1.36477 -0.883398
1.47121 -0.362462
1.37845 -0.504108
1.49974 -0.633115
1.29818 -0.357064
1.55171 -0.956202
0.99779 -0.507972
1.68884 -1.70937
0.383292 -4.471
0.94222 1.09309
1.27045 -2.02909
0.345543 -3.74164
0.242969 -0.333446
1.96008 -2.69694
-0.736499 -1.85301
0.153546 -2.49325
-0.296118 -2.43239
-0.103519 -2.48922
-0.185681 -2.38259
-0.165545 -2.5528
-0.142631 -2.29702
-0.193371 -2.69143
-0.0917743 -2.10558
-0.195859 -3.06027
0.0486547 -1.54511
0.243287 -3.17815
-0.0708773 -1.26715
0.53757 -1.156
1.78833 -0.515009
0.484374 -2.29339
-0.278363 -3.44005
0.326478 -0.699725
1.9296 -1.87396
-0.425102 -3.95118
1.13282 0.946956
1.28818 -1.56544
0.893399 -0.532765
1.72585 -1.91564
0.102796 -4.58428
1.34671 1.44278
1.01927 -1.33863
1.57608 -0.185691
1.17041 -0.522861
1.63507 -1.23278
0.497538 -1.94724
0.203735 -3.97426
0.503183 0.148041
1.70911 -3.0411
-0.649008 -1.73182
0.124388 -2.84404
-0.177207 -1.80251
-0.034058 -3.51274
0.236034 -0.734275
1.94023 -1.60495
-0.179497 -4.39514
1.42047 1.35956
0.981101 -1.27619
1.64845 -0.345744
0.953385 -0.713716
1.7367 -1.57167
0.405334 -4.4494
0.900478 1.0405
1.29082 -2.1386
0.310064 -4.28194
0.767014 0.753509
1.39928 -2.51417
-0.334063 -3.83157
0.8127 0.467086
1.47795 -2.44058
-0.286251 -3.97111
0.941301 0.725731
1.37827 -2.07937
0.334532 -4.27162
0.739397 0.718625
1.41684 -2.58644
-0.434492 -3.58409
0.634361 0.0255082
1.68178 -2.77971
-0.680353 -2.52245
0.157543 -1.91101
-0.0307799 -3.77494
0.450473 -0.154027
1.82926 -2.90402
-0.69057 -1.7926
0.133494 -2.69597
-0.236071 -2.0446
-0.133729 -3.08373
0.0322216 -1.50583
0.257452 -2.95214
-0.189185 -1.62216
0.105522 -3.59959
0.235415 -0.592711
1.95626 -2.07648
-0.637462 -3.35668
0.6963 0.050824
1.64676 -2.67323
-0.637238 -2.9271
0.294669 -1.16202
1.64456 0.0542168
0.97855 -0.771323
1.73516 -1.43585
0.420407 -4.08093
0.49619 0.299065
1.66019 -3.09958
-0.626471 -1.66727
0.131175 -2.90087
-0.15662 -1.71338
0.0386341 -3.62327
0.282718 -0.531741
1.94761 -2.29524
-0.723043 -2.87507
0.380717 -0.923957
1.89001 -1.16019
0.403352 -4.71751
1.2405 1.49946
1.0678 -1.46513
1.37888 -0.0170653
1.44286 -0.853093
1.34726 -0.288828
1.51019 -0.843058
1.19446 -0.323804
1.59385 -1.29228
0.544036 -1.68043
0.480027 -1.5456
0.792709 -0.543416
1.76185 -2.08294
-0.230979 -4.21189
1.2192 1.14659
1.20169 -1.38405
1.35402 -0.0776177
1.47227 -0.904608
1.25733 -0.276511
1.56058 -1.12245
0.817693 -0.817399
1.79251 -1.61407
0.296346 -4.68896
1.2967 1.49863
1.035 -1.40581
1.48995 -0.0671602
1.32762 -0.593317
1.54944 -0.708828
1.14976 -0.390831
1.62105 -1.38775
0.424198 -2.45816
-0.375766 -2.82939
0.043091 -1.88599
-0.0615365 -3.65334
0.359817 -0.414182
1.91738 -2.58457
-0.746973 -2.292
0.168799 -2.04
-0.164182 -3.52801
0.318758 -0.619762
1.93538 -2.0993
-0.616647 -3.41283
0.725439 0.129604
1.61065 -2.63274
-0.594849 -3.13567
0.394601 -0.75712
1.91177 -1.77871
-0.274662 -4.22859
1.30946 1.22025
1.13119 -1.25168
1.5662 -0.260835
1.19364 -0.490405
1.62118 -1.18961
0.5654 -1.611
0.731209 -0.709635
1.80948 -1.90986
-0.122133 -4.39586
1.34385 1.32631
1.06684 -1.26667
1.60555 -0.29878
1.08958 -0.548689
1.66769 -1.43798
0.391613 -3.31311
-0.0564623 -1.03311
1.40708 0.30324
1.34955 -0.858492
1.49913 -0.414374
1.32959 -0.444716
1.54024 -0.80962
1.12869 -0.382979
1.62623 -1.45383
0.395452 -2.85997
-0.295033 -1.82679
-0.0361212 -3.36542
0.140789 -1.01889
1.73618 -0.0703355
0.698367 -1.37103
1.58491 -0.0186535
1.14017 -0.589479
1.65581 -1.26077
0.442561 -2.34091
-0.327214 -3.20961
0.196775 -1.18233
1.45002 0.241349
1.32162 -0.757333
1.54857 -0.578503
1.19539 -0.396485
1.60609 -1.24842
0.553362 -1.64935
0.582379 -1.14796
1.79789 -0.620506
0.449532 -2.60809
-0.389837 -2.45603
-0.049908 -2.45174
-0.217013 -2.44269
-0.14115 -2.46606
-0.1729 -2.42189
-0.165799 -2.49213
-0.156156 -2.386
-0.178948 -2.54662
-0.137815 -2.30877
-0.194866 -2.67256
-0.0967223 -2.13278
-0.200592 -3.00427
0.025844 -1.63783
0.180969 -3.65446
0.243817 -0.49447
1.95977 -2.35168
-0.746318 -2.67825
0.29469 -1.29829
1.28239 0.184336
1.45515 -1.16658
1.09513 -0.326973
1.62485 -1.58178
0.386764 -3.50196
0.0619597 -0.731702
1.94464 -1.17363
0.240433 -4.8035
1.50366 1.6322
0.770348 -1.73368
0.637477 -1.01955
1.83832 -1.14653
0.450084 -4.35897
0.766932 0.84339
1.37123 -2.50018
-0.298419 -3.89424
0.849575 0.556402
1.44272 -2.33897
-0.0853249 -4.27377
1.11724 1.09196
1.24698 -1.60257
0.88828 -0.528089
1.72658 -1.93077
0.0792284 -4.56693
1.3481 1.43181
1.02242 -1.33048
1.582 -0.200533
1.15611 -0.525599
1.64095 -1.2721
0.459957 -2.18772
-0.174485 -3.69847
0.480301 -0.185589
1.82083 -2.848
-0.704475 -1.95963
0.120991 -2.57738
-0.26525 -2.25332
-0.138183 -2.74759
-0.0989263 -2.0106
-0.161671 -3.23979
0.123873 -1.23103
1.12143 0.0808854
1.52534 -1.62797
0.393896 -2.66834
-0.359128 -2.24154
-0.0906715 -2.75343
-0.117891 -1.9881
-0.148467 -3.26546
0.132148 -1.18621
1.30397 0.230489
1.43466 -1.11041
1.20365 -0.242669
1.57548 -1.30216
0.581099 -1.51225
1.11336 -0.0196185
1.55138 -1.63678
0.380159 -3.00243
-0.221718 -1.55173
0.14801 -3.5017
0.151974 -0.771323
1.936 -1.25424
0.202859 -4.77791
1.50735 1.61371
0.772054 -1.71931
0.683781 -0.882651
1.83665 -1.55938
0.235215 -4.71728
1.39324 1.55237
0.932765 -1.43333
1.49945 -0.0238707
1.30706 -0.596103
1.56636 -0.765676
1.07373 -0.450543
1.65544 -1.56187
0.396475 -3.73706
0.2199 -0.337961
1.96924 -2.67635
-0.740529 -1.86472
0.155028 -2.47173
-0.299686 -2.47806
-0.0934508 -2.42534
-0.201913 -2.48402
-0.140637 -2.40371
-0.183668 -2.51851
-0.142042 -2.35042
-0.189612 -2.60364
-0.118465 -2.22943
-0.204028 -2.81426
-0.0467581 -1.93096
-0.119764 -3.451
0.235393 -0.825104
1.92095 -1.24063
0.267869 -4.79218
1.46174 1.62091
0.828291 -1.60361
1.1067 -0.0832381
1.56792 -1.64232
0.378039 -3.2121
-0.108988 -1.19666
0.692275 -0.673927
1.8184 -2.00934
-0.277024 -4.16669
1.21904 1.12419
1.2092 -1.38063
1.34817 -0.0806156
1.47678 -0.920516
1.23724 -0.279375
1.5697 -1.18311
0.724612 -1.04624
1.81558 -1.09123
0.438558 -3.99017
0.406011 0.121625
1.77575 -3.15636
-0.594225 -1.30426
0.277375 -2.16802
-0.240508 -3.39185
0.263164 -0.862252
1.90998 -1.1513
0.364682 -4.77696
1.35157 1.58788
0.957845 -1.45187
1.46227 -0.00505548
1.35666 -0.660885
1.51979 -0.574832
1.2665 -0.376263
1.5718 -1.04281
0.857785 -0.744757
1.7719 -1.69249
0.266397 -4.67698
1.30857 1.49399
1.0286 -1.39397
1.50917 -0.0849868
1.29922 -0.563095
1.57087 -0.815493
1.03221 -0.490769
1.67533 -1.63902
0.406478 -4.21092
0.631675 0.562657
1.50244 -2.85258
-0.633344 -2.61589
0.144425 -1.88145
-0.00335955 -3.79976
0.456528 -0.118047
1.81679 -2.9319
-0.682782 -1.75743
0.135865 -2.72581
-0.226957 -1.99401
-0.123386 -3.1719
0.0706477 -1.35824
0.52756 -1.22776
1.7169 -0.217605
0.746513 -1.19259
1.76471 -0.619761
0.506067 -2.09412
0.00213377 -3.9923
0.6558 0.341333
1.56858 -2.8031
-0.644529 -2.6797
0.177025 -1.71698
0.200995 -3.72233
0.286378 -0.36727
1.94416 -2.65191
-0.745182 -2.02105
0.148077 -2.36495
-0.302613 -2.7053
-0.0355287 -2.10106
-0.208227 -3.1154
0.0805553 -1.4475
0.343429 -2.14001
-0.188293 -3.59457
0.391891 -0.432036
1.90573 -2.55552
-0.743005 -2.41217
0.189759 -1.86134
0.0544873 -3.87237
0.490539 0.00741804
1.7618 -2.98807
-0.666705 -1.75475
0.127979 -2.78486
-0.201922 -1.89635
-0.0897455 -3.35019
0.155057 -1.03956
1.71628 -0.0285255
0.76253 -1.19118
1.76295 -0.631262
0.506575 -2.08694
0.0141186 -4.00371
0.65936 0.356419
1.56206 -2.79626
-0.640562 -2.71183
0.186088 -1.66114
0.239072 -3.45178
0.0863882 -0.840508
1.89512 -0.730565
0.475875 -4.26265
0.648641 0.644031
1.46847 -2.80807
-0.611681 -2.79654
0.195605 -1.5648
0.295613 -2.63196
-0.326869 -2.23713
-0.107728 -2.76472
-0.106588 -1.97704
-0.14494 -3.29698
0.148775 -1.12692
1.51838 0.230004
1.23051 -0.668485
1.62071 -0.923202
0.790748 -0.925703
1.80605 -1.40162
0.412947 -4.55594
1.02597 1.23503
1.21761 -1.82072
0.470806 -1.82586
0.269561 -3.47507
0.089464 -0.796589
1.92065 -0.953729
0.436158 -4.71863
1.21506 1.48983
1.08352 -1.49528
1.31383 -0.0216682
1.48585 -1.03749
1.13076 -0.322851
1.61396 -1.48202
0.394125 -2.85193
-0.297764 -1.84222
-0.0429622 -3.3437
0.130729 -1.058
1.65385 0.0995757
0.947905 -0.829076
1.75081 -1.3999
0.424768 -4.12485
0.535985 0.38474
1.60805 -3.04432
-0.641483 -1.90028
0.0887451 -2.81767
-0.172133 -1.84842
-0.065343 -3.4534
0.209911 -0.843996
1.91422 -1.09149
0.388538 -4.76774
1.31857 1.57076
0.991412 -1.44305
1.46203 -0.0204423
1.35947 -0.656201
1.51702 -0.571444
1.2735 -0.376908
1.56824 -1.0209
0.889441 -0.683882
1.75327 -1.7349
0.264326 -4.66424
1.29331 1.47789
1.04519 -1.39589
1.49586 -0.0792642
1.32009 -0.580819
1.55552 -0.740346
1.11858 -0.409741
1.63433 -1.46584
0.39037 -3.02491
-0.215271 -1.51403
0.173236 -3.42148
0.0924499 -0.903149
1.84726 -0.44327
0.438384 -3.1448
-0.174138 -1.31268
0.325539 -2.13545
-0.192475 -3.57183
0.374715 -0.483571
1.91633 -2.45552
-0.737588 -2.62054
0.255084 -1.47234
0.551266 -1.18649
1.76639 -0.418857
0.555548 -1.86419
0.28043 -3.41526
0.0486074 -0.890447
1.83576 -0.357672
0.447642 -2.85918
-0.320384 -1.86076
-0.0450572 -3.30064
0.106717 -1.13486
1.41698 0.265824
1.34978 -0.828846
1.50568 -0.441922
1.31527 -0.428056
1.54907 -0.862828
1.07158 -0.429933
1.65214 -1.58269
0.397386 -3.79409
0.262419 -0.237591
1.94447 -2.86553
-0.688243 -1.52327
0.202825 -2.495
-0.315132 -2.4631
-0.0883385 -2.44717
-0.200599 -2.44866
-0.148017 -2.45519
-0.171736 -2.43918
-0.163452 -2.46587
-0.162496 -2.4248
-0.170228 -2.48687
-0.15515 -2.39448
-0.178259 -2.53333
-0.141248 -2.32787
-0.192004 -2.64051
-0.107279 -2.17758
-0.204198 -2.91355
-0.00985409 -1.78171
0.023356 -3.72567
0.373488 -0.305818
1.89926 -2.76104
-0.724398 -1.92464
0.137476 -2.51953
-0.285045 -2.37052
-0.11837 -2.57622
-0.158638 -2.2529


