-0.700444 1.28416
-1.63426 -4.9241
-0.998351 1.6555
-1.43324 -5.15279
-1.42567 2.02391
-1.08842 -5.32867
-1.97176 -1.18293
-0.835148 -1.92495
-1.69019 -1.80599
-1.49488 -0.913059
-1.61008 -1.37043
-1.57392 -1.01116
-1.57625 -1.35578
-1.59398 -0.925948
-1.53579 -1.52299
-1.595 -0.642371
-1.37244 -1.9272
-1.55304 0.0858777
0.0231674 -1.76154
-0.831997 -3.96832
-1.92316 -1.07273
-0.930251 -1.95969
-1.84252 -0.658786
-0.830858 -2.0289
-1.7457 -1.6344
-1.46553 -1.22782
-1.65475 -0.816498
-1.41403 -1.79217
-1.5757 -0.104659
-0.478523 -2.01479
0.454281 -2.90917
-1.22492 -3.48112
-1.28878 1.25424
-0.344145 -4.7182
-0.148669 -2.59673
-0.241425 -3.64151
0.0498798 -3.08712
-0.424067 -3.39331
0.35284 -2.67024
-1.03921 -3.55711
-1.56082 1.30739
0.0652508 -4.40947
-0.72312 -2.97157
-1.67798 -1.99213
-1.47595 -0.751222
-1.55254 -1.6523
-1.56971 -0.578508
-1.34104 -1.98848
-1.54645 0.19167
0.292126 -1.68491
-1.32324 -3.88348
-1.17567 1.31489
-0.680572 -4.93159
-0.337203 -2.4225
0.163093 -3.4003
-0.557805 -3.24057
0.0431893 -2.11521
-0.711679 -3.82752
-1.29216 -2.50916
-1.42688 0.598624
0.743067 -2.78199
-1.95641 -3.00278
-1.19454 -0.959775
-1.66363 -1.57293
-1.53062 -0.997916
-1.6062 -1.28582
-1.57752 -1.08987
-1.58622 -1.2537
-1.59047 -1.06906
-1.57299 -1.31393
-1.59763 -0.962664
-1.54343 -1.47843
-1.59804 -0.706461
-1.41962 -1.84547
-1.56156 -0.0769263
-0.41294 -1.98491
0.264744 -3.35752
-0.759243 -3.28861
-1.84467 -1.45286
-1.31109 -1.66778
-1.64114 -0.0451276
-0.271952 -1.88624
-0.201975 -3.85776
-0.0130334 -3.00137
-0.35544 -3.45145
0.248295 -2.94256
-0.769221 -3.44151
-1.86274 -1.38427
-1.25617 -1.75632
-1.64524 0.0944086
0.075249 -1.71315
-0.937197 -3.96652
-1.86135 0.53184
0.856717 -2.293
-2.22827 -2.50435
-0.773022 -1.58855
-0.65869 -2.30107
-0.615374 -2.32574
-0.130943 -2.09394
-0.434915 -3.86642
0.280637 -2.6125
-0.912977 -3.57622
-1.82103 0.599402
0.851089 -2.41793
-2.20116 -2.53983
-0.842058 -1.58082
-1.30098 -2.33553
-1.46815 0.486697
0.76 -2.2712
-2.05933 -2.97767
-1.11746 -1.18283
-1.73706 -1.31253
-1.45552 -1.46838
-1.63094 -0.496165
-1.16485 -2.09557
-1.61334 0.459358
0.726752 -1.96615
-2.07521 -3.06005
-1.10029 -1.14734
-1.70305 -1.51184
-1.50416 -1.18159
-1.63751 -0.957809
-1.49955 -1.5768
-1.59834 -0.494206
-1.20939 -2.08854
-1.58259 0.4413
0.709878 -1.94692
-2.0495 -3.12153
-1.11762 -1.05816
-1.6581 -1.66553
-1.52618 -0.905639
-1.58692 -1.42822
-1.58371 -0.882609
-1.53054 -1.56605
-1.59041 -0.588124
-1.32713 -1.99016
-1.55072 0.218341
0.351446 -1.68119
-1.43879 -3.84384
-1.09916 0.985875
-0.418571 -4.68718
-0.0396556 -2.53304
-0.440551 -3.67533
0.320535 -2.59122
-0.995971 -3.58483
-1.65015 1.16283
0.364879 -4.01701
-1.27424 -3.19428
-1.2857 0.989363
0.0434738 -4.30235
-0.56912 -2.93659
-0.0308219 -2.10351
-0.602538 -3.85441
-0.13422 -2.21116
-0.386259 -3.81604
0.243371 -2.76948
-0.80067 -3.51232
-1.91847 -0.891601
-0.79801 -1.97278
-1.55311 -2.11781
-1.4781 -0.276269
-0.907483 -2.1964
-1.85116 -0.39474
-0.431625 -1.89369
0.289339 -3.33683
-0.813059 -3.30631
-1.91899 -0.542404
-0.388015 -1.83973
0.124796 -3.58712
-0.489366 -3.15709
0.367182 -2.30459
-1.18737 -3.67984
-1.32722 1.42622
-0.508256 -4.88124
-0.145655 -2.47118
-0.281594 -3.69897
0.108449 -3.01754
-0.522752 -3.41367
0.249806 -2.1877
-1.01098 -3.74259
-1.6456 1.22768
0.272632 -4.16414
-1.10747 -3.15034
-1.45299 1.19586
0.0676592 -4.35309
-0.674903 -2.96629
-1.27211 -2.45768
-1.4488 0.609774
0.751439 -2.75031
-1.97631 -2.97682
-1.18492 -1.02251
-1.69662 -1.43987
-1.50922 -1.22267
-1.63433 -0.912483
-1.48693 -1.62874
-1.59251 -0.415102
-1.10489 -2.13971
-1.65553 0.463829
0.736123 -1.95736
-2.09515 -3.01914
-1.08248 -1.20788
-1.72164 -1.44693
-1.48561 -1.29916
-1.64099 -0.760867
-1.40011 -1.83668
-1.56847 -0.0396202
-0.312623 -1.92911
-0.0702386 -3.75808
-0.188427 -3.06927
-0.073945 -3.40093
-0.203445 -3.25934
-0.0258877 -3.30032
-0.282213 -3.30414
0.11919 -3.17764
-0.508551 -3.33753
0.302205 -2.22867
-1.08959 -3.71804
-1.48525 1.44644
-0.248885 -4.72524
-0.309744 -2.68173
0.136295 -3.36327
-0.513456 -3.25308
0.291496 -2.19676
-1.08259 -3.73122
-1.49997 1.44017
-0.216483 -4.69978
-0.34543 -2.70949
0.231826 -3.22552
-0.69673 -3.32527
-1.45803 -2.36399
-1.4273 0.122915
0.251151 -1.72538
-1.22703 -3.89402
-1.28552 1.5046
-0.698168 -5.00475
-0.423321 -2.46388
0.39818 -2.94176
-1.08508 -3.46983
-1.47394 1.34868
-0.124455 -4.58935
-0.42606 -2.78627
0.410253 -2.76792
-1.14224 -3.52606
-1.38718 1.3802
-0.325434 -4.75032
-0.205302 -2.61428
-0.124713 -3.59435
-0.117657 -3.1579
-0.175789 -3.38502
-0.0594514 -3.25597
-0.243183 -3.33297
0.0481894 -3.22656
-0.396024 -3.32538
0.327185 -2.81146
-0.951403 -3.50349
-1.73181 0.919966
0.688492 -3.33479
-1.87866 -2.9618
-1.24004 -0.798344
-1.56464 -1.83148
-1.53499 -0.48325
-1.26056 -2.08788
-1.55275 0.392099
0.659271 -1.86647
-1.97951 -3.28203
-1.13823 -0.802198
-1.37006 -2.17435
-1.48937 0.249026
0.459906 -1.72168
-1.63615 -3.72224
-1.07758 0.351124
0.422969 -3.59895
-1.21254 -3.295
-1.31902 1.1687
-0.152259 -4.54327
-0.324376 -2.75663
0.183259 -3.2827
-0.601407 -3.29249
-0.368829 -2.26548
0.216991 -3.36532
-0.660387 -3.26776
-1.09037 -2.51068
-1.58009 0.787482
0.729072 -3.04856
-1.93065 -2.96305
-1.21498 -0.927516
-1.65559 -1.5826
-1.53477 -0.963045
-1.59604 -1.3489
-1.58312 -0.991265
-1.56413 -1.4051
-1.59672 -0.839037
-1.49881 -1.65464
-1.58439 -0.424295
-1.12871 -2.13561
-1.63375 0.483456
0.7492 -2.01489
-2.10242 -2.97939
-1.07468 -1.24725
-1.73589 -1.38344
-1.46546 -1.40108
-1.63763 -0.593357
-1.26636 -2.0196
-1.56853 0.33214
0.567393 -1.75137
-1.84239 -3.52021
-1.12053 -0.31867
0.0979146 -1.84268
-0.912465 -3.91251
-1.89188 0.309301
0.765886 -1.83184
-2.18475 -2.84486
-0.95933 -1.42192
-1.66267 -1.77919
-1.51143 -0.837855
-1.57325 -1.52418
-1.58055 -0.750354
-1.46875 -1.75932
-1.57032 -0.261636
-0.848938 -2.15609
-1.8359 -1.13135
-1.22177 -1.86499
-1.63616 0.224717
0.365931 -1.65276
-1.48202 -3.83554
-1.08236 0.860177
-0.286269 -4.55984
-0.10834 -2.65716
-0.29645 -3.62411
0.136147 -3.02653
-0.562676 -3.40528
0.0230891 -2.13334
-0.674167 -3.82682
-0.877642 -2.51439
-1.85951 -0.188096
-0.0445042 -1.6927
-0.754385 -4.01492
-1.50966 -2.36817
-1.42296 -0.0217035
-0.148223 -1.87807
-0.487754 -3.95326
0.271253 -2.43081
-0.955664 -3.64752
-1.74543 0.926135
0.68649 -3.35211
-1.87795 -2.95786
-1.24103 -0.799084
-1.56643 -1.82658
-1.53549 -0.492096
-1.27198 -2.07861
-1.54962 0.370139
0.630962 -1.82674
-1.93873 -3.36234
-1.13831 -0.655328
-1.04325 -2.30416
-1.68333 0.524797
0.786858 -2.11149
-2.14534 -2.83321
-1.01139 -1.39833
-1.74774 -1.40601
-1.45344 -1.41928
-1.63942 -0.546857
-1.21295 -2.06154
-1.58768 0.416034
0.682025 -1.88494
-2.01702 -3.20843
-1.12999 -0.932484
-1.54877 -1.93486
-1.51777 -0.368064
-1.09019 -2.17622
-1.66114 0.482164
0.752805 -2.00134
-2.11278 -2.96028
-1.06294 -1.27481
-1.73919 -1.38168
-1.46136 -1.41314
-1.63744 -0.570587
-1.24265 -2.04039
-1.57544 0.374803
0.630855 -1.81313
-1.94385 -3.35951
-1.13718 -0.668395
-1.07187 -2.30333
-1.64964 0.58385
0.804082 -2.29516
-2.13768 -2.77879
-1.01368 -1.42557
-1.76399 -1.30999
-1.4179 -1.5523
-1.62795 -0.329451
-0.912128 -2.14323
-1.85009 -0.450047
-0.522513 -1.93591
0.512325 -2.63936
-1.41211 -3.53075
-1.15988 0.836269
-0.0400163 -4.34141
-0.404126 -2.85918
0.372211 -2.87708
-1.03524 -3.48715
-1.56243 1.27821
0.109859 -4.35268
-0.792899 -3.0143
-1.89905 -0.850569
-0.831501 -1.98968
-1.72331 -1.71047
-1.48187 -1.09465
-1.64687 -1.04508
-1.51395 -1.48971
-1.6075 -0.614937
-1.3315 -1.97218
-1.55398 0.197452
0.302555 -1.68162
-1.34457 -3.87802
-1.15712 1.25978
-0.649741 -4.89947
-0.248477 -2.39938
-0.080316 -3.63753
-0.175865 -3.13386
-0.0868801 -3.37851
-0.188403 -3.27227
-0.0497994 -3.30471
-0.249023 -3.30629
0.0574811 -3.23071
-0.408551 -3.32147
0.344921 -2.75301
-1.00176 -3.52695
-1.63113 1.18143
0.323148 -4.07651
-1.19051 -3.17983
-1.35453 1.14005
-0.0341824 -4.42918
-0.484497 -2.86304
0.415537 -2.3505
-1.27229 -3.65253
-1.23156 1.26744
-0.490161 -4.81629
-0.0935809 -2.47257
-0.373312 -3.70751
0.244498 -2.82843
-0.787758 -3.48803
-1.90161 -1.09622
-1.01786 -1.95232
-1.78736 -0.0524487
-0.00119076 -1.69967
-0.821769 -3.99887
-1.8936 -1.32975
-1.16304 -1.84537
-1.68246 0.184629
0.313422 -1.63826
-1.38792 -3.87979
-1.12451 1.15085
-0.581054 -4.83112
-0.111876 -2.39761
-0.365096 -3.73919
0.228419 -2.84346
-0.755537 -3.48121
-1.80824 -1.66286
-1.39726 -1.41291
-1.66111 -0.453807
-1.05521 -2.11915
-1.713 0.340221
0.614759 -1.7243
-1.94817 -3.38591
-1.12989 -0.657003
-1.0076 -2.30587
-1.72772 0.413971
0.714464 -1.85362
-2.08835 -3.07592
-1.08797 -1.15535
-1.69381 -1.56344
-1.5105 -1.10749
-1.63197 -1.07815
-1.53683 -1.40931
-1.60859 -0.758525
-1.44166 -1.78883
-1.56984 -0.171523
-0.646725 -2.09391
-0.187868 -2.10313
-0.317044 -3.84117
0.147016 -2.90897
-0.605789 -3.45729
-0.361816 -2.27301
0.19816 -3.39066
-0.623229 -3.25251
-0.638103 -2.3913
-0.466758 -2.25913
0.462923 -2.77552
-1.26543 -3.51788
-1.248 1.19661
-0.352044 -4.70486
-0.126723 -2.59026
-0.282742 -3.65131
0.112951 -3.03625
-0.525466 -3.40415
0.2389 -2.17747
-0.996145 -3.74856
-1.6786 1.15308
0.399262 -3.97257
-1.34857 -3.19687
-1.24767 0.810618
0.221872 -4.04065
-0.856679 -3.11632
-1.87441 0.0631716
0.434122 -1.56229
-1.6649 -3.75893
-1.06621 0.303205
0.452303 -3.52882
-1.27379 -3.3113
-1.26709 1.05563
-0.099565 -4.46094
-0.365128 -2.80289
0.287755 -3.10068
-0.821024 -3.3877
-1.92188 -0.455039
-0.249463 -1.76901
-0.31239 -3.94484
0.126687 -2.87415
-0.583455 -3.47643
-0.132153 -2.1775
-0.402036 -3.83085
0.258681 -2.72148
-0.84111 -3.53233
-1.922 -0.247829
0.0762274 -1.61172
-0.98827 -4.0005
-1.76419 0.980003
0.639178 -3.50491
-1.80187 -3.02155
-1.25021 -0.554873
-1.19888 -2.24082
-1.54833 0.569893
0.78588 -2.36725
-2.09098 -2.86905
-1.08315 -1.30965
-1.76768 -1.15269
-1.37274 -1.70006
-1.60976 -0.100283
-0.441795 -1.98609
0.352865 -3.19199
-0.959328 -3.37879
-1.70295 0.960061
0.640004 -3.45836
-1.78821 -3.05121
-1.24578 -0.499219
-1.0575 -2.27288
-1.67359 0.524925
0.784582 -2.11291
-2.14096 -2.84417
-1.01875 -1.38696
-1.75063 -1.38043
-1.447 -1.45046
-1.63683 -0.497958
-1.15767 -2.09585
-1.61912 0.458356
0.726145 -1.96
-2.07595 -3.06085
-1.0996 -1.1479
-1.70265 -1.51433
-1.50448 -1.17815
-1.63735 -0.963317
-1.50156 -1.56928
-1.59903 -0.50636
-1.22392 -2.07853
-1.57602 0.422713
0.690923 -1.90971
-2.0256 -3.18284
-1.12798 -0.968269
-1.58725 -1.8542
-1.5255 -0.538919
-1.33771 -2.0217
-1.53872 0.22121
0.363549 -1.6856
-1.46024 -3.83313
-1.0911 0.918493
-0.345288 -4.61873
-0.0695253 -2.60354
-0.373798 -3.64835
0.253812 -2.83966
-0.801975 -3.48398
-1.92 -0.841235
-0.743477 -1.96509
-1.09608 -2.42654
-1.59301 0.724145
0.773559 -2.81601
-2.02227 -2.86264
-1.15582 -1.19853
-1.75556 -1.08232
-1.37012 -1.73259
-1.60275 -0.0659006
-0.362219 -1.94623
0.0881415 -3.60524
-0.426098 -3.14329
0.384814 -2.68178
-1.10475 -3.55406
-1.44485 1.39658
-0.244093 -4.70012
-0.292574 -2.68278
0.0927531 -3.41102
-0.439107 -3.23082
0.385065 -2.59831
-1.12749 -3.58182
-1.41012 1.41257
-0.329354 -4.76562
-0.214535 -2.61234
-0.105307 -3.5852
-0.144549 -3.16313
-0.133743 -3.37736
-0.122663 -3.27164
-0.151567 -3.32723
-0.101868 -3.29361
-0.178501 -3.317
-0.0613828 -3.28844
-0.235579 -3.31649
0.0339493 -3.24299
-0.373349 -3.32026
0.291124 -2.90914
-0.85794 -3.46093
-1.89769 0.0358608
0.450426 -1.55338
-1.70203 -3.73268
-1.07108 0.186861
0.588571 -3.16088
-1.58094 -3.31253
-1.18504 0.231382
0.709024 -2.60862
-1.89329 -3.16146
-1.19626 -0.699347
-1.34789 -2.17065
-1.49613 0.295706
0.542411 -1.76321
-1.78619 -3.57863
-1.10976 -0.140251
0.546634 -1.93481
-1.72057 -3.58156
-1.11183 0.0267225
0.690295 -2.3658
-1.89383 -3.24007
-1.1794 -0.64497
-1.18493 -2.2691
-1.55093 0.600772
0.789156 -2.46555
-2.08203 -2.85328
-1.09273 -1.30756
-1.77064 -1.10183
-1.34969 -1.75157
-1.60498 -0.0137474
-0.227373 -1.87262
-0.319714 -3.91652
0.140535 -2.87567
-0.604005 -3.47331
-0.335836 -2.26188
0.118125 -3.49575
-0.476467 -3.19392
0.382205 -2.37927
-1.19115 -3.65309
-1.32174 1.40663
-0.491962 -4.86483
-0.137214 -2.48116
-0.294381 -3.69733
0.128008 -3.00044
-0.555765 -3.41835
0.0744073 -2.13122
-0.752365 -3.81085
-1.65945 -2.12559
-1.45935 -0.61156
-1.45071 -1.90742
-1.54027 -0.109628
-0.502542 -2.03687
0.496895 -2.695
-1.36315 -3.52654
-1.18143 0.965308
-0.175149 -4.49978
-0.24687 -2.74173
-0.00691893 -3.48096
-0.286596 -3.20736
0.125898 -3.20681
-0.514458 -3.32354
0.283627 -2.20249
-1.06571 -3.73073
-1.53199 1.40843
-0.122122 -4.61572
-0.458896 -2.79332
0.438522 -2.54208
-1.26202 -3.59084
-1.24503 1.24942
-0.434399 -4.77632
-0.096925 -2.51953
-0.35373 -3.6867
0.219401 -2.88634
-0.729632 -3.46294
-1.67356 -2.05877
-1.46693 -0.69665
-1.52101 -1.75231
-1.56005 -0.409087
-1.1305 -2.14641
-1.62923 0.495438
0.757766 -2.04902
-2.10873 -2.95081
-1.06697 -1.27634
-1.74372 -1.35029
-1.4521 -1.45516
-1.63429 -0.503381
-1.16873 -2.09164
-1.61132 0.455956
0.723494 -1.95919
-2.07126 -3.0713
-1.10326 -1.13259
-1.69651 -1.53648
-1.50918 -1.13889
-1.63418 -1.02922
-1.52386 -1.47681
-1.60571 -0.65418
-1.36907 -1.92306
-1.55505 0.0897943
0.0330746 -1.75671
-0.849886 -3.96655
-1.9441 -0.745581
-0.542527 -1.89254
0.522691 -2.52008
-1.46495 -3.54933
-1.14068 0.702027
0.107267 -4.14957
-0.62081 -3.00159
-0.624489 -2.3705
-0.280597 -2.16466
-0.0699006 -3.69664
-0.188626 -3.10165
-0.0691833 -3.38562
-0.211765 -3.26685
-0.0109858 -3.28986
-0.304082 -3.30642
0.161239 -3.13024
-0.583184 -3.35677
-0.162362 -2.17896
-0.342797 -3.82105
0.185559 -2.87092
-0.676259 -3.4703
-1.18592 -2.51504
-1.48761 0.769233
0.674959 -3.18498
-1.81434 -3.09524
-1.23116 -0.542393
-1.11721 -2.26997
-1.6096 0.603434
0.800553 -2.38959
-2.11511 -2.80057
-1.04754 -1.38736
-1.77536 -1.16631
-1.36337 -1.70786
-1.61102 -0.0767943
-0.382459 -1.95463
0.156037 -3.52243
-0.544234 -3.19019
0.139763 -2.11016
-0.861161 -3.7987
-1.9348 -0.249461
0.121149 -1.58821
-1.07352 -3.99002
-1.57303 1.44674
-0.121042 -4.63524
-0.482944 -2.79882
0.427088 -2.37363
-1.28937 -3.64193
-1.21705 1.223
-0.460928 -4.78441
-0.0830246 -2.49557
-0.383803 -3.69726
0.260193 -2.79923
-0.823519 -3.50085
-1.9276 -0.494882
-0.284473 -1.78401
-0.214517 -3.89268
0.00142158 -2.97813
-0.38064 -3.45909
0.288598 -2.85302
-0.864717 -3.48229
-1.891 0.111889
0.543971 -1.58431
-1.87209 -3.54489
-1.10952 -0.367909
0.0130611 -1.87621
-0.764813 -3.92964
-1.66279 -2.13166
-1.45744 -0.619207
-1.45889 -1.89429
-1.54184 -0.139497
-0.579408 -2.07315
0.379537 -2.08747
-1.30063 -3.73866
-1.20113 1.26277
-0.552766 -4.85053
-0.113732 -2.42495
-0.353343 -3.72703
0.213503 -2.87616
-0.721825 -3.46719
-1.61767 -2.16786
-1.45941 -0.452256
-1.24608 -2.13559
-1.54739 0.445383
0.71883 -1.99673
-2.05101 -3.09928
-1.11825 -1.07779
-1.67469 -1.60695
-1.52146 -1.00751
-1.61403 -1.25355
-1.5713 -1.14911
-1.59648 -1.1589
-1.57892 -1.21244
-1.59443 -1.09849
-1.574 -1.28467
-1.59784 -0.998871
-1.55267 -1.42811
-1.59984 -0.782782
-1.46646 -1.74108
-1.57479 -0.269897
-0.862297 -2.15696
-1.84893 -0.963033
-1.08934 -1.97139
-1.71388 0.233199
0.440507 -1.63218
-1.64157 -3.7506
-1.06999 0.358245
0.393443 -3.65469
-1.14774 -3.27753
-1.3904 1.24425
-0.118989 -4.54231
-0.392844 -2.78676
0.349898 -2.9673
-0.971244 -3.45197
-1.68515 1.03338
0.551582 -3.66988
-1.62631 -3.15137
-1.22739 0.012562
0.483542 -1.82873
-1.63396 -3.68599
-1.08697 0.329978
0.473195 -3.49373
-1.32354 -3.31546
-1.23644 0.939835
0.00125517 -4.33012
-0.488482 -2.89555
0.404386 -2.32013
-1.25929 -3.66492
-1.24347 1.30238
-0.512296 -4.84063
-0.106726 -2.45721
-0.35567 -3.71361
0.218681 -2.87414
-0.73123 -3.46809
-1.68232 -2.04002
-1.46705 -0.737107
-1.54855 -1.67538
-1.56706 -0.548209
-1.31122 -2.02362
-1.54762 0.27001
0.461882 -1.70114
-1.6503 -3.71949
-1.07735 0.311453
0.471059 -3.49282
-1.31703 -3.31649
-1.23969 0.956597
-0.016026 -4.35227
-0.46504 -2.87918
0.429185 -2.47774
-1.26003 -3.61198
-1.24551 1.26692
-0.458091 -4.79677
-0.0957307 -2.49964
-0.361594 -3.69554
0.22971 -2.8636
-0.752988 -3.4728
-1.79893 -1.69833
-1.41034 -1.35785
-1.66457 -0.545127
-1.16716 -2.07437
-1.61728 0.439413
0.707352 -1.91639
-2.05457 -3.12301
-1.11361 -1.06567
-1.65879 -1.66671
-1.52571 -0.907055
-1.5877 -1.4251
-1.58355 -0.88804
-1.53274 -1.55763
-1.59097 -0.601903
-1.34011 -1.97414
-1.55055 0.183173
0.270295 -1.68626
-1.28201 -3.8951
-1.21763 1.4128
-0.717606 -4.98065
-0.470497 -2.47231
0.467548 -2.59748
-1.3144 -3.56567
-1.20506 1.11435
-0.334296 -4.6669
-0.119219 -2.60664
-0.291407 -3.64545
0.126856 -3.02601
-0.548556 -3.40674
0.119894 -2.13249
-0.821092 -3.7959
-1.92808 -0.924091
-0.79154 -1.96467
-1.50357 -2.18982
-1.46622 -0.091295
-0.417054 -2.01246
0.287186 -3.3128
-0.807885 -3.31315
-1.91899 -0.627787
-0.502948 -1.89176
0.480133 -2.85311
-1.29614 -3.49142
-1.22678 1.11115
-0.277446 -4.62432
-0.167963 -2.65409
-0.190686 -3.60599
-0.0250472 -3.13729
-0.310983 -3.38692
0.172483 -3.0853
-0.609402 -3.37656
-0.434063 -2.30246
0.403713 -2.97826
-1.09392 -3.45913
-1.4594 1.34942
-0.149885 -4.60967
-0.390583 -2.76297
0.344462 -2.9892
-0.956171 -3.44309
-1.71504 0.949126
0.655562 -3.42267
-1.81818 -3.02322
-1.24647 -0.598239
-1.27892 -2.20194
-1.51291 0.445252
0.726681 -2.04953
-2.05042 -3.0803
-1.12012 -1.09118
-1.68675 -1.55874
-1.51588 -1.08747
-1.62741 -1.1189
-1.54817 -1.3465
-1.60887 -0.857603
-1.49381 -1.65086
-1.58644 -0.41414
-1.11072 -2.14076
-1.64949 0.471995
0.742117 -1.97914
-2.09968 -3.00004
-1.07785 -1.22838
-1.72871 -1.41732
-1.47646 -1.34812
-1.64001 -0.680119
-1.3424 -1.93108
-1.56116 0.147264
0.179348 -1.70242
-1.11297 -3.93067
-1.47854 1.53441
-0.385333 -4.85274
-0.226777 -2.57592
-0.0865941 -3.58675
-0.169806 -3.16152
-0.0933046 -3.36846
-0.180757 -3.27791
-0.0616791 -3.3064
-0.232549 -3.30723
0.0280954 -3.2506
-0.36397 -3.31774
0.274772 -2.94592
-0.818735 -3.44388
-1.92523 -0.52706
-0.34049 -1.8133
-0.0386446 -3.76035
-0.233336 -3.06707
0.00986402 -3.3568
-0.323343 -3.26795
0.199739 -3.09379
-0.654367 -3.37388
-0.979032 -2.50852
-1.72788 0.522004
0.798838 -2.11218
-2.16616 -2.77613
-0.972038 -1.45104
-1.71722 -1.58826
-1.4913 -1.16694
-1.64409 -0.952635
-1.48994 -1.59889
-1.59724 -0.44925
-1.14973 -2.12085
-1.61902 0.480108
0.745057 -2.01489
-2.09482 -2.99702
-1.08275 -1.22372
-1.73085 -1.39959
-1.47273 -1.37063
-1.63884 -0.644911
-1.31399 -1.96851
-1.56139 0.224604
0.361455 -1.67802
-1.46006 -3.83603
-1.09075 0.921285
-0.35017 -4.62294
-0.0664847 -2.59904
-0.379832 -3.65007
0.262025 -2.82055
-0.82168 -3.49235
-1.92738 -0.517376
-0.317772 -1.8009
-0.112645 -3.82224
-0.131862 -3.03548
-0.174579 -3.44278
-0.0567521 -3.22738
-0.251479 -3.34722
0.0634852 -3.20957
-0.420597 -3.33063
0.357721 -2.69199
-1.04381 -3.54968
-1.55141 1.3164
0.0395954 -4.43692
-0.680145 -2.94607
-1.32334 -2.43296
-1.43488 0.493129
0.762125 -2.38714
-2.0409 -2.97442
-1.13435 -1.15318
-1.73351 -1.30735
-1.45933 -1.46214
-1.63065 -0.511259
-1.18443 -2.08505
-1.60109 0.448578
0.716253 -1.94873
-2.06095 -3.09723
-1.11045 -1.09611
-1.67889 -1.59882
-1.51928 -1.02825
-1.61868 -1.21669
-1.56594 -1.2049
-1.6026 -1.07337
-1.56337 -1.3387
-1.60172 -0.908046
-1.52182 -1.5649
-1.59341 -0.564924
-1.29921 -2.01843
-1.55384 0.285629
0.48961 -1.70963
-1.70286 -3.67546
-1.0866 0.141139
0.65087 -2.91443
-1.73228 -3.26376
-1.19765 -0.216204
0.0122524 -1.85543
-0.772631 -3.93766
-1.70804 -2.03489
-1.4579 -0.827081
-1.60065 -1.49627
-1.5712 -0.859833
-1.53355 -1.57766
-1.58762 -0.586271
-1.32864 -1.99041
-1.55012 0.215849
0.346112 -1.68129
-1.42833 -3.84803
-1.10382 1.01772
-0.450763 -4.71675
-0.035965 -2.50139
-0.45589 -3.68852
0.323678 -2.5258
-1.02256 -3.60897
-1.59934 1.26917
0.167413 -4.29362
-0.90475 -3.06918
-1.79702 0.513608
0.823308 -2.14514
-2.2005 -2.66083
-0.886728 -1.52931
-1.50293 -2.13705
-1.47875 -0.116995
-0.501224 -2.05285
0.49626 -2.68929
-1.36271 -3.52835
-1.18137 0.96761
-0.17871 -4.50343
-0.243061 -2.73877
-0.0160677 -3.48852
-0.273238 -3.20488
0.0991205 -3.23451
-0.469081 -3.31307
0.374268 -2.42702
-1.15798 -3.63926
-1.36684 1.42978
-0.435396 -4.83989
-0.155414 -2.52702
-0.247393 -3.66999
0.0582151 -3.06828
-0.439633 -3.40041
0.363172 -2.59067
-1.08303 -3.58514
-1.48326 1.39337
-0.174879 -4.64811
-0.376468 -2.7431
0.311469 -3.07113
-0.874249 -3.40527
-1.86813 0.25723
0.684239 -1.71114
-2.08378 -3.14339
-1.08887 -1.09662
-1.64718 -1.72384
-1.52511 -0.825298
-1.55799 -1.56311
-1.58141 -0.669923
-1.41133 -1.87662
-1.55591 -0.0351823
-0.303146 -1.92739
-0.0983156 -3.77982
-0.150102 -3.05833
-0.14114 -3.4265
-0.107108 -3.24502
-0.177914 -3.34182
-0.0599673 -3.27648
-0.239313 -3.32247
0.0408507 -3.23594
-0.384157 -3.32228
0.309079 -2.86424
-0.90303 -3.48104
-1.8263 0.537337
0.843949 -2.2489
-2.21481 -2.5694
-0.82763 -1.56939
-1.16253 -2.38721
-1.53814 0.700417
0.759424 -2.833
-1.99152 -2.92007
-1.17921 -1.09559
-1.72833 -1.2627
-1.45914 -1.48796
-1.62644 -0.483093
-1.15481 -2.10305
-1.61954 0.464548
0.731835 -1.97497
-2.08199 -3.04171
-1.09473 -1.17161
-1.71254 -1.4755
-1.49543 -1.24431
-1.64021 -0.85345
-1.45366 -1.71803
-1.58284 -0.256403
-0.826741 -2.14718
-1.79363 -1.43932
-1.39512 -1.53462
-1.63919 -0.306473
-0.852055 -2.13131
-1.83326 -1.14379
-1.23387 -1.85237
-1.63221 0.207409
0.327451 -1.6545
-1.40621 -3.86676
-1.11405 1.09216
-0.527197 -4.78402
-0.0582881 -2.43157
-0.443372 -3.72293
0.31348 -2.58071
-0.985312 -3.58869
-1.67283 1.11223
0.447958 -3.8792
-1.43448 -3.19855
-1.22388 0.580525
0.485338 -3.54745
-1.37744 -3.2931
-1.21773 0.78753
0.182978 -4.08294
-0.776246 -3.0778
-1.88275 -1.11331
-1.08628 -1.93484
-1.72572 0.1748
0.343002 -1.62076
-1.45406 -3.86005
-1.08993 0.956746
-0.402164 -4.66827
-0.0413044 -2.54944
-0.433086 -3.66839
0.317157 -2.62249
-0.980013 -3.57309
-1.68163 1.08514
0.487562 -3.80601
-1.50961 -3.18709
-1.21866 0.363535
0.68547 -2.87926
-1.81893 -3.17869
-1.21087 -0.500537
-0.938946 -2.27763
-1.81717 0.0027998
0.185071 -1.61585
-1.167 -3.95453
-1.38552 1.57976
-0.607857 -4.99217
-0.266904 -2.44844
-0.0212312 -3.58084
-0.25974 -3.15779
0.0698577 -3.27802
-0.419273 -3.29625
0.360591 -2.70183
-1.0474 -3.54638
-1.5444 1.32345
0.0197025 -4.45789
-0.647747 -2.9263
-0.949678 -2.4768
-1.77509 0.336939
0.662837 -1.74262
-2.03267 -3.23391
-1.1169 -0.941158
-1.53043 -1.97639
-1.51188 -0.287813
-0.934149 -2.18808
-1.83212 -0.177739
-0.116085 -1.73914
-0.609095 -4.01053
-0.108258 -2.21979
-0.430644 -3.81583
0.287924 -2.6291
-0.921654 -3.5698
-1.80273 0.681087
0.839449 -2.63986
-2.15931 -2.57844
-0.933973 -1.55362
-1.70831 -1.65813
-1.49567 -1.0822
-1.63859 -1.08867
-1.53219 -1.41407
-1.61005 -0.740989
-1.42865 -1.81492
-1.56676 -0.120725
-0.52367 -2.03971
0.51002 -2.51562
-1.43589 -3.56093
-1.14633 0.790415
-0.00836473 -4.29765
-0.443865 -2.8887
0.423307 -2.61885
-1.20667 -3.57149
-1.30355 1.33796
-0.432639 -4.8049
-0.12426 -2.52406
-0.305427 -3.68149
0.146199 -2.98922
-0.586175 -3.42109
-0.17414 -2.18834
-0.315417 -3.81129
0.148309 -2.92302
-0.604445 -3.45078
-0.349994 -2.26698
0.161416 -3.44162
-0.553629 -3.22343
0.074199 -2.11114
-0.760119 -3.81887
-1.70536 -2.02726
-1.46011 -0.822608
-1.59759 -1.50625
-1.57174 -0.841194
-1.52517 -1.60739
-1.58541 -0.536713
-1.2775 -2.04442
-1.55634 0.336958
0.578815 -1.76658
-1.85889 -3.49458
-1.12504 -0.376429
-0.103761 -1.92509
-0.551262 -3.93698
0.163729 -2.22944
-0.85047 -3.74525
-1.93569 -0.340293
-0.0177515 -1.64678
-0.819822 -4.02314
-1.88006 -1.42147
-1.22892 -1.7698
-1.65731 0.118111
0.14216 -1.68479
-1.05947 -3.95076
-1.59186 1.40252
-0.0334924 -4.54536
-0.600433 -2.88089
-0.348318 -2.22948
0.145673 -3.4707
-0.524861 -3.20851
0.247288 -2.15095
-1.02188 -3.75658
-1.62538 1.27415
0.188232 -4.27787
-0.95263 -3.08794
-1.70907 0.833152
0.752292 -3.07567
-1.98666 -2.85001
-1.18837 -1.13443
-1.74263 -1.12348
-1.40602 -1.66145
-1.60831 -0.199001
-0.675432 -2.09295
-0.523226 -2.26946
0.470966 -2.32138
-1.4049 -3.63206
-1.14534 0.923217
-0.207268 -4.51467
-0.201104 -2.71771
-0.110559 -3.55142
-0.139532 -3.18131
-0.138901 -3.3697
-0.116007 -3.27477
-0.160834 -3.32621
-0.0879261 -3.29126
-0.198446 -3.31777
-0.0291596 -3.27624
-0.281409 -3.31718
0.117811 -3.174
-0.50702 -3.33935
0.306653 -2.23553
-1.09521 -3.71483
-1.47465 1.45222
-0.274454 -4.74531
-0.284241 -2.66031
0.0680606 -3.44222
-0.398536 -3.21737
0.341929 -2.81757
-0.980877 -3.50335
-1.67089 1.08673
0.478765 -3.81752
-1.48978 -3.19305
-1.21845 0.422755
0.642821 -3.08262
-1.7184 -3.22941
-1.20707 -0.199667
0.0187686 -1.85049
-0.785035 -3.93731
-1.77829 -1.84181
-1.43095 -1.18995
-1.67176 -0.817442
-1.38877 -1.82213
-1.5751 -0.0267918
-0.276645 -1.90771
-0.180178 -3.83928
-0.0413791 -3.01788
-0.312372 -3.44963
0.172469 -3.06016
-0.61394 -3.38764
-0.482217 -2.32651
0.480834 -2.60245
-1.3446 -3.55849
-1.18673 1.03411
-0.262823 -4.59021
-0.164621 -2.66849
-0.193608 -3.60134
-0.020947 -3.13839
-0.316398 -3.38546
0.182587 -3.07275
-0.628515 -3.38213
-0.658549 -2.40798
-0.740275 -2.38496
-1.55228 -2.16571
-1.46756 -0.248421
-0.838019 -2.18699
-1.8294 -1.20924
-1.27 -1.80089
-1.62617 0.132348
0.153035 -1.69086
-1.0745 -3.94459
-1.55865 1.45229
-0.148225 -4.65757
-0.445024 -2.77328
0.432771 -2.64526
-1.22162 -3.56196
-1.28721 1.30827
-0.425142 -4.78999
-0.117661 -2.5292
-0.315556 -3.68041
0.161962 -2.97172
-0.614832 -3.42745
-0.476003 -2.32602
0.476161 -2.65187
-1.32197 -3.54762
-1.20213 1.08415
-0.297643 -4.63124
-0.142871 -2.63822
-0.241361 -3.62494
0.0500185 -3.09504
-0.422659 -3.38942
0.352047 -2.67746
-1.03564 -3.55451
-1.56739 1.2976
0.0879869 -4.38368
-0.761203 -2.99388
-1.84438 -1.38153
-1.29404 -1.716
-1.63669 0.0234607
-0.106839 -1.79987
-0.598949 -3.98644
-0.0523228 -2.20563
-0.529991 -3.81754
0.226203 -2.25444
-0.943073 -3.72186
-1.78714 0.799956
0.788574 -2.99028
-2.05839 -2.72021
-1.11407 -1.36054
-1.78237 -0.84843
-1.18739 -1.96825
-1.63104 0.335797
0.571121 -1.72624
-1.86097 -3.50661
-1.12152 -0.372086
-0.069523 -1.90953
-0.61716 -3.9392
-0.204379 -2.24251
-0.231815 -3.76559
0.0324438 -3.0339
-0.41103 -3.42369
0.334974 -2.73047
-0.986576 -3.53416
-1.66285 1.1165
0.435517 -3.89716
-1.40797 -3.20192
-1.22846 0.655234
0.39797 -3.73302
-1.19597 -3.26145
-1.33892 1.17695
-0.122181 -4.52066
-0.366799 -2.78281
0.290686 -3.10114
-0.827048 -3.38837
-1.91965 -0.362679
-0.116543 -1.70224
-0.624985 -4.02475
-0.216178 -2.25472
-0.20103 -3.74858
-0.0100232 -3.05898
-0.347217 -3.42242
0.236506 -2.97602
-0.740965 -3.42652
-1.75059 -1.85667
-1.4526 -1.08596
-1.66108 -1.0149
-1.48919 -1.5632
-1.60385 -0.480033
-1.1835 -2.10077
-1.59747 0.462939
0.729728 -1.98709
-2.07445 -3.05348
-1.10121 -1.15111
-1.70649 -1.49561
-1.50119 -1.20689
-1.63872 -0.916388
-1.4831 -1.63332
-1.59268 -0.401265
-1.08298 -2.1457
-1.67647 0.436256
0.714997 -1.89102
-2.07706 -3.08567
-1.09758 -1.1308
-1.68838 -1.57521
-1.51402 -1.07947
-1.62783 -1.12735
-1.54902 -1.33731
-1.60907 -0.870216
-1.49907 -1.63348
-1.58829 -0.442864
-1.15169 -2.12453
-1.61636 0.484228
0.748142 -2.0275
-2.09696 -2.98708
-1.08047 -1.23406
-1.73427 -1.38426
-1.46745 -1.39516
-1.63769 -0.604525
-1.27754 -2.00888
-1.56604 0.309514
0.529395 -1.72559
-1.77671 -3.60176
-1.10388 -0.0997518
0.613243 -2.04735
-1.81948 -3.44319
-1.14395 -0.320616
-0.0356629 -1.88879
-0.681896 -3.93962
-0.84857 -2.51336
-1.87745 -0.514228
-0.514499 -1.91896
0.502606 -2.72657
-1.37133 -3.51534
-1.17927 0.93652
-0.138078 -4.45977
-0.287272 -2.77288
0.0931018 -3.38404
-0.441915 -3.24335
0.384951 -2.58154
-1.13201 -3.58737
-1.40342 1.41457
-0.344574 -4.77652
-0.20289 -2.59992
-0.13322 -3.60333
-0.105587 -3.1525
-0.19461 -3.38856
-0.0298657 -3.24443
-0.2855 -3.33363
0.125629 -3.1597
-0.521464 -3.34523
0.256256 -2.18049
-1.02536 -3.74396
-1.61558 1.28853
0.157573 -4.3155
-0.896867 -3.06128
-1.8108 0.445652
0.794282 -1.99087
-2.18786 -2.76628
-0.937294 -1.46993
-1.64337 -1.84693
-1.51009 -0.726781
-1.51626 -1.71906
-1.56763 -0.420668
-1.14132 -2.13886
-1.62149 0.494122
0.756026 -2.05036
-2.10519 -2.95871
-1.07113 -1.26597
-1.74226 -1.35266
-1.45427 -1.44847
-1.63461 -0.515414
-1.18328 -2.08339
-1.6024 0.447291
0.71498 -1.94466
-2.05984 -3.10113
-1.11108 -1.09129
-1.67602 -1.60886
-1.52049 -1.0105
-1.61516 -1.24701
-1.57021 -1.15984
-1.59792 -1.14211
-1.57627 -1.23746
-1.59665 -1.06084
-1.56641 -1.34042
-1.60003 -0.914659
-1.5259 -1.55193
-1.59412 -0.588003
-1.32242 -1.9929
-1.55168 0.228596
0.373725 -1.68199
-1.48221 -3.82464
-1.08408 0.8511
-0.268587 -4.54393
-0.123562 -2.6722
-0.26679 -3.6149
0.0895165 -3.07281
-0.483422 -3.39127
0.351061 -2.35706
-1.13514 -3.6659
-1.40263 1.45159
-0.399 -4.82602
-0.180841 -2.55773
-0.18933 -3.64129
-0.0262498 -3.1196
-0.312716 -3.39605
0.175361 -3.07802
-0.615478 -3.37976
-0.503275 -2.33618
0.480224 -2.42879
-1.39091 -3.60162
-1.1564 0.940488
-0.203473 -4.51635
-0.20873 -2.71998
-0.0942922 -3.5426
-0.162266 -3.18564
-0.102406 -3.36019
-0.169103 -3.28249
-0.0797828 -3.30981
-0.207156 -3.30756
-0.0155285 -3.27461
-0.300224 -3.31519
0.153702 -3.1359
-0.569953 -3.35439
-0.0433365 -2.1411
-0.568288 -3.84215
0.080762 -2.18355
-0.741222 -3.78787
-1.59358 -2.23826
-1.44766 -0.339083
-1.03405 -2.21072
-1.71582 0.391388
0.682755 -1.80637
-2.04622 -3.18272
-1.11412 -1.00511
-1.60161 -1.82916
-1.5261 -0.601492
-1.4041 -1.93431
-1.54326 0.0217677
-0.147606 -1.84706
-0.502144 -3.96609
0.259482 -2.38272
-0.951887 -3.66727
-1.75722 0.892798
0.71815 -3.2561
-1.93398 -2.89321
-1.22251 -0.983504
-1.69307 -1.40624
-1.51154 -1.24142
-1.63257 -0.892935
-1.48118 -1.65072
-1.58981 -0.381336
-1.05403 -2.15318
-1.70619 0.379493
0.662904 -1.78333
-2.01736 -3.24672
-1.1243 -0.903208
-1.49581 -2.0299
-1.50457 -0.155951
-0.620019 -2.1018
0.0728048 -2.01394
-0.798097 -3.85722
-1.8668 -1.45901
-1.26855 -1.71776
-1.64873 0.0447551
-0.0421462 -1.76418
-0.725753 -3.98811
-1.27006 -2.52879
-1.43182 0.652429
0.716661 -2.95382
-1.89537 -3.04996
-1.2173 -0.781544
-1.5167 -1.94486
-1.5208 -0.266619
-0.886397 -2.17942
-1.85827 -0.640499
-0.753883 -2.00788
-1.26335 -2.39142
-1.47008 0.587626
0.768082 -2.60896
-2.02235 -2.93413
-1.15268 -1.14783
-1.73937 -1.23383
-1.43881 -1.5481
-1.62211 -0.376572
-1.00269 -2.14571
-1.76649 0.182115
0.416023 -1.60726
-1.60528 -3.78431
-1.06521 0.481349
0.212068 -3.96346
-0.783094 -3.11235
-1.89448 -0.996279
-0.971282 -1.97738
-1.8231 -0.285894
-0.345187 -1.86243
-0.00153066 -3.71559
-0.286606 -3.08853
0.121164 -3.2537
-0.500413 -3.30229
0.327501 -2.26045
-1.12528 -3.70242
-1.42144 1.46736
-0.387399 -4.82518
-0.194313 -2.5682
-0.159007 -3.6258
-0.0691644 -3.13679
-0.249822 -3.39485
0.0619996 -3.19089
-0.421634 -3.34002
0.357572 -2.68596
-1.04504 -3.55179
-1.54929 1.3198
0.0317431 -4.44557
-0.667604 -2.93832
-1.18726 -2.48033
-1.49505 0.745809
0.701307 -3.0883
-1.86778 -3.05074
-1.22712 -0.711343
-1.43543 -2.06478
-1.50466 0.0275171
-0.112567 -1.8391
-0.571571 -3.97138
0.0887893 -2.20487
-0.744959 -3.7767
-1.62911 -2.17864
-1.45544 -0.483387
-1.29401 -2.10244
-1.53323 0.354081
0.614236 -1.81417
-1.91037 -3.40873
-1.13612 -0.558113
-0.754772 -2.24857
-1.54328 -2.16476
-1.46861 -0.221625
-0.772517 -2.16909
-1.58802 -2.08179
-1.48136 -0.404361
-1.16473 -2.16806
-1.59377 0.525386
0.773788 -2.16295
-2.10964 -2.90328
-1.06344 -1.31111
-1.75682 -1.27415
-1.42164 -1.56253
-1.62469 -0.326355
-0.911476 -2.14449
-1.85037 -0.453797
-0.527194 -1.93779
0.515694 -2.59746
-1.42947 -3.53809
-1.15268 0.79326
0.00465745 -4.28519
-0.464722 -2.90062
0.426786 -2.47554
-1.25537 -3.61331
-1.24991 1.27721
-0.462782 -4.80301
-0.097901 -2.49607
-0.359017 -3.69704
0.225777 -2.87
-0.744567 -3.46999
-1.75923 -1.83606
-1.44728 -1.12933
-1.66514 -0.936277
-1.45675 -1.66807
-1.59272 -0.305661
-0.915181 -2.1573
-1.84812 -0.395039
-0.443216 -1.90063
0.328014 -3.26371
-0.900492 -3.34657
-1.81647 0.533939
0.839017 -2.22532
-2.21089 -2.59263
-0.844081 -1.56046
-1.27925 -2.34525
-1.47465 0.532935
0.771557 -2.40741
-2.05625 -2.93387
-1.12134 -1.20945
-1.74987 -1.21684
-1.41968 -1.59416
-1.61879 -0.29076
-0.853219 -2.13934
-1.83674 -1.11219
-1.21049 -1.87835
-1.63975 0.240994
0.400901 -1.65405
-1.55075 -3.80006
-1.07021 0.642292
-0.00558042 -4.25659
-0.424087 -2.89524
0.402661 -2.74536
-1.12966 -3.53328
-1.40554 1.3886
-0.303121 -4.73833
-0.228398 -2.63299
-0.0700723 -3.55837
-0.193975 -3.17535
-0.0507523 -3.34712
-0.241787 -3.2844
0.0432935 -3.2498
-0.385382 -3.31491
0.311795 -2.86039
-0.909343 -3.48293
-1.81443 0.595989
0.849133 -2.39894
-2.20034 -2.55073
-0.84789 -1.57663
-1.33649 -2.31292
-1.46199 0.400841
0.706645 -2.02964
-2.01751 -3.15297
-1.13692 -0.976167
-1.61124 -1.78877
-1.52977 -0.660246
-1.45334 -1.84541
-1.55427 -0.158926
-0.624312 -2.08931
0.0480439 -2.01804
-0.758533 -3.86399
-1.66649 -2.11724
-1.45905 -0.63954
-1.47749 -1.85766
-1.54678 -0.213424
-0.757626 -2.14087
-1.46039 -2.26009
-1.45297 0.0659353
0.0553869 -1.77483
-0.876713 -3.95207
-1.9425 -0.263457
0.12807 -1.58203
-1.08816 -3.98907
-1.54222 1.49035
-0.225771 -4.73072
-0.360809 -2.70609
0.270555 -3.16161
-0.779389 -3.36017
-1.892 -1.1392
-1.07395 -1.93179
-1.73814 0.136091
0.283679 -1.62217
-1.34041 -3.90253
-1.15986 1.28863
-0.68163 -4.92358
-0.336127 -2.42007
0.159504 -3.40552
-0.551176 -3.23779
0.0922048 -2.11221
-0.786989 -3.81257
-1.84235 -1.57428
-1.33783 -1.57776
-1.65127 -0.175273
-0.563218 -2.03219
0.461842 -2.21154
-1.42454 -3.66185
-1.13236 0.890151
-0.193521 -4.49427
-0.210632 -2.73012
-0.0882501 -3.53592
-0.170953 -3.18887
-0.0878638 -3.35468
-0.189999 -3.28481
-0.0459608 -3.29767
-0.255289 -3.30928
0.0690134 -3.22064
-0.426743 -3.32421
0.364414 -2.66063
-1.06618 -3.56091
-1.51121 1.36266
-0.0860006 -4.56521
-0.490367 -2.82386
0.412445 -2.31944
-1.27678 -3.66232
-1.22684 1.26425
-0.496358 -4.81891
-0.093156 -2.46728
-0.375631 -3.70984
0.247313 -2.82126
-0.794586 -3.49112
-1.91189 -0.977689
-0.897034 -1.97635
-1.83778 -0.958241
-1.11796 -1.96466
-1.68883 0.279646
0.501949 -1.66086
-1.75156 -3.64962
-1.09178 -0.00156205
0.6885 -2.40245
-1.88191 -3.24489
-1.18171 -0.613128
-1.11838 -2.2848
-1.60465 0.617412
0.80072 -2.44088
-2.10775 -2.79948
-1.0571 -1.37914
-1.77766 -1.12427
-1.3447 -1.74919
-1.60737 -0.00792758
-0.210767 -1.86299
-0.362383 -3.93387
0.192814 -2.79694
-0.706967 -3.50199
-1.48127 -2.35537
-1.4277 0.0538589
0.0635432 -1.77816
-0.888028 -3.94794
-1.93258 -0.0814608
0.373104 -1.53204
-1.56036 -3.83964
-1.06003 0.647086
-0.0424764 -4.29472
-0.369343 -2.863
0.299791 -3.05771
-0.851211 -3.40684
-1.90056 -0.0274255
0.36101 -1.54783
-1.52818 -3.85165
-1.0652 0.745196
-0.169558 -4.43594
-0.21445 -2.75622
-0.0750947 -3.51978
-0.190043 -3.19643
-0.0550964 -3.33992
-0.236847 -3.28884
0.0346524 -3.25391
-0.372596 -3.31467
0.290305 -2.91336
-0.855484 -3.45916
-1.90057 0.00444438
0.410498 -1.54788
-1.62555 -3.7926
-1.06098 0.433449
0.266842 -3.87575
-0.886569 -3.1684
-1.83055 0.388344
0.767288 -1.88987
-2.16999 -2.86039
-0.982439 -1.40196
-1.70184 -1.63538
-1.50151 -1.07755
-1.63494 -1.10653
-1.53903 -1.38229
-1.61026 -0.793466
-1.46019 -1.74323
-1.57578 -0.252398
-0.824778 -2.14919
-1.78975 -1.46122
-1.40386 -1.50573
-1.6419 -0.353623
-0.932264 -2.13865
-1.83791 -0.280191
-0.284389 -1.8247
-0.195955 -3.87103
-0.0219453 -2.99645
-0.344162 -3.45598
0.228424 -2.97587
-0.726375 -3.42581
-1.66331 -2.07649
-1.46698 -0.652173
-1.48552 -1.83466
-1.55035 -0.250988
-0.840158 -2.16115
-1.82501 -1.23404
-1.28859 -1.77399
-1.6242 0.0885105
0.0450693 -1.73186
-0.880418 -3.97109
-1.94245 -0.240859
0.162874 -1.56978
-1.15305 -3.97779
-1.41436 1.58563
-0.564544 -4.97339
-0.23056 -2.46218
-0.106228 -3.63441
-0.140886 -3.13663
-0.143482 -3.39136
-0.107102 -3.26277
-0.175356 -3.33277
-0.0648176 -3.28217
-0.231794 -3.32021
0.0275151 -3.24556
-0.36397 -3.32038
0.274564 -2.94528
-0.818453 -3.4441
-1.92526 -0.53176
-0.347017 -1.81651
-0.0169956 -3.74052
-0.264341 -3.07652
0.0734598 -3.30413
-0.42101 -3.28311
0.364016 -2.694
-1.05668 -3.5493
-1.52751 1.3428
-0.0326107 -4.51203
-0.566849 -2.87488
0.00550422 -2.08966
-0.664493 -3.84974
-0.744883 -2.47213
-1.63765 -2.02138
-1.48333 -0.599091
-1.4285 -1.92737
-1.53976 -0.0407477
-0.318095 -1.93988
-0.049635 -3.73886
-0.217031 -3.07843
-0.0202943 -3.37116
-0.280053 -3.26646
0.114408 -3.19675
-0.498143 -3.32912
0.330684 -2.27484
-1.12584 -3.69697
-1.42003 1.46514
-0.38675 -4.82386
-0.193768 -2.56856
-0.160053 -3.62611
-0.0677031 -3.13641
-0.251954 -3.39487
0.0657043 -3.18814
-0.427407 -3.34062
0.362865 -2.65617
-1.06408 -3.56242
-1.51511 1.35985
-0.0759779 -4.55584
-0.504706 -2.83338
0.378018 -2.23095
-1.23808 -3.69932
-1.265 1.36446
-0.551491 -4.88343
-0.141728 -2.43614
-0.299251 -3.71589
0.133973 -2.9856
-0.568097 -3.42429
-0.0153106 -2.14123
-0.612362 -3.83518
-0.22468 -2.24104
-0.185729 -3.74567
-0.0310573 -3.06613
-0.316713 -3.42373
0.181505 -3.05897
-0.629186 -3.38813
-0.664101 -2.41073
-0.812239 -2.41073
-1.8475 -1.15323
-1.20347 -1.87088
-1.64644 0.233195
0.388119 -1.65037
-1.52716 -3.81415
-1.07261 0.718348
-0.109363 -4.37589
-0.286579 -2.80493
0.0956953 -3.37168
-0.447095 -3.24899
0.386144 -2.55152
-1.14335 -3.59715
-1.38677 1.41593
-0.377642 -4.79855
-0.179602 -2.57292
-0.187931 -3.63529
-0.0283419 -3.12327
-0.309133 -3.39467
0.168797 -3.08687
-0.60303 -3.37589
-0.362624 -2.26797
0.199214 -3.39041
-0.62526 -3.25291
-0.663106 -2.40226
-0.790649 -2.403
-1.80008 -1.47728
-1.39086 -1.52467
-1.64271 -0.310341
-0.853428 -2.13016
-1.83464 -1.12893
-1.2237 -1.86435
-1.63513 0.223514
0.362983 -1.65303
-1.47608 -3.83818
-1.08412 0.878694
-0.307813 -4.58087
-0.0923296 -2.63809
-0.327873 -3.63371
0.18558 -2.9632
-0.655078 -3.42994
-0.960198 -2.50874
-1.75516 0.431287
0.747281 -1.90457
-2.13106 -2.9553
-1.04219 -1.30055
-1.73066 -1.45271
-1.47654 -1.32385
-1.64255 -0.710273
-1.36228 -1.89971
-1.56306 0.0861114
0.0221294 -1.75922
-0.83142 -3.96951
-1.92195 -1.08598
-0.94386 -1.9575
-1.8392 -0.541466
-0.694282 -2.00418
-0.603243 -2.30245
0.0158707 -2.0423
-0.699354 -3.86515
-1.12306 -2.54785
-1.5363 0.825752
0.666166 -3.25462
-1.80403 -3.0884
-1.23459 -0.519092
-1.0716 -2.2751
-1.65679 0.554993
0.795762 -2.20417
-2.14052 -2.80804
-1.01423 -1.40985
-1.75711 -1.35045
-1.43442 -1.4965
-1.6332 -0.421451
-1.05654 -2.13273
-1.70828 0.360999
0.640225 -1.75369
-1.98552 -3.31432
-1.12948 -0.78902
-1.31556 -2.22097
-1.49307 0.391608
0.682157 -1.94584
-1.99643 -3.223
-1.1397 -0.88161
-1.50259 -2.01137
-1.50794 -0.186019
-0.697619 -2.1322
-0.853172 -2.40641
-1.87257 -0.617473
-0.672719 -1.97945
-0.304726 -2.15201
-0.00718875 -3.64956
-0.277647 -3.12141
0.104082 -3.25977
-0.473038 -3.30069
0.372793 -2.40408
-1.16281 -3.64694
-1.36018 1.43054
-0.449343 -4.84858
-0.151277 -2.51602
-0.258281 -3.67674
0.0743242 -3.05455
-0.465318 -3.40322
0.364872 -2.45418
-1.12929 -3.63153
-1.40969 1.43592
-0.363716 -4.79747
-0.197068 -2.58537
-0.149 -3.61551
-0.0833789 -3.14409
-0.228303 -3.39246
0.0252226 -3.21609
-0.365666 -3.33562
0.27635 -2.9353
-0.823836 -3.44831
-1.9246 -0.448904
-0.229109 -1.75726
-0.367059 -3.96872
0.191882 -2.77745
-0.710647 -3.51049
-1.50958 -2.32545
-1.43331 -0.0416982
-0.226284 -1.91708
-0.303391 -3.89668
0.121258 -2.90557
-0.567544 -3.4631
-0.00306211 -2.14269
-0.630705 -3.83111
-0.39819 -2.31629
0.313854 -3.18755
-0.869823 -3.36559
-1.87119 0.216537
0.641947 -1.66234
-2.02538 -3.27904
-1.11483 -0.892315
-1.45328 -2.09426
-1.49474 -0.00233712
-0.189127 -1.88171
-0.40225 -3.93828
0.237309 -2.7038
-0.80793 -3.5395
-1.92451 -0.793191
-0.675905 -1.9478
-0.287627 -2.14145
-0.0587837 -3.69449
-0.204014 -3.10207
-0.0416036 -3.37312
-0.250814 -3.26932
0.0590387 -3.24427
-0.408634 -3.31454
0.345845 -2.75344
-1.00359 -3.52689
-1.62743 1.18861
0.309851 -4.09606
-1.16496 -3.17332
-1.38146 1.17007
-0.0251607 -4.43168
-0.508167 -2.87244
0.360005 -2.20806
-1.21058 -3.71163
-1.29778 1.41573
-0.553466 -4.90238
-0.159176 -2.44109
-0.264483 -3.7067
0.0823174 -3.03433
-0.481052 -3.41106
0.351787 -2.37184
-1.13123 -3.66084
-1.40847 1.44947
-0.385295 -4.81661
-0.188111 -2.56865
-0.171734 -3.6308
-0.0512822 -3.13104
-0.275942 -3.3952
0.108171 -3.15239
-0.495988 -3.35056
0.333596 -2.28821
-1.12634 -3.69194
-1.41876 1.46304
-0.386044 -4.82257
-0.193321 -2.56898
-0.16088 -3.62631
-0.0665479 -3.13612
-0.253634 -3.39487
0.0686312 -3.18594
-0.431989 -3.34111
0.366465 -2.6321
-1.07825 -3.57081
-1.49054 1.38265
-0.147494 -4.62257
-0.408925 -2.76728
0.381944 -2.88233
-1.05631 -3.48684
-1.52394 1.321
-0.00577035 -4.47849
-0.601435 -2.90003
-0.365806 -2.23925
0.200872 -3.39509
-0.628391 -3.25161
-0.70228 -2.41868
-1.25598 -2.42545
-1.46504 0.619849
0.756341 -2.73664
-1.98771 -2.95971
-1.17859 -1.05926
-1.7124 -1.36479
-1.49019 -1.34244
-1.63502 -0.717456
-1.37871 -1.88086
-1.56315 0.0390031
-0.103058 -1.81871
-0.597526 -3.97883
-0.0462991 -2.2038
-0.540311 -3.81714
0.195272 -2.22532
-0.902973 -3.73944
-1.87003 0.38894
0.802498 -1.95339
-2.211 -2.71377
-0.886104 -1.50628
-1.4659 -2.18332
-1.47136 0.0116398
-0.124845 -1.85392
-0.542626 -3.96549
0.190012 -2.25701
-0.881793 -3.72812
-1.90204 0.137915
0.601506 -1.61097
-1.97105 -3.39285
-1.11999 -0.69824
-1.06823 -2.30843
-1.65261 0.582673
0.804339 -2.28997
-2.1391 -2.77708
-1.0114 -1.42799
-1.76276 -1.32119
-1.42173 -1.53894
-1.62937 -0.350895
-0.947943 -2.14438
-1.8244 -0.147273
-0.082815 -1.72533
-0.674567 -4.01183
-0.691666 -2.46193
-1.18521 -2.44912
-1.50435 0.727437
0.722294 -3.00303
-1.91123 -3.00966
-1.21759 -0.848262
-1.5915 -1.78139
-1.53695 -0.601897
-1.39573 -1.93881
-1.54408 0.0438412
-0.0875798 -1.81607
-0.626006 -3.97816
-0.252965 -2.2645
-0.109171 -3.69573
-0.135149 -3.10355
-0.15775 -3.40896
-0.0845172 -3.25032
-0.209251 -3.33862
-0.00970673 -3.25823
-0.310745 -3.32229
0.173843 -3.10855
-0.607661 -3.36635
-0.417834 -2.29394
0.362447 -3.08885
-0.986534 -3.41467
-1.65123 1.09908
0.449299 -3.86425
-1.42874 -3.20383
-1.2237 0.599203
0.46133 -3.60088
-1.32671 -3.2885
-1.23963 0.916633
0.0440181 -4.27936
-0.553124 -2.93694
0.104582 -2.08235
-0.818173 -3.8203
-1.92179 -1.02142
-0.896615 -1.96728
-1.83574 -0.983923
-1.1406 -1.95004
-1.67284 0.291152
0.511717 -1.67185
-1.76605 -3.63169
-1.09609 -0.0510114
0.666054 -2.2219
-1.87736 -3.31141
-1.16753 -0.55473
-0.904481 -2.28319
-1.84925 -0.271923
-0.230154 -1.79157
-0.348922 -3.95197
0.172767 -2.81645
-0.669415 -3.49532
-1.09301 -2.52485
-1.57393 0.800227
0.715709 -3.10082
-1.90415 -2.99119
-1.22396 -0.84341
-1.5934 -1.77159
-1.53801 -0.614855
-1.40712 -1.92045
-1.54603 0.0053107
-0.193095 -1.87041
-0.398468 -3.9412
0.232807 -2.71307
-0.797452 -3.53574
-1.91405 -0.973253
-0.885728 -1.97568
-1.82903 -1.08644
-1.21665 -1.8819
-1.63478 0.243721
0.404478 -1.65628
-1.55675 -3.79587
-1.06994 0.622528
0.0224234 -4.22262
-0.465104 -2.92115
0.424262 -2.46914
-1.25177 -3.61588
-1.2533 1.28601
-0.467638 -4.80886
-0.0997931 -2.49237
-0.35693 -3.69859
0.222535 -2.87499
-0.737729 -3.46781
-1.72225 -1.94253
-1.46272 -0.93274
-1.63363 -1.29799
-1.55798 -1.15908
-1.60598 -1.11229
-1.56624 -1.29691
-1.60198 -0.963276
-1.53938 -1.48732
-1.59849 -0.686434
-1.40418 -1.87315
-1.55847 -0.0214945
-0.266093 -1.90653
-0.208665 -3.85584
-0.00389946 -2.99978
-0.368417 -3.44993
0.27019 -2.8994
-0.819222 -3.46158
-1.92605 -0.53237
-0.344572 -1.81489
-0.0253259 -3.74834
-0.252329 -3.07279
0.0484409 -3.32645
-0.38166 -3.27605
0.309271 -2.88409
-0.899364 -3.47359
-1.83224 0.503821
0.836257 -2.16738
-2.21732 -2.59763
-0.834158 -1.55848
-1.19613 -2.37785
-1.51428 0.669772
0.761485 -2.78048
-1.99708 -2.92664
-1.17428 -1.10259
-1.72949 -1.26381
-1.4578 -1.49044
-1.62647 -0.477505
-1.14732 -2.10652
-1.62496 0.465298
0.73294 -1.97361
-2.08444 -3.03681
-1.09256 -1.179
-1.71481 -1.46747
-1.4931 -1.25877
-1.64053 -0.829278
-1.44098 -1.74972
-1.57891 -0.200339
-0.70742 -2.11409
-0.93982 -2.42562
-1.79596 0.213697
0.515241 -1.61912
-1.79852 -3.61765
-1.09799 -0.140691
0.576363 -1.98208
-1.76498 -3.52384
-1.12618 -0.127658
0.520142 -1.89856
-1.67966 -3.62804
-1.10026 0.166568
0.654534 -2.91084
-1.74159 -3.25566
-1.1994 -0.246358
-0.090107 -1.90131
-0.585249 -3.94535
0.0150571 -2.19413
-0.638707 -3.80483
-0.500826 -2.3627
0.477855 -2.43022
-1.38501 -3.60277
-1.15897 0.95709
-0.221089 -4.53532
-0.192313 -2.70521
-0.131103 -3.56516
-0.110534 -3.17312
-0.183947 -3.378
-0.0474178 -3.25559
-0.259746 -3.33123
0.0778783 -3.20472
-0.44221 -3.33035
0.37394 -2.57738
-1.10964 -3.58935
-1.4387 1.41389
-0.280007 -4.73261
-0.261276 -2.65332
0.0104475 -3.49522
-0.309867 -3.19752
0.173193 -3.15515
-0.599173 -3.34597
-0.329684 -2.25037
0.0967027 -3.52281
-0.440049 -3.18015
0.391614 -2.59636
-1.14225 -3.58206
-1.38796 1.40878
-0.365141 -4.78772
-0.18529 -2.58279
-0.173943 -3.6266
-0.0482983 -3.13261
-0.279797 -3.3939
0.115121 -3.14631
-0.507581 -3.35253
0.304143 -2.23511
-1.09064 -3.71544
-1.48299 1.44698
-0.25331 -4.72853
-0.304966 -2.67796
0.123469 -3.37915
-0.490941 -3.24542
0.35423 -2.30181
-1.16214 -3.68352
-1.3627 1.45023
-0.472175 -4.86949
-0.154094 -2.50003
-0.257397 -3.68269
0.0727733 -3.05271
-0.463494 -3.40445
0.365387 -2.46405
-1.12707 -3.62817
-1.41299 1.4344
-0.355518 -4.79157
-0.202465 -2.59198
-0.136025 -3.60737
-0.101559 -3.15008
-0.200935 -3.38989
-0.019717 -3.23975
-0.300098 -3.33389
0.153261 -3.12928
-0.57034 -3.35737
-0.0460929 -2.14204
-0.563517 -3.84235
0.104355 -2.18788
-0.775106 -3.77865
-1.80563 -1.72266
-1.4032 -1.36232
-1.66671 -0.528545
-1.14333 -2.08542
-1.6341 0.442284
0.711844 -1.91439
-2.06363 -3.10501
-1.10775 -1.09458
-1.67422 -1.61854
-1.52095 -0.996721
-1.61248 -1.26985
-1.5729 -1.12621
-1.59354 -1.19324
-1.58352 -1.16187
-1.58876 -1.17407
-1.58581 -1.17261
-1.58784 -1.16654
-1.58596 -1.17961
-1.58816 -1.15817
-1.58511 -1.19107
-1.58938 -1.14159
-1.5828 -1.21548
-1.59195 -1.10529
-1.57688 -1.26936
-1.59633 -1.02467
-1.55983 -1.38882
-1.6001 -0.84384
-1.49735 -1.65387
-1.58492 -0.421024
-1.12311 -2.13735
-1.63851 0.480772
0.747676 -2.00564
-2.10223 -2.98351
-1.07496 -1.244
-1.73444 -1.39097
-1.46788 -1.38976
-1.63825 -0.611795
-1.28384 -2.00216
-1.56495 0.295782
0.504855 -1.71247
-1.73271 -3.64852
-1.09289 0.0448841
0.691608 -2.54848
-1.86197 -3.22498
-1.19129 -0.578542
-1.06889 -2.288
-1.65676 0.563298
0.798986 -2.22899
-2.1412 -2.79614
-1.01147 -1.41804
-1.75807 -1.34898
-1.43289 -1.50072
-1.63295 -0.413795
-1.04526 -2.13508
-1.7203 0.331426
0.607534 -1.71381
-1.93848 -3.40465
-1.12891 -0.622016
-0.905462 -2.29327
-1.84788 -0.246309
-0.189266 -1.77071
-0.450433 -3.98621
0.262849 -2.55929
-0.897024 -3.59759
-1.85471 0.42691
0.813582 -2.01243
-2.21429 -2.67696
-0.868568 -1.52446
-1.38888 -2.26648
-1.46139 0.255061
0.500288 -1.75028
-1.70543 -3.65886
-1.09104 0.122143
0.667426 -2.82174
-1.77612 -3.24566
-1.19974 -0.344777
-0.411041 -2.07198
0.288258 -3.29669
-0.810228 -3.31892
-1.91953 -0.592474
-0.454307 -1.87032
0.350506 -3.2256
-0.953441 -3.36753
-1.71395 0.925065
0.678221 -3.35326
-1.85736 -2.98849
-1.24285 -0.725173
-1.48081 -1.99172
-1.51549 -0.136478
-0.571656 -2.07703
0.411003 -2.12603
-1.34937 -3.71325
-1.16522 1.12666
-0.448674 -4.74716
-0.0609822 -2.50434
-0.416414 -3.69151
0.299076 -2.68775
-0.926155 -3.54746
-1.79011 0.72646
0.824164 -2.767
-2.12537 -2.62727
-1.00463 -1.50397
-1.78717 -1.1612
-1.33967 -1.7414
-1.61118 -0.0074076
-0.206684 -1.85971
-0.37302 -3.93805
0.204919 -2.77368
-0.733217 -3.51122
-1.68066 -2.04859
-1.46627 -0.72644
-1.54206 -1.69556
-1.56537 -0.513237
-1.27182 -2.06163
-1.55434 0.357685
0.611493 -1.80053
-1.9104 -3.41367
-1.13493 -0.55439
-0.736739 -2.24218
-1.40037 -2.32662
-1.44385 0.257373
0.524526 -1.77192
-1.74542 -3.61573
-1.10151 -0.0115642
0.6818 -2.30876
-1.88864 -3.26654
-1.17501 -0.613702
-1.09405 -2.29033
-1.62828 0.602096
0.803847 -2.36742
-2.12479 -2.78417
-1.03243 -1.40895
-1.77329 -1.21367
-1.38108 -1.66186
-1.61604 -0.151214
-0.557306 -2.0408
0.473448 -2.24628
-1.43722 -3.64602
-1.1303 0.844193
-0.131654 -4.42872
-0.278168 -2.78151
0.0724089 -3.40182
-0.40852 -3.23631
0.35439 -2.76446
-1.01911 -3.52384
-1.59636 1.24267
0.201936 -4.24346
-0.961232 -3.09864
-1.6929 0.88076
0.710167 -3.22862
-1.90958 -2.94363
-1.22906 -0.889204
-1.6371 -1.63544
-1.53979 -0.858963
-1.56043 -1.52713
-1.5853 -0.709445
-1.43658 -1.82527
-1.56253 -0.131946
-0.553816 -2.05532
0.476076 -2.25937
-1.4383 -3.64135
-1.13075 0.837961
-0.121269 -4.41778
-0.290594 -2.79018
0.103469 -3.3681
-0.45963 -3.25036
0.386283 -2.47874
-1.16617 -3.62076
-1.35473 1.41396
-0.436529 -4.83463
-0.149104 -2.52503
-0.259876 -3.67359
0.0768466 -3.05433
-0.468969 -3.40275
0.363139 -2.43461
-1.13232 -3.63829
-1.40533 1.43889
-0.375936 -4.80647
-0.189825 -2.57559
-0.166466 -3.62626
-0.0587757 -3.13484
-0.264781 -3.39447
0.0882308 -3.1704
-0.463166 -3.34504
0.373217 -2.46187
-1.14409 -3.62799
-1.38681 1.4311
-0.399242 -4.81812
-0.172504 -2.5562
-0.206396 -3.64759
-0.0017623 -3.10848
-0.34848 -3.39585
0.240829 -2.97934
-0.748241 -3.42564
-1.78678 -1.73626
-1.42458 -1.2912
-1.66711 -0.658052
-1.27915 -1.98454
-1.57193 0.288094
0.488631 -1.70223
-1.70444 -3.67679
-1.08618 0.138095
0.652147 -2.90707
-1.73556 -3.26268
-1.19782 -0.225742
-0.0178673 -1.86823
-0.719356 -3.94239
-1.25459 -2.53052
-1.43922 0.6816
0.702497 -3.03036
-1.8655 -3.07132
-1.22369 -0.69179
-1.39786 -2.1109
-1.49972 0.147544
0.216564 -1.711
-1.17282 -3.91308
-1.36897 1.56031
-0.611864 -4.98632
-0.26435 -2.44406
-0.0288227 -3.58795
-0.248779 -3.155
0.0480916 -3.29659
-0.385208 -3.29084
0.313838 -2.86574
-0.912395 -3.48126
-1.80825 0.623935
0.84795 -2.47355
-2.18913 -2.55479
-0.870851 -1.57392
-1.4798 -2.17451
-1.47208 -0.0315444
-0.250804 -1.92076
-0.241904 -3.86892
0.0402245 -2.97571
-0.43485 -3.44972
0.353336 -2.61481
-1.05553 -3.57674
-1.53203 1.34904
-0.035242 -4.51736
-0.565703 -2.87283
0.0163168 -2.08719
-0.68203 -3.84734
-0.946948 -2.53211
-1.77087 0.382678
0.711157 -1.81729
-2.09454 -3.07684
-1.08232 -1.16368
-1.69236 -1.57488
-1.51115 -1.09325
-1.63064 -1.10082
-1.54224 -1.37756
-1.60923 -0.80726
-1.4689 -1.72225
-1.57825 -0.290985
-0.901812 -2.16138
-1.85425 -0.515351
-0.603613 -1.96648
0.332833 -2.03503
-1.23077 -3.7722
-1.27405 1.4228
-0.612152 -4.93529
-0.219367 -2.42027
-0.143443 -3.66803
-0.0893096 -3.11668
-0.224614 -3.40646
0.0197218 -3.21309
-0.358576 -3.33839
0.263432 -2.96048
-0.794155 -3.43631
-1.91255 -0.935784
-0.859589 -1.97879
-1.79245 -1.38962
-1.38888 -1.5703
-1.63389 -0.257295
-0.764745 -2.1136
-1.48384 -2.23058
-1.45809 -0.0141925
-0.182834 -1.88762
-0.413207 -3.93866
0.247819 -2.674
-0.835024 -3.55161
-1.92725 -0.357745
-0.0785285 -1.67984
-0.702788 -4.02792
-0.980093 -2.54991
-1.71928 0.568061
0.815562 -2.23939
-2.1685 -2.71598
-0.955064 -1.48721
-1.70762 -1.64054
-1.49705 -1.09333
-1.63862 -1.07389
-1.52924 -1.43235
-1.60921 -0.713904
-1.41114 -1.85004
-1.56246 -0.0541045
-0.352557 -1.9524
0.0603522 -3.63367
-0.380895 -3.12825
0.318773 -2.92103
-0.911889 -3.46163
-1.80675 0.623425
0.847616 -2.47019
-2.18893 -2.55683
-0.871957 -1.57304
-1.4848 -2.16788
-1.47318 -0.0490352
-0.302681 -1.94879
-0.0906224 -3.76866
-0.160421 -3.0642
-0.123068 -3.41955
-0.133483 -3.25082
-0.138358 -3.33625
-0.120494 -3.29202
-0.152015 -3.31704
-0.102322 -3.29863
-0.177171 -3.31442
-0.0637385 -3.29037
-0.23206 -3.31582
0.0277322 -3.24725
-0.363999 -3.31949
0.274687 -2.94539
-0.818673 -3.44407
-1.92524 -0.528199
-0.342045 -1.81406
-0.0335095 -3.75572
-0.240626 -3.06927
0.0245256 -3.34582
-0.345211 -3.27069
0.242633 -3.02518
-0.743275 -3.4072
-1.76647 -1.80374
-1.44281 -1.17602
-1.66696 -0.855842
-1.41739 -1.76833
-1.58049 -0.131074
-0.541614 -2.04429
0.499707 -2.36338
-1.45628 -3.60135
-1.13252 0.760769
-0.00223515 -4.28355
-0.448211 -2.89496
0.42533 -2.58824
-1.21936 -3.5804
-1.28888 1.32316
-0.442715 -4.80606
-0.116288 -2.515
-0.32202 -3.68694
0.171319 -2.9571
-0.633065 -3.43327
-0.689934 -2.42437
-1.13089 -2.4551
-1.55012 0.758447
0.731582 -3.006
-1.93325 -2.97186
-1.21227 -0.927628
-1.6538 -1.59215
-1.53506 -0.949247
-1.59252 -1.37156
-1.58423 -0.956963
-1.55439 -1.4572
-1.59605 -0.758411
-1.45649 -1.76998
-1.57073 -0.222399
-0.763605 -2.13497
-1.4979 -2.21541
-1.46059 -0.0619147
-0.325662 -1.96451
-0.0168956 -3.70496
-0.2636 -3.09418
0.0732686 -3.29806
-0.421529 -3.28606
0.364196 -2.691
-1.05782 -3.55035
-1.5255 1.34522
-0.0390939 -4.51861
-0.557234 -2.8686
0.0889798 -2.07667
-0.796643 -3.82755
-1.87096 -1.4286
-1.25135 -1.7463
-1.65051 0.0854069
0.0583361 -1.71843
-0.907781 -3.97095
-1.91271 0.161803
0.651103 -1.64537
-2.0491 -3.24073
-1.1055 -0.964288
-1.53358 -1.97698
-1.51129 -0.296839
-0.953357 -2.18956
-1.81349 -0.0333733
0.105904 -1.64458
-1.02003 -3.97801
-1.68605 1.21047
0.328541 -4.09733
-1.22538 -3.17649
-1.32394 1.07988
-0.0080116 -4.38354
-0.508308 -2.88715
0.356789 -2.2062
-1.20487 -3.71311
-1.30508 1.42438
-0.55043 -4.90383
-0.160234 -2.44388
-0.261605 -3.70495
0.0781185 -3.03816
-0.474213 -3.41018
0.358593 -2.4075
-1.13236 -3.64794
-1.40584 1.44342
-0.381468 -4.81178
-0.188055 -2.57137
-0.171162 -3.62961
-0.0521144 -3.13182
-0.274637 -3.39494
0.105825 -3.15467
-0.492057 -3.34981
0.341564 -2.30757
-1.13463 -3.68403
-1.40473 1.46005
-0.407181 -4.83444
-0.179882 -2.55176
-0.19281 -3.64468
-0.0212515 -3.11642
-0.3202 -3.39653
0.189148 -3.05953
-0.641987 -3.38802
-0.821208 -2.47066
-1.86823 -0.933531
-1.00877 -1.99038
-1.78927 -0.0331938
0.0428621 -1.67928
-0.901795 -3.99032
-1.92489 0.0458042
0.532716 -1.56134
-1.86104 -3.5673
-1.10519 -0.325512
0.160584 -1.82932
-1.0196 -3.8956
-1.66309 1.24001
0.270745 -4.17631
-1.11271 -3.14835
-1.44629 1.19381
0.0592253 -4.36049
-0.658973 -2.9576
-1.09166 -2.49146
-1.58294 0.773322
0.740602 -2.99694
-1.95354 -2.93873
-1.20448 -0.998331
-1.69345 -1.42959
-1.51183 -1.22142
-1.63305 -0.919986
-1.49136 -1.61603
-1.59367 -0.437694
-1.1375 -2.12772
-1.62786 0.481319
0.746823 -2.01256
-2.09872 -2.98894
-1.07869 -1.23517
-1.73323 -1.39239
-1.46941 -1.38463
-1.63835 -0.621119
-1.29271 -1.99286
-1.56354 0.276025
0.46774 -1.69727
-1.66417 -3.71061
-1.07888 0.26817
0.524246 -3.36111
-1.43526 -3.32502
-1.1952 0.647853
0.329061 -3.84144
-1.04687 -3.21667
-1.53835 1.19238
0.202928 -4.21256
-0.935554 -3.09846
-1.7406 0.741698
0.810199 -2.78676
-2.09792 -2.69415
-1.05813 -1.43434
-1.79147 -0.966385
-1.24201 -1.90129
-1.6141 0.25182
0.415422 -1.66535
-1.57406 -3.78253
-1.06989 0.564782
0.106209 -4.11564
-0.597535 -3.00292
-0.341564 -2.23382
0.126827 -3.49248
-0.491469 -3.19641
0.358498 -2.29526
-1.17325 -3.68474
-1.3468 1.44265
-0.492418 -4.8783
-0.150148 -2.48423
-0.26937 -3.69143
0.0903934 -3.03581
-0.492392 -3.40863
0.335379 -2.31423
-1.11988 -3.68283
-1.42862 1.45752
-0.360609 -4.80426
-0.208384 -2.58924
-0.124034 -3.60257
-0.118166 -3.15352
-0.17573 -3.38715
-0.059364 -3.25493
-0.243466 -3.33349
0.0487138 -3.22598
-0.396861 -3.32556
0.328395 -2.80761
-0.954756 -3.50507
-1.72506 0.941341
0.666515 -3.39779
-1.83938 -3.00147
-1.24575 -0.669063
-1.40301 -2.09524
-1.50271 0.126021
0.158352 -1.7252
-1.0663 -3.93141
-1.5723 1.42749
-0.0942543 -4.60512
-0.513469 -2.82269
0.351993 -2.18529
-1.20381 -3.7209
-1.30666 1.43035
-0.555465 -4.90868
-0.16528 -2.44187
-0.252265 -3.70326
0.0643549 -3.0481
-0.452528 -3.40865
0.366048 -2.52289
-1.10949 -3.60825
-1.44008 1.42202
-0.289377 -4.74245
-0.255295 -2.64591
-0.00528633 -3.50985
-0.286535 -3.19227
0.125342 -3.21285
-0.512691 -3.3208
0.289895 -2.20905
-1.07458 -3.72722
-1.51445 1.42544
-0.17284 -4.66158
-0.39502 -2.74747
0.353607 -2.97111
-0.978943 -3.45152
-1.66949 1.07145
0.496743 -3.7799
-1.522 -3.18751
-1.21803 0.328621
0.702546 -2.76081
-1.86418 -3.1552
-1.20634 -0.63194
-1.24303 -2.23643
-1.52174 0.520787
0.770673 -2.25814
-2.0827 -2.93019
-1.09443 -1.25443
-1.75369 -1.24046
-1.41925 -1.5836
-1.62113 -0.300337
-0.868285 -2.14087
-1.85005 -0.924277
-1.05797 -1.98724
-1.74104 0.168216
0.35157 -1.61473
-1.47393 -3.85346
-1.08257 0.896726
-0.337556 -4.60733
-0.0713118 -2.61136
-0.368782 -3.64499
0.247064 -2.85546
-0.78595 -3.47705
-1.89902 -1.11778
-1.03969 -1.94421
-1.76831 0.033706
0.130308 -1.65201
-1.05629 -3.96601
-1.60292 1.38834
0.000180642 -4.51098
-0.651907 -2.91379
-0.997593 -2.48353
-1.70582 0.571417
0.812976 -2.24637
-2.16265 -2.72982
-0.967408 -1.47559
-1.72534 -1.56086
-1.48452 -1.21636
-1.64654 -0.868911
-1.45267 -1.71102
-1.58461 -0.259724
-0.831959 -2.14768
-1.80541 -1.36937
-1.36372 -1.62323
-1.63096 -0.160776
-0.560689 -2.03764
0.466328 -2.22474
-1.42943 -3.65581
-1.13147 0.872478
-0.170046 -4.46971
-0.235203 -2.74955
-0.0316539 -3.49571
-0.251155 -3.20354
0.056007 -3.27212
-0.400063 -3.30145
0.33568 -2.79641
-0.972387 -3.51015
-1.68915 1.04385
0.541559 -3.69513
-1.60955 -3.15698
-1.22564 0.0632236
0.574725 -1.91411
-1.78863 -3.52304
-1.12501 -0.187171
0.411227 -1.82958
-1.48372 -3.77034
-1.09289 0.805191
-0.177937 -4.45855
-0.214076 -2.74653
-0.0777644 -3.52461
-0.186038 -3.1941
-0.0621441 -3.34367
-0.226736 -3.28791
0.0166586 -3.26567
-0.345734 -3.31267
0.241376 -3.01135
-0.743353 -3.41264
-1.76579 -1.80677
-1.44327 -1.17164
-1.66685 -0.863333
-1.42139 -1.75924
-1.5816 -0.147368
-0.58065 -2.06201
0.380972 -2.08723
-1.30366 -3.73807
-1.1985 1.25541
-0.548675 -4.84592
-0.109122 -2.42696
-0.360774 -3.72666
0.22418 -2.85779
-0.744669 -3.47509
-1.75848 -1.83912
-1.4477 -1.12472
-1.66487 -0.944329
-1.46028 -1.65772
-1.59394 -0.323148
-0.946772 -2.15875
-1.82383 -0.131256
-0.0538771 -1.71126
-0.73024 -4.01067
-1.29012 -2.52314
-1.42421 0.610092
0.735763 -2.83138
-1.93861 -3.01793
-1.20254 -0.908097
-1.63067 -1.68089
-1.53757 -0.802434
-1.53762 -1.61809
-1.57985 -0.562969
-1.31337 -2.01287
-1.54969 0.258597
0.438028 -1.69324
-1.60563 -3.75292
-1.07266 0.456289
0.268947 -3.87848
-0.893821 -3.16979
-1.81801 0.455148
0.804929 -2.02303
-2.19755 -2.72353
-0.910773 -1.49732
-1.57499 -2.01078
-1.49789 -0.403589
-1.15983 -2.163
-1.59915 0.520981
0.771728 -2.14441
-2.1102 -2.90925
-1.06316 -1.30766
-1.75512 -1.28589
-1.4264 -1.54711
-1.62624 -0.351751
-0.954264 -2.14577
-1.81834 -0.0993631
-0.00876085 -1.69181
-0.81324 -4.00421
-1.86586 -1.4964
-1.27972 -1.69151
-1.64978 0.00814228
-0.130782 -1.80832
-0.551162 -3.98345
0.16556 -2.24132
-0.848684 -3.74006
-1.93606 -0.361528
-0.0491624 -1.66145
-0.761147 -4.0275
-1.55324 -2.3174
-1.43289 -0.175399
-0.616027 -2.11943
0.0886744 -2.01266
-0.822988 -3.8524
-1.92524 -0.994799
-0.863008 -1.96757
-1.79425 -1.37418
-1.38319 -1.5878
-1.63206 -0.229177
-0.709455 -2.0971
-0.93703 -2.42402
-1.79983 0.193049
0.488513 -1.60789
-1.75049 -3.66984
-1.08618 0.0164744
0.690526 -2.49849
-1.86781 -3.23309
-1.18802 -0.587266
-1.07841 -2.28817
-1.64594 0.579309
0.802159 -2.28317
-2.1364 -2.78704
-1.01676 -1.41914
-1.76416 -1.30402
-1.41654 -1.55795
-1.62726 -0.320952
-0.897727 -2.1422
-1.85503 -0.594108
-0.707527 -1.99908
-0.752697 -2.36515
-1.61852 -2.04763
-1.48282 -0.521324
-1.34005 -2.04466
-1.53186 0.232311
0.391819 -1.6905
-1.51382 -3.8063
-1.07756 0.749171
-0.139929 -4.41117
-0.251683 -2.77918
0.0103701 -3.45591
-0.313072 -3.21746
0.179777 -3.13949
-0.612708 -3.35305
-0.480712 -2.32362
0.479951 -2.6165
-1.33914 -3.55527
-1.19038 1.04597
-0.271006 -4.59994
-0.159169 -2.6614
-0.20559 -3.60745
-0.00337893 -3.12925
-0.3422 -3.3859
0.23019 -3.00163
-0.724628 -3.41529
-1.65456 -2.09333
-1.46633 -0.613515
-1.45017 -1.90323
-1.54136 -0.11104
-0.506129 -2.03834
0.500764 -2.66378
-1.37884 -3.53227
-1.17304 0.92735
-0.140629 -4.45942
-0.282178 -2.7711
0.0805377 -3.39714
-0.421323 -3.23792
0.369633 -2.69692
-1.06799 -3.54854
-1.50705 1.3611
-0.0900613 -4.56771
-0.483285 -2.81979
0.423571 -2.36672
-1.28406 -3.64514
-1.2214 1.237
-0.470607 -4.79477
-0.0855824 -2.48766
-0.382001 -3.70082
0.257256 -2.80412
-0.816909 -3.49869
-1.92752 -0.601027
-0.432471 -1.85604
0.276945 -3.3668
-0.786238 -3.29101
-1.90328 -0.981026
-0.929745 -1.97906
-1.84339 -0.620951
-0.782688 -2.02206
-1.5094 -2.18835
-1.46607 -0.108945
-0.46724 -2.03882
0.434082 -2.96931
-1.16869 -3.46447
-1.35301 1.32612
-0.31379 -4.72211
-0.196042 -2.62252
-0.142214 -3.59952
-0.093419 -3.1536
-0.212198 -3.38811
-0.00163764 -3.23238
-0.32599 -3.33362
0.20274 -3.06481
-0.66447 -3.38641
-1.09368 -2.51803
-1.57469 0.795409
0.719912 -3.08371
-1.91235 -2.98304
-1.22144 -0.869261
-1.61471 -1.71377
-1.53968 -0.725422
-1.49234 -1.74833
-1.56736 -0.33222
-0.991309 -2.16915
-1.77499 0.160805
0.391446 -1.60185
-1.55919 -3.81443
-1.06554 0.630335
-0.00189393 -4.24984
-0.42801 -2.8989
0.407409 -2.71956
-1.14614 -3.5415
-1.38172 1.38607
-0.344348 -4.7653
-0.192089 -2.59891
-0.156043 -3.61374
-0.0737045 -3.1438
-0.242139 -3.39182
0.0486569 -3.20158
-0.40087 -3.33758
0.332763 -2.7874
-0.968366 -3.51307
-1.69783 1.022
0.571161 -3.63227
-1.66515 -3.13044
-1.23333 -0.109116
0.172045 -1.79325
-1.05589 -3.90389
-1.58713 1.39429
-0.0274365 -4.53585
-0.60576 -2.88599
-0.413356 -2.26191
0.344337 -3.13877
-0.941383 -3.39269
-1.7403 0.853338
0.74567 -3.13562
-1.97863 -2.84673
-1.19525 -1.11917
-1.73913 -1.13898
-1.41616 -1.6373
-1.61063 -0.242139
-0.765991 -2.1222
-1.50163 -2.20931
-1.46174 -0.0757448
-0.367242 -1.98684
0.12043 -3.55888
-0.480615 -3.16766
0.380252 -2.35451
-1.19591 -3.66125
-1.31568 1.40551
-0.502672 -4.87057
-0.137639 -2.47314
-0.29593 -3.70077
0.130116 -2.99673
-0.559776 -3.41974
0.0466157 -2.13247
-0.710014 -3.81952
-1.28259 -2.51231
-1.43018 0.619451
0.735092 -2.84425
-1.93691 -3.01672
-1.20363 -0.904965
-1.62906 -1.68502
-1.53775 -0.793997
-1.53329 -1.63244
-1.57877 -0.538504
-1.28733 -2.03961
-1.55318 0.319358
0.550735 -1.74524
-1.81128 -3.55817
-1.11351 -0.216337
0.393525 -1.82739
-1.44879 -3.78604
-1.10287 0.91381
-0.307008 -4.58975
-0.0994284 -2.63707
-0.316553 -3.63393
0.167553 -2.98654
-0.620605 -3.42044
-0.546514 -2.35933
0.371009 -2.12429
-1.26753 -3.73234
-1.23286 1.32998
-0.573766 -4.88379
-0.148608 -2.42008
-0.291076 -3.72058
0.121283 -2.99562
-0.546661 -3.42162
0.132731 -2.13617
-0.839449 -3.79061
-1.94027 -0.591884
-0.366508 -1.81804
0.0451799 -3.6804
-0.357909 -3.10618
0.274473 -3.02655
-0.804195 -3.41242
-1.92087 -0.744607
-0.636901 -1.93942
0.122139 -1.99315
-0.883325 -3.84888
-1.9209 0.00771918
0.469886 -1.54517
-1.74498 -3.69793
-1.0786 0.0517308
0.682416 -2.6677
-1.82458 -3.23586
-1.19618 -0.477186
-0.810581 -2.25256
-1.79699 -1.45221
-1.39195 -1.53469
-1.64028 -0.301027
-0.840034 -2.12878
-1.81418 -1.30317
-1.3319 -1.69725
-1.6252 -0.0391643
-0.27479 -1.89248
-0.191715 -3.85019
-0.0264126 -3.00882
-0.335238 -3.45095
0.213136 -3.00262
-0.694028 -3.41346
-1.40097 -2.4185
-1.42024 0.300847
0.621106 -1.88036
-1.8981 -3.402
-1.14086 -0.535856
-0.712246 -2.23128
-1.15537 -2.43879
-1.53144 0.740661
0.731831 -2.98483
-1.93253 -2.97972
-1.21152 -0.92046
-1.64801 -1.61411
-1.53637 -0.91216
-1.58136 -1.43403
-1.58602 -0.860183
-1.51929 -1.60388
-1.58777 -0.523352
-1.25893 -2.05889
-1.56154 0.371967
0.629991 -1.81927
-1.93973 -3.36357
-1.1377 -0.656515
-1.04353 -2.30433
-1.68295 0.525694
0.787261 -2.114
-2.14546 -2.83185
-1.01103 -1.39932
-1.74782 -1.40606
-1.45334 -1.4195
-1.63942 -0.546396
-1.21242 -2.06191
-1.58793 0.416673
0.682744 -1.88612
-2.018 -3.20618
-1.12971 -0.936056
-1.55265 -1.92739
-1.51863 -0.384491
-1.11889 -2.16837
-1.63434 0.508363
0.767306 -2.08126
-2.11769 -2.91617
-1.05492 -1.31224
-1.75041 -1.32882
-1.44031 -1.49484
-1.63153 -0.435291
-1.07991 -2.12797
-1.68417 0.409969
0.689156 -1.8367
-2.0474 -3.16852
-1.11477 -1.01823
-1.61655 -1.7907
-1.52775 -0.676213
-1.46751 -1.81819
-1.55758 -0.214747
-0.755138 -2.13667
-1.4368 -2.28412
-1.44951 0.141715
0.263183 -1.71732
-1.25299 -3.89062
-1.25154 1.46319
-0.712646 -4.99609
-0.460761 -2.47264
0.459854 -2.67131
-1.2788 -3.54809
-1.23391 1.18626
-0.369632 -4.71366
-0.111984 -2.57528
-0.312388 -3.66064
0.158747 -2.98481
-0.606875 -3.42186
-0.388298 -2.28329
0.278586 -3.26167
-0.789811 -3.3269
-1.90787 -0.936999
-0.877503 -1.98178
-1.8219 -1.16752
-1.2702 -1.81444
-1.62245 0.145769
0.183111 -1.68295
-1.1292 -3.93524
-1.44896 1.55508
-0.46307 -4.90674
-0.200582 -2.51859
-0.158416 -3.64269
-0.06946 -3.12792
-0.251019 -3.39934
0.0641893 -3.18739
-0.425368 -3.34129
0.360973 -2.66671
-1.05727 -3.55868
-1.5272 1.34686
-0.0390317 -4.51938
-0.558194 -2.86881
0.0811853 -2.07729
-0.784513 -3.82987
-1.82621 -1.64917
-1.37182 -1.47837
-1.65894 -0.335994
-0.871225 -2.12625
-1.84935 -0.920011
-1.05683 -1.98845
-1.7419 0.166271
0.349083 -1.61448
-1.46922 -3.85569
-1.0841 0.91152
-0.354277 -4.62318
-0.0617189 -2.59572
-0.388192 -3.65101
0.273162 -2.79314
-0.849168 -3.50425
-1.91229 -0.109406
0.266181 -1.55514
-1.34394 -3.92776
-1.15622 1.29963
-0.704321 -4.93726
-0.410116 -2.44353
0.365749 -3.0373
-0.998595 -3.43235
-1.62875 1.15126
0.361997 -4.01032
-1.25987 -3.19638
-1.29484 1.02186
0.0152068 -4.34155
-0.530382 -2.90905
0.258109 -2.1138
-1.05683 -3.76756
-1.55568 1.39291
-0.0662629 -4.56505
-0.538368 -2.84635
0.22733 -2.09158
-1.01252 -3.78276
-1.65078 1.23011
0.273866 -4.16499
-1.11214 -3.15087
-1.4468 1.19532
0.0578457 -4.36248
-0.657097 -2.95627
-1.06923 -2.49135
-1.6093 0.750773
0.76703 -2.88323
-2.00826 -2.86936
-1.16848 -1.16608
-1.74885 -1.1161
-1.39343 -1.68467
-1.60682 -0.152812
-0.571227 -2.05004
0.427527 -2.14606
-1.37607 -3.69901
-1.15024 1.04721
-0.373636 -4.67454
-0.0762069 -2.57386
-0.371734 -3.66218
0.248915 -2.84292
-0.792266 -3.48232
-1.90901 -1.01026
-0.932709 -1.97307
-1.84259 -0.606721
-0.767824 -2.01987
-1.39859 -2.30824
-1.44887 0.252596
0.509792 -1.76054
-1.72024 -3.64252
-1.09501 0.0720752
0.688893 -2.62595
-1.84475 -3.22329
-1.19548 -0.536803
-0.976347 -2.28599
-1.7714 0.247403
0.533094 -1.63844
-1.82495 -3.58155
-1.10573 -0.23112
0.392801 -1.82979
-1.44616 -3.78623
-1.10393 0.921211
-0.314726 -4.59744
-0.0942251 -2.63015
-0.326945 -3.63726
0.183775 -2.96402
-0.651913 -3.42964
-0.922004 -2.50098
-1.80978 0.182359
0.488247 -1.60329
-1.75224 -3.66985
-1.0861 0.0121272
0.690369 -2.4847
-1.86992 -3.23466
-1.18714 -0.591318
-1.08519 -2.28776
-1.63852 0.588695
0.803195 -2.3171
-2.13213 -2.7848
-1.02238 -1.41627
-1.76816 -1.26858
-1.40312 -1.60024
-1.62272 -0.252172
-0.770722 -2.11927
-1.53092 -2.16889
-1.46877 -0.182391
-0.671407 -2.13319
-0.536988 -2.27862
0.437953 -2.21804
-1.36988 -3.67628
-1.15662 1.04758
-0.358048 -4.66388
-0.0865501 -2.58775
-0.351168 -3.65639
0.219366 -2.90118
-0.726178 -3.45666
-1.65235 -2.10216
-1.46529 -0.601247
-1.43825 -1.92435
-1.53858 -0.0668442
-0.388775 -1.97838
0.185606 -3.47789
-0.599317 -3.21581
-0.36023 -2.25639
0.188944 -3.40758
-0.605344 -3.24346
-0.424812 -2.28954
0.379464 -3.04831
-1.02962 -3.43228
-1.56954 1.24732
0.163625 -4.28373
-0.883681 -3.06454
-1.83295 0.329307
0.715558 -1.78111
-2.1147 -3.04566
-1.06326 -1.21474
-1.70278 -1.55267
-1.50384 -1.14669
-1.6373 -1.00701
-1.51471 -1.51299
-1.60382 -0.594177
-1.31618 -1.99294
-1.55398 0.23928
0.395906 -1.68353
-1.52557 -3.80285
-1.07521 0.713964
-0.0954988 -4.36203
-0.304544 -2.8163
0.14052 -3.31905
-0.524298 -3.27275
0.246611 -2.16075
-1.01657 -3.75314
-1.63588 1.25182
0.230037 -4.22308
-1.02879 -3.12113
-1.57281 1.11366
0.356762 -3.9893
-1.22728 -3.20146
-1.31862 1.09008
-0.0349578 -4.4127
-0.468823 -2.86157
0.429936 -2.45573
-1.26858 -3.61803
-1.23713 1.25298
-0.457278 -4.79175
-0.0919249 -2.4998
-0.367885 -3.69553
0.238694 -2.84646
-0.773001 -3.4803
-1.86918 -1.35356
-1.23182 -1.78887
-1.65051 0.139443
0.185898 -1.6734
-1.13881 -3.93703
-1.43172 1.56354
-0.504139 -4.93281
-0.200652 -2.4914
-0.165438 -3.65504
-0.0594399 -3.11982
-0.266637 -3.4021
0.0916014 -3.16439
-0.469176 -3.34735
0.369965 -2.42884
-1.1484 -3.63929
-1.38086 1.43499
-0.415999 -4.83003
-0.165459 -2.54292
-0.223738 -3.65776
0.0234315 -3.09294
-0.386192 -3.39715
0.30433 -2.84218
-0.898183 -3.48868
-1.83641 0.487567
0.832085 -2.13146
-2.21776 -2.61234
-0.839058 -1.55263
-1.2249 -2.36799
-1.49758 0.631029
0.768093 -2.68663
-2.01592 -2.92044
-1.15902 -1.14516
-1.74045 -1.21271
-1.43278 -1.57102
-1.61948 -0.340788
-0.945116 -2.14843
-1.82649 -0.161316
-0.103039 -1.73469
-0.634711 -4.0112
-0.304352 -2.28848
0.0353134 -3.57581
-0.341987 -3.1552
0.240264 -3.07125
-0.731356 -3.38821
-1.70485 -1.97745
-1.4671 -0.851359
-1.6058 -1.45538
-1.57189 -0.914071
-1.55267 -1.49576
-1.59227 -0.716068
-1.43326 -1.82472
-1.5634 -0.124356
-0.534351 -2.04584
0.506024 -2.42076
-1.45312 -3.5844
-1.13671 0.758173
0.0131698 -4.26706
-0.472018 -2.90922
0.422186 -2.42503
-1.26134 -3.6292
-1.24324 1.27522
-0.474855 -4.80968
-0.095962 -2.48577
-0.365347 -3.70165
0.234223 -2.85199
-0.763722 -3.47781
-1.84045 -1.51656
-1.33159 -1.61247
-1.64581 -0.128643
-0.465748 -1.98727
0.418565 -3.03113
-1.1254 -3.44496
-1.41165 1.34554
-0.22893 -4.66828
-0.289227 -2.69361
0.0861068 -3.41467
-0.428431 -3.22936
0.377527 -2.6588
-1.09478 -3.56175
-1.46166 1.3945
-0.21225 -4.67621
-0.329154 -2.71008
0.190083 -3.28674
-0.613375 -3.29193
-0.507901 -2.33298
0.47712 -2.395
-1.39436 -3.61142
-1.15328 0.937746
-0.207618 -4.51898
-0.203502 -2.71679
-0.105813 -3.54947
-0.146127 -3.18232
-0.128495 -3.36746
-0.1313 -3.27743
-0.138089 -3.32316
-0.122405 -3.29875
-0.148364 -3.31342
-0.108232 -3.30144
-0.168395 -3.3129
-0.077654 -3.29506
-0.212193 -3.31501
-0.00648605 -3.26695
-0.313759 -3.31714
0.179771 -3.10282
-0.618578 -3.36897
-0.544121 -2.35503
0.383002 -2.13826
-1.2861 -3.72364
-1.21505 1.28494
-0.551655 -4.85706
-0.118936 -2.42777
-0.34329 -3.72505
0.199111 -2.9001
-0.691775 -3.45705
-1.35866 -2.4498
-1.4206 0.420852
0.737921 -2.1947
-2.03352 -3.06026
-1.13499 -1.07624
-1.69187 -1.52167
-1.51313 -1.13569
-1.63187 -1.04206
-1.52934 -1.45454
-1.6065 -0.691339
-1.39794 -1.87632
-1.55922 -0.00531273
-0.222445 -1.88265
-0.327016 -3.91605
0.150312 -2.86509
-0.621678 -3.47657
-0.531938 -2.35593
0.425434 -2.20939
-1.34626 -3.68534
-1.17017 1.11505
-0.420216 -4.72552
-0.0674105 -2.53056
-0.398382 -3.68069
0.281244 -2.75406
-0.874307 -3.52039
-1.88159 0.210072
0.651644 -1.66548
-2.04205 -3.24639
-1.10935 -0.947729
-1.52075 -1.99727
-1.50867 -0.246866
-0.843876 -2.17555
-1.83454 -1.15621
-1.2364 -1.84661
-1.63227 0.200345
0.312116 -1.65549
-1.37636 -3.87733
-1.13267 1.17906
-0.599315 -4.84924
-0.14073 -2.39234
-0.314408 -3.73555
0.154987 -2.95341
-0.607854 -3.4363
-0.393278 -2.28663
0.293654 -3.23373
-0.823341 -3.34229
-1.91846 -0.397381
-0.175556 -1.73274
-0.496467 -4.007
0.256491 -2.4092
-0.936929 -3.65731
-1.78684 0.778676
0.800394 -2.92512
-2.07951 -2.691
-1.08372 -1.4117
-1.78989 -0.873534
-1.18665 -1.96122
-1.63351 0.328526
0.559828 -1.71674
-1.84248 -3.53262
-1.11715 -0.309486
0.14224 -1.83071
-0.988943 -3.9014
-1.73249 1.05302
0.551034 -3.70115
-1.64034 -3.13298
-1.23241 -0.0373878
0.361247 -1.78162
-1.40686 -3.81888
-1.11871 1.05326
-0.462 -4.73392
-0.0415884 -2.49075
-0.450645 -3.69432
0.321464 -2.54892
-1.01084 -3.6005
-1.62184 1.2259
0.252628 -4.18213
-1.06103 -3.13776
-1.52037 1.17008
0.210608 -4.1924
-0.940789 -3.1049
-1.73077 0.775684
0.79265 -2.89286
-2.06272 -2.74406
-1.1101 -1.35175
-1.78165 -0.890313
-1.21822 -1.93983
-1.61789 0.301725
0.511264 -1.69439
-1.75438 -3.63488
-1.09578 -0.0197043
0.681762 -2.31912
-1.88602 -3.26676
-1.17567 -0.607341
-1.08077 -2.29154
-1.64247 0.586163
0.803323 -2.30657
-2.13424 -2.78341
-1.01923 -1.41928
-1.76659 -1.28433
-1.40894 -1.58212
-1.62471 -0.281519
-0.826727 -2.1321
-1.78709 -1.47043
-1.40881 -1.49031
-1.64312 -0.379709
-0.974102 -2.13817
-1.7994 0.0176571
0.169491 -1.62743
-1.13436 -3.95779
-1.44415 1.56642
-0.486912 -4.92475
-0.202176 -2.50334
-0.158988 -3.64813
-0.0685212 -3.1249
-0.252901 -3.40074
0.0674863 -3.18434
-0.43062 -3.34211
0.365297 -2.63928
-1.07381 -3.56832
-1.49818 1.37617
-0.12592 -4.60299
-0.436727 -2.78685
0.42388 -2.69719
-1.18887 -3.54745
-1.32539 1.34894
-0.402874 -4.78994
-0.140846 -2.54927
-0.268521 -3.66576
0.0902971 -3.04823
-0.489625 -3.40276
0.340705 -2.32705
-1.12556 -3.67763
-1.41883 1.45663
-0.376778 -4.81415
-0.196616 -2.57603
-0.152244 -3.62017
-0.0787214 -3.14107
-0.235494 -3.39364
0.037391 -3.20818
-0.383934 -3.3368
0.307264 -2.86243
-0.899738 -3.48143
-1.83256 0.505232
0.836919 -2.17161
-2.21757 -2.59491
-0.832626 -1.55954
-1.1854 -2.38091
-1.52143 0.681285
0.759973 -2.80371
-1.99317 -2.92658
-1.17738 -1.09445
-1.72731 -1.27326
-1.46215 -1.47488
-1.62761 -0.503721
-1.17973 -2.0895
-1.60339 0.453453
0.720961 -1.95879
-2.06665 -3.08131
-1.10669 -1.11758
-1.69005 -1.55935
-1.51344 -1.09811
-1.62966 -1.09806
-1.54271 -1.37833
-1.60895 -0.807708
-1.46947 -1.72114
-1.57835 -0.293326
-0.906358 -2.16184
-1.85245 -0.469791
-0.543716 -1.94378
0.516958 -2.45054
-1.47006 -3.56879
-1.13547 0.700589
0.0950036 -4.1632
-0.598954 -2.98931
-0.356095 -2.24004
0.172006 -3.43442
-0.573188 -3.22867
-0.0881002 -2.14325
-0.493429 -3.84772
0.285384 -2.3919
-0.995516 -3.66108
-1.66303 1.1606
0.378044 -4.00133
-1.3036 -3.19587
-1.26836 0.922202
0.104486 -4.21573
-0.659192 -2.99757
-1.10015 -2.49374
-1.57295 0.780415
0.729984 -3.03717
-1.93183 -2.96457
-1.21411 -0.929277
-1.65624 -1.58103
-1.53451 -0.966516
-1.59702 -1.34287
-1.58273 -1.00059
-1.5666 -1.39085
-1.59667 -0.860959
-1.50862 -1.62267
-1.58759 -0.47785
-1.20141 -2.09942
-1.58499 0.45504
0.722974 -1.97839
-2.06442 -3.07841
-1.10873 -1.11615
-1.69142 -1.55168
-1.51268 -1.10909
-1.63082 -1.08016
-1.53836 -1.40373
-1.60851 -0.768594
-1.44792 -1.77482
-1.5716 -0.19748
-0.70644 -2.11608
-0.931576 -2.42419
-1.80683 0.155593
0.438945 -1.59339
-1.65837 -3.75247
-1.06831 0.315328
0.443031 -3.55059
-1.254 -3.30677
-1.28221 1.09591
-0.125075 -4.49617
-0.340412 -2.78037
0.225855 -3.21433
-0.686282 -3.32823
-1.35631 -2.44188
-1.4232 0.422517
0.738083 -2.19219
-2.03446 -3.0593
-1.13433 -1.07867
-1.69286 -1.51817
-1.51242 -1.14198
-1.63249 -1.0315
-1.52621 -1.46958
-1.60579 -0.667721
-1.38023 -1.90602
-1.55633 0.0543711
-0.0614532 -1.79983
-0.6778 -3.97958
-0.76054 -2.48651
-1.7256 -1.79493
-1.47471 -1.04237
-1.64632 -1.11894
-1.52979 -1.39883
-1.61267 -0.75088
-1.43178 -1.80545
-1.56826 -0.135255
-0.559294 -2.0562
0.462383 -2.21939
-1.42275 -3.65985
-1.1334 0.89366
-0.195854 -4.49716
-0.208583 -2.72811
-0.0929395 -3.53906
-0.16436 -3.18747
-0.0987818 -3.35841
-0.17438 -3.28336
-0.0713321 -3.30698
-0.219216 -3.30816
0.00497905 -3.26386
-0.32994 -3.31618
0.211027 -3.05918
-0.68001 -3.38944
-1.26743 -2.48821
-1.44329 0.635233
0.735869 -2.85703
-1.93859 -3.00976
-1.20377 -0.913794
-1.63649 -1.66098
-1.5373 -0.836951
-1.55352 -1.56001
-1.58345 -0.6595
-1.4006 -1.89309
-1.55438 0.000901997
-0.205759 -1.87496
-0.368551 -3.93181
0.200739 -2.78488
-0.723254 -3.50665
-1.61295 -2.17987
-1.45766 -0.430732
-1.21073 -2.15696
-1.56295 0.496316
0.756659 -2.11532
-2.08939 -2.96996
-1.08803 -1.23567
-1.74137 -1.33249
-1.45277 -1.46368
-1.63266 -0.49538
-1.16109 -2.09651
-1.61612 0.459706
0.727214 -1.96517
-2.07636 -3.05792
-1.09934 -1.15075
-1.70424 -1.50769
-1.50316 -1.1891
-1.63799 -0.945194
-1.49467 -1.59426
-1.5967 -0.465656
-1.17346 -2.10993
-1.60261 0.47279
0.738274 -2.00804
-2.08423 -3.02372
-1.09299 -1.18844
-1.72085 -1.43767
-1.48598 -1.30459
-1.64037 -0.754786
-1.39701 -1.84319
-1.56768 -0.0279647
-0.281874 -1.9126
-0.163953 -3.8281
-0.062709 -3.02737
-0.280156 -3.44844
0.115337 -3.12373
-0.511927 -3.36302
0.290137 -2.21865
-1.07111 -3.72378
-1.52053 1.41807
-0.15299 -4.64348
-0.418872 -2.76513
0.399593 -2.82181
-1.10726 -3.50848
-1.43927 1.37683
-0.224992 -4.67804
-0.306284 -2.69817
0.12985 -3.36608
-0.50249 -3.25149
0.326467 -2.24455
-1.12958 -3.70797
-1.41488 1.47058
-0.403706 -4.83655
-0.186144 -2.55535
-0.179154 -3.6384
-0.040682 -3.12478
-0.291825 -3.39643
0.136957 -3.12304
-0.545421 -3.36109
0.135613 -2.12931
-0.846754 -3.79245
-1.94039 -0.471815
-0.197381 -1.73325
-0.449946 -3.99879
0.259711 -2.5607
-0.890928 -3.59715
-1.86545 0.359587
0.777284 -1.88354
-2.18855 -2.81134
-0.94684 -1.44435
-1.64779 -1.82876
-1.51109 -0.753689
-1.53198 -1.67259
-1.57218 -0.501962
-1.25052 -2.07478
-1.56163 0.394087
0.659512 -1.86174
-1.98171 -3.28006
-1.13755 -0.808162
-1.37878 -2.16659
-1.48937 0.224564
0.40865 -1.70754
-1.53893 -3.78707
-1.07533 0.664842
-0.0235139 -4.28035
-0.400153 -2.87869
0.364475 -2.89318
-1.01521 -3.48041
-1.60007 1.22031
0.237798 -4.19303
-1.02477 -3.12723
-1.57914 1.10849
0.370805 -3.9684
-1.25586 -3.2062
-1.29603 1.03576
-0.00307579 -4.36416
-0.504406 -2.89146
0.368104 -2.22663
-1.21952 -3.70364
-1.28663 1.39778
-0.551777 -4.89513
-0.152314 -2.43984
-0.278116 -3.71033
0.102506 -3.01704
-0.514098 -3.41502
0.28074 -2.21891
-1.0537 -3.7254
-1.55462 1.37884
-0.0472302 -4.5426
-0.562 -2.86387
0.0510083 -2.08034
-0.737482 -3.83871
-1.525 -2.33552
-1.43008 -0.082177
-0.341528 -1.98073
0.0378077 -3.64992
-0.345369 -3.11991
0.248 -3.07036
-0.746119 -3.38993
-1.78326 -1.74338
-1.42825 -1.27448
-1.66726 -0.687346
-1.30427 -1.95616
-1.56859 0.230302
0.371906 -1.67619
-1.48161 -3.82706
-1.08389 0.854651
-0.274177 -4.54917
-0.118776 -2.66744
-0.276195 -3.61798
0.104231 -3.05937
-0.50773 -3.39484
0.301104 -2.24131
-1.08243 -3.71382
-1.49785 1.43509
-0.212434 -4.69455
-0.34796 -2.71267
0.238616 -3.21383
-0.710927 -3.33152
-1.57707 -2.22065
-1.45308 -0.296456
-0.943158 -2.20831
-1.82143 -0.0753435
0.0467082 -1.66574
-0.914427 -3.99357
-1.90811 0.214739
0.700677 -1.70531
-2.1151 -3.07617
-1.06301 -1.1923
-1.68573 -1.61853
-1.51357 -1.03578
-1.6233 -1.19421
-1.56054 -1.24445
-1.60623 -1.01013
-1.54745 -1.43256
-1.60164 -0.763564
-1.45311 -1.77115
-1.57124 -0.213084
-0.742317 -2.12826
-1.3196 -2.37326
-1.45157 0.46966
0.754965 -2.26055
-2.05178 -2.99793
-1.12365 -1.15509
-1.72796 -1.35775
-1.47221 -1.39873
-1.63543 -0.610776
-1.28726 -2.00078
-1.56379 0.289948
0.494335 -1.70791
-1.71337 -3.66718
-1.08847 0.108009
0.671212 -2.79114
-1.78703 -3.24266
-1.19947 -0.375447
-0.509399 -2.12402
0.501902 -2.55133
-1.40738 -3.55878
-1.1566 0.867406
-0.095047 -4.40196
-0.331179 -2.81083
0.205527 -3.23577
-0.646159 -3.31549
-0.902717 -2.48964
-1.83506 0.0146678
0.253145 -1.59098
-1.30076 -3.92756
-1.19813 1.39774
-0.739718 -4.98476
-0.553778 -2.50213
0.263576 -2.06474
-1.08797 -3.78337
-1.49789 1.46223
-0.25162 -4.73438
-0.314406 -2.68061
0.148139 -3.34942
-0.534557 -3.26002
0.196183 -2.13254
-0.942542 -3.775
-1.80026 0.764506
0.809021 -2.89254
-2.09588 -2.66047
-1.05648 -1.45258
-1.79445 -0.928204
-1.21187 -1.93197
-1.62415 0.296133
0.502169 -1.68755
-1.73913 -3.6516
-1.09178 0.0310027
0.691788 -2.5095
-1.86876 -3.22824
-1.18889 -0.592967
-1.09587 -2.28601
-1.62742 0.600028
0.803364 -2.36152
-2.12486 -2.78631
-1.03263 -1.40765
-1.77294 -1.2159
-1.38229 -1.659
-1.61631 -0.156112
-0.56841 -2.0458
0.43963 -2.16651
-1.39375 -3.68682
-1.14237 0.991436
-0.314014 -4.61639
-0.108557 -2.62776
-0.303883 -3.63741
0.147115 -3.00876
-0.583431 -3.41215
-0.15073 -2.17892
-0.365924 -3.82544
0.216086 -2.81941
-0.740142 -3.49131
-1.72939 -1.92628
-1.46046 -0.967612
-1.64255 -1.23155
-1.54722 -1.25837
-1.61356 -0.958316
-1.52619 -1.52051
-1.59874 -0.618042
-1.34583 -1.96094
-1.55218 0.162895
0.220662 -1.69474
-1.18829 -3.91612
-1.34466 1.55511
-0.650281 -5.00233
-0.322694 -2.4456
0.127445 -3.43804
-0.494062 -3.21979
0.350459 -2.28331
-1.16166 -3.6903
-1.36376 1.45406
-0.475514 -4.87288
-0.155166 -2.49787
-0.255954 -3.68318
0.0705933 -3.05394
-0.460134 -3.40437
0.366281 -2.48205
-1.12301 -3.62203
-1.41907 1.43139
-0.340204 -4.78037
-0.213203 -2.60436
-0.110047 -3.59037
-0.137826 -3.16039
-0.144644 -3.38044
-0.106506 -3.26816
-0.175445 -3.33003
-0.0649408 -3.28348
-0.231428 -3.31954
0.0268391 -3.24626
-0.362918 -3.32018
0.272685 -2.94925
-0.814061 -3.44223
-1.92502 -0.601891
-0.444083 -1.8627
0.316337 -3.29507
-0.873756 -3.33171
-1.86198 0.26678
0.685894 -1.71736
-2.08445 -3.13942
-1.08855 -1.10072
-1.65038 -1.71439
-1.52477 -0.842956
-1.56571 -1.53238
-1.58257 -0.720318
-1.44713 -1.80618
-1.56463 -0.171847
-0.650636 -2.09709
-0.23629 -2.12594
-0.197649 -3.78666
-0.0156634 -3.04037
-0.34336 -3.43296
0.228853 -2.98473
-0.725419 -3.42217
-1.65794 -2.0872
-1.46656 -0.628191
-1.46415 -1.87758
-1.54474 -0.164497
-0.641353 -2.09927
-0.136641 -2.08096
-0.429025 -3.87089
0.275539 -2.63211
-0.897617 -3.56845
-1.84898 0.448994
0.821652 -2.05538
-2.21733 -2.648
-0.853142 -1.53772
-1.30543 -2.32872
-1.46824 0.474108
0.75477 -2.23068
-2.05804 -2.99566
-1.11809 -1.16744
-1.73025 -1.35274
-1.46898 -1.41054
-1.63501 -0.590091
-1.26713 -2.02075
-1.56784 0.332118
0.567537 -1.7518
-1.8425 -3.51993
-1.12059 -0.319123
0.0962656 -1.84319
-0.909628 -3.91291
-1.89662 0.272843
0.740175 -1.77595
-2.15906 -2.93857
-1.00755 -1.34102
-1.7048 -1.60054
-1.50086 -1.11494
-1.63777 -1.04809
-1.52454 -1.46221
-1.60738 -0.670642
-1.38055 -1.90409
-1.55674 0.0522954
-0.0670704 -1.80247
-0.667165 -3.97978
-0.645683 -2.44045
-0.613781 -2.33316
-0.121566 -2.09064
-0.453598 -3.86899
0.289493 -2.54639
-0.950174 -3.6019
-1.74899 0.898502
0.71165 -3.27172
-1.9215 -2.9104
-1.22761 -0.941286
-1.67182 -1.5021
-1.52866 -1.08532
-1.61944 -1.14831
-1.55921 -1.28848
-1.60614 -0.953897
-1.53247 -1.5098
-1.59804 -0.645542
-1.37142 -1.92613
-1.5536 0.0872143
0.0265777 -1.75991
-0.838143 -3.96771
-1.93257 -0.959206
-0.805779 -1.96182
-1.58643 -2.05834
-1.4864 -0.412435
-1.17774 -2.16044
-1.58555 0.516569
0.768651 -2.14605
-2.10413 -2.92328
-1.07084 -1.28982
-1.75311 -1.28619
-1.42936 -1.54088
-1.62651 -0.364204
-0.975228 -2.14539
-1.79705 0.0359384
0.199577 -1.61923
-1.19037 -3.9471
-1.34585 1.56989
-0.667729 -5.01595
-0.362824 -2.45483
0.241982 -3.27895
-0.713124 -3.30782
-1.59946 -2.18307
-1.45878 -0.386104
-1.13136 -2.18884
-1.61719 0.536833
0.78155 -2.17462
-2.12122 -2.86994
-1.04694 -1.34834
-1.75997 -1.28122
-1.41835 -1.56554
-1.62513 -0.31673
-0.893166 -2.14256
-1.85575 -0.640931
-0.763433 -2.01124
-1.35167 -2.3433
-1.44984 0.383183
0.69621 -2.00975
-2.0032 -3.18702
-1.14126 -0.922554
-1.55952 -1.9066
-1.52156 -0.418528
-1.17419 -2.14644
-1.5921 0.505266
0.762054 -2.10621
-2.10173 -2.94473
-1.07439 -1.27132
-1.74751 -1.31616
-1.44227 -1.49724
-1.63045 -0.436815
-1.08388 -2.12743
-1.68013 0.417047
0.695663 -1.8507
-2.05469 -3.14838
-1.11136 -1.0463
-1.63817 -1.73297
-1.52787 -0.788544
-1.53845 -1.62949
-1.57773 -0.555818
-1.30801 -2.01993
-1.54987 0.27265
0.466121 -1.70179
-1.65864 -3.71313
-1.07852 0.284626
0.505105 -3.41084
-1.39247 -3.32392
-1.20656 0.764547
0.188908 -4.06887
-0.783227 -3.08402
-1.8933 -0.995521
-0.974628 -1.97754
-1.82063 -0.262253
-0.310728 -1.84551
-0.112528 -3.81097
-0.131586 -3.0415
-0.173948 -3.43992
-0.0579052 -3.22907
-0.249612 -3.34653
0.0601377 -3.21236
-0.415343 -3.32992
0.352112 -2.71859
-1.02525 -3.5399
-1.58599 1.26509
0.157893 -4.29997
-0.882323 -3.06012
-1.8351 0.314762
0.702894 -1.75941
-2.09973 -3.08879
-1.07729 -1.16195
-1.68393 -1.61172
-1.51518 -1.03505
-1.6222 -1.19834
-1.56178 -1.23647
-1.60552 -1.02318
-1.55109 -1.41312
-1.602 -0.793777
-1.47008 -1.72897
-1.57654 -0.288666
-0.898821 -2.16166
-1.85522 -0.544873
-0.641305 -1.97923
0.0293881 -2.01405
-0.731648 -3.87176
-1.44523 -2.4188
-1.41467 0.183815
0.417511 -1.7346
-1.54323 -3.77498
-1.07695 0.643685
0.0121304 -4.23868
-0.451917 -2.91113
0.425311 -2.55968
-1.22719 -3.58896
-1.27999 1.31503
-0.450288 -4.80796
-0.111727 -2.5083
-0.331873 -3.69054
0.18604 -2.93588
-0.661838 -3.44187
-1.03481 -2.51932
-1.64742 0.714474
0.796719 -2.7219
-2.0731 -2.78026
-1.09947 -1.34382
-1.78021 -0.966033
-1.26746 -1.88264
-1.60544 0.213591
0.333383 -1.66323
-1.41306 -3.86083
-1.11064 1.0691
-0.504202 -4.76397
-0.0459591 -2.451
-0.456448 -3.71248
0.319648 -2.5253
-1.0148 -3.60925
-1.61501 1.24177
0.223353 -4.22204
-1.00698 -3.11607
-1.61003 1.05935
0.466284 -3.80737
-1.44537 -3.21207
-1.21897 0.557483
0.50329 -3.50254
-1.41455 -3.29536
-1.2064 0.688243
0.299485 -3.89747
-0.991473 -3.1908
-1.63537 1.04553
0.504556 -3.74323
-1.52486 -3.19498
-1.21605 0.324476
0.702568 -2.7572
-1.86445 -3.15594
-1.20611 -0.632125
-1.24273 -2.23666
-1.52184 0.521332
0.770877 -2.25967
-2.08277 -2.92944
-1.09435 -1.25507
-1.75389 -1.23917
-1.41866 -1.58534
-1.62095 -0.297414
-0.86296 -2.14012
-1.84627 -0.989962
-1.11519 -1.95733
-1.69324 0.265936
0.481073 -1.65124
-1.71399 -3.68698
-1.08301 0.121335
0.657662 -2.87205
-1.75004 -3.25839
-1.19828 -0.267321
-0.151434 -1.93226
-0.458896 -3.93013
0.278246 -2.53018
-0.934522 -3.6085
-1.78289 0.777185
0.800702 -2.91782
-2.07988 -2.69269
-1.08338 -1.41115
-1.78982 -0.876828
-1.18911 -1.95909
-1.63231 0.326465
0.556194 -1.71472
-1.83607 -3.54095
-1.11568 -0.288154
0.20866 -1.81719
-1.1064 -3.88308
-1.48112 1.51421
-0.352625 -4.82375
-0.240835 -2.60032
-0.0488253 -3.55526
-0.223094 -3.17459
0.00108447 -3.32103
-0.316046 -3.28794
0.184881 -3.10699
-0.626556 -3.36734
-0.64091 -2.39938
-0.510317 -2.28129
0.48385 -2.41223
-1.40436 -3.60304
-1.15028 0.905002
-0.167455 -4.47638
-0.24436 -2.75023
-0.0111014 -3.48125
-0.280754 -3.20786
0.114193 -3.21871
-0.49446 -3.31893
0.339725 -2.29158
-1.13711 -3.68969
-1.40122 1.46252
-0.417094 -4.84149
-0.175962 -2.54403
-0.202706 -3.65086
-0.00704844 -3.1087
-0.341192 -3.39704
0.227595 -3.00147
-0.719968 -3.4151
-1.62173 -2.15553
-1.46125 -0.471928
-1.2765 -2.11344
-1.53799 0.388923
0.659895 -1.87603
-1.97724 -3.28229
-1.13923 -0.79741
-1.36443 -2.17897
-1.48953 0.264382
0.490145 -1.73438
-1.69209 -3.67553
-1.08699 0.169006
0.63255 -3.00379
-1.68654 -3.27986
-1.19415 -0.0817951
0.38914 -1.79951
-1.45361 -3.79416
-1.09968 0.906695
-0.30546 -4.58667
-0.0994535 -2.63872
-0.316068 -3.63318
0.166842 -2.98776
-0.619199 -3.41994
-0.530171 -2.35155
0.431982 -2.22303
-1.35504 -3.67851
-1.16526 1.0878
-0.39372 -4.69998
-0.0735857 -2.55496
-0.381387 -3.67042
0.261114 -2.81178
-0.822123 -3.49583
-1.92751 -0.513155
-0.311183 -1.79753
-0.133393 -3.83792
-0.104324 -3.02594
-0.219182 -3.45109
0.0128168 -3.19675
-0.351908 -3.3482
0.250566 -2.98099
-0.765995 -3.42621
-1.85473 -1.42823
-1.2854 -1.70942
-1.64246 0.0238498
-0.100106 -1.79474
-0.613252 -3.98786
-0.148165 -2.22839
-0.353647 -3.80485
0.20286 -2.8532
-0.709282 -3.47717
-1.51325 -2.3184
-1.4348 -0.0558012
-0.270776 -1.94091
-0.181789 -3.83114
-0.0388366 -3.0218
-0.315105 -3.4472
0.177474 -3.05473
-0.623239 -3.38997
-0.591318 -2.37838
0.0588309 -2.03877
-0.766385 -3.85233
-1.72389 -1.98582
-1.45682 -0.911077
-1.63096 -1.33326
-1.56053 -1.11378
-1.60111 -1.17968
-1.57703 -1.19931
-1.59525 -1.10965
-1.57477 -1.27216
-1.59757 -1.01555
-1.55675 -1.40436
-1.60024 -0.81882
-1.48521 -1.69014
-1.58093 -0.358949
-1.02596 -2.16107
-1.73645 0.300417
0.575607 -1.68015
-1.89031 -3.48558
-1.12172 -0.454634
-0.33724 -2.04913
0.051442 -3.61988
-0.366441 -3.13415
0.290734 -2.98336
-0.84362 -3.43243
-1.91095 -0.143577
0.206534 -1.57063
-1.22815 -3.95718
-1.29032 1.54208
-0.737832 -5.03518
-0.561543 -2.51456
0.205992 -2.04859
-0.99494 -3.80382
-1.69371 1.13272
0.435316 -3.91516
-1.41983 -3.19446
-1.22756 0.618788
0.444494 -3.63902
-1.29229 -3.28277
-1.25955 0.997065
-0.0292061 -4.37739
-0.45397 -2.8667
0.43027 -2.55614
-1.23936 -3.5889
-1.26721 1.293
-0.446874 -4.79845
-0.105889 -2.51024
-0.341321 -3.69028
0.200404 -2.91518
-0.690491 -3.45052
-1.34887 -2.45503
-1.42171 0.446562
0.749768 -2.27317
-2.03877 -3.02058
-1.13364 -1.11537
-1.71438 -1.41779
-1.49156 -1.30086
-1.63827 -0.771727
-1.41092 -1.81878
-1.5701 -0.0770991
-0.410463 -1.98121
0.255612 -3.37329
-0.739873 -3.27939
-1.76844 -1.77813
-1.44196 -1.20042
-1.66652 -0.817149
-1.39676 -1.81294
-1.57518 -0.0507771
-0.33975 -1.94195
0.016371 -3.67996
-0.312821 -3.10558
0.178199 -3.1805
-0.604065 -3.33525
-0.38716 -2.27709
0.273829 -3.27153
-0.779345 -3.32166
-1.89275 -1.11654
-1.05823 -1.94096
-1.75115 0.0992693
0.230838 -1.62789
-1.24096 -3.93003
-1.26986 1.50795
-0.733946 -5.02105
-0.542401 -2.50509
0.325403 -2.10262
-1.18659 -3.75425
-1.33147 1.46888
-0.55884 -4.92455
-0.180759 -2.4454
-0.220011 -3.69216
0.0176618 -3.07817
-0.381268 -3.40591
0.295677 -2.8604
-0.877017 -3.48043
-1.87224 0.262021
0.69538 -1.72311
-2.09931 -3.1046
-1.07725 -1.14927
-1.67375 -1.64799
-1.51901 -0.972077
-1.60896 -1.30635
-1.57574 -1.07546
-1.58569 -1.26912
-1.59088 -1.04962
-1.56939 -1.34139
-1.5984 -0.922004
-1.53008 -1.53799
-1.59482 -0.612436
-1.34548 -1.96443
-1.55137 0.166083
0.228757 -1.69325
-1.20336 -3.91303
-1.32123 1.54224
-0.677857 -5.00983
-0.378206 -2.45502
0.284514 -3.20639
-0.805003 -3.34844
-1.91951 -0.691549
-0.580376 -1.92163
0.463871 -2.18826
-1.43793 -3.66494
-1.12675 0.855417
-0.157807 -4.45462
-0.247106 -2.76005
-0.00319821 -3.47231
-0.292547 -3.21122
0.137996 -3.1923
-0.53579 -3.32952
0.189442 -2.13943
-0.928546 -3.77403
-1.82885 0.633971
0.851709 -2.5309
-2.18965 -2.5288
-0.860259 -1.58446
-1.4324 -2.23127
-1.46339 0.126525
0.204484 -1.72402
-1.14521 -3.91406
-1.41599 1.55899
-0.525248 -4.94211
-0.20179 -2.47756
-0.166708 -3.66029
-0.057571 -3.11673
-0.269839 -3.40337
0.0972888 -3.15893
-0.478554 -3.34904
0.361679 -2.37794
-1.14913 -3.65729
-1.38063 1.44372
-0.428829 -4.84124
-0.163289 -2.53327
-0.23055 -3.66329
0.0333732 -3.08539
-0.401458 -3.39831
0.326242 -2.77665
-0.957428 -3.51623
-1.72095 0.957632
0.649238 -3.4453
-1.80853 -3.02947
-1.24714 -0.568158
-1.21944 -2.23334
-1.53662 0.546071
0.779396 -2.31074
-2.08881 -2.8958
-1.08683 -1.28786
-1.76208 -1.19155
-1.39387 -1.65096
-1.61443 -0.18515
-0.637155 -2.076
-0.0608534 -2.04952
-0.574988 -3.88247
0.0546623 -2.18653
-0.700985 -3.79517
-1.21032 -2.53183
-1.46575 0.751055
0.670318 -3.18416
-1.80232 -3.11044
-1.22974 -0.500607
-1.00871 -2.27838
-1.73204 0.385049
0.685343 -1.80021
-2.05325 -3.17112
-1.11031 -1.02618
-1.61669 -1.79352
-1.52727 -0.674708
-1.46674 -1.82029
-1.55727 -0.211228
-0.747263 -2.13431
-1.37004 -2.34097
-1.44602 0.339075
0.649192 -1.91084
-1.94335 -3.32441
-1.14487 -0.694294
-1.16857 -2.2849
-1.55953 0.621025
0.790548 -2.51871
-2.07784 -2.84342
-1.09713 -1.30808
-1.77204 -1.07539
-1.33668 -1.77746
-1.60314 0.030382
-0.114677 -1.81354
-0.578769 -3.9815
0.0574563 -2.20107
-0.699559 -3.78837
-1.20136 -2.53322
-1.4717 0.763279
0.665077 -3.20776
-1.79262 -3.11548
-1.23003 -0.471391
-0.931791 -2.2715
-1.82551 -0.0599282
0.087927 -1.64706
-0.989655 -3.98419
-1.75587 1.00366
0.612827 -3.56846
-1.75469 -3.06036
-1.24775 -0.401036
-0.798424 -2.23604
-1.75366 -1.64898
-1.45793 -1.24371
-1.65718 -0.78028
-1.38865 -1.83975
-1.57075 -0.012839
-0.240867 -1.88947
-0.279926 -3.89551
0.0894891 -2.93221
-0.514599 -3.45759
0.277582 -2.22483
-1.04553 -3.72384
-1.57064 1.35604
0.00715044 -4.48627
-0.64382 -2.91685
-0.898667 -2.4652
-1.84166 -0.0527384
0.147564 -1.6185
-1.10195 -3.96966
-1.50919 1.52167
-0.319167 -4.80644
-0.274155 -2.62872
0.037145 -3.48003
-0.349552 -3.20181
0.254259 -3.03013
-0.764364 -3.40708
-1.85168 -1.44113
-1.29475 -1.6934
-1.6421 -0.00151595
-0.163274 -1.82761
-0.479392 -3.97087
0.27041 -2.46232
-0.943084 -3.63537
-1.76982 0.836515
0.763071 -3.09179
-2.01237 -2.79103
-1.1674 -1.22883
-1.76181 -0.956534
-1.30186 -1.8567
-1.59632 0.150911
0.187131 -1.68981
-1.1326 -3.9315
-1.44194 1.55704
-0.477656 -4.91565
-0.198727 -2.50841
-0.165048 -3.64907
-0.06012 -3.12309
-0.265073 -3.40056
0.0888193 -3.16739
-0.464554 -3.34638
0.372507 -2.45426
-1.14513 -3.63059
-1.38537 1.43199
-0.403227 -4.82095
-0.17069 -2.55303
-0.210809 -3.65015
0.00462488 -3.10477
-0.357972 -3.3961
0.257647 -2.9481
-0.785572 -3.44043
-1.90018 -1.09087
-1.01894 -1.95342
-1.78617 -0.0451667
0.0105824 -1.69471
-0.84297 -3.99657
-1.93533 -0.936657
-0.775212 -1.95745
-1.37571 -2.32102
-1.44996 0.31528
0.613418 -1.85464
-1.89256 -3.41888
-1.13803 -0.510622
-0.616865 -2.19068
0.00102261 -2.03785
-0.678256 -3.87154
-0.879207 -2.51768
-1.85793 -0.167981
-0.0134313 -1.67857
-0.81187 -4.01047
-1.85859 -1.53505
-1.30221 -1.64808
-1.64994 -0.058521
-0.293352 -1.89518
-0.139844 -3.8172
-0.0947668 -3.03652
-0.23153 -3.44616
0.0326601 -3.18806
-0.380848 -3.34785
0.301133 -2.87314
-0.885181 -3.47638
-1.85812 0.355733
0.766846 -1.86406
-2.17678 -2.85293
-0.971884 -1.41164
-1.68597 -1.69874
-1.50758 -0.975226
-1.61703 -1.28209
-1.5699 -1.1261
-1.59566 -1.1859
-1.58154 -1.17668
-1.59111 -1.15003
-1.58225 -1.20925
-1.59211 -1.1114
-1.5775 -1.26176
-1.59599 -1.03529
-1.56229 -1.37344
-1.60007 -0.867134
-1.50761 -1.62025
-1.58831 -0.477186
-1.19965 -2.10007
-1.58603 0.456483
0.724245 -1.98102
-2.06601 -3.07401
-1.10763 -1.12207
-1.69428 -1.54112
-1.51081 -1.1275
-1.63284 -1.0492
-1.52995 -1.44798


