-2.06248 -1.55239
1.82044 -2.24321
-1.86307 -2.59805
1.99606 -1.72121
-1.44282 -3.39596
2.14261 -0.696973
-0.543481 -1.67146
-0.461452 0.137504
-0.528407 -1.02924
-1.08953 -0.741311
-0.81013 -0.849974
-0.994653 -0.858786
-0.83984 -0.78352
-1.01261 -0.92959
-0.778183 -0.693791
-1.10928 -1.06431
-0.58692 -0.473375
-1.31709 -1.50899
0.142574 0.460571
1.39893 -1.29122
-0.640159 -1.57806
-0.4836 0.0435999
-0.860449 -1.53966
-0.364713 0.0539875
-0.578546 -1.12768
-0.967772 -0.586676
-1.00114 -1.09459
-0.66846 -0.501132
-1.26214 -1.38956
-0.0912298 0.163329
1.14692 0.723498
0.753166 -1.4971
-1.63471 -2.39728
1.92235 0.517875
0.752335 -0.247132
1.45863 -0.353824
1.2146 -0.0219916
1.20552 -0.748492
1.02669 0.431767
0.924744 -1.40998
-1.37015 -2.70892
1.73799 1.21593
0.615852 -0.81302
-0.42772 -1.04743
-1.16415 -0.780181
-0.697754 -0.732571
-1.15008 -1.05273
-0.547512 -0.449185
-1.33914 -1.59115
0.28454 0.638662
1.06891 -1.83395
-1.73088 -2.34858
2.00998 -0.142641
0.437693 -0.22446
1.39387 0.381924
0.990563 -0.873749
0.481642 0.174875
1.36127 -1.13207
-0.137573 -0.711779
-1.49328 -1.81712
1.00673 1.28758
0.429021 -2.13519
-1.2108 -0.150921
-0.67203 -0.951202
-1.03093 -0.778215
-0.852665 -0.853684
-0.959601 -0.840943
-0.881402 -0.819051
-0.958778 -0.87294
-0.862133 -0.782516
-0.99576 -0.922919
-0.797701 -0.709317
-1.08635 -1.03637
-0.632179 -0.524761
-1.28054 -1.38801
-0.0582293 0.198391
1.36732 0.584229
0.879072 -1.05417
-0.575456 -1.34692
-0.77204 -0.300206
-1.21028 -1.54356
-0.0178539 0.30611
1.58497 -0.111596
1.13857 -0.152602
1.28722 -0.639193
1.16893 0.311126
1.00712 -1.13834
-0.586883 -1.39232
-0.718148 -0.234768
-1.22852 -1.66005
0.142999 0.518376
1.33703 -1.43702
-1.02657 -2.32778
0.758892 1.34576
0.39984 -2.56412
-0.719392 0.416111
0.0254523 -0.154335
0.0874574 -0.173461
0.316553 0.118818
1.52596 -0.626474
0.979856 0.294573
1.02408 -1.31903
-1.07943 -2.32603
0.81543 1.3687
0.384386 -2.50269
-0.761807 0.357271
-0.281808 -0.592322
-1.44623 -1.75798
0.78134 1.14066
0.498407 -2.35128
-1.10072 0.0429312
-0.737169 -1.12172
-0.847676 -0.540589
-1.12004 -1.21525
-0.454255 -0.27319
-1.30278 -1.9285
0.620964 1.06326
0.568591 -2.43376
-1.1234 0.0676911
-0.673343 -1.03369
-0.96771 -0.671839
-0.965519 -1.00404
-0.766888 -0.625447
-1.14987 -1.15632
-0.468023 -0.320923
-1.33243 -1.87025
0.610509 1.03555
0.587333 -2.40964
-1.17364 0.0197065
-0.627198 -0.944733
-1.07094 -0.80509
-0.797198 -0.798105
-1.03684 -0.926872
-0.757479 -0.684408
-1.12973 -1.0859
-0.547409 -0.429069
-1.33875 -1.62136
0.318367 0.683165
0.997289 -1.93073
-1.78566 -1.82053
1.92011 0.259548
0.776171 -0.122469
1.39947 -0.725367
0.97492 0.360978
0.976907 -1.39162
-1.28009 -2.64204
1.5267 1.47602
0.471344 -1.29776
-1.63691 -2.07596
1.72282 1.01628
0.71205 -0.717574
0.412341 0.145433
1.44155 -0.950617
0.422585 0.0176343
1.51342 -0.555053
1.06869 0.251667
1.04614 -1.19449
-0.705 -1.61507
-0.394401 0.119551
-0.408523 -0.853309
-1.30825 -1.08982
-0.259632 -0.13503
-0.915209 -1.68608
-0.165585 0.292255
1.3554 0.625447
0.854356 -1.10044
-0.800122 -1.74864
-0.176778 0.350729
1.47617 0.440265
0.970893 -0.780732
0.80036 0.439407
0.950511 -1.60047
-1.59377 -2.64046
1.98992 0.282984
0.646614 -0.175209
1.47961 -0.404818
1.18787 0.0662005
1.15818 -0.878637
0.671389 0.313603
1.10597 -1.47542
-1.2828 -2.70177
1.60016 1.42744
0.509691 -1.14452
-1.48323 -2.49301
1.72562 1.14677
0.650827 -0.788695
-0.177208 -0.649537
-1.4742 -1.85778
0.991308 1.28958
0.426259 -2.16271
-1.18065 -0.11238
-0.713028 -1.02296
-0.945428 -0.672626
-0.984936 -1.01467
-0.742871 -0.605325
-1.17623 -1.19572
-0.401672 -0.239998
-1.25907 -1.98934
0.614941 1.08072
0.560267 -2.45824
-1.0872 0.105055
-0.689548 -1.07567
-0.921716 -0.6129
-1.03177 -1.09273
-0.642854 -0.489177
-1.28117 -1.42931
-0.0156398 0.260267
1.5518 0.118958
1.10174 -0.417065
1.36694 -0.136307
1.22963 -0.425801
1.32112 -0.0870737
1.22122 -0.545223
1.28117 0.150718
1.10669 -0.850514
0.725262 0.36367
1.03767 -1.53678
-1.44007 -2.79551
1.90611 0.801628
0.699496 -0.407554
1.37687 0.2952
1.03382 -0.835577
0.697327 0.359609
1.0533 -1.53667
-1.42557 -2.80025
1.89201 0.856072
0.694646 -0.446063
1.31191 0.418538
0.9591 -1.02705
-0.256552 -0.824099
-1.43396 -1.34333
0.292025 0.582667
1.11921 -1.74318
-1.62771 -2.69704
2.03729 -0.0855625
0.397874 -0.282386
1.1689 0.619983
0.817721 -1.38726
-1.45689 -2.67954
1.84118 0.953537
0.695964 -0.540925
1.08227 0.570984
0.836129 -1.46717
-1.53985 -2.6401
1.92841 0.619147
0.724267 -0.299334
1.46282 -0.132022
1.19977 -0.301574
1.32472 -0.343282
1.28501 -0.170816
1.26123 -0.477618
1.29591 0.0285771
1.17108 -0.709421
1.10377 0.420806
0.933564 -1.31301
-1.19204 -2.49474
1.20206 1.54634
0.345984 -1.94769
-1.27286 -0.306043
-0.586725 -0.783657
-1.2067 -1.0469
-0.474122 -0.385042
-1.3572 -1.7833
0.559414 0.965099
0.645776 -2.35469
-1.30444 -0.110191
-0.408499 -0.583776
-1.39967 -1.55757
0.406276 0.756425
0.869892 -2.08228
-1.72163 -0.988189
1.40482 1.1686
0.589177 -1.3388
-1.60903 -2.32717
1.83758 0.810904
0.753764 -0.461583
1.33932 0.347133
1.00231 -0.93243
0.258203 -0.0855453
1.37559 0.480006
0.936232 -0.971385
-0.0719162 -0.533351
-1.35526 -2.19914
1.10187 1.4194
0.38208 -2.05599
-1.22094 -0.20128
-0.672673 -0.934817
-1.0422 -0.799117
-0.830053 -0.824085
-0.995727 -0.883893
-0.82314 -0.75437
-1.04231 -0.970945
-0.722521 -0.630203
-1.18102 -1.17502
-0.412323 -0.260947
-1.28354 -1.97777
0.646889 1.10105
0.541197 -2.45436
-1.06242 0.120363
-0.706794 -1.11102
-0.879518 -0.562638
-1.08665 -1.17177
-0.5266 -0.356349
-1.33548 -1.75021
0.465312 0.868537
0.749705 -2.25149
-1.51463 -0.392517
0.281355 0.411717
1.30816 -1.4036
-0.972294 -2.20646
0.536843 1.14895
0.545157 -2.59308
-0.928082 0.277905
-0.561698 -0.967968
-1.10733 -0.806063
-0.75626 -0.767423
-1.0862 -0.980811
-0.671744 -0.590618
-1.23363 -1.26202
-0.259604 -0.0682781
-0.715384 -1.36904
-0.640277 -0.223398
-1.25533 -1.75407
0.302926 0.71394
0.980239 -1.97204
-1.78924 -1.63055
1.86684 0.457934
0.831131 -0.237587
1.42895 -0.474998
1.19929 0.121881
1.12434 -0.924459
0.482184 0.150424
1.38246 -1.07527
0.0573961 -0.426913
-0.946254 -1.81999
0.0145066 0.517064
1.47622 -1.15862
-0.244238 -0.906376
-1.41025 -1.20466
0.0945899 0.321226
1.55909 -0.684284
0.8573 0.282096
1.05824 -1.38702
-1.17633 -2.51536
1.20738 1.55637
0.342689 -1.94372
-1.27214 -0.307575
-0.588813 -0.786028
-1.20375 -1.04215
-0.481933 -0.394989
-1.35797 -1.75842
0.530318 0.931551
0.677998 -2.32363
-1.37285 -0.188255
-0.235112 -0.316797
-1.23353 -2.0804
0.692906 1.17461
0.492813 -2.48608
-0.955599 0.209571
-0.686374 -1.13457
-0.875435 -0.5386
-1.0983 -1.2013
-0.489811 -0.309442
-1.32503 -1.85388
0.572318 0.997973
0.621067 -2.38888
-1.24033 -0.0406072
-0.529928 -0.780228
-1.25248 -1.09318
-0.365786 -0.252767
-1.25449 -2.01318
0.638649 1.10819
0.539187 -2.46935
-1.04443 0.140041
-0.704752 -1.11827
-0.875041 -0.553986
-1.09339 -1.18411
-0.509388 -0.33551
-1.33321 -1.79901
0.521066 0.935335
0.679061 -2.33172
-1.36737 -0.178439
-0.248541 -0.337931
-1.2735 -2.08987
0.779547 1.23574
0.450365 -2.44007
-0.936631 0.201635
-0.714211 -1.18007
-0.815198 -0.472174
-1.16496 -1.31589
-0.310774 -0.0909494
-0.904081 -1.65479
-0.2089 0.239987
1.01028 0.733185
0.729647 -1.69634
-1.7309 -1.71897
1.75719 0.844242
0.779465 -0.573134
1.139 0.535883
0.864053 -1.36392
-1.36978 -2.67995
1.70891 1.2565
0.599651 -0.876624
-0.740418 -1.58533
-0.400827 0.0869439
-0.55667 -1.0858
-1.0208 -0.651476
-0.924293 -0.993584
-0.807746 -0.651644
-1.10695 -1.10299
-0.560078 -0.427776
-1.33282 -1.60765
0.288514 0.647924
1.05621 -1.85261
-1.74684 -2.25568
1.99881 -0.100747
0.495839 -0.176501
1.49302 -0.00195975
1.15535 -0.397409
1.3504 -0.173462
1.24547 -0.398178
1.31729 -0.132722
1.2399 -0.492225
1.30008 0.0494034
1.16023 -0.725951
1.07279 0.437452
0.921393 -1.36408
-1.30027 -2.64277
1.55907 1.44504
0.493801 -1.22338
-1.57716 -2.33144
1.77721 0.977282
0.716223 -0.623432
0.841395 0.511864
0.886207 -1.65588
-1.68441 -2.35176
1.96753 0.239086
0.687739 -0.13954
1.45094 -0.586467
1.10388 0.267369
1.03425 -1.1735
-0.65669 -1.52375
-0.528339 -0.0278722
-1.05329 -1.78064
0.0617386 0.515558
1.42787 -1.27087
-0.576897 -1.4684
-0.65002 -0.135291
-1.20213 -1.79023
0.258165 0.687432
1.04302 -1.89739
-1.77227 -2.07236
1.97469 -0.00191325
0.608876 -0.107714
1.47415 -0.554359
1.10992 0.241264
1.05137 -1.1419
-0.511221 -1.26766
-0.902653 -0.433869
-1.10297 -1.29637
-0.401544 -0.178597
-1.18625 -1.96291
0.456622 0.942494
0.701439 -2.35643
-1.37474 -0.170975
-0.216229 -0.293281
-1.17641 -2.04518
0.55266 1.05758
0.591673 -2.47301
-1.11934 0.0900552
-0.654819 -1.01412
-0.997422 -0.70358
-0.923133 -0.953529
-0.837336 -0.700098
-1.06034 -1.03095
-0.662458 -0.548519
-1.25392 -1.32815
-0.164939 0.0595683
0.273032 0.0975783
1.55075 -0.389881
1.13172 0.107844
1.13702 -0.982782
0.272116 -0.0919233
1.38793 0.455394
0.951326 -0.934792
0.131201 -0.244204
0.159195 -0.0893896
1.08284 0.681246
0.76827 -1.55651
-1.67109 -2.28257
1.91949 0.475734
0.762955 -0.225902
1.45069 -0.433754
1.20003 0.080703
1.14877 -0.880781
0.658083 0.305456
1.12025 -1.46334
-1.24887 -2.6593
1.50032 1.50722
0.449441 -1.36307
-1.66075 -1.81319
1.5974 1.15152
0.646036 -0.988394
-0.966979 -2.00666
0.265224 0.83072
0.902056 -2.14252
-1.71826 -0.911053
1.37322 1.17163
0.577711 -1.39863
-1.65413 -2.13292
1.80346 0.842407
0.761474 -0.515143
1.25128 0.467038
0.921743 -1.15302
-0.816741 -1.79523
-0.110814 0.428827
1.60837 -0.300273
1.10453 0.0644619
1.16772 -0.959732
0.393332 0.046205
1.5166 -0.579162
1.04267 0.270225
1.03508 -1.23826
-0.858671 -1.90261
0.0484234 0.614579
1.33518 -1.50372
-1.15419 -2.58455
1.27051 1.5835
0.346933 -1.83912
-1.36908 -0.467383
-0.342879 -0.408557
-1.37662 -1.94702
0.819209 1.21496
0.457755 -2.36855
-1.02225 0.107293
-0.775186 -1.21612
-0.738445 -0.410157
-1.2309 -1.44957
-0.0846558 0.195654
1.28591 0.66711
0.815174 -1.24094
-1.22484 -2.50049
1.25979 1.54308
0.362915 -1.83483
-1.39198 -0.497004
-0.269155 -0.301282
-1.24412 -2.0677
0.694183 1.17025
0.49484 -2.48035
-0.964717 0.200536
-0.695365 -1.14306
-0.861335 -0.525031
-1.11414 -1.22507
-0.452429 -0.26534
-1.29675 -1.93538
0.617353 1.06273
0.569825 -2.43592
-1.12311 0.0689696
-0.672432 -1.0328
-0.96911 -0.673282
-0.963586 -1.00173
-0.770165 -0.628918
-1.14589 -1.15016
-0.477875 -0.332906
-1.33729 -1.84403
0.588043 1.00837
0.609888 -2.39234
-1.22166 -0.0246382
-0.561733 -0.832127
-1.19798 -0.994304
-0.523707 -0.459063
-1.35047 -1.60596
0.32907 0.689626
0.982833 -1.94731
-1.78742 -1.72025
1.89191 0.372511
0.8136 -0.179272
1.41253 -0.613307
1.11184 0.28795
1.02058 -1.18426
-0.718496 -1.63436
-0.363428 0.152262
-0.149845 -0.462207
-1.33977 -2.15233
1.00397 1.37399
0.387683 -2.20108
-1.08729 -0.0215888
-0.81377 -1.20744
-0.718115 -0.412336
-1.24404 -1.46457
-0.047195 0.240827
1.48596 0.368022
1.0059 -0.715303
1.0357 0.49479
0.882597 -1.45764
-1.48322 -2.70795
1.89879 0.778087
0.714504 -0.3976
1.39809 0.229728
1.06831 -0.751179
0.988271 0.477254
0.894696 -1.49259
-1.5162 -2.69679
1.93326 0.630622
0.71535 -0.304735
1.46185 -0.0952192
1.19118 -0.345021
1.33509 -0.266285
1.27264 -0.283027
1.29717 -0.318294
1.29416 -0.237433
1.27967 -0.370015
1.30417 -0.162124
1.25356 -0.46827
1.30223 0.0072927
1.1811 -0.678315
1.15432 0.383918
0.96037 -1.21924
-0.9344 -2.02872
0.26634 0.850456
0.883885 -2.17578
-1.68922 -0.788428
1.20496 1.18086
0.521983 -1.71324
-1.6321 -1.04756
0.952203 1.13204
0.500974 -2.10657
-1.3334 -0.27463
-0.412403 -0.550049
-1.39966 -1.61153
0.467185 0.831595
0.776186 -2.19902
-1.57933 -0.528525
0.590384 0.777348
0.762327 -2.1028
-1.62699 -0.696065
0.845193 1.01844
0.559831 -2.1592
-1.36317 -0.273845
-0.316109 -0.414211
-1.37609 -1.98044
0.861656 1.25106
0.438534 -2.33849
-1.02372 0.0918463
-0.791959 -1.23443
-0.710001 -0.382447
-1.25119 -1.50935
0.0125087 0.321743
1.59155 -0.340003
1.10944 0.08903
1.15129 -0.983499
0.285941 -0.0774378
1.43757 0.349755
1.0114 -0.780946
0.853361 0.456821
0.924717 -1.5877
-1.59978 -2.61221
1.98343 0.305976
0.661919 -0.17565
1.47437 -0.432481
1.18225 0.0977552
1.13967 -0.91873
0.518656 0.184021
1.32416 -1.1918
-0.35513 -1.05553
-1.22448 -0.82669
-0.582747 -0.596578
-1.29334 -1.32653
-0.0920394 0.138447
1.03972 0.720613
0.739734 -1.64703
-1.7218 -1.91152
1.83117 0.686732
0.801717 -0.396787
1.42359 0.053856
1.14802 -0.556886
1.29766 0.179258
1.09121 -0.854373
0.698197 0.348153
1.06273 -1.52126
-1.3947 -2.79151
1.84636 0.997926
0.674436 -0.562582
0.959802 0.566055
0.835429 -1.60587
-1.67309 -2.34433
1.95049 0.342183
0.725093 -0.166767
1.44574 -0.55798
1.13339 0.236161
1.05426 -1.11144
-0.389444 -1.05948
-1.18994 -0.792103
-0.654759 -0.685646
-1.20616 -1.14106
-0.40385 -0.270279
-1.28916 -1.98265
0.664842 1.1165
0.528877 -2.45456
-1.04356 0.133546
-0.714807 -1.13129
-0.856486 -0.534492
-1.11501 -1.21713
-0.458266 -0.275082
-1.30458 -1.92267
0.617071 1.05812
0.572534 -2.43086
-1.13197 0.0602033
-0.666246 -1.01963
-0.984192 -0.692338
-0.940853 -0.972991
-0.809385 -0.671156
-1.09648 -1.07826
-0.590332 -0.466478
-1.31584 -1.51549
0.146844 0.467355
1.38737 -1.31747
-0.716732 -1.72013
-0.268917 0.280325
0.947439 0.72139
0.734531 -1.76352
-1.73315 -1.52224
1.66489 0.990071
0.728519 -0.789148
0.122984 -0.220862
0.244701 0.0240149
1.52313 0.068218
1.12539 -0.41761
1.35936 -0.13422
1.23081 -0.438155
1.31877 -0.0619
1.211 -0.57849
1.26105 0.214796
1.06994 -0.935565
0.367833 0.0354768
1.53139 -0.459858
1.11771 0.168977
1.09855 -1.06158
-0.105869 -0.612329
-1.4467 -2.0723
1.17066 1.39567
0.408594 -1.91286
-1.3829 -0.439237
-0.295068 -0.349269
-1.31674 -2.05728
0.824042 1.25193
0.439273 -2.39348
-0.967992 0.157663
-0.762523 -1.22964
-0.735661 -0.395696
-1.23409 -1.46973
-0.0585762 0.23132
1.44698 0.460234
0.957683 -0.842156
0.545901 0.245081
1.24706 -1.33087
-0.84216 -1.92646
0.0657466 0.647019
1.27932 -1.60674
-1.34934 -2.86377
1.85023 1.0292
0.658852 -0.578008
0.857916 0.530741
0.869579 -1.66374
-1.69728 -2.27989
1.95517 0.27716
0.714981 -0.143399
1.43998 -0.611532
1.08936 0.289219
1.01999 -1.20987
-0.800626 -1.78812
-0.130573 0.412418
1.60027 -0.111718
1.1288 -0.131891
1.27917 -0.678251
1.12358 0.35893
0.974526 -1.23524
-0.952555 -2.06751
0.332345 0.921774
0.781775 -2.31752
-1.501 -0.33099
0.240998 0.352761
1.40773 -1.19638
-0.349446 -1.0644
-1.22326 -0.818533
-0.588976 -0.606691
-1.2858 -1.30552
-0.126617 0.0923475
0.651636 0.504644
0.950926 -1.7346
-1.71032 -2.31155
1.98165 0.107709
0.631313 -0.126049
1.47113 -0.537035
1.12643 0.222139
1.06349 -1.10556
-0.348318 -0.992471
-1.27461 -0.929091
-0.43559 -0.39436
-1.36754 -1.82609
0.639716 1.04674
0.573343 -2.40039
-1.16237 0.023141
-0.646612 -0.975331
-1.03321 -0.756908
-0.861766 -0.87519
-0.938612 -0.812314
-0.916372 -0.860223
-0.905201 -0.812686
-0.943599 -0.872186
-0.875313 -0.789116
-0.981492 -0.910431
-0.818431 -0.729942
-1.05941 -1.00251
-0.683856 -0.583012
-1.22771 -1.26384
-0.267549 -0.0756213
-0.761075 -1.44089
-0.536163 -0.112872
-1.17412 -1.87673
0.325932 0.790114
0.893902 -2.10721
-1.72743 -0.982453
1.4321 1.15269
0.605477 -1.27985
-1.54196 -2.48747
1.82867 0.901865
0.724297 -0.522639
1.18452 0.530243
0.873773 -1.29672
-1.24419 -2.55105
1.357 1.54059
0.392472 -1.64751
-1.55713 -0.897289
0.497238 0.730887
0.839302 -2.05583
-1.71194 -0.980922
1.35452 1.1885
0.563384 -1.44301
-1.67654 -1.95386
1.74274 0.940264
0.742328 -0.646902
0.819623 0.495378
0.902927 -1.6526
-1.67343 -2.40807
1.97685 0.210632
0.664679 -0.140538
1.46188 -0.548615
1.12617 0.231308
1.05752 -1.11473
-0.395882 -1.07093
-1.17537 -0.770581
-0.68668 -0.727185
-1.16133 -1.06571
-0.523681 -0.421231
-1.34838 -1.66335
0.390983 0.769778
0.868179 -2.09864
-1.7137 -0.941557
1.35518 1.18265
0.566503 -1.43834
-1.67452 -1.97852
1.7533 0.923124
0.74712 -0.622997
0.921661 0.540111
0.855261 -1.61863
-1.6724 -2.36645
1.95899 0.303494
0.709158 -0.155627
1.44814 -0.569201
1.12191 0.249127
1.04596 -1.13649
-0.501609 -1.24984
-0.927575 -0.462172
-1.0754 -1.24942
-0.471861 -0.262498
-1.29706 -1.91568
0.591926 1.03516
0.592794 -2.42186
-1.16988 0.0286523
-0.626096 -0.946255
-1.07073 -0.803576
-0.798261 -0.799882
-1.03496 -0.924303
-0.760962 -0.688402
-1.1251 -1.07913
-0.557909 -0.441618
-1.33407 -1.58982
0.271042 0.62406
1.09563 -1.79827
-1.69245 -2.5186
2.02737 -0.177294
0.36241 -0.29979
0.991012 0.632792
0.791533 -1.63258
-1.70696 -2.12941
1.90577 0.471931
0.782013 -0.226936
1.44401 -0.454363
1.19707 0.10385
1.13522 -0.908491
0.551411 0.216372
1.26989 -1.28186
-0.683444 -1.62692
-0.397477 0.129839
-0.374764 -0.800079
-1.36066 -1.21731
-0.0351275 0.169409
1.34587 0.602656
0.864424 -1.10121
-0.778951 -1.71164
-0.233998 0.287185
1.11736 0.751268
0.73186 -1.56191
-1.6889 -2.15212
1.88495 0.573272
0.786507 -0.290536
1.45311 -0.267505
1.22248 -0.14506
1.26489 -0.578843
1.23818 0.217187
1.06765 -0.967708
0.232287 -0.129826
1.18525 0.650563
0.802722 -1.38591
-1.47129 -2.66798
1.8531 0.911967
0.704833 -0.506162
1.1954 0.529524
0.875892 -1.28073
-1.21118 -2.50327
1.24241 1.54685
0.356349 -1.87056
-1.35414 -0.431949
-0.386454 -0.476457
-1.40062 -1.77867
0.669564 1.05864
0.559806 -2.38827
-1.15444 0.0227272
-0.662475 -0.999196
-1.0028 -0.719967
-0.910012 -0.932896
-0.862093 -0.728787
-1.02581 -0.986714
-0.726949 -0.620406
-1.18187 -1.18536
-0.40264 -0.246468
-1.2661 -1.98851
0.627134 1.08984
0.552077 -2.45879
-1.0744 0.114201
-0.697441 -1.09275
-0.901738 -0.588698
-1.05842 -1.13027
-0.588333 -0.427619
-1.31886 -1.57452
0.218868 0.564038
1.20828 -1.63848
-1.44078 -2.88648
1.96658 0.599716
0.673674 -0.29115
1.46608 -0.0525096
1.17796 -0.385604
1.34257 -0.190884
1.25272 -0.383898
1.31488 -0.155372
1.24865 -0.465046
1.30529 -0.00105385
1.18485 -0.665232
1.17292 0.365498
0.973346 -1.18006
-0.796075 -1.76848
-0.15668 0.380286
1.55414 0.197475
1.07395 -0.47763
1.36067 0.015018
1.17168 -0.608501
1.24554 0.277083
1.03271 -1.01031
-0.0147091 -0.46453
-1.18401 -2.13691
0.690349 1.19821
0.481179 -2.51236
-0.909693 0.253884
-0.624409 -1.06435
-0.982189 -0.650264
-0.961963 -1.01908
-0.758768 -0.60858
-1.16305 -1.18234
-0.430127 -0.27301
-1.2986 -1.95508
0.647441 1.09341
0.545276 -2.44556
-1.07727 0.105765
-0.703761 -1.09876
-0.891966 -0.579153
-1.07026 -1.14626
-0.563945 -0.400057
-1.32941 -1.64287
0.321527 0.693104
0.985383 -1.94876
-1.78786 -1.72336
1.89373 0.36451
0.811973 -0.174571
1.41097 -0.623894
1.10203 0.298188
1.01386 -1.20465
-0.795691 -1.77732
-0.146672 0.393945
1.57832 0.0727308
1.10758 -0.335712
1.36127 -0.318128
1.26825 -0.175756
1.26703 -0.488522
1.2894 0.0517895
1.15967 -0.742267
1.03956 0.445849
0.915202 -1.40906
-1.37953 -2.71038
1.75339 1.18546
0.627536 -0.774995
-0.204883 -0.689115
-1.47694 -1.71849
0.836266 1.17055
0.479338 -2.30668
-1.11666 0.00924375
-0.742525 -1.11483
-0.849397 -0.54792
-1.11619 -1.20572
-0.466657 -0.289068
-1.3144 -1.90208
0.611268 1.04646
0.580786 -2.42174
-1.15271 0.040889
-0.647798 -0.983764
-1.02599 -0.745497
-0.874789 -0.891865
-0.917488 -0.788408
-0.947887 -0.895879
-0.856418 -0.759921
-1.0132 -0.951886
-0.762606 -0.667546
-1.13402 -1.10491
-0.527808 -0.401549
-1.34435 -1.68664
0.408962 0.794631
0.836678 -2.14041
-1.66983 -0.768117
1.09453 1.15733
0.507542 -1.89311
-1.51189 -0.629081
0.220952 0.371184
1.40934 -1.20691
-0.383111 -1.12177
-1.14766 -0.708171
-0.753871 -0.822534
-1.05495 -0.912095
-0.74949 -0.690686
-1.13267 -1.08173
-0.547115 -0.431426
-1.33899 -1.61823
0.315301 0.679036
1.00366 -1.92214
-1.7838 -1.8691
1.93185 0.209167
0.75277 -0.105564
1.40094 -0.748221
0.934659 0.361427
0.981512 -1.42568
-1.33116 -2.70261
1.67303 1.32717
0.565905 -0.970611
-1.10361 -2.2234
0.700466 1.25024
0.453469 -2.55161
-0.822823 0.333671
-0.411919 -0.774228
-1.34479 -1.21711
-0.0751735 0.121954
1.03694 0.717312
0.741476 -1.64799
-1.72194 -1.91432
1.83289 0.681842
0.802093 -0.392308
1.42621 0.0385404
1.15392 -0.538033
1.30897 0.137447
1.11397 -0.800612
0.882383 0.443074
0.929594 -1.55209
-1.5566 -2.67958
1.97015 0.43382
0.68755 -0.214932
1.47343 -0.349792
1.20545 -0.01225
1.20135 -0.769993
0.981326 0.436236
0.923312 -1.4602
-1.44522 -2.73609
1.86892 0.897669
0.698815 -0.485354
1.23626 0.501881
0.898922 -1.20095
-0.997086 -2.1314
0.45787 1.04659
0.633106 -2.49946
-1.15445 0.0789645
-0.602558 -0.928468
-1.10221 -0.838226
-0.744235 -0.737808
-1.11198 -1.02369
-0.613599 -0.519947
-1.29359 -1.4124
-0.00805063 0.262344
1.55983 0.0701516
1.11454 -0.362103
1.36256 -0.259612
1.26149 -0.262772
1.29613 -0.36167
1.29737 -0.164086
1.25587 -0.473297
1.29969 0.0180215
1.17605 -0.693228
1.13129 0.403096
0.946581 -1.26427
-1.06989 -2.283
0.743722 1.30916
0.418788 -2.55239
-0.764313 0.377126
-0.209321 -0.484255
-1.39431 -2.06299
1.01691 1.352
0.399618 -2.16317
-1.14231 -0.0822788
-0.766219 -1.11067
-0.835218 -0.547121
-1.12768 -1.21484
-0.445909 -0.266834
-1.29682 -1.94158
0.625739 1.07161
0.562641 -2.43948
-1.10908 0.0805779
-0.683407 -1.05487
-0.943161 -0.6414
-1.00106 -1.05013
-0.702708 -0.555777
-1.22353 -1.28758
-0.25292 -0.0498024
-0.630278 -1.23278
-0.833598 -0.429913
-1.15963 -1.35125
-0.284534 -0.0473065
-0.713468 -1.36055
-0.649918 -0.235372
-1.25721 -1.73353
0.281129 0.684673
1.02614 -1.90939
-1.77893 -1.98122
1.95756 0.0854325
0.678851 -0.0903176
1.43021 -0.713048
0.967032 0.347801
0.987208 -1.38501
-1.25642 -2.61436
1.4565 1.51817
0.432434 -1.44854
-1.65912 -1.50653
1.36349 1.26688
0.527514 -1.47233
-1.68298 -1.74334
1.62223 1.10354
0.672436 -0.920543
-0.671692 -1.47738
-0.564907 -0.0879147
-1.15424 -1.84829
0.261965 0.720182
1.00754 -1.95582
-1.79076 -1.76851
1.91273 0.279834
0.788404 -0.130679
1.39838 -0.714393
0.993453 0.358793
0.976785 -1.37273
-1.24723 -2.59692
1.42049 1.53211
0.415367 -1.52321
-1.63324 -1.25063
1.06745 1.21372
0.474276 -1.97898
-1.40819 -0.429072
-0.204086 -0.225926
-1.02737 -1.86887
0.144644 0.641307
1.20035 -1.70275
-1.52904 -2.868
2.03197 0.159397
0.524834 -0.222228
1.47191 0.0915935
1.1267 -0.518665
1.32807 0.098861
1.13375 -0.737801
1.04535 0.453701
0.910013 -1.40979
-1.38648 -2.71186
1.7651 1.16129
0.636217 -0.745999
-0.0262755 -0.419474
-1.11592 -2.05013
0.477009 1.00454
0.651647 -2.43735
-1.23822 -0.0133263
-0.510721 -0.7596
-1.27782 -1.14063
-0.282859 -0.143231
-0.980515 -1.77675
-0.00916127 0.464291
1.54466 -0.896903
0.452846 0.0209532
1.49609 -0.645788
0.991859 0.308624
1.01258 -1.32344
-1.10473 -2.36964
0.907795 1.43052
0.35467 -2.40506
-0.820886 0.269716
-0.595436 -1.04908
-1.01791 -0.682082
-0.913595 -0.963876
-0.837566 -0.690629
-1.06494 -1.04224
-0.649639 -0.532083
-1.26718 -1.36209
-0.10878 0.133514
0.945611 0.695982
0.750617 -1.74237
-1.73738 -1.64116
1.7373 0.87224
0.77316 -0.615956
1.00238 0.55295
0.843694 -1.54763
-1.61916 -2.51297
1.95925 0.389477
0.708758 -0.19058
1.46095 -0.463947
1.17959 0.128698
1.12098 -0.953878
0.366002 0.0239564
1.53428 -0.406808
1.14059 0.113653
1.13262 -0.980057
0.277483 -0.0844338
1.41224 0.408786
0.979062 -0.863536
0.501189 0.197012
1.32571 -1.20215
-0.389438 -1.11389
-1.14796 -0.714516
-0.750679 -0.816182
-1.06133 -0.921307
-0.737155 -0.676174
-1.14912 -1.10666
-0.508186 -0.384273
-1.34788 -1.73722
0.479067 0.877599
0.736688 -2.26285
-1.49167 -0.354795
0.181762 0.280841
1.52234 -0.821742
0.658196 0.205041
1.20984 -1.31052
-0.823646 -1.88012
-0.00447 0.565942
1.44713 -1.2628
-0.553109 -1.42988
-0.709404 -0.198134
-1.21957 -1.69792
0.173138 0.564664
1.25444 -1.58398
-1.33214 -2.83276
1.80212 1.14027
0.633971 -0.690953
0.24287 -0.0477896
1.42565 0.394525
0.987941 -0.831979
0.641763 0.325361
1.11144 -1.49097
-1.3029 -2.73021
1.66075 1.35972
0.549351 -1.00861
-1.21724 -2.38988
1.09669 1.49082
0.348074 -2.11204
-1.11884 -0.0902257
-0.810076 -1.16966
-0.753491 -0.461685
-1.21252 -1.3732
-0.189788 0.0540282
0.116402 -0.105072
0.831282 0.604665
0.821039 -1.76298
-1.74756 -1.80739
1.84147 0.617612
0.815631 -0.34762
1.44256 -0.128541
1.20591 -0.333865
1.32858 -0.279265
1.27717 -0.269936
1.29289 -0.335553
1.29745 -0.211955
1.27157 -0.404826
1.30616 -0.104143
1.23096 -0.54235
1.27899 0.146131
1.10922 -0.8491
0.732007 0.367604
1.0316 -1.5402
-1.45036 -2.7935
1.91693 0.758369
0.701444 -0.378747
1.41174 0.195519
1.0852 -0.702072
1.10786 0.451892
0.913793 -1.33479
-1.25915 -2.58788
1.42765 1.52378
0.421514 -1.50489
-1.64254 -1.31666
1.1557 1.24797
0.47604 -1.84575
-1.51181 -0.661479
0.22204 0.377467
1.40205 -1.22584
-0.443479 -1.22404
-1.00429 -0.528288
-0.98568 -1.12778
-0.655127 -0.466012
-1.27733 -1.45046
-0.00139981 0.283647
1.5791 -0.0752371
1.13798 -0.196913
1.30781 -0.567931
1.22444 0.206331
1.07367 -0.975418
0.210368 -0.159221
0.993305 0.65992
0.774292 -1.65399
-1.72013 -2.00513
1.87271 0.566463
0.80102 -0.294198
1.44963 -0.276428
1.22456 -0.137318
1.26103 -0.587806
1.2326 0.232204
1.05854 -0.988353
0.129523 -0.264478
0.0382673 -0.25631
-0.376303 -0.872547
-1.32358 -1.09265
-0.223567 -0.0918492
-0.692306 -1.33929
-0.686196 -0.269884
-1.25325 -1.66156
0.187535 0.563287
1.24096 -1.5997
-1.36414 -2.85854
1.86343 0.986115
0.667992 -0.541705
1.01706 0.577625
0.827866 -1.55295
-1.63478 -2.46091
1.95388 0.389163
0.718055 -0.188215
1.4566 -0.485078
1.17255 0.153126
1.10618 -0.986527
0.215714 -0.158045
1.01949 0.664675
0.772559 -1.62602
-1.70889 -2.08789
1.89008 0.525665
0.791426 -0.261764
1.44888 -0.362985
1.21944 -0.0192143
1.20343 -0.74657
1.03076 0.431859
0.924634 -1.40574
-1.36373 -2.70434
1.72387 1.24084
0.605794 -0.846734
-0.606704 -1.35063
-0.742495 -0.283032
-1.22623 -1.58983
0.0586212 0.403445
1.53337 -0.889456
0.486575 0.0576717
1.45261 -0.834936
0.710864 0.262608
1.13065 -1.40255
-1.12635 -2.45168
1.05092 1.51435
0.329638 -2.21207
-0.989285 0.0561272
-0.869013 -1.33863
-0.559132 -0.226143
-1.27313 -1.84239
0.447965 0.883816
0.746989 -2.27416
-1.4947 -0.35131
0.198566 0.301872
1.493 -0.945306
0.389402 -0.0316342
1.53134 -0.252917
1.1763 -0.0683958
1.23612 -0.728623
1.05933 0.412358
0.93773 -1.35677
-1.26738 -2.60885
1.46671 1.50857
0.439976 -1.42416
-1.66349 -1.60109
1.45015 1.24297
0.566225 -1.29851
-1.59099 -2.35797
1.82428 0.862671
0.742327 -0.504404
1.2514 0.473624
0.917928 -1.15776
-0.839276 -1.83674
-0.0455287 0.502083
1.54685 -0.920476
0.390163 -0.0455599
1.52915 -0.195631
1.17764 -0.137434
1.27097 -0.631049
1.18599 0.30055
1.01464 -1.10786
-0.456851 -1.16651
-1.04177 -0.597368
-0.924159 -1.0319
-0.779412 -0.605186
-1.14887 -1.17517
-0.453876 -0.297743
-1.31929 -1.91041
0.633064 1.06695
0.563457 -2.42839
-1.12107 0.0666592
-0.678547 -1.04133
-0.957653 -0.660294
-0.979827 -1.02191
-0.741862 -0.598598
-1.17966 -1.20507
-0.389195 -0.223476
-1.23448 -1.99348
0.576016 1.05201
0.587638 -2.45218
-1.13349 0.0697949
-0.652937 -1.00291
-1.00749 -0.718753
-0.90617 -0.9315
-0.866084 -0.731625
-1.02111 -0.981792
-0.734706 -0.628562
-1.17266 -1.17012
-0.427593 -0.277569
-1.30167 -1.9553
0.65421 1.09875
0.540821 -2.44536
-1.07079 0.110182
-0.707809 -1.10746
-0.881692 -0.566876
-1.08332 -1.16576
-0.534947 -0.366415
-1.33537 -1.72604
0.435271 0.83235
0.792059 -2.19959
-1.59462 -0.555353
0.672476 0.859493
0.679972 -2.1622
-1.50385 -0.436762
0.209699 0.328506
1.46038 -1.05958
0.0774697 -0.416061
-0.856984 -1.67696
-0.218091 0.2582
1.05453 0.744002
0.727231 -1.64606
-1.72214 -1.87243
1.81237 0.734769
0.797326 -0.443734
1.38499 0.212436
1.0765 -0.75689
0.97848 0.474218
0.897172 -1.49958
-1.52255 -2.69341
1.9389 0.602886
0.713716 -0.289602
1.46586 -0.144861
1.20137 -0.282318
1.31962 -0.376971
1.28701 -0.118438
1.24049 -0.546526
1.27234 0.155423
1.104 -0.86658
0.668996 0.323612
1.09839 -1.48953
-1.31284 -2.73623
1.68144 1.3305
0.564242 -0.960314
-1.08276 -2.18801
0.625941 1.18594
0.500827 -2.56472
-0.886284 0.294125
-0.534902 -0.941198
-1.14862 -0.857938
-0.676749 -0.671325
-1.19657 -1.14707
-0.413114 -0.276245
-1.29712 -1.97118
0.665877 1.11323
0.530431 -2.45012
-1.05036 0.126683
-0.715041 -1.12787
-0.859184 -0.538791
-1.11143 -1.2106
-0.467778 -0.286703
-1.31295 -1.90268
0.608878 1.04469
0.582458 -2.42141
-1.15544 0.0387749
-0.64467 -0.978196
-1.03262 -0.753965
-0.863885 -0.878706
-0.934661 -0.807455
-0.922547 -0.867344
-0.895664 -0.802229
-0.957522 -0.887804
-0.853645 -0.765756
-1.01208 -0.945944
-0.767664 -0.675022
-1.12659 -1.09293
-0.545715 -0.423318
-1.33921 -1.63197
0.3318 0.700253
0.970795 -1.96595
-1.78728 -1.62147
1.85966 0.485849
0.833022 -0.258053
1.4342 -0.420284
1.2162 0.0482957
1.16642 -0.827434
0.831319 0.409284
0.965772 -1.54875
-1.52122 -2.73489
1.96132 0.519146
0.694359 -0.250222
1.47344 -0.242973
1.21082 -0.151928
1.27042 -0.580028
1.23459 0.219829
1.06596 -0.974727
0.200106 -0.171276
0.896555 0.626615
0.798079 -1.72801
-1.74008 -1.84522
1.84127 0.630535
0.811921 -0.355167
1.44121 -0.0986737
1.19838 -0.370469
1.33484 -0.212457
1.26086 -0.36264
1.31144 -0.189223
1.26079 -0.422276
1.3088 -0.0778349
1.21946 -0.571796
1.26319 0.201934
1.07742 -0.921239
0.435969 0.110542
1.45051 -0.894664
0.567776 0.15621
1.31303 -1.17737
-0.311106 -0.97976
-1.31553 -0.988495
-0.313455 -0.231893
-1.18777 -2.0096
0.521499 1.01658
0.62695 -2.43731
-1.20388 0.011996
-0.569138 -0.854668
-1.17819 -0.957718
-0.576183 -0.527201
-1.3154 -1.43909
0.065167 0.352444
1.56142 -0.706427
0.819496 0.272074
1.0779 -1.39157
-1.16255 -2.49853
1.16491 1.54932
0.335626 -2.0206
-1.19068 -0.194783
-0.731653 -1.01792
-0.935137 -0.673401
-0.993501 -1.01887
-0.732479 -0.5968
-1.18729 -1.21311
-0.371894 -0.20309
-1.19735 -1.98606
0.504615 0.992164
0.648544 -2.41216
-1.25682 -0.0408521
-0.487404 -0.71728
-1.31465 -1.22937
-0.134473 0.0566984
0.415099 0.264491
1.33275 -1.25277
-0.550535 -1.39748
-0.743948 -0.243064
-1.21748 -1.62584
0.0854199 0.44633
1.472 -1.11872
-0.116775 -0.704113
-1.4927 -1.88031
1.07868 1.32874
0.420408 -2.03806
-1.28908 -0.271048
-0.536386 -0.724645
-1.27551 -1.17201
-0.262225 -0.108339
-0.847475 -1.5799
-0.33117 0.10934
-0.230909 -0.589152
-1.4529 -1.8629
0.929704 1.25984
0.435624 -2.24127
-1.11736 -0.0239537
-0.768577 -1.13921
-0.809688 -0.510339
-1.15909 -1.27419
-0.356174 -0.155207
-1.10957 -1.91677
0.292907 0.78511
0.922189 -2.08289
-1.75296 -1.1214
1.58218 1.0372
0.699218 -0.950268
-0.699217 -1.53171
-0.487825 -0.00271758
-0.970499 -1.69464
-0.112976 0.328947
1.53507 0.247813
1.05728 -0.547483
1.32166 0.194447
1.08369 -0.83435
0.75755 0.389671
1.00366 -1.5601
-1.50203 -2.76807
1.95934 0.551704
0.692876 -0.26548
1.47231 -0.186816
1.20591 -0.223301
1.30014 -0.474162
1.27855 0.0404479
1.16627 -0.744149
1.03613 0.444142
0.916337 -1.41125
-1.38158 -2.71215
1.7581 1.17643
0.630771 -0.763689
-0.136568 -0.583958
-1.43854 -2.05696
1.1286 1.3844
0.404092 -1.98391
-1.31618 -0.32715
-0.479153 -0.630168
-1.35108 -1.3819
0.0910286 0.363657
1.53577 -0.843827
0.591197 0.150156
1.30199 -1.18271
-0.335863 -1.01857
-1.26819 -0.900746
-0.464516 -0.437681
-1.37196 -1.72018
0.519374 0.91059
0.696333 -2.29945
-1.41559 -0.244755
-0.104368 -0.121754
-0.380086 -0.8563
-1.32927 -1.11541
-0.193513 -0.049105
-0.41828 -0.902628
-1.27171 -1.00218
-0.394995 -0.321043
-1.32792 -1.9636
0.722925 1.15326
0.498982 -2.43204
-1.02064 0.138741
-0.735956 -1.16976
-0.807828 -0.479586
-1.16876 -1.31218
-0.309249 -0.0916501
-0.90289 -1.6534
-0.211314 0.237446
0.988586 0.727301
0.73196 -1.71894
-1.73293 -1.65441
1.73045 0.890937
0.766621 -0.636056
0.920117 0.535613
0.858512 -1.61561
-1.66839 -2.38393
1.96136 0.299056
0.704534 -0.155453
1.45014 -0.56342
1.12498 0.243514
1.04959 -1.12776
-0.461608 -1.18133
-1.02471 -0.574709
-0.950022 -1.06727
-0.731961 -0.553851
-1.20316 -1.26991
-0.299802 -0.10498
-0.918694 -1.68006
-0.169774 0.284251
1.31957 0.660548
0.826874 -1.18199
-1.08158 -2.26668
0.734441 1.29436
0.427027 -2.55112
-0.779485 0.365274
-0.271385 -0.573301
-1.44434 -1.81338
0.842423 1.19583
0.46632 -2.31995
-1.08429 0.0393306
-0.7661 -1.16477
-0.789811 -0.478371
-1.18254 -1.32609
-0.277898 -0.0551291
-0.721623 -1.37512
-0.629759 -0.213463
-1.25362 -1.77318
0.323522 0.741283
0.939177 -2.02779
-1.77415 -1.33045
1.72568 0.827031
0.795117 -0.606856
1.07059 0.548112
0.849642 -1.46269
-1.52188 -2.66567
1.92107 0.665613
0.722378 -0.32604
1.45408 -0.0349376
1.17558 -0.421886
1.34188 -0.115434
1.22822 -0.484022
1.30799 0.0294861
1.16968 -0.694742
1.12938 0.407114
0.94389 -1.27006
-1.08724 -2.31438
0.808315 1.35849
0.389542 -2.50486
-0.767989 0.353574
-0.302238 -0.621619
-1.44308 -1.66374
0.660079 1.0229
0.582307 -2.35725
-1.21573 -0.0385261
-0.587474 -0.865944
-1.15639 -0.931127
-0.622499 -0.583107
-1.27063 -1.3114
-0.150269 0.0686044
0.399432 0.248556
1.36154 -1.19649
-0.356645 -1.0662
-1.21524 -0.809564
-0.606659 -0.62907
-1.26545 -1.25697
-0.209012 -0.0167635
-0.333764 -0.76682
-1.40248 -1.33237
0.18335 0.456341
1.36063 -1.35636
-0.829749 -1.93391
0.0659296 0.65458
1.27061 -1.62359
-1.37871 -2.88619
1.90166 0.87566
0.678677 -0.452408
1.28073 0.464734
0.927936 -1.10777
-0.652024 -1.49304
-0.563917 -0.0726221
-1.13566 -1.83752
0.224105 0.681973
1.07898 -1.86024
-1.74435 -2.29625
2.00679 -0.157248
0.436385 -0.222061
1.39632 0.377497
0.993156 -0.866702
0.515074 0.208456
1.30437 -1.23864
-0.522429 -1.34065
-0.824044 -0.331879
-1.17592 -1.46372
-0.151985 0.136512
0.760009 0.595887
0.842086 -1.80288
-1.75525 -1.74615
1.83313 0.628
0.819045 -0.361322
1.43883 -0.0897093
1.19648 -0.38404
1.33598 -0.186213
1.25322 -0.398145
1.31419 -0.128164
1.23884 -0.501876
1.29662 0.0682037
1.15075 -0.749778
1.02229 0.451266
0.911605 -1.43274
-1.4186 -2.72586
1.82406 1.02523
0.675472 -0.59945
0.820829 0.508255
0.893027 -1.66609
-1.6885 -2.34254
1.96875 0.224956
0.683538 -0.136323
1.45147 -0.589896
1.10015 0.270769
1.03207 -1.18075
-0.685311 -1.57566
-0.451578 0.0558394
-0.774736 -1.41823
-0.549014 -0.140701
-1.20641 -1.87767
0.375939 0.834056
0.824489 -2.19304
-1.62932 -0.628506
0.863754 1.02299
0.556708 -2.13979
-1.37575 -0.297855
-0.282721 -0.362024
-1.32267 -2.06424
0.846491 1.26775
0.430724 -2.37446
-0.974532 0.144068
-0.776614 -1.24401
-0.712521 -0.373604
-1.24989 -1.51784
0.0193413 0.332368
1.58976 -0.424229
1.07416 0.166654
1.10352 -1.10154
-0.259381 -0.854214
-1.42122 -1.28034
0.193468 0.45568
1.35079 -1.37195
-0.873233 -2.01822
0.204457 0.807337
0.97197 -2.06237
-1.78136 -1.31885
1.74527 0.776967
0.810824 -0.551104
1.23024 0.469628
0.916913 -1.18543
-0.921919 -1.9933
0.21051 0.787245
0.986116 -2.03234
-1.78994 -1.45338
1.81188 0.615611
0.838117 -0.375922
1.43274 -0.071191
1.19243 -0.413515
1.33655 -0.127563
1.23379 -0.475355
1.30854 0.0138052
1.17733 -0.677247
1.15653 0.383905
0.960546 -1.21644
-0.926465 -2.01354
0.240193 0.822172
0.928945 -2.11295
-1.74703 -1.05547
1.53974 1.07567
0.672393 -1.04447
-1.05473 -2.17179
0.571762 1.14323
0.53764 -2.56231
-0.947773 0.250238
-0.612076 -1.03385
-1.0163 -0.694885
-0.909214 -0.95149
-0.849768 -0.706798
-1.04712 -1.01779
-0.684814 -0.572075
-1.23083 -1.27822
-0.249701 -0.0507933
-0.62391 -1.22311
-0.847427 -0.444762
-1.14605 -1.32469
-0.326378 -0.0995743
-0.954481 -1.72542
-0.0904924 0.369959
1.59238 -0.0858535
1.13164 -0.167898
1.29628 -0.619835
1.18507 0.284327
1.02466 -1.09478
-0.384184 -1.04517
-1.20538 -0.817187
-0.618437 -0.637576
-1.25376 -1.2351
-0.249053 -0.0687982
-0.68696 -1.32531
-0.703569 -0.290081
-1.24883 -1.62244
0.134099 0.493445
1.37338 -1.36033
-0.833948 -1.94601
0.08401 0.675617
1.2271 -1.69399
-1.5006 -2.89628
2.0234 0.258162
0.568814 -0.21666
1.48748 -0.0633064
1.1746 -0.34266
1.34038 -0.279381
1.27284 -0.257401
1.29129 -0.359817
1.29932 -0.171222
1.25792 -0.461194
1.3023 -0.00453708
1.18683 -0.665203
1.17256 0.364818
0.973742 -1.17994
-0.794929 -1.76642
-0.159886 0.376707
1.54581 0.232414
1.06209 -0.518279
1.34245 0.120805
1.12229 -0.738518
1.0412 0.45825
0.906933 -1.41852
-1.40295 -2.71819
1.795 1.0958
0.657082 -0.671966
0.429552 0.172994
1.40482 -1.05529
0.118724 -0.346472
-0.432735 -0.97613
-1.21135 -0.8791
-0.575365 -0.565302
-1.30724 -1.38145
-0.0104097 0.248865
1.54417 0.151946
1.09221 -0.456849
1.36266 -0.0406135
1.19524 -0.545477
1.29082 0.15017
1.10705 -0.837095
0.768788 0.39116
0.998528 -1.55774
-1.50354 -2.76443
1.95888 0.551607
0.693621 -0.265322
1.47223 -0.188904
1.20624 -0.220855
1.29918 -0.477879
1.27775 0.0466786
1.16306 -0.751757
1.01958 0.447428
0.914234 -1.43206
-1.41477 -2.72606
1.81882 1.0394
0.671945 -0.613102
0.753081 0.466681
0.943172 -1.65539
-1.65273 -2.50683
1.99303 0.159949
0.619004 -0.150753
1.48379 -0.431971
1.1748 0.104444
1.13605 -0.93399
0.458937 0.123929
1.42274 -0.973293
0.369586 -0.0358992
1.53076 -0.1629
1.17439 -0.17222
1.28775 -0.581165
1.22498 0.224036
1.06311 -0.99083
0.127377 -0.268203
0.00652952 -0.301339
-0.695036 -1.39015
-0.634837 -0.200634
-1.24579 -1.77647
0.31352 0.733123
0.954138 -2.00938
-1.78196 -1.43134
1.78293 0.701302
0.825334 -0.458786
1.37909 0.21014
1.07748 -0.763862
0.960901 0.471961
0.899718 -1.51458
-1.53843 -2.68076
1.95037 0.539973
0.708491 -0.257998
1.47044 -0.243726
1.21242 -0.154723
1.27129 -0.574446
1.23858 0.210388
1.07167 -0.961073
0.266483 -0.0871453
1.38775 0.457637
0.950118 -0.936618
0.120006 -0.259343
0.0156348 -0.287292
-0.607109 -1.24543
-0.840897 -0.421763
-1.15537 -1.35487
-0.28649 -0.0469598
-0.717605 -1.36678
-0.640828 -0.225837
-1.25623 -1.75152
0.301439 0.711493
0.983728 -1.96713
-1.78949 -1.65745
1.87596 0.426152
0.826411 -0.214737
1.42261 -0.532059
1.17197 0.195628
1.07971 -1.02889
-0.00300254 -0.455499
-1.14672 -2.09789
0.582465 1.10602
0.554976 -2.51149
-1.02636 0.172615
-0.679382 -1.09466
-0.914106 -0.591867
-1.04672 -1.12005
-0.607586 -0.447216
-1.30773 -1.5249
0.139456 0.462531
1.40017 -1.29021
-0.636962 -1.5724
-0.492172 0.0343067
-0.894755 -1.58732
-0.289521 0.134792
0.075569 -0.147805
0.395401 0.2144
1.39662 -1.10723
-0.0529944 -0.590595
-1.40078 -2.18728
1.1946 1.42991
0.398478 -1.88933
-1.39009 -0.461736
-0.273189 -0.314351
-1.26412 -2.0728
0.738104 1.20224
0.471726 -2.46152
-0.947898 0.203592
-0.702902 -1.16017
-0.840967 -0.500911
-1.13756 -1.26537
-0.390441 -0.189876
-1.19339 -1.97349
0.481618 0.96781
0.673542 -2.38648
-1.31313 -0.0998155
-0.373701 -0.535563
-1.41372 -1.69892
0.610605 0.988147
0.615532 -2.35394
-1.26455 -0.078147
-0.497646 -0.722166
-1.30512 -1.21137
-0.170273 0.00953148
-0.0277147 -0.310421
-0.836989 -1.6194
-0.29585 0.165
0.209498 0.0333932
1.50544 0.178074
1.08837 -0.540308
1.32297 0.161394
1.10134 -0.803175
0.867387 0.440895
0.933894 -1.56063
-1.56284 -2.67469
1.97435 0.406158
0.681232 -0.205715
1.47399 -0.368805
1.20149 0.0136115
1.18739 -0.804681
0.897786 0.427799
0.938328 -1.52424
-1.51532 -2.72292
1.94787 0.578814
0.705646 -0.277285
1.46898 -0.17157
1.20503 -0.246233
1.3081 -0.43683
1.28484 -0.0220535
1.19724 -0.667289
1.16735 0.364434
0.973583 -1.18625
-0.814725 -1.80371
-0.102272 0.441503
1.60771 -0.408128
1.06176 0.161853
1.10809 -1.10761
-0.275708 -0.881479
-1.39784 -1.20443
0.0569814 0.276099
1.58488 -0.317861
1.12273 0.0609261
1.1677 -0.938912
0.47001 0.129236
1.40991 -1.00491
0.279546 -0.13891
1.28924 0.576656
0.866258 -1.17421
-0.989147 -2.10716
0.417748 1.0041
0.677872 -2.44805
-1.26441 -0.0273784
-0.454556 -0.672277
-1.35427 -1.34013
0.058662 0.31437
1.58031 -0.510264
1.02701 0.230146
1.0645 -1.21127
-0.72719 -1.66044
-0.328347 0.193759
0.215623 0.0457228
1.52308 0.0927268
1.11722 -0.439642
1.35903 -0.0838836
1.21295 -0.500372
1.3079 0.0591061
1.15483 -0.72566
1.0731 0.439357
0.920151 -1.36542
-1.30404 -2.64652
1.56935 1.436
0.500309 -1.20058
-1.55197 -2.39388
1.77496 1.00505
0.704784 -0.642205
0.731484 0.445947
0.967205 -1.63866
-1.62123 -2.60089
1.99952 0.182497
0.609329 -0.16437
1.48951 -0.363928
1.19136 0.0224228
1.18343 -0.825717
0.841363 0.409163
0.963426 -1.54267
-1.51571 -2.73728
1.95662 0.544886
0.698153 -0.261519
1.47203 -0.211399
1.20905 -0.193433
1.28815 -0.51908
1.2656 0.116485
1.12577 -0.838121
0.779113 0.392772
0.993784 -1.55552
-1.50491 -2.76104
1.9584 0.551706
0.694338 -0.265263
1.47215 -0.190588
1.2065 -0.218914
1.29841 -0.480806
1.27709 0.0515891
1.16052 -0.757755
1.00604 0.449261
0.91327 -1.44793
-1.43848 -2.7304
1.8554 0.937252
0.693272 -0.519077
1.14127 0.558236
0.850638 -1.37861
-1.40769 -2.69202
1.7786 1.12152
0.650945 -0.706074
0.235693 -0.0594701
1.38966 0.464947
0.946591 -0.938561
0.10241 -0.28306
-0.201147 -0.607127
-1.45991 -1.8894
0.98402 1.29345
0.423619 -2.17776
-1.16235 -0.0903099
-0.735021 -1.06276
-0.897427 -0.615865
-1.05108 -1.10198
-0.617705 -0.467282
-1.29996 -1.48533
0.0804207 0.384964
1.52898 -0.89049
0.489818 0.0621015
1.44726 -0.853751
0.672532 0.239188
1.17125 -1.36663
-1.00633 -2.23115
0.603402 1.2026
0.497797 -2.60303
-0.840807 0.343498
-0.3885 -0.735044
-1.37695 -1.31405
0.0936238 0.347621
1.54452 -0.789538
0.694448 0.220978
1.17536 -1.34142
-0.941783 -2.10368
0.371017 0.974473
0.721284 -2.40507
-1.35883 -0.128421
-0.242487 -0.339346
-1.27026 -2.09258
0.777018 1.23516
0.450887 -2.44287
-0.934513 0.204433
-0.710526 -1.17592
-0.82158 -0.478524
-1.15855 -1.3041
-0.329825 -0.114684
-0.9949 -1.78214
0.00951016 0.480689
1.51472 -1.01985
0.153386 -0.325398
-0.16299 -0.55596
-1.42872 -2.04931
1.09158 1.37331
0.401692 -2.04454
-1.25823 -0.239626
-0.602716 -0.825796
-1.16952 -0.977811
-0.574765 -0.515156
-1.31845 -1.45903
0.0925485 0.389323
1.51523 -0.944832
0.365786 -0.0637943
1.51814 -0.0244091
1.15429 -0.337097
1.3463 -0.299713
1.27311 -0.219809
1.28071 -0.418284
1.30072 -0.073359
1.21883 -0.587155
1.25086 0.230553
1.06034 -0.963004
0.239348 -0.119502
1.24009 0.623001
0.829631 -1.28286
-1.28058 -2.58065
1.45294 1.50496
0.437952 -1.44703
-1.66133 -1.52806
1.38837 1.2614
0.538098 -1.42286
-1.67295 -1.92989
1.71717 0.987928
0.725799 -0.709556
0.498252 0.236261
1.2913 -1.27948
-0.659235 -1.58684
-0.459354 0.0631226
-0.768231 -1.40619
-0.565561 -0.158922
-1.22473 -1.864
0.388197 0.838778
0.813411 -2.20294
-1.61295 -0.587495
0.773449 0.950542
0.604573 -2.17541
-1.40534 -0.308088
-0.177913 -0.212888
-0.942819 -1.75131
-0.0696168 0.405734
1.60334 -0.37953
1.08115 0.134842
1.12424 -1.06063
-0.0603427 -0.548131
-1.36196 -2.20466
1.12453 1.42595
0.383692 -2.0183
-1.25827 -0.253942
-0.607398 -0.82784
-1.16461 -0.972289
-0.585005 -0.527304
-1.30997 -1.42978
0.0438077 0.325654
1.58318 -0.499798
1.03173 0.223578
1.0686 -1.20021
-0.684239 -1.58171
-0.445888 0.064235
-0.739113 -1.36425
-0.627491 -0.223477
-1.25904 -1.76818
0.327264 0.742865
0.93499 -2.03219
-1.77167 -1.30504
1.70912 0.858513
0.784652 -0.648569
0.916035 0.530522
0.86242 -1.61431
-1.66525 -2.39841
1.96361 0.293569
0.699993 -0.154953
1.45196 -0.55856
1.12733 0.23881
1.05262 -1.12068
-0.428525 -1.1253
-1.10228 -0.671089
-0.827211 -0.907543
-0.943401 -0.783315
-0.929185 -0.891474
-0.874641 -0.771651
-0.992127 -0.9313
-0.795283 -0.701146
-1.09243 -1.04753
-0.617599 -0.506886
-1.29374 -1.42775
0.00777549 0.285232
1.58295 -0.129123
1.14113 -0.137648
1.27923 -0.660327
1.14741 0.338677
0.988606 -1.18882
-0.793804 -1.76779
-0.159093 0.378479
1.54913 0.219142
1.0667 -0.502675
1.35074 0.0799983
1.14219 -0.687956
1.14196 0.410768
0.942477 -1.2575
-1.06074 -2.26456
0.707435 1.27939
0.438172 -2.57089
-0.776455 0.376165
-0.227317 -0.508528
-1.41616 -2.00286
0.997529 1.32766
0.408756 -2.17949
-1.13939 -0.071743
-0.76473 -1.11296
-0.83443 -0.544596
-1.12916 -1.21828
-0.441269 -0.260922
-1.29128 -1.94954
0.624835 1.0737
0.561692 -2.44254
-1.10469 0.0851652
-0.685414 -1.06004
-0.937484 -0.634154
-1.00917 -1.06104
-0.687388 -0.538919
-1.23951 -1.32192
-0.195453 0.0247811
-0.0678528 -0.365306
-1.07927 -1.98633
0.348573 0.871407
0.811263 -2.2435
-1.58461 -0.505024
0.627194 0.810528
0.725918 -2.12958
-1.57541 -0.572304
0.55903 0.751215
0.794327 -2.07712
-1.66861 -0.821771
1.09175 1.16336
0.503956 -1.90208
-1.50162 -0.606236
0.17179 0.305892
1.51239 -0.8831
0.529267 0.104036
1.38631 -1.0239
0.228211 -0.197694
0.897274 0.622484
0.800813 -1.72324
-1.73894 -1.86992
1.84984 0.607422
0.811592 -0.334495
1.44546 -0.164512
1.21305 -0.286649
1.31707 -0.360915
1.28854 -0.147968
1.25193 -0.505368
1.28938 0.0788154
1.14552 -0.769977
0.974786 0.453651
0.911587 -1.48341
-1.48832 -2.72213
1.91492 0.723522
0.713922 -0.359914
1.43289 0.102294
1.12669 -0.588399
1.27538 0.252
1.04935 -0.948482
0.280683 -0.0654942
1.44996 0.320872
1.02629 -0.740022
0.987741 0.48895
0.886734 -1.50418
-1.53767 -2.67357
1.94538 0.560032
0.71261 -0.267567
1.46915 -0.218887
1.21118 -0.187808
1.2854 -0.525907
1.26338 0.127851
1.11946 -0.852022
0.73072 0.364445
1.03477 -1.53648
-1.44231 -2.79433
1.90795 0.793889
0.700088 -0.402329
1.38407 0.277118
1.0437 -0.810459
0.794846 0.420486
0.966883 -1.58127
-1.55938 -2.69979
1.98311 0.370932
0.665143 -0.198224
1.47774 -0.363408
1.19996 0.0101537
1.1895 -0.802306
0.904127 0.428888
0.936554 -1.52048
-1.51221 -2.72393
1.94488 0.593736
0.70715 -0.284791
1.46744 -0.14838
1.20146 -0.275982
1.31793 -0.388142
1.2871 -0.100599
1.23296 -0.569476
1.25958 0.197904
1.07961 -0.922399
0.43453 0.108572
1.45305 -0.886071
0.587418 0.172232
1.28482 -1.22256
-0.483416 -1.26736
-0.928124 -0.448405
-1.07791 -1.26283
-0.457532 -0.242833
-1.27988 -1.94112
0.590552 1.04313
0.588519 -2.43221
-1.1539 0.0453377
-0.640914 -0.974927
-1.03802 -0.759735
-0.855499 -0.869116
-0.94743 -0.821514
-0.903481 -0.8462
-0.924417 -0.833509
-0.915336 -0.841049
-0.918082 -0.835486
-0.919292 -0.841015
-0.914892 -0.83414
-0.922713 -0.843712
-0.910431 -0.829785
-0.929001 -0.850365
-0.901141 -0.819794
-0.942582 -0.8653
-0.88054 -0.797497
-0.972408 -0.898695
-0.833944 -0.747283
-1.03787 -0.975443
-0.723617 -0.627376
-1.18141 -1.17812
-0.409246 -0.256449
-1.27835 -1.9817
0.641802 1.09858
0.543725 -2.45611
-1.0645 0.119765
-0.704632 -1.10719
-0.884337 -0.568144
-1.08068 -1.16286
-0.540013 -0.371967
-1.33483 -1.71201
0.416878 0.810156
0.819598 -2.16493
-1.64162 -0.678227
0.931544 1.07237
0.530904 -2.08923
-1.38617 -0.338434
-0.260746 -0.32281
-1.26467 -2.08028
0.749414 1.21263
0.465068 -2.45747
-0.941622 0.206145
-0.702688 -1.16241
-0.839201 -0.498093
-1.13973 -1.26975
-0.383957 -0.181766
-1.17736 -1.96613
0.447645 0.936786
0.709501 -2.34949
-1.39059 -0.190017
-0.169198 -0.222807
-0.949357 -1.76382
-0.0498207 0.428518
1.59239 -0.582611
0.941079 0.262725
1.05353 -1.31425
-1.02814 -2.23703
0.633727 1.22272
0.480274 -2.59599
-0.819372 0.355779
-0.337579 -0.663758
-1.42541 -1.52115
0.444038 0.786371
0.823341 -2.13311
-1.66273 -0.756151
1.05339 1.14164
0.508048 -1.95172
-1.46931 -0.525057
0.0290761 0.107563
1.33903 0.593414
0.867889 -1.10623
-0.787216 -1.72773
-0.209855 0.314418
1.30021 0.684813
0.808905 -1.22951
-1.21245 -2.47984
1.21263 1.53853
0.352317 -1.92255
-1.30375 -0.349635
-0.5177 -0.67707
-1.3095 -1.26344
-0.115921 0.0894298
0.689667 0.535803
0.910107 -1.76418
-1.73956 -2.09453
1.94205 0.258568
0.738013 -0.129227
1.42177 -0.675533
1.02974 0.336701
0.989809 -1.31649
-1.12118 -2.39211
0.960499 1.46018
0.343905 -2.33698
-0.878025 0.196503
-0.753125 -1.25619
-0.718603 -0.363413
-1.24628 -1.5244
0.0201272 0.335927
1.58906 -0.445145
1.06272 0.183993
1.09284 -1.13054
-0.391588 -1.07036
-1.17977 -0.774737
-0.678319 -0.717093
-1.17292 -1.08386
-0.494908 -0.385601
-1.35207 -1.75352
0.509518 0.910948
0.700097 -2.30263
-1.41757 -0.244895
-0.0962767 -0.110456
-0.290776 -0.716973
-1.44103 -1.49678
0.468287 0.805532
0.795483 -2.16187
-1.62168 -0.637317
0.817736 0.991083
0.576753 -2.16676
-1.37808 -0.284532
-0.268922 -0.345332
-1.29717 -2.0796
0.812887 1.25278
0.43947 -2.40983
-0.951209 0.177242
-0.745625 -1.21569
-0.760477 -0.417959
-1.21498 -1.4216
-0.138303 0.128497
0.784408 0.611346
0.825089 -1.80472
-1.75347 -1.68453
1.80245 0.710487
0.811769 -0.440904
1.39225 0.17806
1.09357 -0.716938
1.07967 0.459179
0.907456 -1.37514
-1.33544 -2.67304
1.64817 1.35032
0.553445 -1.02201
-1.23594 -2.41564
1.16271 1.50944
0.353477 -1.99969
-1.23488 -0.243435
-0.657253 -0.899442
-1.07895 -0.851436
-0.762197 -0.742063
-1.09596 -1.01045
-0.640628 -0.548519
-1.26877 -1.34624
-0.121019 0.114032
0.793114 0.614857
0.820739 -1.80257
-1.75267 -1.67729
1.79719 0.724365
0.809628 -0.454901
1.37783 0.22507
1.06989 -0.778143
0.916894 0.46502
0.90867 -1.54744
-1.56881 -2.65058
1.96871 0.422593
0.690702 -0.209352
1.47165 -0.374009
1.20202 0.0182641
1.18471 -0.80948
0.884966 0.424788
0.942683 -1.53065
-1.51936 -2.72266
1.95233 0.556837
0.70283 -0.26668
1.47079 -0.202828
1.20868 -0.205672
1.29296 -0.500191
1.27212 0.0841959
1.14333 -0.797657
0.904212 0.441954
0.926999 -1.53408
-1.53758 -2.6982
1.9591 0.506517
0.699537 -0.243551
1.47245 -0.275882
1.21213 -0.110824
1.25125 -0.63692
1.18819 0.310565
1.00856 -1.11377
-0.49255 -1.22687
-0.956462 -0.497166
-1.04053 -1.19359
-0.553109 -0.356978
-1.32714 -1.71519
0.402849 0.79745
0.838003 -2.14345
-1.66929 -0.764011
1.09133 1.15582
0.507676 -1.89756
-1.50887 -0.621056
0.206316 0.351688
1.44236 -1.1214
-0.111859 -0.689804
-1.4878 -1.92066
1.11029 1.34694
0.417932 -1.99308
-1.32593 -0.331601
-0.452586 -0.592238
-1.37555 -1.48004
0.254689 0.574649
1.16204 -1.69573
-1.54635 -2.83278
2.03016 0.138604
0.523044 -0.217802
1.47462 0.0794287
1.13098 -0.503358
1.33464 0.0629857
1.15136 -0.693524
1.13238 0.413102
0.940282 -1.27146
-1.09591 -2.32917
0.839732 1.38081
0.377658 -2.47577
-0.780483 0.331396
-0.391658 -0.753269
-1.36801 -1.27782
0.0366557 0.271124
1.58366 -0.196845
1.14166 -0.0668891
1.24146 -0.761702
0.994371 0.422248
0.932312 -1.43397
-1.39798 -2.72855
1.79702 1.09613
0.65616 -0.669925
0.435988 0.180267
1.39322 -1.08362
0.0272515 -0.472228
-1.12479 -2.08055
0.52957 1.05954
0.598204 -2.48795
-1.11453 0.100794
-0.650135 -1.01128
-1.0033 -0.708998
-0.91495 -0.94436
-0.85024 -0.713587
-1.04322 -1.0095
-0.69449 -0.584148
-1.21969 -1.25481
-0.288176 -0.100741
-0.883882 -1.63002
-0.250944 0.195433
0.593402 0.467774
1.0111 -1.6898
-1.64231 -2.58699
2.01252 0.0605087
0.540324 -0.180631
1.49829 -0.123445
1.18427 -0.261432
1.31889 -0.425859
1.28175 -0.0341797
1.20348 -0.657003
1.17991 0.348493
0.984468 -1.15675
-0.698092 -1.58879
-0.42795 0.0789956
-0.653472 -1.23364
-0.8144 -0.420966
-1.1757 -1.37571
-0.240085 0.00683544
-0.350555 -0.788186
-1.38312 -1.2697
0.0705057 0.308788
1.577 -0.534132
1.01084 0.244659
1.05608 -1.24052
-0.830774 -1.85437
-0.0304828 0.527241
1.5119 -1.06432
0.023207 -0.505157
-1.19641 -2.16537
0.749214 1.24841
0.447369 -2.49062
-0.878322 0.266332
-0.605084 -1.04641
-1.01213 -0.681436
-0.91954 -0.968213
-0.829793 -0.683624
-1.07452 -1.05402
-0.631333 -0.511644
-1.28405 -1.40779
-0.0317395 0.234706
1.49904 0.325742
1.02565 -0.663887
1.16169 0.444685
0.923043 -1.26021
-1.09769 -2.32677
0.838529 1.37888
0.378587 -2.47609
-0.781671 0.330646
-0.395148 -0.758264
-1.36359 -1.2647
0.0133868 0.240115
1.55526 0.0790409
1.11333 -0.377079
1.36405 -0.22682
1.25487 -0.308276
1.30787 -0.290734
1.28648 -0.272643
1.29046 -0.322382
1.29713 -0.236499
1.27852 -0.368375
1.30462 -0.16592
1.25479 -0.46254
1.30331 -0.00332483
1.18614 -0.665256
1.17263 0.365111
0.973564 -1.18011
-0.79579 -1.768
-0.157447 0.379437
1.55222 0.205832
1.0712 -0.487302
1.35729 0.0399861
1.16068 -0.638965
1.21272 0.333841
0.996129 -1.10175
-0.473485 -1.19158
-1.00494 -0.554256
-0.97692 -1.10215
-0.682864 -0.501373
-1.25247 -1.37707
-0.120714 0.126844
0.859145 0.655969
0.781757 -1.79261
-1.74478 -1.5826
1.73194 0.870427
0.775173 -0.62241
0.985334 0.550128
0.845569 -1.56382
-1.63284 -2.48059
1.96061 0.361884
0.706994 -0.179668
1.45821 -0.494739
1.16585 0.166322
1.09816 -1.00723
0.118406 -0.286625
-0.138755 -0.514321
-1.38479 -2.13536
1.08762 1.39622
0.390166 -2.0669
-1.22174 -0.196131
-0.668952 -0.931437
-1.04751 -0.804948
-0.821486 -0.81438
-1.00831 -0.898532
-0.802454 -0.731686
-1.07081 -1.00677
-0.669461 -0.570726
-1.24211 -1.2915
-0.219085 -0.0131504
-0.358085 -0.80335
-1.37145 -1.2327
0.00636217 0.222973
1.53015 0.201465
1.07616 -0.519459
1.33923 0.117001
1.12428 -0.739506
1.03952 0.457853
0.90718 -1.42003
-1.40489 -2.71908
1.79861 1.08744
0.659478 -0.662998
0.482143 0.229646
1.31029 -1.25145
-0.559493 -1.40841
-0.725377 -0.224421
-1.22183 -1.66103
0.133182 0.509178
1.35752 -1.39793
-0.930969 -2.13777
0.407328 1.02353
0.66999 -2.47679
-1.22765 0.0153273
-0.509112 -0.765514
-1.27608 -1.13292
-0.292224 -0.15658
-1.02623 -1.83801
0.105387 0.590172
1.29904 -1.54164
-1.23855 -2.72162
1.56002 1.48307
0.474883 -1.24492
-1.60485 -2.22789
1.7584 0.986235
0.71807 -0.652263
0.729098 0.441948
0.971329 -1.63454
-1.61418 -2.61806
1.99987 0.193556
0.610938 -0.166819
1.48937 -0.358857
1.19256 0.0157507
1.18712 -0.816714
0.86647 0.417923
0.951283 -1.53627
-1.5186 -2.72824
1.95468 0.548744
0.700554 -0.263041
1.47151 -0.210916
1.20925 -0.194709
1.2886 -0.516923
1.26646 0.112755
1.12783 -0.833349
0.795028 0.401064
0.982177 -1.55832
-1.51869 -2.74624
1.9649 0.508015
0.689928 -0.24611
1.47443 -0.248376
1.21054 -0.143812
1.26687 -0.59206
1.22621 0.239754
1.05376 -1.00332
0.0570874 -0.364534
-0.749541 -1.49171
-0.492768 -0.0448107
-1.05415 -1.79711
0.0825022 0.542946
1.37618 -1.38877
-0.901225 -2.08283
0.310076 0.923073
0.794408 -2.31281
-1.51842 -0.356678
0.31819 0.451772
1.23107 -1.52845
-1.263 -2.72955
1.60325 1.43781
0.504897 -1.14584
-1.4898 -2.48437
1.73031 1.1344
0.656011 -0.77507
-0.0898165 -0.516803
-1.35189 -2.18851
1.08 1.41055
0.382064 -2.09026
-1.1883 -0.156199
-0.720392 -1.01694
-0.944453 -0.677994
-0.98326 -1.00923
-0.748271 -0.612533
-1.16928 -1.18322
-0.421294 -0.264649
-1.28952 -1.96799
0.645878 1.09675
0.543794 -2.45056
-1.0701 0.113188
-0.705021 -1.10447
-0.886289 -0.571496
-1.07783 -1.158
-0.546861 -0.380122
-1.33384 -1.6921
0.390439 0.777974
0.861641 -2.11101
-1.70362 -0.894701
1.29441 1.19117
0.54311 -1.55571
-1.68784 -1.54172
1.50648 1.19119
0.607559 -1.16764
-1.3979 -2.56888
1.64187 1.3137
0.57128 -1.00985
-1.17943 -2.34459
0.974779 1.43967
0.35436 -2.29782
-0.936577 0.135451
-0.820395 -1.31691
-0.614205 -0.267144
-1.28101 -1.74473
0.34039 0.746583
0.922174 -2.04429
-1.76343 -1.23266
1.65656 0.945941
0.749032 -0.777718
0.253483 -0.0511742
1.43589 0.367515
1.0025 -0.796384
0.791598 0.42772
0.962135 -1.59135
-1.57473 -2.67719
1.98772 0.324948
0.654469 -0.186098
1.4791 -0.383526
1.19435 0.0379325
1.17419 -0.840197
0.797719 0.391051
0.989314 -1.5452
-1.49563 -2.76277
1.94922 0.598065
0.700089 -0.287241
1.46739 -0.125107
1.19658 -0.303188
1.32609 -0.342398
1.2844 -0.171028
1.26145 -0.477983
1.29569 0.0293721
1.1707 -0.710554
1.10175 0.421933
0.93273 -1.31641
-1.19977 -2.50693
1.23011 1.55006
0.351541 -1.89616
-1.32603 -0.38712
-0.463209 -0.592619
-1.36949 -1.46536
0.22304 0.535792
1.23447 -1.58781
-1.35137 -2.84321
1.83524 1.05963
0.654587 -0.609404
0.71255 0.440543
0.978756 -1.63798
-1.61245 -2.62668
2.00173 0.186119
0.605059 -0.168407
1.49117 -0.339874
1.19485 -0.0068361
1.19963 -0.787667
0.940831 0.433376
0.928639 -1.49467
-1.4865 -2.73234
1.91941 0.711255
0.712226 -0.351627
1.43846 0.0769925
1.13676 -0.556543
1.30078 0.181231
1.09021 -0.851843
0.70577 0.353798
1.05445 -1.52768
-1.4117 -2.79579
1.87146 0.923053
0.687123 -0.498406
1.18619 0.539932
0.868222 -1.30177
-1.26101 -2.57177
1.41026 1.52596
0.415386 -1.53848
-1.62792 -1.21091
1.01624 1.18716
0.479571 -2.04649
-1.35813 -0.333728
-0.354654 -0.455251
-1.39886 -1.86424
0.771971 1.15999
0.489301 -2.38079
-1.0577 0.0880412
-0.752879 -1.16862
-0.796249 -0.476715
-1.17815 -1.32359
-0.286191 -0.0642061
-0.772669 -1.45517
-0.513522 -0.089964
-1.1365 -1.86674
0.262105 0.730569
0.997359 -1.97344
-1.79197 -1.67857
1.8875 0.378596
0.818751 -0.183982
1.41255 -0.605257
1.11993 0.279663
1.02601 -1.16751
-0.651926 -1.51332
-0.542933 -0.0442211
-1.08795 -1.80955
0.133065 0.590241
1.26889 -1.58295
-1.32116 -2.82703
1.78294 1.18266
0.621004 -0.737826
-0.048741 -0.450365
-1.21163 -2.15083
0.753416 1.24435
0.448858 -2.4816
-0.89033 0.253645
-0.631663 -1.08112
-0.962812 -0.625794
-0.990204 -1.05626
-0.70737 -0.552811
-1.22117 -1.28826
-0.256012 -0.0526188
-0.650068 -1.26417
-0.789256 -0.382195
-1.1987 -1.43975
-0.144422 0.131289
0.769401 0.601627
0.835561 -1.80364
-1.75469 -1.72228
1.82172 0.659804
0.817171 -0.3909
1.42762 0.00875649
1.1654 -0.506144
1.32266 0.0667736
1.15015 -0.713642
1.09609 0.432602
0.925527 -1.33246
-1.23955 -2.56507
1.36789 1.54277
0.394671 -1.62821
-1.57013 -0.94436
0.581352 0.823961
0.73237 -2.1659
-1.55732 -0.515154
0.469573 0.648531
0.923558 -1.93493
-1.77704 -1.57618
1.81998 0.622798
0.830281 -0.371471
1.43482 -0.0739715
1.19278 -0.407455
1.33683 -0.139976
1.23812 -0.459021
1.31135 -0.017231
1.19187 -0.639461
1.20535 0.325138
1.00081 -1.10414
-0.472393 -1.19059
-1.0068 -0.55619
-0.974428 -1.09887
-0.687502 -0.506362
-1.24815 -1.36643
-0.138542 0.10356
0.651974 0.506562
0.949182 -1.73703
-1.71261 -2.29919
1.97995 0.112827
0.636653 -0.124248
1.46803 -0.552174
1.11757 0.237136
1.0539 -1.12969
-0.460509 -1.18027
-1.02663 -0.576769
-0.947324 -1.06378
-0.736808 -0.559015
-1.1979 -1.25993
-0.316317 -0.126016
-0.998319 -1.79137
0.0235177 0.497491
1.4858 -1.11897
-0.125463 -0.720701
-1.49657 -1.82562
1.02781 1.29834
0.426649 -2.10669
-1.23436 -0.185548
-0.636725 -0.890124
-1.10139 -0.872934
-0.724813 -0.700868
-1.14619 -1.08076
-0.531543 -0.419241
-1.34498 -1.65605
0.373996 0.750515
0.895611 -2.06377
-1.74413 -1.10446
1.53966 1.08388
0.66835 -1.04919
-1.07478 -2.20583
0.64143 1.20614
0.486921 -2.5712
-0.856791 0.317934
-0.470058 -0.852948
-1.25896 -1.03261
-0.397963 -0.312336
-1.32211 -1.96653
0.713729 1.14748
0.503422 -2.43651
-1.0229 0.139289
-0.732534 -1.16432
-0.815067 -0.487459
-1.16127 -1.29796
-0.331963 -0.120106
-1.01007 -1.80242
0.047204 0.522204
1.4366 -1.25662
-0.534943 -1.39437
-0.760651 -0.254271
-1.21058 -1.59878
0.0438206 0.392909
1.55238 -0.796677
0.668686 0.201683
1.20669 -1.30759
-0.818891 -1.87002
-0.0201171 0.548154
1.48174 -1.16606
-0.269795 -0.949296
-1.36849 -1.09041
-0.113914 0.0393967
0.426056 0.274255
1.31391 -1.28636
-0.664033 -1.60134
-0.440021 0.085801
-0.658537 -1.239
-0.805585 -0.412354
-1.18353 -1.3923
-0.213272 0.0408329
-0.0675932 -0.362433
-1.07243 -1.97689
0.328625 0.850617
0.840719 -2.20445
-1.63715 -0.635953
0.909062 1.05354
0.540136 -2.10554
-1.38395 -0.32647
-0.264564 -0.330606
-1.27718 -2.08099
0.774531 1.22922
0.454063 -2.4408
-0.941709 0.198367
-0.71661 -1.18123
-0.812376 -0.470017
-1.16761 -1.32038
-0.303182 -0.0815703
-0.86333 -1.59415
-0.304653 0.135153
0.00914678 -0.238996
-0.426049 -0.947861
-1.23631 -0.926414
-0.506753 -0.473302
-1.35839 -1.60575
0.348693 0.709893
0.949364 -1.98976
-1.78205 -1.47915
1.79917 0.66426
0.829886 -0.418145
1.41302 0.0757599
1.13987 -0.593619
1.26778 0.257872
1.04547 -0.963881
0.20896 -0.156144
1.00078 0.661962
0.773289 -1.64676
-1.71754 -2.02485
1.87685 0.557001
0.799032 -0.286298
1.44968 -0.298164
1.22461 -0.107864
1.24752 -0.628441
1.19923 0.298262
1.01683 -1.08911
-0.378333 -1.03393
-1.21888 -0.838617
-0.585678 -0.594327
-1.29207 -1.32723
-0.0939265 0.136602
1.02372 0.717773
0.74006 -1.6658
-1.72652 -1.85221
1.81283 0.727249
0.799745 -0.438932
1.39056 0.193074
1.08621 -0.732258
1.04324 0.469667
0.899373 -1.42656
-1.42292 -2.72074
1.82589 1.01761
0.677802 -0.593138
0.853034 0.524859
0.874639 -1.66124
-1.69347 -2.3024
1.95922 0.264269
0.706444 -0.141381
1.44304 -0.606454
1.09175 0.284964
1.02278 -1.20328
-0.775262 -1.74089
-0.203246 0.330939
1.36937 0.61956
0.860724 -1.07363
-0.694185 -1.55547
-0.466474 0.0296611
-0.869616 -1.5583
-0.338546 0.0839621
-0.374201 -0.809134
-1.35701 -1.2023
-0.0570534 0.139083
1.17704 0.7114
0.765934 -1.44269
-1.57428 -2.54643
1.91863 0.610952
0.738552 -0.297076
1.46179 -0.167041
1.20721 -0.261454
1.31212 -0.409223
1.28764 -0.0682583
1.2186 -0.609205
1.23048 0.269815
1.03602 -1.02408
-0.066808 -0.542364
-1.36105 -2.20076
1.11725 1.42326
0.383406 -2.03008
-1.24699 -0.23758
-0.628252 -0.861659
-1.12689 -0.91507
-0.669385 -0.631619
-1.21944 -1.20659
-0.330084 -0.165588
-1.09732 -1.91389
0.274815 0.769155
0.9506 -2.04619
-1.77557 -1.30722
1.7229 0.828295
0.795174 -0.61155
1.0569 0.549295
0.84798 -1.48056
-1.54476 -2.64204
1.93577 0.586795
0.721264 -0.281379
1.46638 -0.188114
1.20872 -0.229623
1.30157 -0.461529
1.28181 0.0183837
1.1774 -0.716291
1.09095 0.4241
0.930816 -1.33112
-1.23011 -2.55324
1.3379 1.54856
0.382964 -1.68864
-1.52248 -0.792315
0.29474 0.486107
1.2172 -1.57019
-1.33769 -2.82054
1.79804 1.14323
0.634187 -0.697125
0.212486 -0.0871553
1.26433 0.613482
0.840209 -1.23862
-1.18189 -2.44389
1.11714 1.51912
0.339115 -2.09199
-1.12591 -0.105908
-0.807221 -1.15854
-0.765041 -0.476529
-1.20107 -1.34602
-0.232912 -0.0017938
-0.361471 -0.806456
-1.36763 -1.22288
-0.0121902 0.19823
1.46473 0.405992
0.986352 -0.776388
0.836819 0.454915
0.92961 -1.59662
-1.60539 -2.60529
1.98608 0.283279
0.654613 -0.17114
1.4759 -0.433748
1.18053 0.100583
1.13806 -0.923619
0.499302 0.165116
1.35617 -1.1306
-0.133218 -0.703963
-1.49188 -1.84338
1.03265 1.30412
0.42457 -2.10236
-1.23556 -0.188875
-0.635464 -0.887286
-1.1043 -0.877297
-0.71891 -0.693643
-1.15428 -1.09327
-0.512002 -0.395351
-1.34896 -1.71651
0.456343 0.849762
0.76796 -2.22521
-1.55302 -0.466495
0.45981 0.631322
0.944667 -1.90758
-1.77855 -1.73217
1.87867 0.440742
0.820801 -0.221275
1.42729 -0.509923
1.1822 0.168728
1.09629 -0.990957
0.182635 -0.19963
0.675333 0.48241
0.959227 -1.70087
-1.68194 -2.43101
1.99376 0.0956645
0.599287 -0.144352
1.48926 -0.412011
1.17783 0.0836353
1.14849 -0.90849
0.563011 0.224431
1.25409 -1.30393
-0.761725 -1.7717
-0.177304 0.374278
1.51934 0.329841
1.02373 -0.633533
1.21482 0.400477
0.956058 -1.15325
-0.745382 -1.66984
-0.304816 0.213509
0.433784 0.308091
1.27423 -1.36293
-0.901184 -2.05166
0.269327 0.872847
0.862473 -2.21426
-1.65064 -0.657593
0.986198 1.09955
0.520742 -2.0287
-1.42365 -0.417359
-0.142669 -0.143575
-0.621353 -1.23958
-0.834624 -0.424191
-1.15982 -1.35687
-0.278955 -0.0391053
-0.669622 -1.29107
-0.749085 -0.340635
-1.22708 -1.52214
-0.0145185 0.299537
1.58279 -0.0935262
1.13813 -0.173632
1.29733 -0.606123
1.198 0.264348
1.03759 -1.06097
-0.219178 -0.778015
-1.46736 -1.50344
0.56515 0.902352
0.684534 -2.27259
-1.42313 -0.268884
-0.087032 -0.0933992
-0.162129 -0.520769
-1.40274 -2.09534
1.0809 1.38282
0.395206 -2.07024
-1.2255 -0.197529
-0.661378 -0.920484
-1.06115 -0.822222
-0.797822 -0.786571
-1.04324 -0.940873
-0.742056 -0.664662
-1.15092 -1.11906
-0.496327 -0.366924
-1.34658 -1.77689
0.525126 0.932251
0.67953 -2.32632
-1.37252 -0.186381
-0.235096 -0.317147
-1.23401 -2.08069
0.694135 1.17557
0.492099 -2.48573
-0.954843 0.209934
-0.686282 -1.13475
-0.875358 -0.538404
-1.09843 -1.20157
-0.48945 -0.308995
-1.32484 -1.85481
0.573086 0.998931
0.620237 -2.38963
-1.2385 -0.0388146
-0.532979 -0.785261
-1.24742 -1.08325
-0.382006 -0.274252
-1.28477 -2.00117
0.680892 1.13518
0.515667 -2.45847
-1.01943 0.152164
-0.718321 -1.14825
-0.839479 -0.51185
-1.13557 -1.25363
-0.403152 -0.207678
-1.22398 -1.9813
0.541567 1.01954
0.618066 -2.43179
-1.1965 0.0145115
-0.583322 -0.876815
-1.15266 -0.918518
-0.635259 -0.601263
-1.25559 -1.27457
-0.211105 -0.0118714
-0.319576 -0.744327
-1.41847 -1.39614
0.293248 0.596095
1.10438 -1.76751
-1.66048 -2.61501
2.03357 -0.140296
0.371712 -0.298222
1.03041 0.638189
0.789852 -1.5896
-1.68318 -2.25365
1.92432 0.437898
0.761033 -0.206358
1.44559 -0.488801
1.17954 0.15122
1.10715 -0.9767
0.256983 -0.105436
1.32524 0.546801
0.890377 -1.09704
-0.703172 -1.57801
-0.435778 0.064978
-0.716107 -1.33063
-0.676633 -0.274729
-1.25887 -1.66702
0.204186 0.582174
1.2035 -1.65705
-1.46885 -2.8875
1.9932 0.454583
0.6443 -0.239104
1.48165 -0.174376
1.19996 -0.225708
1.3026 -0.475031
1.27701 0.0433119
1.16488 -0.749125
1.02545 0.446163
0.915021 -1.42464
-1.40306 -2.72224
1.79875 1.08869
0.658858 -0.663589
0.476968 0.224262
1.31952 -1.23513
-0.501715 -1.30732
-0.874326 -0.386149
-1.1338 -1.36667
-0.301449 -0.052765
-0.774817 -1.45503
-0.512137 -0.0896026
-1.1353 -1.86657
0.26036 0.72902
1.00031 -1.96962
-1.79196 -1.70031
1.89417 0.353166
0.812432 -0.168605
1.40782 -0.639046
1.08779 0.311907
1.00485 -1.233
-0.894667 -1.96409
0.152002 0.728117
1.0995 -1.8754
-1.74721 -2.30614
2.01096 -0.202278
0.39063 -0.260952
1.21646 0.60055
0.837787 -1.30271
-1.30377 -2.61059
1.52698 1.4613
0.478763 -1.28837
-1.62973 -2.12567
1.74119 0.992555
0.719442 -0.678692
0.618324 0.352712
1.10006 -1.52834
-1.37098 -2.79402
1.81756 1.07906
0.655053 -0.638055
0.584192 0.331976
1.13964 -1.49095
-1.27701 -2.70881
1.5997 1.43152
0.507567 -1.14775
-1.48927 -2.48651
1.73124 1.1334
0.656338 -0.773229
-0.079409 -0.501227
-1.32378 -2.19733
1.02985 1.39831
0.379694 -2.17237
-1.10441 -0.0487688
-0.807162 -1.18464
-0.742739 -0.443197
-1.22344 -1.40485
-0.141793 0.117155
0.708282 0.554627
0.888648 -1.78036
-1.74945 -1.97279
1.91252 0.370252
0.784906 -0.173819
1.42246 -0.603725
1.11299 0.279595
1.02607 -1.17516
-0.677855 -1.56067
-0.473188 0.0318213
-0.874262 -1.56318
-0.330056 0.0925449
-0.305022 -0.70298
-1.436 -1.49982
0.455055 0.792744
0.812329 -2.14318
-1.64778 -0.710666
0.966356 1.09592
0.520798 -2.05642
-1.40106 -0.374295
-0.217681 -0.255551
-1.11131 -1.97446
0.370274 0.880205
0.791384 -2.26232
-1.55146 -0.438116
0.46136 0.629319
0.945468 -1.90496
-1.77828 -1.74339
1.88197 0.429582
0.818682 -0.213572
1.42524 -0.528658
1.17213 0.192422
1.08172 -1.02562
0.0142416 -0.430782
-1.05953 -1.98461
0.32484 0.853126
0.841122 -2.20703
-1.63597 -0.631337
0.902692 1.04898
0.542453 -2.11052
-1.38265 -0.322163
-0.267666 -0.33584
-1.2856 -2.08016
0.790099 1.23881
0.447932 -2.4288
-0.944622 0.190742
-0.727879 -1.19513
-0.791788 -0.449099
-1.18747 -1.35987
-0.239173 -0.000746263
-0.381327 -0.836676
-1.3384 -1.14686
-0.147806 0.0148088
0.112613 -0.115845
0.759529 0.557964
0.870558 -1.75956
-1.74446 -1.98194
1.90759 0.399694
0.789224 -0.18924
1.42748 -0.566934
1.14195 0.240553
1.05136 -1.10603
-0.373893 -1.03286
-1.2237 -0.844023
-0.574911 -0.580745
-1.30332 -1.35818
-0.0413503 0.206245
1.42591 0.493699
0.937677 -0.898946
0.257568 -0.0755693
1.39587 0.446763
0.957104 -0.916123
0.228475 -0.115931
1.21992 0.636604
0.817653 -1.32344
-1.36362 -2.65415
1.67284 1.30471
0.577079 -0.957382
-1.04688 -2.13023
0.506307 1.0751
0.597223 -2.5189
-1.08305 0.13757
-0.653396 -1.03294
-0.983948 -0.679863
-0.946963 -0.986528
-0.79475 -0.652914
-1.11638 -1.10763
-0.546032 -0.414148
-1.33841 -1.64498
0.345137 0.717885
0.944658 -2.00081
-1.77972 -1.43011
1.77608 0.720896
0.821255 -0.478546
1.35578 0.275643
1.04235 -0.852196
0.649028 0.320605
1.11169 -1.48463
-1.29245 -2.71707
1.63134 1.3951
0.529668 -1.07516
-1.36419 -2.51969
1.5257 1.42433
0.4969 -1.26844
-1.60962 -2.23391
1.77356 0.952846
0.72807 -0.613895
0.908594 0.53935
0.856962 -1.62991
-1.67984 -2.33999
1.9573 0.298476
0.712083 -0.152702
1.44556 -0.581503
1.11343 0.2613
1.0381 -1.15737
-0.593078 -1.40969
-0.695784 -0.208854
-1.22953 -1.70477
0.197713 0.591505
1.19996 -1.66778
-1.48526 -2.88421
2.00561 0.373757
0.620115 -0.221422
1.48677 -0.181624
1.19861 -0.210151
1.29726 -0.501456
1.26937 0.0883358
1.14118 -0.80534
0.882685 0.435995
0.934774 -1.54431
-1.54302 -2.69763
1.96482 0.475598
0.693517 -0.231053
1.47338 -0.306827
1.21044 -0.0692418
1.23094 -0.693948
1.11896 0.386112
0.956762 -1.2646
-1.05467 -2.25762
0.690927 1.26644
0.447188 -2.57819
-0.783564 0.374099
-0.242776 -0.530029
-1.42997 -1.94265
0.959943 1.29483
0.420743 -2.21878
-1.11796 -0.0356687
-0.776342 -1.14547
-0.798695 -0.500484
-1.1702 -1.29323
-0.324673 -0.116207
-0.990007 -1.77696
-0.000865967 0.469671
1.53336 -0.945865
0.340954 -0.0968847
1.47325 0.218909
1.07356 -0.624767
1.23645 0.350609
0.988331 -1.08356
-0.419647 -1.09824
-1.13223 -0.714562
-0.771284 -0.834483
-1.03417 -0.890852
-0.783297 -0.727039
-1.08803 -1.02042
-0.641955 -0.542602
-1.26952 -1.35362
-0.112585 0.126063
0.89277 0.672746
0.767549 -1.7771
-1.74152 -1.5859
1.72337 0.890315
0.768305 -0.645745
0.889052 0.523789
0.870108 -1.63123
-1.6742 -2.37425
1.96439 0.273812
0.697214 -0.148482
1.45049 -0.573648
1.11591 0.254406
1.04259 -1.14809
-0.550971 -1.33574
-0.803704 -0.325427
-1.19041 -1.48843
-0.106181 0.192876
1.20672 0.712276
0.771649 -1.39754
-1.51804 -2.62219
1.88733 0.774488
0.726767 -0.401876
1.39949 0.217266
1.0745 -0.738853
1.02233 0.475437
0.895341 -1.45495
-1.46673 -2.71959
1.8853 0.833364
0.708692 -0.43688
1.34124 0.364887
0.992886 -0.942896
0.192682 -0.168544
0.87649 0.618018
0.805754 -1.73829
-1.74232 -1.8373
1.84277 0.622574
0.813098 -0.349275
1.44252 -0.119446
1.20361 -0.344602
1.33078 -0.260167
1.27303 -0.296926
1.2997 -0.294779
1.29004 -0.27395
1.28956 -0.316871
1.29683 -0.246613
1.28119 -0.353187
1.30313 -0.190913
1.26353 -0.429168
1.30663 -0.0631791
1.21342 -0.59218
1.24844 0.240083
1.05465 -0.974574
0.180643 -0.194974
0.689499 0.49442
0.943595 -1.71245
-1.69822 -2.35525
1.98392 0.120494
0.629704 -0.131168
1.47372 -0.517722
1.1378 0.201826
1.07636 -1.07333
-0.193792 -0.744706
-1.48199 -1.6244
0.747441 1.08605
0.531276 -2.33869
-1.16093 -0.00714371
-0.67712 -1.00993
-0.983162 -0.700942
-0.937655 -0.964266
-0.818154 -0.682633
-1.08408 -1.06031
-0.616868 -0.497467
-1.29595 -1.44226
0.0271262 0.311619
1.58946 -0.357162
1.10551 0.104245
1.14184 -1.00426
0.19275 -0.194487
0.750924 0.540138
0.886522 -1.7434
-1.73538 -2.08608
1.93296 0.309405
0.755278 -0.146954
1.42281 -0.646268
1.0662 0.317545
1.00147 -1.26121
-0.975524 -2.11943
0.421716 1.01618
0.668116 -2.46475
-1.23601 0.00283301
-0.50069 -0.749271
-1.29042 -1.1657
-0.238185 -0.0838238
-0.707451 -1.36079
-0.654158 -0.236728
-1.25624 -1.72767
0.272195 0.673634
1.04462 -1.88434
-1.76626 -2.12001
1.98115 -0.0283641
0.581076 -0.121252
1.49038 -0.452229
1.16033 0.134339
1.11838 -0.980937
0.255504 -0.109338
1.31156 0.561821
0.879237 -1.12893
-0.833518 -1.81671
-0.0735196 0.468306
1.58857 -0.668285
0.83706 0.263613
1.07897 -1.37397
-1.12631 -2.43291
1.02459 1.49899
0.332902 -2.24991
-0.954326 0.0998677
-0.85316 -1.34497
-0.564471 -0.221538
-1.26983 -1.83954
0.437909 0.873627
0.759498 -2.25967
-1.51932 -0.39349
0.305498 0.441434
1.25381 -1.49479
-1.19013 -2.6178
1.36354 1.57078
0.379885 -1.65353
-1.54171 -0.858028
0.406984 0.626403
0.98434 -1.88375
-1.77403 -1.93689
1.93824 0.201303
0.74018 -0.105879
1.40747 -0.736895
0.948782 0.358967
0.981361 -1.41177
-1.30875 -2.67873
1.61314 1.40014
0.52516 -1.10703
-1.41687 -2.5287
1.63453 1.30778
0.573625 -1.01784
-1.19153 -2.36308
1.01901 1.46165
0.349111 -2.2348
-0.995035 0.0628457
-0.856095 -1.32182
-0.584167 -0.252012
-1.28294 -1.79373
0.405366 0.826561
0.813141 -2.18764
-1.62219 -0.618
0.823122 0.992692
0.57546 -2.16198
-1.38049 -0.289803
-0.262576 -0.33531
-1.28126 -2.08286
0.785149 1.23667
0.449403 -2.43351
-0.942004 0.194782
-0.722722 -1.18933
-0.800723 -0.457942
-1.17906 -1.34286
-0.266924 -0.0358922
-0.622121 -1.21683
-0.854499 -0.45358
-1.13862 -1.30992
-0.348966 -0.127753
-1.05018 -1.84942
0.142711 0.625356
1.21988 -1.66859
-1.47276 -2.89658
2.00134 0.412127
0.629481 -0.23017
1.48447 -0.171988
1.19835 -0.224721
1.30269 -0.47794
1.27595 0.0485938
1.16217 -0.756039
1.01008 0.448496
0.913689 -1.44303
-1.43111 -2.72966
1.84469 0.96904
0.687443 -0.54692
1.04496 0.57491
0.830873 -1.51721
-1.59889 -2.54714
1.95134 0.453778
0.71782 -0.216623
1.46422 -0.396581
1.20178 0.0416334
1.17139 -0.836229
0.808127 0.397047
0.981513 -1.5472
-1.50523 -2.75386
1.9546 0.565967
0.697882 -0.271599
1.47079 -0.175648
1.20492 -0.23887
1.30574 -0.449276
1.28309 -0.00124722
1.18718 -0.693013
1.13021 0.398854
0.949219 -1.26197
-1.06044 -2.26613
0.709288 1.28133
0.436941 -2.57047
-0.774858 0.377163
-0.221706 -0.500542
-1.40981 -2.02333
1.00648 1.33688
0.40544 -2.17066
-1.1433 -0.0792327
-0.76261 -1.10677
-0.841106 -0.55296
-1.12103 -1.20457
-0.462205 -0.286347
-1.31247 -1.90967
0.617011 1.05368
0.575093 -2.42583
-1.14054 0.0516141
-0.659707 -1.00613
-0.999695 -0.712058
-0.916856 -0.943151
-0.849573 -0.714444
-1.0433 -1.00875
-0.694956 -0.585
-1.21905 -1.25333
-0.290478 -0.103757
-0.896776 -1.64927
-0.220373 0.228998
0.909626 0.697212
0.750634 -1.78327
-1.73671 -1.51214
1.67227 0.975
0.73541 -0.769298
0.245686 -0.0590778
1.40854 0.427857
0.968777 -0.882731
0.40013 0.0902571
1.48978 -0.753319
0.835193 0.307444
1.04458 -1.42808
-1.26596 -2.65192
1.5169 1.48949
0.462324 -1.32305
-1.64943 -1.97409
1.68182 1.06526
0.692975 -0.805248
-0.0915732 -0.524955
-1.36238 -2.1839
1.09797 1.41364
0.384001 -2.05941
-1.22035 -0.198955
-0.673037 -0.936116
-1.04099 -0.797298
-0.832268 -0.826819
-0.992322 -0.879855
-0.828732 -0.760542
-1.03449 -0.961364
-0.736514 -0.645695
-1.1638 -1.1467
-0.45814 -0.317915
-1.33121 -1.88627
0.628533 1.0555
0.571087 -2.4191
-1.14118 0.0477739
-0.662525 -1.00895
-0.995328 -0.707403
-0.923235 -0.950612
-0.8393 -0.70355
-1.05703 -1.02599
-0.669309 -0.556479
-1.24678 -1.31155
-0.192778 0.0231055
-0.0639876 -0.360026
-1.05985 -1.96027
0.293433 0.813816
0.896246 -2.12999
-1.71964 -0.929093
1.38316 1.17008
0.581628 -1.37944
-1.64157 -2.19932
1.81889 0.820632
0.761675 -0.485844
1.30675 0.398484
0.969563 -1.01994
-0.200068 -0.736046
-1.4799 -1.62984
0.746084 1.08611
0.531425 -2.34024
-1.15965 -0.00540846
-0.678099 -1.01205
-0.980773 -0.697888
-0.941325 -0.968855
-0.811945 -0.675945
-1.09218 -1.07124
-0.600208 -0.478304
-1.30889 -1.48741
0.101535 0.408665
1.49073 -1.03856
0.119876 -0.364694
-0.509489 -1.10197
-1.04828 -0.653956
-0.895044 -0.971265
-0.846746 -0.687138
-1.05945 -1.04251
-0.654839 -0.535153
-1.26287 -1.35331
-0.125103 0.112441
0.76523 0.595897
0.840781 -1.79973
-1.7547 -1.75218
1.83438 0.625454
0.818866 -0.358668
1.43957 -0.0979593
1.19865 -0.373595
1.3349 -0.206107
1.25916 -0.371603
1.31234 -0.173971
1.25563 -0.442587
1.30763 -0.041612
1.2036 -0.616353
1.22824 0.284264
1.02723 -1.03943
-0.15062 -0.668641
-1.48105 -1.87713
1.03672 1.31318
0.420835 -2.10159
-1.23117 -0.185592
-0.643885 -0.900116
-1.08898 -0.856432
-0.748413 -0.728958
-1.11361 -1.03315
-0.60497 -0.507299
-1.30152 -1.43958
0.0359108 0.320313
1.58685 -0.439703
1.06864 0.178522
1.096 -1.11929
-0.342455 -0.988783
-1.28223 -0.940716
-0.413592 -0.365068
-1.35665 -1.89546
0.701414 1.11619
0.522059 -2.41811
-1.06966 0.0977207
-0.724695 -1.12835
-0.851496 -0.535511
-1.11867 -1.2189
-0.452673 -0.269579
-1.29995 -1.93257
0.620346 1.06416
0.568234 -2.43526
-1.12141 0.0698342
-0.674441 -1.03629
-0.964816 -0.668136
-0.969832 -1.0096
-0.759258 -0.617194
-1.15912 -1.17102
-0.444466 -0.292062
-1.31486 -1.92642
0.644351 1.08125
0.552733 -2.43491
-1.09888 0.0854661
-0.694533 -1.07453
-0.9188 -0.612804
-1.03431 -1.09437
-0.639258 -0.48584
-1.28404 -1.43745
-0.00173011 0.278401
1.57585 -0.0459547
1.13518 -0.230185
1.32223 -0.512338
1.25083 0.118451
1.12495 -0.85879
0.712976 0.351199
1.05347 -1.52303
-1.40592 -2.7927
1.86171 0.952236
0.682885 -0.522881
1.11019 0.569521
0.839876 -1.42953
-1.48974 -2.68125
1.88885 0.799942
0.716918 -0.41552
1.37804 0.282629
1.04042 -0.824008
0.745883 0.391769
1.00619 -1.56668
-1.50821 -2.76643
1.965 0.521357
0.688121 -0.252447
1.47441 -0.222699
1.20895 -0.176263
1.28124 -0.545539
1.25396 0.161756
1.10026 -0.896462
0.559174 0.230684
1.251 -1.31293
-0.789834 -1.8252
-0.094527 0.467204
1.5999 -0.572602
0.941113 0.257707
1.05727 -1.30863
-1.00968 -2.20228
0.566878 1.16183
0.529069 -2.58732
-0.908239 0.288996
-0.542792 -0.946439
-1.1384 -0.846003
-0.696576 -0.695052
-1.17036 -1.10339
-0.483489 -0.364627
-1.34874 -1.79753
0.556342 0.966554
0.645906 -2.35797
-1.30171 -0.106107
-0.413647 -0.592261
-1.39626 -1.53474
0.371283 0.714253
0.929388 -2.00634
-1.77372 -1.3678
1.73669 0.809425
0.799889 -0.581361
1.14731 0.526779
0.870687 -1.34544
-1.33235 -2.65362
1.6222 1.37678
0.53795 -1.07848
-1.35767 -2.5205
1.51452 1.43422
0.48929 -1.29395
-1.62893 -2.14359
1.75229 0.973622
0.725275 -0.653057
0.747097 0.453342
0.955781 -1.64182
-1.63211 -2.56864
1.99701 0.176564
0.613768 -0.159515
1.48739 -0.390737
1.18611 0.0549083
1.165 -0.868103
0.709173 0.339445
1.06519 -1.50808
-1.37291 -2.77842
1.80641 1.09911
0.651025 -0.661584
0.456986 0.204015
1.35459 -1.16861
-0.264603 -0.912245
-1.39185 -1.16391
0.00681605 0.205525
1.50643 0.285586
1.04333 -0.622476
1.2363 0.366392
0.978931 -1.09648
-0.491798 -1.21993
-0.963335 -0.506741
-1.03151 -1.17914
-0.573419 -0.380352
-1.32322 -1.65866
0.325954 0.702651
0.973001 -1.9667
-1.78771 -1.62579
1.862 0.477316
0.832408 -0.251616
1.43271 -0.437649
1.21167 0.0718573
1.15322 -0.858103
0.734035 0.358857
1.0381 -1.52848
-1.42803 -2.7931
1.88973 0.859828
0.695375 -0.449548
1.30626 0.426265
0.953892 -1.04124
-0.32956 -0.941808
-1.32274 -1.0302
-0.26965 -0.166421
-1.01037 -1.82358
0.0731336 0.556723
1.37154 -1.40602
-0.942561 -2.16613
0.455394 1.0732
0.617874 -2.53602
-1.09721 0.136354
-0.632657 -0.998974
-1.02658 -0.731812
-0.881173 -0.906075
-0.902991 -0.769493
-0.970553 -0.923293
-0.819238 -0.719348
-1.06445 -1.0151
-0.669886 -0.564928
-1.24371 -1.29928
-0.209292 0.000480788
-0.253029 -0.641517
-1.45967 -1.71786
0.777349 1.12869
0.50506 -2.34499
-1.11672 0.0282793
-0.725104 -1.09666
-0.877473 -0.575694
-1.08353 -1.15806
-0.541042 -0.376122
-1.33527 -1.70504
0.409447 0.800726
0.831453 -2.14964
-1.6605 -0.736084
1.04014 1.13387
0.509919 -1.96805
-1.45891 -0.500205
-0.0130967 0.0471679
0.965182 0.688239
0.755645 -1.71268
-1.73554 -1.75321
1.78695 0.775015
0.795694 -0.496007
1.31705 0.366927
0.98862 -0.980837
0.0164907 -0.411684
-1.00797 -1.90719
0.174531 0.691622
1.11593 -1.83118
-1.70978 -2.47916
2.02776 -0.234481
0.31473 -0.343066
0.582582 0.380689
1.09574 -1.56398
-1.42626 -2.8225
1.90898 0.807425
0.694646 -0.409628
1.37054 0.312464
1.02424 -0.858565
0.599302 0.282036
1.17619 -1.41729
-1.11001 -2.43718
1.00959 1.49827
0.331399 -2.27649
-0.923641 0.1349
-0.830365 -1.33555
-0.589591 -0.239773
-1.27595 -1.79787
0.396723 0.819981
0.823408 -2.1762
-1.6384 -0.661739
0.913793 1.05966
0.536984 -2.10406
-1.38127 -0.324487
-0.273375 -0.343368
-1.29795 -2.07659
0.810399 1.25019
0.440887 -2.41106
-0.952142 0.177151
-0.74505 -1.21452
-0.761936 -0.419615
-1.21374 -1.41841
-0.143402 0.121887
0.72532 0.568398
0.872492 -1.7894
-1.75335 -1.8903
1.88779 0.458118
0.806938 -0.22626
1.4344 -0.483309
1.19117 0.136902
1.11556 -0.949029
0.378196 0.0390051
1.52628 -0.506602
1.09323 0.212757
1.07101 -1.13101
-0.432962 -1.13637
-1.0891 -0.653019
-0.850206 -0.9375
-0.905126 -0.740425
-0.984847 -0.956101
-0.784674 -0.675116
-1.11357 -1.08473
-0.56677 -0.444842
-1.32964 -1.57443
0.24325 0.589872
1.15691 -1.71258
-1.56975 -2.80743
2.03664 0.0503267
0.47255 -0.239835
1.41155 0.327726
1.02016 -0.806289
0.781017 0.4178
0.973167 -1.58466
-1.55816 -2.70515
1.98448 0.366285
0.662423 -0.197644
1.47847 -0.360058
1.20012 0.00646051
1.19156 -0.797825
0.915591 0.431066
0.933332 -1.5136
-1.50649 -2.72555
1.93918 0.621313
0.709459 -0.299262
1.46368 -0.102274
1.19241 -0.334476
1.33323 -0.28603
1.27648 -0.254611
1.28947 -0.360799
1.30008 -0.170948
1.25764 -0.46072
1.30255 -0.00558234
1.18731 -0.663724
1.17455 0.362627
0.975264 -1.17555
-0.778132 -1.73524
-0.207691 0.323133
1.33423 0.656548
0.832596 -1.15536
-1.00563 -2.12859
0.462261 1.04704
0.631024 -2.49881
-1.15205 0.0803013
-0.605716 -0.933846
-1.09589 -0.829493
-0.756344 -0.752504
-1.09461 -0.999692
-0.649661 -0.562236
-1.25858 -1.31905
-0.165181 0.0555608
0.249441 0.0676762
1.54976 -0.159101
1.16339 -0.15075
1.28049 -0.623029
1.18995 0.28868
1.02221 -1.09252
-0.380389 -1.03836
-1.21381 -0.830346
-0.598237 -0.610985
-1.27795 -1.29092
-0.15522 0.0552725
0.299197 0.129017
1.53095 -0.611644
0.991025 0.28768
1.02767 -1.30248
-1.03675 -2.24561
0.654719 1.23966
0.467252 -2.59195
-0.802099 0.366534
-0.28771 -0.593044
-1.44495 -1.74549
0.762321 1.12372
0.50928 -2.35824
-1.1099 0.0397758
-0.725378 -1.10213
-0.872777 -0.568683
-1.08997 -1.16863
-0.525757 -0.357981
-1.33616 -1.74919
0.465659 0.86855
0.749529 -2.25148
-1.51444 -0.392265
0.280486 0.410611
1.31016 -1.40002
-0.962943 -2.18799
0.503075 1.11642
0.574539 -2.57271
-0.995142 0.222781
-0.627737 -1.03837
-1.00013 -0.682626
-0.930518 -0.974271
-0.816758 -0.672953
-1.0899 -1.07273
-0.601477 -0.47815
-1.30816 -1.4863
0.0988046 0.405311
1.49622 -1.01952
0.172367 -0.295696
0.0961061 -0.180909
0.321911 0.124247
1.52022 -0.663289
0.939809 0.305654
1.02184 -1.36227
-1.17216 -2.49438
1.17273 1.54711
0.338463 -2.00429
-1.21013 -0.219721
-0.701833 -0.968238
-0.995379 -0.745693
-0.903803 -0.909132
-0.883204 -0.759002
-0.992434 -0.943009
-0.787091 -0.687326
-1.10571 -1.06836
-0.587823 -0.471355
-1.31678 -1.51101
0.144076 0.462869
1.39496 -1.30031
-0.66692 -1.6273
-0.409549 0.124685
-0.434262 -0.890965
-1.26554 -1.00568
-0.404279 -0.329984
-1.3356 -1.94454
0.715286 1.14159
0.506268 -2.42896
-1.03489 0.127303
-0.734222 -1.15994
-0.817557 -0.492612
-1.15801 -1.29021
-0.343136 -0.13446
-1.05553 -1.85836
0.159223 0.643932
1.18239 -1.72511
-1.56757 -2.82574
2.04163 0.0200281
0.444808 -0.259498
1.33588 0.47596
0.931328 -1.03141
-0.346173 -0.965234
-1.29414 -0.974235
-0.368614 -0.301349
-1.30466 -2.00484
0.727029 1.1699
0.489751 -2.44361
-0.9946 0.162438
-0.730098 -1.17548
-0.807254 -0.473782
-1.1706 -1.31947
-0.300104 -0.0792745
-0.850243 -1.57456
-0.334942 0.102244
-0.278659 -0.661581
-1.45196 -1.62877
0.64904 1.00557
0.595029 -2.34668
-1.24315 -0.0651756
-0.542971 -0.792298
-1.23581 -1.06516
-0.414938 -0.316712
-1.32812 -1.94257
0.695444 1.12612
0.517802 -2.43439
-1.04697 0.121471
-0.726384 -1.14366
-0.83731 -0.51552
-1.13618 -1.2507
-0.405002 -0.211021
-1.22894 -1.98183
0.550739 1.0271
0.610403 -2.43653
-1.18119 0.028014
-0.603183 -0.911323
-1.11361 -0.860915
-0.717964 -0.703335
-1.1501 -1.08101
-0.526508 -0.414853
-1.34657 -1.66905
0.393303 0.773795
0.863355 -2.10539
-1.70738 -0.912834
1.3172 1.18929
0.551167 -1.51246
-1.68992 -1.69937
1.61668 1.10175
0.67271 -0.928618
-0.700815 -1.52928
-0.489192 -0.00568277
-0.978023 -1.70419
-0.0959106 0.3476
1.57313 0.0630221
1.11205 -0.335189
1.35974 -0.31812
1.26892 -0.177342
1.26745 -0.485536
1.29031 0.0462816
1.16246 -0.735341
1.05411 0.441854
0.918024 -1.38929
-1.34555 -2.68684
1.67841 1.31109
0.573926 -0.952999
-1.04296 -2.12251
0.491655 1.0606
0.611231 -2.50657
-1.11578 0.109166
-0.637486 -0.994869
-1.02583 -0.735195
-0.880201 -0.902946
-0.905858 -0.773528
-0.965932 -0.917521
-0.82701 -0.727889
-1.05385 -1.0016
-0.689938 -0.587444
-1.22177 -1.25347
-0.286117 -0.0992921
-0.875537 -1.61764
-0.270481 0.174074
0.380917 0.242773
1.38311 -1.15567
-0.216143 -0.84017
-1.4546 -1.38086
0.397401 0.706541
0.918526 -2.00379
-1.76994 -1.34384
1.7162 0.851454
0.78653 -0.634262
0.969125 0.544645
0.849549 -1.57595
-1.64102 -2.46174
1.96191 0.342679
0.704684 -0.172604
1.45672 -0.512714
1.15627 0.187724
1.08492 -1.03908
-0.0363844 -0.505488
-1.28206 -2.20801
0.959287 1.37544
0.382626 -2.27878
-1.00017 0.0802122
-0.831883 -1.29329
-0.627944 -0.295882
-1.28494 -1.69887
0.292281 0.682482
1.019 -1.91329
-1.78077 -1.94622
1.95005 0.122902
0.704075 -0.0905492
1.41698 -0.740895
0.933457 0.354691
0.986637 -1.41951
-1.3155 -2.68859
1.63431 1.37705
0.539005 -1.05958
-1.32585 -2.5011
1.43258 1.48361
0.442627 -1.47156
-1.66011 -1.47204
1.34334 1.26714
0.520982 -1.51008
-1.68345 -1.60718
1.53232 1.18032
0.619298 -1.11594
-1.29881 -2.51262
1.39861 1.50594
0.421691 -1.54813
-1.62859 -1.20301
1.01484 1.18538
0.480274 -2.04751
-1.35815 -0.333163
-0.354423 -0.455055
-1.3988 -1.86491
0.772668 1.16067
0.48888 -2.38056
-1.0573 0.0882155
-0.75323 -1.16928
-0.795423 -0.475784
-1.17899 -1.32529
-0.283479 -0.0607691
-0.754858 -1.42728
-0.554229 -0.133335
-1.20017 -1.87279
0.359831 0.817663
0.847868 -2.16332
-1.66675 -0.739842
1.0762 1.14782
0.508862 -1.91776
-1.49557 -0.586188
0.143806 0.267091
1.5559 -0.638066
0.926284 0.287261
1.03798 -1.35179
-1.13096 -2.42684
1.02218 1.49512
0.334341 -2.25167
-0.954674 0.100447
-0.852152 -1.34365
-0.566439 -0.223571
-1.27085 -1.83603
0.435376 0.869998
0.763486 -2.25438
-1.5275 -0.40847
0.342464 0.488105
1.17138 -1.61785
-1.43966 -2.86631
1.95302 0.650813
0.683793 -0.314946
1.45578 0.0104827
1.15971 -0.466007
1.33922 -0.0222356
1.19075 -0.597468
1.25117 0.252598
1.04747 -0.981818
0.1366 -0.252924
0.13998 -0.116041
0.887068 0.631492
0.79557 -1.74195
-1.74273 -1.79143
1.8231 0.676062
0.810862 -0.398792
1.42316 0.0447744
1.1518 -0.548675
1.30254 0.160858
1.10135 -0.831026
0.78342 0.400947
0.98585 -1.56348
-1.52192 -2.74618
1.96829 0.489721
0.686283 -0.238938
1.47529 -0.265892
1.21051 -0.120322
1.25607 -0.625378
1.19889 0.29295
1.02007 -1.08493
-0.354593 -0.994948
-1.26738 -0.919119
-0.455378 -0.420392
-1.37113 -1.75967
0.565682 0.963977
0.644369 -2.35024
-1.3065 -0.114368
-0.405373 -0.578223
-1.40159 -1.57223
0.428212 0.782572
0.835275 -2.12565
-1.67642 -0.799229
1.13381 1.17177
0.508649 -1.83456
-1.55276 -0.745111
0.435595 0.642118
0.950588 -1.9175
-1.78039 -1.71805
1.87752 0.44085
0.822128 -0.221934
1.42701 -0.509321
1.18277 0.167771
1.09688 -0.989357
0.190119 -0.189846
0.761554 0.548149
0.877438 -1.74709
-1.73874 -2.0449
1.92251 0.348953
0.771165 -0.163334
1.42362 -0.618535
1.09681 0.294137
1.01659 -1.20653
-0.796512 -1.77952
-0.143527 0.397645
1.58385 0.0362647
1.11468 -0.294956
1.34991 -0.400187
1.27038 -0.0542246
1.21459 -0.646735
1.1899 0.330905
0.996104 -1.12903
-0.576192 -1.3711
-0.747951 -0.267598
-1.22051 -1.59935
0.0601008 0.409221
1.52774 -0.916224
0.426285 -0.00153398
1.51825 -0.493295
1.11077 0.196418
1.08093 -1.09666
-0.279989 -0.883449
-1.3937 -1.19467
0.036848 0.249492
1.57487 -0.0859336
1.14171 -0.19228
1.3048 -0.573172
1.22214 0.214127
1.06895 -0.985456
0.160361 -0.224521
0.42631 0.238557
1.34792 -1.20883
-0.402031 -1.14024
-1.11486 -0.668627
-0.812902 -0.896999
-0.961459 -0.800355
-0.903962 -0.864535
-0.912408 -0.811761
-0.93831 -0.87068
-0.880647 -0.792791
-0.975099 -0.904208
-0.828031 -0.739795
-1.0466 -0.986766
-0.707409 -0.60919
-1.20083 -1.21231
-0.353288 -0.185741
-1.15636 -1.96432
0.415284 0.909799
0.744512 -2.31187
-1.46293 -0.288765
0.0780097 0.13482
1.49322 0.292777
1.04041 -0.649313
1.19317 0.414175
0.945258 -1.1936
-0.890799 -1.94127
0.120356 0.689494
1.17298 -1.7679
-1.62104 -2.74661
2.04761 -0.154684
0.319699 -0.356484
0.536799 0.335123
1.16829 -1.47961
-1.23251 -2.65419
1.47014 1.52809
0.431252 -1.42981
-1.6605 -1.5569
1.40577 1.25888
0.54481 -1.38918
-1.65928 -2.05289
1.76332 0.920992
0.745106 -0.608675
0.967387 0.553213
0.843833 -1.58583
-1.6529 -2.42171
1.9586 0.33854
0.710662 -0.169122
1.45292 -0.531719
1.14684 0.208705
1.07175 -1.07006
-0.188997 -0.736337
-1.48383 -1.65224
0.784986 1.12035
0.508717 -2.32789
-1.13877 0.00368715
-0.709103 -1.06211
-0.917616 -0.624169
-1.03057 -1.08237
-0.65197 -0.502575
-1.27265 -1.40197
-0.0594805 0.20237
1.37499 0.575068
0.885598 -1.03566
-0.485628 -1.19196
-0.993554 -0.547069
-0.99048 -1.11754
-0.659344 -0.476954
-1.27287 -1.43131
-0.0295214 0.246028
1.5196 0.25991
1.05364 -0.581822
1.28881 0.275908
1.03673 -0.94983
0.252058 -0.099217
1.32999 0.542827
0.893536 -1.0868
-0.659407 -1.49932
-0.551701 -0.061317
-1.11636 -1.83011
0.191039 0.650053
1.14382 -1.77134
-1.64169 -2.68703
2.04233 -0.164578
0.327966 -0.343993
0.641442 0.432678
1.01687 -1.64062
-1.58755 -2.69474
2.00718 0.200192
0.595503 -0.179429
1.49388 -0.277054
1.19942 -0.0838316
1.24022 -0.685888
1.12826 0.375274
0.964214 -1.24396
-0.99247 -2.14136
0.466975 1.05956
0.621455 -2.51413
-1.12354 0.107612
-0.625782 -0.975774
-1.04945 -0.764956
-0.84121 -0.856025
-0.966936 -0.84168
-0.874665 -0.815195
-0.966447 -0.879781
-0.851259 -0.771583
-1.01062 -0.939845
-0.773107 -0.682825
-1.11863 -1.08046
-0.564317 -0.445744
-1.33086 -1.576
0.247854 0.595248
1.14687 -1.72679
-1.59254 -2.77302
2.03944 -0.0188529
0.430929 -0.263746
1.30037 0.523354
0.898379 -1.11983
-0.761573 -1.68702
-0.274069 0.244397
0.74509 0.601877
0.841517 -1.81846
-1.75693 -1.69341
1.81506 0.673244
0.81712 -0.405616
1.41965 0.056427
1.14741 -0.565232
1.29138 0.197159
1.08112 -0.878949
0.600929 0.27227
1.18415 -1.40222
-1.07143 -2.36473
0.86062 1.4107
0.363453 -2.46654
-0.767228 0.337285
-0.359532 -0.707737
-1.40408 -1.40406
0.257349 0.557991
1.17707 -1.66762
-1.50105 -2.86733
2.01047 0.325843
0.606829 -0.212762
1.48933 -0.180891
1.19731 -0.207581
1.29663 -0.50665
1.26734 0.0973941
1.13629 -0.817014
0.847855 0.4242
0.95046 -1.55545
-1.54276 -2.70749
1.96975 0.455059
0.686842 -0.223999
1.47458 -0.318012
1.20879 -0.0531529
1.22286 -0.716208
1.0845 0.408273
0.94094 -1.32465
-1.20442 -2.51749
1.25133 1.55248
0.356161 -1.85687
-1.36549 -0.452709
-0.353189 -0.426043
-1.38641 -1.90858
0.794938 1.18802
0.472898 -2.37728
-1.03642 0.101422
-0.765068 -1.19587
-0.763648 -0.438728
-1.20962 -1.39379
-0.174103 0.079529
0.337385 0.17826
1.47488 -0.891349
0.551895 0.135343
1.34297 -1.12008
-0.0989076 -0.64852
-1.46676 -2.02694
1.1729 1.38449
0.41445 -1.9016
-1.39931 -0.465304
-0.241465 -0.270049
-1.16915 -2.02718
0.517599 1.02222
0.624898 -2.44623
-1.19268 0.024731
-0.581604 -0.87759
-1.15352 -0.918431
-0.634192 -0.600392
-1.25665 -1.27667
-0.207345 -0.00698121
-0.280636 -0.684403
-1.45003 -1.57961
0.587595 0.939631
0.652653 -2.30883
-1.35327 -0.178571
-0.298499 -0.409428
-1.36877 -2.01108
0.88356 1.27273
0.427962 -2.32313
-1.02339 0.0847051
-0.800548 -1.2442
-0.695056 -0.367723
-1.26041 -1.54189
0.0643398 0.388997
1.53918 -0.852679
0.566306 0.12843
1.33863 -1.11869
-0.0949568 -0.641602
-1.46167 -2.04698
1.18234 1.39065
0.41391 -1.88778
-1.4099 -0.486649
-0.205462 -0.216364
-1.00805 -1.84082
0.0921042 0.583358
1.32123 -1.50471
-1.1637 -2.597
1.29991 1.58266
0.355639 -1.78214
-1.42558 -0.572689
-0.149399 -0.123144
-0.564704 -1.14589
-0.96401 -0.568914
-1.01109 -1.11542
-0.64342 -0.470866
-1.28389 -1.45474
0.015783 0.303808
1.58965 -0.264372
1.13005 0.0103486
1.19812 -0.871824
0.712209 0.333729
1.06871 -1.5
-1.35737 -2.76768
1.77546 1.16693
0.630702 -0.736962
-0.00383233 -0.385889
-0.990088 -1.87352
0.116438 0.62616
1.24702 -1.63561
-1.41056 -2.8952
1.94194 0.721607
0.681714 -0.352991
1.42789 0.151972
1.10513 -0.640224
1.21595 0.360105
0.980533 -1.11913
-0.573633 -1.36346
-0.757554 -0.278867
-1.21673 -1.57888
0.0311217 0.371101
1.57302 -0.65555
0.87859 0.277855
1.05584 -1.37076
-1.14734 -2.46305
1.09483 1.52665
0.331393 -2.13868
-1.0678 -0.0380403
-0.853443 -1.25785
-0.644765 -0.337534
-1.28549 -1.63144
0.213506 0.578093
1.19854 -1.65962
-1.47566 -2.8845
1.99758 0.42537
0.636792 -0.231454
1.48362 -0.184766
1.20048 -0.210628
1.29695 -0.499151
1.27054 0.0840515
1.14347 -0.799522
0.899304 0.440532
0.928758 -1.53647
-1.5389 -2.69801
1.96047 0.499175
0.698203 -0.240477
1.47268 -0.283788
1.21189 -0.100251
1.24619 -0.651544
1.17281 0.331914
0.994311 -1.15158
-0.660203 -1.52166
-0.527824 -0.0296267
-1.0558 -1.78362
0.0678383 0.522252
1.4143 -1.30336
-0.670806 -1.63971
-0.392968 0.144292
-0.296129 -0.679155
-1.44355 -1.56211
0.546884 0.897497
0.694487 -2.27336
-1.43447 -0.280694
-0.0454443 -0.0339245
0.379217 0.211335
1.41315 -1.07238
0.0594093 -0.43076
-0.951685 -1.82936
0.0301601 0.534696
1.44202 -1.25313
-0.524754 -1.37738
-0.786378 -0.281797
-1.19914 -1.54776
-0.030071 0.296191
1.57348 0.00253147
1.12676 -0.27975
1.3418 -0.425066
1.2703 -0.0189272
1.19736 -0.688553
1.13559 0.390514
0.954886 -1.24819
-1.01842 -2.18826
0.556339 1.14575
0.54084 -2.57625
-0.938524 0.263013
-0.59016 -1.00568
-1.05586 -0.741502
-0.846627 -0.876258
-0.949584 -0.815589
-0.905193 -0.852127
-0.919317 -0.825965
-0.924113 -0.851661
-0.904326 -0.820019
-0.939882 -0.863922
-0.883649 -0.800088
-0.968399 -0.894552
-0.840065 -0.753693
-1.02952 -0.965413
-0.738373 -0.643582
-1.16335 -1.14844
-0.457328 -0.316218
-1.33029 -1.88901
0.629988 1.05756
0.569547 -2.42029
-1.1378 0.0507729
-0.665642 -1.01492
-0.9883 -0.698603
-0.93405 -0.963985
-0.82125 -0.684139


