2.13259 2.17368
-1.42906 0.858931
1.98843 2.7549
-0.983126 0.072875
1.75879 3.36492
0.00851856 0.301461
-0.176983 3.12172
-0.129529 1.2248
-0.626251 2.61352
-0.405544 2.06293
-0.55143 2.33135
-0.433026 2.21586
-0.563999 2.25239
-0.39014 2.25483
-0.64013 2.18458
-0.260626 2.27061
-0.81545 1.83484
0.165562 2.43857
1.79173 0.778043
-0.128018 0.642661
-0.196334 2.99086
-0.372112 1.14101
-0.129309 2.77273
-0.159135 1.17755
-0.531135 2.70095
-0.547529 1.9999
-0.318042 2.37733
-0.766584 1.92735
0.0370218 2.37804
0.861957 1.70621
1.58026 -0.808175
-1.1521 1.09789
1.33138 3.07293
0.975034 0.323469
1.44066 1.17305
1.20808 0.888954
1.52526 0.394295
0.89053 1.24533
1.67054 -0.471225
-0.853626 0.60786
1.10309 3.22164
1.12198 -0.333522
-0.021535 0.973675
-0.686524 2.63147
-0.325181 2.04866
-0.674925 2.24679
-0.233445 2.23448
-0.834908 1.75778
0.241055 2.48919
1.91582 -0.245628
-1.2618 1.15496
1.5279 3.02362
0.642052 0.599825
1.12935 1.5611
1.47136 -0.0822453
0.520344 1.21372
1.72609 0.683914
0.194228 0.873525
-0.988264 1.62198
0.629035 2.69241
1.50703 -1.56723
-0.68754 3.50623
-0.278424 1.64793
-0.580756 2.49477
-0.439321 2.12827
-0.524246 2.30975
-0.463775 2.22713
-0.522646 2.26116
-0.450353 2.25308
-0.550602 2.23932
-0.404209 2.26302
-0.621607 2.19548
-0.290547 2.27006
-0.783749 1.94736
0.0561757 2.37135
1.0422 1.73573
1.47873 -0.361682
-0.107841 0.837042
-0.386964 2.88467
-0.712215 1.67885
0.0741286 2.49317
1.3801 1.63003
1.22482 0.665003
1.50828 0.626683
1.03736 1.17577
1.6014 -0.190442
-0.109967 0.794639
-0.349642 2.91051
-0.724452 1.55815
0.161246 2.55616
1.83774 0.582179
-0.460243 0.480164
0.485432 3.08559
1.61245 -1.90273
-0.255046 3.99793
0.190039 1.50082
0.254929 1.32857
0.382283 1.39863
1.55866 1.2588
0.914014 1.04469
1.68916 -0.226974
-0.522423 0.574066
0.514975 3.05297
1.57485 -1.86806
-0.291844 3.94735
0.0119603 1.40691
-0.9397 1.65539
0.505035 2.62571
1.66493 -1.66345
-0.576319 3.72458
-0.313098 1.51066
-0.444223 2.60935
-0.644273 1.99271
-0.178701 2.35558
-0.788375 1.33226
0.41416 2.71149
1.76904 -1.62417
-0.591314 3.76659
-0.267388 1.52074
-0.532272 2.57298
-0.522544 2.07837
-0.38468 2.34547
-0.672349 2.10732
-0.185243 2.29847
-0.820832 1.43004
0.409825 2.67157
1.78086 -1.58053
-0.638614 3.71823
-0.239147 1.56807
-0.612153 2.50276
-0.398815 2.12193
-0.583652 2.28789
-0.374916 2.23428
-0.656924 2.17906
-0.234812 2.26926
-0.833826 1.72201
0.258587 2.50848
1.92041 -0.464267
-1.30996 1.65863
1.38327 2.89164
0.93639 0.481929
1.57412 0.87752
0.88159 1.1364
1.69428 -0.356211
-0.746519 0.56076
0.937608 3.19328
1.19872 -0.83125
-1.14645 1.41551
1.1167 2.94285
1.17118 -0.221411
0.464587 1.27348
1.66906 0.943338
0.523311 1.02893
1.52977 1.2438
0.997466 1.02495
1.6471 -0.133109
-0.193487 0.728567
-0.143296 2.95722
-0.0496229 1.24737
-0.812474 2.34251
-0.0516756 2.18728
-0.40848 1.04594
-0.0130832 2.80222
1.02143 1.76717
1.48162 -0.425277
-0.275024 0.743172
-0.0170032 2.94336
1.14488 1.77464
1.41502 -0.0529068
0.707569 1.30813
1.76641 -0.488582
-1.1136 0.849483
1.42206 3.15634
0.837494 0.462825
1.46553 1.20564
1.15461 0.933973
1.56228 0.234916
0.644178 1.20892
1.79128 -0.0741974
-0.749836 0.507782
0.990252 3.22967
1.16946 -0.678696
-0.9809 0.922079
1.10098 3.10544
1.14601 -0.306614
0.132158 1.06933
-0.968102 1.56602
0.619316 2.70686
1.51378 -1.58962
-0.658613 3.54692
-0.305025 1.61573
-0.515644 2.5426
-0.538084 2.09118
-0.367775 2.33704
-0.694282 2.08473
-0.144087 2.30493
-0.740357 1.21174
0.40968 2.75864
1.76795 -1.65171
-0.557445 3.80361
-0.275861 1.48781
-0.497904 2.60159
-0.573592 2.04567
-0.300217 2.35033
-0.783315 1.89713
0.079191 2.39627
1.28778 1.68225
1.32559 0.396974
1.32478 1.07841
1.39401 0.613179
1.2863 1.01953
1.44294 0.527579
1.16776 1.14915
1.52614 0.140152
0.672537 1.24134
1.78638 -0.262324
-0.938951 0.598823
1.27469 3.25298
1.00382 0.129929
1.15474 1.44646
1.48006 0.0123905
0.649328 1.26076
1.79358 -0.223332
-0.921889 0.580809
1.25686 3.25824
1.01825 0.083376
1.07494 1.46823
1.52195 -0.22241
0.0999169 0.952796
-0.929909 2.11746
0.252229 2.35761
1.90037 -0.0879063
-1.15601 0.80859
1.53207 3.14933
0.624716 0.562039
0.913787 1.57011
1.58436 -0.649721
-0.954919 0.721857
1.20638 3.19868
1.06701 -0.0295963
0.874379 1.45932
1.63378 -0.66198
-1.05058 0.821272
1.31811 3.17158
0.974152 0.261444
1.35483 1.30045
1.32501 0.640359
1.39601 0.858963
1.30671 0.889044
1.4297 0.647591
1.22634 1.06461
1.49364 0.339471
0.949297 1.26196
1.63397 -0.411541
-0.645279 0.579739
0.730596 3.11664
1.33066 -1.43466
-0.75353 3.32446
-0.227669 1.74699
-0.723373 2.31233
-0.184563 2.19693
-0.848399 1.55294
0.384378 2.61523
1.82081 -1.44932
-0.766581 3.57386
-0.105369 1.70621
-0.894943 1.84721
0.307866 2.47672
1.9044 -0.84026
-1.22423 2.51768
0.897335 2.56703
1.35008 -0.849268
-1.12062 1.15784
1.22404 3.04594
1.08272 0.0646228
1.11671 1.43402
1.50571 -0.0964971
0.395898 1.13679
1.08406 1.63186
1.48098 -0.226563
0.206847 1.03409
-0.837186 1.09683
0.675474 2.89751
1.41903 -1.52331
-0.700647 3.44385
-0.281282 1.6752
-0.58953 2.47803
-0.423136 2.13677
-0.551691 2.29611
-0.42153 2.2341
-0.586973 2.23204
-0.351496 2.26074
-0.699022 2.11722
-0.150034 2.2895
-0.766521 1.25464
0.427114 2.74663
1.74613 -1.67687
-0.53597 3.81408
-0.286464 1.46759
-0.467023 2.6208
-0.616997 2.00924
-0.224463 2.35503
-0.827286 1.56958
0.334548 2.592
1.87726 -1.18882
-0.988274 3.22314
0.272793 2.03461
1.82046 0.498884
-0.407886 0.515483
0.368257 3.04861
1.79228 -1.7586
-0.412139 3.9642
-0.174261 1.39434
-0.641073 2.54082
-0.368657 2.09909
-0.62281 2.27263
-0.315812 2.23377
-0.743699 2.05938
-0.0582976 2.31314
-0.251477 1.09901
-0.300805 2.80067
-0.746774 1.47796
0.246577 2.60591
1.92732 -0.520627
-1.31025 1.84401
1.30972 2.84165
1.0416 0.337401
1.48127 1.04357
1.13666 1.00403
1.56728 0.142772
0.530209 1.16949
1.70779 0.753002
0.30878 0.938306
-0.424148 0.930146
0.0877643 2.84776
1.75051 1.02222
0.138509 0.788573
-0.906949 2.26721
0.148473 2.26542
1.58464 1.34218
0.82109 1.03289
1.73464 -0.170307
-0.626122 0.535162
0.733725 3.13534
1.32482 -1.43097
-0.753012 3.32231
-0.229128 1.74735
-0.72087 2.31578
-0.189468 2.19558
-0.849753 1.58191
0.369336 2.59884
1.84038 -1.3721
-0.836642 3.47945
-0.0049385 1.7942
-0.709126 1.07705
0.450113 2.82568
1.70166 -1.75961
-0.443384 3.88228
-0.26345 1.39079
-0.463854 2.6526
-0.625836 1.98407
-0.201338 2.36382
-0.813715 1.44074
0.389629 2.66058
1.80815 -1.51233
-0.702524 3.65422
-0.178512 1.63416
-0.762906 2.29367
-0.117162 2.20413
-0.734491 1.17922
0.422001 2.77556
1.74863 -1.68914
-0.519337 3.83302
-0.283433 1.45245
-0.46375 2.62796
-0.622309 2.00111
-0.213547 2.35723
-0.823647 1.5115
0.36335 2.62414
1.84408 -1.3742
-0.830732 3.49138
-0.0123925 1.78612
-0.751629 1.1183
0.49687 2.82378
1.63738 -1.77253
-0.431621 3.85795
-0.282626 1.37717
-0.420876 2.66995
-0.680142 1.91426
-0.0917909 2.3839
-0.401051 1.0668
-0.0378789 2.7954
0.763624 1.70105
1.6461 -0.956218
-1.24527 1.77578
1.16764 2.84594
1.16205 -0.0502522
0.926466 1.43646
1.60895 -0.561804
-0.852658 0.634644
1.07858 3.20564
1.1366 -0.402007
-0.238266 0.842864
-0.148544 2.90893
-0.145847 1.19621
-0.57185 2.66776
-0.489031 2.03137
-0.413982 2.37119
-0.637036 2.12881
-0.244067 2.29668
-0.828331 1.73253
0.242746 2.49976
1.91765 -0.284779
-1.27706 1.24322
1.51133 2.99832
0.682463 0.601871
1.31394 1.45509
1.34588 0.496561
1.33408 1.01858
1.38868 0.661273
1.30401 0.978813
1.42749 0.595083
1.21947 1.08954
1.49609 0.309079
0.921125 1.26867
1.64847 -0.457787
-0.770367 0.586432
0.960958 3.19078
1.18933 -0.758249
-1.08448 1.14006
1.15813 3.04164
1.12808 -0.120799
0.713667 1.40151
1.74921 -0.649847
-1.20794 1.15172
1.41588 3.04907
0.861003 0.489621
1.53013 1.06019
1.01447 1.06813
1.63179 -0.150179
-0.158342 0.754534
-0.225682 2.94487
-0.540837 1.16254
0.113421 2.73624
1.78733 0.867067
-0.0810173 0.66191
-0.302584 2.96948
-0.69154 1.36882
0.221277 2.64856
1.92882 -0.330586
-1.30085 1.41634
1.47409 2.95115
0.767673 0.591214
1.52229 1.13436
1.02983 1.0415
1.62695 -0.101434
-0.0562794 0.81563
-0.479963 2.85279
-0.62534 1.86211
-0.147981 2.41707
-0.665137 1.14503
0.325153 2.76515
1.87233 -1.3416
-0.837318 3.49967
0.0066464 1.79429
-0.649701 1.03701
0.375394 2.82257
1.80549 -1.61103
-0.58516 3.79512
-0.253402 1.51414
-0.55483 2.56318
-0.490428 2.08894
-0.434527 2.34212
-0.600046 2.17044
-0.311416 2.28682
-0.76058 1.99591
-0.00399672 2.34411
0.348104 1.44414
1.47459 1.40748
1.10275 0.911005
1.59837 0.146566
0.412387 1.09869
1.09915 1.62598
1.47417 -0.181082
0.322209 1.10685
0.298601 1.33
0.833547 1.62229
1.61904 -0.819755
-1.19036 1.21758
1.33745 3.03227
0.974516 0.349242
1.47016 1.1172
1.15506 0.964183
1.55914 0.21364
0.635302 1.20916
1.79197 -0.0343551
-0.709374 0.501646
0.918807 3.21003
1.20363 -0.894079
-1.16846 1.68493
1.0169 2.83314
1.2403 -0.509961
-0.424226 0.738273
0.223695 2.93538
1.94619 -0.777813
-1.21942 2.5974
0.877594 2.53922
1.36579 -0.905467
-1.16705 1.36229
1.19652 2.97507
1.11663 0.00615654
1.02275 1.44617
1.55469 -0.353803
-0.285806 0.715405
0.0203445 2.95284
1.45298 1.60907
1.10505 0.837305
1.60129 0.22439
0.482842 1.12743
1.53941 1.24542
0.971034 1.03397
1.6603 -0.173518
-0.316137 0.661094
0.108395 2.97182
1.86218 0.572781
-0.597496 0.431958
0.771467 3.18881
1.28781 -1.3368
-0.849638 3.1445
-0.0791763 1.87083
-0.864854 1.38914
0.521404 2.72842
1.62321 -1.71583
-0.507557 3.77554
-0.335061 1.4418
-0.367953 2.65038
-0.735567 1.81958
0.0387405 2.42673
0.96815 1.73325
1.51597 -0.567318
-0.683471 0.622287
0.765107 3.1117
1.3065 -1.33448
-0.872355 3.11187
-0.0360004 1.90002
-0.72106 1.10513
0.450998 2.81447
1.70224 -1.75341
-0.451326 3.87494
-0.270621 1.39584
-0.453718 2.65381
-0.638677 1.97213
-0.177907 2.36594
-0.781866 1.31765
0.412066 2.71663
1.77103 -1.62361
-0.59092 3.7682
-0.266686 1.52029
-0.533328 2.57261
-0.521066 2.07889
-0.386969 2.34541
-0.669077 2.11099
-0.191424 2.29747
-0.826558 1.46462
0.398331 2.65418
1.79816 -1.53344
-0.684554 3.67147
-0.198303 1.61529
-0.71619 2.37371
-0.214966 2.16913
-0.845695 1.75068
0.264826 2.49902
1.91946 -0.507454
-1.30987 1.75652
1.34239 2.86589
0.997682 0.406332
1.53246 0.948311
1.01084 1.09908
1.62913 -0.182995
-0.204781 0.730151
-0.124847 2.95608
0.106349 1.33589
-0.821238 1.12924
0.620126 2.86403
1.47978 -1.63765
-0.573934 3.62978
-0.372254 1.52693
-0.354258 2.61302
-0.747359 1.81531
0.0598952 2.43019
1.17453 1.72742
1.4071 0.0422814
0.871365 1.33709
1.66311 -0.573717
-0.98674 0.717223
1.27227 3.20791
1.01347 0.140048
1.18957 1.42576
1.46104 0.121085
0.843396 1.30566
1.68635 -0.565855
-1.02504 0.752285
1.31985 3.19725
0.968244 0.256379
1.34017 1.3204
1.34028 0.594634
1.36731 0.927004
1.34995 0.787907
1.37508 0.815069
1.3392 0.860664
1.39045 0.747546
1.3111 0.932166
1.4226 0.636709
1.23823 1.05805
1.48432 0.375603
0.997733 1.25029
1.60946 -0.317653
-0.384765 0.651672
0.224962 2.97497
1.94687 -0.836209
-1.18522 2.73699
0.771397 2.45404
1.44586 -1.18999
-1.12731 2.48612
0.616446 2.43122
1.58114 -1.49443
-0.805422 3.37497
-0.114483 1.77365
-0.89424 1.78526
0.339179 2.51128
1.87981 -1.10703
-1.06044 3.05536
0.432524 2.17803
1.83413 -1.09529
-1.11542 2.86011
0.565475 2.30776
1.66556 -1.46676
-0.833002 3.37779
-0.0558784 1.80073
-0.863649 1.35214
0.544038 2.75107
1.59017 -1.71065
-0.510895 3.75447
-0.348295 1.4465
-0.348696 2.64932
-0.752543 1.76782
0.0925618 2.45467
1.46404 1.5441
1.09711 0.868486
1.60476 0.178248
0.421125 1.09855
1.16085 1.61176
1.44127 0.00803704
0.744971 1.30533
1.74569 -0.541467
-1.11944 0.878867
1.41305 3.14648
0.852947 0.452731
1.4751 1.18028
1.13751 0.958169
1.5717 0.178041
0.552376 1.17479
1.74235 0.569636
0.0596795 0.797473
-0.737273 2.61896
-0.247268 2.05203
-0.796897 2.03523
0.0387845 2.33098
0.78917 1.67877
1.6339 -0.913532
-1.23876 1.58503
1.24193 2.91212
1.09424 0.147085
1.26873 1.33451
1.41453 0.379113
1.16401 1.20225
1.52008 0.107798
0.654622 1.24047
1.7916 -0.195683
-0.884856 0.557811
1.20528 3.26047
1.05651 -0.0536084
0.78678 1.44289
1.69284 -0.72989
-1.19461 1.1576
1.38376 3.05033
0.910103 0.435733
1.51789 1.05598
1.04724 1.05545
1.61513 -0.0830722
0.0229542 0.868526
-0.707868 2.63749
-0.295344 2.04417
-0.721746 2.1881
-0.143211 2.25444
-0.77224 1.25588
0.436704 2.74921
1.73264 -1.69383
-0.519629 3.82356
-0.29085 1.45241
-0.450404 2.63189
-0.639784 1.98391
-0.181378 2.3605
-0.790436 1.34085
0.412188 2.70744
1.77227 -1.61639
-0.599229 3.75945
-0.263045 1.52852
-0.544761 2.56334
-0.503868 2.0871
-0.414562 2.34286
-0.628905 2.14995
-0.263546 2.28911
-0.814091 1.82588
0.167727 2.44276
1.80009 0.741418
-0.186021 0.610107
-0.0678426 3.00487
0.721217 1.69805
1.67839 -0.984665
-1.24452 1.97285
1.08563 2.77269
1.22257 -0.287485
0.305775 1.16612
0.344814 1.36377
1.29714 1.57574
1.33913 0.433192
1.32111 1.0637
1.39996 0.608048
1.2747 1.0339
1.45324 0.48871
1.1306 1.18137
1.54543 0.0266178
0.46151 1.15219
1.49709 1.3267
1.0667 0.964531
1.61516 0.0315185
0.196222 0.972746
-0.937747 1.31718
0.718797 2.83538
1.39581 -1.39847
-0.861005 3.1803
-0.0493639 1.87087
-0.798946 1.20562
0.521765 2.79816
1.60913 -1.74933
-0.460702 3.81482
-0.321089 1.39746
-0.365947 2.6698
-0.737817 1.79799
0.0531559 2.43748
1.12493 1.73689
1.43508 -0.112844
0.55475 1.24376
1.77932 0.332524
-0.293636 0.598693
0.118513 2.9998
1.89115 0.3976
-0.832755 0.441758
1.2052 3.30521
1.04855 -0.0699658
0.719956 1.4232
1.74126 -0.687685
-1.22042 1.22261
1.4001 3.02687
0.889164 0.471536
1.5377 1.02218
0.995256 1.08473
1.63998 -0.194642
-0.268892 0.692416
0.00959149 2.96405
1.3839 1.6727
1.20962 0.670658
1.5221 0.591406
0.988318 1.19537
1.62515 -0.297516
-0.400733 0.63943
0.259896 2.98219
1.92515 -1.14473
-0.971779 3.29477
0.253125 2.00324
1.75741 0.812135
0.0685837 0.770496
-0.736091 2.62883
-0.25114 2.04735
-0.790314 2.05447
0.0193885 2.32019
0.556177 1.56778
1.82074 -0.53062
-1.23656 1.19197
1.45305 3.02953
0.798824 0.545451
1.51499 1.13205
1.0489 1.03302
1.61727 -0.061226
0.0492139 0.883506
-0.781702 2.5225
-0.154681 2.09896
-0.857976 1.5145
0.426614 2.64516
1.76329 -1.59672
-0.628772 3.71969
-0.251988 1.5588
-0.582498 2.5284
-0.445313 2.11011
-0.508615 2.32276
-0.489534 2.21817
-0.482603 2.27321
-0.510634 2.24049
-0.460284 2.26354
-0.539535 2.23788
-0.419055 2.26474
-0.600148 2.20924
-0.325287 2.26872
-0.73833 2.05105
-0.0632084 2.317
-0.285836 1.08729
-0.233967 2.80669
-0.657797 1.2284
0.256291 2.71605
1.92859 -0.787827
-1.23068 2.52051
0.916857 2.57487
1.33946 -0.790969
-1.04816 0.968601
1.20416 3.1087
1.08536 -0.00786635
0.957931 1.46068
1.58601 -0.510507
-0.705058 0.59976
0.825031 3.14105
1.26365 -1.16378
-1.0465 2.65722
0.373759 2.24744
1.87416 -0.904634
-1.21329 2.52975
0.862912 2.54851
1.37086 -0.949628
-1.18852 1.54389
1.14164 2.90866
1.16465 -0.139557
0.701999 1.38787
1.75875 -0.6128
-1.19721 1.09576
1.42782 3.06681
0.838875 0.501313
1.51761 1.10283
1.04474 1.04342
1.61824 -0.0775379
0.0190464 0.864756
-0.695481 2.65433
-0.316861 2.03668
-0.684277 2.24145
-0.218065 2.23517
-0.842356 1.68208
0.296743 2.53584
1.90925 -0.850148
-1.21472 2.56887
0.86445 2.53989
1.37209 -0.944221
-1.18673 1.51903
1.15114 2.91817
1.15719 -0.113175
0.767242 1.41114
1.71253 -0.697584
-1.19455 1.13599
1.39709 3.05656
0.889467 0.457034
1.5228 1.05851
1.03423 1.06061
1.62179 -0.110662
-0.0501341 0.821555
-0.498474 2.84056
-0.603322 1.88849
-0.191447 2.41118
-0.782883 1.34018
0.398792 2.70342
1.79042 -1.57896
-0.634432 3.72893
-0.237906 1.56339
-0.611981 2.50467
-0.399538 2.12095
-0.582187 2.28916
-0.377345 2.2339
-0.653157 2.1829
-0.24159 2.26835
-0.829989 1.75467
0.233738 2.48838
1.91269 -0.163834
-1.22374 0.991134
1.54675 3.07609
0.593437 0.586413
0.7852 1.54313
1.67057 -0.821658
-1.22711 1.37027
1.32954 2.98255
0.992554 0.346545
1.47671 1.09117
1.14327 0.98311
1.56523 0.172753
0.571028 1.18568
1.76572 0.40363
-0.166833 0.666919
-0.144296 2.98275
-0.0287411 1.26072
-0.860344 2.22202
0.0752705 2.26085
1.02436 1.72668
1.48968 -0.411916
-0.257853 0.749609
-0.0496474 2.94316
0.832557 1.73715
1.59028 -0.876293
-1.20705 1.34751
1.29677 2.98937
1.02793 0.268363
1.40525 1.20123
1.26648 0.797452
1.47474 0.603421
1.11734 1.15216
1.55858 0.00695216
0.38554 1.10755
0.912965 1.62314
1.57185 -0.671725
-0.97143 0.745037
1.22038 3.19202
1.05828 0.010677
0.965001 1.46864
1.58036 -0.498515
-0.667447 0.599669
0.754592 3.11695
1.31284 -1.36633
-0.834043 3.18529
-0.104516 1.8462
-0.8927 1.59703
0.443868 2.62108
1.74501 -1.60932
-0.622233 3.71683
-0.262749 1.55306
-0.558999 2.54565
-0.480893 2.09944
-0.452302 2.33618
-0.572948 2.18795
-0.35531 2.28461
-0.699513 2.10454
-0.144278 2.2952
-0.74778 1.22141
0.416259 2.75667
1.75933 -1.66413
-0.546139 3.81083
-0.280558 1.47714
-0.483207 2.61147
-0.594544 2.0293
-0.264298 2.35216
-0.815546 1.75841
0.205649 2.47948
1.88753 0.183238
-0.943602 0.516402
1.35023 3.28813
0.920736 0.28741
1.32488 1.35746
1.35202 0.543436
1.33843 0.990624
1.38549 0.684412
1.31263 0.958014
1.41921 0.628357
1.24313 1.05672
1.48019 0.389923
1.01705 1.24406
1.60002 -0.274843
-0.267121 0.708949
-0.00525753 2.95778
1.26061 1.74438
1.33753 0.310565
1.26005 1.17448
1.44909 0.393712
1.09629 1.2247
1.55876 -0.0813931
0.244761 1.02813
-0.652556 0.94535
0.448046 2.87956
1.69616 -1.7906
-0.404084 3.91616
-0.216364 1.37302
-0.542885 2.62349
-0.518791 2.05121
-0.379329 2.359
-0.683092 2.08767
-0.161764 2.30536
-0.783099 1.29769
0.427875 2.72969
1.7478 -1.66562
-0.549552 3.80049
-0.285518 1.48042
-0.476085 2.61265
-0.603975 2.02286
-0.248436 2.35248
-0.824093 1.68802
0.259701 2.52237
1.92127 -0.500925
-1.31044 1.75326
1.34517 2.86672
0.993949 0.41214
1.53632 0.940551
0.999911 1.10447
1.63435 -0.205248
-0.265178 0.696594
0.000519312 2.96287
1.31243 1.71994
1.29123 0.468327
1.39809 0.954659
1.30149 0.854082
1.43667 0.654022
1.21347 1.07323
1.50306 0.299862
0.894066 1.26848
1.66398 -0.489596
-0.864738 0.616822
1.11701 3.22142
1.11517 -0.292201
0.11491 1.06409
-0.971578 1.71913
0.536063 2.61761
1.62792 -1.65286
-0.593166 3.68542
-0.319018 1.53147
-0.445481 2.6003
-0.641289 2.00074
-0.186379 2.35273
-0.801281 1.37492
0.409513 2.69308
1.77798 -1.59809
-0.618659 3.74027
-0.251753 1.54784
-0.57688 2.5364
-0.45478 2.10571
-0.492905 2.32823
-0.513153 2.21152
-0.446871 2.27902
-0.563796 2.22103
-0.379664 2.27029
-0.660104 2.15825
-0.222505 2.27801
-0.8378 1.65137
0.305825 2.55074
1.90322 -0.942416
-1.16343 2.76719
0.705149 2.41106
1.50504 -1.33603
-0.993812 2.95987
0.233936 2.08328
1.76155 0.815962
0.0473429 0.755497
-0.671607 2.71578
-0.362364 2.00716
-0.598586 2.33163
-0.368477 2.21021
-0.659526 2.18809
-0.234436 2.26457
-0.83413 1.72589
0.257011 2.50648
1.92027 -0.444876
-1.30892 1.61167
1.40121 2.90365
0.906656 0.510217
1.58349 0.874834
0.85009 1.13622
1.71135 -0.358725
-0.807367 0.568418
1.04759 3.22268
1.1469 -0.500921
-0.55756 0.725728
0.453212 2.97354
1.67496 -1.84708
-0.332803 3.96787
-0.0708425 1.38735
-0.845617 2.21127
0.0523596 2.25981
0.78834 1.67358
1.6358 -0.911396
-1.23899 1.58222
1.24391 2.91316
1.09235 0.152208
1.27573 1.32889
1.40894 0.401418
1.18679 1.18219
1.50743 0.179214
0.774239 1.27109
1.73389 -0.517737
-1.07172 0.793905
1.37988 3.18075
0.897196 0.384716
1.44271 1.21331
1.19893 0.884213
1.53292 0.375711
0.854905 1.24512
1.69118 -0.495033
-0.942961 0.658536
1.23401 3.22613
1.04198 0.0355641
1.00043 1.47209
1.56071 -0.417649
-0.444495 0.646328
0.325795 2.98513
1.85513 -1.55286
-0.615527 3.79073
-0.219348 1.54354
-0.637133 2.49033
-0.361357 2.12508
-0.64336 2.24356
-0.277157 2.24272
-0.795388 1.92979
0.0840927 2.38293
1.30779 1.66993
1.30746 0.457871
1.37426 0.991177
1.33637 0.779878
1.39326 0.7869
1.30909 0.917539
1.42571 0.638728
1.23254 1.06242
1.48869 0.357738
0.974934 1.2567
1.62078 -0.364562
-0.514534 0.604322
0.476581 3.03071
1.6328 -1.8795
-0.288884 3.98153
0.0547424 1.43243
-0.881589 1.28071
0.629283 2.8115
1.48106 -1.60314
-0.624212 3.57236
-0.341243 1.58296
-0.435423 2.5804
-0.650997 2.0027
-0.173278 2.34966
-0.781721 1.31077
0.416455 2.72078
1.76455 -1.63663
-0.578113 3.77883
-0.273391 1.50783
-0.513846 2.58686
-0.549785 2.06322
-0.340472 2.34791
-0.733956 2.01636
-0.0552234 2.33321
-0.190282 1.12569
-0.432562 2.76485
-0.673805 1.86179
-0.0769606 2.40835
-0.251043 1.1075
-0.307183 2.79672
-0.749527 1.50439
0.235233 2.59228
1.9259 -0.380174
-1.30607 1.50344
1.44401 2.93005
0.828927 0.565316
1.57552 0.964475
0.881167 1.11698
1.69731 -0.331556
-0.718658 0.555205
0.889433 3.17986
1.22297 -0.976706
-1.16247 2.00044
0.854669 2.68101
1.34478 -0.989243
-1.192 1.75663
1.03994 2.81951
1.23338 -0.43611
-0.184476 0.852278
-0.249928 2.90436
-0.639169 1.23392
0.222134 2.7088
1.93459 -0.44196
-1.31473 1.70761
1.37461 2.87811
0.951495 0.469303
1.56953 0.877906
0.89658 1.13599
1.68615 -0.349313
-0.707971 0.559272
0.865644 3.17041
1.23638 -1.04747
-1.13143 2.27028
0.677498 2.52144
1.50122 -1.42243
-0.884321 3.19407
0.00452631 1.89117
-0.505131 1.01103
0.158287 2.80749
1.90952 0.153238
-1.04806 0.601936
1.47687 3.24333
0.734209 0.497534
1.27139 1.47008
1.38618 0.365714
1.21158 1.18136
1.48897 0.250141
0.895007 1.28117
1.66089 -0.499982
-0.872978 0.622943
1.12782 3.22147
1.10965 -0.26044
0.21797 1.13336
-0.584077 0.940142
0.335098 2.85628
1.85339 -1.48327
-0.697992 3.68827
-0.164894 1.62774
-0.785098 2.25464
-0.0677379 2.22396
-0.465661 1.04552
0.0743967 2.79379
1.66077 1.25931
0.552524 0.987729
1.56125 1.16755
0.916983 1.06646
1.68497 -0.253852
-0.549024 0.57012
0.564816 3.06811
1.50645 -1.80907
-0.344577 3.86661
-0.19131 1.33651
-0.57016 2.61952
-0.482022 2.05879
-0.434998 2.35735
-0.60352 2.16052
-0.302929 2.29057
-0.771962 1.96654
0.0277775 2.35976
0.728541 1.65636
1.68327 -0.947005
-1.25122 1.85223
1.15055 2.82119
1.17768 -0.0967487
0.823906 1.41922
1.67416 -0.6876
-1.13813 0.981176
1.38033 3.11219
0.905987 0.409259
1.48437 1.1319
1.12238 0.986454
1.57862 0.123194
0.464009 1.13477
1.47773 1.35449
1.10566 0.926501
1.59526 0.137905
0.415095 1.10195
1.12778 1.62082
1.45925 -0.0942712
0.530671 1.2234
1.74666 0.57256
0.0380469 0.782161
-0.672015 2.7073
-0.360329 2.01148
-0.603591 2.32635
-0.359931 2.21191
-0.673001 2.17305
-0.20954 2.26859
-0.840088 1.59654
0.342288 2.58398
1.87054 -1.22221
-0.963192 3.27076
0.220815 1.98948
1.63088 1.20387
0.676486 1.04062
1.76109 0.234017
-0.279762 0.620187
0.080143 2.99188
1.78616 0.926403
-0.0632257 0.66586
-0.342199 2.95843
-0.713823 1.50153
0.176896 2.58337
1.87781 0.324698
-0.811091 0.449437
1.15771 3.29387
1.07973 -0.198211
0.367149 1.23526
1.13911 1.63157
1.45026 -0.0607973
0.612613 1.26158
1.79964 -0.0633504
-0.774058 0.507372
1.03679 3.24305
1.14747 -0.53995
-0.678025 0.723441
0.669779 3.03913
1.39666 -1.57588
-0.606456 3.55095
-0.373627 1.57606
-0.378366 2.59
-0.721269 1.89535
-0.0204351 2.38989
0.262044 1.39221
0.671264 1.56446
1.74734 -0.827541
-1.26589 1.68387
1.26167 2.88482
1.08221 0.206129
1.34727 1.25389
1.34241 0.628422
1.37039 0.90513
1.34618 0.805444
1.38081 0.795666
1.32962 0.884365
1.40228 0.710275
1.28723 0.978049
1.44572 0.549201
1.1686 1.14142
1.52675 0.145885
0.676927 1.24198
1.78487 -0.278191
-0.951097 0.610003
1.28881 3.24975
0.991393 0.165447
1.2086 1.42287
1.44786 0.179532
0.939294 1.30546
1.63064 -0.458806
-0.722129 0.584572
0.870485 3.16228
1.23556 -1.03046
-1.14221 2.19986
0.728088 2.56651
1.44935 -1.31897
-0.994738 2.92338
0.233612 2.09347
1.76773 0.79252
0.00784605 0.73176
-0.556026 2.83089
-0.532351 1.93
-0.30991 2.41219
-0.77913 1.86738
0.0865999 2.41022
1.36552 1.63348
1.24476 0.625726
1.48503 0.705991
1.11438 1.12283
1.56513 0.0154608
0.373686 1.09804
0.776992 1.58579
1.66579 -0.861859
-1.239 1.49231
1.29052 2.9437
1.04283 0.26537
1.40782 1.18792
1.26409 0.807086
1.47717 0.590573
1.10794 1.16041
1.563 -0.0206964
0.32756 1.07403
0.232059 1.28448
-0.0124598 1.14318
-0.826301 2.34989
-0.0301126 2.18729
-0.233245 1.09546
-0.331071 2.79927
-0.748634 1.58544
0.185861 2.54806
1.88077 0.283343
-0.850428 0.463436
1.21985 3.29899
1.03958 -0.0281536
0.825202 1.45699
1.66469 -0.718776
-1.15434 1.03629
1.37675 3.09286
0.913777 0.409093
1.49167 1.11203
1.10755 1.00368
1.58603 0.078024
0.37876 1.08955
0.794478 1.59109
1.6525 -0.850245
-1.22822 1.41117
1.30919 2.96949
1.01821 0.303557
1.44181 1.14375
1.2094 0.898709
1.52359 0.390574
0.893459 1.24648
1.66864 -0.469637
-0.845942 0.60494
1.09071 3.21981
1.12822 -0.369875
-0.14093 0.898948
-0.367282 2.86794
-0.725428 1.64082
0.116113 2.51389
1.65698 1.22594
0.571402 1.00128
1.62655 0.997157
0.70091 1.08669
1.77147 0.00596397
-0.569798 0.520373
0.643927 3.11213
1.40889 -1.66123
-0.491215 3.68143
-0.407469 1.4373
-0.249859 2.64841
-0.76106 1.39601
0.32293 2.65859
1.88291 -1.20506
-0.966147 3.27391
0.229907 1.99426
1.67343 1.09596
0.509224 0.996735
1.41929 1.41237
1.20803 0.791917
1.52843 0.471131
0.922057 1.22897
1.65574 -0.422785
-0.731651 0.57553
0.896428 3.17435
1.22079 -0.953642
-1.16846 1.90249
0.911824 2.73241
1.30643 -0.822972
-1.10086 1.12036
1.20695 3.0564
1.09338 0.0146403
1.02024 1.45417
1.55425 -0.36275
-0.304403 0.706505
0.0565981 2.95414
1.66953 1.26283
0.515577 0.971218
1.39725 1.43466
1.23982 0.733456
1.49926 0.592808
1.05221 1.18065
1.59215 -0.161952
-0.022233 0.850735
-0.586257 2.77002
-0.48644 1.97467
-0.394543 2.39912
-0.670926 2.08099
-0.176821 2.3106
-0.806083 1.37091
0.421081 2.69852
1.76188 -1.62861
-0.589557 3.76441
-0.270997 1.51921
-0.524704 2.57732
-0.533486 2.07335
-0.367304 2.34626
-0.697037 2.07619
-0.136534 2.30842
-0.714271 1.17557
0.38868 2.76757
1.79479 -1.6053
-0.599282 3.77269
-0.253448 1.528
-0.56257 2.55319
-0.477851 2.09555
-0.455241 2.33795
-0.569264 2.18871
-0.360682 2.28495
-0.691833 2.11457
-0.159626 2.29176
-0.786296 1.30097
0.431524 2.72958
1.74288 -1.67173
-0.543885 3.80376
-0.287957 1.47505
-0.468614 2.61727
-0.614383 2.01316
-0.22978 2.354
-0.827823 1.59727
0.31898 2.57617
1.89213 -1.07114
-1.07744 3.02119
0.475537 2.21338
1.78553 -1.28506
-0.978915 3.17666
0.233369 2.02279
1.7124 0.983543
0.326544 0.914917
-0.348388 0.949313
-0.0424752 2.85146
0.791605 1.71595
1.62263 -0.931711
-1.23832 1.62391
1.2214 2.89824
1.11365 0.0938181
1.19073 1.38542
1.46817 0.132315
0.837219 1.30101
1.69099 -0.563946
-1.03236 0.759807
1.32842 3.19459
0.959205 0.276257
1.36074 1.3003
1.31717 0.657046
1.40843 0.828796
1.28505 0.931345
1.45141 0.56694
1.16135 1.13992
1.53197 0.12706
0.638036 1.22846
1.79392 -0.0970006
-0.786014 0.514392
1.05348 3.24484
1.13998 -0.489735
-0.536644 0.730563
0.413774 2.96267
1.73442 -1.80198
-0.380966 3.95905
-0.153857 1.38032
-0.674827 2.51055
-0.313825 2.10955
-0.713249 2.17044
-0.149377 2.26341
-0.780995 1.278
0.437495 2.74066
1.73297 -1.68891
-0.525811 3.81727
-0.291593 1.45809
-0.452351 2.62903
-0.63692 1.98819
-0.187304 2.35929
-0.799771 1.37267
0.408211 2.69354
1.77961 -1.59526
-0.621176 3.73827
-0.249772 1.55033
-0.582031 2.53197
-0.446802 2.10817
-0.505675 2.32439
-0.49413 2.21673
-0.475565 2.27471
-0.521143 2.23737
-0.444504 2.26559
-0.563073 2.22808
-0.38311 2.26695
-0.654066 2.16587
-0.233975 2.2759
-0.834023 1.71005
0.265579 2.51529
1.92025 -0.544546
-1.30782 1.85388
1.29966 2.83873
1.05328 0.313637
1.46081 1.08036
1.17808 0.955517
1.54348 0.274629
0.74573 1.24041
1.75389 -0.436515
-1.03246 0.720056
1.35873 3.2094
0.921064 0.334127
1.40111 1.26521
1.26369 0.77287
1.47727 0.615147
1.11426 1.15011
1.56083 0.000336085
0.36747 1.09687
0.715304 1.56195
1.71562 -0.855973
-1.25815 1.64799
1.25896 2.89506
1.08267 0.196621
1.33504 1.26926
1.35518 0.589932
1.34458 0.960337
1.37962 0.71376
1.32561 0.927716
1.40553 0.677879
1.27718 1.00284
1.45386 0.509687
1.13712 1.17159
1.54292 0.0481654
0.500456 1.17134
1.64904 0.979234
0.610769 1.06042
1.73447 0.540426
0.086448 0.819965
-0.818404 2.47484
-0.0805592 2.12726
-0.663965 1.09367
0.359199 2.79465
1.82961 -1.52924
-0.665287 3.715
-0.201241 1.59381
-0.699555 2.40376
-0.248623 2.15714
-0.815386 1.91742
0.124609 2.39553
1.59303 1.34424
0.793242 1.03158
1.74546 -0.124141
-0.610459 0.530636
0.708885 3.12889
1.34582 -1.4984
-0.674795 3.44162
-0.322332 1.65942
-0.507979 2.52756
-0.544986 2.09735
-0.36049 2.33291
-0.703561 2.07403
-0.125912 2.30858
-0.675479 1.13394
0.35051 2.77548
1.84234 -1.47547
-0.717234 3.65594
-0.151427 1.64896
-0.817778 2.17349
0.0175394 2.26888
0.426172 1.48795
1.76746 0.586191
-0.0681983 0.70777
-0.366192 2.9367
-0.715294 1.58633
0.1301 2.53981
1.73548 1.01259
0.214604 0.840099
-0.987534 1.55391
0.668968 2.73304
1.45982 -1.49625
-0.765218 3.37262
-0.19301 1.74073
-0.782776 2.21292
-0.0563973 2.24332
-0.352907 1.06166
-0.108977 2.80724
0.0605673 1.29648
-0.945754 1.54552
0.584492 2.69855
1.55332 -1.64228
-0.597709 3.64068
-0.339592 1.54429
-0.417372 2.60023
-0.676512 1.96184
-0.118465 2.36303
-0.587653 1.08595
0.237886 2.77741
1.9366 -0.706412
-1.26129 2.36753
1.02819 2.65442
1.27428 -0.452888
-0.203582 0.832711
-0.201419 2.91421
-0.464684 1.13308
0.0164513 2.75682
1.23616 1.73644
1.36021 0.235072
1.16933 1.25591
1.50717 0.103518
0.690511 1.25747
1.77904 -0.351677
-1.01123 0.675594
1.35194 3.22643
0.927085 0.314277
1.37894 1.29242
1.29304 0.708795
1.44274 0.73376
1.21313 1.04512
1.50684 0.312554
0.892288 1.26514
1.66566 -0.488333
-0.867198 0.6174
1.12129 3.22215
1.11287 -0.279836
0.154831 1.09099
-0.929059 1.3266
0.694142 2.82183
1.41861 -1.45843
-0.793302 3.30782
-0.158485 1.77963
-0.850141 2.01643
0.140916 2.35899
1.64049 1.24043
0.63585 1.02171
1.73419 0.508717
0.0703887 0.813238
-0.775764 2.55449
-0.172124 2.08359
-0.864689 1.63821
0.364414 2.57562
1.84859 -1.3236
-0.88159 3.40942
0.0677489 1.85771
-0.0203701 1.17867
-0.831505 2.32556
-0.0130737 2.20026
-0.0477117 1.18757
-0.779805 2.42641
-0.131849 2.14331
-0.813477 1.32102
0.46853 2.73442
1.69186 -1.7165
-0.501664 3.81913
-0.304881 1.43553
-0.415881 2.64684
-0.683716 1.92361
-0.090705 2.37923
-0.4 1.06645
-0.0392618 2.79575
0.749785 1.6954
1.65762 -0.964969
-1.24642 1.84004
1.14297 2.82297
1.18174 -0.119818
0.767767 1.40447
1.71357 -0.689894
-1.19051 1.11841
1.39953 3.06237
0.884929 0.459253
1.52095 1.0659
1.03865 1.05662
1.61986 -0.0995186
-0.0236073 0.83828
-0.572764 2.78479
-0.505874 1.96313
-0.361705 2.4024
-0.716102 2.01741
-0.0832241 2.33335
-0.412902 1.06017
-0.0155173 2.79572
0.989595 1.76344
1.49808 -0.514422
-0.529248 0.641868
0.471489 3.01355
1.64262 -1.8716
-0.300231 3.97752
0.017359 1.41652
-0.937251 1.59315
0.537212 2.6614
1.61716 -1.67419
-0.563929 3.71241
-0.333802 1.50115
-0.403427 2.62091
-0.695632 1.92169
-0.0719418 2.37882
-0.256781 1.1028
-0.293972 2.79951
-0.744231 1.45345
0.257292 2.61863
1.92613 -0.645495
-1.28817 2.14818
1.15275 2.7431
1.19288 -0.077783
0.875102 1.42275
1.64185 -0.636237
-1.03052 0.785456
1.30539 3.18444
0.985537 0.227912
1.31418 1.3406
1.3672 0.514721
1.3066 1.04038
1.41902 0.575971
1.23147 1.0867
1.48652 0.343973
0.972018 1.26049
1.62164 -0.372328
-0.532326 0.599753
0.51105 3.04116
1.58206 -1.86644
-0.296167 3.94768
-0.000609377 1.40221
-0.937286 1.75781
0.441559 2.5625
1.75846 -1.55716
-0.680809 3.65263
-0.215867 1.61356
-0.681393 2.41827
-0.279186 2.15304
-0.776275 2.03311
0.00528506 2.32815
0.417019 1.48623
1.75084 0.676248
0.0610608 0.783876
-0.729205 2.63453
-0.262815 2.04473
-0.772575 2.0966
-0.027575 2.29728
0.00395696 1.22437
-0.899531 2.11168
0.193444 2.3381
1.81107 0.658409
-0.278153 0.564649
0.119061 3.01517
1.89575 0.370177
-0.868982 0.454587
1.26219 3.30763
1.00561 0.07837
1.04023 1.47863
1.53827 -0.318881
-0.159672 0.788344
-0.248552 2.92979
-0.620827 1.21987
0.201718 2.71293
1.92957 -0.221825
-1.27559 1.20414
1.52955 3.00609
0.639567 0.605477
1.13214 1.56106
1.46973 -0.0738277
0.539552 1.22312
1.75653 0.506878
-0.0505815 0.730297
-0.422287 2.90858
-0.683559 1.73726
-0.00120304 2.46443
0.616247 1.60976
1.77867 -0.80111
-1.27344 1.7426
1.2547 2.86737
1.092 0.191586
1.33073 1.26941
1.36034 0.577385
1.33398 0.979888
1.39192 0.67677
1.3008 0.976002
1.43127 0.587554
1.20993 1.09977
1.50232 0.277986
0.879278 1.27196
1.67185 -0.506894
-0.911248 0.642888
1.18537 3.22498
1.07604 -0.0964824
0.698093 1.40852
1.75788 -0.639243
-1.21235 1.16105
1.41963 3.04539
0.855368 0.496427
1.53158 1.06047
1.01051 1.06952
1.63379 -0.157669
-0.179432 0.741988
-0.178045 2.95177
-0.303565 1.14656
-0.242475 2.78107
-0.691031 1.27144
0.283292 2.70205
1.91347 -0.991836
-1.11652 2.93015
0.57735 2.29801
1.65508 -1.45823
-0.84634 3.34931
-0.0369037 1.8198
-0.805062 1.20477
0.533959 2.80292
1.59255 -1.7425
-0.467485 3.79934
-0.332397 1.40323
-0.350297 2.66835
-0.750994 1.75597
0.0961671 2.46034
1.49424 1.5078
1.03892 0.926046
1.63473 0.0275196
0.105824 0.909006
-0.91759 2.18393
0.200532 2.31418
1.8155 0.627875
-0.315827 0.547003
0.193329 3.02191
1.95614 -0.566002
-1.29628 2.15579
1.17412 2.74537
1.179 -0.014118
1.0095 1.42636
1.5661 -0.379204
-0.375112 0.670865
0.195192 2.96555
1.95233 -0.519316
-1.30809 2.01829
1.24524 2.791
1.11579 0.18187
1.3214 1.26733
1.3716 0.550559
1.30958 1.02102
1.41757 0.592174
1.23832 1.07474
1.48219 0.368442
0.999141 1.25211
1.60833 -0.316024
-0.37766 0.654993
0.21109 2.97307
1.95127 -0.697235
-1.25374 2.43667
0.995818 2.62636
1.29423 -0.551573
-0.506263 0.701477
0.385319 2.96977
1.77508 -1.75024
-0.430821 3.93643
-0.210059 1.39536
-0.569096 2.59885
-0.479172 2.07041
-0.44367 2.35122
-0.589487 2.1719
-0.326593 2.28862
-0.74079 2.03586
-0.0529083 2.32412
-0.185716 1.12696
-0.442415 2.76096
-0.662693 1.87976
-0.101801 2.4019
-0.444477 1.06536
0.029177 2.78813
1.37272 1.66432
1.2278 0.642203
1.50311 0.656168
1.05851 1.1612
1.59196 -0.136293
0.0247711 0.879568
-0.721121 2.61649
-0.27125 2.05364
-0.762387 2.11332
-0.0508501 2.28849
-0.230369 1.10507
-0.342751 2.79386
-0.745925 1.62743
0.157391 2.52514
1.81426 0.696448
-0.281102 0.557958
0.128889 3.01786
1.91271 0.233889
-1.01566 0.556624
1.45163 3.26543
0.777773 0.462615
1.33564 1.40245
1.33094 0.567817
1.37473 0.930528
1.33892 0.805359
1.3906 0.777795
1.31296 0.916267
1.42128 0.649735
1.24327 1.04849
1.48105 0.394021
1.01711 1.24292
1.60021 -0.274035
-0.266188 0.70935
-0.00706645 2.95775
1.24541 1.75032
1.34944 0.263273
1.20897 1.22627
1.48369 0.227489
0.890162 1.28638
1.66264 -0.509784
-0.892565 0.634305
1.15627 3.22298
1.09389 -0.178342
0.471131 1.29433
1.70364 0.82043
0.345582 0.951046
-0.0446812 1.09971
-0.727019 2.53883
-0.244576 2.09042
-0.808838 1.98017
0.0837962 2.36147
1.27347 1.68638
1.33857 0.353124
1.2837 1.13654
1.43177 0.475271
1.17276 1.16397
1.52033 0.147421
0.699671 1.25122
1.77542 -0.363225
-1.01286 0.680089
1.3516 3.22472
0.927736 0.314219
1.37973 1.29109
1.29211 0.711203
1.44398 0.729725
1.21009 1.04921
1.50877 0.302251
0.878869 1.26595
1.67327 -0.50143
-0.906733 0.638907
1.17991 3.22556
1.07936 -0.111996
0.656797 1.39101
1.78452 -0.523717
-1.1769 0.996668
1.44904 3.0986
0.798099 0.518315
1.47696 1.20576
1.13024 0.955796
1.57675 0.163898
0.517794 1.15848
1.67498 0.885104
0.490658 1.02247
1.38537 1.45594
1.25375 0.699357
1.48388 0.653707
1.10716 1.142
1.56651 -0.0127456
0.326636 1.07184
0.214346 1.27277
-0.226521 1.0267
-0.29667 2.8306
-0.736213 1.44018
0.251773 2.62311
1.92753 -0.600608
-1.29858 2.04421
1.211 2.78011
1.1458 0.0878617
1.18908 1.37227
1.47188 0.130122
0.824696 1.29831
1.69905 -0.565162
-1.05047 0.782005
1.34714 3.1863
0.93862 0.318996
1.4006 1.2572
1.26574 0.773224
1.4752 0.619761
1.12043 1.14569
1.55772 0.0180335
0.40489 1.118
1.09824 1.62804
1.47421 -0.184058
0.315896 1.1031
0.219109 1.27808
-0.163877 1.05752
-0.437268 2.78831
-0.669771 1.85187
-0.0782951 2.41333
-0.254159 1.10681
-0.301223 2.79742
-0.747789 1.48203
0.245833 2.60403
1.92726 -0.50994
-1.31104 1.81741
1.32173 2.8491
1.02629 0.363998
1.50245 1.0044
1.08869 1.04857
1.5918 0.00447199
0.254131 1.01836
-0.614215 0.93342
0.390791 2.87039
1.77876 -1.69259
-0.500755 3.8697
-0.26335 1.43812
-0.492182 2.62355
-0.585009 2.02777
-0.277014 2.35538
-0.806069 1.80691
0.16334 2.44965
1.79149 0.781869
-0.125615 0.64373
-0.201648 2.99008
-0.400499 1.13972
-0.0848541 2.76705
0.235638 1.40185
0.424551 1.42983
1.72222 0.789415
0.246239 0.892879
-0.887087 1.15596
0.730633 2.89749
1.37371 -1.38063
-0.868869 3.15399
-0.0371463 1.88519
-0.74225 1.12526
0.474656 2.81373
1.6695 -1.76641
-0.439042 3.86851
-0.275028 1.38483
-0.439127 2.66238
-0.657672 1.94749
-0.139747 2.37273
-0.672021 1.14283
0.338385 2.76895
1.85727 -1.41348
-0.773781 3.58672
-0.083692 1.71357
-0.907173 1.69701
0.414028 2.57273
1.79111 -1.50195
-0.727595 3.61027
-0.159645 1.6627
-0.809215 2.18819
-0.00284418 2.25965
0.183243 1.33273
-0.335951 0.988085
-0.0877419 2.83881
0.308352 1.45323
1.25077 1.61238
1.3751 0.287963
1.18348 1.22772
1.50225 0.153362
0.762878 1.27354
1.74008 -0.511574
-1.07882 0.801952
1.38788 3.17724
0.886524 0.400297
1.45025 1.20627
1.18537 0.902273
1.54234 0.330073
0.792926 1.24235
1.72759 -0.48856
-1.02503 0.727184
1.33894 3.20692
0.945331 0.294483
1.37206 1.29267
1.30284 0.689967
1.4297 0.770913
1.24276 1.00315
1.48643 0.414564
1.01403 1.23771
1.60292 -0.27726
-0.282147 0.700389
0.0252781 2.95925
1.49148 1.56662
1.03257 0.911559
1.6394 0.0356021
0.0961931 0.900799
-0.895202 2.26061
0.127583 2.26094
1.45473 1.53358
1.11818 0.851974
1.59234 0.232106
0.526553 1.15066
1.68513 0.842886
0.437737 1.00116
1.00266 1.62277
1.52485 -0.453851
-0.437994 0.660022
0.304638 2.97663
1.88114 -1.43697
-0.722811 3.67335
-0.13019 1.65438
-0.853624 2.06906
0.124173 2.33376
1.52398 1.45185
0.977464 0.975362
1.66349 -0.0989842
-0.209475 0.71258
-0.103902 2.96274
0.310334 1.46365
1.2881 1.59245
1.34476 0.404356
1.30015 1.09786
1.41963 0.536085
1.21899 1.11149
1.49349 0.298276
0.920554 1.2714
1.64824 -0.460769
-0.774832 0.587688
0.968438 3.1926
1.18585 -0.735593
-1.05727 1.06555
1.15271 3.06611
1.12641 -0.142921
0.646054 1.37525
1.79143 -0.462232
-1.14403 0.897755
1.44875 3.13469
0.794729 0.505805
1.45196 1.2495
1.1759 0.896491
1.54985 0.312423
0.754192 1.23508
1.75004 -0.439767
-1.02608 0.714045
1.35098 3.21182
0.9303 0.317688
1.38843 1.27831
1.28128 0.737065
1.4576 0.684377
1.1744 1.09278
1.52986 0.184544
0.707948 1.24627
1.77202 -0.3738
-1.01433 0.684233
1.35123 3.22315
0.928409 0.314041
1.38036 1.28995
1.29137 0.713135
1.44495 0.726519
1.20768 1.05242
1.51029 0.294111
0.868108 1.26632
1.67947 -0.510102
-0.934835 0.657657
1.21899 3.22452
1.05341 -0.00395582
0.91926 1.46827
1.60562 -0.592039
-0.897504 0.663633
1.14155 3.20904
1.10475 -0.216436
0.364054 1.22819
1.09647 1.63896
1.47274 -0.190648
0.305872 1.09764
0.095197 1.19725
-0.952914 1.52198
0.614453 2.71978
1.51603 -1.60247
-0.641303 3.56958
-0.319387 1.59667
-0.480213 2.56346
-0.589545 2.05888
-0.283245 2.34029
-0.799646 1.84711
0.131672 2.42637
1.65693 1.21247
0.572824 1.00425
1.63294 0.977915
0.675537 1.08302
1.77138 0.120011
-0.445176 0.549935
0.40285 3.03898
1.74196 -1.83122
-0.341879 3.99821
-0.057069 1.40147
-0.875269 2.11665
0.144514 2.32071
1.62152 1.27647
0.703431 1.03303
1.76264 0.135985
-0.384021 0.576804
0.280802 3.01185
1.90546 -1.32306
-0.8191 3.55107
-0.00696723 1.76975
-0.748056 1.11128
0.495449 2.82611
1.63889 -1.77401
-0.429691 3.86059
-0.279768 1.37612
-0.425367 2.66936
-0.674844 1.92198
-0.103159 2.38116
-0.480121 1.06356
0.0846604 2.78452
1.70298 1.15248
0.374961 0.917383
0.119389 1.19986
-0.918587 1.3264
0.672603 2.81292
1.43922 -1.50841
-0.735779 3.40523
-0.235442 1.71046
-0.692199 2.36819
-0.248554 2.17496
-0.817867 1.89611
0.139299 2.40746
1.67553 1.16302
0.497779 0.980037
1.33004 1.50298
1.31785 0.538389
1.38533 0.931529
1.32274 0.831678
1.41165 0.721727
1.27179 0.991109
1.46033 0.500315
1.11859 1.18312
1.55264 -0.00526324
0.389016 1.11229
0.956983 1.62989
1.5466 -0.572131
-0.747367 0.620501
0.887518 3.15418
1.22893 -0.975909
-1.16515 1.97803
0.870884 2.69427
1.33379 -0.94255
-1.18403 1.56774
1.11771 2.89615
1.18034 -0.209214
0.513227 1.29806
1.76961 0.464202
-0.1478 0.671165
-0.181838 2.98031
-0.298944 1.151
-0.252997 2.77946
-0.710585 1.31139
0.290195 2.68628
1.90906 -1.02234
-1.0979 2.98003
0.529037 2.25656
1.71793 -1.41609
-0.875184 3.33661
0.0238004 1.85552
-0.429074 1.01132
0.0409872 2.81287
1.48046 1.56379
1.05792 0.894512
1.62637 0.0888906
0.223994 0.98259
-0.844419 1.09827
0.688615 2.90208
1.40655 -1.49186
-0.736937 3.38695
-0.239219 1.71666
-0.688098 2.37071
-0.255276 2.17444
-0.810433 1.92378
0.1129 2.39054
1.52062 1.46359
0.983788 0.969312
1.66074 -0.0859101
-0.177 0.73128
-0.174435 2.95619
-0.276496 1.15376
-0.292852 2.77816
-0.749889 1.46574
0.259451 2.6139
1.9254 -0.65781
-1.28499 2.1747
1.13695 2.73294
1.20429 -0.124258
0.766527 1.39766
1.71576 -0.681614
-1.18739 1.10384
1.40211 3.06715
0.880299 0.461978
1.51943 1.0725
1.04221 1.05315
1.61833 -0.0902748
-0.00203451 0.85196
-0.634759 2.72567
-0.415113 2.00302
-0.513012 2.37305
-0.498392 2.19052
-0.460431 2.28935
-0.547398 2.22216
-0.402753 2.27196
-0.626395 2.18744
-0.280942 2.2726
-0.795172 1.91116
0.0925802 2.39226
1.38591 1.61527
1.21946 0.681701
1.51454 0.599064
1.01226 1.18913
1.61302 -0.249348
-0.264691 0.705286
-0.00656991 2.95953
1.25125 1.74826
1.34491 0.281463
1.22928 1.20722
1.47072 0.292936
0.978704 1.27421
1.61518 -0.369186
-0.50539 0.608774
0.457312 3.02439
1.66201 -1.87546
-0.296075 3.99183
0.0436159 1.43038
-0.905675 1.365
0.619555 2.77709
1.49835 -1.61159
-0.620724 3.58535
-0.339587 1.57668
-0.434861 2.58323
-0.652159 1.9999
-0.170418 2.35065
-0.775655 1.2954
0.4158 2.72671
1.76451 -1.63993
-0.573996 3.7834
-0.274448 1.5038
-0.509613 2.59033
-0.556053 2.05911
-0.330079 2.34844
-0.747559 1.98922
-0.0219124 2.3463
0.159713 1.32367
-0.549582 0.955811
0.267207 2.83947
1.9217 -1.04357
-1.06541 3.07856
0.45268 2.18498
1.814 -1.18186
-1.05749 3.00958
0.414778 2.17843
1.8495 -1.01541
-1.163 2.71229
0.702171 2.42248
1.50462 -1.3452
-0.982769 2.98658
0.20817 2.06115
1.65247 1.16355
0.59468 1.02145
1.68863 0.772229
0.406417 0.994506
0.717354 1.55472
1.71576 -0.848662
-1.25738 1.6237
1.26866 2.90293
1.07215 0.220153
1.36238 1.23927
1.32477 0.674274
1.40072 0.832233
1.2984 0.91229
1.43807 0.612929
1.20203 1.09683
1.50887 0.257432
0.842778 1.27052
1.69356 -0.528331
-0.99324 0.707978
1.29215 3.21275
0.994173 0.186782
1.25319 1.3913
1.418 0.321417
1.12265 1.23964
1.54019 -0.0194819
0.411379 1.12989
1.17677 1.60995
1.43137 0.057513
0.838278 1.32299
1.68594 -0.586457
-1.0493 0.788303
1.34015 3.18401
0.947299 0.305223
1.39056 1.26705
1.27984 0.74499
1.45953 0.674854
1.16846 1.10005
1.53302 0.165148
0.677051 1.23782
1.78488 -0.269387
-0.941567 0.601963
1.27713 3.25198
1.00179 0.136301
1.16501 1.44249
1.47427 0.0438895
0.710368 1.28076
1.76789 -0.444731
-1.07583 0.776424
1.40064 3.18587
0.867013 0.418994
1.44904 1.21853
1.18606 0.896914
1.54217 0.335729
0.797584 1.24229
1.72493 -0.490967
-1.02142 0.724066
1.33433 3.20808
0.950481 0.284237
1.36258 1.30214
1.31438 0.661836
1.41255 0.818885
1.27743 0.945035
1.45838 0.539109
1.13691 1.16235
1.54457 0.0519481
0.499796 1.17016
1.64613 0.988169
0.623076 1.06345
1.74597 0.454486
-0.0254974 0.754493
-0.49828 2.8624
-0.604809 1.8737
-0.182646 2.41715
-0.764101 1.29144
0.39751 2.72262
1.78934 -1.59202
-0.619111 3.74646
-0.246859 1.54789
-0.586239 2.52998
-0.44066 2.10921
-0.515239 2.32154
-0.479943 2.21982
-0.496882 2.27032
-0.489481 2.24549
-0.491846 2.25797
-0.492592 2.25145
-0.489393 2.25525
-0.495181 2.25246
-0.48606 2.25516
-0.499887 2.25176
-0.479174 2.25629
-0.510075 2.24927
-0.464004 2.25878
-0.532649 2.2424
-0.430156 2.2628
-0.583204 2.2199
-0.352467 2.26731
-0.699289 2.11357
-0.148196 2.29112
-0.760922 1.24402
0.424294 2.75001
1.74944 -1.67442
-0.537661 3.81418
-0.285034 1.46918
-0.470518 2.61904
-0.612223 2.01369
-0.233045 2.35433
-0.827658 1.61292
0.309425 2.56701
1.9 -0.992711
-1.13091 2.87294
0.613786 2.33346
1.60816 -1.45387
-0.858581 3.30112
-0.0254032 1.84151
-0.742533 1.11771
0.480662 2.81869
1.66037 -1.77046
-0.434269 3.86802
-0.27446 1.381
-0.437858 2.66427
-0.659424 1.94435
-0.135809 2.37379
-0.655579 1.12876
0.320292 2.77118
1.87703 -1.32132
-0.853889 3.47588
0.032954 1.81704
-0.434417 1.00701
0.052003 2.81393
1.55197 1.46748
0.897935 0.995563
1.70195 -0.158809
-0.469992 0.582323
0.418559 3.02777
1.71959 -1.84805
-0.326036 3.99906
-0.0245482 1.40917
-0.920747 1.90722
0.329153 2.46298
1.89124 -0.971529
-1.15544 2.78276
0.681349 2.39403
1.52923 -1.37857
-0.947772 3.08138
0.132922 1.99205
1.02398 1.70628
1.49463 -0.410188
-0.264238 0.744881
-0.0357956 2.94416
0.970203 1.77181
1.50563 -0.568559
-0.669585 0.624986
0.736912 3.10095
1.32877 -1.41261
-0.78369 3.2772
-0.184156 1.78164
-0.812716 2.12718
0.0271462 2.28996
0.577994 1.57778
1.80833 -0.636447
-1.26362 1.40186
1.39606 2.96881
0.904215 0.482523
1.5591 0.952615
0.932875 1.11563
1.66943 -0.300082
-0.566907 0.573587
0.593602 3.07506
1.47034 -1.75946
-0.393768 3.80474
-0.308031 1.33987
-0.354196 2.69551
-0.747315 1.74395
0.0964004 2.46571
1.50171 1.49861
1.02331 0.938605
1.6423 -0.00685666
0.0235915 0.856005
-0.699159 2.65243
-0.311128 2.03738
-0.693892 2.22944
-0.19979 2.23904
-0.843919 1.58192
0.358266 2.59502
1.853 -1.3176
-0.883542 3.409
0.0722885 1.86049
0.0343615 1.21171
-0.936381 1.94502
0.342814 2.4551
1.88126 -1.04774
-1.10844 2.92404
0.551887 2.28406
1.68619 -1.44979
-0.847729 3.36519
-0.028267 1.81893
-0.777353 1.15844
0.51524 2.81421
1.61463 -1.76078
-0.445785 3.83217
-0.307071 1.38545
-0.382873 2.67313
-0.721765 1.83684
0.00834087 2.41754
0.630946 1.61418
1.76717 -0.837168
-1.27025 1.80439
1.22025 2.84622
1.12507 0.101587
1.20737 1.36943
1.45916 0.185799
0.917012 1.3013
1.64412 -0.489294
-0.812078 0.601408
1.02832 3.20491
1.15859 -0.554541
-0.698632 0.723639
0.707865 3.05221
1.36082 -1.48005
-0.716022 3.39358
-0.272617 1.70109
-0.618487 2.44604
-0.375072 2.15006
-0.630275 2.24305
-0.295303 2.24596
-0.773809 1.98783
0.0211949 2.34969
0.636827 1.61263
1.76311 -0.845121
-1.2692 1.81184
1.21442 2.84337
1.13013 0.0857387
1.18264 1.38329
1.47424 0.108449
0.793099 1.29476
1.71877 -0.560218
-1.08483 0.827918
1.38084 3.16801
0.89757 0.390982
1.45172 1.1978
1.1836 0.907346
1.54332 0.322132
0.783773 1.24165
1.73289 -0.481493
-1.02977 0.730214
1.34582 3.20575
0.937385 0.309301
1.38475 1.27985
1.28655 0.726945
1.45126 0.704544
1.19138 1.07338
1.52013 0.239616
0.792319 1.2624
1.72475 -0.516506
-1.05017 0.765066
1.35919 3.19241
0.922854 0.341169
1.41367 1.24596
1.24609 0.808634
1.49465 0.545732
1.04932 1.19443
1.59132 -0.17652
-0.0459405 0.836687
-0.520279 2.82243
-0.575826 1.91693
-0.242943 2.40646
-0.819886 1.60164
0.301768 2.56916
1.90523 -0.94034
-1.16278 2.77167
0.703363 2.40901
1.507 -1.33922
-0.990522 2.9692
0.226313 2.07632
1.73346 0.92288
0.215237 0.853437
-0.98227 1.50779
0.686497 2.75624
1.43928 -1.4614
-0.802383 3.30399
-0.141836 1.78779
-0.872345 1.91903
0.228022 2.4222
1.89628 0.0417912
-1.06677 0.644988
1.47958 3.22577
0.730252 0.506249
1.27696 1.46748
1.38145 0.383101
1.22933 1.16301
1.47757 0.307897
0.971507 1.27025
1.61996 -0.379795
-0.541371 0.598405
0.527914 3.04615
1.55812 -1.85195
-0.30811 3.92484
-0.0560509 1.3776
-0.867015 2.15393
0.113853 2.29761
1.41056 1.58358
1.18755 0.747071
1.54451 0.469699
0.870547 1.22596
1.68564 -0.465999
-0.886963 0.619502
1.15775 3.22885
1.09193 -0.176001
0.474648 1.29675
1.71271 0.782763
0.292323 0.923509
-0.591476 0.91926
0.362816 2.87059
1.81682 -1.60885
-0.579864 3.80787
-0.249536 1.50912
-0.559326 2.56242
-0.484266 2.08997
-0.443815 2.34136
-0.586538 2.17854
-0.333098 2.28619
-0.731343 2.05438
-0.0754781 2.31556
-0.383461 1.06247
-0.0620797 2.80068
0.518308 1.57882
1.83475 -0.369
-1.16807 0.917334
1.4832 3.12088
0.731143 0.545211
1.36178 1.39352
1.2992 0.643911
1.42884 0.800721
1.24653 0.987837
1.48454 0.432734
1.02843 1.23036
1.59635 -0.242815
-0.191014 0.750505
-0.163791 2.94832
-0.213619 1.1728
-0.419307 2.75117
-0.687402 1.84959
-0.050772 2.41246
-0.00752315 1.22621
-0.881292 2.17372
0.133052 2.29543
1.53218 1.43485
0.95921 0.987141
1.67189 -0.128121
-0.292018 0.667159
0.0653244 2.97148
1.71897 1.13948
0.299638 0.874976
-0.664604 0.931949
0.479409 2.89392
1.64942 -1.81062
-0.381113 3.9111
-0.201098 1.36096
-0.56577 2.61364
-0.486645 2.06159
-0.429397 2.35603
-0.611158 2.15622
-0.290703 2.29066
-0.786552 1.92637
0.0707148 2.38241
1.19487 1.71823
1.39539 0.106578
0.9775 1.33241
1.60377 -0.406317
-0.543596 0.603936
0.527247 3.04366
1.55941 -1.85167
-0.308957 3.92482
-0.0582877 1.37693
-0.862927 2.16668
0.101187 2.28925
1.3032 1.66401
1.3137 0.444594
1.36118 1.01421
1.35337 0.7367
1.36745 0.854309
1.3512 0.822116
1.3742 0.798677
1.34001 0.867219
1.38929 0.746168
1.3129 0.930365
1.42061 0.642465
1.24321 1.0513
1.48077 0.392576
1.01703 1.24333
1.60018 -0.274449
-0.266884 0.709012
-0.00568978 2.95779
1.25701 1.74584
1.34041 0.299384
1.24843 1.1874
1.45757 0.355456
1.05413 1.24753
1.57873 -0.194797
-0.0339894 0.848805
-0.557455 2.79311
-0.526479 1.95355
-0.328312 2.40297
-0.757964 1.93312
0.0202645 2.37406
0.67558 1.63329
1.72928 -0.916523
-1.25861 1.9088
1.14774 2.80507
1.18273 -0.102474
0.812272 1.41529
1.68243 -0.691643
-1.1528 1.01674
1.38655 3.09908
0.898997 0.424845
1.49581 1.11262
1.09779 1.01018
1.59128 0.0523873
0.323763 1.05767
0.131936 1.2181
-0.870306 1.19465
0.668451 2.85865
1.43337 -1.53006
-0.700867 3.4508
-0.278468 1.67321
-0.593683 2.47592
-0.416954 2.13758
-0.561371 2.29161
-0.406753 2.23553
-0.609469 2.21757
-0.315319 2.26268
-0.750689 2.0304
-0.0349269 2.32698
-0.0113086 1.21767
-0.87039 2.21056
0.0982765 2.27133
1.25094 1.68878
1.35836 0.283499
1.2091 1.21712
1.48512 0.230793
0.889114 1.28536
1.66345 -0.50997
-0.894881 0.635459
1.1598 3.22322
1.09182 -0.168297
0.500485 1.31122
1.7627 0.521937
-0.0756494 0.711323
-0.353572 2.93922
-0.717851 1.54885
0.155761 2.55956
1.82613 0.646309
-0.36731 0.516624
0.300468 3.04038
1.883 -1.46823
-0.685735 3.72299
-0.162443 1.61439
-0.783587 2.26296
-0.073162 2.21988
-0.507066 1.04705
0.137041 2.79058
1.87054 0.461247
-0.696798 0.428199
0.960223 3.25134
1.17767 -0.777768
-1.11351 1.25422
1.14432 3.0008
1.1443 -0.151454
0.645501 1.37064
1.79204 -0.451191
-1.13652 0.878921
1.44674 3.14198
0.797524 0.500884
1.44997 1.25134
1.17952 0.891847
1.54745 0.324365
0.771443 1.23772
1.74035 -0.464656
-1.02911 0.724486
1.34889 3.20789
0.933387 0.314856
1.3881 1.27726
1.28194 0.736397
1.45684 0.686455
1.17642 1.09065
1.52872 0.190986
0.718286 1.24884
1.76694 -0.401907
-1.02996 0.70774
1.36326 3.21395
0.914718 0.341356
1.40348 1.26495
1.25994 0.778991
1.48114 0.601515
1.1012 1.16015
1.56712 -0.0370772
0.286602 1.04891
-0.265014 0.992185
-0.206109 2.84698
-0.540188 1.14352
0.124717 2.74511
1.82515 0.703255
-0.339516 0.52404
0.249367 3.03369
1.9331 -1.11251
-0.990834 3.26144
0.293327 2.03753
1.8516 0.261465
-0.726253 0.45503
0.992015 3.25048
1.16462 -0.679421
-0.988256 0.935598
1.10565 3.10171
1.14447 -0.291631
0.182826 1.10315
-0.833691 1.10433
0.662981 2.88988
1.43201 -1.55129
-0.66923 3.49176
-0.312435 1.63932
-0.514918 2.53318
-0.536959 2.09664
-0.371457 2.33463
-0.688523 2.09349
-0.156123 2.30183
-0.773145 1.27267
0.426766 2.7393
1.74777 -1.67084
-0.54293 3.80759
-0.285815 1.47413
-0.471945 2.61657
-0.60998 2.01665
-0.237431 2.35362
-0.827198 1.63499
0.295676 2.55406
1.90945 -0.870679
-1.20282 2.62146
0.8254 2.50871
1.39997 -1.05277
-1.19438 1.96208
0.954737 2.73261
1.28796 -0.690509
-0.883876 0.770674
1.02654 3.14111
1.17214 -0.542529
-0.636629 0.714759
0.601329 3.01991
1.47085 -1.72542
-0.442642 3.75995
-0.363912 1.37949
-0.285226 2.67862
-0.772843 1.51846
0.267181 2.5936
1.92254 -0.694975
-1.27462 2.25099
1.0893 2.70182
1.23606 -0.267004
0.378891 1.20819
1.15357 1.62518
1.4429 -0.0157124
0.704735 1.29492
1.76935 -0.458962
-1.09287 0.805808
1.41249 3.17371
0.850559 0.442312
1.45716 1.21332
1.17071 0.915277
1.55232 0.286033
0.724629 1.23079
1.76541 -0.381115
-1.00345 0.675745
1.33693 3.22642
0.944818 0.283102
1.3535 1.31569
1.32417 0.633687
1.39613 0.862472
1.30654 0.887735
1.42995 0.64786
1.2259 1.0649
1.49397 0.338122
0.947463 1.26229
1.63493 -0.41467
-0.653972 0.579127
0.747213 3.12251
1.31711 -1.38904
-0.805958 3.2353
-0.150754 1.81005
-0.866674 1.93159
0.211182 2.41211
1.87484 0.265271
-0.834557 0.46273
1.19054 3.2947
1.05997 -0.106307
0.631671 1.38443
1.79747 -0.434516
-1.13487 0.870097
1.44954 3.14481
0.792291 0.503276
1.44307 1.26455
1.19079 0.874007
1.53989 0.364322
0.824857 1.24222
1.70918 -0.497838
-0.991487 0.697027
1.29731 3.21716
0.988421 0.197463
1.26511 1.3842
1.40869 0.359038
1.16472 1.20915
1.51843 0.10712
0.659149 1.24271
1.79048 -0.218152
-0.905237 0.571298
1.23294 3.25916
1.03699 0.0211121
0.955221 1.47467
1.58425 -0.522389
-0.724495 0.60279
0.859217 3.15149
1.24332 -1.06227
-1.12525 2.31285
0.648887 2.49482
1.53371 -1.46886
-0.832024 3.30535
-0.0813582 1.81345
-0.889505 1.50055
0.497427 2.67783
1.66421 -1.69311
-0.536909 3.76713
-0.320939 1.47004
-0.407861 2.63364
-0.691754 1.91981
-0.0769332 2.38005
-0.295358 1.08996
-0.219796 2.80496
-0.619574 1.18614
0.221899 2.73032
1.93626 -0.474146
-1.31431 1.79548
1.3386 2.85498
1.00453 0.400786
1.52926 0.95116
1.01973 1.09533
1.62475 -0.164882
-0.155259 0.759223
-0.234915 2.94236
-0.573943 1.1817
0.152355 2.72746
1.88036 0.367858
-0.797696 0.441213
1.13956 3.29338
1.08974 -0.25013
0.204572 1.12848
-0.682018 0.96947
0.481826 2.87919
1.64846 -1.80293
-0.391311 3.90135
-0.220317 1.36182
-0.52819 2.63588
-0.540371 2.03889
-0.343978 2.3611
-0.731805 2.01302
-0.0571291 2.33479
-0.204301 1.11974
-0.401369 2.77638
-0.705901 1.79515
0.00409349 2.43697
0.622002 1.6109
1.77432 -0.815095
-1.27235 1.76648
1.24163 2.85936
1.105 0.158064
1.28799 1.31046
1.40019 0.442103
1.22246 1.1443
1.48597 0.295037
0.939209 1.27332
1.63732 -0.435663
-0.699378 0.579488
0.831845 3.15122
1.25788 -1.14574
-1.06075 2.60467
0.417269 2.28665
1.83264 -1.18608
-1.03684 3.07689
0.368962 2.13279
1.88265 -0.658653
-1.29526 1.90321
1.24824 2.82208
1.10682 0.183868
1.32319 1.27028
1.36906 0.555168
1.31489 1.01295
1.41223 0.610341
1.25265 1.05475
1.47188 0.417524
1.05343 1.22945
1.58255 -0.187013
-0.0330482 0.847917
-0.55889 2.79233
-0.524561 1.95451
-0.331441 2.40294
-0.754274 1.94201
0.0101836 2.36936
0.555819 1.57084
1.82071 -0.535564
-1.2388 1.20396
1.45087 3.02586
0.803317 0.544106
1.52023 1.11834
1.03664 1.04288
1.62292 -0.0912153
-0.0226758 0.837479
-0.574265 2.78386
-0.503821 1.96405
-0.365035 2.40227
-0.71168 2.02461
-0.0930382 2.33036
-0.482687 1.05781
0.0923633 2.78684
1.73679 1.05465
0.210542 0.831371
-0.9917 1.61482
0.640882 2.70015
1.49354 -1.54675
-0.710694 3.46821
-0.255914 1.675
-0.636468 2.44084
-0.348861 2.14981
-0.671076 2.20467
-0.223961 2.25457
-0.83915 1.68739
0.287763 2.53095
1.91386 -0.76949
-1.25108 2.38915
0.994147 2.63722
1.29253 -0.557781
-0.526188 0.697402
0.422047 2.9787
1.72024 -1.82346
-0.357204 3.97219
-0.109681 1.38419
-0.768733 2.37716
-0.134972 2.16548
-0.80731 1.31142
0.46348 2.73636
1.69835 -1.71423
-0.503263 3.82111
-0.302479 1.43707
-0.420968 2.6452
-0.677539 1.93328
-0.104253 2.3757
-0.493804 1.064
0.105341 2.78331
1.78293 0.894537
-0.0513278 0.678082
-0.377319 2.94336
-0.709908 1.61107
0.107487 2.5265
1.62498 1.29896
0.687708 1.02496
1.75898 0.226105
-0.275969 0.623507
0.071551 2.99087
1.75368 1.03864
0.123265 0.776081
-0.867296 2.38122
0.034389 2.18814
0.432988 1.48682
1.77686 0.527873
-0.150159 0.661177
-0.169903 2.98471
-0.217707 1.17522
-0.413135 2.75196
-0.693877 1.83761
-0.0352029 2.41751
0.159147 1.32828
-0.543037 0.955818
0.25663 2.83833
1.92877 -0.956298
-1.1252 2.91897
0.602271 2.31565
1.62442 -1.45497
-0.855788 3.31532
-0.027221 1.83592
-0.755909 1.13261
0.494293 2.81723
1.64204 -1.76961
-0.435664 3.85666
-0.284734 1.38017
-0.418904 2.66916
-0.682353 1.91158
-0.0872706 2.38483
-0.367245 1.07228
-0.093428 2.80025
0.198371 1.38072
-0.044704 1.13078
-0.748656 2.49686
-0.200792 2.10942
-0.853489 1.75793
0.27546 2.49951
1.91771 -0.607938
-1.29941 1.99689
1.22785 2.79476
1.12959 0.132957
1.25612 1.32851
1.42708 0.342063
1.11624 1.2348
1.54499 -0.0344578
0.371131 1.10637
0.781772 1.58813
1.66191 -0.859815
-1.23651 1.47301
1.2949 2.94982
1.03715 0.274542
1.41642 1.17703
1.2511 0.831068
1.48961 0.5414
1.06106 1.19223
1.58505 -0.149105
0.0280589 0.884398
-0.732783 2.59877
-0.249784 2.0617
-0.795717 2.03322
0.0376644 2.33169
0.778673 1.67486
1.64217 -0.923375
-1.24288 1.64345
1.22311 2.89271
1.11342 0.0998041
1.20074 1.3791
1.4622 0.163786
0.886969 1.30305
1.66107 -0.52787
-0.916198 0.651883
1.18758 3.22196
1.0752 -0.089321
0.718225 1.41622
1.74367 -0.676209
-1.21676 1.20047
1.40534 3.03375
0.879998 0.477978
1.53634 1.03213
0.998712 1.08105
1.63862 -0.186154
-0.248562 0.703235
-0.0315188 2.96235
1.03088 1.78011
1.47397 -0.399372
-0.193344 0.788832
-0.187751 2.93244
-0.378822 1.13266
-0.113706 2.77453
-0.0260023 1.24424
-0.856975 2.23778
0.0632623 2.25168
0.885875 1.70386
1.56694 -0.758014
-1.08729 0.929897
1.31245 3.13189
0.986647 0.261992
1.36822 1.27749
1.31071 0.682381
1.41942 0.794578
1.26381 0.971064
1.46988 0.488487
1.09096 1.19764
1.56676 -0.081554
0.215196 1.00699
-0.84348 1.10137
0.684424 2.8993
1.41075 -1.50167
-0.725905 3.4048
-0.252555 1.7039
-0.657086 2.40982
-0.311223 2.16131
-0.73222 2.11628
-0.0994554 2.28685
-0.574976 1.07034
0.228186 2.78353
1.9391 -0.620103
-1.28947 2.17047
1.15093 2.73706
1.19526 -0.0824285
0.864967 1.42074
1.6484 -0.647897
-1.05638 0.822438
1.32873 3.17131
0.962422 0.285103
1.37778 1.27694
1.29725 0.708709
1.43787 0.743483
1.22409 1.03167
1.49945 0.349138
0.939207 1.2593
1.64015 -0.424958
-0.688474 0.577625
0.812934 3.14551
1.26974 -1.20146
-1.00907 2.77545
0.268893 2.15545
1.86402 0.216629
-0.817452 0.467234
1.1543 3.28633
1.08305 -0.205289
0.350463 1.22418
0.974833 1.6414
1.53462 -0.530507
-0.635222 0.615812
0.681303 3.08577
1.37754 -1.55978
-0.613732 3.53293
-0.372404 1.58736
-0.386311 2.58446
-0.711747 1.91719
-0.0453272 2.37986
-0.0139368 1.22008
-0.866829 2.2199
0.0881116 2.26497
1.15207 1.71874
1.4232 -0.0274709
0.732038 1.31093
1.75238 -0.534
-1.1257 0.887733
1.41931 3.14251
0.843525 0.463585
1.47593 1.18385
1.13527 0.958882
1.57312 0.172532
0.541087 1.16974
1.72463 0.669561
0.196441 0.877044
-0.986735 1.5929
0.643241 2.70851
1.48938 -1.54448
-0.712014 3.46426
-0.255213 1.67703
-0.638804 2.43792
-0.344805 2.15086
-0.677727 2.19678
-0.211495 2.25686
-0.841673 1.62131
0.330584 2.57047
1.88264 -1.13677
-1.03082 3.13099
0.365098 2.11657
1.88433 -0.597095
-1.29989 1.74843
1.32005 2.86856
1.02456 0.355338
1.49475 1.02521
1.10644 1.03136
1.58325 0.0552465
0.359624 1.08116
0.584206 1.49873
1.81198 -0.500368
-1.20794 1.07464
1.4633 3.06822
0.775081 0.544122
1.47044 1.22855
1.14118 0.938475
1.5711 0.201419
0.578866 1.18414
1.77053 0.356227
-0.227704 0.634865
-0.015903 2.99143
1.20135 1.76717
1.37993 0.124714
1.02805 1.32721
1.5773 -0.294013
-0.228041 0.737371
-0.0904465 2.95138
0.429037 1.53657
1.79817 0.404815
-0.343626 0.561065
0.227469 3.01616
1.94674 -0.904811
-1.14038 2.89033
0.645152 2.34779
1.57375 -1.42242
-0.898553 3.20794
0.0402477 1.90457
-0.179783 1.09657
-0.433089 2.77547
-0.67373 1.85473
-0.0737492 2.41153
-0.21909 1.1201
-0.373674 2.78264
-0.729146 1.72508
0.0767297 2.47229
1.37305 1.63364
1.23419 0.645989
1.49767 0.664572
1.07464 1.15295
1.58406 -0.0954302
0.126347 0.945432
-0.9626 1.95267
0.394558 2.47473
1.82882 -1.33324
-0.890344 3.3806
0.0766591 1.87157
0.110309 1.25987
-0.890208 1.25431
0.665392 2.83574
1.44095 -1.53121
-0.704183 3.45015
-0.273319 1.67564
-0.604408 2.46713
-0.400049 2.14113
-0.588518 2.27605
-0.364312 2.23921
-0.67425 2.15841
-0.202234 2.27499
-0.837789 1.55
0.366081 2.61003
1.84268 -1.3705
-0.836197 3.48168
-0.0048596 1.79352
-0.709626 1.07737
0.450771 2.82574
1.70073 -1.76021
-0.442793 3.88232
-0.263332 1.39033
-0.463797 2.6528
-0.625936 1.98387
-0.201112 2.36388
-0.813495 1.4395
0.390021 2.6612
1.80757 -1.51419
-0.700735 3.65622
-0.180388 1.63225
-0.758511 2.30207
-0.126963 2.20014
-0.766936 1.23001
0.445007 2.76222
1.71913 -1.71354
-0.498724 3.83742
-0.291541 1.43352
-0.438219 2.6428
-0.656398 1.96063
-0.14737 2.36716
-0.703817 1.17552
0.370402 2.76275
1.81909 -1.54193
-0.658647 3.71677
-0.210381 1.58724
-0.678313 2.4317
-0.287471 2.14713
-0.763297 2.06507
-0.0294944 2.31138
0.0124864 1.23042
-0.914715 2.04702
0.251386 2.38254
1.90431 -0.133916
-1.19061 0.894689
1.54205 3.1135
0.603002 0.57485
0.812102 1.55
1.65092 -0.802713
-1.20337 1.24731
1.34793 3.02215
0.963172 0.37458
1.49065 1.08142
1.1125 1.00981
1.58218 0.0841771
0.401904 1.10338
1.03348 1.63242
1.50699 -0.371828
-0.198792 0.776116
-0.168861 2.93771
-0.259066 1.15663
-0.325153 2.77496
-0.753923 1.58533
0.194885 2.54973
1.89327 0.167237
-0.97725 0.539904
1.39389 3.27768
0.865948 0.373479
1.37672 1.32275
1.29113 0.697044
1.44398 0.73881
1.21117 1.04505
1.50842 0.307273
0.883689 1.26538
1.67059 -0.496697
-0.892807 0.630644
1.15978 3.22503
1.09149 -0.168943
0.497567 1.30968
1.75821 0.550402
-0.0357381 0.73455
-0.458458 2.89057
-0.649543 1.8093
-0.0879267 2.43532
-0.29759 1.0944
-0.218963 2.80296
-0.618343 1.18456
0.220955 2.73093
1.93626 -0.465115
-1.31472 1.7741
1.34794 2.8607
0.991453 0.41963
1.54164 0.927092
0.984401 1.11209
1.64171 -0.235437
-0.348105 0.654608
0.164172 2.97306
1.94277 -0.165186
-1.27929 1.19407
1.54292 3.00511
0.607254 0.607393
0.950942 1.57929
1.56192 -0.571326
-0.774462 0.621716
0.938409 3.17029
1.20294 -0.822618
-1.13939 1.36399
1.13217 2.96265
1.15884 -0.179064
0.580924 1.33765
1.81007 -0.10117
-0.856638 0.529901
1.17499 3.26614
1.07482 -0.139578
0.557613 1.34533
1.81003 0.0114863
-0.742953 0.493446
0.989756 3.23503
1.1686 -0.681792
-0.987696 0.933109
1.10641 3.10277
1.14388 -0.289633
0.18878 1.1072
-0.8028 1.06337
0.634022 2.89425
1.45934 -1.61793
-0.590453 3.6008
-0.369074 1.54848
-0.371005 2.6028
-0.730227 1.86741
0.00688263 2.40334
0.587289 1.59034
1.80121 -0.691015
-1.27179 1.51982
1.35461 2.93519
0.969246 0.413762
1.53088 0.977898
1.0152 1.08982
1.62813 -0.167904
-0.174193 0.747255
-0.191351 2.94936
-0.382882 1.13464
-0.108687 2.77288
0.0165309 1.26802
-0.93138 1.93845
0.335636 2.45446
1.88696 -1.00131
-1.13826 2.83649
0.632582 2.3532
1.58447 -1.44151
-0.8747 3.25875
-0.00147609 1.86725
-0.584951 1.02066
0.278812 2.81178
1.91357 -1.09872
-1.02828 3.16223
0.366675 2.10965
1.88378 -0.594302
-1.29979 1.73748
1.32433 2.87167
1.01892 0.364447
1.50172 1.01258
1.09018 1.04527
1.59135 0.0100388
0.264039 1.02428
-0.528401 0.925504
0.254626 2.85189
1.92996 -0.95625
-1.12382 2.92431
0.598839 2.31233
1.62881 -1.45571
-0.854302 3.32043
-0.0288937 1.83339
-0.764953 1.14387
0.502786 2.81564
1.6309 -1.76684
-0.438967 3.84746
-0.293306 1.38149
-0.404513 2.67146
-0.698819 1.88386
-0.0496332 2.39591
-0.0264416 1.21415
-0.839853 2.29298
0.0126967 2.21843
0.261674 1.38042
0.628961 1.54326
1.78095 -0.723273
-1.26629 1.51181
1.34547 2.938
0.98068 0.393803
1.51742 1.00419
1.05076 1.06835
1.61126 -0.0868972
0.032603 0.87612
-0.736918 2.5954
-0.242721 2.06321
-0.805604 2.00518
0.0669111 2.34803
1.10334 1.73215
1.44808 -0.178839
0.391658 1.15602
1.10614 1.6305
1.46934 -0.160734
0.37665 1.14006
0.939751 1.63018
1.55561 -0.613497
-0.845011 0.652101
1.049 3.19143
1.1525 -0.487517
-0.501078 0.7351
0.350764 2.9492
1.82532 -1.62877
-0.549656 3.84617
-0.249059 1.4817
-0.544499 2.58159
-0.50816 2.07639
-0.404304 2.34791
-0.644937 2.13382
-0.234813 2.29252
-0.83292 1.69412
0.272448 2.52364
1.91922 -0.623427
-1.29599 2.04657
1.20306 2.77834
1.15206 0.0653522
1.1527 1.39071
1.49261 0.0180018
0.621078 1.2451
1.7972 -0.0613435
-0.761451 0.506126
1.01384 3.23713
1.15824 -0.608367
-0.844588 0.782095
0.939574 3.11041
1.21448 -0.803945
-1.11903 1.24999
1.15934 3.00513
1.13466 -0.108307
0.757251 1.41425
1.71845 -0.699091
-1.20226 1.16268
1.39703 3.04743
0.890868 0.459864
1.52708 1.04731
1.02342 1.06816
1.62679 -0.135603
-0.112845 0.782557
-0.334455 2.91858
-0.723337 1.50556
0.190274 2.58358
1.89638 0.155714
-0.996706 0.556073
1.41719 3.26959
0.83291 0.414258
1.38092 1.33172
1.28348 0.706847
1.45333 0.713525
1.18825 1.07275
1.52254 0.231559
0.777353 1.2599
1.73382 -0.503669
-1.05654 0.768962
1.36868 3.19063
0.91088 0.360268
1.42597 1.23322
1.22678 0.841249
1.51158 0.474647
0.973875 1.2265
1.62728 -0.345186
-0.498932 0.605936
0.448591 3.02369
1.67507 -1.87184
-0.300667 3.99532
0.0341623 1.42757
-0.920953 1.44146
0.599645 2.74152
1.52722 -1.63499
-0.599554 3.625
-0.345877 1.54952
-0.409674 2.59904
-0.685745 1.95001
-0.0995337 2.36705
-0.475577 1.06168
0.0789485 2.78576
1.67759 1.21815
0.485225 0.96475
1.22389 1.57158
1.40577 0.20772
1.0609 1.29393
1.56591 -0.200548
0.000462655 0.874766
-0.659461 2.69303
-0.375439 2.01944
-0.58224 2.33613
-0.392297 2.21053
-0.623429 2.21967
-0.296657 2.25843
-0.774328 1.97936
0.0258597 2.35389
0.69611 1.64153
1.71155 -0.935046
-1.25498 1.90646
1.13891 2.80381
1.18811 -0.128922
0.74771 1.39682
1.72815 -0.673299
-1.19691 1.12868
1.40665 3.05808
0.874497 0.472306
1.52503 1.06331
1.02804 1.06192
1.6251 -0.122432
-0.0835525 0.800348
-0.408663 2.89007
-0.69596 1.72377
0.0248702 2.47062
0.90445 1.72402
1.55151 -0.722969
-1.02453 0.823968
1.26432 3.16768
1.0274 0.133765
1.19503 1.41748
1.45882 0.139128
0.869445 1.30661
1.67063 -0.54822
-0.967754 0.692798
1.25462 3.2155
1.02741 0.0928502
1.11072 1.4553
1.50473 -0.118474
0.358867 1.11669
0.702607 1.55812
1.72575 -0.846281
-1.26054 1.65538
1.26144 2.8931
1.0808 0.20361
1.34367 1.25939
1.34611 0.616914
1.36315 0.921552
1.35614 0.779588
1.366 0.834842
1.35321 0.82841
1.37148 0.800231
1.34422 0.859912
1.38379 0.760788
1.32295 0.910009
1.40962 0.679543
1.27003 1.00996
1.46027 0.486473
1.1133 1.18966
1.55477 -0.0218921
0.355899 1.09354
0.592161 1.50379
1.80773 -0.541213
-1.22407 1.14928
1.45165 3.0444
0.799624 0.539083
1.50803 1.14594
1.06501 1.02032
1.60961 -0.0209272
0.143515 0.944244
-0.977087 1.8257
0.489791 2.56068
1.69762 -1.61657
-0.631043 3.6794
-0.274456 1.56546
-0.544021 2.54925
-0.501715 2.09515
-0.42072 2.33891
-0.618995 2.15946
-0.280978 2.28723
-0.796908 1.89556
0.103068 2.40067
1.46987 1.53136
1.08773 0.881321
1.60971 0.149227
0.368244 1.07002
0.628075 1.52018
1.78503 -0.682311
-1.25857 1.41077
1.37969 2.9675
0.928937 0.453686
1.54778 0.964624
0.967085 1.10673
1.65209 -0.253849
-0.421079 0.621025
0.307013 2.99433
1.87748 -1.46561
-0.694418 3.7083
-0.157725 1.62359
-0.796239 2.23338
-0.0416237 2.23555
-0.244832 1.09491
-0.309873 2.80168
-0.748814 1.5102
0.230511 2.58884
1.92464 -0.323468
-1.29528 1.37143
1.484 2.96321
0.745735 0.595855
1.48617 1.21567
1.10851 0.969989
1.58925 0.106478
0.401823 1.09923
1.02053 1.63221
1.5136 -0.407565
-0.301119 0.720882
0.0409902 2.94873
1.58241 1.435
0.811984 1.01179
1.73868 -0.116664
-0.570717 0.53961
0.62915 3.09973
1.42643 -1.6919
-0.46035 3.72052
-0.391555 1.39964
-0.253244 2.66663
-0.757813 1.39542
0.317574 2.65742
1.88797 -1.17083
-0.993165 3.22078
0.285567 2.04325
1.84409 0.331088
-0.639722 0.455537
0.82877 3.1985
1.25056 -1.16777
-1.03 2.70139
0.326874 2.2087
1.89638 -0.487525
-1.29926 1.54854
1.40657 2.92202
0.895038 0.513824
1.58037 0.895716
0.862237 1.13219
1.70538 -0.354032
-0.780558 0.563122
1.00069 3.21158
1.16874 -0.641329
-0.905288 0.828624
1.02197 3.11852
1.17863 -0.550809
-0.649649 0.713577
0.625908 3.02835
1.44234 -1.67651
-0.494325 3.6951
-0.397318 1.43802
-0.265894 2.64986
-0.772928 1.46356
0.301112 2.62495
1.90345 -1.01695
-1.10857 2.94415
0.555308 2.28129
1.68309 -1.44855
-0.85034 3.35892
-0.0247238 1.82281
-0.760212 1.1356
0.500041 2.81798
1.63415 -1.76882
-0.436479 3.85159
-0.28929 1.38004
-0.41074 2.67089
-0.691825 1.89595
-0.0658674 2.39091
-0.18515 1.13274
-0.447512 2.75697
-0.656664 1.88991
-0.115329 2.39842
-0.531115 1.07271
0.157272 2.77858
1.90162 0.214523
-0.98238 0.534858
1.40733 3.2788
0.846645 0.39535
1.37657 1.33119
1.28988 0.695138
1.44524 0.737521
1.20841 1.04791
1.51027 0.298348
0.871418 1.26581
1.67764 -0.507191
-0.926121 0.651431
1.20718 3.2252
1.06161 -0.0362359
0.846489 1.45589
1.65157 -0.696022
-1.11586 0.940606
1.36289 3.12768
0.927377 0.371014
1.45878 1.16846
1.17318 0.928968
1.54942 0.281613
0.731083 1.23398
1.76201 -0.399909
-1.01441 0.691144
1.34606 3.22056
0.934979 0.304411
1.37417 1.29486
1.2995 0.695311
1.43415 0.759126
1.23306 1.01733
1.49344 0.380875
0.975979 1.25053
1.62143 -0.358494
-0.504922 0.606556
0.458304 3.02556
1.66038 -1.87632
-0.294929 3.99187
0.0469895 1.43175
-0.89867 1.33744
0.624193 2.7889
1.49104 -1.60637
-0.624683 3.57688
-0.338479 1.58205
-0.439609 2.57999
-0.645569 2.00829
-0.183436 2.3484
-0.799044 1.36426
0.41244 2.69825
1.77335 -1.60941
-0.607311 3.75077
-0.259148 1.53657
-0.5566 2.55347
-0.485887 2.09472
-0.443285 2.33898
-0.586629 2.17971
-0.333398 2.28562
-0.730803 2.05562
-0.0768335 2.315
-0.394207 1.0607
-0.0444389 2.79918
0.700731 1.67413
1.70015 -0.96781
-1.24837 1.98197
1.0928 2.77218
1.21919 -0.265238
0.373878 1.20913
1.11905 1.63334
1.46149 -0.122117
0.472969 1.19468
1.60105 1.12215
0.791467 1.07906
1.74519 -0.214992
-0.729744 0.532305
0.930504 3.20195
1.20007 -0.855623
-1.15856 1.52044
1.08307 2.90193
1.1964 -0.31605
0.18354 1.09278
-0.845213 1.12047
0.673495 2.88796
1.42276 -1.52564
-0.699941 3.44669
-0.281424 1.67385
-0.588586 2.47921
-0.424724 2.13621
-0.549084 2.29742
-0.425543 2.2336
-0.580852 2.23557
-0.36116 2.26025
-0.684706 2.13585
-0.178401 2.28328
-0.819126 1.41077
0.419178 2.68229
1.76697 -1.61148
-0.60831 3.74588
-0.261291 1.53781
-0.553261 2.55494
-0.490673 2.09343
-0.435892 2.33983
-0.597453 2.17317
-0.316015 2.28618
-0.754458 2.0097
-0.0199272 2.33701
0.161997 1.32448
-0.530989 0.954885
0.237941 2.83704
1.93821 -0.789061
-1.22121 2.57844
0.883934 2.54659
1.36105 -0.887384
-1.1544 1.2938
1.21013 2.9991
1.10218 0.0385706
1.08006 1.43895
1.52542 -0.200811
0.134101 0.973121
-0.974945 1.8185
0.488922 2.56269
1.69831 -1.61738
-0.629785 3.68129
-0.27503 1.56409
-0.542206 2.55076
-0.504475 2.09391
-0.416307 2.33943
-0.625483 2.15436
-0.269998 2.28795
-0.80811 1.85309
0.143413 2.42619
1.7077 1.07735
0.35352 0.916709
-0.0941662 1.0683
-0.592723 2.69482
-0.466285 2.01846
-0.441967 2.37724
-0.598923 2.15311
-0.306566 2.2951
-0.768197 1.97325
0.018549 2.35594
0.620533 1.60472
1.77648 -0.802584
-1.27294 1.73677
1.25594 2.86914
1.09053 0.194517
1.33423 1.26589
1.3567 0.588313
1.34193 0.96457
1.38282 0.704828
1.31949 0.940002
1.41227 0.655521
1.26133 1.02859
1.46674 0.453588
1.08367 1.21051
1.56874 -0.105808
0.166205 0.97638
-0.975241 1.5498
0.644792 2.72367
1.48452 -1.54571
-0.707974 3.46727
-0.260786 1.67332
-0.626508 2.45027
-0.365227 2.14673
-0.644522 2.23244
-0.271632 2.2476
-0.802233 1.90407
0.108122 2.39795
1.49936 1.49393
1.02984 0.936119
1.63892 0.00426396
0.0545689 0.876232
-0.788486 2.51297
-0.14113 2.10414
-0.845176 1.42651
0.458362 2.69027
1.71349 -1.67929
-0.544751 3.78613
-0.300544 1.47631
-0.446888 2.623
-0.642924 1.98611
-0.17782 2.3588
-0.785287 1.32446
0.413739 2.71445
1.76914 -1.62563
-0.589436 3.76878
-0.267996 1.51888
-0.530089 2.57481
-0.525826 2.07662
-0.379368 2.34587
-0.67998 2.09825
-0.17055 2.30113
-0.800989 1.34813
0.426819 2.7094
1.75249 -1.64834
-0.569325 3.7816
-0.280659 1.49949
-0.495776 2.59778
-0.575665 2.04684
-0.297794 2.34928
-0.785802 1.88996
0.0868488 2.40048
1.35412 1.64111
1.25842 0.593703
1.46637 0.765186
1.16601 1.07223
1.53863 0.173219
0.666601 1.23156
1.78815 -0.219421
-0.898251 0.568303
1.22209 3.25889
1.04504 -0.00759405
0.894123 1.46797
1.62009 -0.636453
-0.993454 0.747394
1.2618 3.19575
1.02473 0.117962
1.16016 1.43668
1.47859 0.0304425
0.679512 1.27052
1.78301 -0.347515
-1.01846 0.681606
1.36114 3.22397
0.916043 0.333534
1.39348 1.27829
1.27358 0.750392
1.46642 0.655941
1.14922 1.11855
1.54343 0.10542
0.572799 1.2002
1.77329 0.346241
-0.250297 0.622428
0.0305835 2.99391
1.54937 1.49287
0.900178 0.988602
1.70138 -0.148377
-0.451858 0.588307
0.383387 3.01895
1.77288 -1.77862
-0.39655 3.96719
-0.160369 1.38874
-0.666407 2.5169
-0.327367 2.10762
-0.691342 2.20069
-0.19312 2.25263
-0.839459 1.52866
0.382375 2.62387
1.82203 -1.45088
-0.763734 3.57873
-0.108361 1.70278
-0.89187 1.87102
0.289637 2.46126
1.91271 -0.664989
-1.2882 2.11135
1.16259 2.75452
1.18442 -0.0499324
0.93548 1.42934
1.60554 -0.541022
-0.808241 0.616072
1.00836 3.19371
1.16914 -0.612659
-0.837074 0.773961
0.931533 3.11081
1.21784 -0.828982
-1.13885 1.34588
1.14227 2.97058
1.1516 -0.150679
0.656712 1.37355
1.7863 -0.490059
-1.15537 0.932007
1.44825 3.12218
0.796941 0.509455
1.46183 1.23236
1.15859 0.920652
1.5606 0.2542
0.667904 1.21535
1.78737 -0.186198
-0.858514 0.54639
1.16457 3.25792
1.08252 -0.166229
0.486022 1.30518
1.739 0.659712
0.117663 0.824955
-0.889424 2.30569
0.100778 2.23567
1.2121 1.70056
1.38687 0.161575
1.05438 1.31162
1.56602 -0.224211
-0.0468612 0.845694
-0.525556 2.81615
-0.568806 1.92427
-0.256033 2.40523
-0.817565 1.66354
0.261666 2.53275
1.92167 -0.538819
-1.3084 1.84942
1.30282 2.84003
1.04959 0.321067
1.46733 1.06897
1.16534 0.97146
1.55117 0.232928
0.682212 1.22563
1.78322 -0.259014
-0.924563 0.589749
1.25463 3.25459
1.02071 0.0790281
1.06897 1.4688
1.52507 -0.238993
0.0552599 0.923538
-0.825226 2.42726
-0.0554756 2.15097
-0.491879 1.03815
0.119508 2.79511
1.83095 0.688231
-0.377515 0.50583
0.325741 3.04761
1.85132 -1.60202
-0.561118 3.84968
-0.235382 1.49295
-0.577262 2.55704
-0.459082 2.09437
-0.48228 2.3356
-0.530282 2.20367
-0.420129 2.28274
-0.603955 2.19792
-0.315969 2.27313
-0.751954 2.02213
-0.0293429 2.33095
0.0523859 1.25572
-0.953814 1.70885
0.503815 2.60665
1.67041 -1.65187
-0.590871 3.71118
-0.305585 1.52549
-0.46565 2.59751
-0.614893 2.02398
-0.233543 2.34909
-0.828282 1.6214
0.305599 2.56247
1.9029 -0.958485
-1.15264 2.80453
0.674156 2.38478
1.53784 -1.38888
-0.936553 3.11052
0.110398 1.97124
0.745958 1.63731
1.67511 -0.923275
-1.25116 1.74057
1.1985 2.86119
1.13821 0.0367774
1.09778 1.42013
1.51948 -0.146743
0.259961 1.05312
-0.480399 0.931157
0.174478 2.84499
1.93216 -0.110625
-1.24234 1.02965
1.56072 3.0571
0.559488 0.59088
0.538546 1.435
1.82249 -0.120084
-0.92354 0.561067
1.27618 3.26761
1.00009 0.128219
1.14512 1.45182
1.48498 -0.0172357
0.590404 1.23757
1.79314 0.123624
-0.551271 0.50844
0.620925 3.10994
1.4336 -1.7138
-0.434043 3.74912
-0.370933 1.3712
-0.269299 2.68136
-0.7657 1.45078
0.296339 2.629
1.90674 -0.987963
-1.12708 2.89153
0.60427 2.32338
1.62042 -1.45739
-0.853135 3.31764
-0.0323474 1.8326
-0.77829 1.16265
0.513934 2.8121
1.61674 -1.76046
-0.446446 3.83267
-0.306701 1.38607
-0.383878 2.67273
-0.72074 1.83947
0.0054492 2.41626
0.596866 1.59633
1.7942 -0.730312
-1.27431 1.60032
1.32157 2.91169
1.01471 0.347891
1.48588 1.05431
1.12549 1.00903
1.57399 0.113673
0.4705 1.14047
1.51374 1.29607
1.03129 0.994695
1.63208 -0.0550818
-0.00395859 0.844506
-0.624017 2.73841
-0.431716 1.99601
-0.48464 2.3831
-0.540586 2.17596
-0.395908 2.29566
-0.643208 2.16171
-0.247815 2.2803
-0.826026 1.76869
0.219009 2.47874
1.90108 0.024747
-1.09319 0.681288
1.50227 3.20668
0.686568 0.530172
1.15777 1.54098
1.45842 0.00656202
0.699614 1.28614
1.77278 -0.43126
-1.07464 0.770717
1.40249 3.18786
0.864033 0.421322
1.44791 1.22194
1.18778 0.893714
1.54106 0.342181
0.805864 1.2429
1.72007 -0.495248
-1.01475 0.718458
1.32573 3.21008
0.959847 0.264828
1.34348 1.32046
1.33615 0.604174
1.37494 0.911036
1.33926 0.814322
1.39032 0.773402
1.31316 0.917942
1.42096 0.649417
1.24382 1.04809
1.4806 0.395754
1.01925 1.24212
1.59918 -0.269099
-0.252782 0.716556
-0.0342166 2.95664
0.999121 1.77676
1.49024 -0.489763
-0.454533 0.664857
0.327978 2.97714
1.85291 -1.55641
-0.613355 3.79186
-0.221346 1.54141
-0.632044 2.49578
-0.369792 2.12306
-0.629386 2.25637
-0.301136 2.23994
-0.765063 2.01193
-0.00380395 2.3369
0.335337 1.43555
1.38873 1.50879
1.23802 0.701254
1.49916 0.618161
1.05959 1.17132
1.58959 -0.140125
0.0270369 0.881932
-0.728391 2.60573
-0.257976 2.05851
-0.783371 2.06553
0.003117 2.31361
0.362647 1.45131
1.55388 1.27739
0.925489 1.03784
1.68398 -0.213145
-0.479213 0.587983
0.42958 3.02747
1.70306 -1.86022
-0.313283 4.00053
0.00650643 1.41906
-0.938497 1.66828
0.494963 2.61684
1.6796 -1.65581
-0.583998 3.72404
-0.305045 1.51767
-0.462247 2.60173
-0.62001 2.01783
-0.223778 2.35047
-0.827999 1.57143
0.334761 2.59134
1.87712 -1.1892
-0.98807 3.22347
0.272339 2.03424
1.81946 0.505094
-0.398929 0.519067
0.350548 3.04464
1.81787 -1.6994
-0.46952 3.92437
-0.224106 1.42068
-0.556712 2.59746
-0.495312 2.06952
-0.420003 2.35197
-0.62351 2.14948
-0.27093 2.29066
-0.807446 1.85375
0.141924 2.42561
1.7012 1.09614
0.384157 0.931447
0.265756 1.29618
0.385562 1.39847
1.57159 1.23237
0.87813 1.05579
1.70634 -0.246938
-0.621936 0.549758
0.713413 3.12277
1.3432 -1.48422
-0.693161 3.41606
-0.302468 1.6795
-0.553348 2.49845
-0.477171 2.12542
-0.467431 2.32193
-0.547239 2.20557
-0.397187 2.28023
-0.637002 2.17476
-0.261415 2.27584
-0.815108 1.83214
0.166332 2.43986
1.79463 0.765466
-0.147951 0.631341
-0.151034 2.99718
-0.0664579 1.24238
-0.774418 2.41713
-0.137872 2.14721
-0.82204 1.35039
0.464794 2.72174
1.69919 -1.70586
-0.514008 3.81052
-0.304728 1.44697
-0.422745 2.64071
-0.674923 1.93953
-0.110924 2.37328
-0.535884 1.07052
0.166185 2.77979
1.9131 0.0977591
-1.09158 0.66317
1.51224 3.21146
0.665588 0.534281
1.06547 1.56633
1.50547 -0.270047
0.0438921 0.922878
-0.799299 2.47851
-0.114142 2.12163
-0.787771 1.24934
0.469908 2.76286
1.68491 -1.73476
-0.478916 3.8382
-0.298472 1.41544
-0.415423 2.65531
-0.685087 1.9163
-0.0853367 2.38237
-0.356568 1.07419
-0.11128 2.80169
0.0321384 1.27935
-0.946539 1.80279
0.436474 2.54462
1.76802 -1.53116
-0.707367 3.62366
-0.188106 1.64167
-0.748458 2.31524
-0.147119 2.19407
-0.81429 1.34457
0.454085 2.72018
1.71392 -1.69521
-0.523983 3.8084
-0.299823 1.45633
-0.436736 2.63376
-0.65706 1.96527
-0.148434 2.36497
-0.709009 1.18148
0.375316 2.76154
1.81296 -1.55799
-0.644072 3.73087
-0.222719 1.57245
-0.646356 2.47079
-0.343379 2.1334
-0.674411 2.20867
-0.220612 2.25207
-0.840421 1.6738
0.297843 2.53943
1.90854 -0.864467
-1.20726 2.60116
0.839854 2.52055
1.38929 -1.01327
-1.19901 1.80102
1.03685 2.80587
1.23764 -0.443794
-0.205803 0.839459
-0.202342 2.91141
-0.471329 1.13378
0.0260457 2.75547
1.31433 1.70002
1.29358 0.475197
1.39758 0.951175
1.30248 0.85416
1.43554 0.656522
1.21623 1.07003
1.50125 0.308979
0.906139 1.26748
1.65724 -0.475453
-0.82418 0.600407
1.05253 3.21186
1.14691 -0.482678
-0.497381 0.737198
0.343052 2.9471
1.83573 -1.597
-0.579779 3.81947
-0.240519 1.50931
-0.576709 2.55122
-0.458484 2.09756
-0.484367 2.3337
-0.526783 2.20557
-0.425684 2.28196
-0.595579 2.20345
-0.32955 2.27247
-0.733239 2.05826
-0.0741615 2.31371
-0.376537 1.06351
-0.0734209 2.80171
0.401939 1.50919
1.73865 0.743934
0.148935 0.834551
-0.950079 2.08521
0.307908 2.39166
1.90549 -0.69226
-1.28354 2.13704
1.1424 2.74373
1.19886 -0.109205
0.802147 1.40826
1.69047 -0.689704
-1.16159 1.03723
1.39117 3.09146
0.89335 0.435489
1.50251 1.10186
1.08263 1.0231
1.59884 0.0111827
0.23541 1.004
-0.756815 1.00153
0.594015 2.90338
1.50061 -1.70009
-0.495468 3.72356
-0.378055 1.4349
-0.294264 2.65366
-0.778431 1.57662
0.242245 2.56339
1.92413 -0.400785
-1.30729 1.53711
1.43113 2.92194
0.853429 0.55082
1.58386 0.920457
0.852005 1.12646
1.71161 -0.345261
-0.78864 0.56231
1.01689 3.21654
1.16105 -0.592934
-0.800455 0.755689
0.875206 3.09875
1.24584 -1.00017
-1.16311 2.03623
0.842179 2.6656
1.35468 -1.02409
-1.19047 1.89545
0.972299 2.75754
1.27519 -0.638891
-0.76916 0.710725
0.852438 3.10791
1.25538 -1.07214
-1.12585 2.32121
0.648273 2.49224
1.53492 -1.46909
-0.832007 3.30604
-0.0811968 1.81329
-0.889434 1.49975
0.497792 2.67827
1.66365 -1.69341
-0.536578 3.76717
-0.321172 1.46973
-0.407284 2.63386
-0.692448 1.91859
-0.075333 2.38053
-0.281762 1.09434
-0.24542 2.80391
-0.684888 1.2688
0.274691 2.70153
1.91907 -0.923464
-1.15956 2.79778
0.695072 2.39821
1.51653 -1.35322
-0.976049 3.0098
0.193646 2.04636
1.56726 1.34375
0.875412 1.02965
1.71013 -0.206753
-0.576484 0.553404
0.62777 3.09369
1.42892 -1.6931
-0.4605 3.72164
-0.390762 1.39968
-0.2545 2.66674
-0.758996 1.40066
0.31629 2.65492
1.88931 -1.15957
-1.0022 3.202
0.304713 2.06021
1.86957 0.0789051
-0.941344 0.533679
1.33204 3.28116
0.942466 0.252045
1.29706 1.3753
1.37924 0.457526
1.26665 1.10363
1.45282 0.437479
1.10955 1.20636
1.55413 -0.0392965
0.330849 1.08
0.288323 1.32147
0.706124 1.57497
1.71941 -0.867133
-1.26007 1.70088
1.23919 2.87784
1.10336 0.147388
1.27216 1.32685
1.41269 0.391015
1.17401 1.19293
1.51476 0.139221
0.708381 1.25662
1.77104 -0.39494
-1.03377 0.709997
1.36886 3.21291
0.907641 0.352538
1.41052 1.25826
1.24948 0.798192
1.49148 0.561813
1.06309 1.18587
1.58502 -0.140865
0.0430749 0.893671
-0.77531 2.53016
-0.166985 2.09482
-0.863046 1.59265
0.388336 2.60152
1.81798 -1.44946
-0.768818 3.56885
-0.103626 1.70899
-0.896663 1.83179
0.319274 2.48665
1.89692 -0.940276
-1.17121 2.73211
0.727741 2.4318
1.48221 -1.29146
-1.03856 2.82586
0.344985 2.18445
1.89136 -0.584699
-1.30172 1.76163
1.31939 2.86481
1.02605 0.354712
1.49445 1.02472
1.10719 1.03102
1.58283 0.0571441
0.363847 1.08361
0.634116 1.52417
1.78054 -0.703598
-1.26133 1.45078
1.36504 2.95596
0.951578 0.428954
1.53699 0.975924
0.998162 1.09584
1.63667 -0.200366
-0.265725 0.695367
0.00229932 2.96329
1.32697 1.71163
1.27648 0.511232
1.42847 0.884631
1.24985 0.951693
1.48464 0.461293
1.04182 1.21969
1.59089 -0.207654
-0.103064 0.802759
-0.370015 2.90203
-0.719469 1.62235
0.116657 2.52224
1.66624 1.20495
0.534744 0.989718
1.50728 1.27788
1.05007 0.989723
1.62201 -0.0203678
0.0921193 0.907243
-0.891273 2.2699
0.116644 2.25401
1.36829 1.61604
1.24477 0.634906
1.48625 0.696635
1.10978 1.12798
1.56716 0.00140231
0.345451 1.08188
0.445132 1.42006
1.75329 0.63531
0.0313485 0.769037
-0.644532 2.74109
-0.404228 1.99474
-0.526632 2.37266
-0.479514 2.19284
-0.488246 2.28537
-0.506496 2.23503
-0.464272 2.26615
-0.534617 2.23808
-0.425955 2.26494
-0.590038 2.21511
-0.341346 2.26818
-0.715565 2.08961
-0.114176 2.30023
-0.63353 1.10054
0.302982 2.7802
1.8938 -1.22776
-0.931042 3.3512
0.166921 1.93405
1.20443 1.6771
1.39764 0.138888
1.00949 1.32192
1.58852 -0.333508
-0.346905 0.675271
0.147015 2.96391
1.92637 0.0651668
-1.15065 0.759697
1.55478 3.16121
0.570884 0.560763
0.513301 1.41849
1.81517 0.0912317
-0.68988 0.483295
0.898189 3.2105
1.21289 -0.957984
-1.16462 1.94818
0.882001 2.70731
1.32558 -0.910697
-1.17111 1.44288
1.15781 2.94298
1.14815 -0.098674
0.797504 1.42172
1.69052 -0.704969
-1.17393 1.07883
1.38979 3.077
0.897429 0.437839
1.50913 1.08467
1.06766 1.03683
1.60589 -0.0293669
0.146095 0.947586
-0.978901 1.796
0.509558 2.57969
1.66881 -1.63643
-0.611611 3.68639
-0.29592 1.54741
-0.494976 2.57874
-0.573058 2.05861
-0.306143 2.34462
-0.776044 1.92243
0.0549689 2.38211
1.04941 1.73669
1.47492 -0.340758
-0.0471428 0.875171
-0.548866 2.79089
-0.537105 1.95169
-0.312492 2.40141
-0.775471 1.88646
0.0711818 2.39985
1.22622 1.70965
1.37408 0.205327
1.1198 1.28364
1.53379 -0.0439526
0.394613 1.12406
1.03749 1.63424
1.50454 -0.360951
-0.166492 0.795028
-0.240892 2.92778
-0.601519 1.20011
0.183798 2.72049
1.91903 -0.0210291
-1.17197 0.82201
1.55347 3.13745
0.574652 0.567963
0.572324 1.45082
1.81808 -0.341652
-1.1087 0.795394
1.45055 3.17269
0.787735 0.494818
1.41953 1.30095
1.22747 0.811918
1.5116 0.498924
0.98453 1.21929
1.62276 -0.32152
-0.438168 0.626561
0.330712 2.99452
1.84822 -1.58286
-0.586317 3.81985
-0.232854 1.51567
-0.595149 2.53575
-0.430039 2.10586
-0.529987 2.31887
-0.458676 2.22251
-0.528515 2.26188
-0.442419 2.25276
-0.56208 2.23492
-0.386838 2.26373
-0.647621 2.17353
-0.245973 2.27389
-0.82718 1.76798
0.221481 2.47969
1.90332 -0.00618205
-1.11836 0.724086
1.51892 3.18577
0.652435 0.545936
1.02869 1.57213
1.52327 -0.373085
-0.242919 0.747309
-0.072699 2.9459
0.601968 1.63545
1.78448 -0.80856
-1.27435 1.79448
1.23505 2.85077
1.11226 0.141841
1.26626 1.32795
1.418 0.372926
1.15349 1.20939
1.5259 0.0759956
0.595711 1.21854
1.78969 0.147886
-0.51032 0.51916
0.539534 3.08239
1.53701 -1.85234
-0.299248 3.92091
-0.0354941 1.38308
-0.900715 2.02855
0.23169 2.38216
1.89009 0.0888583
-1.01469 0.583391
1.42935 3.25758
0.815189 0.43657
1.38134 1.33863
1.28167 0.706742
1.45531 0.709503
1.18339 1.07782
1.52544 0.215998
0.753499 1.25584
1.74782 -0.473237
-1.05665 0.759541
1.37586 3.19386
0.900911 0.372627
1.43062 1.23102
1.21879 0.852708
1.51809 0.446822
0.941341 1.23492
1.64375 -0.402516
-0.659129 0.575514
0.759903 3.12824
1.30698 -1.35397
-0.845571 3.16178
-0.0849071 1.8624
-0.875805 1.44052
0.508962 2.70448
1.64397 -1.70761
-0.518939 3.77499
-0.328437 1.45262
-0.385233 2.6441
-0.717856 1.86597
-0.011843 2.40368
0.382484 1.46979
1.6511 1.05082
0.603943 1.0451
1.71813 0.633711
0.215652 0.895017
-0.959522 1.38057
0.721182 2.81442
1.39845 -1.38763
-0.877703 3.15054
-0.0185465 1.89466
-0.643043 1.04693
0.356886 2.81416
1.83043 -1.53797
-0.654255 3.72914
-0.208703 1.5824
-0.679033 2.43269
-0.286725 2.14654
-0.764217 2.06343
-0.0273218 2.31224
0.0360491 1.24451
-0.944901 1.85673
0.404661 2.51213
1.81186 -1.41198
-0.817322 3.49179
-0.0417744 1.76967
-0.855311 1.31162
0.5555 2.77063
1.57216 -1.70739
-0.511687 3.74415
-0.355042 1.44826
-0.338661 2.64874
-0.76018 1.73803
0.120833 2.47141
1.64409 1.24931
0.620809 1.01513
1.71675 0.621694
0.217659 0.898076
-0.953979 1.35564
0.726395 2.8252
1.39216 -1.37622
-0.888731 3.12591
0.00175674 1.91211
-0.487592 1.01281
0.129848 2.80684
1.86047 0.530427
-0.608548 0.434837
0.789297 3.19356
1.27517 -1.2853
-0.907369 3.02521
0.0312478 1.95861
-0.141262 1.11955
-0.527973 2.72308
-0.554838 1.98462
-0.301432 2.38241
-0.785201 1.86865
0.0962259 2.41108
1.4363 1.56983
1.14555 0.808114
1.57555 0.326891
0.672913 1.20298
1.78566 -0.175304
-0.839711 0.538787
1.13508 3.25496
1.09941 -0.250054
0.230347 1.14354
-0.464857 0.941348
0.143169 2.84025
1.89546 0.298338
-0.907709 0.479662
1.31348 3.30167
0.959201 0.203175
1.23197 1.41988
1.43032 0.251632
1.04519 1.28123
1.57718 -0.23239
-0.102015 0.808507
-0.376668 2.898
-0.716773 1.64296
0.100909 2.51148
1.57589 1.39074
0.840711 1.02131
1.72675 -0.171152
-0.594 0.542547
0.668641 3.11099
1.38476 -1.59975
-0.561103 3.59635
-0.402736 1.52534
-0.305316 2.61219
-0.78133 1.65706
0.201034 2.52044
1.89295 0.152405
-0.985246 0.548203
1.40216 3.27389
0.85467 0.388828
1.38128 1.32202
1.28465 0.709546
1.45224 0.713983
1.19066 1.07072
1.52102 0.239018
0.788954 1.26159
1.72685 -0.513666
-1.05172 0.766071
1.36144 3.19197
0.920052 0.345774
1.41681 1.24264
1.24127 0.817093
1.49906 0.527746
1.031 1.20392
1.59987 -0.22147
-0.162686 0.764954
-0.225491 2.94075
-0.543143 1.16287
0.116759 2.73603
1.79792 0.823836
-0.149774 0.622489
-0.140947 3.00092
0.0193315 1.28876
-0.938509 1.87239
0.383256 2.49753
1.83798 -1.31421
-0.902167 3.36547
0.0994586 1.88938
0.410542 1.45346
1.71135 0.842244
0.312328 0.927309
-0.428817 0.928152
0.0963383 2.84819
1.78216 0.91132
-0.0440092 0.680746
-0.39521 2.93605
-0.701388 1.66015
0.0669923 2.50139
1.33605 1.66324
1.27641 0.540869
1.4362 0.853198
1.23461 0.980635
1.4958 0.404434
0.982958 1.24387
1.61888 -0.341388
-0.463286 0.619663
0.37764 3.00427
1.78268 -1.7544
-0.422081 3.94917
-0.194317 1.39415
-0.599968 2.5768
-0.43309 2.08369
-0.517069 2.33343
-0.48104 2.21347
-0.493151 2.27416
-0.495987 2.24259
-0.481652 2.26076
-0.507988 2.2474
-0.466315 2.25961
-0.529586 2.24286
-0.434574 2.26266
-0.576676 2.22329
-0.362666 2.26695
-0.684275 2.13305
-0.177946 2.28463
-0.818096 1.40671
0.419901 2.68412
1.76573 -1.61453
-0.605168 3.74879
-0.263221 1.5347
-0.547895 2.5592
-0.49878 2.09011
-0.422987 2.34153
-0.616444 2.15996


