0.102032 -5.26024
2.01204 1.4487
0.599597 -5.54585
1.79661 1.738
1.19474 -5.63705
1.45575 1.84734
0.914665 -3.61276
-0.0767392 -1.8265
0.54926 -2.99973
-0.0639566 -2.99215
0.196237 -2.90264
0.0624799 -3.01695
0.134461 -2.85303
0.0895909 -3.09423
0.132287 -2.73862
0.10049 -3.29148
0.167677 -2.4587
0.222903 -3.88065
0.318767 -1.45391
1.88031 -0.32439
0.769973 -3.55493
-0.0419259 -1.92377
0.554355 -3.5902
0.06179 -1.8903
0.560822 -3.10618
-0.0701747 -2.75342
0.190123 -3.2379
0.112581 -2.50998
0.187769 -3.7198
0.263527 -1.76213
0.972328 -0.589568
1.84283 -2.03436
0.556793 -5.02435
1.1614 1.07698
1.24252 -1.67951
1.53752 -0.263227
1.35593 -0.792145
1.66622 -0.926062
1.0581 -0.931188
1.86875 -1.62151
0.854318 -4.993
0.898699 0.778586
1.44322 -2.13984
0.655672 -3.00029
-0.0864311 -3.09974
0.221965 -2.74585
0.0690023 -3.31751
0.188935 -2.42548
0.255828 -3.97543
0.352355 -1.2655
2.06322 -1.14882
0.501405 -5.12789
1.35983 1.32754
0.993999 -1.98454
1.22195 -0.290395
1.6613 -1.44806
0.806168 -1.63981
1.82652 -0.470979
0.739479 -2.63164
0.305034 -4.35104
0.593175 -0.358716
1.96946 -2.78339
-0.435984 -2.68526
0.37215 -2.95365
-0.0066757 -2.97272
0.164512 -2.9261
0.0771408 -2.97631
0.122546 -2.90839
0.095698 -3.00517
0.116543 -2.86356
0.0975376 -3.07611
0.125436 -2.76221
0.0997231 -3.24745
0.15772 -2.52166
0.176904 -3.7374
0.275429 -1.72568
1.12374 -0.273011
1.69889 -1.71731
0.693313 -3.31844
-0.0873911 -2.3653
0.3023 -3.80766
0.251216 -1.61491
1.44397 0.0841075
1.39024 -0.986065
1.63534 -0.716337
1.18474 -0.761726
1.77996 -1.42381
0.709524 -3.36464
-0.0818655 -2.27651
0.355652 -3.92861
0.284621 -1.3952
1.93331 -0.469525
0.87697 -4.40615
0.371812 -0.465603
2.14615 -2.82716
-0.446777 -1.7075
0.569379 -2.0745
0.641665 -2.08402
0.689446 -1.75799
1.63881 -0.070896
1.10212 -1.07435
1.85869 -1.37336
0.8352 -4.43503
0.40521 -0.418353
2.11124 -2.87303
-0.445107 -1.78997
0.526579 -2.53484
0.293852 -4.2419
0.507815 -0.643227
2.10139 -2.60735
-0.483521 -2.39746
0.41506 -3.14035
-0.00959406 -2.6298
0.177035 -3.43563
0.171042 -2.23207
0.460023 -4.23683
0.416634 -0.783914
2.16663 -2.40923
-0.50695 -2.41238
0.419395 -3.03543
-0.0229531 -2.82891
0.164684 -3.13091
0.102192 -2.66821
0.12584 -3.40838
0.186409 -2.2822
0.41122 -4.21319
0.423502 -0.813625
2.16406 -2.36378
-0.505464 -2.51735
0.408377 -2.93607
-0.0176685 -3.0302
0.176854 -2.84709
0.0716446 -3.10991
0.143823 -2.72085
0.0995711 -3.32829
0.177211 -2.40544
0.27235 -4.00118
0.358766 -1.21766
2.08911 -1.33016
0.224699 -4.8191
1.25544 1.04731
1.19348 -1.58105
1.67792 -0.416048
1.06547 -1.04396
1.87615 -1.48972
0.873268 -4.85747
0.746239 0.46881
1.59211 -2.54714
0.388021 -4.76409
0.984615 0.667552
1.45557 -1.95219
0.761806 -1.69855
1.75967 -0.271478
0.844123 -1.80199
1.61349 -0.111479
1.16947 -0.960327
1.81353 -1.32455
0.732976 -3.60896
-0.00472516 -1.82951
0.558795 -2.80755
0.00359218 -3.51822
0.275416 -2.07252
0.5945 -3.75354
0.112719 -1.63209
1.10127 -0.279637
1.70936 -1.77697
0.727487 -3.76712
0.0668371 -1.57292
1.21154 -0.0906011
1.61288 -1.47868
0.912123 -1.19741
1.95342 -1.53555
0.702251 -5.17399
1.22604 1.25659
1.13208 -1.76587
1.5577 -0.208303
1.30694 -0.819361
1.70998 -1.0471
0.884853 -1.40353
1.93551 -1.13074
0.905224 -4.91211
0.786638 0.580631
1.54063 -2.43217
0.672961 -4.91758
0.928375 0.722414
1.45342 -2.07674
0.663577 -2.57893
0.334635 -4.36079
0.581572 -0.370347
1.98055 -2.79004
-0.442221 -2.61521
0.378235 -3.03598
-0.00696837 -2.81346
0.15668 -3.1532
0.110286 -2.63871
0.131492 -3.46704
0.200844 -2.19125
0.519971 -4.2532
0.401132 -0.769223
2.17342 -2.42632
-0.508509 -2.33678
0.429696 -3.08116
-0.0234677 -2.74304
0.167587 -3.25702
0.127693 -2.48997
0.198918 -3.77383
0.280887 -1.66174
1.35326 0.0208888
1.49716 -1.12897
1.44087 -0.474516
1.53686 -0.842388
1.4118 -0.573723
1.58535 -0.875588
1.29752 -0.602056
1.68646 -1.17387
0.898491 -1.32127
1.9476 -1.30906
0.862145 -5.13456
1.05737 1.07963
1.2908 -1.83331
1.25676 -0.35395
1.65913 -1.34532
0.879512 -1.34781
1.95041 -1.26593
0.872911 -5.12437
1.03852 1.05329
1.30744 -1.8592
1.1843 -0.447852
1.71723 -1.53437
0.689309 -2.75805
0.0809549 -3.88473
0.392917 -1.32051
2.0355 -1.02765
0.71875 -5.26501
1.33029 1.40887
0.992519 -2.05564
1.03436 -0.613157
1.82133 -1.88136
0.788865 -5.05133
1.00615 0.943295
1.35681 -1.90263
1.0169 -0.77215
1.86295 -1.8383
0.72589 -5.10838
1.12234 1.10853
1.25121 -1.74434
1.44986 -0.236957
1.47591 -0.890962
1.5204 -0.603909
1.44017 -0.672944
1.56514 -0.772354
1.35582 -0.60442
1.64297 -1.00966
1.10274 -0.82053
1.83096 -1.60313
0.849518 -4.66034
0.574224 0.0410427
1.83067 -2.93465
-0.383822 -2.88292
0.35016 -2.76711
0.0331358 -3.3681
0.218606 -2.34756
0.350508 -4.16191
0.41886 -0.896282
2.16335 -2.21646
-0.491896 -2.80817
0.398508 -2.53888
0.208364 -4.01629
0.399613 -1.13297
2.1217 -1.65587
-0.164976 -4.13316
0.858219 0.0780334
1.6865 -2.35567
0.529141 -4.93072
1.06397 0.896414
1.35273 -1.78142
1.22453 -0.417497
1.69084 -1.42692
0.753885 -1.96077
1.17359 -0.295802
1.68455 -1.58112
0.698327 -2.45201
0.579494 -4.52806
0.583116 -0.164008
1.90523 -2.87866
-0.415007 -2.73419
0.361974 -2.93764
-0.00253073 -3.00042
0.165406 -2.8869
0.0757478 -3.04052
0.130959 -2.81713
0.0924615 -3.15382
0.141564 -2.65471
0.117343 -3.45332
0.203175 -2.21373
0.498648 -4.2638
0.417459 -0.739311
2.16404 -2.47856
-0.503885 -2.29292
0.43525 -3.12076
-0.0209666 -2.66952
0.17463 -3.36977
0.153382 -2.32859
0.343988 -4.11027
0.389023 -1.0123
2.15584 -1.95206
-0.41317 -3.36028
0.483926 -1.48997
1.92264 -0.564593
0.850013 -4.26716
0.290299 -0.722637
2.22273 -2.43442
-0.511159 -2.01604
0.481968 -2.94535
-0.0395778 -3.06426
0.192764 -2.80064
0.0691643 -3.19781
0.161737 -2.5984
0.13442 -3.58025
0.235615 -2.00455
0.579106 -3.37559
-0.0240546 -2.23172
0.391531 -4.03699
0.325474 -1.18841
2.10166 -1.3676
0.131949 -4.69101
1.19577 0.911374
1.28621 -1.56283
1.5834 -0.344193
1.28516 -0.77793
1.72142 -1.13232
0.820551 -1.65986
1.80597 -0.42041
0.761862 -2.32651
0.647073 -3.8949
0.157154 -1.39823
1.82856 -0.127043
0.750176 -2.83408
0.0185966 -3.74228
0.354372 -1.59686
1.65657 0.0300103
1.03475 -1.24176
1.89327 -1.27578
0.87237 -4.66777
0.571859 0.0547607
1.8266 -2.94012
-0.38277 -2.88285
0.349658 -2.76992
0.03222 -3.36101
0.217217 -2.35882
0.336609 -4.14099
0.412057 -0.93634
2.16195 -2.13473
-0.475697 -2.97452
0.408056 -2.25546
0.587068 -4.31532
0.414698 -0.653026
2.15654 -2.60059
-0.49157 -2.0972
0.467085 -3.13826
-0.0314552 -2.645
0.183383 -3.40564
0.15947 -2.2745
0.406339 -4.19139
0.411293 -0.86113
2.16831 -2.27633
-0.502774 -2.65934
0.400378 -2.75286
0.0332841 -3.45619
0.242636 -2.20019
0.536126 -4.27103
0.406091 -0.735378
2.16945 -2.48079
-0.504679 -2.25572
0.441292 -3.12731
-0.0225209 -2.65879
0.177051 -3.3862
0.156837 -2.30429
0.371826 -4.15094
0.401373 -0.935009
2.16554 -2.12968
-0.478804 -2.95888
0.407456 -2.2776
0.567172 -4.35653
0.45211 -0.558158
2.117 -2.7168
-0.476177 -2.08145
0.469224 -3.19069
-0.023489 -2.54794
0.204378 -3.56378
0.199368 -2.03111
0.585384 -3.71878
0.101381 -1.68749
0.89313 -0.767236
1.92003 -2.09005
0.183785 -4.64369
1.05668 0.697225
1.42354 -1.78719
1.0623 -0.705115
1.8289 -1.77157
0.838352 -4.96735
0.87927 0.728852
1.46484 -2.19042
0.683983 -3.59165
0.00847985 -1.86305
0.55635 -3.06067
-0.0697475 -2.8533
0.189254 -3.09658
0.0844086 -2.71211
0.123303 -3.32402
0.165011 -2.40701
0.26802 -3.98293
0.350717 -1.25586
2.06853 -1.1806
0.449781 -5.08014
1.35092 1.28946
1.01575 -1.90603
1.39932 -0.144888
1.50534 -1.00805
1.45381 -0.519907
1.52863 -0.801362
1.43059 -0.591291
1.56705 -0.825475
1.34766 -0.589966
1.64739 -1.03708
1.07929 -0.860064
1.84854 -1.63186
0.86059 -4.87452
0.76936 0.510957
1.56976 -2.48567
0.543712 -4.89187
1.00068 0.787351
1.41114 -1.90825
0.901772 -1.1055
1.95826 -1.69859
0.516385 -5.05871
1.24853 1.18755
1.14259 -1.69852
1.62644 -0.282664
1.17811 -0.894462
1.80195 -1.35558
0.722883 -3.50812
-0.04025 -2.00567
0.541935 -3.91402
0.205261 -1.39949
1.87112 -0.243205
0.763733 -3.43447
-0.0829003 -2.15202
0.44458 -4.02515
0.297494 -1.21851
2.08314 -1.20575
0.351665 -4.98176
1.32774 1.20964
1.06755 -1.7602
1.61432 -0.220355
1.19347 -0.895906
1.79332 -1.31329
0.706674 -3.22824
-0.109631 -2.56947
0.23326 -3.49584
0.164588 -2.12928
0.551945 -4.1716
0.337251 -0.941275
2.1825 -2.05981
-0.484498 -2.96776
0.412633 -2.23063
0.605046 -4.2402
0.358574 -0.808791
2.1916 -2.33665
-0.516339 -2.39178
0.4244 -3.01137
-0.0256064 -2.87988
0.167374 -3.05824
0.0888184 -2.77283
0.11377 -3.22187
0.145257 -2.55423
0.158995 -3.6581
0.252409 -1.87001
0.66093 -1.79001
1.55061 -0.0143362
1.26653 -0.912148
1.74797 -1.09986
0.770605 -1.96167
1.18771 -0.278724
1.67403 -1.54321
0.725829 -2.14097
0.661785 -1.99097
0.961093 -0.706469
1.87518 -2.00004
0.484519 -4.98259
1.1776 1.06365
1.23841 -1.65409
1.56825 -0.28597
1.30441 -0.790356
1.70888 -1.07076
0.878957 -1.42018
1.93293 -1.09305
0.903828 -4.84818
0.723528 0.440518
1.61016 -2.60419
0.246492 -4.59354
0.913711 0.439598
1.54977 -2.15709
0.738565 -4.08016
0.218886 -1.07268
2.15097 -1.5436
-0.200337 -4.07976
0.845725 0.0259835
1.70854 -2.39046
0.412129 -4.83592
1.05468 0.814929
1.38425 -1.79274
1.14182 -0.544785
1.75872 -1.62911
0.740403 -3.81722
0.0852259 -1.49056
1.51351 0.144251
1.276 -0.978878
1.74466 -1.02164
0.801778 -1.7924
1.62218 -0.101022
1.14756 -0.992985
1.82864 -1.35056
0.767331 -3.93445
0.132612 -1.29783
1.95594 -0.455299
0.927834 -4.71405
0.591253 0.14989
1.77819 -2.91106
-0.338958 -3.14304
0.357435 -2.3558
0.429428 -4.3259
0.495843 -0.555763
2.08937 -2.70675
-0.475933 -2.25054
0.437566 -3.24509
0.00185409 -2.45066
0.238249 -3.74218
0.250722 -1.72895
1.05896 -0.391125
1.75564 -1.87812
0.830098 -4.68923
0.606989 0.106632
1.78665 -2.88131
-0.331889 -3.20051
0.365326 -2.24186
0.573164 -4.31217
0.418314 -0.65662
2.15501 -2.59633
-0.492141 -2.11436
0.464109 -3.14905
-0.0286221 -2.62377
0.186279 -3.43973
0.168109 -2.2239
0.467336 -4.23746
0.413745 -0.785589
2.16801 -2.40541
-0.507462 -2.41113
0.419686 -3.03432
-0.0231181 -2.83125
0.164785 -3.12755
0.101523 -2.67297
0.124898 -3.39941
0.184334 -2.29587
0.394205 -4.19481
0.419335 -0.846544
2.16557 -2.30621
-0.50336 -2.61962
0.401636 -2.81038
0.00966314 -3.31446
0.216457 -2.43047
0.258037 -4.00061
0.365283 -1.21001
2.09297 -1.3675
0.175557 -4.7505
1.22195 0.973418
1.24618 -1.56004
1.63589 -0.386193
1.17167 -0.87154
1.80278 -1.38968
0.732244 -3.63143
0.00497791 -1.79174
0.579127 -2.3938
0.562436 -4.47166
0.543755 -0.289813
1.97641 -2.87615
-0.443749 -2.42446
0.400011 -3.25049
0.0196849 -2.44361
0.23885 -3.76787
0.261025 -1.68212
1.24415 -0.0881993
1.59672 -1.39206
1.03093 -0.882481
1.8752 -1.72463
0.790698 -5.10348
1.06782 1.05448
1.29548 -1.80783
1.28983 -0.325342
1.6334 -1.25705
1.01336 -0.957551
1.89373 -1.69238
0.768028 -5.12991
1.11692 1.12412
1.24813 -1.75893
1.43492 -0.235265
1.49255 -0.918358
1.49012 -0.569704
1.48555 -0.720949
1.50531 -0.667827
1.4706 -0.663305
1.52372 -0.71631
1.44052 -0.627109
1.55977 -0.79007
1.3667 -0.595728
1.63225 -0.983305
1.14362 -0.754841
1.79992 -1.53838
0.777711 -4.0851
0.208191 -1.0525
2.15978 -1.58629
-0.254303 -3.94598
0.767719 -0.220513
1.82578 -2.55377
-0.125011 -3.99134
0.641171 -0.531943
1.99495 -2.62002
-0.421559 -2.95909
0.374718 -2.50541
0.237087 -4.06176
0.412511 -1.04787
2.14292 -1.89125
-0.361007 -3.56758
0.55545 -1.06147
2.10089 -1.9538
-0.29009 -3.76193
0.626542 -0.709232
2.04665 -2.47543
-0.431591 -3.0092
0.386813 -2.35932
0.447936 -4.35476
0.508544 -0.498368
2.06642 -2.75624
-0.468723 -2.26338
0.434009 -3.26877
0.00920284 -2.41168
0.259249 -3.81432
0.272184 -1.5985
1.52953 0.0979864
1.26636 -0.960371
1.75111 -1.06326
0.775063 -1.94392
1.24466 -0.20371
1.62778 -1.38976
0.93949 -1.13148
1.94155 -1.60581
0.684589 -5.15777
1.2202 1.23808
1.14339 -1.74947
1.56823 -0.222455
1.29037 -0.819689
1.72246 -1.09382
0.832791 -1.61139
1.84789 -0.566381
0.730546 -2.99542
-0.0938838 -3.20515
0.243678 -2.57997
0.137011 -3.69831
0.277617 -1.78757
0.916935 -0.739078
1.90282 -2.06706
0.281411 -4.7714
1.11391 0.851316
1.34884 -1.67958
1.36927 -0.306113
1.57261 -1.0499
1.2892 -0.558676
1.68403 -1.21149
0.886491 -1.35573
1.94615 -1.2426
0.885865 -5.08737
0.987562 0.969533
1.35396 -1.94352
0.950239 -0.937974
1.92146 -1.83409
0.516056 -5.03583
1.21757 1.14196
1.18277 -1.6705
1.61564 -0.297942
1.20604 -0.857135
1.78153 -1.3068
0.699683 -3.00533
-0.0941356 -3.13768
0.231874 -2.68661
0.084315 -3.44815
0.21673 -2.22209
0.497999 -4.27318
0.42413 -0.718274
2.15895 -2.51139
-0.500884 -2.25908
0.440111 -3.143
-0.0196685 -2.62947
0.181309 -3.43325
0.168423 -2.23462
0.455763 -4.23326
0.416182 -0.790067
2.167 -2.39919
-0.507155 -2.42961
0.417446 -3.01971
-0.0228778 -2.85964
0.165214 -3.08686
0.0942613 -2.7314
0.116356 -3.29324
0.1606 -2.45275
0.227071 -3.88493
0.318952 -1.44687
1.88999 -0.351977
0.784207 -3.71173
0.0191501 -1.65119
0.860331 -0.847153
1.95089 -2.075
0.0871362 -4.50676
0.993323 0.522181
1.50052 -1.95059
0.704173 -2.12139
0.677145 -1.86536
1.37259 -0.0591494
1.50512 -1.07791
1.43879 -0.492357
1.54236 -0.841153
1.40048 -0.574011
1.59709 -0.903235
1.26253 -0.622913
1.71248 -1.26661
0.784956 -1.81296
1.57752 -0.0659994
1.23165 -0.913261
1.77169 -1.19593
0.711729 -2.53241
0.462208 -4.51158
0.636711 -0.109178
1.85338 -2.80821
-0.357292 -3.14759
0.368603 -2.29214
0.52313 -4.36522
0.478681 -0.519958
2.09112 -2.74966
-0.4716 -2.14932
0.45629 -3.25407
-0.00416238 -2.43571
0.247442 -3.76306
0.255362 -1.69202
1.19789 -0.149791
1.63529 -1.51691
0.821337 -1.54521
1.89569 -0.759834
0.795285 -3.94998
0.130483 -1.26441
1.99283 -0.591613
0.953816 -5.10863
0.974407 0.988853
1.35164 -1.97274
0.90297 -1.07544
1.95649 -1.74114
0.475279 -5.0202
1.23911 1.15211
1.16361 -1.66919
1.6358 -0.311542
1.16078 -0.908557
1.81318 -1.39035
0.750156 -3.80454
0.0754986 -1.50797
1.44338 0.125378
1.37726 -0.999724
1.64987 -0.737585
1.14232 -0.818641
1.81094 -1.5034
0.785439 -4.12968
0.230327 -0.97636
2.19004 -1.83991
-0.439228 -3.2986
0.479776 -1.55332
1.84734 -0.32163
0.741314 -3.00278
-0.0975695 -3.19714
0.24401 -2.59146
0.129658 -3.67219
0.27081 -1.83545
0.762612 -1.26667
2.0063 -1.51133
0.487926 -5.06588
1.28867 1.22859
1.0944 -1.75039
1.60784 -0.229323
1.20984 -0.875434
1.78142 -1.28367
0.699741 -2.93405
-0.0648637 -3.34737
0.260253 -2.35131
0.368371 -4.2103
0.442703 -0.793054
2.15472 -2.4036
-0.502259 -2.49832
0.408934 -2.97099
-0.0199029 -2.95583
0.169692 -2.95111
0.0761625 -2.93623
0.11954 -2.96692
0.100969 -2.91599
0.106248 -2.9947
0.110181 -2.8769
0.100564 -3.05482
0.120712 -2.79162
0.0985941 -3.1955
0.146933 -2.59499
0.138733 -3.57593
0.232235 -2.0125
0.581155 -3.45919
0.00228549 -2.09064
0.511466 -4.08326
0.302516 -1.10986
2.13624 -1.57881
-0.168117 -4.14197
0.874667 0.117425
1.66763 -2.31156
0.642283 -4.98036
1.02834 0.896382
1.3654 -1.85274
1.08531 -0.633551
1.8035 -1.74733
0.845648 -4.74886
0.654269 0.234682
1.7139 -2.78423
-0.182094 -3.75267
0.499222 -1.13676
2.10417 -1.75027
-0.167468 -4.10839
0.830443 0.00506846
1.72144 -2.42694
0.313754 -4.72855
1.01699 0.690291
1.43849 -1.87615
0.89547 -1.13872
1.96171 -1.65494
0.549248 -5.08843
1.25531 1.21483
1.12666 -1.72471
1.61222 -0.254222
1.20532 -0.871958
1.7837 -1.2985
0.700262 -3.01744
-0.0977251 -3.10398
0.228359 -2.73703
0.0693699 -3.33935
0.194203 -2.39267
0.290082 -4.04798
0.377192 -1.12232
2.12753 -1.65609
-0.185881 -4.08827
0.833594 0.00268484
1.72103 -2.42005
0.326862 -4.74462
1.02401 0.710954
1.42945 -1.85915
0.94006 -0.999885
1.93341 -1.78279
0.527823 -5.05286
1.22872 1.16483
1.16604 -1.68329
1.61992 -0.291009
1.19491 -0.871668
1.78973 -1.3271
0.705214 -3.20916
-0.11141 -2.61295
0.22548 -3.43227
0.14838 -2.22431
0.456266 -4.22005
0.407183 -0.819796
2.17118 -2.34608
-0.508306 -2.50592
0.410267 -2.93732
-0.0183624 -3.02869
0.177015 -2.84926
0.0714813 -3.10615
0.14326 -2.72613
0.0987249 -3.31825
0.175087 -2.42026
0.257726 -3.96881
0.347872 -1.28132
2.05311 -1.08077
0.600983 -5.20671
1.36347 1.38532
0.971558 -2.09176
0.934189 -0.856695
1.91699 -1.9418
0.395295 -4.91561
1.18224 1.02378
1.251 -1.62853
1.57599 -0.303947
1.29273 -0.788494
1.7173 -1.10499
0.842159 -1.56509
1.87897 -0.704413
0.759351 -3.61364
-0.013636 -1.81986
0.559724 -2.75064
0.0463694 -3.68689
0.315838 -1.75478
1.10907 -0.307752
1.71389 -1.75499
0.724223 -3.7246
0.048825 -1.64116
0.943438 -0.615912
1.86223 -2.08534
0.411805 -4.90485
1.14884 0.978631
1.28622 -1.65372
1.50335 -0.273477
1.41329 -0.807347
1.60751 -0.770691
1.25418 -0.667856
1.72535 -1.2732
0.75531 -2.00877
1.02656 -0.570727
1.81468 -1.91605
0.77491 -5.05632
1.02167 0.963145
1.34478 -1.87376
1.09024 -0.615472
1.79736 -1.74187
0.841044 -4.68169
0.595939 0.08825
1.79983 -2.90071
-0.351358 -3.09519
0.355822 -2.42845
0.326143 -4.20554
0.461678 -0.770569
2.14416 -2.44224
-0.498526 -2.48693
0.408798 -2.99856
-0.0201598 -2.89863
0.165529 -3.03139
0.0860179 -2.81302
0.112418 -3.15579
0.132198 -2.64692
0.122481 -3.46318
0.203761 -2.1979
0.515188 -4.2584
0.40662 -0.756634
2.17034 -2.44836
-0.506804 -2.31317
0.432755 -3.10015
-0.0226113 -2.70764
0.170363 -3.31064
0.139648 -2.41384
0.257405 -3.93934
0.332453 -1.34549
2.00356 -0.794818
0.912217 -5.21338
1.12008 1.21541
1.21278 -1.80404
1.4179 -0.21927
1.50662 -0.955368
1.45983 -0.541278
1.52414 -0.782351
1.43978 -0.600984
1.55745 -0.801614
1.37107 -0.590929
1.62762 -0.973307
1.16028 -0.730842
1.78742 -1.50664
0.74261 -3.78439
0.0689515 -1.54182
1.32151 0.0393787
1.51476 -1.20115
1.37566 -0.461648
1.60073 -1.0003
1.22889 -0.631705
1.73353 -1.35937
0.713759 -2.37698
0.651802 -4.32993
0.398838 -0.63178
2.16248 -2.62625
-0.4874 -2.01311
0.481375 -3.05373
-0.0448062 -2.82078
0.175773 -3.14272
0.0991147 -2.64853
0.13209 -3.44321
0.193529 -2.22828
0.477153 -4.25685
0.422375 -0.746333
2.16206 -2.46947
-0.503939 -2.32279
0.430723 -3.10784
-0.0208406 -2.69256
0.171324 -3.33406
0.145287 -2.38045
0.288884 -4.00997
0.355923 -1.20741
2.09391 -1.3596
0.177009 -4.75356
1.22444 0.977908
1.24279 -1.55997
1.63987 -0.39003
1.16224 -0.883308
1.8094 -1.40597
0.748116 -3.79258
0.0706522 -1.52746
1.37219 0.0828594
1.4626 -1.0982
1.51526 -0.511007
1.43849 -0.712165
1.57074 -0.759139
1.34394 -0.612632
1.65406 -1.0394
1.05786 -0.904766
1.8654 -1.6455
0.849546 -5.00284
0.912374 0.802641
1.43156 -2.10641
0.659849 -2.62086
0.259762 -4.24776
0.534346 -0.584845
2.07285 -2.65981
-0.474127 -2.44232
0.406415 -3.13528
-0.00675663 -2.63758
0.174225 -3.4239
0.168875 -2.25003
0.43879 -4.22406
0.417827 -0.803021
2.16649 -2.37884
-0.50687 -2.47248
0.412832 -2.97963
-0.0214613 -2.93984
0.169097 -2.97361
0.0781362 -2.90084
0.116482 -3.01935
0.108089 -2.83923
0.101633 -3.11493
0.129898 -2.70675
0.107355 -3.34887
0.178852 -2.37387
0.304774 -4.06392
0.379586 -1.09499
2.13608 -1.7348
-0.261802 -3.89309
0.719254 -0.372189
1.90142 -2.60123
-0.300816 -3.49659
0.449314 -1.53769
1.85085 -0.314412
0.742735 -3.06354
-0.115745 -3.0228
0.226655 -2.85326
0.0514656 -3.11097
0.154043 -2.72369
0.0954664 -3.32719
0.178861 -2.40772
0.270538 -3.99872
0.358249 -1.2221
2.08691 -1.31405
0.248807 -4.85096
1.26986 1.07986
1.16933 -1.60131
1.68653 -0.410351
1.04165 -1.09728
1.89117 -1.47475
0.874663 -4.95305
0.844266 0.681266
1.49019 -2.27925
0.758228 -4.35605
0.3774 -0.578801
2.16655 -2.69155
-0.474282 -1.86379
0.5085 -2.7297
0.0535044 -3.66685
0.304299 -1.80403
0.917059 -0.744724
1.90395 -2.06287
0.282785 -4.77379
1.1156 0.854962
1.34682 -1.67705
1.37606 -0.302694
1.5661 -1.03378
1.31084 -0.546831
1.66737 -1.15358
0.966081 -1.10894
1.92849 -1.59722
0.739613 -5.16176
1.17921 1.20724
1.18232 -1.74361
1.5364 -0.223927
1.34866 -0.808323
1.6742 -0.937033
1.03049 -0.991324
1.88911 -1.62198
0.826403 -5.08841
1.02543 1.00135
1.3303 -1.87252
1.11974 -0.556848
1.77125 -1.68475
0.786771 -4.21103
0.276851 -0.837679
2.21689 -2.21283
-0.526701 -2.45034
0.421119 -2.91444
-0.0189788 -3.08709
0.185649 -2.76729
0.0764479 -3.25779
0.171241 -2.5117
0.183121 -3.77221
0.287223 -1.65949
1.37304 0.0347115
1.47684 -1.08959
1.49143 -0.501735
1.47445 -0.743612
1.52326 -0.675606
1.43994 -0.64323
1.56232 -0.784962
1.36139 -0.598726
1.63734 -0.996566
1.12418 -0.784593
1.81457 -1.57187
0.817693 -4.39026
0.380173 -0.506302
2.1504 -2.78084
-0.457671 -1.7763
0.533474 -2.42111
0.483431 -4.44636
0.564696 -0.297127
1.96573 -2.84881
-0.439818 -2.54054
0.383705 -3.139
0.00357349 -2.62863
0.171929 -3.44154
0.175079 -2.22438
0.470724 -4.2431
0.415992 -0.77441
2.16661 -2.42406
-0.506699 -2.38356
0.422916 -3.059
-0.0227797 -2.78374
0.165159 -3.19666
0.115162 -2.5752
0.154014 -3.5925
0.231129 -1.98535
0.575379 -3.22052
-0.0613616 -2.51987
0.227241 -3.59103
0.198817 -1.98478
0.575815 -3.36678
-0.0253002 -2.24689
0.379059 -4.02017
0.321635 -1.21965
2.08538 -1.25187
0.30501 -4.92497
1.30441 1.15545
1.11005 -1.67787
1.67372 -0.332158
1.06771 -1.06233
1.87617 -1.46362
0.873296 -4.81439
0.704062 0.373137
1.64156 -2.65946
0.0933121 -4.36023
0.794992 0.066699
1.71421 -2.50045
0.205839 -4.57738
0.938934 0.471729
1.5322 -2.09004
0.681957 -3.46796
-0.0375493 -2.07503
0.50881 -4.0426
0.281688 -1.18515
2.09975 -1.29225
0.198586 -4.79134
1.25022 1.02677
1.20557 -1.56941
1.67376 -0.419748
1.07701 -1.01941
1.86841 -1.49148
0.86959 -4.79188
0.684202 0.324252
1.6674 -2.71046
-0.026945 -4.13133
0.672672 -0.359092
1.92272 -2.67823
-0.369983 -3.18438
0.384379 -2.16195
0.61193 -3.98227
0.212675 -1.26965
2.02567 -0.798606
0.855381 -5.29035
1.25282 1.38288
1.06448 -1.91482
1.3592 -0.182564
1.54997 -1.09299
1.3325 -0.515626
1.64595 -1.10185
1.05695 -0.891989
1.86406 -1.65844
0.84627 -5.01055
0.922926 0.82129
1.4225 -2.08117
0.675747 -2.33656
0.650197 -4.20397
0.319757 -0.876453
2.19846 -2.17816
-0.515381 -2.63897
0.406073 -2.72904
0.0455193 -3.52425
0.257618 -2.08226
0.594986 -3.87067
0.165132 -1.4526
1.73191 0.0201962
0.868668 -1.78262
1.6475 -0.153593
1.10161 -1.04945
1.85765 -1.40285
0.841226 -4.48992
0.442532 -0.310546
2.05127 -2.95007
-0.438536 -1.91182
0.49881 -3.03233
-0.0510574 -2.87753
0.180433 -3.06258
0.0832454 -2.76403
0.116984 -3.23563
0.146778 -2.53409
0.170111 -3.7011
0.263906 -1.79297
0.872691 -0.866912
1.94816 -2.03657
0.144414 -4.59915
1.04559 0.655737
1.44105 -1.81379
0.982402 -0.892875
1.89984 -1.81702
0.623851 -5.09962
1.19822 1.17133
1.18414 -1.70409
1.58008 -0.258501
1.27501 -0.813927
1.73274 -1.14083
0.789932 -1.82369
1.55765 -0.0594668
1.26731 -0.893456
1.74595 -1.11112
0.771257 -1.95314
1.2139 -0.242104
1.65272 -1.47267
0.810478 -1.61072
1.85161 -0.559866
0.731958 -3.05728
-0.112524 -3.02833
0.225645 -2.84589
0.0523883 -3.12436
0.155911 -2.70482
0.0990666 -3.36389
0.186645 -2.35275
0.330365 -4.11179
0.396505 -1.00062
2.15646 -1.98584
-0.426251 -3.29373
0.464633 -1.63105
1.70848 -0.0578357
0.934476 -1.49547
1.8857 -0.869752
0.784083 -3.89947
0.108925 -1.34812
1.86653 -0.187546
0.763202 -3.39213
-0.0956825 -2.23814
0.38215 -3.95526
0.28687 -1.34712
1.98535 -0.673454
0.947207 -5.06699
0.931322 0.903594
1.39301 -2.06023
0.717423 -1.93156
1.22286 -0.217149
1.64199 -1.44883
0.854981 -1.41709
1.94214 -1.1124
0.908174 -4.95335
0.827957 0.67039
1.49843 -2.31936
0.772547 -4.58427
0.541079 -0.111602
1.911 -2.95377
-0.424375 -2.51437
0.38114 -3.21234
0.0191705 -2.50636
0.207168 -3.65737
0.231162 -1.87651
0.629487 -2.01404
0.844441 -1.04797
1.98187 -1.85558
0.224427 -4.73892
1.13942 0.865719
1.33237 -1.63651
1.44684 -0.287704
1.49162 -0.883126
1.49447 -0.587112
1.48093 -0.708295
1.51176 -0.6803
1.46042 -0.651436
1.53675 -0.739852
1.41603 -0.6115
1.58617 -0.851761
1.29898 -0.608012
1.68651 -1.16765
0.901386 -1.31248
1.94776 -1.32513
0.855352 -5.14314
1.07201 1.1007
1.27722 -1.816
1.30711 -0.303029
1.61728 -1.21264
1.08929 -0.798114
1.83376 -1.65132
0.856491 -4.79308
0.691036 0.330127
1.66239 -2.69477
0.00339588 -4.19445
0.706461 -0.235543
1.86172 -2.66364
-0.285272 -3.51686
0.446645 -1.53137
1.8578 -0.331476
0.745282 -3.17256
-0.126479 -2.73288
0.219971 -3.25895
0.103634 -2.4713
0.21248 -3.78829
0.281107 -1.63763
1.43013 0.0707251
1.41022 -0.999588
1.60951 -0.661809
1.25464 -0.698803
1.73016 -1.25862
0.751739 -2.04197
0.921366 -0.836201
1.91958 -1.98315
0.328909 -4.84031
1.15376 0.94331
1.29688 -1.63425
1.50669 -0.283078
1.41044 -0.800991
1.61052 -0.780798
1.24539 -0.673478
1.73154 -1.29598
0.736118 -2.15998
0.642513 -2.17098
0.601341 -2.82208
-0.00213938 -3.53942
0.285039 -2.02671
0.582141 -3.34017
-0.0357423 -2.29464
0.341678 -3.95196
0.301959 -1.34793
1.99072 -0.70901
0.941718 -5.11726
0.990558 1.01065
1.33905 -1.94267
0.978069 -0.858461
1.8965 -1.85596
0.590382 -5.07729
1.19987 1.15546
1.18924 -1.69139
1.58808 -0.270064
1.26099 -0.818455
1.74276 -1.17791
0.756115 -2.03928
0.93435 -0.800662
1.90693 -1.98851
0.373616 -4.88607
1.16571 0.986055
1.27461 -1.63264
1.5407 -0.289258
1.35615 -0.781237
1.66504 -0.931252
1.06025 -0.925297
1.86695 -1.62201
0.85562 -4.98319
0.887125 0.756213
1.45373 -2.16892
0.666564 -3.32936
-0.0738807 -2.33363
0.318201 -3.8633
0.269311 -1.5143
1.73075 -0.0144205
0.876886 -1.73297
1.71787 -0.256645
0.942963 -1.40772
1.91139 -1.07522
0.872212 -4.57744
0.498281 -0.133011
1.94705 -3.00069
-0.430678 -2.24861
0.430653 -3.3998
0.0479197 -2.2078
0.429807 -4.13245
0.363754 -1.00061
2.16391 -1.95346
-0.4285 -3.29766
0.468598 -1.60849
1.7542 -0.122856
0.84287 -1.86001
1.49943 -0.066349
1.36472 -0.884715
1.66358 -0.848333
1.08504 -0.893869
1.85058 -1.59143
0.862885 -4.81809
0.712244 0.384072
1.63443 -2.63944
0.139285 -4.43745
0.836676 0.199152
1.65332 -2.38753
0.552353 -4.93231
1.04462 0.874458
1.36732 -1.81759
1.13874 -0.541722
1.75941 -1.63826
0.745361 -3.86493
0.106233 -1.41413
1.73964 0.0311208
0.851509 -1.87124
1.47734 -0.0697027
1.39645 -0.901195
1.6297 -0.757567
1.19651 -0.735294
1.76935 -1.40526
0.698408 -3.12033
-0.112687 -2.82528
0.211151 -3.13267
0.0804402 -2.65452
0.136805 -3.42422
0.1859 -2.25667
0.440602 -4.23615
0.425148 -0.77635
2.16235 -2.42426
-0.505336 -2.40976
0.419271 -3.04435
-0.0224014 -2.81116
0.16442 -3.1566
0.107243 -2.63182
0.134572 -3.47844
0.202892 -2.17307
0.537703 -4.23676
0.383043 -0.808175
2.1816 -2.35298
-0.512688 -2.42548
0.419488 -2.99982
-0.0239658 -2.90128
0.167643 -3.02793
0.0845757 -2.81788
0.112887 -3.14789
0.130447 -2.65782
0.119622 -3.44123
0.198612 -2.23252
0.475482 -4.25985
0.425182 -0.738875
2.16012 -2.48142
-0.502931 -2.31105
0.432274 -3.11756
-0.0201891 -2.67476
0.173484 -3.36175
0.151712 -2.3404
0.330892 -4.08893
0.382179 -1.05342
2.14748 -1.84588
-0.350829 -3.61415
0.578593 -0.950629
2.09723 -2.1652
-0.3903 -3.36476
0.463667 -1.58102
1.79648 -0.196436
0.774902 -2.31153
0.637179 -3.72044
0.0815521 -1.66949
0.913221 -0.705093
1.89717 -2.09681
0.261756 -4.74235
1.09713 0.811642
1.3697 -1.70647
1.29485 -0.35932
1.63833 -1.2387
1.00924 -0.972247
1.89741 -1.68563
0.763097 -5.13414
1.12593 1.13604
1.23919 -1.75297
1.45522 -0.230564
1.46792 -0.883632
1.53351 -0.619819
1.41799 -0.658032
1.58979 -0.828876
1.29291 -0.619032
1.69251 -1.1811
0.877452 -1.39781
1.93975 -1.14925
0.905166 -4.96688
0.843696 0.701003
1.48387 -2.27764
0.753424 -4.3109
0.349539 -0.664907
2.19309 -2.56318
-0.494196 -1.95801
0.491035 -2.9139
-0.0358658 -3.14866
0.204393 -2.67909
0.093054 -3.44388
0.211492 -2.22927
0.486929 -4.26998
0.426922 -0.720966
2.15775 -2.50815
-0.500912 -2.27269
0.437903 -3.13971
-0.0192681 -2.63505
0.18 -3.42447
0.166439 -2.24785
0.439938 -4.22322
0.416735 -0.805467
2.167 -2.37437
-0.507026 -2.47788
0.41236 -2.97335
-0.0211373 -2.95275
0.170049 -2.95552
0.0762974 -2.92922
0.118981 -2.97724
0.102196 -2.90066
0.104959 -3.01805
0.113558 -2.84327
0.0990877 -3.10871
0.130063 -2.71607
0.105384 -3.33176
0.175368 -2.39934
0.277849 -4.01087
0.361612 -1.19913
2.09789 -1.39712
0.127802 -4.68082
1.18667 0.894891
1.29761 -1.5695
1.56239 -0.329539
1.32455 -0.768013
1.69075 -1.02582
0.949935 -1.18728
1.93661 -1.50202
0.786395 -5.16816
1.15095 1.18998
1.20557 -1.75566
1.49466 -0.219066
1.41303 -0.834267
1.60891 -0.756902
1.25178 -0.674026
1.72783 -1.27751
0.749045 -2.05591
0.877615 -0.967961
1.9596 -1.9185
0.244566 -4.75352
1.13444 0.867572
1.33398 -1.64558
1.43455 -0.287418
1.50553 -0.906535
1.46758 -0.562975
1.51686 -0.760242
1.45352 -0.614868
1.54196 -0.767744
1.40524 -0.60009
1.59608 -0.882163
1.26907 -0.622876
1.70848 -1.24792
0.802869 -1.71738
1.73936 -0.254376
0.889486 -1.60189
1.84252 -0.601095
0.728393 -2.91552
-0.0529902 -3.44587
0.280706 -2.17449
0.577271 -4.21567
0.354056 -0.855929
2.18998 -2.24771
-0.514326 -2.56857
0.408137 -2.83425
0.00105226 -3.26309
0.20885 -2.50949
0.186107 -3.81866
0.306381 -1.56616
1.66409 0.0395013
1.01507 -1.29164
1.89879 -1.22206
0.87263 -4.6433
0.551239 0.00314367
1.85932 -2.96652
-0.405033 -2.68596
0.359178 -3.03677
0.000761512 -2.80699
0.152942 -3.16273
0.113968 -2.62629
0.134439 -3.49262
0.207283 -2.15052
0.557624 -4.20114
0.352805 -0.883405
2.18739 -2.19391
-0.508863 -2.68625
0.40286 -2.6831
0.0743481 -3.64064
0.284339 -1.87205
0.6956 -1.59277
1.86958 -0.528807
0.746471 -3.36084
-0.0977208 -2.29744
0.34344 -3.88816
0.270381 -1.47004
1.81558 -0.149111
0.755346 -2.62049
0.338698 -4.40315
0.617671 -0.258616
1.91955 -2.79731
-0.4075 -2.8848
0.361518 -2.69847
0.0634552 -3.54789
0.256953 -2.0455
0.588596 -3.62379
0.0608693 -1.83034
0.574723 -2.52667
0.346786 -4.33895
0.554509 -0.444136
2.02137 -2.76814
-0.457553 -2.46609
0.398338 -3.16771
0.00240645 -2.58033
0.185013 -3.52137
0.193882 -2.10041
0.578746 -4.076
0.273296 -1.11749
2.13265 -1.50353
-0.105683 -4.28104
0.963178 0.357191
1.5623 -2.05299
0.689145 -3.52783
-0.0186924 -1.97014
0.555468 -3.78777
0.142792 -1.59292
1.29976 0.00139268
1.5402 -1.2509
1.28862 -0.503099
1.67351 -1.22829
0.908234 -1.27346
1.94982 -1.39822
0.814109 -5.17539
1.13962 1.18812
1.21255 -1.76607
1.47237 -0.217883
1.44323 -0.861291
1.57039 -0.676222
1.34617 -0.639147
1.65634 -1.02334
1.0569 -0.910678
1.86668 -1.64256
0.849317 -5.00627
0.916348 0.810336
1.42793 -2.0968
0.664672 -2.51024
0.45786 -4.48907
0.618274 -0.164017
1.88442 -2.82612
-0.389729 -2.96479
0.35898 -2.59458
0.137779 -3.8108
0.325453 -1.55402
1.71476 -0.0151584
0.911916 -1.58966
1.84417 -0.631662
0.727323 -2.95679
-0.0766546 -3.31684
0.258705 -2.39898
0.308788 -4.12294
0.41433 -0.959313
2.15834 -2.0897
-0.460459 -3.08565
0.421039 -2.05204
0.588018 -2.80666
0.00717625 -3.56489
0.28913 -1.98189
0.578729 -2.85748
-0.0249063 -3.403
0.255272 -2.27235
0.465006 -4.29186
0.452502 -0.660458
2.13633 -2.59396
-0.491337 -2.22624
0.444211 -3.18707
-0.0135972 -2.55072
0.199989 -3.56374
0.20126 -2.0317
0.585551 -3.71694
0.100534 -1.69021
0.883077 -0.796861
1.93073 -2.08363
0.151661 -4.60045
1.03783 0.644581
1.44721 -1.83212
0.941453 -1.00465
1.93321 -1.77475
0.538255 -5.06129
1.22956 1.17166
1.16275 -1.68866
1.61775 -0.285769
1.19893 -0.868774
1.78706 -1.31819
0.702652 -3.13547
-0.114245 -2.79058
0.211868 -3.18072
0.089643 -2.58475
0.156146 -3.55745
0.218348 -2.04453
0.588192 -3.74936
0.113374 -1.64044
1.07367 -0.33264
1.73426 -1.84641
0.799472 -4.38229
0.380876 -0.524001
2.15385 -2.75999
-0.461838 -1.79903
0.525465 -2.51498
0.324222 -4.2865
0.524853 -0.558865
2.07226 -2.69044
-0.473504 -2.37785
0.415352 -3.19186
-0.000224405 -2.53998
0.199226 -3.58827
0.209931 -1.99229
0.577162 -3.38331
-0.0208548 -2.21825
0.403135 -4.05272
0.329222 -1.15907
2.11532 -1.47086
-0.00954107 -4.45827
1.06462 0.613514
1.44892 -1.77355
1.02241 -0.802132
1.86595 -1.80558
0.748294 -5.10961
1.10649 1.09524
1.26377 -1.76079
1.40968 -0.24675
1.52175 -0.966912
1.42788 -0.530666
1.56116 -0.852665
1.35832 -0.577557
1.63653 -1.01215
1.12135 -0.785805
1.81616 -1.57841
0.822607 -4.42913
0.405287 -0.431281
2.11488 -2.86018
-0.447456 -1.79823
0.524034 -2.5659
0.24523 -4.15883
0.474153 -0.807542
2.14041 -2.38841
-0.494106 -2.61916
0.397995 -2.84916
-0.000812291 -3.21858
0.200306 -2.57646
0.140852 -3.66098
0.261539 -1.86034
0.69057 -1.61287
1.84931 -0.457146
0.735401 -3.00583
-0.0981898 -3.18059
0.241296 -2.6179
0.114293 -3.60885
0.254511 -1.94954
0.57975 -2.71283
0.0883248 -3.83393
0.361675 -1.45611
1.90475 -0.421365
0.810269 -3.95193
0.126135 -1.25663
1.99872 -0.612508
0.948321 -5.15417
1.02924 1.08415
1.30016 -1.88406
1.15305 -0.490429
1.7413 -1.61209
0.709036 -3.47756
-0.0455507 -2.05996
0.515434 -4.01962
0.267206 -1.22586
2.07368 -1.11085
0.471104 -5.10803
1.36577 1.3188
0.991548 -1.98365
1.22445 -0.28651
1.65911 -1.4414
0.815896 -1.59342
1.86441 -0.614053
0.739284 -3.30033
-0.10928 -2.425
0.27933 -3.70628
0.21922 -1.79097
0.796894 -1.11579
2.00474 -1.79458
0.192931 -4.70819
1.1366 0.844948
1.34119 -1.63719
1.43065 -0.292159
1.51091 -0.913134
1.45675 -0.556325
1.53027 -0.782974
1.42802 -0.59763
1.57087 -0.828963
1.33849 -0.592584
1.65513 -1.06155
1.0458 -0.926365
1.87415 -1.65334
0.835532 -5.05322
0.978237 0.92046
1.37344 -1.95902
0.889353 -1.12829
1.96436 -1.6793
0.510339 -5.05738
1.25303 1.19077
1.13791 -1.70129
1.62774 -0.281068
1.17476 -0.899197
1.80436 -1.36085
0.727507 -3.56566
-0.0200466 -1.90403
0.556056 -3.44169
0.00709662 -2.12142
0.490797 -4.10861
0.324712 -1.06059
2.15322 -1.7545
-0.321611 -3.7277
0.637884 -0.691887
2.03678 -2.48488
-0.423833 -3.04589
0.38829 -2.30417
0.523549 -4.37692
0.487366 -0.492865
2.07837 -2.77223
-0.468271 -2.16682
0.452623 -3.2728
0.00205726 -2.40438
0.264651 -3.82061
0.272646 -1.58754
1.56051 0.095801
1.21358 -0.99018
1.78897 -1.18167
0.704419 -2.78728
0.0533867 -3.81717
0.372051 -1.4561
1.91053 -0.44647
0.822422 -4.04797
0.172755 -1.09845
2.13336 -1.36295
-0.0155959 -4.4657
1.08487 0.648478
1.43033 -1.72666
1.13288 -0.58214
1.77101 -1.64193
0.767362 -4.0464
0.190789 -1.1189
2.12451 -1.33091
0.0471826 -4.57172
1.14425 0.785105
1.35927 -1.61306
1.42243 -0.304674
1.5226 -0.927124
1.43206 -0.545333
1.5587 -0.838398
1.36532 -0.580131
1.63096 -0.992388
1.14456 -0.751049
1.79879 -1.53796
0.775388 -4.06731
0.199291 -1.08234
2.14493 -1.47383
-0.135833 -4.22791
0.938177 0.28555
1.59263 -2.12819
0.765274 -4.27963
0.325724 -0.720694
2.20723 -2.46333
-0.50828 -2.05873
0.474604 -3.02086
-0.0429626 -2.88742
0.176705 -3.04847
0.082996 -2.7857
0.115285 -3.19984
0.139769 -2.58465
0.144786 -3.59153
0.23487 -1.98618
0.575486 -3.20958
-0.0633816 -2.54193
0.22109 -3.55575
0.18944 -2.04119
0.58582 -3.80916
0.140577 -1.55041
1.43382 0.105567
1.39479 -1.00452
1.62881 -0.692719
1.20386 -0.74367
1.76672 -1.38056
0.696271 -2.99069
-0.0890024 -3.17548
0.235789 -2.62928
0.108788 -3.57777
0.246248 -2.00449
0.578698 -3.32511
-0.0384575 -2.3214
0.322724 -3.91287
0.290685 -1.42083
1.9054 -0.38223
0.81373 -3.96483
0.131595 -1.23493
2.02304 -0.720928
0.885303 -5.28331
1.22285 1.35754
1.09599 -1.87122
1.42378 -0.166659
1.48689 -0.954946
1.49638 -0.55843
1.47466 -0.716381
1.52162 -0.68711
1.44341 -0.640013
1.55767 -0.778814
1.3719 -0.598418
1.62805 -0.968467
1.16046 -0.731771
1.78749 -1.50568
0.742397 -3.78203
0.0679344 -1.54562
1.30679 0.0249213
1.52882 -1.23482
1.32609 -0.478114
1.64331 -1.12931
1.05245 -0.895446
1.86674 -1.66574
0.840208 -5.03152
0.950336 0.87055
1.39844 -2.01824
0.761368 -1.66706
1.79827 -0.359458
0.773816 -2.23738
0.608522 -2.9317
-0.0592453 -3.23283
0.231961 -2.54719
0.159321 -3.76041
0.292939 -1.67329
1.33961 0.00670848
1.51173 -1.15772
1.39978 -0.468173
1.57968 -0.937886
1.30042 -0.581889
1.68092 -1.17233
0.915616 -1.262
1.94778 -1.41254
0.811344 -5.17392
1.13978 1.18675
1.21297 -1.76507
1.4732 -0.218244
1.44224 -0.860051
1.57176 -0.678869
1.34318 -0.6392
1.65878 -1.03158
1.04627 -0.932368
1.87468 -1.64677
0.837819 -5.04969
0.972732 0.911568
1.37811 -1.97031
0.862833 -1.22054
1.9734 -1.54683
0.6082 -5.14024
1.26704 1.26325
1.09852 -1.77887
1.56808 -0.197007
1.28458 -0.831837
1.72792 -1.10292
0.815413 -1.69441
1.76853 -0.32195
0.827579 -1.8732
1.46463 -0.0635173
1.41108 -0.917111
1.61205 -0.713298
1.24661 -0.691365
1.7338 -1.28484
0.736237 -2.16393
0.638001 -2.21887
0.609616 -3.3903
-0.0325685 -2.20789
0.409688 -4.04886
0.324365 -1.16821
2.11113 -1.4327
0.0374638 -4.54074
1.1133 0.726478
1.39304 -1.66732
1.29468 -0.373116
1.64162 -1.23713
1.00002 -0.99626
1.90441 -1.67804
0.748648 -5.14147
1.14628 1.16059
1.21924 -1.74243
1.49483 -0.226928
1.41473 -0.831467
1.60677 -0.754435
1.25745 -0.669473
1.72364 -1.2632
0.762569 -1.9594
1.18665 -0.278324
1.67439 -1.54612
0.723926 -2.15762
0.638632 -2.20407
0.604063 -3.2275
-0.0714258 -2.51695
0.231915 -3.59073
0.196711 -1.98456
0.575812 -3.37403
-0.0231149 -2.23426
0.389581 -4.0355
0.325482 -1.191
2.1004 -1.35887
0.144891 -4.71027
1.20575 0.933376
1.27189 -1.55898
1.60516 -0.360947
1.24079 -0.803377
1.75387 -1.24403
0.719884 -2.36626
0.655488 -4.26825
0.357255 -0.754235
2.19324 -2.42827
-0.511894 -2.20981
0.449844 -3.09712
-0.0297672 -2.71883
0.172611 -3.29275
0.134066 -2.43837
0.236438 -3.88451
0.314499 -1.45204
1.87988 -0.320939
0.769572 -3.54869
-0.0442094 -1.93508
0.553842 -3.65018
0.0856781 -1.80025
0.61484 -2.06149
0.706677 -1.64488
1.81688 -0.373359
0.750748 -2.50209
0.548007 -4.56252
0.631922 -0.0559197
1.83586 -2.82456
-0.348564 -3.1743
0.369174 -2.25535
0.563438 -4.33319
0.437057 -0.608452
2.13644 -2.6595
-0.483913 -2.09271
0.467497 -3.16795
-0.0269136 -2.58932
0.193622 -3.49521
0.181786 -2.13927
0.553167 -4.18663
0.345749 -0.91185
2.1855 -2.13048
-0.499816 -2.81676
0.403277 -2.48671
0.277166 -4.15256
0.451149 -0.85841
2.152 -2.29958
-0.493445 -2.722
0.396138 -2.68955
0.0694754 -3.61455
0.277053 -1.92126
0.609627 -2.23232
0.620438 -3.65766
0.0616632 -1.77031
0.637986 -1.86509
1.3264 -0.0847567
1.54753 -1.18192
1.30366 -0.509837
1.66512 -1.18406
0.957372 -1.12711
1.93312 -1.58494
0.734155 -5.16503
1.18781 1.21736
1.17305 -1.74564
1.54376 -0.222871
1.33563 -0.808716
1.68567 -0.972776
0.984098 -1.10122
1.91961 -1.57745
0.782746 -5.15132
1.13264 1.15844
1.22738 -1.75664
1.46611 -0.225116
1.45309 -0.868136
1.55633 -0.653573
1.37539 -0.641321
1.63115 -0.94317
1.15851 -0.741106
1.7901 -1.50609
0.747093 -3.82444
0.0861074 -1.47735
1.55295 0.145795
1.21017 -1.01329
1.79238 -1.16956
0.704627 -2.81594
0.0235638 -3.72521
0.343902 -1.64392
1.52183 0.0790667
1.2851 -0.946609
1.73629 -1.02227
0.822043 -1.68408
1.78022 -0.353652
0.804755 -2.00012
1.10319 -0.42658
1.74707 -1.758
0.779048 -4.18455
0.263858 -0.885425
2.21111 -2.10012
-0.518213 -2.69052
0.407188 -2.63338
0.114091 -3.77979
0.32268 -1.60504
1.5925 0.0741466
1.15958 -1.03745
1.82466 -1.27634
0.739814 -3.65888
0.0136097 -1.74517
0.636615 -1.85218
1.36265 -0.0556364
1.51228 -1.10008
1.41751 -0.484667
1.56468 -0.890866
1.34527 -0.570312
1.646 -1.05019
1.07849 -0.858582
1.84871 -1.6349
0.860281 -4.88094
0.776051 0.525463
1.56263 -2.4673
0.587529 -4.91273
0.989132 0.790654
1.41353 -1.93372
0.857998 -1.25438
1.97252 -1.48439
0.669907 -5.176
1.25711 1.28324
1.09859 -1.79741
1.54211 -0.181279
1.32826 -0.82654
1.69347 -0.983026
0.95684 -1.17673
1.9336 -1.50907
0.790404 -5.16405
1.14283 1.17936
1.21408 -1.75732
1.48212 -0.220551
1.43092 -0.847791
1.58688 -0.709113
1.30856 -0.645041
1.68602 -1.12677
0.922196 -1.25109
1.94587 -1.42576
0.808798 -5.1725
1.13987 1.1854
1.21343 -1.76414
1.47386 -0.218601
1.44146 -0.859041
1.57284 -0.680988
1.34082 -0.639285
1.6607 -1.0381
1.03784 -0.95015
1.88098 -1.64828
0.826948 -5.07673
1.01122 0.976002
1.34395 -1.89635
1.05227 -0.689756
1.83027 -1.80368
0.822938 -5.01327
0.939852 0.839313
1.41179 -2.04216
0.717456 -1.94426
1.18381 -0.271775
1.67393 -1.55422
0.720861 -2.18364
0.614759 -2.54097
0.357788 -4.36998
0.57441 -0.373247
1.98598 -2.79611
-0.445096 -2.57407
0.382461 -3.08184
-0.00423297 -2.72955
0.159541 -3.27939
0.136877 -2.46097
0.219152 -3.842
0.302132 -1.53269
1.7316 -0.0271272
0.87715 -1.72743
1.72485 -0.269418
0.926749 -1.45826
1.90284 -0.968106
0.837117 -4.30741
0.319583 -0.654917
2.20775 -2.56251
-0.49141 -1.87391
0.507743 -2.68789
0.0899023 -3.78626
0.337628 -1.57019
1.69497 0.00189934
0.953381 -1.45241
1.89385 -0.961135
0.815183 -4.1579
0.236498 -0.920002
2.20733 -1.98806
-0.500238 -2.91417
0.414259 -2.27865
0.570681 -4.35626
0.450374 -0.559938
2.11847 -2.71513
-0.476379 -2.07702
0.470029 -3.18557
-0.0247983 -2.55742
0.20185 -3.5477
0.195104 -2.05682
0.586921 -3.88314
0.173958 -1.43563
1.77737 -0.0440716
0.794635 -2.20827
0.621956 -2.4867
0.458521 -4.47145
0.601641 -0.210717
1.91159 -2.83707
-0.41117 -2.81603
0.36047 -2.81249
0.0168554 -3.27148
0.203057 -2.4972
0.195266 -3.8391
0.311612 -1.52792
1.75179 -0.057663
0.840161 -1.89852
1.40967 -0.0839131
1.47842 -0.998524
1.50566 -0.546236
1.45861 -0.709309
1.54407 -0.719156
1.40153 -0.61749
1.60235 -0.884914
1.25212 -0.637946
1.72139 -1.29088
0.755945 -1.99727
1.06296 -0.49317
1.78029 -1.84895
0.838298 -4.80362
0.709389 0.358988
1.64452 -2.64995
0.103489 -4.37985
0.807019 0.103784
1.69667 -2.46956
0.302507 -4.704
0.996627 0.644172
1.45977 -1.9268
0.785612 -1.57952
1.87878 -0.643279
0.757726 -3.56867
-0.0313931 -1.89866
0.554627 -3.42788
0.00310359 -2.14403
0.471458 -4.11072
0.333665 -1.05435
2.15428 -1.78357
-0.338468 -3.67027
0.609225 -0.81473
2.07322 -2.36071
-0.427498 -3.10453
0.402486 -2.14746
0.610065 -3.82821
0.139924 -1.51336
1.543 0.132207
1.23217 -0.991976
1.7768 -1.13008
0.718447 -2.46389
0.578764 -4.53936
0.593494 -0.135952
1.88835 -2.87136
-0.404037 -2.82564
0.357437 -2.81556
0.0167067 -3.26188
0.200989 -2.51167
0.183905 -3.80475
0.301103 -1.59393
1.58846 0.0815808
1.16523 -1.03327
1.82112 -1.26643
0.732038 -3.57109
-0.0197639 -1.8945
0.555402 -3.37797
-0.0131391 -2.22702
0.397125 -4.05301
0.33191 -1.15711
2.11619 -1.48176
-0.0212936 -4.43664
1.05145 0.582325
1.46349 -1.8062
0.941536 -1.0127
1.93393 -1.76486
0.546869 -5.0686
1.23079 1.1781
1.15934 -1.69369
1.61593 -0.280981
1.2022 -0.866691
1.78492 -1.31072
0.701098 -3.07548
-0.109585 -2.94521
0.215596 -2.96558
0.0564111 -2.91271
0.127713 -3.00373
0.100773 -2.86014
0.104771 -3.08125
0.122691 -2.75329
0.101973 -3.26242
0.160084 -2.49992
0.19133 -3.78561
0.289323 -1.63585
1.45076 0.077717
1.3843 -0.976567
1.6427 -0.737193
1.16258 -0.787474
1.79569 -1.4692
0.744176 -3.78291
0.0676569 -1.54378
1.31241 0.030695
1.52345 -1.22179
1.34566 -0.4697
1.62703 -1.07775
1.12518 -0.763122
1.81041 -1.58197
0.814068 -4.36812
0.366503 -0.54858
2.16766 -2.72792
-0.465634 -1.78774
0.530196 -2.44674
0.439572 -4.41715
0.564878 -0.333686
1.97846 -2.82922
-0.443799 -2.52925
0.386306 -3.14073
0.00274735 -2.62585
0.172895 -3.44586
0.175926 -2.21774
0.478393 -4.24524
0.413981 -0.77273
2.1675 -2.42595
-0.506918 -2.37435
0.424175 -3.06464
-0.0228145 -2.77319
0.165568 -3.2122
0.118356 -2.5533
0.163637 -3.6382
0.243052 -1.90659
0.602579 -2.29037
0.640437 -4.12202
0.276108 -1.02601
2.16921 -1.77743
-0.372644 -3.56509
0.568221 -1.01577
2.09995 -2.0477
-0.340055 -3.58487
0.542968 -1.09752
2.10026 -1.87112
-0.236864 -3.92217
0.714395 -0.370854
1.9036 -2.60954
-0.309362 -3.46328
0.439936 -1.60725
1.7308 -0.0770196
0.88683 -1.66894
1.78754 -0.41823
0.790991 -2.07047
0.880309 -0.970129
1.95857 -1.912
0.257068 -4.76995
1.14205 0.886833
1.32344 -1.63689
1.46166 -0.284386
1.47295 -0.85834
1.52648 -0.624501
1.4311 -0.660486
1.57491 -0.797517
1.33193 -0.605389
1.66232 -1.0754
1.01772 -0.989541
1.89516 -1.65016
0.795871 -5.12114
1.08576 1.08835
1.27571 -1.78959
1.35013 -0.274487
1.58027 -1.10316
1.24987 -0.581222
1.71218 -1.31688
0.763239 -1.93526
1.25924 -0.183556
1.61489 -1.35093
1.00702 -0.951177
1.89602 -1.71173
0.745093 -5.13445
1.14019 1.14875
1.227 -1.74246
1.48494 -0.228553
1.42904 -0.841855
1.58923 -0.716411
1.30279 -0.646196
1.69028 -1.14276
0.902154 -1.31594
1.94693 -1.31708
0.86025 -5.13578
1.06003 1.08308
1.2885 -1.82987
1.26629 -0.343473
1.6514 -1.32002
0.91844 -1.21622
1.94981 -1.49443
0.749313 -5.18225
1.19757 1.24086
1.1577 -1.75962
1.54175 -0.212759
1.33671 -0.812885
1.68511 -0.967419
0.987562 -1.09306
1.91759 -1.58248
0.784827 -5.14873
1.12787 1.15191
1.2323 -1.75882
1.45674 -0.226877
1.46517 -0.88216
1.53784 -0.625054
1.41027 -0.654096
1.59785 -0.849052
1.26981 -0.631571
1.70955 -1.24263
0.802724 -1.71976
1.73617 -0.248374
0.896567 -1.57549
1.85805 -0.673275
0.732846 -3.22208
-0.119404 -2.60129
0.231285 -3.44642
0.150072 -2.20216
0.480494 -4.22749
0.401301 -0.812577
2.17378 -2.35535
-0.509628 -2.47131
0.413806 -2.96921
-0.0214821 -2.96232
0.171117 -2.94219
0.0749609 -2.95042
0.12124 -2.94629
0.0984821 -2.94691
0.109463 -2.94843
0.104279 -2.9449
0.106507 -2.95077
0.105885 -2.94173
0.105501 -2.95535
0.106742 -2.93502
0.104622 -2.96537
0.108033 -2.92024
0.103108 -2.98768
0.110957 -2.88766
0.100421 -3.0379
0.118387 -2.81571
0.0979495 -3.15451
0.139011 -2.65239
0.118801 -3.4564
0.20342 -2.2088
0.503949 -4.26279
0.414442 -0.743418
2.16581 -2.47141
-0.50464 -2.29609
0.434905 -3.11639
-0.021424 -2.67761
0.173624 -3.35708
0.150381 -2.34703
0.323552 -4.07608
0.377913 -1.07841
2.14127 -1.77685
-0.300155 -3.78188
0.659532 -0.597585
2.00223 -2.55033
-0.407347 -3.08919
0.38643 -2.26311
0.567282 -4.34043
0.440522 -0.593749
2.13158 -2.67716
-0.481532 -2.08372
0.469001 -3.17009
-0.0271667 -2.58568
0.194671 -3.50097
0.183136 -2.13031
0.559716 -4.16806
0.332161 -0.948404
2.18225 -2.03884
-0.479834 -3.00772
0.417053 -2.15702
0.612087 -3.84316
0.145997 -1.48971
1.617 0.114941
1.09632 -1.1463
1.8635 -1.29659
0.823379 -4.3246
0.334986 -0.627103
2.19734 -2.61157
-0.48385 -1.84345
0.514658 -2.61135
0.177594 -4.01796
0.417516 -1.09664
2.12997 -1.77507
-0.266574 -3.87122
0.702645 -0.428382
1.92858 -2.60303
-0.340394 -3.35341
0.416863 -1.81508
1.11133 -0.324908
1.71756 -1.74789
0.726449 -3.74273
0.0561161 -1.6118
1.05556 -0.356976
1.74782 -1.89085
0.826867 -4.66165
0.584267 0.0470254
1.82256 -2.91821
-0.374011 -2.95997
0.350716 -2.64764
0.0950232 -3.6631
0.28319 -1.83817
0.775705 -1.21582
2.00814 -1.61777
0.36965 -4.94223
1.24955 1.1122
1.17183 -1.6331
1.65964 -0.358016
1.10774 -0.978637
1.84891 -1.46185
0.841905 -4.52055
0.465058 -0.249372
2.01391 -2.97524
-0.43696 -2.02357
0.479913 -3.27699
-0.00876475 -2.39742
0.270336 -3.82303
0.271299 -1.58389
1.56817 0.0948815
1.19981 -1.00168
1.79838 -1.20778
0.704067 -3.01613
-0.0978968 -3.11221
0.229708 -2.72453
0.0724248 -3.36614
0.199658 -2.35164
0.337013 -4.13046
0.405072 -0.961379
2.16082 -2.07833
-0.460902 -3.0894
0.422335 -2.04029
0.592061 -2.65876
0.15815 -4.01819
0.428856 -1.07287
2.13378 -1.84653
-0.3166 -3.71685
0.620952 -0.751385
2.05753 -2.43243
-0.430966 -3.04175
0.391851 -2.28638
0.547066 -4.36767
0.469325 -0.525366
2.09841 -2.74749
-0.472029 -2.11579
0.462708 -3.23504
-0.0113978 -2.46855
0.232272 -3.70261
0.237577 -1.7988
0.806682 -1.08401
2.00025 -1.83934
0.163024 -4.66037
1.10783 0.779882
1.37659 -1.68225
1.31119 -0.351808
1.62616 -1.19494
1.07187 -0.837969
1.8487 -1.66602
0.855398 -4.93084
0.830538 0.639326
1.50793 -2.31838
0.774526 -4.62144
0.571372 -0.0305818
1.86063 -2.92882
-0.399705 -2.78339
0.35487 -2.89859
0.00266804 -3.07763
0.173194 -2.77842
0.079262 -3.23234
0.164191 -2.54749
0.16067 -3.68904
0.263396 -1.81316
0.811203 -1.07402
1.998 -1.85111
0.159612 -4.65366
1.1028 0.769218
1.3823 -1.69141
1.28788 -0.371882
1.64551 -1.25617
0.976631 -1.05467
1.92063 -1.65216
0.718451 -5.15175
1.18364 1.20201
1.18157 -1.73662
1.54572 -0.229231
1.33368 -0.806213
1.6871 -0.979605
0.977437 -1.11803
1.92338 -1.56534
0.780624 -5.15561
1.13958 1.16842
1.21995 -1.75435
1.47865 -0.223085
1.43623 -0.851355
1.57991 -0.695901
1.32491 -0.640799
1.67335 -1.08209
0.980739 -1.08453
1.92045 -1.60595
0.758541 -5.15539
1.15615 1.18204
1.20562 -1.74553
1.50756 -0.223563
1.39509 -0.821293
1.62891 -0.807559
1.1926 -0.727098
1.77007 -1.42019
0.700195 -3.18528
-0.111893 -2.66606
0.218096 -3.35608
0.129777 -2.33518
0.329397 -4.07094
0.372115 -1.09319
2.13757 -1.73012
-0.26364 -3.88958
0.718157 -0.37687
1.90354 -2.60121
-0.30396 -3.48597
0.446584 -1.55853
1.81917 -0.236354
0.751705 -2.60619
0.362194 -4.43091
0.627362 -0.212229
1.89701 -2.79868
-0.391012 -2.98343
0.361545 -2.55278
0.178363 -3.92218
0.361299 -1.33219
2.02166 -0.915064
0.827725 -5.28003
1.26042 1.37743
1.06061 -1.91328
1.3645 -0.178062
1.54456 -1.08091
1.34967 -0.509995
1.63167 -1.05629
1.11977 -0.777936
1.8156 -1.58724
0.824596 -4.44783
0.417798 -0.394744
2.09572 -2.89184
-0.444159 -1.82674
0.51554 -2.70637
0.074859 -3.7454
0.326606 -1.64957
1.47653 0.0768843
1.35198 -0.954113
1.67775 -0.834915
1.04512 -0.981893
1.88096 -1.60089
0.848854 -5.03584
0.950126 0.875665
1.3968 -2.01869
0.762929 -1.65787
1.80867 -0.387787
0.759258 -2.37524
0.661184 -4.23781
0.336235 -0.812141
2.20006 -2.31459
-0.519504 -2.37782
0.426924 -3.00741
-0.0265552 -2.88932
0.168317 -3.04496
0.0864933 -2.79233
0.113293 -3.18939
0.138538 -2.59977
0.138374 -3.56015
0.227113 -2.03939
0.587534 -3.68649
0.0869397 -1.73555
0.735255 -1.33249
2.00134 -1.35298
0.65445 -5.19251
1.29305 1.32427
1.05398 -1.87244
1.44838 -0.145287
1.45388 -0.916988
1.55346 -0.625893
1.37997 -0.651044
1.62819 -0.927248
1.17126 -0.725915
1.78099 -1.47938
0.723727 -3.58193
-0.011957 -1.87612
0.554838 -3.22699
-0.0518297 -2.50028
0.230767 -3.62671
0.209898 -1.92692
0.576129 -2.7359
0.0638894 -3.75807
0.337828 -1.61034
1.60139 0.0664967
1.144 -1.05511
1.83454 -1.2962
0.762919 -3.87815
0.10616 -1.38812
1.79268 -0.0426601
0.774704 -2.40634
0.659494 -4.36494
0.419792 -0.560731
2.13748 -2.71735
-0.474419 -1.9705
0.488398 -3.03174
-0.0476134 -2.87219
0.178412 -3.07
0.085314 -2.7534
0.117208 -3.25377
0.15081 -2.50852
0.185715 -3.75817
0.280119 -1.68812
1.26381 -0.0682534
1.58094 -1.3405
1.11725 -0.71364
1.80519 -1.62915
0.821885 -4.44674
0.41794 -0.397143
2.09635 -2.88957
-0.44458 -1.82838
0.515148 -2.71176
0.0699551 -3.72914
0.321941 -1.68169
1.3694 0.0241252
1.48315 -1.09551
1.47811 -0.49418
1.49245 -0.766389
1.4957 -0.638556
1.484 -0.68686
1.50577 -0.684441
1.47079 -0.656171
1.52281 -0.718851
1.44223 -0.626752
1.55762 -0.78653
1.3716 -0.595876
1.62792 -0.97015
1.16035 -0.731527
1.7875 -1.50611
0.742573 -3.78383
0.0687037 -1.54273
1.31801 0.0360243
1.51813 -1.20902
1.36428 -0.464014
1.61093 -1.02937
1.19083 -0.672242
1.76131 -1.45029
0.697408 -3.14762
-0.112704 -2.75572
0.211841 -3.22956
0.100451 -2.51525
0.186355 -3.6992
0.256031 -1.80006
0.836216 -0.983934
1.98082 -1.95363
0.114676 -4.57136
1.04641 0.641958
1.44536 -1.81282
0.973911 -0.916536
1.9073 -1.81142
0.601513 -5.09102
1.20762 1.1733
1.1772 -1.69991
1.59179 -0.265571
1.25227 -0.826134
1.74939 -1.19794
0.73841 -2.18305
0.621118 -2.44338
0.528081 -4.50039
0.586749 -0.196446
1.91524 -2.86298
-0.417931 -2.73187
0.363279 -2.9333
-0.00276769 -3.00997
0.166663 -2.87361
0.0752292 -3.0629
0.134452 -2.78576
0.0934563 -3.20836
0.152136 -2.57821
0.145668 -3.61435
0.242437 -1.94629
0.577841 -2.75176
0.0496349 -3.71311
0.32519 -1.6993
1.31857 -0.019616
1.53422 -1.20475
1.32704 -0.486252
1.64424 -1.12466
1.05176 -0.898088
1.86744 -1.66506
0.839588 -5.03415
0.953723 0.876639
1.39543 -2.01077
0.77537 -1.59343
1.86908 -0.594295
0.744544 -3.37336
-0.0935484 -2.27054
0.360281 -3.92374
0.280359 -1.40485
1.91905 -0.419243
0.843841 -4.18404
0.242327 -0.867029
2.2199 -2.11392
-0.525399 -2.60417
0.411081 -2.73469
0.0423016 -3.51585
0.256455 -2.09646
0.595065 -3.95262
0.204153 -1.32257
1.97023 -0.552567
0.946209 -4.89487
0.751439 0.534036
1.56785 -2.52291
0.478303 -4.84245
0.997427 0.743644
1.42668 -1.91708
0.858392 -1.25938
1.97184 -1.47386
0.68188 -5.1812
1.25324 1.28442
1.10113 -1.79742
1.54016 -0.181583
1.33171 -0.826199
1.69052 -0.973603
0.968972 -1.14346
1.92793 -1.54205
0.784039 -5.15954
1.14194 1.1742
1.21651 -1.75518
1.4819 -0.221857
1.43154 -0.847649
1.58607 -0.707853
1.31049 -0.644343
1.68453 -1.12155
0.929069 -1.2298
1.94433 -1.45668
0.793839 -5.17504
1.15401 1.19917
1.20037 -1.75873
1.49683 -0.216811
1.40934 -0.832898
1.61323 -0.766382
1.23972 -0.683208
1.7365 -1.308
0.724848 -2.26918
0.621017 -3.50463
0.00144322 -2.01264
0.550714 -3.93001
0.209596 -1.37122
1.91483 -0.365879
0.836553 -4.11984
0.207788 -0.976405
2.19139 -1.80445
-0.43055 -3.34762
0.495632 -1.44498
1.96567 -0.758803
0.934097 -4.92067
0.782382 0.592225
1.53807 -2.44002
0.665012 -4.91737
0.933913 0.728636
1.44984 -2.06327
0.670894 -2.43915
0.575528 -4.51538
0.574144 -0.192312
1.92139 -2.88183
-0.423501 -2.65602
0.368327 -3.03229
-0.00328442 -2.81761
0.154814 -3.14706
0.10999 -2.64787
0.128816 -3.44965
0.196897 -2.21864
0.489655 -4.26028
0.419074 -0.743734
2.16353 -2.4724
-0.504119 -2.30808
0.432968 -3.11383
-0.0209763 -2.68192
0.172808 -3.35048
0.148976 -2.35667
0.313257 -4.05762
0.371823 -1.11431
2.13075 -1.67138
-0.206647 -4.03894
0.80459 -0.0872341
1.76344 -2.48761
0.104654 -4.43683
0.876946 0.275713
1.61446 -2.27831
0.760124 -4.89618
0.846394 0.608515
1.51353 -2.2862
0.7729 -4.51626
0.486828 -0.256877
2.00189 -2.95162
-0.44119 -2.13077
0.458126 -3.35937
0.023538 -2.2645
0.371287 -4.052
0.342401 -1.15199
2.1183 -1.51551
-0.0545813 -4.373
1.01195 0.486817
1.50658 -1.91146
0.729418 -1.93143
1.23661 -0.202406
1.63146 -1.4117
0.912207 -1.21419
1.95266 -1.5057
0.730223 -5.18152
1.2122 1.25193
1.14359 -1.7641
1.54952 -0.209472
1.32215 -0.815606
1.69755 -1.00647
0.936377 -1.23419
1.9408 -1.4394
0.81445 -5.16392
1.12518 1.16499
1.22882 -1.76913
1.44739 -0.224629
1.47575 -0.898393
1.52025 -0.600445
1.44013 -0.674383
1.56534 -0.771846
1.35542 -0.604706
1.64336 -1.01067
1.10122 -0.823171
1.83213 -1.60511
0.851044 -4.67673
0.587679 0.0760718
1.80919 -2.91466
-0.363616 -3.02017
0.351734 -2.55461
0.173415 -3.90263
0.353402 -1.37362
1.98651 -0.731924
0.941008 -5.09272
0.963186 0.959726
1.36491 -1.99349
0.846535 -1.27387
1.97484 -1.45296
0.687183 -5.1862
1.2551 1.29001
1.09755 -1.80428
1.53287 -0.176378
1.34278 -0.828482
1.68107 -0.941658
1.008 -1.04549
1.90484 -1.60552
0.802412 -5.12799
1.08953 1.09863
1.27032 -1.78761
1.36151 -0.266146
1.56934 -1.07577
1.28915 -0.551474
1.6827 -1.21376
0.88917 -1.34521
1.94717 -1.26437
0.878352 -5.10714
1.01495 1.01469
1.32939 -1.89519
1.0813 -0.625954
1.80362 -1.76055
0.846143 -4.78024
0.683408 0.304303
1.67504 -2.71494
-0.0452154 -4.09407
0.65432 -0.43039
1.95657 -2.66902
-0.400879 -3.03813
0.373853 -2.40398
0.373144 -4.27751
0.489208 -0.630801
2.10988 -2.62646
-0.484877 -2.30906
0.428929 -3.19128
-0.0062126 -2.54181
0.200524 -3.58216
0.207274 -2.00209
0.579461 -3.47678
0.00914381 -2.06216
0.531402 -4.04732
0.275627 -1.17462
2.10473 -1.31674
0.154797 -4.72993
1.22074 0.961302
1.25171 -1.55505
1.63282 -0.386422
1.17927 -0.861509
1.79732 -1.37649
0.721077 -3.49687
-0.0436364 -2.02589
0.533178 -3.9622
0.231719 -1.32211
1.98492 -0.630491
0.950982 -5.05267
0.913708 0.872179
1.40837 -2.09986
0.671951 -2.36952
0.641067 -4.36286
0.425625 -0.562609
2.13429 -2.71489
-0.475258 -1.99257
0.484684 -3.07194
-0.0451285 -2.78422
0.176334 -3.19519
0.109526 -2.57407
0.155733 -3.5908
0.229785 -1.98839
0.575908 -3.25597
-0.0543744 -2.45034
0.252024 -3.70421
0.229838 -1.7961
0.800814 -1.1038
2.00307 -1.8118
0.181309 -4.68986
1.12569 0.820376
1.35484 -1.65281
1.3887 -0.304605
1.55544 -1.00295
1.34535 -0.535758
1.63984 -1.06068
1.09321 -0.826633
1.83658 -1.62252
0.85672 -4.7578
0.657813 0.251916
1.70579 -2.77527
-0.162239 -3.80763
0.52057 -1.02211
2.11667 -2.0221
-0.363686 -3.51547
0.522017 -1.22236
2.07739 -1.54224
0.107207 -4.62926
1.14041 0.808351
1.35266 -1.62378
1.42379 -0.29995
1.52008 -0.925366
1.43738 -0.546814
1.55275 -0.826235
1.37951 -0.581117
1.61841 -0.954417
1.19221 -0.689493
1.76374 -1.43897
0.697859 -3.14646
-0.112853 -2.75899
0.211806 -3.22497
0.0994094 -2.52175
0.182988 -3.68562
0.252259 -1.8243
0.761807 -1.26487
2.00686 -1.51567
0.480917 -5.05957
1.28754 1.22336
1.0974 -1.74381
1.61355 -0.237255
1.19882 -0.884472
1.78894 -1.30727
0.703072 -3.13424
-0.114347 -2.79405
0.211894 -3.17587
0.0886161 -2.59171
0.153774 -3.54372
0.214879 -2.06718
0.589598 -3.89366
0.177887 -1.41829
1.81417 -0.107942
0.756638 -2.63766
0.308174 -4.36241
0.601384 -0.331191
1.95501 -2.78773
-0.428505 -2.74367
0.367693 -2.88421
0.000448297 -3.11636
0.180546 -2.72418
0.0866636 -3.33847
0.185852 -2.39228
0.287887 -4.03797
0.372377 -1.14384
2.1203 -1.58693
-0.112864 -4.25193
0.934377 0.289159
1.59259 -2.13677
0.769643 -4.32255
0.3515 -0.640816
2.18983 -2.59916
-0.48813 -1.90941
0.499747 -2.81584
-0.00235401 -3.41312
0.247277 -2.26389
0.469912 -4.28895
0.448079 -0.66981
2.14023 -2.58168
-0.492847 -2.22869
0.443995 -3.18068
-0.0147328 -2.56202
0.19677 -3.54453
0.196269 -2.06251
0.586923 -3.9103
0.186752 -1.39277
1.86552 -0.220808
0.759264 -3.35416
-0.104494 -2.31683
0.332679 -3.85778
0.260839 -1.5253
1.69655 0.0259384
0.944391 -1.48902
1.88433 -0.879166
0.782275 -3.8882
0.103971 -1.36653
1.83041 -0.108669
0.75063 -2.87922
-0.0232969 -3.59569
0.315132 -1.88913
0.699876 -1.57983
1.88151 -0.576207
0.761897 -3.58375
-0.0270298 -1.87197
0.55342 -3.23349
-0.0499324 -2.4873
0.235109 -3.64838
0.215914 -1.89094
0.601127 -2.28755
0.640085 -4.10915
0.269112 -1.04866
2.16135 -1.7038
-0.319099 -3.74834
0.653972 -0.631477
2.01394 -2.52752
-0.412468 -3.07789
0.387337 -2.27123
0.559949 -4.35161
0.451739 -0.566595
2.11911 -2.70741
-0.477494 -2.08954
0.467803 -3.19253
-0.0225364 -2.54436
0.205215 -3.57008
0.201133 -2.02099
0.583666 -3.64371
0.0709181 -1.80136
0.603586 -2.15858
0.598145 -2.90301
-0.0471409 -3.29988
0.240458 -2.44159
0.253939 -4.00921
0.372175 -1.18748
2.10302 -1.45257
0.0601888 -4.57295
1.12654 0.761051
1.37554 -1.64367
1.35852 -0.326874
1.58619 -1.07342
1.24486 -0.594512
1.71759 -1.32688
0.748607 -2.03963
0.924767 -0.825732
1.9161 -1.98593
0.339489 -4.85121
1.15656 0.953402
1.29168 -1.63344
1.51529 -0.284232
1.39738 -0.793752
1.62481 -0.816568
1.20263 -0.711825
1.76211 -1.39971
0.695261 -2.9789
-0.0846914 -3.20832
0.239717 -2.57841
0.138047 -3.69754
0.276843 -1.7895
0.909146 -0.761002
1.91109 -2.06586
0.250739 -4.73476
1.10007 0.81115
1.36871 -1.70063
1.30436 -0.351836
1.6306 -1.21362
1.04775 -0.88609
1.86766 -1.68424
0.830256 -5.05299
0.981244 0.922778
1.37173 -1.95278
0.902792 -1.08456
1.957 -1.72824
0.488028 -5.03248
1.24239 1.16361
1.15665 -1.67808
1.63392 -0.303402
1.16397 -0.906624
1.8112 -1.38353
0.744584 -3.75096
0.0527297 -1.59458
1.10798 -0.254629
1.7 -1.75979
0.707639 -3.54905
-0.0182903 -1.93319
0.557606 -3.61181
0.0688725 -1.85678
0.565656 -2.7595
0.0401395 -3.6701
0.312115 -1.78617
0.992658 -0.550642
1.82427 -2.00292
0.659938 -5.07005
1.12761 1.07948
1.25936 -1.72405
1.46386 -0.243118
1.46037 -0.866444
1.54561 -0.641298
1.39631 -0.645846
1.61146 -0.887082
1.22719 -0.66372
1.74028 -1.35175
0.708685 -2.45963
0.577123 -4.53501
0.590512 -0.145516
1.89376 -2.87326
-0.407656 -2.79756
0.358554 -2.85395
0.00790261 -3.17637
0.187632 -2.63783
0.11233 -3.51804
0.225131 -2.1085
0.585888 -4.06555
0.265082 -1.13478
2.1241 -1.43157
-0.0205934 -4.44613
1.06412 0.607009
1.45125 -1.77513
1.01458 -0.821005
1.87296 -1.80918
0.724675 -5.11577
1.13267 1.12476
1.23994 -1.73876
1.47256 -0.233241
1.4468 -0.856483
1.56544 -0.671715
1.3568 -0.637856
1.64723 -0.994606
1.09494 -0.839079
1.8377 -1.60949
0.856432 -4.74018
0.641772 0.213223
1.72793 -2.8114
-0.224737 -3.62077
0.452806 -1.41535
1.97992 -0.788204
0.93683 -5.06122
0.930201 0.894593
1.39631 -2.0627
0.711613 -1.97601
1.07678 -0.455093
1.76505 -1.82188
0.827699 -4.60762
0.538559 -0.0691079
1.89585 -2.96954
-0.419825 -2.53484
0.37706 -3.20044
0.0183769 -2.52586
0.199045 -3.62272
0.222077 -1.93535
0.576402 -2.75524
0.0461828 -3.70027
0.32148 -1.72491
1.22467 -0.126415
1.61675 -1.44441
0.929241 -1.1501
1.94647 -1.59175
0.678587 -5.15911
1.22721 1.24505
1.13571 -1.75469
1.56872 -0.21833
1.28844 -0.822068
1.72412 -1.09788
0.826962 -1.63814
1.82604 -0.485953
0.739127 -2.6235
0.319495 -4.37115
0.601422 -0.322118
1.95183 -2.79209
-0.427337 -2.7477
0.367154 -2.88109
0.00104475 -3.12279
0.181336 -2.71502
0.0886217 -3.35684
0.189665 -2.36455
0.318565 -4.09484
0.391699 -1.03242
2.15081 -1.90744
-0.385593 -3.47896
0.523107 -1.24133
2.07133 -1.48909
0.182552 -4.74198
1.19976 0.942761
1.27185 -1.57036
1.59682 -0.348597
1.25726 -0.794266
1.74226 -1.20268
0.748999 -2.08662
0.794145 -1.26879
1.99504 -1.495
0.558501 -5.11965
1.28839 1.26578
1.08013 -1.79394
1.56049 -0.182289
1.29534 -0.833213
1.72015 -1.07159
0.847297 -1.55119
1.88627 -0.745224
0.774525 -3.77523
0.0522871 -1.54896
1.26421 -0.019029
1.56669 -1.33928
1.16002 -0.640384
1.77054 -1.54797
0.729193 -3.67367
0.0243289 -1.72239
0.6873 -1.5467
1.90819 -0.674191
0.818455 -4.09113
0.197751 -1.02953
2.16975 -1.63674
-0.310632 -3.78908
0.682075 -0.527298
1.97011 -2.57554
-0.380066 -3.20425
0.396009 -2.0758
0.587545 -3.22508
-0.0653551 -2.51528
0.230226 -3.59625
0.199354 -1.97605
0.574102 -3.28716
-0.046364 -2.39055
0.280368 -3.80334
0.258485 -1.62159
1.43709 0.0793514
1.39968 -0.992889
1.62345 -0.689727
1.21818 -0.727708
1.75619 -1.34852
0.698606 -2.70818
0.15095 -4.05889
0.46063 -0.95428
2.14369 -2.12918
-0.450943 -3.11371
0.421339 -2.02268
0.60186 -2.45236
0.4967 -4.48364
0.589777 -0.213646
1.91982 -2.85276
-0.41882 -2.73841
0.363558 -2.92048
-0.00205717 -3.03668
0.169713 -2.83628
0.0751367 -3.12745
0.145183 -2.69559
0.104767 -3.37643
0.187336 -2.33319
0.352602 -4.14516
0.406901 -0.936983
2.16354 -2.12976
-0.476497 -2.97281
0.408281 -2.25581
0.586922 -4.31596
0.415194 -0.651643
2.15607 -2.60253
-0.491319 -2.09606
0.46727 -3.13841
-0.0315089 -2.64477
0.183448 -3.40598
0.159539 -2.27399
0.40695 -4.19202
0.411426 -0.859992
2.16831 -2.27843
-0.502954 -2.65529
0.400522 -2.75841
0.0306311 -3.44228
0.23988 -2.22361
0.51091 -4.286
0.427182 -0.694671
2.15492 -2.54563
-0.497623 -2.21527
0.446974 -3.16067
-0.0196121 -2.5985
0.188382 -3.48299
0.18029 -2.15882
0.537584 -4.21728
0.370752 -0.848436
2.18459 -2.27394
-0.512543 -2.55551
0.408204 -2.85911
-0.00546581 -3.20414
0.199677 -2.59788
0.129092 -3.61355
0.249527 -1.94463
0.580194 -2.68901
0.114899 -3.90657
0.386129 -1.30704
2.0429 -1.06418
0.66266 -5.24065
1.34919 1.4015
0.978795 -2.08476
0.954367 -0.803396
1.898 -1.94767
0.465832 -4.97742
1.19024 1.07349
1.2271 -1.64636
1.58928 -0.29969
1.26447 -0.805832
1.73895 -1.17552
0.764317 -1.97889
1.12888 -0.371011
1.72248 -1.69686
0.712826 -3.57319
-0.0109321 -1.89159
0.555909 -3.33843
-0.0250339 -2.29517
0.341386 -3.96198
0.307144 -1.328
2.0099 -0.803452
0.89729 -5.24253
1.16484 1.27741
1.16448 -1.80773
1.46789 -0.192738
1.44261 -0.874867
1.57112 -0.670138
1.34449 -0.641696
1.6581 -1.027
1.05012 -0.924804
1.87184 -1.64519
0.842395 -5.03516
0.953192 0.877411
1.39533 -2.01194
0.773919 -1.60061
1.86334 -0.571031
0.739137 -3.26403
-0.115923 -2.50699
0.252245 -3.58392
0.185665 -1.99158
0.577521 -3.47736
0.0101753 -2.06145
0.53214 -4.04635
0.274836 -1.17629
2.10376 -1.30924
0.165317 -4.74521
1.22847 0.978175
1.24003 -1.5563
1.64553 -0.397966
1.14891 -0.900279
1.81865 -1.42769
0.772924 -4.00704
0.168008 -1.18053
2.08083 -1.04464
0.475459 -5.12053
1.37827 1.33604
0.974199 -2.04392
1.06438 -0.544781
1.79231 -1.83143
0.840226 -4.84903
0.753418 0.460796
1.59237 -2.53213
0.416152 -4.79381
0.994908 0.703653
1.44068 -1.92534
0.8208 -1.4119
1.95462 -1.13685
0.901413 -5.06773
0.956314 0.921185
1.37986 -2.00601
0.804358 -1.45077
1.94564 -1.03269
0.913023 -4.91363
0.78463 0.581892
1.54084 -2.43664
0.666439 -4.91864
0.934374 0.730438
1.44913 -2.06202
0.671908 -2.42272
0.596692 -4.49728
0.547976 -0.247768
1.95844 -2.89233
-0.438454 -2.46605
0.392267 -3.22582
0.0172816 -2.48388
0.2181 -3.69557
0.2409 -1.81049
0.779896 -1.18751
2.00896 -1.67322
0.306322 -4.86601
1.21778 1.03282
1.22557 -1.59707
1.63254 -0.35962
1.17624 -0.873413
1.80049 -1.37614
0.725422 -3.54924
-0.0256446 -1.93268
0.556612 -3.61841
0.071878 -1.84713
0.569789 -2.64665
0.161849 -4.01408
0.42406 -1.08816
2.13102 -1.80371
-0.285903 -3.8135
0.67069 -0.548386
1.98257 -2.57504
-0.39441 -3.13754
0.388656 -2.19261
0.610357 -4.1308
0.291855 -1.01505
2.17143 -1.82934
-0.398492 -3.45977
0.525702 -1.24278
2.07049 -1.48748
0.188057 -4.74948
1.2032 0.950857
1.26668 -1.56972
1.60395 -0.353923
1.24236 -0.804318
1.75301 -1.23904
0.722148 -2.33976
0.654114 -4.1088
0.263931 -1.04642
2.16241 -1.7018
-0.321086 -3.74325
0.65192 -0.64034
2.01725 -2.52167
-0.414159 -3.07294
0.387417 -2.27671
0.554351 -4.35808
0.458942 -0.550039
2.1109 -2.72431
-0.475217 -2.09843
0.466089 -3.20947
-0.0184092 -2.51372
0.214827 -3.6228
0.215315 -1.9346
0.575146 -2.78754
0.0194932 -3.60175
0.296165 -1.91517
0.63216 -2.02493
0.817467 -1.14563
1.99563 -1.7254
0.311915 -4.86423
1.20831 1.02124
1.23621 -1.59921
1.61867 -0.347174
1.20751 -0.840047
1.77856 -1.31418
0.698917 -2.9771
-0.0843138 -3.21825
0.241447 -2.56246
0.14884 -3.73624
0.287569 -1.71735
1.17893 -0.184805
1.65293 -1.56878
0.74748 -1.95206
1.19342 -0.264863
1.66792 -1.52811
0.743605 -1.99749
1.04824 -0.520879
1.7933 -1.87871
0.827626 -4.93917
0.854404 0.670487
1.49088 -2.25702
0.747364 -4.23686
0.305499 -0.801448
2.21217 -2.3089
-0.52299 -2.3092
0.436743 -3.02961
-0.0296219 -2.84837
0.168366 -3.10318
0.0954764 -2.70707
0.119883 -3.33608
0.169696 -2.39029
0.285305 -4.02132
0.364013 -1.18
2.10629 -1.46299
0.0370903 -4.53536
1.10597 0.713206
1.4005 -1.68177
1.26068 -0.405518
1.669 -1.32708
0.863405 -1.41541
1.93979 -1.11295
0.907549 -4.93331
0.807353 0.626575
1.51896 -2.37522
0.752258 -4.82128
0.77087 0.437343
1.59445 -2.49629
0.479744 -4.85405
1.01101 0.770597
1.41357 -1.88585
0.93207 -1.0152
1.93863 -1.77738
0.511675 -5.04233
1.23099 1.15954
1.16651 -1.6781
1.62454 -0.297595
1.18531 -0.880922
1.79631 -1.34636
0.714037 -3.38274
-0.0785319 -2.24156
0.379824 -3.96993
0.295171 -1.31886
2.01353 -0.810713
0.886688 -5.25677
1.18929 1.30853
1.13737 -1.82303
1.47098 -0.18005
1.43534 -0.874352
1.5811 -0.685227
1.32229 -0.645431
1.67604 -1.08769
0.970027 -1.11327
1.92676 -1.58453
0.755674 -5.1612
1.16575 1.19551
1.19493 -1.74578
1.51969 -0.222582
1.37595 -0.813969
1.64863 -0.860645
1.12692 -0.813221
1.81788 -1.54681
0.81472 -4.35829
0.359766 -0.566836
2.17498 -2.70307
-0.469436 -1.79575
0.527788 -2.46943
0.40027 -4.38038
0.556772 -0.391504
2.00312 -2.80266
-0.451863 -2.475
0.395394 -3.1765
0.00538149 -2.56529
0.188661 -3.54807
0.200975 -2.05792
0.587725 -3.87571
0.170194 -1.44702
1.75 -0.00391086
0.836759 -1.93809
1.30604 -0.154036
1.57995 -1.2286
1.19147 -0.620903
1.75119 -1.46859
0.693577 -3.04789
-0.103603 -3.01184
0.219079 -2.87153
0.0534502 -3.0755
0.147252 -2.77276
0.0898372 -3.23459
0.159585 -2.54208
0.164254 -3.69619
0.264581 -1.80067
0.850281 -0.938865
1.96922 -1.9914
0.116783 -4.56751
1.03811 0.62703
1.45293 -1.83287
0.927579 -1.04734
1.94333 -1.74339
0.531314 -5.06189
1.23745 1.1795
1.15398 -1.69306
1.62161 -0.284439
1.18975 -0.879731
1.79364 -1.33529
0.709563 -3.30212
-0.0975431 -2.40664
0.284002 -3.74084
0.230959 -1.7322
1.0055 -0.503191
1.8067 -1.98751
0.726439 -5.06794
1.07121 1.02226
1.30557 -1.79288
1.29552 -0.325443
1.62995 -1.24144
1.0335 -0.912388
1.87825 -1.69297
0.805715 -5.09616
1.04851 1.02979
1.31187 -1.83526
1.217 -0.407481
1.69225 -1.4496
0.740387 -2.0556
0.868696 -0.994608
1.96655 -1.89788
0.240205 -4.75163
1.1373 0.87019
1.33172 -1.64116
1.44314 -0.286715
1.49568 -0.890228
1.48687 -0.579346
1.49154 -0.722173
1.49591 -0.658667
1.48526 -0.678653
1.50328 -0.685865
1.47502 -0.658476
1.51695 -0.710591
1.4526 -0.634612
1.54538 -0.761922
1.39843 -0.601937
1.60332 -0.898461
1.24695 -0.639408
1.72468 -1.30508
0.744375 -2.08297
0.798674 -1.24913
1.99597 -1.53576
0.514027 -5.08243
1.28356 1.23545
1.09596 -1.75535
1.60056 -0.222886
1.22432 -0.863649
1.77133 -1.2519
0.703771 -2.67242
0.208308 -4.17699
0.511371 -0.710083
2.11098 -2.52539
-0.486419 -2.51612
0.402105 -3.013
-0.0174075 -2.86651
0.162641 -3.07679
0.0938865 -2.74659
0.114442 -3.26706
0.155228 -2.49044
0.197996 -3.80048
0.292849 -1.60858
1.53601 0.092534
1.25746 -0.96148
1.75763 -1.08689
0.755619 -2.07902
0.820803 -1.16638
1.99364 -1.68521
0.366324 -4.92862
1.23419 1.08808
1.19257 -1.62152
1.64865 -0.356817
1.13575 -0.932251
1.82936 -1.43509
0.797018 -4.18897
0.260483 -0.872833
2.2146 -2.12305
-0.52247 -2.6254
0.409345 -2.71713
0.052507 -3.55955
0.265876 -2.01924
0.581294 -3.3653
-0.0280883 -2.24986
0.376392 -4.01403
0.319474 -1.23145
2.07862 -1.20507
0.376763 -5.00764
1.33411 1.23061
1.05351 -1.7952
1.57575 -0.178904
1.26521 -0.8486
1.74324 -1.14723
0.765201 -1.98286
1.11757 -0.391045
1.7322 -1.72485
0.738574 -3.84384
0.0986047 -1.44923
1.64752 0.113519
1.03126 -1.27714
1.89214 -1.22161
0.86149 -4.56058
0.488851 -0.167672
1.96685 -2.99634
-0.433101 -2.17685
0.447273 -3.39935
0.0405066 -2.20478
0.430189 -4.12694
0.360296 -1.01239
2.16184 -1.92189
-0.4136 -3.37013
0.48958 -1.4572
1.95436 -0.700865
0.920963 -4.76828
0.641654 0.264883
1.70843 -2.80735
-0.197525 -3.69875
0.476904 -1.2591
2.06968 -1.38141
0.283868 -4.88301
1.27071 1.09866
1.16105 -1.61695
1.68241 -0.393211
1.05134 -1.08032
1.8855 -1.47645
0.875408 -4.91316
0.801864 0.592221
1.53206 -2.39427
0.727266 -4.87939
0.848042 0.59027
1.51908 -2.28553
0.774978 -4.5415
0.505684 -0.203848
1.9695 -2.96099
-0.437521 -2.25023
0.431446 -3.37816
0.0409029 -2.24029
0.397164 -4.09765
0.357287 -1.06405
2.14835 -1.78885
-0.32558 -3.70686
0.624178 -0.746346
2.0549 -2.4362
-0.429144 -3.04922
0.392096 -2.27585
0.558496 -4.35679
0.456142 -0.554501
2.11367 -2.72005
-0.475783 -2.09251
0.467197 -3.20226
-0.0203568 -2.52675
0.210578 -3.60017
0.209155 -1.972
0.573415 -3.20303
-0.0636937 -2.55439
0.217633 -3.5363
0.184482 -2.07188
0.583598 -3.97684
0.220302 -1.28601
2.01425 -0.750871
0.900203 -5.2543
1.17726 1.2983
1.14895 -1.81851
1.46707 -0.185249
1.44172 -0.878176
1.57232 -0.670123
1.34186 -0.642544
1.66036 -1.03397
1.04048 -0.945018
1.87908 -1.64751
0.830621 -5.06877
0.999495 0.956832
1.3544 -1.91767
0.995049 -0.822586
1.8824 -1.84993
0.650089 -5.10179
1.17738 1.15378
1.20394 -1.70772
1.55427 -0.249423
1.32292 -0.799436
1.69537 -1.01346
0.940457 -1.21958
1.93978 -1.4601
0.8047 -5.1667
1.13564 1.17618
1.21916 -1.76327
1.46784 -0.220832
1.44982 -0.866829
1.56106 -0.660419
1.3658 -0.640039
1.63969 -0.969339
1.12577 -0.788454
1.81443 -1.56542
0.815193 -4.36937
0.366966 -0.546046
2.1669 -2.73119
-0.465065 -1.78554
0.530966 -2.43833
0.453865 -4.42808
0.565923 -0.318514
1.97251 -2.83631
-0.441842 -2.53982
0.384504 -3.13396
0.00238319 -2.6374
0.170488 -3.42682
0.171407 -2.24656
0.444067 -4.22901
0.418709 -0.794298
2.16593 -2.39338
-0.506762 -2.44766
0.415341 -3.00471
-0.0224468 -2.88918
0.166195 -3.0449
0.0874952 -2.79278
0.112821 -3.18877
0.138637 -2.60077
0.137933 -3.55823
0.226672 -2.04262
0.588138 -3.71035
0.0967162 -1.69935
0.848459 -0.904153
1.96552 -2.03349
0.0816989 -4.50648
1.00036 0.533721
1.49475 -1.93208
0.726677 -1.94095
1.20465 -0.243995
1.65746 -1.498
0.782572 -1.75159
1.68675 -0.160731
1.00683 -1.25107
1.90663 -1.30711
0.888183 -4.85496
0.736999 0.459119
1.59875 -2.57013
0.331661 -4.70154
0.961645 0.589504
1.4876 -2.01579
0.673999 -2.4472
0.567072 -4.5213
0.583799 -0.172441
1.90801 -2.87505
-0.415923 -2.73173
0.362414 -2.93902
-0.00274449 -2.99782
0.165214 -2.89057
0.0758586 -3.03442
0.130068 -2.82572
0.092395 -3.13923
0.138836 -2.67508
0.11212 -3.41249
0.193839 -2.2776
0.42067 -4.22621
0.427814 -0.788722
2.16156 -2.40569
-0.505125 -2.45113
0.414483 -3.00821
-0.0220826 -2.88163
0.165643 -3.05556
0.0892566 -2.7771
0.113211 -3.21483
0.143987 -2.56423
0.153944 -3.63646
0.246692 -1.9082
0.603262 -2.28479
0.639913 -4.08626
0.256689 -1.08838
2.14521 -1.56477
-0.192133 -4.09341
0.850044 0.0418001
1.70161 -2.37892
0.450621 -4.87117
1.06209 0.849521
1.36971 -1.77999
1.19201 -0.465674
1.71775 -1.50961
0.692464 -2.66516
0.211988 -4.17864
0.510224 -0.710722
2.11171 -2.52477
-0.486717 -2.51311
0.402482 -3.01535
-0.0174687 -2.86198
0.162523 -3.08327
0.0949712 -2.73719
0.115243 -3.28342
0.158745 -2.467
0.215547 -3.85323
0.308992 -1.508
1.78644 -0.111247
0.785591 -2.25347
0.610157 -3.06762
-0.0859584 -2.8795
0.198786 -3.05951
0.0741483 -2.76561
0.120776 -3.23163
0.144061 -2.53873
0.167709 -3.68906
0.26029 -1.81489
0.800835 -1.11162
2.00308 -1.79853
0.195982 -4.71157
1.13741 0.847874
1.33976 -1.63632
1.4341 -0.291397
1.50696 -0.906445
1.46493 -0.561913
1.52029 -0.765469
1.44721 -0.610167
1.54944 -0.782417
1.38929 -0.594971
1.61132 -0.924202
1.21968 -0.662542
1.74422 -1.37348
0.701095 -2.59318
0.341961 -4.38571
0.599162 -0.311094
1.94935 -2.80017
-0.42717 -2.73889
0.367164 -2.89587
-0.000878729 -3.09085
0.177048 -2.76031
0.0806288 -3.26757
0.17148 -2.4969
0.193605 -3.80408
0.296415 -1.59954
1.5664 0.0883604
1.20526 -0.994224
1.79452 -1.20021
0.703246 -2.92953
-0.0624257 -3.36603
0.263711 -2.31899
0.411868 -4.25985
0.455678 -0.704049
2.14066 -2.53625
-0.495989 -2.31809
0.429758 -3.14303
-0.0153428 -2.6274
0.179934 -3.43781
0.170385 -2.22819
0.46392 -4.23787
0.415561 -0.783256
2.16711 -2.40986
-0.507104 -2.40814
0.419948 -3.03829
-0.0230116 -2.82345
0.16469 -3.13879
0.103667 -2.65699
0.128268 -3.42966
0.191342 -2.24953
0.451927 -4.24624
0.426734 -0.758905
2.16069 -2.45171
-0.504263 -2.36607
0.42463 -3.08141
-0.0214324 -2.74095
0.166756 -3.26032
0.128872 -2.48559
0.201772 -3.78386
0.28392 -1.64299
1.41883 0.0643398
1.42436 -1.0142
1.58902 -0.622868
1.30334 -0.675114
1.69442 -1.12953
0.896069 -1.34107
1.94521 -1.26792
0.879975 -5.09896
1.00445 0.996709
1.33916 -1.91285
1.03173 -0.731642
1.84819 -1.8296
0.77271 -5.08746
1.06103 1.03192
1.30623 -1.81334
1.26258 -0.355113
1.65623 -1.32894
0.898493 -1.28245
1.95292 -1.39023
0.810096 -5.18073
1.14914 1.20097
1.20245 -1.76453
1.4867 -0.215192
1.42329 -0.84407
1.59658 -0.727951
1.28459 -0.654924
1.70405 -1.19135
0.840584 -1.54863
1.88938 -0.752243
0.78124 -3.83539
0.07842 -1.45083
1.61257 0.135597
1.0989 -1.14909
1.86207 -1.28728
0.817786 -4.28281
0.310341 -0.703613
2.21407 -2.48062
-0.505038 -1.98565
0.486782 -2.9205
-0.0363737 -3.12836
0.201148 -2.70871
0.0845602 -3.38069
0.19785 -2.32863
0.362694 -4.16552
0.415232 -0.895747
2.16473 -2.21529
-0.492954 -2.80106
0.398624 -2.54799
0.197803 -3.99301
0.391251 -1.18003
2.1055 -1.50578
0.00812975 -4.48183
1.07174 0.635857
1.43909 -1.75623
1.07063 -0.696551
1.82337 -1.75556
0.84642 -4.91112
0.81431 0.59865
1.52617 -2.36379
0.756562 -4.81606
0.763076 0.422685
1.60219 -2.5171
0.425756 -4.80725
1.00283 0.724498
1.43142 -1.90597
0.865683 -1.23567
1.97109 -1.51491
0.64853 -5.16346
1.26001 1.27551
1.09931 -1.78982
1.55236 -0.187264
1.31154 -0.82659
1.70708 -1.02985
0.899642 -1.35304
1.94152 -1.23818
0.89152 -5.05596
0.948494 0.899967
1.38922 -2.02245
0.767931 -1.62765
1.83959 -0.483112
0.73374 -2.8433
0.00502109 -3.68506
0.336087 -1.71701
1.28157 -0.0600518
1.56876 -1.29488
1.184 -0.614832
1.75372 -1.49153
0.696795 -3.17847
-0.111263 -2.67991
0.216271 -3.33654
0.125279 -2.36332
0.300741 -4.01731
0.354537 -1.1974
2.09853 -1.39044
0.129833 -4.68467
1.18944 0.900308
1.29401 -1.56745
1.56908 -0.33383
1.31233 -0.769839
1.70054 -1.05936
0.907681 -1.31711
1.94447 -1.3093
0.867546 -5.12061
1.0374 1.048
1.30971 -1.85992
1.17904 -0.456119
1.72158 -1.54746
0.687898 -2.88238
-0.0344856 -3.48824
0.284347 -2.10503
0.598863 -3.93043
0.19198 -1.35716
1.92094 -0.374896
0.850792 -4.21556
0.258737 -0.81141
2.22623 -2.24538
-0.529247 -2.32977
0.435391 -2.99104
-0.0293798 -2.92829
0.172274 -2.99041
0.0781929 -2.87448
0.115561 -3.05931
0.114013 -2.78194
0.102248 -3.21078
0.1484 -2.57268
0.149001 -3.62272
0.243932 -1.93195
0.584155 -2.58046
0.266698 -4.22501
0.511407 -0.6561
2.10177 -2.59136
-0.483829 -2.42945
0.410861 -3.11205
-0.0121151 -2.68016
0.169062 -3.3549
0.151888 -2.35139
0.319529 -4.07043
0.376444 -1.08891
2.13834 -1.74718
-0.27559 -3.85487
0.698515 -0.447984
1.93703 -2.59941
-0.349668 -3.31906
0.410953 -1.87783
0.889208 -0.850372
1.93745 -2.02596
0.199836 -4.67723
1.08329 0.754721
1.39471 -1.73049
1.20948 -0.45646
1.70725 -1.46248
0.71307 -2.32149
0.648845 -4.00784
0.212295 -1.21759
2.06647 -1.01001
0.574995 -5.20034
1.38114 1.39244
0.953964 -2.15387
0.775506 -1.41165
1.96738 -1.14151
0.884881 -5.14422
1.0546 1.08879
1.28867 -1.84091
1.24769 -0.362452
1.66601 -1.36964
0.844884 -1.48116
1.92216 -0.944282
0.876022 -4.55404
0.478845 -0.180114
1.9784 -3.0009
-0.43295 -2.11743
0.460652 -3.38124
0.0290379 -2.23002
0.403531 -4.09494
0.352948 -1.07184
2.14653 -1.76262
-0.307378 -3.76567
0.653975 -0.622646
2.01177 -2.53515
-0.412619 -3.07198
0.386311 -2.28469
0.544925 -4.36566
0.46881 -0.529051
2.09966 -2.74386
-0.472533 -2.11691
0.462522 -3.23371
-0.0116173 -2.47083
0.231252 -3.69865
0.236473 -1.80569
0.785529 -1.16407
2.00815 -1.71532
0.264456 -4.81091
1.19137 0.970784
1.26603 -1.59293
1.58682 -0.329688
1.27535 -0.788572
1.72952 -1.15443
0.792299 -1.80541
1.59505 -0.0782268
1.19986 -0.937208
1.79363 -1.26378
0.703403 -3.08691
-0.111505 -2.91706
0.214462 -3.00491
0.0601982 -2.84884
0.123813 -3.09905
0.116301 -2.72361
0.109035 -3.3133
0.168999 -2.42551
0.251712 -3.95071
0.341021 -1.31783
2.02732 -0.925212
0.803005 -5.28584
1.28686 1.39953
1.03172 -1.97019
1.24954 -0.268164
1.6419 -1.37332
0.909991 -1.23135
1.95264 -1.47699
0.752769 -5.18536
1.19877 1.24465
1.15545 -1.76233
1.54047 -0.210745
1.33844 -0.813687
1.68368 -0.962157
0.993644 -1.07798
1.9139 -1.59157
0.788555 -5.14381
1.11901 1.1396
1.24137 -1.76367
1.43791 -0.231488
1.48828 -0.913661
1.49803 -0.576651
1.47425 -0.70744
1.52169 -0.69162
1.44345 -0.6382
1.55742 -0.779445
1.37241 -0.598109
1.62754 -0.967204
1.16232 -0.729232
1.7861 -1.50195
0.738764 -3.74663
0.0530382 -1.6028
1.08028 -0.306903
1.72476 -1.83093
0.778408 -4.2129
0.280737 -0.83659
2.21593 -2.21896
-0.526313 -2.4459
0.421417 -2.92046
-0.0198637 -3.07374
0.18407 -2.78621
0.0741974 -3.22165
0.164318 -2.56367
0.151508 -3.655
0.254566 -1.87411
0.656057 -1.82377
1.46309 -0.0128547
1.39784 -0.934511
1.62789 -0.733138
1.20366 -0.732901
1.76508 -1.38658
0.695898 -2.9835
-0.0864392 -3.19578
0.238219 -2.59791
0.125928 -3.65124
0.264605 -1.8741
0.667228 -1.75386
1.63312 -0.0580312
1.11176 -1.06201
1.85287 -1.36533
0.821627 -4.3372
0.343697 -0.604463
2.18991 -2.64732
-0.478025 -1.81872
0.521224 -2.53611
0.287774 -4.22978
0.502043 -0.668511
2.10942 -2.57883
-0.486388 -2.41221
0.413818 -3.1175
-0.0125765 -2.67081
0.170693 -3.36949
0.155108 -2.33003
0.343069 -4.11007
0.38934 -1.01222
2.15579 -1.95256
-0.413252 -3.35977
0.483743 -1.49118
1.92137 -0.559612
0.846869 -4.24558
0.278081 -0.761049
2.22555 -2.35764
-0.520872 -2.13537
0.463044 -3.02884
-0.0389949 -2.86351
0.17362 -3.08198
0.0894589 -2.73673
0.117546 -3.28291
0.157532 -2.46719
0.215329 -3.8515
0.308279 -1.51149
1.77937 -0.0989677
0.795345 -2.17585
0.654511 -2.08953
0.691281 -1.75138
1.65248 -0.0837474
1.07353 -1.12346
1.87555 -1.37533
0.863379 -4.64615
0.557017 0.00963661
1.85326 -2.9585
-0.401048 -2.73098
0.355971 -2.97882
-0.000910869 -2.91574
0.15672 -3.00555
0.0870967 -2.85312
0.111115 -3.09219
0.121358 -2.73637
0.104987 -3.29207
0.165689 -2.45693
0.224153 -3.88206
0.318885 -1.45152
1.88367 -0.333841
0.774551 -3.60905
-0.0217977 -1.82727
0.556463 -2.84828
-0.0199762 -3.39859
0.251741 -2.28245
0.450221 -4.28229
0.452784 -0.674587
2.13829 -2.57557
-0.49309 -2.25228
0.439971 -3.17691
-0.0137337 -2.56818
0.194518 -3.53479
0.194059 -2.0781
0.58474 -3.98833
0.22562 -1.26669
2.0329 -0.845298
0.813946 -5.29875
1.29465 1.41631
1.01957 -2.00556
1.16482 -0.378179
1.70917 -1.59832
0.685654 -2.90756
-0.0505028 -3.40759
0.268803 -2.24966
0.501148 -4.30708
0.446376 -0.643271
2.13708 -2.61594
-0.489279 -2.17735
0.452651 -3.19089
-0.0164428 -2.54502
0.202875 -3.57186
0.202748 -2.01842
0.583163 -3.61972
0.0614788 -1.83794
0.570944 -2.60297
0.222941 -4.14102
0.474637 -0.827999
2.1411 -2.3565
-0.491759 -2.67929
0.395419 -2.7672
0.0271076 -3.41442
0.233752 -2.27033
0.453323 -4.27329
0.44488 -0.697334
2.14568 -2.54449
-0.496464 -2.27188
0.437251 -3.15856
-0.0158927 -2.60062
0.186375 -3.48086
0.180521 -2.16243
0.534706 -4.2217
0.374698 -0.838857
2.18373 -2.29401
-0.512845 -2.52342
0.410441 -2.89756
-0.0135556 -3.11724
0.187756 -2.72412
0.0844357 -3.34227
0.187865 -2.38687
0.294098 -4.05097
0.377025 -1.118
2.129 -1.66806
-0.198604 -4.0577
0.815203 -0.0536314
1.74751 -2.46407
0.182309 -4.55635
0.939017 0.458922
1.53633 -2.09224
0.686283 -3.52597
-0.018193 -1.97338
0.555106 -3.80063
0.148572 -1.57344
1.37602 0.0682234
1.4639 -1.08867
1.51506 -0.514831
1.43934 -0.710954
1.56958 -0.757849
1.34661 -0.612101
1.65182 -1.0322
1.06753 -0.885686
1.85803 -1.63932
0.856893 -4.95174
0.852132 0.685506
1.48658 -2.26009
0.745917 -4.22754
0.300371 -0.818411
2.2122 -2.27287
-0.524314 -2.37409
0.428623 -2.98812
-0.0270295 -2.93065
0.171238 -2.98694
0.0783408 -2.87996
0.115626 -3.05096
0.11276 -2.79386
0.101777 -3.19035
0.144318 -2.60139
0.136461 -3.56102
0.228252 -2.03778
0.587217 -3.67117
0.0807154 -1.75877
0.676963 -1.62464
1.83437 -0.402868
0.738451 -2.76662
0.0922586 -3.94305
0.420657 -1.18332
2.10241 -1.53795
-0.00284203 -4.45835
1.05445 0.597443
1.45755 -1.79794
0.967101 -0.940327
1.91374 -1.80065
0.588557 -5.08658
1.21403 1.17585
1.17189 -1.69856
1.59861 -0.269291
1.23845 -0.835661
1.75933 -1.23089
0.716729 -2.41945
0.627906 -4.47063
0.511506 -0.323593
2.00931 -2.88853
-0.449543 -2.24345
0.43483 -3.34083
0.0283514 -2.29696
0.343839 -4.01479
0.333825 -1.22091
2.08585 -1.2717
0.287348 -4.90224
1.29411 1.1327
1.1281 -1.65015
1.68402 -0.366602
1.04442 -1.10288
1.88998 -1.46196
0.876659 -4.92746
0.816169 0.623627
1.51732 -2.35497
0.764933 -4.77069
0.712858 0.312349
1.65989 -2.64967
0.0760491 -4.33692
0.786912 0.035085
1.72848 -2.52088
0.137894 -4.47676
0.888096 0.320496
1.59625 -2.24273
0.788276 -4.75805
0.688972 0.273199
1.68405 -2.70711
-0.0492022 -4.08981
0.654364 -0.43311
1.95741 -2.66747
-0.401162 -3.0378
0.37396 -2.40377
0.373536 -4.27803
0.489389 -0.629829
2.10959 -2.62756
-0.484757 -2.30842
0.429011 -3.19204
-0.0060955 -2.54051
0.200947 -3.58442
0.207863 -1.9984
0.578596 -3.44403
-0.00179828 -2.11576
0.492095 -4.09928
0.318945 -1.07883
2.14744 -1.6957
-0.274509 -3.87019
0.713339 -0.399429
1.91347 -2.59976
-0.317531 -3.4396
0.435466 -1.6482
1.64053 0.0156178
1.07499 -1.15214
1.87505 -1.33386
0.854599 -4.55811
0.489337 -0.172893
1.96854 -2.99338
-0.433617 -2.17679
0.447336 -3.39767
0.0399519 -2.20733
0.427641 -4.12468
0.360049 -1.01639
2.1609 -1.912
-0.408128 -3.39489
0.497353 -1.40541
1.99459 -0.909912
0.901651 -5.195
1.10466 1.18374
1.23221 -1.80485
1.39115 -0.235681
1.53654 -1.01002
1.38755 -0.518882
1.60057 -0.953702
1.24205 -0.629537
1.72573 -1.32273
0.736146 -2.1476
0.65889 -2.01995
0.868623 -0.974262
1.96454 -1.92355
0.21741 -4.7184
1.11913 0.827409
1.35515 -1.66612
1.37304 -0.308831
1.5701 -1.0401
1.29874 -0.553853
1.67689 -1.18577
0.920858 -1.24114
1.94722 -1.44599
0.79222 -5.1786
1.15967 1.20716
1.19408 -1.75902
1.50374 -0.215571
1.39886 -0.827155
1.62502 -0.794978
1.20502 -0.714597
1.76129 -1.39174
0.69512 -2.93748
-0.0665967 -3.33058
0.257042 -2.38025
0.330534 -4.15626
0.425169 -0.895558
2.16106 -2.22143
-0.490563 -2.81422
0.398201 -2.53295
0.215272 -4.03094
0.404897 -1.10344
2.13009 -1.74302
-0.248125 -3.92516
0.734334 -0.31639
1.87495 -2.59449
-0.254315 -3.64592
0.494402 -1.23745
2.07622 -1.46948
0.175424 -4.73541
1.19996 0.939524
1.27298 -1.56874
1.59658 -0.349349
1.25792 -0.79353
1.74174 -1.20123
0.750404 -2.07561
0.824398 -1.15154
1.99258 -1.70896
0.344774 -4.90253
1.22289 1.06018
1.2114 -1.60988
1.63819 -0.355902
1.16182 -0.893893
1.8109 -1.39904
0.748692 -3.79495
0.0715427 -1.52355
1.38656 0.0931824
1.44664 -1.07339
1.54721 -0.546247
1.38594 -0.680932
1.62619 -0.899284
1.18359 -0.715443
1.77281 -1.45077
0.70692 -3.34178
-0.0869688 -2.32219
0.32693 -3.86686
0.267329 -1.50838
1.74058 -0.026142
0.858295 -1.81585
1.59048 -0.101155
1.2155 -0.913988
1.78195 -1.23973
0.70161 -2.81852
0.0202179 -3.7119
0.339744 -1.67153
1.43437 0.0586963
1.4094 -0.990634
1.61122 -0.669653
1.25024 -0.70051
1.73311 -1.27041
0.742294 -2.11542
0.720716 -1.61129
1.85391 -0.494172
0.735432 -3.08473
-0.118266 -2.95586
0.221069 -2.94913
0.0530734 -2.94046
0.131276 -2.96374
0.0950792 -2.91941
0.109258 -2.98999
0.108203 -2.88331
0.101603 -3.04478
0.11876 -2.80567
0.0983804 -3.17139
0.142112 -2.62873
0.126085 -3.50476
0.214789 -2.13106
0.572975 -4.15145
0.31744 -0.98003
2.17787 -1.94963
-0.451059 -3.20042
0.449211 -1.78483
1.27712 -0.0898666
1.57966 -1.30582
1.14506 -0.673264
1.78421 -1.57479
0.762865 -3.98408
0.159583 -1.22048
2.0474 -0.859654
0.748004 -5.2979
1.34758 1.44716
0.966018 -2.1617
0.762548 -1.47565
1.94436 -0.953433
0.912079 -4.83126
0.703743 0.401952
1.63137 -2.65539
0.117985 -4.39959
0.814442 0.131302
1.68441 -2.44921
0.369271 -4.77955
1.02463 0.73523
1.42115 -1.85676
0.961577 -0.937006
1.91594 -1.81435
0.563269 -5.0701
1.21648 1.16576
1.17418 -1.68938
1.60578 -0.279172
1.22472 -0.844483
1.76886 -1.26358
0.703518 -2.66369
0.222149 -4.20226
0.522292 -0.659344
2.09609 -2.58435
-0.481773 -2.47699
0.404571 -3.07334
-0.0142264 -2.75044
0.162616 -3.24665
0.127594 -2.50595
0.188736 -3.74132
0.271798 -1.72164
1.13002 -0.261262
1.69327 -1.70075
0.686085 -3.15037
-0.109209 -2.73981
0.210713 -3.25239
0.106364 -2.48336
0.204525 -3.76707
0.275553 -1.67652
1.29355 -0.0339182
1.55425 -1.26523
1.24293 -0.545745
1.70907 -1.34716
0.756079 -1.975
1.13217 -0.363399
1.71919 -1.68879
0.70602 -3.48558
-0.0414183 -2.04515
0.524676 -3.9997
0.253563 -1.2596
2.04724 -0.945947
0.707947 -5.27507
1.353 1.43138
0.966263 -2.14704
0.794749 -1.33202
1.98363 -1.34714
0.734121 -5.21209
1.24839 1.30683
1.09626 -1.8209
1.50861 -0.167153
1.37914 -0.84112
1.64696 -0.837017
1.13643 -0.803028
1.8115 -1.52875
0.796188 -4.21781
0.277778 -0.823403
2.21876 -2.24169
-0.527139 -2.38629
0.427935 -2.96649
-0.0259934 -2.97656
0.174868 -2.92272
0.0723343 -2.98194
0.125505 -2.90108
0.0940508 -3.01654
0.118731 -2.84753
0.0966874 -3.10211
0.130111 -2.7259
0.103501 -3.31382
0.171734 -2.42583
0.251923 -3.95338
0.342335 -1.31209
2.03172 -0.950699
0.774222 -5.28432
1.30808 1.41139
1.01026 -2.01878
1.13201 -0.428626
1.73562 -1.68079
0.725007 -3.69533
0.0355027 -1.68796
0.782198 -1.12265
2.01087 -1.79363
0.166826 -4.67323
1.12122 0.805284
1.36213 -1.65909
1.36765 -0.314995
1.57604 -1.05239
1.27942 -0.566318
1.69168 -1.23708
0.851679 -1.48779
1.91733 -0.924744
0.86353 -4.46529
0.417299 -0.356171
2.08395 -2.92648
-0.438056 -1.8106
0.519519 -2.65742
0.125241 -3.89441
0.373814 -1.34861
2.01255 -0.878879
0.869142 -5.25915
1.20427 1.3206
1.12282 -1.8313
1.47079 -0.173352
1.43382 -0.876584
1.58312 -0.687151
1.31766 -0.647067
1.67975 -1.10017
0.9532 -1.15958
1.93542 -1.54184
0.76116 -5.16931
1.17172 1.208
1.18661 -1.74973
1.52409 -0.21985
1.3682 -0.813054
1.65625 -0.881611
1.09967 -0.857356
1.83815 -1.58457
0.853812 -4.6895
0.597665 0.103243
1.79301 -2.89824
-0.344981 -3.12745
0.357873 -2.37437
0.403448 -4.30256
0.491802 -0.593389
2.10057 -2.66818
-0.480552 -2.27242
0.434386 -3.22192
-0.00208433 -2.48961
0.220175 -3.67297
0.231409 -1.84991
0.674222 -1.69743
1.73679 -0.184701
0.888082 -1.62915
1.82228 -0.525805
0.73999 -2.56515
0.42834 -4.49574
0.643905 -0.115008
1.85158 -2.79505
-0.349692 -3.19224
0.373876 -2.20859
0.599803 -4.21847
0.347135 -0.851247
2.19284 -2.25108
-0.516036 -2.54313
0.410234 -2.85953
-0.00601842 -3.20492
0.200106 -2.59673
0.129652 -3.61646
0.250308 -1.93949
0.5826 -2.62564
0.197873 -4.09791
0.458966 -0.911861
2.14724 -2.20843
-0.474534 -2.93392
0.401142 -2.35314
0.468581 -4.37429
0.513064 -0.46534
2.05409 -2.78251
-0.464838 -2.26809
0.432456 -3.28137
0.0131003 -2.39135
0.271779 -3.85195
0.283673 -1.52894
1.71742 -0.00369743
0.903803 -1.62449
1.82174 -0.538488
0.739774 -2.55793
0.441469 -4.50697
0.645925 -0.0994907
1.84466 -2.79416
-0.342509 -3.22413
0.377306 -2.15234
0.610564 -3.94545
0.194972 -1.32968
1.95693 -0.497059
0.928036 -4.73151
0.606345 0.186518
1.7559 -2.88237
-0.305226 -3.30695
0.377107 -2.05542
0.584434 -3.12119
-0.0774294 -2.73485
0.194795 -3.26379
0.116552 -2.47224
0.211228 -3.79873
0.286197 -1.61676
1.5016 0.092132
1.31175 -0.951056
1.71481 -0.945399
0.905074 -1.35468
1.93903 -1.22988
0.894947 -5.03267
0.920497 0.84828
1.41431 -2.08538
0.677909 -2.30098
0.643329 -3.9669
0.193621 -1.28554
2.00308 -0.679772
0.934394 -5.19153
1.08071 1.164
1.25065 -1.8282
1.32835 -0.275757
1.59644 -1.15934
1.1796 -0.655415
1.76386 -1.48834
0.704789 -3.33387
-0.0881436 -2.33773
0.317901 -3.84511
0.261215 -1.54778
1.64494 0.0668574
1.05059 -1.21867
1.88638 -1.28426
0.863354 -4.60136
0.520352 -0.0840333
1.91331 -2.99037
-0.425105 -2.41139
0.396556 -3.31517
0.0380513 -2.34309
0.306579 -3.95547
0.318782 -1.33163
2.01064 -0.817453
0.89196 -5.247
1.1738 1.28806
1.15497 -1.81136
1.4721 -0.188469
1.43609 -0.870378
1.58011 -0.685857
1.32454 -0.644191
1.67415 -1.08183
0.978357 -1.0912
1.92192 -1.60112
0.757813 -5.15675
1.15844 1.18524
1.20309 -1.74543
1.51066 -0.223352
1.39029 -0.819101
1.63401 -0.820841
1.17635 -0.745807
1.78177 -1.45529
0.718455 -3.5071
-0.038773 -2.00722
0.54179 -3.91831
0.207345 -1.39258
1.88321 -0.275184
0.778328 -3.62189
-0.017944 -1.8047
0.564297 -2.62219
0.1914 -4.07508
0.447022 -0.964406
2.14733 -2.10143
-0.448191 -3.14173
0.4272 -1.96089
0.693654 -1.65355
1.80395 -0.332091
0.766073 -2.32952
0.64815 -3.90632
0.16223 -1.38003
1.86383 -0.205452
0.75881 -3.33568
-0.108874 -2.35667
0.311468 -3.80188
0.244957 -1.62522
1.39989 0.0624993
1.44391 -1.04435
1.55627 -0.568399
1.37034 -0.672453
1.63998 -0.944047
1.13226 -0.783483
1.8104 -1.55165
0.802833 -4.27465
0.310143 -0.721745
2.21419 -2.45091
-0.509539 -2.03879
0.478023 -2.98834
-0.042934 -2.96171
0.18218 -2.94465
0.0700844 -2.9464
0.123314 -2.95282
0.0979858 -2.93679
0.108958 -2.96359
0.105774 -2.92231
0.1043 -2.98471
0.110064 -2.89183
0.100952 -3.03142
0.117251 -2.82486
0.0980124 -3.13917
0.136071 -2.67377
0.113337 -3.4136
0.193595 -2.27577
0.422688 -4.22775
0.427897 -0.786278
2.16144 -2.40959
-0.505089 -2.44425
0.415215 -3.0149
-0.0221989 -2.86837
0.165157 -3.0744
0.0923082 -2.74956


