-0.599901 -0.78631
-3.01016 -1.71645
-0.745695 -0.302118
-3.00226 -2.55248
-0.971971 0.413535
-2.90005 -3.88415
-2.19439 -0.0195613
-1.75893 -3.23306
-2.25135 -1.137
-1.90636 -1.34379
-2.09633 -1.23272
-1.97767 -1.18581
-2.07538 -1.32326
-1.9642 -1.0949
-2.10117 -1.50279
-1.88444 -0.963226
-2.12594 -2.10986
-1.64985 -0.685572
-0.93022 -3.79719
-2.37214 -4.30852
-2.14921 -0.154804
-1.84265 -3.09727
-2.00775 -0.274764
-1.78783 -3.30557
-2.22901 -0.906833
-1.97984 -1.56467
-1.96463 -0.882713
-2.11119 -1.94384
-1.71889 -0.739402
-1.48785 -3.73705
-0.895142 -4.94864
-2.47699 -3.07137
-1.11284 -0.357392
-2.22913 -5.68387
-1.37598 -4.45494
-1.80223 -5.16911
-1.35014 -4.97716
-1.88215 -4.77458
-0.913746 -4.70667
-2.38948 -3.62353
-1.2888 0.0924082
-1.77235 -6.03338
-1.9945 -4.0509
-2.29565 -1.23044
-1.8487 -1.30981
-2.14558 -1.50474
-1.85239 -0.996475
-2.12529 -2.21765
-1.61471 -0.639387
-0.637961 -3.76517
-2.63576 -2.85369
-1.0051 -0.439803
-2.54735 -5.0486
-1.49339 -4.17681
-1.34585 -5.29922
-1.94586 -4.48364
-1.03022 -4.12478
-2.24499 -4.52043
-2.24444 -2.55542
-1.41589 -0.619427
-0.570293 -4.87324
-2.63982 -0.371421
-1.72971 -2.02219
-2.17702 -1.14624
-1.9506 -1.29338
-2.07101 -1.21104
-2.00171 -1.21018
-2.05203 -1.25444
-2.0026 -1.16619
-2.06206 -1.31566
-1.97644 -1.10113
-2.09271 -1.46384
-1.90429 -0.985278
-2.12932 -1.95058
-1.7026 -0.756869
-1.4192 -3.77153
-1.23287 -5.30588
-2.11845 -4.1558
-2.22 -0.527777
-2.01546 -2.15001
-1.73847 -0.552997
-1.25646 -3.78998
-1.8366 -5.36381
-1.38174 -4.87086
-1.8416 -4.90289
-1.10891 -4.9313
-2.17185 -4.21307
-2.20876 -0.447777
-2.00711 -2.32223
-1.70044 -0.469985
-0.862523 -3.76356
-2.44148 -4.04076
-1.6869 0.297339
-0.29618 -4.42319
-2.57146 0.794489
-1.60357 -3.09738
-1.73431 -3.73579
-1.70601 -3.80997
-1.1918 -4.04075
-2.0398 -5.05223
-0.965296 -4.63859
-2.31306 -3.95218
-1.64806 0.22707
-0.343799 -4.54242
-2.57612 0.676615
-1.65703 -2.99778
-2.20052 -2.46453
-1.4773 -0.617318
-0.380332 -4.38267
-2.65468 0.0590002
-1.74292 -2.2982
-2.13929 -0.831895
-2.04268 -1.69745
-1.86206 -0.801899
-2.04777 -2.69658
-1.57563 -0.339776
-0.308412 -4.08158
-2.6763 0.125294
-1.71975 -2.30737
-2.17813 -1.0041
-1.98825 -1.44467
-1.99544 -0.990075
-2.0972 -1.62469
-1.84398 -0.883905
-2.07427 -2.5894
-1.56267 -0.416445
-0.318028 -4.06022
-2.68606 0.0145965
-1.70506 -2.222
-2.19955 -1.19407
-1.92185 -1.26204
-2.10084 -1.32133
-1.94656 -1.10293
-2.11044 -1.53442
-1.86649 -0.949183
-2.11766 -2.25433
-1.60941 -0.614785
-0.577861 -3.76643
-2.67778 -2.44555
-1.049 -0.783736
-2.27962 -5.53052
-1.25103 -4.46156
-1.98479 -4.92856
-0.918733 -4.62695
-2.37007 -3.74753
-1.38875 0.165145
-1.35738 -5.92009
-2.42505 -2.83933
-1.19408 -0.562041
-1.75753 -5.93444
-1.8601 -4.27697
-1.09842 -4.09027
-2.17053 -4.75344
-1.23408 -4.13986
-1.98334 -5.09586
-1.05518 -4.77341
-2.21591 -4.18094
-2.09994 -0.114735
-1.74445 -3.32045
-2.27322 -1.66329
-1.71121 -1.0527
-1.89791 -3.27673
-1.93963 -0.146708
-1.40632 -3.68426
-1.20191 -5.29661
-2.16344 -4.05529
-2.00734 0.00500157
-1.34889 -3.67512
-1.44502 -5.43537
-1.86286 -4.53176
-0.775077 -4.36497
-2.51088 -3.24072
-1.08752 -0.17638
-2.40777 -5.43808
-1.3315 -4.35296
-1.85612 -5.16102
-1.27042 -4.94611
-1.9711 -4.64333
-0.851332 -4.23746
-2.42452 -3.76497
-1.36655 0.197651
-1.49559 -5.99661
-2.31608 -3.29236
-1.25044 -0.166166
-1.7517 -5.99401
-1.95507 -4.13054
-2.21831 -2.58954
-1.42722 -0.57322
-0.551471 -4.84413
-2.63811 -0.288195
-1.74197 -2.07758
-2.15587 -0.999971
-2.00268 -1.44966
-1.98118 -0.979757
-2.10503 -1.68019
-1.81812 -0.859571
-2.0211 -2.85232
-1.59874 -0.243623
-0.296473 -4.07464
-2.67014 0.211373
-1.7253 -2.37586
-2.16878 -0.924749
-2.01138 -1.54502
-1.94208 -0.896094
-2.11597 -1.99923
-1.69573 -0.720792
-1.30868 -3.80043
-1.68487 -5.42696
-1.56862 -4.80186
-1.57131 -5.1513
-1.64441 -4.93262
-1.49307 -5.10694
-1.72995 -4.88642
-1.31369 -5.08845
-1.93559 -4.61839
-0.813453 -4.2841
-2.46547 -3.53901
-1.1953 0.063675
-2.1522 -5.84838
-1.55299 -4.40003
-1.3593 -5.25457
-1.9132 -4.55846
-0.813178 -4.25244
-2.465 -3.56306
-1.20736 0.0825272
-2.11673 -5.88407
-1.59423 -4.38783
-1.22049 -5.1775
-2.08219 -4.29518
-2.29361 -2.03046
-1.56027 -0.923086
-0.692444 -3.80004
-2.59042 -3.17207
-1.03089 -0.166563
-2.58049 -5.02771
-1.58425 -4.12848
-0.961399 -4.96809
-2.393 -3.46885
-1.21772 -0.0242186
-2.00197 -5.94615
-1.6905 -4.35956
-0.8904 -4.80842
-2.44278 -3.32785
-1.14636 -0.130784
-2.22371 -5.7341
-1.43484 -4.43113
-1.68154 -5.2552
-1.53215 -4.92749
-1.66009 -5.05206
-1.51001 -5.04804
-1.70429 -4.94806
-1.39824 -5.09288
-1.83659 -4.76699
-0.987 -4.83233
-2.31763 -3.82851
-1.50824 0.190151
-0.811165 -5.39235
-2.61083 -0.682261
-1.71239 -1.83999
-2.20081 -1.53361
-1.80536 -1.03338
-2.10585 -2.46488
-1.55916 -0.508334
-0.339329 -3.97478
-2.7101 -0.285082
-1.6417 -2.02635
-2.1943 -2.21501
-1.56236 -0.723852
-0.48451 -3.81389
-2.72289 -1.69741
-1.23486 -1.30557
-1.15992 -5.57457
-2.41878 -3.05196
-1.16257 -0.382892
-2.01173 -5.87988
-1.59059 -4.44318
-1.28692 -5.20771
-1.9973 -4.44464
-1.47085 -4.02801
-1.28194 -5.29361
-2.03642 -4.32941
-2.1205 -3.06429
-1.45811 -0.211133
-0.674502 -5.12692
-2.62436 -0.473909
-1.73412 -1.96434
-2.17597 -1.17411
-1.94296 -1.26676
-2.08343 -1.26461
-1.97691 -1.15254
-2.08292 -1.37685
-1.94113 -1.04907
-2.11857 -1.65769
-1.81626 -0.884159
-2.0358 -2.7977
-1.58047 -0.281088
-0.303542 -4.13263
-2.6622 0.243014
-1.73165 -2.41369
-2.15787 -0.859255
-2.02913 -1.64222
-1.89313 -0.829789
-2.08973 -2.42019
-1.58651 -0.51047
-0.389256 -3.8522
-2.73507 -0.862715
-1.47921 -1.73494
-0.884139 -3.88834
-2.40995 -4.08568
-1.76342 0.27368
-0.225541 -3.95857
-2.6431 0.600702
-1.6992 -2.71631
-2.2322 -1.21623
-1.89416 -1.26673
-2.12055 -1.39709
-1.90737 -1.05084
-2.13186 -1.78214
-1.76139 -0.835066
-1.84116 -3.35469
-2.13183 -0.459725
-2.017 -2.4545
-1.65752 -0.420987
-0.553795 -3.74005
-2.69369 -2.28841
-1.07575 -0.901841
-2.13204 -5.69353
-1.35792 -4.52952
-1.84523 -5.09231
-1.2466 -4.96577
-2.00103 -4.57465
-1.05598 -4.13503
-2.21685 -4.59809
-1.9724 -3.5121
-1.88663 -0.0375685
-0.973245 -3.71679
-2.33157 -4.51118
-2.32023 -1.87477
-1.60087 -1.01978
-1.13614 -3.84552
-2.10995 -5.015
-0.912826 -4.4683
-2.36201 -3.87486
-1.51399 0.22447
-0.819 -5.40838
-2.60969 -0.684756
-1.71329 -1.83853
-2.20034 -1.52658
-1.80821 -1.03671
-2.11012 -2.43239
-1.56377 -0.527926
-0.353166 -3.93256
-2.72037 -0.458262
-1.59666 -1.93205
-2.02786 -3.06833
-1.59663 -0.145973
-0.300538 -4.23308
-2.63527 0.429683
-1.73124 -2.61592
-2.16898 -0.829404
-2.02758 -1.68144
-1.88091 -0.803626
-2.06867 -2.56842
-1.5732 -0.420441
-0.323694 -3.99589
-2.70026 -0.124908
-1.67562 -2.12244
-2.22134 -1.61641
-1.76189 -1.01364
-2.02198 -2.90269
-1.59657 -0.220548
-0.295503 -4.12014
-2.65943 0.287795
-1.73149 -2.45111
-2.15881 -0.848357
-2.03026 -1.6582
-1.88659 -0.819793
-2.08113 -2.48749
-1.57805 -0.470763
-0.348631 -3.91931
-2.7208 -0.436716
-1.59985 -1.94239
-2.04717 -3.00617
-1.56017 -0.188036
-0.346546 -4.41402
-2.62175 0.397777
-1.74131 -2.62894
-2.15012 -0.746819
-2.04534 -1.83163
-1.81293 -0.729064
-1.88516 -3.2375
-1.95426 -0.171837
-1.50125 -3.63496
-0.746184 -4.70279
-2.58451 -2.48391
-1.14568 -0.836238
-1.84679 -5.87956
-1.69468 -4.43597
-0.964973 -4.90272
-2.36707 -3.60853
-1.29874 0.075455
-1.71226 -6.0306
-2.06072 -3.94585
-2.0818 -0.164633
-1.77617 -3.27984
-2.23993 -1.00192
-1.95102 -1.46205
-2.02437 -0.999832
-2.08044 -1.54996
-1.88335 -0.918209
-2.11509 -2.23544
-1.61754 -0.619854
-0.626488 -3.76291
-2.64443 -2.78028
-1.00789 -0.503527
-2.51652 -5.11498
-1.4042 -4.22754
-1.65478 -5.32747
-1.57819 -4.86206
-1.57599 -5.12369
-1.63489 -4.95614
-1.51703 -5.09371
-1.70092 -4.92275
-1.39074 -5.10155
-1.84613 -4.74818
-0.949686 -4.78208
-2.3572 -3.7107
-1.37154 0.139546
-1.41769 -5.95088
-2.3741 -3.0772
-1.19773 -0.354999
-1.86987 -5.94717
-1.7656 -4.34312
-0.742974 -4.41486
-2.5488 -2.97026
-1.06456 -0.416298
-2.37456 -5.44807
-1.28248 -4.38308
-1.93817 -5.04634
-1.07403 -4.82718
-2.19932 -4.19699
-2.14759 -0.233791
-1.90466 -2.93173
-1.81586 -0.180731
-0.933188 -3.73453
-2.37403 -4.34564
-2.20573 -0.32822
-1.973 -2.57643
-1.69479 -0.333033
-0.600896 -3.72207
-2.66479 -2.63087
-1.01653 -0.624838
-2.4471 -5.25321
-1.27494 -4.30999
-1.94117 -5.07794
-1.09488 -4.83616
-2.17366 -4.2609
-2.26122 -0.708127
-1.99353 -1.82087
-1.86586 -0.703609
-1.98105 -2.94753
-1.66641 -0.176865
-0.333959 -3.83103
-2.72784 -0.418887
-1.59099 -1.94697
-2.00355 -3.14379
-1.65303 -0.101965
-0.281919 -3.97049
-2.68202 0.181731
-1.71325 -2.33392
-2.18796 -1.04978
-1.97069 -1.395
-2.02619 -1.05519
-2.06998 -1.45441
-1.92462 -0.981494
-2.1255 -1.86808
-1.73496 -0.788721
-1.65881 -3.61034
-1.24914 -4.02009
-1.9322 -5.20911
-1.19652 -4.8673
-2.05162 -4.53201
-1.46694 -4.03978
-1.3087 -5.3073
-2.00238 -4.38482
-1.74571 -3.8241
-1.55654 -3.93269
-0.841142 -4.8245
-2.50878 -2.9576
-1.09987 -0.452243
-2.23146 -5.66269
-1.35312 -4.46309
-1.84189 -5.1274
-1.27234 -4.96424
-1.97036 -4.63334
-0.858636 -4.22607
-2.41691 -3.80686
-1.40875 0.216602
-1.30909 -5.89645
-2.46476 -2.61291
-1.22169 -0.746249
-1.50309 -5.86533
-2.13824 -3.87016
-1.82391 0.113437
-0.455467 -3.65715
-2.74146 -1.58827
-1.24102 -1.35544
-1.1075 -5.51995
-2.4569 -2.87507
-1.15915 -0.536632
-1.93888 -5.89349
-1.64208 -4.43722
-1.12371 -5.08539
-2.19348 -4.07789
-1.98505 0.0457161
-1.19628 -3.70317
-1.96101 -5.28177
-1.20458 -4.82896
-2.03975 -4.58134
-1.22087 -4.11208
-2.00127 -5.08153
-1.02388 -4.73362
-2.25066 -4.10101
-1.92924 0.124429
-0.827097 -3.66912
-2.48336 -3.91406
-1.50856 0.298376
-0.916919 -5.54279
-2.60354 -0.989122
-1.64577 -1.67368
-2.11181 -2.68413
-1.50346 -0.409595
-0.388304 -4.48023
-2.63508 0.196172
-1.75683 -2.43655
-2.10942 -0.682316
-2.06149 -2.01212
-1.73698 -0.657104
-1.44566 -3.74808
-1.0908 -5.18668
-2.28672 -3.75779
-1.48013 0.150067
-0.900288 -5.49933
-2.60668 -1.04512
-1.62579 -1.64727
-2.02836 -3.02201
-1.59112 -0.168159
-0.303177 -4.23401
-2.63714 0.410658
-1.73324 -2.59639
-2.16336 -0.811974
-2.03283 -1.71183
-1.86568 -0.787522
-2.04317 -2.71309
-1.57932 -0.32774
-0.306902 -4.07552
-2.6766 0.128475
-1.71942 -2.30893
-2.17863 -1.00616
-1.98745 -1.4423
-1.9969 -0.992832
-2.09616 -1.61615
-1.84783 -0.888076
-2.0805 -2.55008
-1.56422 -0.441339
-0.323564 -4.02123
-2.69593 -0.0880778
-1.6851 -2.14822
-2.21787 -1.47338
-1.81602 -1.0844
-2.1328 -2.24023
-1.60128 -0.638671
-0.567378 -3.77162
-2.68409 -2.36701
-1.06412 -0.846133
-2.19937 -5.6283
-1.30317 -4.5065
-1.9199 -5.00788
-1.06869 -4.83994
-2.20842 -4.1647
-2.08721 -0.0935673
-1.69813 -3.39421
-2.09963 -3.01173
-1.48497 -0.224384
-0.55262 -4.91129
-2.62092 -0.0922012
-1.77483 -2.2363
-2.08515 -0.69482
-2.06926 -2.03305
-1.72307 -0.655594
-1.3602 -3.78005
-1.48602 -5.42804
-1.8046 -4.60658
-0.886152 -4.72326
-2.42856 -3.44314
-1.18256 -0.0346353
-2.1403 -5.84149
-1.53772 -4.41597
-1.41704 -5.27128
-1.84354 -4.6481
-0.857491 -4.64498
-2.44974 -3.38775
-1.15284 -0.0740916
-2.23164 -5.73539
-1.44279 -4.42293
-1.66073 -5.26601
-1.55885 -4.91046
-1.61902 -5.08399
-1.57415 -5.01219
-1.61905 -5.03046
-1.56205 -5.04584
-1.64042 -4.99872
-1.52253 -5.07244
-1.69211 -4.94377
-1.41731 -5.09826
-1.81535 -4.79217
-1.05558 -4.91307
-2.24142 -4.0308
-1.84165 0.16836
-0.436349 -3.64965
-2.74679 -1.43998
-1.28191 -1.43771
-0.849192 -5.20946
-2.59978 -1.85402
-1.35618 -1.25525
-0.544049 -4.70063
-2.66253 -0.638167
-1.65188 -1.86058
-2.18081 -2.27374
-1.55268 -0.681968
-0.417696 -3.86128
-2.73417 -1.09438
-1.41529 -1.62591
-0.47213 -4.02834
-2.71573 -1.35686
-1.36446 -1.50354
-0.479429 -4.46322
-2.68136 -0.640221
-1.62327 -1.85603
-2.11121 -2.73054
-1.49585 -0.385339
-0.418582 -4.57586
-2.62993 0.158703
-1.76311 -2.418
-2.09697 -0.655504
-2.06273 -2.09323
-1.7092 -0.622583
-1.20986 -3.80316
-1.95835 -5.25365
-1.19162 -4.83557
-2.05514 -4.54415
-1.4396 -4.05223
-1.42097 -5.35592
-1.8636 -4.57346
-0.785691 -4.43781
-2.50562 -3.22186
-1.08957 -0.198456
-2.39049 -5.4661
-1.32682 -4.36621
-1.86679 -5.14408
-1.24574 -4.9397
-1.99949 -4.59361
-1.00505 -4.14806
-2.26975 -4.42494
-2.32315 -1.32793
-1.79819 -1.27619
-2.1636 -1.88971
-1.69965 -0.822899
-1.51629 -3.73069
-0.780307 -4.75352
-2.56038 -2.6468
-1.12155 -0.71089
-2.01794 -5.8214
-1.51517 -4.50005
-1.53488 -5.26436
-1.70264 -4.81236
-1.31698 -5.11654
-1.9361 -4.60085
-0.822915 -4.25667
-2.45475 -3.61052
-1.23882 0.112563
-2.00831 -5.96613
-1.72134 -4.3265
-0.785629 -4.60002
-2.52678 -2.98724
-1.08078 -0.414664
-2.31924 -5.54369
-1.30131 -4.42097
-1.91484 -5.05993
-1.11821 -4.87199
-2.14888 -4.30409
-2.31143 -1.26343
-1.82753 -1.30311
-2.15726 -1.63253
-1.79822 -0.935593
-2.04016 -2.79902
-1.57432 -0.284118
-0.306973 -4.1672
-2.65666 0.270488
-1.73491 -2.44502
-2.15232 -0.823787
-2.03703 -1.70062
-1.86588 -0.796663
-2.04914 -2.68579
-1.57544 -0.346152
-0.309162 -4.0743
-2.67822 0.108259
-1.7174 -2.29307
-2.18189 -1.03255
-1.97888 -1.41257
-2.01368 -1.02897
-2.08206 -1.51748
-1.89353 -0.941176
-2.12285 -2.11702
-1.6499 -0.678938
-0.918848 -3.79506
-2.38382 -4.26401
-2.07081 0.0162396
-1.50483 -3.58243
-0.695327 -4.59023
-2.61291 -2.30541
-1.17328 -0.96246
-1.64792 -5.87328
-1.9227 -4.23938
-1.72781 -3.82843
-1.35666 -4.0149
-1.66448 -5.38116
-1.5794 -4.82655
-1.56183 -5.14306
-1.65442 -4.93041
-1.47553 -5.10852
-1.75013 -4.86411
-1.25709 -5.06631
-2.00255 -4.51247
-1.25016 -4.09798
-1.94796 -5.161
-1.14611 -4.84732
-2.1106 -4.41141
-2.18282 -2.83579
-1.4045 -0.398594
-0.773292 -5.24767
-2.62527 -0.948064
-1.62869 -1.70046
-2.06767 -2.88898
-1.53086 -0.263002
-0.381948 -4.5046
-2.62327 0.300776
-1.75462 -2.5469
-2.11636 -0.663117
-2.05825 -2.03933
-1.73089 -0.641775
-1.38153 -3.77166
-1.39348 -5.3988
-1.91899 -4.47338
-0.933654 -4.14457
-2.34269 -4.16904
-1.93481 0.162974
-0.774644 -3.6541
-2.53175 -3.66779
-1.25427 0.209292
-2.01357 -5.98003
-1.74383 -4.30118
-0.739465 -4.43834
-2.55469 -2.91319
-1.06737 -0.467951
-2.34242 -5.49413
-1.28006 -4.40806
-1.94387 -5.02511
-1.04874 -4.80492
-2.22888 -4.12576
-1.99796 0.0491916
-1.2343 -3.69672
-1.85895 -5.37305
-1.36021 -4.85963
-1.86581 -4.87559
-1.03905 -4.86127
-2.25246 -4.02506
-1.81777 0.182193
-0.355122 -3.68737
-2.74813 -0.740453
-1.48622 -1.78517
-0.97894 -3.89952
-2.31385 -4.45032
-2.32617 -1.31862
-1.79928 -1.28458
-2.1643 -1.86186
-1.70932 -0.835718
-1.59497 -3.67613
-0.6888 -4.15956
-2.58627 -2.89892
-1.04212 -0.454315
-2.43198 -5.32595
-1.28582 -4.33213
-1.92727 -5.08641
-1.12054 -4.86103
-2.1443 -4.32176
-2.31628 -1.47532
-1.75156 -1.19066
-2.11072 -2.52181
-1.54002 -0.487427
-0.326387 -4.10993
-2.68122 0.0213218
-1.7115 -2.23294
-2.19119 -1.12349
-1.94829 -1.32129
-2.06596 -1.17609
-2.01509 -1.25223
-2.03081 -1.18722
-2.03678 -1.2578
-2.01288 -1.16778
-2.05442 -1.30099
-1.98672 -1.11619
-2.08345 -1.41805
-1.92687 -1.01552
-2.12553 -1.78124
-1.76633 -0.828763
-1.85168 -3.33268
-2.09217 -0.362702
-1.96057 -2.79885
-1.69767 -0.230931
-0.473051 -3.72552
-2.73171 -1.67874
-1.22652 -1.30897
-1.20758 -5.61469
-2.37644 -3.22989
-1.19119 -0.226738
-1.98214 -5.92282
-1.66145 -4.39641
-1.01755 -4.9809
-2.31582 -3.75858
-1.44816 0.156249
-1.05832 -5.6754
-2.57618 -1.66441
-1.45571 -1.34471
-0.497809 -3.91968
-2.71317 -1.70266
-1.24907 -1.31053
-1.07517 -5.49371
-2.48409 -2.72287
-1.17236 -0.663694
-1.80546 -5.91413
-1.77934 -4.36006
-0.743622 -4.38453
-2.54541 -3.0145
-1.06271 -0.375003
-2.3987 -5.41147
-1.28989 -4.36313
-1.92502 -5.07462
-1.11479 -4.86082
-2.15163 -4.30353
-2.31015 -1.22954
-1.83937 -1.32358
-2.14995 -1.52483
-1.84222 -0.988223
-2.11784 -2.30942
-1.59225 -0.59127
-0.475546 -3.7941
-2.72698 -1.64237
-1.24731 -1.33604
-1.07695 -5.49231
-2.48102 -2.7435
-1.16955 -0.646834
-1.82846 -5.91241
-1.75404 -4.3784
-0.772898 -4.53766
-2.53147 -2.99885
-1.07558 -0.400423
-2.34395 -5.50575
-1.29355 -4.40483
-1.92438 -5.05491
-1.10043 -4.85468
-2.16925 -4.26194
-2.26695 -0.749029
-1.98537 -1.76294
-1.89343 -0.736469
-2.04307 -2.68107
-1.58381 -0.34272
-0.310068 -4.03021
-2.68727 0.0362604
-1.70446 -2.23369
-2.20018 -1.19232
-1.92199 -1.26391
-2.10036 -1.31791
-1.94801 -1.10579
-2.10924 -1.52495
-1.87073 -0.954327
-2.12067 -2.21404
-1.61969 -0.635476
-0.660089 -3.76449
-2.61873 -2.99366
-1.00715 -0.316382
-2.58675 -4.96825
-1.62855 -4.08532
-0.775925 -4.65669
-2.54686 -2.81466
-1.09262 -0.56709
-2.20522 -5.67356
-1.35145 -4.48115
-1.84763 -5.11289
-1.25544 -4.96141
-1.99003 -4.59837
-0.96079 -4.16065
-2.3142 -4.26288
-2.11201 -0.0933195
-1.73677 -3.32484
-2.26878 -1.83703
-1.64917 -0.973037
-1.43193 -3.78976
-1.19591 -5.27457
-2.16172 -4.06946
-2.03016 -0.0251451
-1.46965 -3.62017
-0.850647 -4.90048
-2.5176 -2.85463
-1.11059 -0.544069
-2.14475 -5.74475
-1.41309 -4.48918
-1.74532 -5.19904
-1.4383 -4.97553
-1.78209 -4.91258
-1.23106 -5.03173
-2.02964 -4.47985
-1.54155 -3.99731
-0.968359 -5.00308
-2.39534 -3.44098
-1.2074 -0.0464873
-2.03074 -5.92511
-1.65179 -4.3816
-1.03032 -4.99968
-2.30329 -3.79213
-1.49024 0.169995
-0.873021 -5.46894
-2.6088 -0.925971
-1.65632 -1.70718
-2.1496 -2.46775
-1.51853 -0.55698
-0.336824 -4.16237
-2.67675 0.0190465
-1.71693 -2.2378
-2.18357 -1.07021
-1.96796 -1.37208
-2.03525 -1.08452
-2.05833 -1.39757
-1.95272 -1.02501
-2.11487 -1.67007
-1.81448 -0.874058
-2.02532 -2.84007
-1.5929 -0.252578
-0.29815 -4.09676
-2.66649 0.231038
-1.7282 -2.39654
-2.16388 -0.892901
-2.02021 -1.59039
-1.91886 -0.862879
-2.10974 -2.18987
-1.63663 -0.632975
-0.755856 -3.76992
-2.53811 -3.53413
-1.16338 0.116946
-2.30362 -5.67704
-1.44218 -4.38488
-1.64398 -5.28361
-1.58166 -4.88839
-1.57866 -5.11077
-1.62974 -4.96731
-1.52873 -5.08643
-1.68637 -4.94003
-1.42541 -5.10106
-1.80638 -4.80201
-1.08409 -4.94201
-2.20855 -4.10954
-2.00566 0.0301747
-1.29633 -3.68668
-1.65639 -5.45636
-1.60904 -4.76093
-1.47797 -5.17634
-1.75481 -4.81544
-1.20739 -5.04964
-2.06424 -4.39939
-2.04397 -3.30801
-1.62192 -0.0433681
-0.289423 -4.23611
-2.62519 0.520407
-1.71787 -2.71433
-2.20477 -0.984093
-1.97695 -1.47128
-1.99729 -0.969644
-2.09827 -1.65993
-1.83051 -0.864721
-2.04531 -2.74322
-1.57285 -0.315349
-0.307491 -4.1319
-2.66504 0.210137
-1.73034 -2.38509
-2.16004 -0.88035
-2.02453 -1.60996
-1.90832 -0.850114
-2.10373 -2.27862
-1.61398 -0.588223
-0.56686 -3.76413
-2.68476 -2.3681
-1.06294 -0.844244
-2.20468 -5.62208
-1.29877 -4.50431
-1.92559 -5.00066
-1.05416 -4.82479
-2.22505 -4.12585
-2.0039 0.0404122
-1.27108 -3.69096
-1.74463 -5.43419
-1.50511 -4.8203
-1.67778 -5.09606
-1.49804 -5.02716
-1.71636 -4.94982
-1.37794 -5.0872
-1.85935 -4.73835
-0.916329 -4.72786
-2.39022 -3.60857
-1.27989 0.0820604
-1.80498 -6.02893
-1.95297 -4.10984
-2.24073 -2.44141
-1.45337 -0.674452
-0.417711 -4.49521
-2.65059 -0.0188261
-1.74596 -2.24954
-2.13635 -0.841151
-2.04303 -1.68478
-1.8662 -0.809767
-2.05735 -2.64641
-1.57157 -0.372596
-0.312538 -4.06299
-2.68244 0.0638308
-1.71147 -2.25799
-2.19088 -1.10778
-1.95299 -1.33639
-2.05805 -1.14834
-2.02794 -1.29027
-2.01004 -1.13482
-2.06403 -1.35241
-1.9632 -1.06634
-2.10559 -1.55832
-1.86151 -0.930461
-2.10923 -2.33771
-1.59139 -0.568958
-0.451171 -3.80457
-2.73313 -1.43315
-1.30868 -1.45262
-0.704542 -4.98565
-2.64149 -1.28343
-1.50471 -1.54627
-0.972707 -3.88037
-2.32178 -4.43595
-2.3194 -1.14309
-1.86008 -1.39077
-2.1264 -1.30741
-1.93342 -1.1254
-2.11523 -1.53048
-1.86445 -0.955358
-2.11861 -2.25057
-1.60978 -0.617515
-0.583181 -3.76612
-2.67437 -2.48344
-1.04255 -0.753344
-2.31402 -5.4823
-1.2369 -4.43611
-2.00167 -4.91314
-0.893383 -4.56653
-2.3938 -3.68658
-1.3252 0.136474
-1.63875 -6.03096
-2.15844 -3.74446
-1.66047 0.12184
-0.277496 -4.27307
-2.60351 0.670871
-1.67631 -2.89823
-2.25404 -1.82148
-1.66458 -0.961435
-1.5203 -3.74401
-0.778987 -4.74801
-2.56065 -2.64864
-1.12077 -0.709169
-2.0222 -5.81884
-1.5107 -4.50085
-1.54597 -5.26374
-1.68987 -4.82439
-1.35205 -5.12692
-1.89494 -4.66046
-0.809803 -4.48187
-2.48325 -3.31682
-1.1159 -0.121579
-2.33928 -5.57223
-1.35925 -4.39334
-1.81667 -5.182
-1.33585 -4.96557
-1.89761 -4.75771
-0.876485 -4.63414
-2.42427 -3.51406
-1.21034 0.0224894
-2.06467 -5.91421
-1.63285 -4.38182
-1.09048 -5.06565
-2.23643 -3.96877
-1.76715 0.183743
-0.262445 -3.82755
-2.69666 0.161932
-1.69594 -2.29595
-2.21035 -1.24687
-1.89826 -1.22671
-2.12366 -1.45558
-1.88494 -1.01093
-2.13351 -1.9855
-1.68708 -0.746782
-1.29929 -3.80515
-1.71775 -5.41709
-1.5296 -4.82439
-1.64188 -5.11468
-1.55096 -5.00386
-1.64797 -5.01785
-1.51726 -5.06398
-1.69741 -4.94436
-1.40837 -5.09646
-1.82536 -4.78002
-1.02272 -4.8766
-2.27855 -3.93575
-1.66835 0.208661
-0.293231 -4.37775
-2.58457 0.734655
-1.64189 -3.01049
-2.13126 -2.8376
-1.45794 -0.348238
-0.571944 -4.92516
-2.62802 -0.222472
-1.76007 -2.1315
-2.12202 -0.841731
-2.05024 -1.69641
-1.85595 -0.807263
-2.04342 -2.72307
-1.57774 -0.323237
-0.306551 -4.09098
-2.67321 0.154586
-1.72313 -2.33206
-2.1725 -0.962577
-2.00124 -1.49522
-1.96764 -0.938439
-2.11214 -1.80697
-1.76699 -0.802585
-1.82123 -3.38584
-2.19672 -0.692604
-2.02719 -1.8818
-1.81241 -0.689545
-1.83592 -3.33441
-2.13409 -0.472228
-2.02102 -2.42039
-1.66032 -0.439604
-0.59253 -3.73883
-2.66955 -2.56462
-1.02692 -0.68288
-2.39305 -5.3541
-1.235 -4.36563
-2.00203 -4.9532
-0.922117 -4.61582
-2.36434 -3.77653
-1.41748 0.179245
-1.23025 -5.83297
-2.50713 -2.33743
-1.27605 -0.948354
-1.08151 -5.54597
-2.50504 -2.54587
-1.20616 -0.802717
-1.55427 -5.87511
-2.06745 -4.01179
-2.1451 -0.30145
-1.94757 -2.78578
-1.72063 -0.23154
-0.565581 -3.70744
-2.68841 -2.39307
-1.05084 -0.816508
-2.26074 -5.55195
-1.25809 -4.47481
-1.97637 -4.93552
-0.932693 -4.65537
-2.35644 -3.78417
-1.43074 0.180667
-1.16691 -5.78081
-2.53796 -2.0824
-1.34012 -1.11284
-0.658992 -4.95741
-2.64689 -0.937486
-1.60159 -1.70985
-1.94583 -3.26445
-1.81455 -0.0738628
-0.720669 -3.68848
-2.57479 -3.37584
-1.08249 0.0174793
-2.51383 -5.25271
-1.43742 -4.25342
-1.58124 -5.33236
-1.66247 -4.80351
-1.39465 -5.14784
-1.84732 -4.71746
-0.916848 -4.73758
-2.39152 -3.59777
-1.27311 0.0747087
-1.83006 -6.02415
-1.92101 -4.15088
-2.01362 -3.35158
-1.69975 -0.0243516
-0.293733 -3.855
-2.70891 -0.05822
-1.66878 -2.15052
-2.2237 -1.68524
-1.73496 -0.984031
-1.91516 -3.22311
-1.8716 -0.112014
-1.05853 -3.73567
-2.2229 -4.82016
-1.21214 -4.1599
-2.02047 -5.02878
-0.963751 -4.65548
-2.31703 -3.92848
-1.61544 0.224117
-0.430055 -4.75405
-2.57908 0.496349
-1.72053 -2.84088
-2.21964 -1.03419
-1.95524 -1.42139
-2.03239 -1.04082
-2.06888 -1.46911
-1.92043 -0.969718
-2.1257 -1.91387
-1.7184 -0.76868
-1.5358 -3.71162
-0.706249 -4.58435
-2.60317 -2.40841
-1.14958 -0.887511
-1.80373 -5.8812
-1.73879 -4.41069
-0.826782 -4.67041
-2.49178 -3.15208
-1.09755 -0.274376
-2.32652 -5.561
-1.3288 -4.4095
-1.87138 -5.11964
-1.22431 -4.93734
-2.02484 -4.54491
-1.26447 -4.09962
-1.92132 -5.19197
-1.19999 -4.88014
-2.04856 -4.53066
-1.45421 -4.04485
-1.36129 -5.33344
-1.9371 -4.4796
-0.998461 -4.12973
-2.27773 -4.41151
-2.3163 -1.14998
-1.86008 -1.38331
-2.12765 -1.32002
-1.92842 -1.11549
-2.11917 -1.56558
-1.84907 -0.936978
-2.10364 -2.40358
-1.57771 -0.533503
-0.383309 -3.86815
-2.7331 -0.79392
-1.50057 -1.76769
-1.10909 -3.90504
-2.15563 -4.893
-0.950502 -4.25981
-2.31975 -4.17237
-1.95963 0.13125
-0.93153 -3.68195
-2.37976 -4.36011
-2.22475 -0.399457
-1.99374 -2.39163
-1.70025 -0.428633
-0.786712 -3.74817
-2.51257 -3.69712
-1.27997 0.212352
-1.90673 -6.02804
-1.86844 -4.19567
-1.4404 -4.01671
-1.38617 -5.34993
-1.9087 -4.5137
-0.841316 -4.20258
-2.43527 -3.74027
-1.34008 0.188727
-1.61385 -6.0338
-2.19722 -3.6465
-1.52092 0.0886345
-0.661369 -5.15701
-2.61043 -0.238318
-1.77812 -2.13654
-2.09062 -0.748935
-2.06963 -1.90979
-1.76469 -0.711804
-1.68247 -3.57272
-1.60935 -3.88075
-0.67839 -4.39366
-2.6078 -2.52819
-1.10639 -0.784792
-2.05053 -5.7859
-1.46499 -4.51682
-1.65454 -5.23594
-1.56016 -4.9286
-1.62127 -5.07371
-1.56901 -5.01998
-1.62723 -5.02154
-1.54829 -5.05484
-1.65886 -4.98081
-1.48819 -5.08537
-1.73344 -4.89659
-1.3138 -5.08469
-1.93489 -4.62181
-0.811392 -4.29122
-2.4679 -3.52196
-1.18616 0.0513068
-2.17993 -5.81823
-1.52278 -4.40581
-1.45101 -5.28254
-1.80439 -4.69122
-0.974564 -4.84121
-2.33694 -3.75489
-1.42391 0.159386
-1.17938 -5.78835
-2.53084 -2.15125
-1.32143 -1.07061
-0.769657 -5.14475
-2.62847 -1.33277
-1.50647 -1.52008
-0.964649 -3.87757
-2.33044 -4.40719
-2.29655 -0.856664
-1.94911 -1.63331
-1.97334 -0.836063
-2.10544 -2.02314
-1.69584 -0.698701
-1.26799 -3.80519
-1.81119 -5.37559
-1.41417 -4.8676
-1.8034 -4.95427
-1.22262 -5.00973
-2.03665 -4.47838
-1.5919 -3.96658
-0.764547 -4.66328
-2.55989 -2.71488
-1.10379 -0.651041
-2.12176 -5.74818
-1.41472 -4.50311
-1.74645 -5.19268
-1.43477 -4.979
-1.78639 -4.90528
-1.21701 -5.02468
-2.04649 -4.44991
-1.76785 -3.80688
-1.82685 -3.67121
-2.28579 -1.68085
-1.69652 -1.05999
-1.84226 -3.39169
-2.14994 -0.505511
-2.02872 -2.31091
-1.67874 -0.494493
-0.778004 -3.75545
-2.51971 -3.65167
-1.24311 0.188287
-2.04449 -5.95744
-1.70289 -4.32872
-0.826454 -4.69681
-2.49734 -3.10417
-1.09454 -0.317743
-2.3161 -5.56864
-1.32425 -4.41757
-1.87986 -5.10605
-1.20309 -4.92811
-2.04961 -4.4994
-1.58628 -3.97273
-0.785991 -4.70956
-2.54581 -2.78596
-1.09994 -0.594125
-2.16381 -5.71582
-1.38426 -4.49266
-1.79684 -5.15764
-1.35265 -4.9839
-1.87972 -4.77397
-0.916984 -4.71325
-2.38651 -3.63211
-1.29605 0.0974194
-1.74282 -6.03494
-2.03058 -3.99457
-2.2012 -0.508421
-2.01897 -2.21359
-1.71621 -0.527893
-1.06999 -3.79304
-2.20783 -4.8281
-1.15356 -4.17213
-2.10209 -4.86607
-0.897358 -4.29568
-2.37518 -3.93543
-1.57313 0.250565
-0.597519 -5.0817
-2.59469 0.0653394
-1.79441 -2.40996
-2.0334 -0.527964
-2.02511 -2.58345
-1.62218 -0.37108
-0.377047 -3.82813
-2.73645 -0.785694
-1.49658 -1.77005
-1.07072 -3.90399
-2.20751 -4.76844
-1.31106 -4.12778
-1.83354 -5.26588
-1.34911 -4.92318
-1.88064 -4.812
-0.951826 -4.75915
-2.3495 -3.75241
-1.41025 0.161475
-1.24842 -5.84439
-2.49546 -2.4249
-1.25603 -0.887201
-1.22961 -5.68574
-2.40004 -3.0889
-1.17472 -0.349572
-1.97806 -5.90467
-1.63708 -4.42082
-1.121 -5.08669
-2.19801 -4.06525
-1.95932 0.0731543
-1.04656 -3.70262
-2.2393 -4.79524
-1.32621 -4.13073
-1.80064 -5.28907
-1.39803 -4.92035
-1.8252 -4.8936
-1.13176 -4.95771
-2.14638 -4.26292
-2.28964 -0.953692
-1.93177 -1.53069
-2.02296 -0.947408
-2.08786 -1.64749
-1.84293 -0.863175
-2.06134 -2.656
-1.56518 -0.371978
-0.312683 -4.10236
-2.67467 0.122134
-1.72156 -2.30805
-2.17527 -0.98806
-1.9938 -1.46365
-1.98449 -0.969312
-2.10426 -1.69253
-1.81424 -0.852272
-2.00804 -2.90275
-1.61859 -0.21119
-0.29412 -4.00683
-2.68245 0.133034
-1.71274 -2.30197
-2.18872 -1.07057
-1.96466 -1.37323
-2.0378 -1.08675
-2.0562 -1.39148
-1.95638 -1.03003
-2.1128 -1.64864
-1.82375 -0.883773
-2.04767 -2.74056
-1.57008 -0.318745
-0.308833 -4.14465
-2.66311 0.219465
-1.73184 -2.39543
-2.15739 -0.864594
-2.02855 -1.63447
-1.89632 -0.83474
-2.09345 -2.38778
-1.5917 -0.529009
-0.417593 -3.8235
-2.73709 -1.13378
-1.39807 -1.60526
-0.445553 -4.14466
-2.71078 -0.953006
-1.49739 -1.70086
-1.0308 -3.89672
-2.25646 -4.63651
-1.95035 -3.56533
-1.98315 -0.113768
-1.48869 -3.62994
-0.785456 -4.78433
-2.56133 -2.61729
-1.12903 -0.735807
-1.97267 -5.84472
-1.56228 -4.48953
-1.40772 -5.24906
-1.84991 -4.65261
-0.851894 -4.6292
-2.45392 -3.37655
-1.14738 -0.0821918
-2.24743 -5.71396
-1.42786 -4.42132
-1.69226 -5.25391
-1.51911 -4.93236
-1.67839 -5.03687
-1.47834 -5.05929
-1.74238 -4.90384
-1.30146 -5.07611
-1.94867 -4.6036
-0.8425 -4.23174
-2.43385 -3.72645
-1.3296 0.179628
-1.65525 -6.04053
-2.15054 -3.75774
-1.68673 0.122185
-0.252592 -4.11796
-2.62577 0.614598
-1.69717 -2.78203
-2.2418 -1.29798
-1.86143 -1.21578
-2.1456 -1.63359
-1.80585 -0.923196
-2.04508 -2.771
-1.57017 -0.30183
-0.309087 -4.16819
-2.65791 0.255165
-1.73478 -2.43137
-2.15233 -0.829158
-2.03634 -1.69208
-1.86947 -0.801486
-2.05612 -2.64829
-1.57273 -0.370519
-0.312372 -4.05884
-2.68315 0.0590391
-1.71045 -2.2539
-2.1923 -1.11998
-1.9486 -1.32514
-2.06471 -1.1703
-2.01754 -1.2597
-2.02686 -1.17632
-2.0424 -1.27543
-2.00348 -1.14583
-2.06607 -1.34465
-1.96419 -1.07376
-2.10411 -1.54182
-1.86847 -0.939713
-2.11568 -2.2676
-1.60696 -0.606792
-0.556066 -3.7689
-2.69099 -2.28627
-1.08007 -0.907366
-2.11216 -5.71211
-1.37731 -4.53269
-1.81618 -5.1215
-1.30723 -4.98485
-1.93153 -4.68915
-0.808891 -4.4124
-2.47757 -3.39171
-1.13522 -0.0557342
-2.30636 -5.63742
-1.39332 -4.40224
-1.75551 -5.22575
-1.43357 -4.96032
-1.78654 -4.9169
-1.22581 -5.02649
-2.03545 -4.47124
-1.61342 -3.95099
-0.705923 -4.49759
-2.59337 -2.56987
-1.10967 -0.758876
-2.04778 -5.79234
-1.47282 -4.51293
-1.63665 -5.2435
-1.5826 -4.91325
-1.58441 -5.09705
-1.62055 -4.98116
-1.54679 -5.07559
-1.66347 -4.96498
-1.47478 -5.0932
-1.74953 -4.87458
-1.2663 -5.06804
-1.99114 -4.53274
-1.1232 -4.11892
-2.14004 -4.81101
-1.01652 -4.19733
-2.25482 -4.43859
-2.32435 -1.5726
-1.71099 -1.15373
-1.99365 -3.03938
-1.65317 -0.142779
-0.296259 -3.91974
-2.69953 5.85876e-05
-1.68633 -2.19529
-2.21784 -1.42139
-1.83445 -1.11461
-2.14574 -2.02819
-1.66287 -0.743213
-1.12516 -3.81866
-2.12549 -4.99711
-0.908101 -4.42133
-2.36523 -3.89207
-1.53018 0.232279
-0.755685 -5.32316
-2.60848 -0.455357
-1.75615 -1.98264
-2.14518 -0.999365
-2.00925 -1.45177
-1.97482 -0.97625
-2.10811 -1.7048
-1.80692 -0.849361
-1.99038 -2.9678
-1.6514 -0.172279
-0.307522 -3.89454
-2.70913 -0.123797
-1.66254 -2.11395
-2.22106 -1.80583
-1.69188 -0.927755
-1.63879 -3.64891
-0.96693 -4.04065
-2.3161 -4.34258
-2.22974 -0.454773
-2.00365 -2.27472
-1.71671 -0.487856
-0.99508 -3.78229
-2.30308 -4.56397
-2.23722 -2.62269
-1.40281 -0.57504
-0.654224 -5.034
-2.6364 -0.622514
-1.69162 -1.87271
-2.2082 -1.71481
-1.73406 -0.952379
-1.87689 -3.30439
-2.00936 -0.219733
-1.72002 -3.40801
-2.19435 -2.58624
-1.44804 -0.548958
-0.487439 -4.71062
-2.63766 -0.0951882
-1.7573 -2.21238
-2.11907 -0.797784
-2.05596 -1.77556
-1.82324 -0.766865
-1.95206 -3.06812
-1.73944 -0.123978
-0.488701 -3.69956
-2.72758 -1.8216
-1.18336 -1.21935
-1.48678 -5.79622
-2.08304 -4.01692
-2.11864 -0.226549
-1.87847 -3.03381
-1.89739 -0.183969
-1.31689 -3.72391
-1.60713 -5.45243
-1.66422 -4.72598
-1.33724 -5.15419
-1.91778 -4.60849
-0.799264 -4.31774
-2.48201 -3.43147
-1.14385 -0.017167
-2.29686 -5.65933
-1.40939 -4.40167
-1.72306 -5.24547
-1.47979 -4.94599
-1.73026 -4.98578
-1.37314 -5.07075
-1.86321 -4.74313
-0.914428 -4.72221
-2.39159 -3.60602
-1.27745 0.0806805
-1.81501 -6.02742
-1.94062 -4.12599
-2.17367 -2.81769
-1.41649 -0.400351
-0.71485 -5.16013
-2.6294 -0.733082
-1.67718 -1.81193
-2.1993 -1.9919
-1.63778 -0.82336
-1.08872 -3.82569
-2.18204 -4.87316
-1.01585 -4.21888
-2.25422 -4.42531
-2.32418 -1.44141
-1.75828 -1.2164
-2.13016 -2.38703
-1.55846 -0.571436
-0.365094 -3.91833
-2.725 -0.577948
-1.56509 -1.87206
-1.79596 -3.56277
-2.28126 -1.70828
-1.68925 -1.04262
-1.78535 -3.48509
-2.27983 -1.54391
-1.75082 -1.11576
-2.0689 -2.73144
-1.54449 -0.342956
-0.330417 -4.28038
-2.64594 0.275072
-1.74295 -2.47248
-2.13747 -0.757453
-2.05038 -1.82646
-1.81027 -0.735712
-1.88506 -3.2394
-1.9554 -0.172463
-1.50598 -3.63175
-0.728588 -4.66328
-2.59432 -2.42617
-1.1537 -0.877942
-1.78773 -5.88508
-1.76059 -4.39346
-0.774514 -4.53524
-2.52939 -3.01379
-1.07572 -0.387166
-2.34947 -5.49907
-1.29443 -4.40066
-1.92265 -5.0594
-1.10645 -4.85927
-2.16215 -4.27767
-2.28764 -0.919287
-1.94117 -1.56441
-2.00314 -0.903962
-2.09978 -1.77828
-1.78675 -0.804072
-1.89173 -3.24018
-1.9384 -0.155856
-1.41906 -3.68009
-1.13942 -5.24415
-2.23738 -3.8826
-1.66444 0.181705
-0.289878 -4.3539
-2.58935 0.71719
-1.65227 -2.98124
-2.19061 -2.52594
-1.46757 -0.575636
-0.415596 -4.51646
-2.64401 0.0471915
-1.75378 -2.30709
-2.11904 -0.759561
-2.05826 -1.84527
-1.79686 -0.732687
-1.83929 -3.33734
-2.12707 -0.450862
-2.01369 -2.48691
-1.65481 -0.403775
-0.519634 -3.74386
-2.71165 -2.03001
-1.13586 -1.08784
-1.78783 -5.85436
-1.7237 -4.43862
-0.8902 -4.78594
-2.43746 -3.36607
-1.15702 -0.0984453
-2.20161 -5.7662
-1.46245 -4.42912
-1.61938 -5.27599
-1.60838 -4.87805
-1.53191 -5.12664
-1.68731 -4.91413
-1.41065 -5.10934
-1.82407 -4.77352
-1.01874 -4.87374
-2.28341 -3.92164
-1.64573 0.208563
-0.339201 -4.52366
-2.5785 0.672749
-1.66037 -2.98661
-2.21443 -2.35995
-1.4992 -0.683367
-0.349266 -4.13993
-2.68755 -0.122042
-1.69395 -2.13735
-2.21139 -1.37864
-1.85348 -1.13498
-2.14768 -1.85843
-1.72228 -0.817954
-1.63845 -3.6349
-0.992622 -4.03802
-2.28995 -4.43537
-2.32392 -1.30258
-1.80618 -1.29161
-2.16393 -1.79571
-1.7338 -0.864458
-1.76465 -3.48946
-2.26633 -1.98903
-1.59395 -0.907287
-0.903035 -3.81673
-2.39768 -4.19155
-1.94162 0.181359
-0.765684 -3.64925
-2.53999 -3.62433
-1.22052 0.187128
-2.13434 -5.88796
-1.60692 -4.37031
-1.16113 -5.13452
-2.15494 -4.1517
-2.15534 -0.278651
-1.93811 -2.80938
-1.73811 -0.219667
-0.624916 -3.70417
-2.64892 -2.79894
-1.00082 -0.477363
-2.54577 -5.04309
-1.49162 -4.17584
-1.35105 -5.3019
-1.93957 -4.49219
-0.981147 -4.13536
-2.29509 -4.3485
-2.25084 -0.568901
-2.00566 -2.04324
-1.78137 -0.594308
-1.56785 -3.66435
-0.649892 -4.28726
-2.62443 -2.46602
-1.10659 -0.825163
-2.03217 -5.79263
-1.47791 -4.51952
-1.62888 -5.24359
-1.59166 -4.90836
-1.56908 -5.10439
-1.64044 -4.96409
-1.5111 -5.09085
-1.70752 -4.91849
-1.37634 -5.09946
-1.86257 -4.72594
-0.899068 -4.69983
-2.4072 -3.55209
-1.2389 0.0459231
-1.96019 -5.97926
-1.75817 -4.30906
-0.735433 -4.38488
-2.55375 -2.95835
-1.06189 -0.42424
-2.38009 -5.4361
-1.28031 -4.37882
-1.94088 -5.04457
-1.06884 -4.82146
-2.2052 -4.18394
-2.1202 -0.16349
-1.82267 -3.16457
-2.08641 -0.396381
-1.97809 -2.73498
-1.67083 -0.267324
-0.422398 -3.75818
-2.74146 -1.2375
-1.35781 -1.55079
-0.493644 -4.49841
-2.67957 -0.689146
-1.61519 -1.83182
-2.0728 -2.89343
-1.52375 -0.265089
-0.399208 -4.5542
-2.62184 0.269457
-1.7591 -2.52503
-2.10602 -0.641553
-2.0591 -2.10471
-1.70886 -0.613887
-1.19088 -3.80342
-2.00019 -5.2036
-1.11404 -4.78355
-2.14361 -4.36892
-2.30289 -1.95772
-1.58128 -0.964637
-0.896129 -3.82154
-2.40403 -4.16139
-1.88839 0.222488
-0.505434 -3.62364
-2.72516 -1.99795
-1.12603 -1.09479
-1.83392 -5.84409
-1.66522 -4.47654
-1.09738 -5.0502
-2.2207 -4.02107
-1.86027 0.149778
-0.522807 -3.63814
-2.71605 -2.12009
-1.09871 -1.01138
-1.99277 -5.78832
-1.49002 -4.53719
-1.61139 -5.24225
-1.61166 -4.8975
-1.53361 -5.11776
-1.68429 -4.9223
-1.42026 -5.10768
-1.81291 -4.78932
-1.05782 -4.9167
-2.23918 -4.03552
-1.85152 0.163301
-0.473863 -3.64152
-2.73664 -1.7442
-1.19526 -1.26125
-1.40483 -5.75314
-2.17505 -3.83146
-1.71264 0.145074
-0.243897 -4.01496
-2.64476 0.53626
-1.71061 -2.66629
-2.21078 -1.0476
-1.95717 -1.40441
-2.03554 -1.05832
-2.06357 -1.43734
-1.93537 -0.992815
-2.12276 -1.79929
-1.76183 -0.817307
-1.82032 -3.39027
-2.20097 -0.711825
-2.02399 -1.84674
-1.82731 -0.705655
-1.89875 -3.19834
-1.90244 -0.138799
-1.24772 -3.73102
-1.8355 -5.37986
-1.38859 -4.86161
-1.83325 -4.92005
-1.13962 -4.95501
-2.13523 -4.2915
-2.31178 -1.30183
-1.81461 -1.27998
-2.16175 -1.76434
-1.74682 -0.876231
-1.83595 -3.37239
-2.15479 -0.527501
-2.03241 -2.25384
-1.69037 -0.522766
-0.898621 -3.7748
-2.40564 -4.18946
-1.93551 0.18983
-0.726993 -3.64211
-2.57349 -3.42494
-1.10172 0.0612658
-2.47699 -5.34913
-1.40823 -4.29084
-1.67764 -5.30201
-1.54676 -4.89279
-1.63256 -5.0861
-1.55679 -5.01771
-1.64268 -5.01341
-1.52368 -5.06496
-1.68989 -4.95026
-1.42429 -5.09656
-1.80723 -4.80381
-1.08408 -4.94137
-2.20841 -4.11025
-2.00693 0.0285867
-1.30344 -3.68499
-1.62976 -5.45929
-1.64026 -4.739
-1.3999 -5.1716
-1.84464 -4.70649
-0.910811 -4.73092
-2.39808 -3.57383
-1.25596 0.0592514
-1.89519 -6.00619
-1.83883 -4.24062
-1.05841 -4.09024
-2.21647 -4.62907
-1.85758 -3.71813
-2.286 -1.36898
-1.80886 -1.21453
-2.15719 -1.9589
-1.67915 -0.785925
-1.31733 -3.80569
-1.65954 -5.43066
-1.59786 -4.78416
-1.51121 -5.16751
-1.71587 -4.86176
-1.3247 -5.10247
-1.92431 -4.62863
-0.801019 -4.33179
-2.48082 -3.42821
-1.14353 -0.0208492
-2.29594 -5.65991
-1.409 -4.40234
-1.72411 -5.24466
-1.47829 -4.94669
-1.73218 -4.98354
-1.36867 -5.07044
-1.86833 -4.73577
-0.899077 -4.69538
-2.40635 -3.55833
-1.2424 0.0503983
-1.94825 -5.98528
-1.77343 -4.29728
-0.739257 -4.29636
-2.54359 -3.0898
-1.05964 -0.300977
-2.44079 -5.34261
-1.31614 -4.32602
-1.87696 -5.15034
-1.23497 -4.92926
-2.0113 -4.57691
-1.09605 -4.1293
-2.17229 -4.72466
-1.32967 -4.11412
-1.78599 -5.30375
-1.42039 -4.91355
-1.79893 -4.93132
-1.21342 -5.01216
-2.04886 -4.45212
-1.77328 -3.80085
-1.89125 -3.56972
-2.14219 -0.429193
-2.00698 -2.49926
-1.66085 -0.392512
-0.531018 -3.73937
-2.7062 -2.11962
-1.1134 -1.0251
-1.92035 -5.8248
-1.5721 -4.51451
-1.40112 -5.24021
-1.8561 -4.64936
-0.840494 -4.60114
-2.46321 -3.34687
-1.13487 -0.104646
-2.28092 -5.66441
-1.39718 -4.41543
-1.75231 -5.22291
-1.43677 -4.962
-1.78294 -4.9201
-1.23517 -5.03164
-2.02436 -4.49033
-1.46603 -4.03517
-1.3076 -5.30756
-2.00412 -4.38162
-1.7698 -3.7967
-1.87213 -3.60141
-2.20932 -0.682849
-2.02186 -1.88802
-1.81539 -0.682554
-1.83663 -3.33142
-2.13068 -0.463013
-2.01805 -2.44974
-1.65729 -0.424026
-0.556809 -3.7401
-2.69194 -2.31038
-1.07123 -0.885199
-2.15663 -5.67064
-1.33639 -4.52297
-1.8757 -5.05934
-1.1772 -4.92925
-2.08194 -4.42894
-2.03071 -3.34701
-1.66252 -0.0256416
-0.267904 -4.02547
-2.66097 0.366807
-1.72411 -2.50284
-2.17422 -0.898384
-2.01337 -1.5795
-1.92865 -0.869555
-2.11232 -2.12504
-1.65574 -0.663326
-0.930453 -3.79481
-2.3721 -4.3104
-2.15225 -0.162785
-1.85215 -3.07192
-1.9745 -0.240172
-1.67004 -3.48725
-1.68841 -3.80947
-1.03231 -4.05086
-2.24713 -4.56435
-2.15262 -3.00424
-1.41902 -0.271715
-0.805532 -5.31219
-2.62057 -0.987702
-1.62401 -1.67976
-2.03863 -2.9927
-1.57276 -0.188847
-0.323549 -4.32443
-2.62885 0.409353
-1.7369 -2.61826
-2.15806 -0.781785
-2.03883 -1.76455
-1.842 -0.760515
-1.98603 -2.95187
-1.65787 -0.177184
-0.319319 -3.86273
-2.71874 -0.259957
-1.63129 -2.0328
-2.17653 -2.38008
-1.52201 -0.629223
-0.344291 -4.05501
-2.69974 -0.212527
-1.66707 -2.07379
-2.21939 -1.7795
-1.70276 -0.937055
-1.7132 -3.56951
-1.92118 -3.49573
-2.00902 -0.167152
-1.64426 -3.49799
-1.37487 -3.98782
-1.5907 -5.39673
-1.66682 -4.75904
-1.35572 -5.15078
-1.89437 -4.64696
-0.803443 -4.45998
-2.4881 -3.30481
-1.11074 -0.129952
-2.35279 -5.54799
-1.35169 -4.3868
-1.82848 -5.17394
-1.31576 -4.96196
-1.92014 -4.72305
-0.828335 -4.50611
-2.46463 -3.39816
-1.14523 -0.0573743
-2.26938 -5.68985
-1.41763 -4.41366
-1.71062 -5.24778
-1.49555 -4.94187
-1.71015 -5.00636
-1.41668 -5.07092
-1.81357 -4.81207
-1.07894 -4.93283
-2.21352 -4.10054
-1.98447 0.0564583
-1.17306 -3.70344
-2.01508 -5.21802
-1.10837 -4.76579
-2.14896 -4.36605
-2.30862 -1.86195
-1.61353 -1.01119
-1.22363 -3.84159
-1.93801 -5.26325
-1.22042 -4.85431
-2.02287 -4.60045
-1.08463 -4.13485
-2.18516 -4.68705
-1.51394 -4.04142
-1.12753 -5.1714
-2.22162 -3.96063
-1.77989 0.173405
-0.286552 -3.77418
-2.71797 -0.0895726
-1.6523 -2.12324
-2.21691 -1.95189
-1.64051 -0.861606
-1.17652 -3.83012
-2.03507 -5.14609
-1.03889 -4.71206
-2.2292 -4.17792
-2.07618 -0.0632196
-1.63688 -3.47193
-1.35554 -3.99117
-1.6535 -5.3892
-1.59366 -4.81359
-1.5319 -5.15389
-1.69056 -4.89406
-1.39376 -5.11371
-1.844 -4.74348
-0.948923 -4.78267
-2.35835 -3.70593
-1.3671 0.136988
-1.43706 -5.96052
-2.35732 -3.14603
-1.20788 -0.294101
-1.86249 -5.9587
-1.78876 -4.31904
-0.749258 -4.27236
-2.53225 -3.17844
-1.06852 -0.2214
-2.44787 -5.34596
-1.3343 -4.31993
-1.84355 -5.18701
-1.3013 -4.94857
-1.93577 -4.70499
-0.81321 -4.42647
-2.47391 -3.40155
-1.14011 -0.0490463
-2.29257 -5.65905
-1.40374 -4.40626
-1.73622 -5.23634
-1.46104 -4.95346
-1.7537 -4.95789
-1.31587 -5.06167
-1.92924 -4.6452
-0.802696 -4.34484
-2.47972 -3.42521
-1.14327 -0.0242307
-2.29499 -5.66061
-1.40872 -4.40298
-1.72493 -5.24398
-1.47711 -4.94725
-1.73368 -4.98176
-1.36513 -5.07015
-1.87239 -4.7299
-0.887337 -4.67352
-2.41735 -3.52241
-1.21866 0.0264428
-2.03275 -5.93649
-1.66936 -4.36501
-0.957178 -4.90961
-2.38014 -3.55255
-1.26025 0.038063
-1.86 -6.01222
-1.87526 -4.20624
-1.45954 -4.01009
-1.30756 -5.31233
-2.00621 -4.37557
-1.80687 -3.75044
-2.19966 -2.61926
-1.43494 -0.537296
-0.542118 -4.83179
-2.63654 -0.240269
-1.74867 -2.11127
-2.14259 -0.925863
-2.02617 -1.55192
-1.9268 -0.892908
-2.11637 -2.07412
-1.6696 -0.689467
-1.07267 -3.81116
-2.20443 -4.82703
-1.14712 -4.17295
-2.11021 -4.84773
-0.917999 -4.26264
-2.35373 -4.04295
-1.73118 0.250993
-0.232127 -4.08348
-2.61672 0.715864
-1.66863 -2.88399
-2.24803 -1.94667
-1.6218 -0.902233
-1.10554 -3.834
-2.15754 -4.92409
-0.933948 -4.29091
-2.33617 -4.09023
-1.81541 0.225233
-0.308195 -3.71927
-2.73406 -0.322009
-1.59641 -1.98998
-2.0462 -3.01667
-1.56223 -0.182175
-0.34454 -4.40906
-2.62157 0.403882
-1.74035 -2.63432
-2.1526 -0.754386
-2.04371 -1.81591
-1.81982 -0.736041
-1.91205 -3.17262
-1.85965 -0.120718
-1.0216 -3.7347
-2.27262 -4.68605
-1.8118 -3.7939
-2.16341 -2.80941
-1.42811 -0.395115
-0.665541 -5.08213
-2.63074 -0.555719
-1.712 -1.9123
-2.20007 -1.43597
-1.84075 -1.08855
-2.14235 -2.05257
-1.65687 -0.728979
-1.05678 -3.81434
-2.22603 -4.77026
-1.36388 -4.11503
-1.70032 -5.34484
-1.53056 -4.87142
-1.65139 -5.08654
-1.53163 -5.02525
-1.67546 -4.98592
-1.46385 -5.08375
-1.76113 -4.86778
-1.23756 -5.05258
-2.02511 -4.47697
-1.5243 -4.00627
-1.04645 -5.09531
-2.31506 -3.7055
-1.40846 0.126965
-1.22389 -5.82018
-2.50584 -2.35753
-1.27005 -0.934895
-1.12309 -5.58784
-2.47841 -2.7058
-1.18214 -0.677199
-1.74952 -5.91798
-1.84693 -4.30012
-0.958864 -4.11103
-2.31932 -4.28012
-2.13529 -0.144038
-1.81956 -3.15977
-2.09245 -0.411562
-1.98898 -2.67865
-1.65873 -0.299172
-0.416566 -3.76968
-2.74128 -1.17825
-1.37673 -1.58088
-0.453832 -4.32051
-2.69426 -0.711003
-1.58704 -1.81839
-1.9221 -3.33206
-1.90516 -0.102389
-1.18549 -3.73241
-1.99447 -5.23445
-1.14023 -4.79453
-2.11296 -4.43764
-2.12638 -3.06473
-1.45046 -0.215345
-0.705189 -5.17459
-2.62454 -0.582877
-1.71493 -1.89737
-2.1983 -1.42691
-1.84508 -1.09241
-2.14351 -2.01447
-1.66936 -0.746316
-1.17653 -3.81847
-2.03283 -5.15369
-1.04646 -4.71933
-2.22055 -4.19894
-2.11983 -0.154967
-1.81383 -3.1832
-2.11713 -0.46711
-2.01868 -2.47449
-1.6512 -0.413725
-0.516861 -3.74628
-2.71286 -2.00702
-1.14197 -1.10371
-1.75097 -5.85625
-1.76746 -4.407
-0.774822 -4.52882
-2.52818 -3.02572
-1.07555 -0.376258
-2.35499 -5.49179
-1.295 -4.39653
-1.92135 -5.06325
-1.11131 -4.86276
-2.1564 -4.29036
-2.30087 -1.07119
-1.89349 -1.43186
-2.08784 -1.13704
-2.01091 -1.29249
-2.02264 -1.14169
-2.05384 -1.32747
-1.97886 -1.08967
-2.09309 -1.47868
-1.89884 -0.974837
-2.12855 -2.0033
-1.68457 -0.733481
-1.25768 -3.81043
-1.84194 -5.35475
-1.3725 -4.87475
-1.85236 -4.88537
-1.07284 -4.8986
-2.21416 -4.11682
-2.00739 0.0308737
-1.30064 -3.68529
-1.64008 -5.45843
-1.62817 -4.74765
-1.43124 -5.17564
-1.80846 -4.75193
-1.02926 -4.89483
-2.27386 -3.94115
-1.68078 0.207035
-0.272845 -4.29738
-2.59126 0.74493
-1.64371 -2.99397
-2.14967 -2.7515
-1.45194 -0.413488
-0.552099 -4.87493
-2.63075 -0.199839
-1.75875 -2.14498
-2.12283 -0.838543
-2.05021 -1.70099
-1.85437 -0.804543
-2.03952 -2.74171
-1.58069 -0.310924
-0.305034 -4.08984
-2.67248 0.165161
-1.72381 -2.34042
-2.17133 -0.952858
-2.00406 -1.5077
-1.96103 -0.927158
-2.11413 -1.85415
-1.74852 -0.782692
-1.71554 -3.5439
-1.99113 -3.34384
-1.74513 -0.0315719
-0.395111 -3.71869
-2.74685 -1.04587
-1.40637 -1.64261
-0.459211 -4.07724
-2.71499 -1.17675
-1.42389 -1.59376
-0.485711 -3.99066
-2.71416 -1.52083
-1.31136 -1.41646
-0.699758 -4.98279
-2.64247 -1.24672
-1.51529 -1.56358
-1.0879 -3.88924
-2.18477 -4.83361
-1.08431 -4.18688
-2.18333 -4.65799
-1.6198 -3.97287
-0.708745 -4.49867
-2.59093 -2.58999
-1.10641 -0.742951
-2.06895 -5.77858
-1.4527 -4.5133
-1.67789 -5.22758
-1.53052 -4.94488
-1.66525 -5.0392
-1.49857 -5.05624
-1.71861 -4.92967
-1.36252 -5.09081
-1.87767 -4.70898
-0.861338 -4.62349
-2.44135 -3.44092
-1.17283 -0.031243
-2.18062 -5.80192
-1.49946 -4.41942
-1.52322 -5.28796
-1.72022 -4.78054
-1.25385 -5.09292
-2.01204 -4.47955
-1.43019 -4.04797
-1.45048 -5.3659
-1.82828 -4.61331
-0.850369 -4.64422
-2.45838 -3.34538
-1.13798 -0.108341
-2.26754 -5.68219
-1.40577 -4.41964
-1.73686 -5.23106
-1.45874 -4.95671
-1.75671 -4.95273
-1.30713 -5.05976
-1.93948 -4.62913
-0.813731 -4.29046
-2.46536 -3.53519
-1.19358 0.0605269
-2.15696 -5.84319
-1.54743 -4.40141
-1.37695 -5.26137
-1.89201 -4.58626
-0.786932 -4.36059
-2.49782 -3.31743
-1.10642 -0.111627
-2.37674 -5.51023
-1.34905 -4.37185
-1.8296 -5.17905
-1.31664 -4.95964
-1.919 -4.72646
-0.831188 -4.5155
-2.46241 -3.40351
-1.14808 -0.0537785
-2.26094 -5.70191
-1.42485 -4.41522
-1.69613 -5.25425
-1.51455 -4.93344
-1.68456 -5.03172
-1.4672 -5.06224
-1.75544 -4.8879
-1.2645 -5.06212
-1.99238 -4.53387
-1.12618 -4.11869
-2.13635 -4.81984
-0.994828 -4.20754
-2.27658 -4.36004
-2.27585 -0.732903
-1.98247 -1.78269
-1.88985 -0.723236
-2.0307 -2.74034
-1.59275 -0.303919
-0.305086 -4.02899
-2.68468 0.0752483
-1.70905 -2.2618
-2.19411 -1.12873
-1.94493 -1.31763
-2.06971 -1.1869
-2.0095 -1.23818
-2.03889 -1.20948
-2.025 -1.2242
-2.03111 -1.21483
-2.02918 -1.22237
-2.02853 -1.21426
-2.03122 -1.22484
-2.02635 -1.20991
-2.03398 -1.23192
-2.02235 -1.19964
-2.03962 -1.24836
-2.01351 -1.17743
-2.05162 -1.28677
-1.99318 -1.13135
-2.07619 -1.3824
-1.94426 -1.04227
-2.11759 -1.66145
-1.81561 -0.881218
-2.03259 -2.81104
-1.58401 -0.272089
-0.301853 -4.1234
-2.66312 0.242174
-1.73086 -2.41119
-2.15927 -0.866306
-2.02726 -1.63097
-1.89867 -0.836592
-2.09533 -2.36915
-1.5951 -0.539335
-0.437167 -3.80859
-2.73567 -1.31296
-1.34402 -1.51546
-0.540381 -4.63998
-2.66975 -0.768878
-1.61147 -1.79333
-2.04061 -3.00504
-1.57031 -0.184142
-0.328915 -4.34905
-2.62623 0.412501
-1.73736 -2.62803
-2.15807 -0.778278
-2.03916 -1.77036
-1.83969 -0.757483
-1.97889 -2.97647
-1.67284 -0.163788
-0.337393 -3.81999
-2.73017 -0.460029
-1.57948 -1.9257
-1.9259 -3.33599
-1.89753 -0.0957148
-1.13955 -3.73388
-2.0898 -5.09678
-0.964758 -4.58563
-2.30849 -3.99949
-1.71333 0.228087
-0.241687 -4.14286
-2.60881 0.730572
-1.66047 -2.92186
-2.23043 -2.19739
-1.54268 -0.775482
-0.454563 -3.84495
-2.72988 -1.42191
-1.31817 -1.46106
-0.656883 -4.89941
-2.65069 -1.11164
-1.54584 -1.62807
-1.44593 -3.84141
-1.18943 -5.26065
-2.16515 -4.06741
-2.02094 -0.0110561
-1.41917 -3.64694
-1.10449 -5.21647
-2.27952 -3.7673
-1.4967 0.153361
-0.827406 -5.40787
-2.61151 -0.76896
-1.69224 -1.79093
-2.20284 -1.83582
-1.69274 -0.892891
-1.58953 -3.68766
-0.67086 -4.19983
-2.60327 -2.73216
-1.05713 -0.601897
-2.3216 -5.50115
-1.2619 -4.42667
-1.96964 -4.9745
-0.972678 -4.71204
-2.31356 -3.90834
-1.59588 0.217566
-0.487708 -4.87357
-2.585 0.350495
-1.75863 -2.69271
-2.11996 -0.624452
-2.05389 -2.1138
-1.71086 -0.604674
-1.1859 -3.80264
-2.01049 -5.1904
-1.09432 -4.76634
-2.1661 -4.32135
-2.31172 -1.23735
-1.8358 -1.31995
-2.15226 -1.55101
-1.83123 -0.975086
-2.10514 -2.42533
-1.57035 -0.525461
-0.363109 -3.90476
-2.72616 -0.577956
-1.56306 -1.87153
-1.77952 -3.58587
-2.25333 -2.18647
-1.53061 -0.807902
-0.438177 -3.86809
-2.73149 -1.26033
-1.36852 -1.5451
-0.468201 -4.4068
-2.68637 -0.662762
-1.61054 -1.84368
-2.05826 -2.95084
-1.54233 -0.22392
-0.371297 -4.48381
-2.62103 0.342504
-1.75011 -2.58646
-2.12821 -0.685606
-2.05542 -1.97406
-1.7552 -0.668536
-1.56549 -3.67706
-0.650319 -4.32189
-2.62592 -2.41913
-1.11965 -0.86361
-1.95708 -5.83256
-1.55681 -4.50417
-1.43343 -5.25192
-1.81904 -4.69144
-0.944248 -4.79462
-2.36737 -3.66445
-1.33133 0.113374
-1.58945 -6.01614
-2.20623 -3.63162
-1.49773 0.0809545
-0.754047 -5.29553
-2.6145 -0.557371
-1.73226 -1.91476
-2.1818 -1.24837
-1.91606 -1.20569
-2.11492 -1.43488
-1.8983 -1.01956
-2.13296 -1.8965
-1.71921 -0.78447
-1.56713 -3.69147
-0.652198 -4.33474
-2.62518 -2.41453
-1.12199 -0.868014
-1.94437 -5.83827
-1.57094 -4.4997
-1.39247 -5.24147
-1.86718 -4.63323
-0.815564 -4.53251
-2.48277 -3.28718
-1.11193 -0.149819
-2.33858 -5.56744
-1.35263 -4.39557
-1.82888 -5.1699
-1.31326 -4.963
-1.92306 -4.71748
-0.82338 -4.4874
-2.46827 -3.39148
-1.14115 -0.0613878
-2.28197 -5.67164
-1.40763 -4.41072
-1.72998 -5.23836
-1.46936 -4.95151
-1.74352 -4.96954
-1.34111 -5.06719
-1.90003 -4.68923
-0.822714 -4.51463
-2.4722 -3.35414
-1.13014 -0.0932296
-2.30415 -5.63304
-1.38499 -4.40646
-1.7729 -5.21211
-1.40661 -4.96613
-1.81782 -4.87405
-1.12865 -4.96204
-2.15154 -4.24788
-2.27222 -0.800084
-1.97451 -1.69664
-1.92647 -0.780179
-2.08742 -2.37296
-1.60156 -0.528801
-0.449604 -3.7973
-2.73394 -1.42702
-1.30931 -1.45541
-0.700793 -4.97881
-2.64228 -1.27067
-1.50777 -1.55239
-1.0065 -3.88359
-2.28486 -4.55738
-2.22867 -2.66469
-1.39891 -0.542699
-0.69397 -5.10494
-2.63375 -0.743821
-1.66886 -1.80633
-2.19187 -2.1142
-1.59911 -0.763528
-0.721862 -3.78257
-2.56667 -3.3473
-1.07638 -0.0193351
-2.51498 -5.24071
-1.43362 -4.25184
-1.59067 -5.33202
-1.65166 -4.81213
-1.42164 -5.15082
-1.81626 -4.75752
-1.01855 -4.87913
-2.28499 -3.91369
-1.63463 0.207626
-0.365611 -4.59539
-2.57793 0.624493
-1.67772 -2.95126
-2.25269 -1.90276
-1.63509 -0.926067
-1.24802 -3.8312
-1.87554 -5.32399
-1.32222 -4.87808
-1.90911 -4.79595
-0.894402 -4.65501
-2.40515 -3.58658
-1.25706 0.0712266
-1.89928 -6.00689
-1.83723 -4.24091
-1.04702 -4.09143
-2.22891 -4.59197
-2.02825 -3.38622
-1.68455 -0.0116829
-0.272736 -3.93473
-2.68319 0.20843
-1.71168 -2.34889
-2.1904 -1.05803
-1.967 -1.38688
-2.03183 -1.06814
-2.06393 -1.42659
-1.93872 -1.00171
-2.12157 -1.76704
-1.77439 -0.83143
-1.88298 -3.26653
-1.97379 -0.184766
-1.5816 -3.5717
-0.717122 -4.10434
-2.55948 -3.13098
-1.04806 -0.244481
-2.50027 -5.22072
-1.38396 -4.26457
-1.72262 -5.2916
-1.49207 -4.91579
-1.71135 -5.02026
-1.42092 -5.06517
-1.80828 -4.82266
-1.10014 -4.95192
-2.18854 -4.15848
-2.10941 -0.14817
-1.79467 -3.22817
-2.18308 -0.681273
-2.03377 -1.91357
-1.79548 -0.678527
-1.76184 -3.46124
-2.2701 -1.90956
-1.62112 -0.944686
-1.17248 -3.83821
-2.04432 -5.12924
-1.01846 -4.68752
-2.25206 -4.12342
-1.96101 0.098514
-1.00209 -3.6951
-2.2982 -4.63257
-2.05705 -3.32691
-1.60392 -0.0384492
-0.316761 -4.36245
-2.61184 0.53157
-1.71613 -2.76479
-2.21465 -1.0309
-1.95919 -1.423
-2.0283 -1.03476
-2.07245 -1.48465
-1.91232 -0.959594
-2.12591 -1.97525
-1.69645 -0.742374
-1.35334 -3.79205
-1.52184 -5.4329
-1.76059 -4.65154
-1.03245 -4.93096
-2.27892 -3.9065
-1.63401 0.203595
-0.364787 -4.59208
-2.57837 0.623594
-1.67832 -2.94904
-2.2534 -1.88575
-1.64097 -0.933952
-1.30593 -3.82313
-1.70707 -5.41613
-1.5411 -4.82085
-1.62297 -5.12527
-1.57735 -4.98729
-1.60983 -5.04873
-1.57883 -5.02971
-1.61613 -5.02234
-1.56412 -5.04939
-1.63836 -4.99799
-1.52538 -5.07224
-1.68871 -4.9468
-1.42465 -5.09809
-1.80697 -4.80316
-1.08399 -4.9415
-2.20856 -4.10976
-2.00597 0.0298114
-1.29802 -3.68628
-1.65011 -5.45721
-1.6164 -4.75592
-1.46042 -5.17684
-1.77494 -4.79216
-1.14237 -5.00364
-2.14228 -4.24845
-2.28201 -0.886356
-1.952 -1.59753
-1.98167 -0.865558
-2.10633 -1.92504
-1.72932 -0.742378
-1.55297 -3.69638
-0.664445 -4.43725
-2.62265 -2.34479
-1.14807 -0.92637
-1.79353 -5.87713
-1.74455 -4.4098
-0.814359 -4.6418
-2.50116 -3.11614
-1.09109 -0.304163
-2.33477 -5.54135
-1.31822 -4.40647
-1.88755 -5.10204
-1.18905 -4.91872
-2.06576 -4.4705
-1.79865 -3.77239
-2.13071 -2.94385
-1.44807 -0.288293
-0.657595 -5.08657
-2.62708 -0.463993
-1.73229 -1.96958
-2.17774 -1.18282
-1.93919 -1.25967
-2.08795 -1.28344
-1.96782 -1.13456
-2.09243 -1.42477
-1.91796 -1.01434
-2.12826 -1.82007
-1.75025 -0.813532
-1.7676 -3.47672
-2.27296 -1.86246
-1.6369 -0.967628
-1.33247 -3.82076
-1.61799 -5.43202
-1.64532 -4.7528
-1.39806 -5.16644
-1.84602 -4.70776
-0.909611 -4.72815
-2.39909 -3.5711
-1.25387 0.0575432
-1.90316 -6.00339
-1.82884 -4.25009
-0.972282 -4.10206
-2.30634 -4.33306
-2.22333 -0.432354
-2.00115 -2.32858
-1.70595 -0.462186
-0.880997 -3.76514
-2.42366 -4.11935
-1.81345 0.266381
-0.271944 -3.75892
-2.71327 0.012422
-1.66755 -2.18457
-2.22541 -1.67606
-1.73725 -0.990252
-1.9297 -3.18791
-1.82292 -0.100449
-0.808923 -3.70483
-2.49653 -3.81811
-1.39607 0.267837
-1.41946 -5.97116
-2.39312 -2.97691
-1.19411 -0.442461
-1.83128 -5.94288
-1.79354 -4.32868
-0.751802 -4.27019
-2.52956 -3.19642
-1.07135 -0.205676
-2.44605 -5.3535
-1.33622 -4.32161
-1.84045 -5.18926
-1.30663 -4.94983
-1.92978 -4.7145
-0.818636 -4.46114
-2.47097 -3.39432
-1.1401 -0.0572883
-2.28803 -5.66389
-1.40458 -4.4085
-1.73532 -5.23606
-1.46208 -4.95354
-1.75246 -4.95914
-1.3189 -5.06249
-1.92573 -4.65053
-0.801413 -4.36427
-2.4823 -3.39866
-1.13409 -0.0464562
-2.31542 -5.62565
-1.39045 -4.39801
-1.75974 -5.22451
-1.42777 -4.96083
-1.79328 -4.90848
-1.20617 -5.01555
-2.05889 -4.42941
-1.91653 -3.58956
-2.09194 -0.29127
-1.90962 -2.97054
-1.81137 -0.166661
-0.882961 -3.72568
-2.4253 -4.14194
-1.85049 0.252062
-0.358281 -3.66397
-2.75077 -0.786905
-1.46973 -1.76228
-0.817659 -3.88691
-2.47311 -3.79293
-1.3735 0.240143
-1.50145 -6.00551
-2.31875 -3.27779
-1.24643 -0.178256
-1.76193 -5.99179
-1.93971 -4.15163
-2.11572 -3.05237
-1.46411 -0.214276
-0.645824 -5.07945
-2.62398 -0.379298
-1.74824 -2.02612
-2.15167 -1.00621
-2.00375 -1.44226
-1.98263 -0.986467
-2.10383 -1.66295
-1.82524 -0.867888
-2.03929 -2.77416
-1.57767 -0.295285
-0.305016 -4.12995
-2.66381 0.227002
-1.73088 -2.39923
-2.15913 -0.870551
-2.02666 -1.62475
-1.90135 -0.840599
-2.098 -2.3429
-1.60009 -0.553855
-0.468455 -3.7908
-2.72938 -1.58766
-1.26228 -1.36701
-0.980193 -5.38401
-2.54096 -2.36316
-1.23298 -0.936561
-1.33313 -5.75318
-2.297 -3.47457
-1.30914 -0.0253804
-1.57827 -5.9922
-2.18858 -3.69005
-1.5651 0.108157
-0.507697 -4.88988
-2.59585 0.231864
-1.77667 -2.55647
-2.06932 -0.543463
-2.0404 -2.42458
-1.637 -0.456357
-0.509146 -3.75587
-2.71592 -1.94038
-1.16044 -1.14911
-1.63774 -5.84619
-1.90421 -4.27635
-1.43565 -4.02553
-1.41154 -5.35804
-1.87702 -4.55417
-0.780478 -4.35496
-2.50439 -3.28459
-1.09699 -0.138453
-2.39488 -5.47112
-1.34008 -4.36114
-1.84296 -5.17076
-1.294 -4.95362
-1.94444 -4.68662
-0.809798 -4.36968
-2.47344 -3.44118
-1.15206 -0.0140437
-2.26895 -5.69909
-1.42946 -4.40883
-1.6836 -5.26194
-1.53118 -4.92366
-1.66073 -5.0537
-1.50958 -5.04728
-1.70472 -4.94815
-1.39755 -5.09269
-1.83737 -4.76603
-0.984505 -4.82905
-2.32031 -3.82087
-1.49819 0.187575
-0.853919 -5.44766
-2.60962 -0.840921
-1.67727 -1.75165
-2.1903 -2.09398
-1.60737 -0.770026
-0.784429 -3.78859
-2.51122 -3.67156
-1.25967 0.194772
-1.98029 -5.99518
-1.77749 -4.27875
-0.749415 -4.24971
-2.53111 -3.20173
-1.07065 -0.199089
-2.45121 -5.34398
-1.34032 -4.3169
-1.83166 -5.19918
-1.32321 -4.95157
-1.9111 -4.74481
-0.850576 -4.571
-2.44655 -3.44744
-1.17128 -0.0232363
-2.19148 -5.79175
-1.49153 -4.41843
-1.54288 -5.28844
-1.69771 -4.80153
-1.31954 -5.12144
-1.93378 -4.60181
-0.818949 -4.26378
-2.4591 -3.58444
-1.22178 0.0955155
-2.06716 -5.92539
-1.65072 -4.36566
-1.0152 -4.98528
-2.32073 -3.73922
-1.42762 0.146995
-1.14912 -5.76013
-2.5434 -2.03986
-1.35055 -1.13869
-0.602132 -4.84629
-2.65359 -0.755368
-1.63848 -1.80063
-2.13786 -2.57347
-1.50148 -0.492822
-0.365716 -4.37192
-2.64776 0.15943
-1.74817 -2.38297
-2.12706 -0.755823
-2.05501 -1.8418
-1.80089 -0.731678
-1.85131 -3.31281
-2.08227 -0.346058
-1.94355 -2.87168
-1.73045 -0.196185
-0.555027 -3.70223
-2.69495 -2.32024
-1.06416 -0.872265
-2.18949 -5.63541
-1.30748 -4.51215
-1.91454 -5.01259
-1.08066 -4.85236
-2.19473 -4.19553
-2.1523 -0.248887
-1.91777 -2.88471
-1.78235 -0.19136
-0.787294 -3.71556
-2.51493 -3.71089
-1.29137 0.22274
-1.8651 -6.04133
-1.92047 -4.13665
-2.04953 -3.25632
-1.59555 -0.0680257
-0.321573 -4.36866
-2.61418 0.506079
-1.72193 -2.7374
-2.20091 -0.949704
-1.98725 -1.511
-1.97515 -0.927665
-2.10963 -1.80681
-1.76895 -0.800078
-1.82544 -3.37764
-2.18289 -0.633015
-2.0342 -2.00053
-1.76618 -0.637178
-1.56741 -3.67108
-0.649978 -4.30042
-2.62503 -2.44795
-1.11153 -0.840073
-2.00393 -5.80924
-1.507 -4.5156
-1.56297 -5.25784
-1.66956 -4.8456
-1.40594 -5.13515
-1.83247 -4.74584
-0.973531 -4.82031
-2.33336 -3.77896
-1.4474 0.171114
-1.07667 -5.69589
-2.57119 -1.72578
-1.43874 -1.31285
-0.437623 -4.01109
-2.72151 -1.08179
-1.44159 -1.63718
-0.569403 -3.9145
-2.67774 -2.27339
-1.102 -0.93484
-2.00728 -5.79152
-1.48649 -4.52984
-1.61545 -5.24375
-1.60723 -4.89927
-1.54144 -5.11549
-1.67485 -4.93159
-1.4413 -5.10649
-1.78884 -4.82053
-1.13893 -4.99088
-2.14398 -4.25107
-2.28254 -0.889441
-1.95101 -1.59432
-1.9837 -0.868996
-2.10599 -1.91061
-1.73468 -0.748444
-1.59247 -3.66669
-0.687296 -4.15948
-2.58762 -2.88886
-1.04239 -0.463075
-2.42757 -5.33325
-1.2821 -4.33629
-1.93352 -5.07596
-1.10388 -4.8478
-2.16376 -4.28003
-2.28815 -0.9226
-1.94008 -1.56119
-2.00524 -0.908034
-2.09879 -1.76449
-1.79247 -0.809986
-1.91555 -3.18295
-1.85495 -0.115302
-0.988664 -3.73093
-2.31301 -4.56403
-2.24721 -2.56625
-1.41058 -0.616487
-0.594129 -4.91956
-2.63931 -0.445117
-1.71964 -1.97636
-2.19115 -1.28333
-1.89868 -1.18463
-2.12855 -1.53455
-1.85353 -0.963624
-2.11604 -2.2993
-1.59688 -0.593558
-0.496359 -3.78461
-2.71991 -1.81744
-1.19738 -1.23046
-1.40371 -5.75651
-2.18057 -3.81623
-1.6876 0.145616
-0.253439 -4.15124
-2.61732 0.657201
-1.68514 -2.8409
-2.25458 -1.56202
-1.76049 -1.07804
-2.06424 -2.74036
-1.54902 -0.334164
-0.326083 -4.26206
-2.64739 0.277385
-1.74169 -2.47086
-2.1399 -0.76668
-2.04869 -1.80741
-1.81838 -0.744314
-1.9171 -3.16156
-1.84356 -0.116621
-0.937952 -3.72545
-2.36971 -4.3684
-2.23913 -0.468063
-2.00299 -2.2359
-1.72786 -0.504422
-1.09597 -3.79145
-2.16975 -4.91783
-0.952726 -4.27115
-2.317 -4.1744
-1.96549 0.124487
-0.967241 -3.68708
-2.34008 -4.50102
-2.32713 -1.72358
-1.65316 -1.09103
-1.64102 -3.66616
-0.950896 -4.0433
-2.33209 -4.28242
-2.12955 -0.124468
-1.79385 -3.21564
-2.1797 -0.670673
-2.03547 -1.93578
-1.78643 -0.669018
-1.71186 -3.52972
-1.98863 -3.34846
-1.75285 -0.0313652
-0.417498 -3.70555
-2.74602 -1.24282
-1.34775 -1.54498
-0.524399 -4.59154
-2.6732 -0.745746
-1.6118 -1.80451
-2.04711 -2.98434
-1.55936 -0.19883
-0.344298 -4.40205
-2.62345 0.392111
-1.74163 -2.61971
-2.14859 -0.744342
-2.04617 -1.8376
-1.81012 -0.726628
-1.87404 -3.26252
-1.99548 -0.212347
-1.67938 -3.46621
-1.83057 -3.63942
-2.28452 -1.43759
-1.78589 -1.17498
-2.14068 -2.24362
-1.5938 -0.646611
-0.54107 -3.77849
-2.699 -2.16808
-1.10753 -0.995439
-1.9588 -5.81062
-1.53185 -4.52512
-1.5103 -5.25648
-1.72949 -4.79124
-1.24219 -5.08196
-2.02502 -4.46072
-1.58964 -3.96604
-0.770206 -4.67651
-2.55636 -2.732
-1.10289 -0.637558
-2.13172 -5.74096
-1.40726 -4.501
-1.75922 -5.18446
-1.41505 -4.98229
-1.80916 -4.87493
-1.14659 -4.97858
-2.13073 -4.28949
-2.31251 -1.33504
-1.80295 -1.26127
-2.16214 -1.88961
-1.70071 -0.821215
-1.51993 -3.72826
-0.765863 -4.72441
-2.5694 -2.59604
-1.12705 -0.750171
-1.97481 -5.84122
-1.55707 -4.49268
-1.4241 -5.25279
-1.83057 -4.67609
-0.906266 -4.73468
-2.40481 -3.54287
-1.23656 0.0379732
-1.9646 -5.97589
-1.7508 -4.31513
-0.740579 -4.43132
-2.55285 -2.93095
-1.06632 -0.451942
-2.35305 -5.4791
-1.27987 -4.40003
-1.94346 -5.02991
-1.05327 -4.80859
-2.22352 -4.13926
-2.02629 0.0113724
-1.39477 -3.6538
-1.22411 -5.3186
-2.13922 -4.10296
-2.1179 -0.19286
-1.84819 -3.10967
-1.99786 -0.257925
-1.74762 -3.37527
-2.27125 -1.81901
-1.65432 -0.98356
-1.4856 -3.76592
-0.935458 -5.00098
-2.4409 -3.2323
-1.13828 -0.218544
-2.20541 -5.73905
-1.42893 -4.44433
-1.69923 -5.24257
-1.5081 -4.9422
-1.69419 -5.01937
-1.44763 -5.06788
-1.77822 -4.8582
-1.1947 -5.02521
-2.07593 -4.38798
-2.12483 -3.06002
-1.45238 -0.216874
-0.695307 -5.15897
-2.62464 -0.549273
-1.721 -1.91753
-2.19264 -1.3429
-1.87779 -1.14245
-2.14129 -1.71224
-1.78015 -0.878702
-1.95098 -3.10334
-1.74973 -0.112356
-0.511144 -3.69259
-2.71842 -1.99981
-1.13589 -1.10224
-1.78225 -5.85307
-1.72829 -4.4366
-0.876744 -4.7626
-2.44935 -3.3215
-1.14054 -0.134045
-2.24379 -5.70846
-1.41745 -4.42805
-1.71645 -5.23961
-1.48637 -4.94845
-1.72239 -4.99165
-1.38947 -5.07235
-1.84464 -4.76886
-0.973342 -4.81136
-2.33157 -3.7902
-1.4589 0.176287
-1.02646 -5.64574
-2.58528 -1.51932
-1.49757 -1.41712
-0.794033 -3.85471
-2.49737 -3.69315
-1.27942 0.198289
-1.89819 -6.02836
-1.87441 -4.19094
-1.50988 -3.98604
-1.08114 -5.13605
-2.27876 -3.80691
-1.53242 0.170852
-0.68814 -5.21321
-2.60787 -0.270907
-1.77827 -2.11435
-2.09328 -0.765128
-2.06852 -1.87303
-1.7784 -0.728214
-1.76552 -3.46492
-2.27314 -1.84924
-1.64174 -0.973317
-1.37816 -3.80901
-1.4398 -5.40953
-1.85881 -4.55071
-0.77918 -4.41407
-2.51049 -3.20971
-1.08536 -0.20701
-2.40036 -5.44556
-1.32456 -4.35927
-1.86924 -5.14444
-1.24245 -4.93736
-2.00317 -4.5879
-1.03269 -4.14138
-2.24137 -4.52015
-2.23983 -2.5826
-1.41177 -0.599838
-0.599157 -4.93183
-2.63863 -0.451985
-1.71946 -1.97243
-2.19153 -1.28961
-1.89636 -1.18016
-2.13032 -1.55231
-1.84593 -0.954422
-2.10818 -2.37686
-1.581 -0.55055
-0.403427 -3.8446
-2.73606 -0.991536
-1.44196 -1.67417
-0.586155 -3.91092
-2.66716 -2.40117
-1.07521 -0.837811
-2.15872 -5.67698
-1.3428 -4.51805
-1.86592 -5.07391
-1.20263 -4.94325
-2.05202 -4.48536
-1.65824 -3.9184
-0.709797 -4.19382
-2.56785 -3.00458
-1.04562 -0.365442
-2.45731 -5.29156
-1.31733 -4.30864
-1.87132 -5.16375
-1.25064 -4.9327
-1.99311 -4.61026
-0.949402 -4.16699
-2.32541 -4.21755
-2.02868 0.0553101
-1.32197 -3.67292
-1.55164 -5.45969
-1.73335 -4.66266
-1.11166 -5.01471
-2.18869 -4.12567
-2.06195 -0.058963
-1.60135 -3.51367
-0.911324 -4.03271
-2.37226 -4.13494
-1.85924 0.224336
-0.414387 -3.64309
-2.75119 -1.26632
-1.33067 -1.52887
-0.58988 -4.75357
-2.66232 -0.919571
-1.58394 -1.7201
-1.84121 -3.47701
-2.20148 -0.685498
-2.02537 -1.88981
-1.81144 -0.684118
-1.82586 -3.35278
-2.16883 -0.584148
-2.03655 -2.11305
-1.72793 -0.588255
-1.26119 -3.79354
-1.82502 -5.37028
-1.39695 -4.86921
-1.82386 -4.92765
-1.16359 -4.97379
-2.10695 -4.34755
-2.27909 -2.21677
-1.50193 -0.82491
-0.380989 -3.98346
-2.72062 -0.628862
-1.56171 -1.84978
-1.7563 -3.61463
-2.14165 -2.87793
-1.44156 -0.335562
-0.65015 -5.06632
-2.62879 -0.46743
-1.7296 -1.96676
-2.18104 -1.20793
-1.92934 -1.2392
-2.09967 -1.33945
-1.94144 -1.08678
-2.11514 -1.58071
-1.84654 -0.92458
-2.0965 -2.45605
-1.57049 -0.501895
-0.351559 -3.92517
-2.72087 -0.454089
-1.59658 -1.93382
-2.0281 -3.06782
-1.59616 -0.146351
-0.301009 -4.23559
-2.63498 0.430221
-1.73128 -2.61714
-2.16903 -0.829157
-2.02759 -1.68179
-1.88078 -0.803409
-2.06844 -2.56985
-1.57316 -0.419539
-0.323404 -3.99715
-2.69991 -0.12075
-1.67651 -2.12516
-2.22119 -1.60226
-1.76718 -1.02036
-2.03891 -2.83572
-1.57349 -0.265414
-0.308842 -4.20014
-2.65012 0.309432
-1.73706 -2.48808
-2.14942 -0.795741
-2.04168 -1.74858
-1.84505 -0.771422
-2.00068 -2.90021
-1.63052 -0.207792
-0.300426 -3.95013
-2.69648 0.00521172
-1.69081 -2.20231
-2.21438 -1.36306
-1.85693 -1.1478
-2.14765 -1.80855
-1.74046 -0.840199
-1.76134 -3.49043
-2.26078 -2.06643
-1.56904 -0.868276
-0.677751 -3.79354
-2.60291 -3.08771
-1.0177 -0.238572
-2.58782 -4.98649
-1.62012 -4.09607
-0.808661 -4.72557
-2.52396 -2.92366
-1.09224 -0.477138
-2.24845 -5.63555
-1.33418 -4.4593
-1.87081 -5.09696
-1.21062 -4.93838
-2.04158 -4.51004
-1.49428 -4.02497
-1.18706 -5.22624
-2.15262 -4.11369
-2.10799 -0.16391
-1.80941 -3.20064
-2.13587 -0.516349
-2.03278 -2.31681
-1.67273 -0.495823
-0.745489 -3.75195
-2.54856 -3.48661
-1.13612 0.0878422
-2.38093 -5.54635
-1.39887 -4.35719
-1.728 -5.25834
-1.47714 -4.93866
-1.73278 -4.98772
-1.36987 -5.069
-1.8668 -4.73895
-0.904527 -4.70488
-2.40111 -3.57552
-1.2545 0.0615452
-1.90336 -6.00399
-1.82971 -4.24889
-0.980146 -4.10067
-2.29843 -4.36175
-2.26439 -0.643664
-1.99735 -1.91395
-1.8313 -0.653594
-1.84906 -3.29901
-2.08085 -0.346794
-1.94312 -2.87463
-1.73144 -0.194962
-0.557406 -3.70181
-2.69359 -2.33766
-1.06065 -0.858813
-2.20811 -5.61502
-1.2931 -4.50399
-1.93301 -4.98961
-1.03393 -4.8027
-2.24804 -4.07017
-1.88764 0.150385
-0.619396 -3.63828
-2.65719 -2.79142
-0.994341 -0.472138
-2.56529 -4.98898
-1.56591 -4.12638
-1.02572 -5.04892
-2.32799 -3.68219
-1.37913 0.115479
-1.35793 -5.91305
-2.41781 -2.88261
-1.1907 -0.525453
-1.79637 -5.93616
-1.81911 -4.31362
-0.817961 -4.16932
-2.45974 -3.64736
-1.25932 0.142078
-1.94252 -6.00313
-1.80602 -4.26148
-0.840855 -4.14367
-2.43687 -3.77468
-1.36898 0.209404
-1.49469 -5.99802
-2.31911 -3.28027
-1.24631 -0.176389
-1.76386 -5.99198
-1.9378 -4.15389
-2.1008 -3.10355
-1.48694 -0.174671
-0.58174 -4.97484
-2.61963 -0.150609
-1.77388 -2.19322
-2.09136 -0.727338
-2.06905 -1.95238
-1.75052 -0.691542
-1.58051 -3.66856
-0.661379 -4.22077
-2.6121 -2.63925
-1.07061 -0.681317
-2.23968 -5.60779
-1.29965 -4.4779
-1.92251 -5.01959
-1.0746 -4.84153
-2.20089 -4.18467
-2.12771 -0.183085
-1.84858 -3.10089
-1.99367 -0.25497
-1.73502 -3.39576
-2.24728 -2.18502
-1.53532 -0.801247
-0.448738 -3.85574
-2.73046 -1.36223
-1.3371 -1.49279
-0.569392 -4.71431
-2.6648 -0.838045
-1.6017 -1.75952
-1.97541 -3.19634
-1.72337 -0.0788635
-0.384225 -3.73906
-2.74518 -0.936406
-1.44065 -1.69568
-0.587689 -3.91317
-2.66609 -2.41057
-1.07369 -0.830794
-2.16753 -5.66852
-1.33555 -4.51526
-1.87602 -5.06289
-1.17924 -4.92933
-2.07938 -4.43454
-2.00092 -3.41949
-1.76069 -0.0100146
-0.416188 -3.70105
-2.74653 -1.23574
-1.34905 -1.54827
-0.519855 -4.5782
-2.67411 -0.737301
-1.61241 -1.80861
-2.05156 -2.96922
-1.55228 -0.209598
-0.354831 -4.43505
-2.6223 0.373855
-1.74492 -2.60831
-2.14078 -0.720044
-2.05055 -1.89063
-1.78793 -0.703647
-1.76839 -3.45593
-2.27644 -1.74744
-1.67775 -1.02001
-1.69186 -3.60546
-1.62421 -3.87196
-0.67566 -4.29091
-2.60322 -2.65577
-1.0756 -0.674109
-2.22374 -5.63018
-1.31414 -4.48402
-1.90303 -5.04372
-1.12326 -4.88528
-2.14439 -4.30774
-2.31391 -1.34467
-1.79875 -1.25721
-2.16163 -1.93084
-1.6861 -0.803053
-1.39509 -3.78573
-1.35008 -5.37608
-1.97187 -4.4028
-1.46007 -4.02812
-1.3233 -5.31764
-1.98529 -4.40932
-1.52911 -3.99638
-1.01598 -5.0623
-2.34785 -3.60266
-1.31274 0.0673414
-1.63906 -6.02042
-2.14214 -3.78758
-1.73045 0.122569
-0.256231 -3.90038
-2.67911 0.295748
-1.71334 -2.41348
-2.18899 -1.01825
-1.97816 -1.42986
-2.00905 -1.01111
-2.08737 -1.55729
-1.87547 -0.91791
-2.11201 -2.28358
-1.60519 -0.595658
-0.534648 -3.77205
-2.70272 -2.12423
-1.11692 -1.02586
-1.9035 -5.83183
-1.59208 -4.50661
-1.34044 -5.21918
-1.92836 -4.5546
-0.845322 -4.21167
-2.431 -3.75351
-1.35332 0.19432
-1.55594 -6.01853
-2.25777 -3.48064
-1.35537 -0.0156435
-1.35594 -5.89265
-2.40112 -2.97949
-1.18698 -0.442215
-1.86525 -5.93485
-1.75168 -4.36166
-0.764653 -4.51684
-2.53756 -2.9735
-1.07351 -0.421173
-2.3418 -5.50504
-1.28997 -4.40699
-1.92976 -5.04625
-1.08583 -4.84185
-2.18624 -4.2243
-2.20311 -0.417445
-2.00118 -2.39434
-1.69032 -0.433503
-0.73947 -3.74324
-2.55445 -3.45794
-1.12117 0.0691797
-2.42005 -5.46953
-1.38995 -4.33503
-1.73838 -5.26023
-1.46502 -4.93895
-1.74763 -4.97295
-1.33585 -5.06379
-1.90581 -4.68216
-0.814674 -4.48297
-2.4778 -3.34496
-1.12457 -0.0985179
-2.32105 -5.60617
-1.37397 -4.40012
-1.79169 -5.2003
-1.37741 -4.96772
-1.85093 -4.82741
-1.01991 -4.85525
-2.27747 -3.95044
-1.68742 0.209718
-0.264599 -4.2618
-2.59464 0.746571
-1.6458 -2.98311
-2.16456 -2.67537
-1.45285 -0.469845
-0.513846 -4.7856
-2.63318 -0.121364
-1.76094 -2.1989
-2.11383 -0.787142
-2.05907 -1.80119
-1.81158 -0.755833
-1.9112 -3.18018
-1.86449 -0.120921
-1.04439 -3.73631
-2.24258 -4.76882
-1.41941 -4.09772
-1.52638 -5.36952
-1.73506 -4.71513
-1.16024 -5.04397
-2.12761 -4.26226
-2.30297 -1.13828
-1.87252 -1.38109
-2.11766 -1.27718
-1.94916 -1.14814
-2.10227 -1.44473
-1.90393 -1.00468
-2.13099 -1.90532
-1.71751 -0.778379
-1.54712 -3.70514
-0.677814 -4.49303
-2.61688 -2.35289
-1.15223 -0.923606
-1.774 -5.88012
-1.7696 -4.39022
-0.76183 -4.48663
-2.53682 -2.9991
-1.07118 -0.396583
-2.36081 -5.47719
-1.28915 -4.39299
-1.92952 -5.05366
-1.09208 -4.84555
-2.17868 -4.24236
-2.23509 -0.559677
-2.01192 -2.07459
-1.76504 -0.584376
-1.46752 -3.72774
-0.971724 -5.05521
-2.41022 -3.34905
-1.17486 -0.121338
-2.11746 -5.84645
-1.53821 -4.42719
-1.42462 -5.2705
-1.83395 -4.66116
-0.885513 -4.70045
-2.42476 -3.47357
-1.195 -0.0104886
-2.10571 -5.87649
-1.57978 -4.40372
-1.28166 -5.21415
-2.0067 -4.42431
-1.61642 -3.9436
-0.697452 -4.46489
-2.59755 -2.56009
-1.10807 -0.764521
-2.05219 -5.78805
-1.46692 -4.51431
-1.64953 -5.23866
-1.5666 -4.92405
-1.61094 -5.08096
-1.58405 -5.00959
-1.6053 -5.03898
-1.58281 -5.03334
-1.61159 -5.02275
-1.57054 -5.04688
-1.62982 -5.00476
-1.53995 -5.06562
-1.67046 -4.96567
-1.46369 -5.09291
-1.76214 -4.86076
-1.22987 -5.04992
-2.03459 -4.45974
-1.65481 -3.91817
-0.702703 -4.2085
-2.57497 -2.94277
-1.04601 -0.421241
-2.43309 -5.33121
-1.29171 -4.33171
-1.91801 -5.0988
-1.14271 -4.87782
-2.11846 -4.37492
-2.26503 -2.34897
-1.46578 -0.747163
-0.375425 -4.30486
-2.6691 -0.052322
-1.72304 -2.20201
-2.17585 -1.04208
-1.98015 -1.40087
-2.0161 -1.04071
-2.07871 -1.4934
-1.9045 -0.956305
-2.12595 -2.0213
-1.68028 -0.722847
-1.20852 -3.81429
-1.96446 -5.2432
-1.17854 -4.82986
-2.07009 -4.51486
-1.6446 -3.93298
-0.685063 -4.28126
-2.5944 -2.73683
-1.06481 -0.605758
-2.29261 -5.54653
-1.27681 -4.44578
-1.95102 -4.99393
-1.01273 -4.76895
-2.27033 -4.01991
-1.78639 0.199502
-0.278267 -3.77853
-2.71338 -0.0179583
-1.66528 -2.16758
-2.22462 -1.72113
-1.72105 -0.968936
-1.84325 -3.37497
-2.1379 -0.472093
-2.02095 -2.41173
-1.66241 -0.443318
-0.608077 -3.73856
-2.65893 -2.67073
-1.01408 -0.593761
-2.46577 -5.21789
-1.30064 -4.28989
-1.8964 -5.14389
-1.20372 -4.90938
-2.04681 -4.51655
-1.49986 -4.02312
-1.1629 -5.20642
-2.18163 -4.05111
-1.9682 0.056427
-1.1137 -3.70672
-2.13352 -5.02961
-0.92005 -4.44536
-2.35254 -3.92593
-1.57912 0.238136
-0.56407 -5.02127
-2.59183 0.154882
-1.78827 -2.49647
-2.0435 -0.514573
-2.02257 -2.58172
-1.62573 -0.369568
-0.384821 -3.81776
-2.73804 -0.862744
-1.4738 -1.73361
-0.836282 -3.88524
-2.45577 -3.87927
-1.46956 0.270101
-1.06946 -5.70391
-2.57679 -1.61053
-1.47479 -1.37055
-0.602462 -3.86408
-2.65742 -2.55457
-1.04323 -0.709579
-2.328 -5.46801
-1.23874 -4.42434
-1.99913 -4.92473
-0.903433 -4.58771
-2.38401 -3.71449
-1.35241 0.150432
-1.52075 -5.99948
-2.28335 -3.40715
-1.30407 -0.0719862
-1.56428 -5.98119
-2.19408 -3.68119
-1.54982 0.104654
-0.560494 -4.98876
-2.60108 0.0820742
-1.78893 -2.41223
-2.04447 -0.545724
-2.03659 -2.49869
-1.62458 -0.41984
-0.424706 -3.79156
-2.73872 -1.22541
-1.36663 -1.55866
-0.47177 -4.41683
-2.68579 -0.673482
-1.60907 -1.83848
-2.0497 -2.98083
-1.55533 -0.202439
-0.351135 -4.42489
-2.6223 0.382919
-1.74351 -2.61557
-2.14434 -0.730178
-2.04872 -1.86774
-1.79744 -0.71341
-1.81655 -3.37654
-2.20235 -0.723284
-2.02244 -1.8273
-1.83539 -0.715131
-1.92924 -3.11964
-1.80198 -0.115592
-0.740076 -3.69761
-2.55765 -3.47702
-1.12916 0.0892308
-2.40459 -5.50358
-1.39533 -4.34372
-1.73029 -5.26172
-1.47526 -4.93688
-1.73492 -4.98673
-1.36569 -5.0682
-1.87154 -4.73241
-0.89093 -4.68002
-2.41395 -3.53379
-1.22589 0.0341558
-2.0076 -5.95297
-1.70001 -4.34784
-0.8529 -4.74435
-2.4753 -3.19839
-1.11055 -0.23797
-2.29845 -5.61204
-1.35287 -4.42064
-1.834 -5.1543
-1.29825 -4.96421
-1.94031 -4.68712
-0.808901 -4.38256
-2.47529 -3.42312
-1.14533 -0.0288826
-2.28499 -5.67395
-1.41413 -4.40643
-1.71509 -5.24803
-1.49018 -4.94275
-1.717 -4.99985
-1.40244 -5.07146
-1.82979 -4.79004
-1.02389 -4.87451
-2.27641 -3.94366
-1.68053 0.208562
-0.273654 -4.30161
-2.59068 0.746075
-1.64281 -2.99683
-2.14386 -2.77926
-1.45305 -0.392523
-0.561453 -4.89705
-2.62991 -0.215989
-1.75845 -2.13432
-2.12443 -0.848521
-2.04821 -1.68287
-1.86244 -0.814051
-2.05562 -2.65943
-1.5715 -0.364783
-0.311449 -4.07349
-2.67975 0.0883955
-1.7153 -2.2778
-2.18519 -1.06017
-1.96965 -1.38316
-2.03057 -1.06978
-2.06439 -1.4256
-1.9387 -1.00266
-2.12156 -1.76503
-1.77513 -0.832395
-1.88652 -3.25868
-1.96064 -0.17251
-1.52241 -3.61961
-0.677237 -4.52291
-2.62015 -2.29087
-1.16961 -0.969658
-1.66392 -5.8741
-1.90112 -4.26574
-1.45095 -4.01872
-1.34866 -5.33254
-1.95471 -4.45233
-1.16716 -4.10269
-2.08194 -4.9458
-0.885644 -4.43462
-2.39158 -3.77699
-1.3972 0.189591
-1.33936 -5.91242
-2.4412 -2.75135
-1.20218 -0.635427
-1.6723 -5.92199
-1.95225 -4.1751
-2.12197 -3.03376
-1.45579 -0.229725
-0.669746 -5.11617
-2.62501 -0.46926
-1.73405 -1.96704
-2.17584 -1.17159
-1.9438 -1.26902
-2.08225 -1.25946
-1.97933 -1.15766
-2.08022 -1.36428
-1.94729 -1.05901
-2.1148 -1.61785
-1.83341 -0.902758
-2.07238 -2.61336
-1.56005 -0.403229
-0.316186 -4.09282
-2.67871 0.0788709
-1.71634 -2.27331
-2.18374 -1.05337
-1.97235 -1.39008
-2.02617 -1.05925
-2.06922 -1.44793
-1.92742 -0.986275
-2.12497 -1.84542
-1.74352 -0.798371
-1.71536 -3.54658
-1.98473 -3.35923
-1.7668 -0.0306976
-0.461336 -3.68772
-2.73775 -1.61341
-1.23885 -1.34373
-1.12394 -5.53702
-2.44498 -2.93335
-1.15789 -0.486529
-1.9728 -5.88502
-1.61271 -4.44546
-1.22253 -5.16542
-2.07505 -4.31617
-2.26154 -2.35276
-1.46701 -0.741382
-0.374415 -4.30245
-2.66905 -0.0483301
-1.72331 -2.20467
-2.17534 -1.03786
-1.98155 -1.40552
-2.01347 -1.03463
-2.08127 -1.5081
-1.89742 -0.947256
-2.12437 -2.08053
-1.66107 -0.696048
-1.02593 -3.80854
-2.26538 -4.66404
-1.87438 -3.70162
-2.26328 -1.01911
-1.93197 -1.4554
-2.04457 -1.03096
-2.06335 -1.46945
-1.9246 -0.967292
-2.12476 -1.90158
-1.7235 -0.773023
-1.57216 -3.68617
-0.652036 -4.29486
-2.62311 -2.47186
-1.1063 -0.821253
-2.03511 -5.79118
-1.47535 -4.51948
-1.63424 -5.24197
-1.58513 -4.91289
-1.58046 -5.0986
-1.62567 -4.97713
-1.53796 -5.07974
-1.67461 -4.95382
-1.45179 -5.09772
-1.7761 -4.84151
-1.18472 -5.02321
-2.08888 -4.36099
-2.22421 -2.61398
-1.41578 -0.566283
-0.602759 -4.94426
-2.63737 -0.444705
-1.72222 -1.97744
-2.18844 -1.25889
-1.9084 -1.20166
-2.12054 -1.46715
-1.88308 -1.00081
-2.13218 -2.02101
-1.6756 -0.730221
-1.19011 -3.81619
-2.00476 -5.19323
-1.10221 -4.77517
-2.15728 -4.33906
-2.3174 -1.49391
-1.74416 -1.18279
-2.09496 -2.61761
-1.53443 -0.424709
-0.33055 -4.23119
-2.65799 0.187246
-1.73781 -2.38304
-2.14653 -0.825215
-2.03982 -1.7026
-1.86275 -0.797091
-2.0456 -2.7056
-1.57716 -0.333501
-0.307639 -4.08071
-2.676 0.130271
-1.7201 -2.31114
-2.17753 -0.999028
-1.98983 -1.45061
-1.99216 -0.983471
-2.09949 -1.64511
-1.83492 -0.874089
-2.05755 -2.68365
-1.56533 -0.355149
-0.311639 -4.1241
-2.66946 0.164372
-1.72701 -2.34542
-2.16595 -0.924181
-2.01313 -1.54644
-1.94005 -0.895098
-2.11607 -2.01015
-1.69186 -0.716235
-1.27451 -3.80613
-1.79301 -5.38543
-1.43751 -4.86189
-1.77457 -4.99064
-1.29935 -5.04053
-1.94636 -4.62904
-0.821978 -4.27287
-2.45605 -3.59308
-1.22816 0.100293
-2.04418 -5.94205
-1.67741 -4.35253
-0.919231 -4.85683
-2.41726 -3.42097
-1.18476 -0.0574357
-2.11716 -5.85824
-1.55521 -4.41565
-1.36644 -5.25367
-1.90357 -4.57349
-0.794868 -4.30256
-2.48603 -3.42061
-1.13813 -0.0241843
-2.31331 -5.63347
-1.3975 -4.39677
-1.7454 -5.23424
-1.44895 -4.95534
-1.7682 -4.94108
-1.27821 -5.04968
-1.97328 -4.57604
-0.944236 -4.16132
-2.33099 -4.20099
-1.99672 0.0978775
-1.13478 -3.69763
-2.0933 -5.10478
-0.968329 -4.58625
-2.30422 -4.01387
-1.73728 0.224546
-0.232278 -4.0108
-2.63601 0.617365
-1.69658 -2.75053
-2.23889 -1.27847
-1.86976 -1.2266
-2.14078 -1.57128
-1.83179 -0.952756
-2.09592 -2.48383
-1.56399 -0.488606
-0.337486 -3.97022
-2.71008 -0.275738
-1.64304 -2.03129
-2.19697 -2.1881
-1.56967 -0.738633
-0.530253 -3.79625
-2.70389 -2.07274
-1.13278 -1.06459
-1.81197 -5.85352
-1.69746 -4.45427
-0.978053 -4.91595
-2.35246 -3.65826
-1.34044 0.105513
-1.53855 -5.99919
-2.25692 -3.49304
-1.36097 -0.00722914
-1.33531 -5.88085
-2.41831 -2.89747
-1.18722 -0.513462
-1.82048 -5.93414
-1.7916 -4.33668
-0.74758 -4.29102
-2.53489 -3.14872
-1.0657 -0.248989
-2.44447 -5.34682
-1.3274 -4.32296
-1.85669 -5.17293
-1.27601 -4.94303
-1.9644 -4.65756
-0.831363 -4.27168
-2.44599 -3.64225
-1.26292 0.130525
-1.91822 -6.01042
-1.83133 -4.24034
-1.01078 -4.09544
-2.26723 -4.47026
-2.31875 -1.81735
-1.62356 -1.04181
-1.35249 -3.8229
-1.54852 -5.43027
-1.72671 -4.68642
-1.15238 -5.04573
-2.13921 -4.23396
-2.27272 -0.813832
-1.97185 -1.67974
-1.93476 -0.792634
-2.0944 -2.29779
-1.61661 -0.569336
-0.555886 -3.76315
-2.69136 -2.28878
-1.07878 -0.904712
-2.11852 -5.70645
-1.37121 -4.53172
-1.82547 -5.11255
-1.28852 -4.98021
-1.95284 -4.65498
-0.818849 -4.29586
-2.46003 -3.55797
-1.20748 0.0755204
-2.11163 -5.88712
-1.59753 -4.38776
-1.20993 -5.16973
-2.09496 -4.27185
-2.31214 -1.61999
-1.70176 -1.11813
-1.92792 -3.2177
-1.83831 -0.0972788
-0.874577 -3.71392
-2.43449 -4.1103
-1.79684 0.276585
-0.244709 -3.82447
-2.68608 0.297583
-1.70628 -2.39994
-2.19922 -1.09288
-1.95198 -1.35445
-2.0541 -1.12632
-2.03621 -1.32154
-1.9942 -1.09817
-2.082 -1.43438
-1.92238 -1.00206
-2.12676 -1.82979
-1.74784 -0.80744
-1.74839 -3.50379
-2.22184 -2.42907
-1.47157 -0.659087
-0.381516 -4.37148
-2.65801 0.0264766
-1.73891 -2.27024
-2.14752 -0.875394
-2.03221 -1.62357
-1.89691 -0.843574
-2.09699 -2.36002
-1.59613 -0.545226
-0.445938 -3.80328
-2.73435 -1.39103
-1.32062 -1.47478
-0.642789 -4.87062
-2.65321 -1.06862
-1.55508 -1.64859
-1.55048 -3.78892
-0.726404 -4.61742
-2.58971 -2.50553
-1.13317 -0.815805
-1.91592 -5.85936
-1.6143 -4.4771
-1.24953 -5.17627
-2.03991 -4.38137
-1.98341 -3.45079
-1.81956 -0.0189228
-0.644586 -3.6716
-2.63656 -2.93786
-0.996475 -0.349368
-2.60273 -4.91008
-1.70995 -4.0092
-0.795841 -4.12385
-2.48276 -3.56406
-1.19913 0.0949808
-2.15736 -5.84924
-1.55686 -4.39499
-1.34325 -5.2487
-1.93284 -4.53124
-0.885576 -4.17659
-2.39011 -3.95693
-1.5902 0.262922
-0.544767 -4.99156
-2.58767 0.224901
-1.78103 -2.57036
-2.06027 -0.520596
-2.03024 -2.50969
-1.62983 -0.408872
-0.431295 -3.78415
-2.73831 -1.28745
-1.34753 -1.52706
-0.526931 -4.60236
-2.67228 -0.74162
-1.61417 -1.80664
-2.0582 -2.9447
-1.54244 -0.226987
-0.369751 -4.47801
-2.62153 0.342751
-1.74986 -2.58533
-2.12866 -0.687444
-2.0553 -1.96974
-1.75676 -0.670415
-1.57671 -3.66859
-0.656419 -4.24167
-2.61706 -2.57666
-1.08218 -0.734126
-2.17283 -5.6803
-1.34836 -4.50499
-1.85598 -5.09211
-1.22998 -4.95477
-2.01988 -4.54434
-1.23908 -4.10399
-1.96908 -5.13117
-1.09884 -4.81084
-2.16528 -4.29734
-2.29947 -1.04306
-1.90224 -1.45438
-2.07385 -1.0858
-2.03313 -1.36364
-1.98344 -1.05612
-2.09549 -1.52858
-1.87953 -0.942173
-2.12023 -2.19363
-1.62666 -0.643605
-0.712251 -3.76756
-2.57587 -3.29988
-1.05987 -0.0547282
-2.54678 -5.15077
-1.48772 -4.20698
-1.39279 -5.31289
-1.88656 -4.56547
-0.784352 -4.34255
-2.49942 -3.32081
-1.10599 -0.107306
-2.38033 -5.50473
-1.34935 -4.36941
-1.82848 -5.18109
-1.31915 -4.95961
-1.91615 -4.73124
-0.836436 -4.53259
-2.45833 -3.41326
-1.15338 -0.047245
-2.24505 -5.72386
-1.43893 -4.41751
-1.66678 -5.26563
-1.55172 -4.91371
-1.63006 -5.07682
-1.55801 -5.02238
-1.64186 -5.01128
-1.52423 -5.06592
-1.68935 -4.95014
-1.42517 -5.09674
-1.80625 -4.80496
-1.08726 -4.94443
-2.2047 -4.11885
-2.02556 0.00307965
-1.40746 -3.64954
-1.16144 -5.26856
-2.21437 -3.93625
-1.76165 0.171252
-0.26297 -3.83383
-2.69586 0.164836
-1.69696 -2.29906
-2.20925 -1.23391
-1.90313 -1.23599
-2.11904 -1.42182
-1.89992 -1.03164
-2.13334 -1.86008
-1.73205 -0.801008
-1.66309 -3.60759
-1.30244 -4.01153
-1.80988 -5.31943
-1.39721 -4.90165
-1.8252 -4.90549
-1.14219 -4.96306
-2.13341 -4.29149
-2.31233 -1.32233
-1.80737 -1.26844
-2.16244 -1.84075
-1.71833 -0.842747
-1.65599 -3.62081
-1.19292 -4.02689
-2.03631 -5.06416
-0.976975 -4.65557
-2.3004 -3.98583
-1.70438 0.223643
-0.248638 -4.18607
-2.60264 0.744159
-1.65237 -2.95303
-2.20117 -2.44996
-1.48116 -0.625153
-0.371552 -4.34254
-2.6586 0.0530883
-1.73869 -2.28777
-2.14717 -0.866592
-2.03377 -1.63715
-1.89084 -0.835172
-2.09053 -2.41881
-1.5861 -0.511975
-0.389262 -3.85263
-2.73503 -0.86228
-1.4794 -1.73516
-0.885939 -3.88848
-2.4082 -4.09311
-1.77567 0.270224
-0.231 -3.89966
-2.66098 0.488591
-1.71075 -2.5865
-2.20272 -1.02724
-1.96747 -1.42316
-2.02071 -1.02667
-2.07833 -1.50972
-1.8991 -0.944476
-2.124 -2.07889
-1.66192 -0.696312
-1.03228 -3.8091
-2.25753 -4.68654
-1.76747 -3.84627
-1.70703 -3.8171
-1.18171 -4.04221
-2.05601 -5.02387
-0.934112 -4.57924
-2.34527 -3.87092
-1.52402 0.216644
-0.767286 -5.33683
-2.60952 -0.50692
-1.74694 -1.94812
-2.16155 -1.09716
-1.97435 -1.33795
-2.03945 -1.11883
-2.04785 -1.3434
-1.97838 -1.07436
-2.09577 -1.50687
-1.88698 -0.956902
-2.12506 -2.11211
-1.64979 -0.683591
-0.926316 -3.7965
-2.37617 -4.2933
-2.12285 -0.0892222
-1.74721 -3.30168
-2.27278 -1.54162
-1.75621 -1.1088
-2.07505 -2.69754
-1.54216 -0.365513
-0.329567 -4.26309
-2.64965 0.251124
-1.74185 -2.44645
-2.13912 -0.773058
-2.04859 -1.79704
-1.82209 -0.749731
-1.93224 -3.1215
-1.79572 -0.113456
-0.707424 -3.69333
-2.58539 -3.30095
-1.05609 -0.0417739
-2.56284 -5.11089
-1.52715 -4.17927
-1.22858 -5.22827
-2.08944 -4.25503
-2.31223 -1.53797
-1.73172 -1.1558
-2.05319 -2.81777
-1.55506 -0.286195
-0.327004 -4.29312
-2.6401 0.325308
-1.74224 -2.52411
-2.14071 -0.749935
-2.04936 -1.83626
-1.80776 -0.729857
-1.87071 -3.27076
-2.00844 -0.227629
-1.72878 -3.39648
-2.23145 -2.32969
-1.49658 -0.717459
-0.352521 -4.11906
-2.69272 -0.183263
-1.68071 -2.09654
-2.21885 -1.57463
-1.7788 -1.03149
-2.06868 -2.69925
-1.54945 -0.358436
-0.322315 -4.22333
-2.65418 0.2405
-1.73879 -2.4289
-2.14478 -0.800575
-2.04346 -1.74452
-1.84491 -0.774918
-2.00323 -2.89147
-1.62622 -0.213314
-0.298941 -3.96469
-2.6931 0.0365962
-1.69692 -2.22566
-2.20871 -1.27768
-1.88928 -1.20222
-2.13213 -1.53653
-1.85031 -0.965465
-2.11489 -2.31601
-1.59283 -0.584968
-0.471593 -3.79506
-2.72818 -1.60942
-1.25676 -1.355
-1.01582 -5.42562
-2.52056 -2.50444
-1.20485 -0.834312
-1.54395 -5.86767
-2.07457 -4.00166
-2.11799 -0.230173
-1.88097 -3.02772
-1.88975 -0.181037
-1.27927 -3.73247
-1.74087 -5.42611
-1.50684 -4.82527
-1.67628 -5.09455
-1.49968 -5.02771
-1.71446 -4.95126
-1.38208 -5.0877
-1.85463 -4.74485
-0.930903 -4.75155
-2.37583 -3.65429
-1.31793 0.109146
-1.64982 -6.02873
-2.13986 -3.78831
-1.73557 0.121277
-0.260971 -3.87728
-2.68669 0.230897
-1.70747 -2.35654
-2.19659 -1.0963
-1.95266 -1.35
-2.05471 -1.13106
-2.03462 -1.31482
-1.99749 -1.10565
-2.07846 -1.41648
-1.93112 -1.01479
-2.12408 -1.76647
-1.77275 -0.834315
-1.88082 -3.27201
-1.98222 -0.193131
-1.61777 -3.53667
-1.00955 -4.02926
-2.27281 -4.49819
-2.30213 -2.08653
-1.53363 -0.909265
-0.530743 -3.82313
-2.70249 -2.05531
-1.14089 -1.07952
-1.76571 -5.8584
-1.75291 -4.41643
-0.804646 -4.61479
-2.50775 -3.09458
-1.08687 -0.321442
-2.34125 -5.52693
-1.31166 -4.40341
-1.89722 -5.09155
-1.16754 -4.90521
-2.09082 -4.42303
-2.0858 -3.19386
-1.5204 -0.116239
-0.498493 -4.82479
-2.61143 0.12378
-1.77895 -2.42729
-2.06438 -0.577812
-2.05084 -2.35517
-1.64318 -0.497245
-0.589629 -3.74771
-2.67103 -2.53951
-1.03157 -0.704956
-2.3696 -5.39458
-1.22965 -4.3881
-2.00962 -4.92669
-0.89719 -4.56534
-2.38901 -3.70725
-1.34336 0.147784
-1.56197 -6.01336
-2.242 -3.53149
-1.39516 0.0199561
-1.18812 -5.77521
-2.51577 -2.30452
-1.27957 -0.971951
-1.04872 -5.50954
-2.52346 -2.42538
-1.22883 -0.891854
-1.38058 -5.78761
-2.25346 -3.60078
-1.41485 0.0613122
-1.12908 -5.72931
-2.54657 -2.03142
-1.35037 -1.14449
-0.60088 -4.84282
-2.65384 -0.754319
-1.63837 -1.80117
-2.13774 -2.57432
-1.50138 -0.492276
-0.366039 -4.37343
-2.6476 0.159747
-1.7483 -2.38351
-2.1268 -0.754759
-2.05517 -1.84409
-1.79995 -0.730661
-1.84701 -3.32141
-2.0983 -0.380177
-1.97404 -2.73708
-1.67718 -0.26403
-0.439615 -3.74712
-2.73935 -1.38975
-1.31212 -1.47184
-0.683502 -4.94614
-2.6458 -1.21432
-1.52093 -1.57934
-1.15736 -3.89133
-2.07934 -5.0506
-0.939696 -4.56194
-2.33684 -3.91257
-1.57747 0.227846
-0.561293 -5.0143
-2.59229 0.156351
-1.78786 -2.49677
-2.04436 -0.515979
-2.02354 -2.57507
-1.62564 -0.373436
-0.387681 -3.81544
-2.73839 -0.889412
-1.46603 -1.72104
-0.765902 -3.88237
-2.52119 -3.54016
-1.17145 0.10622
-2.26847 -5.72388
-1.46322 -4.39378
-1.5986 -5.2909
-1.63472 -4.85105
-1.47444 -5.14166
-1.75479 -4.83771
-1.2263 -5.05557
-2.0404 -4.44498
-1.75059 -3.82566
-1.60192 -3.90348
-0.696709 -4.48219
-2.59995 -2.52447
-1.11615 -0.793595
-2.00378 -5.81695
-1.51565 -4.50872
-1.53891 -5.26159
-1.69757 -4.81881
-1.33225 -5.12105
-1.91805 -4.62766
-0.797785 -4.3489
-2.4853 -3.39311
-1.13078 -0.049554
-2.32539 -5.60957
-1.38421 -4.39427
-1.77064 -5.21839
-1.41172 -4.96316
-1.81184 -4.88375
-1.14907 -4.97759
-2.12716 -4.2985
-2.31479 -1.45875
-1.75846 -1.19727
-2.12284 -2.43619
-1.55103 -0.540734
-0.341984 -3.98416
-2.70971 -0.294666
-1.64097 -2.0216
-2.19246 -2.23217
-1.55787 -0.714205
-0.459094 -3.82865
-2.72977 -1.47566
-1.30016 -1.43142
-0.752803 -5.06801
-2.63031 -1.45954
-1.46055 -1.46088
-0.580966 -3.88364
-2.6713 -2.38519
-1.0749 -0.846813
-2.15647 -5.67779
-1.34337 -4.51941
-1.86526 -5.07402
-1.20374 -4.94406
-2.05075 -4.48754
-1.64168 -3.93189
-0.683256 -4.29504
-2.59679 -2.7061
-1.06962 -0.632759
-2.26367 -5.58398
-1.29085 -4.4633
-1.93335 -5.01148
-1.05208 -4.81658
-2.2264 -4.1265
-2.00282 0.0423432
-1.26382 -3.69223
-1.76858 -5.42456
-1.47621 -4.83265
-1.7209 -5.0581
-1.42207 -5.04758
-1.8056 -4.83745
-1.11968 -4.96653
-2.16488 -4.2121
-2.2173 -0.487062
-2.01172 -2.23105
-1.71929 -0.513874
-1.06175 -3.79091
-2.21923 -4.80058
-1.25312 -4.14741
-1.95212 -5.1356
-1.12321 -4.83712
-2.13786 -4.35157
-2.30848 -1.84847
-1.61871 -1.0166
-1.27348 -3.83646
-1.81001 -5.36812
-1.41306 -4.87239
-1.80503 -4.94936
-1.21592 -5.00691
-2.04473 -4.46357
-1.70245 -3.87683
-0.989055 -4.05976
-2.29213 -4.4126
-2.31291 -1.07726
-1.88377 -1.43535
-2.09627 -1.15817
-1.9995 -1.2662
-2.03896 -1.18288
-2.03213 -1.25759
-2.01642 -1.1702
-2.05133 -1.29376
-1.99126 -1.12408
-2.07893 -1.3972
-1.93727 -1.03071
-2.12129 -1.70939
-1.79552 -0.85972
-1.97315 -3.02975
-1.69028 -0.140247
-0.356958 -3.78376
-2.73845 -0.663316
-1.52236 -1.82576
-1.37105 -3.88132
-1.52571 -5.41581
-1.74983 -4.67252
-1.0811 -4.98037
-2.2229 -4.04972
-1.89639 0.132475
-0.683936 -3.64772
-2.60801 -3.18289
-1.02265 -0.13135
-2.61584 -4.93091
-1.7205 -4.00798
-0.847336 -4.09989
-2.43186 -3.82952
-1.42371 0.235276
-1.25469 -5.8602
-2.49913 -2.3845
-1.26681 -0.915252
-1.15245 -5.61725
-2.45894 -2.81062
-1.17191 -0.590725
-1.84861 -5.91634
-1.74051 -4.38331
-0.798553 -4.61216
-2.51427 -3.05715
-1.08406 -0.354122
-2.33572 -5.52933
-1.30675 -4.40826
-1.9053 -5.07889
-1.14653 -4.89169
-2.1155 -4.37392
-2.26112 -2.37845
-1.45871 -0.728455
-0.390773 -4.38281
-2.66088 -0.0291334
-1.73397 -2.22813
-2.15777 -0.937695
-2.01515 -1.53023
-1.94374 -0.908218
-2.11696 -1.96308
-1.70762 -0.737458
-1.41575 -3.77064
-1.24707 -5.31621
-2.10111 -4.18882
-2.27606 -0.872853
-1.95852 -1.61111
-1.97067 -0.850493
-2.10736 -1.99825
-1.70289 -0.711541
-1.33808 -3.79263
-1.57862 -5.43836
-1.6932 -4.71144
-1.25751 -5.11702
-2.01264 -4.46511
-1.49124 -4.02119
-1.19503 -5.23333
-2.14334 -4.13244
-2.14967 -0.269355
-1.92987 -2.84608
-1.75521 -0.204511
-0.679338 -3.70485
-2.60732 -3.13542
-1.0177 -0.182132
-2.60924 -4.93712
-1.7012 -4.02533
-0.747533 -4.16783
-2.53083 -3.26342
-1.07723 -0.138105
-2.45839 -5.34271
-1.35607 -4.31026
-1.79944 -5.22851
-1.37801 -4.95219
-1.84946 -4.83958
-1.0346 -4.86979
-2.26047 -3.99606
-1.76769 0.197303
-0.255831 -3.84088
-2.69021 0.229124
-1.70356 -2.34873
-2.20184 -1.13977
-1.93683 -1.31119
-2.07807 -1.21122
-1.99673 -1.20882
-2.05605 -1.26215
-1.99736 -1.1568
-2.06787 -1.33672
-1.9654 -1.08134
-2.10239 -1.52467
-1.87582 -0.949537
-2.12102 -2.19601
-1.62523 -0.643527
-0.703708 -3.76703
-2.58309 -3.25175
-1.04625 -0.0940339
-2.56806 -5.08258
-1.54107 -4.16536
-1.16261 -5.17905
-2.17018 -4.09284
-2.04734 -0.0454421
-1.54719 -3.56471
-0.639944 -4.2651
-2.63115 -2.41991
-1.11321 -0.858691
-1.9884 -5.81581
-1.52138 -4.5141
-1.52852 -5.26014
-1.7092 -4.80888
-1.30043 -5.10974
-1.95556 -4.57198
-0.894579 -4.18175
-2.38067 -3.99233
-1.64211 0.264865
-0.381516 -4.65154
-2.57206 0.627609
-1.67264 -2.97384
-2.24389 -2.06076
-1.58248 -0.849953
-0.738288 -3.79353
-2.55172 -3.43237
-1.11126 0.0434862
-2.43868 -5.42655
-1.38645 -4.323
-1.74123 -5.26273
-1.46224 -4.93771
-1.7509 -4.97036
-1.32855 -5.06196
-1.91421 -4.66975
-0.805513 -4.43366
-2.4832 -3.3482
-1.12166 -0.0922687
-2.33455 -5.58608
-1.36873 -4.39357
-1.79955 -5.19655
-1.36539 -4.96689
-1.86442 -4.8082
-0.976113 -4.80002
-2.3253 -3.81874
-1.49109 0.188062
-0.886865 -5.48895
-2.60748 -0.964134
-1.64767 -1.68749
-2.12248 -2.63067
-1.50327 -0.447696
-0.37528 -4.42439
-2.64087 0.186249
-1.75286 -2.41681
-2.11749 -0.713057
-2.0597 -1.93659
-1.76409 -0.689893
-1.64506 -3.6098
-1.10939 -4.03139
-2.15762 -4.82011
-1.04308 -4.19256
-2.22739 -4.5274
-2.20258 -2.78084
-1.39554 -0.44979
-0.777517 -5.24606
-2.62546 -0.996541
-1.61497 -1.67681
-1.99611 -3.12707
-1.66365 -0.106806
-0.291677 -3.91415
-2.69806 0.030288
-1.69 -2.21502
-2.21521 -1.36356
-1.85623 -1.14823
-2.14783 -1.81152
-1.73926 -0.839052
-1.75427 -3.50051
-2.24093 -2.27759
-1.50739 -0.752535
-0.364176 -4.01655
-2.71251 -0.438112
-1.61344 -1.94627
-2.1054 -2.77682
-1.49514 -0.355607
-0.43532 -4.62749
-2.62692 0.141309
-1.76643 -2.4103
-2.09044 -0.64189
-2.06246 -2.13743
-1.69532 -0.603147
-1.08217 -3.80226
-2.19072 -4.86468
-1.04526 -4.20651
-2.22429 -4.52708
-2.19752 -2.80433
-1.39577 -0.431113
-0.79064 -5.26755
-2.62379 -1.03482
-1.60626 -1.65789
-1.93873 -3.2746
-1.83591 -0.079023
-0.827546 -3.70419
-2.47962 -3.9049
-1.49708 0.293169
-0.964172 -5.5964
-2.59839 -1.17462
-1.59728 -1.58215
-1.8266 -3.48654
-2.23613 -0.885245
-1.98007 -1.59121
-1.95571 -0.860508
-2.11037 -2.03081
-1.68924 -0.700968
-1.22824 -3.81028
-1.9173 -5.29356
-1.26016 -4.86411
-1.97809 -4.6826
-0.836503 -4.27676
-2.44057 -3.66434
-1.28037 0.142913
-1.85074 -6.03133
-1.91492 -4.15138
-1.97304 -3.44509
-1.8413 -0.0304875
-0.758781 -3.68635
-2.54257 -3.57788
-1.18851 0.155573
-2.23589 -5.77519
-1.50322 -4.38973
-1.49295 -5.29381
-1.75668 -4.73923
-1.13267 -5.01176
-2.15793 -4.20588
-2.21954 -0.50093
-2.01285 -2.20122
-1.72642 -0.528008
-1.13369 -3.79495
-2.10862 -5.03922
-0.924367 -4.49742
-2.35026 -3.90188
-1.55335 0.229751
-0.656494 -5.17442
-2.60204 -0.129097
-1.79204 -2.23173
-2.05375 -0.630109
-2.06437 -2.25951
-1.65623 -0.552733
-0.743839 -3.75895
-2.54945 -3.47532
-1.13052 0.0790615
-2.3948 -5.51944
-1.39377 -4.35016
-1.73609 -5.25631
-1.46674 -4.94113
-1.74574 -4.97355
-1.33953 -5.06494
-1.90162 -4.68812
-0.820826 -4.50735
-2.47351 -3.35191
-1.12881 -0.0945525
-2.30818 -5.62672
-1.38224 -4.40505
-1.77768 -5.20914
-1.3993 -4.96682
-1.82617 -4.8625
-1.10162 -4.93906
-2.18351 -4.17854
-2.14566 -0.236935
-1.90576 -2.93026
-1.81324 -0.180602
-0.919949 -3.7328
-2.38784 -4.29289
-2.11793 -0.0731426
-1.72142 -3.34406
-2.23846 -2.25439
-1.51714 -0.760047
-0.379683 -3.95756
-2.7233 -0.652326
-1.55183 -1.83762
-1.6644 -3.71496
-1.0453 -4.04229
-2.23335 -4.6115
-1.97456 -3.51098
-1.88041 -0.0336726
-0.938052 -3.71216
-2.37059 -4.37424
-2.24655 -0.503175
-2.0043 -2.16197
-1.74714 -0.538462
-1.27948 -3.78458
-1.76771 -5.40307
-1.47074 -4.84781
-1.73042 -5.04179
-1.40026 -5.05206
-1.83063 -4.80136
-1.03355 -4.88279
-2.26493 -3.97543
-1.73495 0.202864
-0.235562 -3.98992
-2.64393 0.565898
-1.70559 -2.68959
-2.22086 -1.11762
-1.93135 -1.3416
-2.07534 -1.17872
-2.0079 -1.24624
-2.03793 -1.20059
-2.02812 -1.23581
-2.02559 -1.1984
-2.03759 -1.24732
-2.0153 -1.17954
-2.04982 -1.28197
-1.99598 -1.1368
-2.07316 -1.3694
-1.95081 -1.05271
-2.1136 -1.61971
-1.83361 -0.900644
-2.07145 -2.61783
-1.56025 -0.400167
-0.315866 -4.09558
-2.67797 0.0857186
-1.71735 -2.2789
-2.18215 -1.04102
-1.97655 -1.40321
-2.01857 -1.04094
-2.07719 -1.48906


