2.43898 0.401708
-1.0586 2.39591
2.45964 1.19233
-0.828417 1.32714
2.42337 2.22492
0.192359 1.37104
0.64087 4.14939
0.261996 2.28379
0.0801266 3.67098
0.175075 3.11594
0.0906665 3.3875
0.182115 3.26779
0.0605265 3.31057
0.233529 3.3049
-0.0296866 3.25055
0.366193 3.31741
-0.278783 2.93762
0.828126 3.4478
1.92306 0.381642
0.132592 1.70873
0.592194 4.02266
0.00118413 2.20493
0.610059 3.80533
0.221784 2.2374
0.193726 3.75065
0.0201459 3.06076
0.332901 3.42395
-0.210805 3.01725
0.687158 3.40712
1.33495 2.45959
1.42443 -0.480916
-0.759435 2.3787
2.03701 2.98566
1.13719 1.1379
1.72815 1.33601
1.46962 1.41909
1.63356 0.581764
1.26071 2.0276
1.56921 -0.345219
-0.588253 1.76933
1.87675 3.47082
1.12819 0.435403
0.313463 2.03468
0.0248895 3.69454
0.251897 3.09982
-0.0499043 3.31553
0.385202 3.28118
-0.314732 2.86765
0.913831 3.48069
1.80536 -0.636783
-0.846622 2.50852
2.18305 2.55927
0.88395 1.57089
1.54489 2.07749
1.48791 0.273217
0.902662 2.19259
1.85375 0.448106
0.50609 1.92698
-0.49129 2.78671
1.33333 3.50526
1.20078 -1.02884
0.220001 4.55503
0.208437 2.70332
0.0983616 3.55049
0.156182 3.18158
0.112711 3.36455
0.154106 3.2801
0.103386 3.31656
0.173262 3.30516
0.0708318 3.29678
0.221368 3.31339
-0.00903 3.25939
0.336211 3.31754
-0.222996 3.0401
0.704695 3.39858
1.50516 2.32107
1.43462 0.0309428
0.196475 1.90071
0.37825 3.926
-0.213423 2.7652
0.749805 3.51442
1.77434 1.79337
1.43614 1.20976
1.66863 0.794328
1.37969 1.84292
1.57245 -0.00805733
0.184813 1.85883
0.421242 3.95022
-0.252304 2.64974
0.85014 3.56144
1.91727 0.139377
-0.234437 1.56023
1.28337 3.94532
1.21811 -1.44594
0.759727 5.00937
0.64253 2.53845
0.668214 2.36308
0.809244 2.40693
1.84194 1.20208
1.23857 1.8307
1.63531 -0.182769
-0.274682 1.65882
1.30439 3.89945
1.19389 -1.36924
0.711737 4.96337
0.444269 2.46003
-0.437839 2.80045
1.20067 3.51478
1.31268 -1.31375
0.378845 4.76195
0.142999 2.56832
0.259401 3.65646
-0.0767391 3.06266
0.467078 3.3988
-0.364649 2.44438
1.13212 3.63484
1.40544 -1.43728
0.373432 4.80424
0.190851 2.57753
0.163864 3.62452
0.0624568 3.13639
0.259337 3.39421
-0.0786105 3.17843
0.447712 3.34287
-0.374163 2.5472
1.11909 3.5995
1.42406 -1.42069
0.315807 4.75982
0.22968 2.6239
0.0691774 3.56078
0.195027 3.17397
0.0490886 3.34699
0.244067 3.2842
-0.0474173 3.24696
0.391656 3.31548
-0.321656 2.83277
0.935354 3.49479
1.76383 -0.809044
-0.780017 3.00552
2.04137 2.7552
1.13615 1.30819
1.77466 0.881122
1.22862 1.93658
1.61231 -0.293659
-0.496042 1.68959
1.72567 3.663
1.08915 -0.0735457
-0.684505 2.6701
1.82925 3.22931
1.19698 0.493516
0.861772 2.26633
1.86334 0.755169
0.864476 2.0168
1.81565 1.24225
1.31078 1.74648
1.62142 -0.0367834
0.0865002 1.79401
0.637526 3.98646
0.346925 2.30491
-0.162626 3.43068
0.556038 3.2281
-0.0562828 2.11275
0.732415 3.82416
1.49335 2.36941
1.4235 -0.0260536
0.00843307 1.80954
0.760145 3.96139
1.60436 2.23812
1.44656 0.373125
1.10314 2.20086
1.64146 -0.525167
-0.778571 2.12449
2.12743 2.87439
1.03965 1.35248
1.75547 1.32166
1.43221 1.51657
1.63023 0.395456
1.02087 2.14014
1.74687 -0.252641
-0.511025 1.63964
1.78015 3.62927
1.09597 0.0873878
-0.639161 2.1201
1.85025 3.38137
1.1558 0.439643
0.488284 2.12291
-0.484615 2.72545
1.32732 3.52446
1.20173 -1.05607
0.257627 4.59266
0.174666 2.67195
0.173515 3.59368
0.0499615 3.15
0.274276 3.38543
-0.105142 3.15916
0.490252 3.34779
-0.345066 2.31643
1.13824 3.68045
1.39877 -1.45807
0.415296 4.83862
0.174994 2.54513
0.204352 3.651
0.00468417 3.1078
0.34461 3.39691
-0.233789 2.99113
0.733129 3.42001
1.70785 1.97379
1.46619 0.863871
1.61095 1.43079
1.57066 0.953681
1.56548 1.43344
1.59359 0.814045
1.49015 1.68554
1.58062 0.37572
1.05511 2.157
1.70406 -0.387058
-0.671101 1.79608
2.0281 3.22176
1.12137 0.942499
1.5426 1.95162
1.5153 0.339127
1.03725 2.18596
1.71771 -0.370931
-0.65899 1.77142
2.01445 3.25664
1.12447 0.889993
1.47666 2.05819
1.50038 0.0861536
0.430006 2.01046
-0.325854 3.24139
0.895466 3.35268
1.82631 -0.487051
-0.826412 2.11456
2.21205 2.63819
0.858869 1.54152
1.35297 2.29752
1.46143 -0.355979
-0.658956 1.91934
1.95979 3.29516
1.14444 0.751515
1.29253 2.23066
1.49931 -0.440396
-0.726498 2.06109
2.04676 3.08343
1.1228 1.08247
1.68354 1.56876
1.51774 1.06837
1.62455 1.15156
1.55515 1.29876
1.60796 0.930924
1.52326 1.54591
1.59592 0.586261
1.31839 1.99618
1.55229 -0.237929
-0.393689 1.68382
1.52099 3.8051
1.07591 -0.728396
0.114468 4.38308
0.28137 2.80038
-0.0826499 3.38614
0.42557 3.24297
-0.373319 2.67332
1.08192 3.55676
1.48318 -1.38146
0.157565 4.6297
0.394368 2.75797
-0.352499 2.97042
0.976573 3.4515
1.67428 -1.06004
-0.513689 3.74705
1.55441 3.17856
1.21963 -0.231746
-0.717319 2.41486
1.94245 3.14869
1.17928 0.823316
1.50639 1.98419
1.51359 0.21299
0.764186 2.15317
1.52006 2.18796
1.46528 0.140362
0.554625 2.0826
-0.463997 2.23111
1.42189 3.65625
1.13433 -0.893504
0.193117 4.49484
0.211716 2.73029
0.0859435 3.53465
0.174176 3.1894
0.082499 3.35279
0.197643 3.28541
0.0332871 3.29229
0.273345 3.30973
-0.102507 3.19164
0.480847 3.33286
-0.360831 2.36398
1.15243 3.66201
1.37595 -1.44461
0.438946 4.8477
0.159871 2.52531
0.23932 3.66863
-0.0462355 3.07594
0.421269 3.39966
-0.349307 2.68368
1.02828 3.55215
1.58135 -1.27671
-0.135606 4.32793
0.843621 3.03959
1.88727 0.115954
-0.174741 1.59067
1.16238 3.96643
1.39566 -1.58428
0.595741 4.98818
0.255421 2.45161
0.0492322 3.60079
0.219913 3.1506
0.00708109 3.33535
0.302853 3.2823
-0.159048 3.14192
0.577689 3.3516
0.111908 2.16068
0.44525 3.8405
-0.291897 2.57613
0.945281 3.59039
1.75736 -0.865729
-0.739798 3.17572
1.97084 2.8493
1.20129 1.10001
1.73427 1.16834
1.43141 1.59568
1.6149 0.31375
0.902398 2.14755
1.85394 0.53624
0.634103 1.97748
-0.0978107 1.99957
0.842669 3.85437
1.94215 0.647724
0.431589 1.84744
-0.270545 3.37949
0.77251 3.28397
1.87994 1.21736
1.14958 1.88362
1.683 -0.219431
-0.384969 1.63687
1.52795 3.81871
1.07153 -0.719739
0.114494 4.38091
0.279996 2.80076
-0.0794331 3.38916
0.420369 3.24178
-0.368174 2.70163
1.06367 3.54685
1.51464 -1.35396
0.0680284 4.54656
0.514389 2.84065
-0.344808 2.17913
1.19209 3.72483
1.32238 -1.44664
0.546251 4.90964
0.165562 2.4491
0.249611 3.69987
-0.0605668 3.05213
0.446329 3.40763
-0.364926 2.55566
1.09708 3.59713
1.46001 -1.41056
0.238451 4.70204
0.305099 2.68834
-0.12538 3.37401
0.494482 3.24778
-0.346631 2.28363
1.15389 3.69099
1.37537 -1.45856
0.459706 4.8654
0.15949 2.5103
0.24418 3.67556
-0.0532814 3.0685
0.43266 3.40151
-0.358736 2.62661
1.06347 3.57265
1.51708 -1.36218
0.0764516 4.55735
0.505141 2.83312
-0.376815 2.22854
1.23657 3.70041
1.26669 -1.36781
0.552489 4.88512
0.143371 2.43593
0.296237 3.71544
-0.129455 2.99031
0.560174 3.42278
-0.0442261 2.13295
0.706224 3.82011
1.24237 2.52557
1.44718 -0.69966
-0.695922 3.06703
1.85241 3.07894
1.22594 0.65304
1.33548 2.16915
1.50022 -0.320679
-0.581392 1.79447
1.85219 3.49282
1.12652 0.362201
0.0675 1.90742
0.621456 3.93966
0.23926 2.25572
0.145984 3.72033
0.0850925 3.08818
0.235956 3.42046
-0.0391439 3.19544
0.388581 3.34271
-0.314017 2.84156
0.917849 3.49035
1.79868 -0.669703
-0.841096 2.60079
2.16501 2.577
0.923194 1.55696
1.68182 1.7528
1.5049 0.921657
1.60612 1.369
1.57639 1.00056
1.57199 1.37663
1.59498 0.891415
1.52262 1.57509
1.59152 0.557969
1.29401 2.02491
1.55427 -0.298426
-0.513299 1.72111
1.7459 3.63332
1.09658 -0.000315145
-0.687804 2.37751
1.88576 3.24771
1.18003 0.62033
1.12949 2.28327
1.59429 -0.621083
-0.798614 2.46582
2.10028 2.80871
1.06761 1.36346
1.77751 1.09946
1.33562 1.76967
1.60553 -0.0249075
0.127447 1.81944
0.552592 3.97915
-0.161005 2.23714
0.84312 3.74286
1.93804 0.455931
0.183904 1.72756
0.481412 4.00656
-0.26255 2.4594
0.929928 3.63711
1.79752 -0.727621
-0.824696 2.77719
2.12617 2.62111
1.00203 1.50815
1.78671 1.1706
1.34376 1.73258
1.61187 0.0219191
0.243204 1.87921
0.278589 3.89797
-0.0874013 2.93238
0.511558 3.45801
-0.286806 2.23683
1.0576 3.71791
1.54575 -1.38738
0.0718948 4.56649
0.525961 2.84011
-0.295878 2.12899
1.11919 3.75354
1.43719 -1.48584
0.38593 4.83193
0.203325 2.57082
0.139339 3.61618
0.096633 3.14502
0.208994 3.39245
0.00658595 3.23278
0.319163 3.33454
-0.189658 3.08294
0.638743 3.37793
0.785868 2.45811
1.80526 1.46434
1.3811 1.55002
1.64093 0.26637
0.771847 2.11299
1.53218 2.16637
1.46924 0.187441
0.685047 2.13843
0.711655 2.35772
1.29033 2.40643
1.45392 -0.547022
-0.76819 2.51437
2.03348 2.94426
1.14235 1.16154
1.74066 1.24447
1.43912 1.54196
1.62319 0.383469
1.01242 2.1443
1.75566 -0.223706
-0.473324 1.62281
1.71249 3.69855
1.0799 -0.133962
-0.64556 2.93441
1.71873 3.27089
1.19616 0.17512
-0.140943 1.81079
0.996233 3.90879
1.71842 -1.09817
-0.491706 3.81954
1.53045 3.17376
1.22122 -0.297308
-0.715133 2.63315
1.9043 3.13705
1.19729 0.742965
1.4251 2.09161
1.49965 -0.0693766
-0.00855125 1.78236
0.799357 3.9658
1.82993 1.6575
1.36721 1.48383
1.65964 0.32321
0.847048 2.12235
1.82373 1.22643
1.28862 1.77657
1.62351 -0.0910656
-0.0509538 1.72959
0.890806 3.96974
1.93345 0.0785533
-0.380072 1.53143
1.57434 3.83159
1.05906 -0.602447
-0.0195056 4.22073
0.457521 2.91907
-0.425536 2.52041
1.23901 3.60055
1.26699 -1.30088
0.45849 4.80823
0.105637 2.50077
0.344528 3.6945
-0.204721 2.9065
0.699779 3.45422
1.43797 2.39221
1.4221 -0.190994
-0.421335 1.73309
1.55175 3.77086
1.07621 -0.617051
-0.0488159 4.19304
0.507169 2.94592
-0.350129 2.20889
1.19046 3.7141
1.32416 -1.4423
0.536705 4.90289
0.159543 2.45419
0.259954 3.70067
-0.0758565 3.04182
0.470199 3.40895
-0.36162 2.42864
1.13124 3.64047
1.40715 -1.44
0.374183 4.8058
0.191451 2.57708
0.162737 3.62422
0.0640353 3.13681
0.257043 3.39421
-0.0745805 3.18162
0.441314 3.34207
-0.371977 2.58211
1.1041 3.58783
1.4477 -1.4109
0.260009 4.71742
0.281087 2.67
-0.0618933 3.44527
0.388962 3.21637
-0.326699 2.86356
0.939369 3.48424
1.75423 -0.839315
-0.758563 3.09512
2.00276 2.81047
1.17614 1.19589
1.75594 1.00831
1.33905 1.80004
1.59648 -0.0467319
0.0755798 1.79567
0.655659 3.98401
0.522408 2.38541
-0.441489 2.25746
1.36258 3.66498
1.16228 -1.05885
0.359918 4.66845
0.087747 2.5858
0.349777 3.65727
-0.217146 2.90448
0.721572 3.45521
1.62012 2.16238
1.46014 0.46307
1.26304 2.12382
1.54167 -0.415336
-0.689861 1.93021
2.01667 3.19193
1.13246 0.944611
1.56864 1.89282
1.52246 0.455438
1.2302 2.11562
1.56199 -0.44708
-0.717926 1.98277
2.05355 3.09943
1.11623 1.082
1.67541 1.60619
1.52105 1.01058
1.61481 1.2479
1.57051 1.1578
1.59759 1.14553
1.57686 1.23227
1.59621 1.06872
1.5681 1.32874
1.59971 0.932376
1.5322 1.52598
1.59585 0.629515
1.36 1.94426
1.55219 -0.123353
-0.121261 1.72322
1.0063 3.94592
1.7069 -1.14358
-0.429263 3.93403
1.41435 3.19158
1.22935 -0.632282
-0.430743 3.66849
1.26403 3.2773
1.27908 -1.05784
0.075067 4.43946
0.400424 2.82458
-0.365603 2.9105
1.01485 3.47471
1.60031 -1.21776
-0.241664 4.18739
1.03163 3.13015
1.56759 -1.1238
-0.336842 4.02024
1.18833 3.19273
1.35495 -1.15034
0.0488283 4.44636
0.46503 2.84936
-0.432606 2.48448
1.26561 3.60903
1.24047 -1.25348
0.450443 4.78768
0.0935159 2.50573
0.363479 3.6929
-0.23279 2.8592
0.75947 3.47475
1.82533 1.5883
1.36685 1.51865
1.65274 0.2809
0.780369 2.11083
1.58341 2.08295
1.48179 0.389211
1.1379 2.17764
1.61419 -0.52944
-0.777497 2.15534
2.11822 2.88516
1.05194 1.33437
1.75797 1.28601
1.42227 1.55541
1.62592 0.334892
0.925023 2.14494
1.8426 0.330076
0.354976 1.85932
-0.0276111 3.68853
0.330386 3.10164
-0.216128 3.12828
0.678362 3.36122
1.26138 2.48841
1.44624 -0.646263
-0.731783 2.88626
1.92926 3.01633
1.20769 0.887191
1.6176 1.7166
1.5382 0.732736
1.49827 1.73479
1.56878 0.358661
1.03782 2.16468
1.72192 -0.345947
-0.629031 1.73396
1.97187 3.34457
1.12961 0.738028
1.20743 2.2773
1.53271 -0.589329
-0.7852 2.46198
2.07479 2.87166
1.10162 1.28379
1.76672 1.11711
1.36251 1.72882
1.60619 0.0559509
0.334273 1.9302
0.00530932 3.70291
0.280643 3.0948
-0.108855 3.26429
0.479782 3.29818
-0.366085 2.36655
1.16225 3.66026
1.36148 -1.43796
0.457291 4.85611
0.152084 2.51039
0.258323 3.67893
-0.0743047 3.05351
0.465511 3.40372
-0.364726 2.45319
1.12932 3.63188
1.40967 -1.43609
0.363996 4.79772
0.196933 2.58515
0.149337 3.61573
0.0829056 3.14392
0.229011 3.39251
-0.0264124 3.21537
0.367437 3.33571
-0.279468 2.92861
0.831201 3.45143
1.92182 0.336961
0.0673188 1.67688
0.723373 4.02655
1.20186 2.54951
1.4674 -0.772483
-0.652033 3.2494
1.76607 3.13435
1.22859 0.387754
0.682092 2.19834
0.764695 2.38168
1.69318 1.87437
1.48557 0.877332
1.60469 1.42372
1.57459 0.941166
1.55857 1.46027
1.59394 0.767383
1.46428 1.75393
1.5725 0.254371
0.831776 2.15185
1.80661 1.3632
1.36034 1.63132
1.63031 0.147202
0.530322 2.02372
-0.510993 2.47652
1.44873 3.5686
1.14104 -0.759881
-0.0225291 4.25779
0.487289 2.91794
-0.403048 2.3248
1.25473 3.66401
1.2481 -1.31085
0.513875 4.84435
0.109589 2.45667
0.350891 3.71358
-0.211733 2.88586
0.716511 3.46305
1.57876 2.23035
1.45079 0.296785
0.942621 2.20899
1.82188 0.0781586
-0.0425761 1.66736
0.907052 3.99455
1.91895 -0.112689
-0.605184 1.60361
1.98122 3.37909
1.11875 0.729311
1.14022 2.29964
1.5801 -0.637161
-0.794445 2.53976
2.08305 2.82315
1.08996 1.32974
1.77565 1.05688
1.32177 1.80105
1.60278 -0.0738698
0.00313693 1.7593
0.791195 3.97808
1.7865 1.821
1.42402 1.23153
1.67251 0.744145
1.33951 1.90438
1.56916 -0.132055
-0.139843 1.71209
1.04213 3.94269
1.62691 -1.33464
-0.103838 4.39327
0.817255 3.01358
1.90415 0.479243
0.357802 1.83251
-0.0242476 3.69804
0.325469 3.0971
-0.205451 3.14568
0.656652 3.35259
1.01583 2.51208
1.67479 -0.659049
-0.815771 2.52332
2.12577 2.72042
1.02141 1.44976
1.78031 1.18134
1.35915 1.70771
1.61251 0.0698933
0.363861 1.94427
-0.0925207 3.60082
0.43339 3.14574
-0.391068 2.63898
1.12947 3.56813
1.40664 -1.4057
0.325856 4.76055
0.214778 2.61491
0.104188 3.58375
0.14615 3.16389
0.131114 3.37653
0.12654 3.27242
0.145773 3.32638
0.110641 3.29551
0.165749 3.31587
0.0814506 3.29463
0.206988 3.31556
0.0151857 3.27096
0.301261 3.31699
-0.155679 3.13289
0.573661 3.35568
0.0750051 2.14962
0.513283 3.84396
-0.261008 2.31683
0.979352 3.69234
1.70326 -1.06923
-0.519004 3.75331
1.57377 3.16578
1.22291 -0.169787
-0.691814 2.19741
1.93895 3.22912
1.16589 0.756423
1.36951 2.16374
1.49227 -0.244165
-0.447289 1.71635
1.61297 3.73986
1.07509 -0.426567
-0.316855 3.79936
0.989907 3.21522
1.63803 -1.05009
-0.500951 3.75244
1.51909 3.19555
1.21613 -0.341164
-0.694957 2.81522
1.84345 3.16658
1.20889 0.571791
1.11543 2.27709
1.60953 -0.608727
-0.801108 2.40689
2.11348 2.79803
1.04942 1.38708
1.77631 1.15412
1.35765 1.72064
1.60987 0.0552836
0.329523 1.92658
0.0212246 3.718
0.257499 3.08782
-0.0602665 3.31144
0.400714 3.28149
-0.338764 2.79635
0.978849 3.51058
1.67589 -1.07729
-0.493658 3.7901
1.51862 3.18669
1.21836 -0.337764
-0.698776 2.79101
1.85361 3.16038
1.20792 0.601798
1.18213 2.26082
1.55524 -0.596071
-0.78988 2.44205
2.0868 2.85073
1.08706 1.31631
1.77123 1.11073
1.35189 1.74532
1.60577 0.0230389
0.250679 1.88501
0.257465 3.88672
-0.0598452 2.95595
0.466848 3.45388
-0.357583 2.45068
1.11546 3.6335
1.43199 -1.435
0.32234 4.77006
0.229866 2.61926
0.0697767 3.56265
0.19409 3.17303
0.0508188 3.34812
0.241562 3.28389
-0.0428574 3.25031
0.384687 3.31475
-0.310684 2.86341
0.906456 3.48161
1.81983 -0.569629
-0.848047 2.33018
2.20833 2.55467
0.834075 1.57517
1.22794 2.36891
1.49547 -0.627652
-0.768216 2.68024
2.01663 2.9212
1.15837 1.14599
1.74055 1.2133
1.43276 1.57075
1.61954 0.341023
0.94545 2.14842
1.82619 0.158839
0.0992606 1.73289
0.642262 4.01146
0.370785 2.31759
-0.23579 3.32385
0.698903 3.28924
1.48723 2.33172
1.43312 -0.0257067
0.0269975 1.81558
0.727642 3.96479
1.31452 2.50958
1.41827 -0.551693
-0.754952 2.64549
1.99111 2.98394
1.17374 1.04905
1.70474 1.41363
1.50088 1.27296
1.63609 0.827975
1.44621 1.74305
1.57914 0.218204
0.7475 2.12732
1.36376 2.34491
1.44643 -0.355972
-0.669361 1.9489
1.97013 3.26727
1.14526 0.794438
1.37768 2.16451
1.49016 -0.225921
-0.410813 1.7077
1.54321 3.7847
1.07493 -0.651201
0.00476182 4.25798
0.426683 2.89568
-0.405976 2.72888
1.1408 3.53856
1.38931 -1.38731
0.331676 4.75728
0.202747 2.60939
0.131279 3.59916
0.108444 3.1549
0.189996 3.38723
0.037234 3.24778
0.274908 3.33337
-0.105823 3.1793
0.487875 3.33824
-0.350102 2.32746
1.14416 3.6759
1.38925 -1.45466
0.428129 4.84508
0.16791 2.53466
0.221155 3.66009
-0.0196406 3.09349
0.380859 3.39785
-0.295914 2.86353
0.876816 3.47926
1.87242 -0.260193
-0.693684 1.72068
2.09718 3.11034
1.07898 1.14183
1.67035 1.65812
1.52015 0.952719
1.60387 1.34011
1.57861 1.02397
1.57493 1.34808
1.5951 0.930458
1.53616 1.51885
1.59545 0.647301
1.37615 1.92131
1.55353 -0.0739544
0.00861817 1.77559
0.775046 3.97392
1.69793 2.06243
1.45798 0.776423
1.57598 1.59572
1.57034 0.695994
1.44313 1.82723
1.56063 0.146484
0.590886 2.07286
-0.319143 2.04028
1.20201 3.77541
1.3113 -1.46458
0.592967 4.94062
0.208571 2.431
0.164698 3.67492
0.0600754 3.10941
0.267705 3.40741
-0.0935321 3.16054
0.472702 3.34887
-0.367258 2.40964
1.14941 3.646
1.37967 -1.43792
0.422422 4.8351
0.163699 2.53797
0.228488 3.66095
-0.0303706 3.08804
0.396764 3.39778
-0.319849 2.79742
0.939542 3.50771
1.75692 -0.838247
-0.75979 3.09257
2.0052 2.80614
1.17398 1.20391
1.75743 0.995672
1.33029 1.81438
1.59602 -0.0730688
0.00777809 1.76335
0.781924 3.97812
1.7367 1.96827
1.45179 0.965789
1.64658 1.2261
1.5432 1.27647
1.61515 0.925938
1.5139 1.56853
1.59533 0.539992
1.26904 2.04563
1.56007 -0.349161
-0.596847 1.78203
1.88867 3.45042
1.13101 0.477915
0.469931 2.11882
-0.453969 2.87297
1.22858 3.49163
1.28433 -1.25388
0.353372 4.72443
0.141778 2.58899
0.256118 3.64758
-0.0720125 3.07019
0.458771 3.39625
-0.3676 2.48886
1.12355 3.61962
1.41807 -1.43033
0.340471 4.78011
0.212548 2.60409
0.111532 3.59124
0.135761 3.15992
0.147913 3.38113
0.101643 3.26709
0.182549 3.33063
0.0536907 3.27967
0.247431 3.31987
-0.0551979 3.22691
0.40591 3.32378
-0.341216 2.76548
0.99105 3.52206
1.65225 -1.13588
-0.402326 3.95238
1.34321 3.2024
1.24868 -0.827377
-0.199511 4.07424
0.816223 3.09409
1.90808 0.473395
0.333226 1.81832
0.0584299 3.77581
0.205517 3.05969
0.0441712 3.39124
0.24507 3.26028
-0.0479469 3.25613
0.390978 3.31085
-0.321086 2.83659
0.933361 3.49329
1.76771 -0.794284
-0.789326 2.96176
2.05834 2.73034
1.11475 1.35377
1.7816 0.862465
1.19932 1.95836
1.62532 -0.325183
-0.552815 1.71548
1.8289 3.549
1.11429 0.265196
-0.275267 1.81148
1.22775 3.85932
1.2819 -1.48203
0.675552 4.98653
0.357189 2.44323
-0.223979 3.30998
0.675906 3.29069
1.25947 2.48431
1.44825 -0.647363
-0.732607 2.88383
1.93115 3.01392
1.2071 0.893335
1.62241 1.70267
1.53823 0.75882
1.51396 1.69167
1.57343 0.435619
1.15794 2.12917
1.60986 -0.489961
-0.752128 2.04764
2.09877 2.97489
1.0784 1.24548
1.73832 1.36462
1.46057 1.42546
1.63592 0.554806
1.22765 2.05316
1.58072 -0.39861
-0.661686 1.85419
1.98871 3.27088
1.13578 0.829269
1.41057 2.13528
1.49109 -0.13058
-0.181625 1.7219
1.10708 3.92364
1.48832 -1.52394
0.354897 4.82959
0.243933 2.59943
0.0417903 3.55076
0.233026 3.17607
-0.0196454 3.30881
0.343426 3.29029
-0.238199 3.0254
0.735007 3.40648
1.72219 1.93496
1.4636 0.937379
1.6343 1.29028
1.55723 1.16937
1.60694 1.09685
1.56326 1.31927
1.60275 0.92952
1.52819 1.53656
1.59568 0.608503
1.34066 1.96989
1.55149 -0.179077
-0.260145 1.68747
1.26279 3.89995
1.24007 -1.45248
0.722356 4.99643
0.492669 2.48306
-0.46563 2.42169
1.35969 3.6119
1.17081 -1.03025
0.297291 4.61514
0.131207 2.64031
0.261645 3.62759
-0.0811003 3.07324
0.471161 3.3928
-0.363013 2.42195
1.1364 3.64252
1.39923 -1.44034
0.389251 4.81547
0.181959 2.56486
0.185236 3.63724
0.0321247 3.12327
0.303925 3.39547
-0.159172 3.09828
0.585261 3.37104
0.179002 2.18642
0.305938 3.80943
-0.134996 2.93808
0.580454 3.44585
0.114249 2.16906
0.437999 3.83681
-0.288669 2.60238
0.931098 3.58022
1.78518 -0.758107
-0.81038 2.86071
2.09803 2.66651
1.05415 1.45154
1.79396 0.94583
1.22398 1.91945
1.61988 -0.279367
-0.470376 1.67678
1.67964 3.70603
1.07932 -0.224236
-0.570605 3.22666
1.5403 3.31743
1.18477 -0.348635
-0.651441 3.01534
1.7361 3.23124
1.206 0.246735
0.123319 1.91621
0.519303 3.94051
-0.241566 2.31929
0.944203 3.69421
1.77891 -0.822594
-0.773609 3.054
2.03155 2.76118
1.14736 1.28627
1.77106 0.889492
1.24241 1.92533
1.60728 -0.274289
-0.459131 1.67801
1.65616 3.72349
1.07596 -0.298993
-0.482274 3.46549
1.34145 3.32002
1.2269 -0.897091
-0.0420365 4.27565
0.545596 2.93505
-0.159757 2.08508
0.903359 3.80265
1.88247 -0.33065
-0.772409 1.85549
2.18856 2.82368
0.949541 1.43703
1.64877 1.82423
1.51135 0.760035
1.53544 1.66164
1.57315 0.520735
1.27268 2.05624
1.5554 -0.35246
-0.603327 1.79102
1.89795 3.43455
1.13292 0.510811
0.587906 2.17816
-0.253312 2.0245
1.08752 3.79988
1.50152 -1.46542
0.250548 4.73514
0.31726 2.68181
-0.155684 3.33979
0.548253 3.26489
-0.113027 2.11578
0.817358 3.80457
1.92232 1.00732
0.883635 1.96841
1.82497 1.12754
1.24606 1.84794
1.62635 -0.196723
-0.301705 1.6584
1.3551 3.88353
1.14832 -1.23794
0.641092 4.8884
0.225386 2.39469
0.136826 3.67267
0.0981973 3.11487
0.211946 3.40749
0.000937268 3.22333
0.32847 3.33804
-0.207277 3.05645
0.673869 3.39029
1.1996 2.50722
1.47929 -0.749485
-0.68458 3.14181
1.83252 3.08408
1.22986 0.597734
1.23693 2.23123
1.5266 -0.524926
-0.77222 2.26181
2.08488 2.92372
1.09198 1.26232
1.75538 1.23272
1.41492 1.59544
1.62 0.279919
0.830335 2.13459
1.7967 1.41781
1.38705 1.56058
1.63659 0.264597
0.775224 2.11548
1.55634 2.12958
1.47517 0.27987
0.914818 2.19828
1.84652 0.323599
0.329936 1.8448
0.0561269 3.76751
0.208515 3.0639
0.0380533 3.38646
0.253964 3.26175
-0.0645312 3.24297
0.416737 3.31417
-0.355627 2.71311
1.03404 3.5421
1.56925 -1.29031
-0.100949 4.36778
0.782317 3.00635
1.88758 1.02493
1.01453 1.969
1.78754 0.0403464
-0.0239277 1.68822
0.867354 3.99412
1.94934 0.501543
0.202579 1.73137
0.439431 3.99713
-0.254607 2.59265
0.871667 3.58451
1.89422 -0.135758
-0.58279 1.60318
1.93875 3.44595
1.11925 0.590182
0.757951 2.25375
1.56861 2.12541
1.47472 0.319879
1.00228 2.20295
1.75552 -0.260796
-0.534422 1.64644
1.82383 3.5799
1.10631 0.229735
-0.393484 1.82981
1.44753 3.78567
1.10345 -0.917011
0.310034 4.59285
0.0974206 2.63435
0.320583 3.63526
-0.173858 2.97801
0.632642 3.42388
0.689484 2.42362
1.12519 2.45562
1.55561 -0.75873
-0.734764 2.99628
1.94003 2.96311
1.20964 0.949785
1.6673 1.54213
1.53009 1.03589
1.61277 1.22571
1.57104 1.17735
1.59831 1.12162
1.57374 1.26467
1.59826 1.0215
1.55742 1.39782
1.6005 0.827557
1.48923 1.67804
1.58234 0.379421
1.05943 2.15547
1.6996 -0.396394
-0.680066 1.81224
2.03907 3.19446
1.1177 0.983479
1.58457 1.86701
1.52383 0.522034
1.3187 2.04287
1.53963 -0.270772
-0.467192 1.70597
1.65877 3.71154
1.07893 -0.283067
-0.507851 3.40411
1.39865 3.32415
1.20463 -0.747924
-0.208515 4.0392
0.818179 3.10393
1.90794 0.443196
0.288437 1.79571
0.198255 3.88014
0.0194619 2.99087
0.348847 3.45812
-0.236371 2.96133
0.743604 3.43256
1.76294 1.81891
1.44514 1.15364
1.66624 0.894332
1.43725 1.72098
1.5863 0.214875
0.733738 2.1206
1.22961 2.41281
1.48312 -0.652804
-0.752299 2.80092
1.97637 2.95993
1.18671 1.0347
1.70406 1.39906
1.50087 1.28396
1.63538 0.81393
1.43963 1.75994
1.57692 0.189038
0.682985 2.10586
0.635715 2.32338
0.36063 2.20148
-0.174375 3.44064
0.577539 3.2268
0.129304 2.15695
0.414753 3.84009
-0.269714 2.68097
0.872622 3.54892
1.88793 -0.172368
-0.617219 1.63085
1.99219 3.35016
1.11967 0.773685
1.24641 2.2643
1.5124 -0.534962
-0.774992 2.3232
2.07798 2.91633
1.0992 1.25716
1.75716 1.20503
1.40543 1.62541
1.61651 0.231884
0.736826 2.11142
1.24713 2.40596
1.47478 -0.622704
-0.760267 2.71867
1.99719 2.94728
1.17252 1.08808
1.72292 1.31096
1.47287 1.42586
1.63141 0.581401
1.26367 2.02644
1.56801 -0.340813
-0.581577 1.76373
1.86569 3.48706
1.12592 0.397793
0.177324 1.96206
0.394096 3.90888
-0.234789 2.73044
0.796058 3.52847
1.91249 0.99012
0.9049 1.97475
1.84125 0.877271
1.04798 2.00005
1.74826 -0.153076
-0.333207 1.61289
1.4393 3.86932
1.09569 -1.0046
0.453582 4.71481
0.0326056 2.49856
0.461857 3.68904
-0.324028 2.49966
1.03175 3.61851
1.5823 -1.30001
-0.103084 4.37157
0.79236 3.00934
1.89834 0.860666
0.843635 1.99052
1.76093 1.55931
1.44871 1.3367
1.65236 0.638193
1.28621 1.9889
1.56749 -0.282129
-0.478407 1.69975
1.68474 3.69377
1.08237 -0.201727
-0.597703 3.13801
1.60327 3.30487
1.18697 -0.164242
-0.707307 2.36839
1.93027 3.18411
1.17808 0.769988
1.42457 2.10095
1.49739 -0.0760609
-0.0290719 1.77405
0.835599 3.96174
1.92983 0.992262
0.844132 1.96441
1.74738 1.61183
1.46397 1.25072
1.65408 0.781522
1.39412 1.83308
1.57093 0.0295092
0.285127 1.91347
0.154696 3.82205
0.0749287 3.03214
0.261576 3.44743
-0.0831094 3.15244
0.458846 3.35452
-0.373121 2.48623
1.13594 3.61995
1.39878 -1.42956
0.374681 4.80198
0.186906 2.57607
0.172335 3.62839
0.0505058 3.13214
0.276817 3.39452
-0.109746 3.15119
0.498575 3.35092
-0.327821 2.2758
1.11988 3.69717
1.42992 -1.46354
0.366916 4.81076
0.206395 2.58451
0.129441 3.60682
0.110588 3.15092
0.187474 3.3891
0.0410415 3.24825
0.269634 3.33385
-0.0960667 3.18806
0.471779 3.33543
-0.369614 2.41361
1.15291 3.64434
1.37442 -1.43536
0.428777 4.838
0.160059 2.5327
0.236947 3.66521
-0.0427872 3.07952
0.415727 3.39878
-0.343659 2.71058
1.00956 3.54212
1.61716 -1.21347
-0.265337 4.16039
1.08109 3.1467
1.48985 -1.18956
-0.136997 4.28033
0.802148 3.03611
1.90514 0.698628
0.646405 1.95221
-0.0182892 2.01498
0.714219 3.87502
1.2718 2.52013
1.43316 -0.644474
-0.722876 2.92187
1.90908 3.03826
1.21366 0.823338
1.561 1.8577
1.53082 0.454594
1.22344 2.1157
1.5661 -0.453262
-0.723083 1.99373
2.05998 3.08181
1.11223 1.10624
1.68848 1.55996
1.51457 1.09229
1.62857 1.10905
1.54557 1.36178
1.60899 0.833584
1.48253 1.6849
1.58266 0.356223
1.01931 2.16106
1.74417 -0.275145
-0.544343 1.6569
1.83876 3.55884
1.11047 0.280827
-0.253632 1.81356
1.18736 3.86757
1.34004 -1.53018
0.625614 4.98119
0.272655 2.43755
0.00927592 3.57446
0.276907 3.15968
-0.104506 3.24576
0.47564 3.30721
-0.369612 2.39009
1.16112 3.65201
1.36278 -1.43439
0.449743 4.85027
0.152619 2.51601
0.255745 3.67618
-0.0705318 3.05739
0.459322 3.40273
-0.366646 2.4863
1.12239 3.62057
1.41997 -1.43066
0.337534 4.77832
0.215085 2.60651
0.105451 3.58723
0.144237 3.16204
0.134393 3.37798
0.121659 3.27122
0.153093 3.32755
0.0995354 3.29302
0.181883 3.31728
0.0559875 3.28657
0.24325 3.31667
-0.0475661 3.23369
0.393983 3.32199
-0.324511 2.82124
0.943733 3.49949
1.74718 -0.868756
-0.735454 3.18299
1.96192 2.86426
1.20676 1.06937
1.72522 1.23048
1.45758 1.50944
1.62325 0.457166
1.12433 2.11781
1.64254 -0.461796
-0.731935 1.95668
2.08767 3.03631
1.08953 1.1842
1.71481 1.47106
1.49319 1.25569
1.64066 0.833537
1.44303 1.74452
1.57958 0.209382
0.72737 2.1207
1.16636 2.42907
1.52443 -0.728107
-0.735598 2.95777
1.93992 2.97544
1.20798 0.940947
1.66022 1.57212
1.53277 0.987167
1.60265 1.30684
1.57989 1.0562
1.57956 1.30578
1.59412 0.990429
1.55407 1.43127
1.59891 0.783512
1.46794 1.73854
1.57499 0.275652
0.873944 2.1588
1.85517 0.820933
0.955957 2.01562
1.83051 0.323873
0.386741 1.88056
-0.138824 3.56086
0.513745 3.17079
-0.297136 2.18663
1.09728 3.73361
1.47333 -1.46065
0.288761 4.75867
0.273322 2.64884
-0.0388883 3.47254
0.352664 3.20531
-0.260306 3.01774
0.777991 3.41307
1.88699 1.20305
1.12316 1.89937
1.70107 -0.203615
-0.370692 1.6296
1.50354 3.83383
1.0755 -0.799204
0.218054 4.49031
0.167235 2.71542
0.177734 3.57846
0.044525 3.15655
0.280604 3.38116
-0.11661 3.14999
0.509214 3.35064
-0.299368 2.22786
1.08458 3.71884
1.49455 -1.43974
0.224373 4.70513
0.335486 2.70252
-0.205495 3.26715
0.643306 3.30281
0.872059 2.4809
1.86522 0.291431
0.207033 1.77279
0.410636 3.97656
-0.237096 2.67553
0.8157 3.5512
1.92876 0.67233
0.518835 1.89265
-0.505676 2.72159
1.37981 3.51483
1.17551 -0.913616
0.113815 4.43181
0.314577 2.79368
-0.162749 3.29866
0.563911 3.28321
0.00245543 2.12598
0.638073 3.83765
0.467951 2.3495
-0.467968 2.69748
1.29252 3.53827
1.22404 -1.14888
0.338831 4.68066
0.12416 2.60209
0.284053 3.64654
-0.115254 3.03641
0.528875 3.4037
-0.22419 2.1675
0.974966 3.75537
1.72601 -1.02444
-0.580711 3.62784
1.69038 3.10957
1.23863 0.192136
0.0998381 1.89702
0.569908 3.94789
-0.092417 2.20184
0.751593 3.77677
1.67531 2.08959
1.4613 0.684635
1.51448 1.77411
1.55719 0.374449
1.07578 2.16303
1.67981 -0.442096
-0.721936 1.90374
2.08572 3.06168
1.09077 1.16222
1.70206 1.52653
1.50486 1.16592
1.63709 0.981435
1.50757 1.54526
1.60115 0.544503
1.26667 2.04399
1.5617 -0.35091
-0.599059 1.78352
1.89249 3.44473
1.13162 0.490844
0.515702 2.14252
-0.500658 2.48224
1.42279 3.57546
1.14797 -0.836156
0.0718617 4.37188
0.357812 2.83144
-0.271778 3.12197
0.785961 3.37535
1.90267 1.03352
0.97147 1.9692
1.82373 0.300585
0.369207 1.8745
-0.0795892 3.63112
0.412516 3.1311
-0.369989 2.76014
1.05373 3.52681
1.53116 -1.33012
0.00871838 4.4856
0.601055 2.89787
0.360706 2.23661
-0.184843 3.41803
0.597429 3.23831
0.335391 2.24595
-0.112157 3.50657
0.466154 3.1886
-0.391353 2.44002
1.18963 3.63223
1.32351 -1.39649
0.474135 4.85077
0.1343 2.49396
0.296013 3.69247
-0.130861 2.99995
0.560209 3.41815
-0.0432613 2.13256
0.704926 3.82059
1.22815 2.5294
1.45471 -0.724319
-0.682888 3.12734
1.8264 3.09634
1.22849 0.573658
1.18116 2.25444
1.55768 -0.591664
-0.790052 2.4231
2.08996 2.85028
1.08331 1.32116
1.77128 1.11964
1.35502 1.73778
1.60655 0.0350972
0.280953 1.90121
0.171349 3.83572
0.0530882 3.02183
0.295013 3.44975
-0.141524 3.09647
0.55737 3.37284
-0.0574763 2.12699
0.728537 3.81811
1.4639 2.39788
1.41835 -0.122607
-0.266215 1.72593
1.25412 3.88688
1.24993 -1.45877
0.710156 4.99346
0.451816 2.46925
-0.449321 2.73999
1.23933 3.53101
1.27083 -1.25756
0.388387 4.74923
0.120232 2.55936
0.302579 3.6665
-0.142941 2.99978
0.578831 3.41667
0.107468 2.16449
0.451805 3.83913
-0.294898 2.5518
0.95863 3.59972
1.73076 -0.956802
-0.653298 3.4409
1.81783 3.01859
1.24755 0.60021
1.28521 2.19752
1.51131 -0.432046
-0.715723 2.0167
2.03904 3.11592
1.12597 1.04411
1.6577 1.65956
1.52697 0.90888
1.58733 1.42405
1.58381 0.887985
1.53246 1.55822
1.59098 0.60059
1.33882 1.97573
1.55055 -0.186702
-0.27867 1.68515
1.29805 3.89093
1.20032 -1.3767
0.707506 4.96404
0.430668 2.45589
-0.412807 2.89781
1.1256 3.48521
1.4111 -1.36569
0.25947 4.69856
0.263155 2.66852
-0.0178405 3.48458
0.321238 3.20189
-0.196598 3.12214
0.644402 3.36159
0.862742 2.48176
1.87113 0.39235
0.3533 1.8459
-0.0162389 3.70271
0.313226 3.09474
-0.178824 3.18333
0.604752 3.33407
0.395271 2.28093
-0.298052 3.22704
0.833207 3.34626
1.91301 0.252773
-0.0348055 1.63336
0.911027 4.00914
1.91672 -0.142813
-0.636819 1.62974
2.02922 3.28478
1.11175 0.894616
1.44785 2.10252
1.49346 -0.0167217
0.133721 1.85287
0.526389 3.9654
-0.226753 2.30289
0.925045 3.70296
1.82039 -0.649013
-0.848294 2.56405
2.18072 2.54336
0.882812 1.57714
1.54734 2.07425
1.48833 0.282441
0.923352 2.19497
1.8405 0.254625
0.229711 1.79492
0.34846 3.95077
-0.172396 2.81765
0.668507 3.49483
1.08275 2.52481
1.5858 -0.792449
-0.728747 3.05574
1.93053 2.96103
1.21534 0.928617
1.65661 1.57836
1.53449 0.969927
1.5978 1.3374
1.58242 1.00874
1.56864 1.37851
1.59655 0.879812
1.51651 1.59506
1.5901 0.523398
1.25613 2.05975
1.56276 -0.37594
-0.635204 1.82546
1.94763 3.34909
1.13808 0.684445
1.11628 2.29815
1.60333 -0.628009
-0.800587 2.4775
2.10251 2.79867
1.06382 1.37303
1.77874 1.09719
1.33233 1.77438
1.60556 -0.0341776
0.103556 1.80717
0.601655 3.98336
0.0706569 2.20851
0.499036 3.81914
-0.283808 2.36449
1.00268 3.67153
1.64976 -1.19408
-0.322364 4.08775
1.19752 3.17765
1.34816 -1.12819
0.0294881 4.42061
0.488251 2.8673
-0.40913 2.32563
1.26742 3.66176
1.23566 -1.2837
0.503654 4.8295
0.099623 2.46262
0.366161 3.7117
-0.233932 2.84736
0.764313 3.47973
1.84222 1.50801
1.32692 1.6232
1.6452 0.111311
0.426061 1.96721
-0.299284 3.30193
0.834856 3.32197
1.91005 0.220961
-0.0762748 1.61705
0.985695 3.99872
1.76933 -0.961015
-0.658976 3.45345
1.83662 2.98961
1.24896 0.669215
1.40885 2.08704
1.50368 -0.107052
-0.107373 1.74161
0.974964 3.94478
1.77611 -0.918164
-0.699753 3.33459
1.90652 2.91702
1.23473 0.899446
1.64825 1.58981
1.53836 0.932683
1.58575 1.40412
1.58604 0.903288
1.53585 1.53983
1.59256 0.626898
1.36167 1.94459
1.55161 -0.120256
-0.113466 1.72611
0.992258 3.94783
1.73877 -1.04842
-0.558613 3.68796
1.65566 3.12415
1.23489 0.0857501
-0.230239 1.78166
1.16144 3.88632
1.3837 -1.55006
0.570913 4.96206
0.21989 2.45299
0.133238 3.65224
0.103633 3.12619
0.201951 3.40175
0.0173192 3.23331
0.304433 3.33666
-0.161473 3.11846
0.585527 3.362
0.18385 2.18765
0.295266 3.80595
-0.120093 2.95419
0.554232 3.44095
-0.0876069 2.13389
0.771244 3.80549
1.77545 1.83206
1.43385 1.18698
1.6706 0.826048
1.39558 1.81014
1.57619 0.0504808
0.338569 1.94104
-0.0123689 3.68396
0.306812 3.10369
-0.165182 3.19781
0.579582 3.32704
0.134337 2.16642
0.401894 3.83514
-0.257708 2.72127
0.8394 3.53239
1.9232 0.273594
-0.0392464 1.62683
0.921327 4.0097
1.9013 -0.27939
-0.752269 1.79506
2.17334 2.89241
0.983227 1.38389
1.68899 1.67903
1.50732 1.00027
1.62182 1.24028
1.56484 1.18703
1.60277 1.0932
1.56631 1.31313
1.60136 0.944903
1.53452 1.5118
1.59703 0.649347
1.37596 1.92025
1.55386 -0.0735955
0.00963826 1.77597
0.77324 3.97411
1.6862 2.08829
1.45809 0.721841
1.54279 1.70243
1.56396 0.510066
1.26934 2.06454
1.55475 -0.363175
-0.619408 1.80958
1.92254 3.39285
1.13649 0.596962
0.872784 2.28423
1.86469 0.594957
0.673251 1.9841
0.318669 2.15931
-0.0355238 3.60858
0.341705 3.13945
-0.239977 3.07725
0.729906 3.38574
1.69656 1.99741
1.46798 0.810895
1.58823 1.53366
1.57314 0.78749
1.49773 1.69244
1.57736 0.390425
1.0831 2.1526
1.67459 -0.444271
-0.722469 1.90881
2.08509 3.06106
1.09137 1.16175
1.70244 1.52427
1.50457 1.16909
1.63727 0.976318
1.50579 1.55229
1.60056 0.533236
1.25443 2.05467
1.56505 -0.373904
-0.631813 1.81979
1.94313 3.35815
1.13772 0.667928
1.07315 2.30308
1.64824 -0.585723
-0.804293 2.30175
2.13687 2.77831
1.01475 1.42508
1.76485 1.30292
1.4153 1.56093
1.62705 0.315458
0.887917 2.1412
1.85587 0.699863
0.8313 2.02034
1.74199 1.64721
1.46879 1.20555
1.65426 0.854284
1.43496 1.74494
1.58147 0.189989
0.681585 2.1039
0.615544 2.31413
0.120555 2.08894
0.456101 3.8698
-0.290077 2.53726
0.954213 3.6054
1.74105 -0.92602
-0.685486 3.35179
1.87534 2.96197
1.24133 0.789619
1.55674 1.84868
1.53346 0.447507
1.21117 2.12175
1.57229 -0.467739
-0.735042 2.02442
2.07348 3.04103
1.10252 1.15893
1.7127 1.46545
1.49505 1.2535
1.63992 0.840426
1.44756 1.73425
1.58077 0.228491
0.768808 2.13317
1.53181 2.16913
1.46864 0.184919
0.677984 2.13583
0.621455 2.31874
0.190054 2.11888
0.30653 3.83273
-0.133267 2.92781
0.580242 3.4508
0.110985 2.16842
0.444101 3.83731
-0.291974 2.58029
0.944129 3.58878
1.75951 -0.857605
-0.746318 3.15187
1.9823 2.83419
1.19311 1.13593
1.74334 1.10267
1.39828 1.68306
1.60571 0.163748
0.597978 2.06228
-0.284346 2.0223
1.14471 3.79189
1.39879 -1.50869
0.486396 4.90044
0.176306 2.49587
0.214961 3.6724
-0.0105881 3.09115
0.368894 3.40133
-0.275945 2.90837
0.828406 3.45883
1.92367 0.384927
0.135233 1.70978
0.58672 4.0222
-0.0273047 2.2048
0.653092 3.79663
0.665533 2.43671
0.857535 2.42607
1.87259 0.534603
0.562051 1.94109
-0.49857 2.30414
1.47327 3.61375
1.12555 -0.721849
-0.0360294 4.23353
0.502696 2.93144
-0.366183 2.23309
1.21305 3.70224
1.29455 -1.40658
0.547479 4.8959
0.152673 2.44339
0.276384 3.7086
-0.10001 3.01991
0.509815 3.41416
-0.294011 2.23589
1.07133 3.71698
1.51912 -1.41689
0.153399 4.6432
0.417674 2.76464
-0.397591 2.82954
1.10125 3.50584
1.44873 -1.37374
0.203955 4.66122
0.330365 2.7162
-0.193921 3.27968
0.620942 3.29549
0.598131 2.37581
0.00279369 2.05284
0.666316 3.86681
0.748802 2.47471
1.66142 1.9685
1.48533 0.709866
1.52083 1.73392
1.56367 0.422326
1.14779 2.13818
1.61602 -0.495994
-0.756928 2.05928
2.10446 2.95688
1.07186 1.26631
1.74305 1.34697
1.45254 1.456
1.634 0.503366
1.16917 2.09157
1.61098 -0.45591
-0.723439 1.95931
2.07112 3.07155
1.10337 1.13218
1.69636 1.53703
1.50929 1.13791
1.63409 1.03088
1.52437 1.47445
1.60583 0.657895
1.37204 1.91853
1.55538 -0.080444
-0.00827974 1.76745
0.805689 3.97131
1.85229 1.55806
1.31802 1.61613
1.65064 0.109782
0.414617 1.95959
-0.260736 3.36998
0.750818 3.28271
1.81552 1.59596
1.38212 1.48358
1.65403 0.344212
0.894673 2.13097
1.85501 0.648298
0.774911 2.01374
1.44523 2.26376
1.45365 -0.108967
-0.172124 1.73485
1.08459 3.9231
1.53265 -1.47868
0.222797 4.7228
0.35792 2.70747
-0.263405 3.17385
0.763738 3.35353
1.85448 1.41229
1.28173 1.71937
1.64169 -0.0375746
0.0669425 1.77835
0.678021 3.98885
0.753083 2.48437
1.68905 1.90071
1.48425 0.84605
1.59407 1.48002
1.57587 0.854495
1.52691 1.5941
1.58708 0.553112
1.29408 2.02778
1.55346 -0.30046
-0.517313 1.72365
1.75292 3.6258
1.09838 0.0228748
-0.678931 2.29302
1.88631 3.27509
1.1737 0.602048
1.05942 2.29365
1.6664 -0.550829
-0.795919 2.1886
2.1441 2.80484
1.0088 1.41528
1.75356 1.37829
1.44295 1.46149
1.63642 0.477289
1.13115 2.10811
1.63884 -0.457397
-0.72731 1.9476
2.0819 3.0527
1.09451 1.16323
1.70701 1.50089
1.50076 1.20416
1.639 0.919224
1.48387 1.63025
1.59306 0.405912
1.08987 2.14375
1.66975 -0.44615
-0.722927 1.91346
2.08446 3.0606
1.09195 1.16115
1.70273 1.5224
1.50435 1.17162
1.6374 0.972272
1.50438 1.55783
1.60009 0.524355
1.24454 2.06282
1.5682 -0.391089
-0.65422 1.84969
1.97581 3.29452
1.13761 0.785039
1.33581 2.20317
1.4911 -0.340302
-0.617598 1.83938
1.90705 3.40426
1.13806 0.554164
0.753332 2.24759
1.53259 2.18033
1.466 0.181462
0.666874 2.13213
0.480186 2.2504
-0.479982 2.67765
1.32557 3.53915
1.20089 -1.06981
0.279787 4.61363
0.156066 2.6534
0.213341 3.6126
-0.00808213 3.12214
0.359284 3.38661
-0.260768 2.94596
0.791882 3.44172
1.90966 0.980212
0.906932 1.97704
1.84227 0.850638
1.023 2.00882
1.77184 -0.0661921
-0.203912 1.62733
1.1937 3.94284
1.33995 -1.56575
0.673327 5.01683
0.374122 2.45682
-0.273642 3.22537
0.780959 3.33789
1.89531 1.0975
1.03853 1.94916
1.76842 -0.0370004
-0.137327 1.64949
1.06916 3.96404
1.57499 -1.43469
0.101145 4.61418
0.506877 2.81681
-0.374921 2.22091
1.23572 3.70326
1.26763 -1.37108
0.555003 4.88761
0.145986 2.43485
0.291636 3.715
-0.122542 2.99715
0.548219 3.42071
-0.123279 2.13459
0.825451 3.79404
1.93277 0.842574
0.694646 1.94647
0.504864 2.25147
-0.490751 2.47821
1.4007 3.58332
1.15508 -0.901772
0.149961 4.46044
0.265397 2.76444
-0.0396467 3.43674
0.356739 3.22287
-0.267458 2.99762
0.795202 3.4223
1.91384 0.906264
0.828788 1.97797
1.70558 1.76819
1.48979 0.992206
1.63096 1.22591
1.55663 1.23025
1.60857 1.01739
1.54691 1.42836
1.60231 0.766355
1.454 1.76825
1.57169 0.21752
0.751969 2.13114
1.40541 2.31255
1.44664 -0.237572
-0.483566 1.74726
1.67238 3.68655
1.08484 -0.228579
-0.578019 3.20707
1.55794 3.31333
1.18521 -0.296558
-0.685609 2.83458
1.82019 3.19049
1.20784 0.49606
0.914499 2.27459
1.84168 0.196258
0.119232 1.73699
0.604283 4.0115
0.0762607 2.2128
0.488177 3.81797
-0.293921 2.40702
1.00593 3.65463
1.64011 -1.20878
-0.293781 4.12834
1.14214 3.16344
1.40828 -1.18672
-0.00134342 4.41322
0.556803 2.89898
-0.0844755 2.07976
0.788503 3.82782
1.84278 1.5752
1.33724 1.57834
1.65138 0.173941
0.560096 2.03074
-0.470609 2.23475
1.43517 3.65053
1.13025 -0.85298
0.144729 4.44259
0.26302 2.77061
-0.0350645 3.4387
0.349912 3.2225
-0.254101 3.02281
0.765276 3.40997
1.85423 1.42731
1.28619 1.70881
1.64223 -0.0225415
0.103578 1.79657
0.606249 3.98747
0.0992579 2.21512
0.448122 3.81808
-0.297646 2.56491
0.959694 3.59467
1.72769 -0.964562
-0.644596 3.46338
1.80207 3.0327
1.24766 0.548551
1.1785 2.24901
1.56116 -0.588755
-0.790393 2.40754
2.09302 2.84878
1.07959 1.32651
1.77143 1.12737
1.35748 1.73148
1.60726 0.0449826
0.305586 1.91437
0.0968978 3.78209
0.152099 3.05711
0.138051 3.42635
0.111551 3.2456
0.171403 3.34135
0.0701473 3.27965
0.224825 3.32217
-0.0155431 3.25195
0.346367 3.31983
-0.242147 3.00724
0.745516 3.41441
1.77606 1.77252
1.43504 1.23
1.66794 0.762349
1.35989 1.87768
1.56948 -0.0739255
0.0102181 1.77192
0.774133 3.97578
1.69076 2.07858
1.45809 0.74278
1.55636 1.66168
1.56703 0.582404
1.3479 1.98201
1.54597 -0.173979
-0.250144 1.6908
1.24292 3.90393
1.26517 -1.48815
0.717507 5.00706
0.481115 2.48162
-0.469894 2.51056
1.34297 3.58741
1.18383 -1.05719
0.303653 4.62769
0.131445 2.63407
0.262839 3.63036
-0.082867 3.07064
0.474238 3.39366
-0.360577 2.40561
1.13708 3.6483
1.3985 -1.44298
0.394355 4.81971
0.179999 2.5609
0.190211 3.64045
0.0250111 3.11968
0.314403 3.39574
-0.178486 3.0741
0.621393 3.38149
0.572738 2.36925
-0.215921 2.0355
1.01752 3.80595
1.64526 -1.25009
-0.24122 4.21145
1.0527 3.12919
1.53384 -1.15625
-0.249037 4.14227
1.01449 3.13677
1.59611 -1.0894
-0.414052 3.89996
1.34292 3.21466
1.24635 -0.834745
-0.183015 4.09698
0.785852 3.0775
1.89607 0.95257
0.931833 1.98527
1.84308 0.588333
0.742754 2.0144
1.1667 2.42129
1.52608 -0.722471
-0.740217 2.93484
1.94966 2.96551
1.20356 0.970628
1.67692 1.50836
1.52478 1.09692
1.62283 1.12304
1.55298 1.32882
1.60761 0.890537
1.50897 1.6019
1.59116 0.49686
1.22193 2.08442
1.57563 -0.429141
-0.697987 1.92478
2.03408 3.16075
1.12493 1.00078
1.61637 1.78385
1.52886 0.680377
1.46979 1.81224
1.55845 0.224985
0.777817 2.14309
1.59693 2.06205
1.48397 0.443656
1.22924 2.13476
1.55733 -0.462882
-0.732569 2.02963
2.06733 3.05232
1.10755 1.14061
1.70641 1.48865
1.50121 1.21258
1.63858 0.908631
1.4802 1.6431
1.59157 0.38539
1.05863 2.15156
1.70143 -0.389633
-0.672871 1.80024
2.02991 3.21673
1.1209 0.949709
1.55076 1.93625
1.51715 0.373247
1.09976 2.1742
1.65176 -0.493681
-0.759773 2.0338
2.11647 2.93826
1.05771 1.29518
1.74463 1.3586
1.45199 1.45066
1.63505 0.508161
1.17353 2.08862
1.60838 -0.45317
-0.72076 1.95446
2.06761 3.08095
1.1059 1.11941
1.69041 1.55873
1.5132 1.09984
1.62992 1.09499
1.54193 1.38284
1.60891 0.800688
1.46577 1.73088
1.57715 0.27618
0.873042 2.15789
1.85475 0.833253
0.968454 2.01351
1.82157 0.236474
0.260226 1.81857
0.262564 3.90825
-0.064622 2.94158
0.476975 3.45944
-0.350287 2.39903
1.11847 3.65188
1.42839 -1.44384
0.341415 4.78624
0.217445 2.60407
0.100849 3.58558
0.15057 3.16283
0.124279 3.37568
0.136422 3.2736
0.130967 3.32422
0.132728 3.29937
0.133186 3.31179
0.130981 3.30539
0.135007 3.30899
0.128642 3.30652
0.138291 3.30874
0.123819 3.30606
0.145376 3.30954
0.113166 3.30414
0.160988 3.31133
0.0892766 3.29866
0.195515 3.31402
0.0342806 3.28003
0.273854 3.31624
-0.103584 3.1881
0.483048 3.33439
-0.357784 2.35238
1.15045 3.66634
1.37913 -1.4477
0.437291 4.84789
0.161655 2.52686
0.235452 3.66703
-0.0405434 3.07983
0.412543 3.3992
-0.340014 2.72567
0.99819 3.53636
1.6394 -1.16821
-0.348542 4.0389
1.24 3.19006
1.31029 -1.05932
0.00682559 4.37553
0.504601 2.88805
-0.368141 2.22585
1.21991 3.70387
1.28617 -1.39733
0.552118 4.89515
0.152377 2.43959
0.278069 3.71041
-0.102431 3.01706
0.513983 3.41503
-0.281111 2.21935
1.0542 3.72518
1.55359 -1.3801
0.0504572 4.54583
0.557288 2.86076
-0.0907359 2.07584
0.799667 3.8273
1.8801 1.37316
1.21296 1.79838
1.6597 -0.151631
-0.221166 1.66129
1.20638 3.92546
1.31824 -1.54651
0.689294 5.01648
0.408334 2.46353
-0.36384 3.03603
0.994321 3.43227
1.63714 -1.13478
-0.391426 3.96354
1.31714 3.20325
1.26011 -0.893342
-0.128357 4.17982
0.695911 3.02181
1.48248 2.3146
1.43765 -0.0309788
0.0195688 1.81102
0.741641 3.96429
1.44819 2.4237
1.41317 -0.178017
-0.407244 1.73267
1.52341 3.78611
1.07902 -0.707021
0.0743899 4.34051
0.33262 2.83388
-0.210929 3.22103
0.657592 3.32246
1.03902 2.51233
1.64323 -0.717525
-0.794362 2.73551
2.06774 2.78819
1.1064 1.33017
1.77832 0.965665
1.27143 1.87962
1.60426 -0.206916
-0.318474 1.66432
1.38385 3.87128
1.12791 -1.15486
0.578211 4.83082
0.109657 2.39952
0.368381 3.73858
-0.233042 2.83495
0.765746 3.48488
1.84632 1.4878
1.3155 1.64806
1.64406 0.0713195
0.332095 1.91786
0.0171911 3.71655
0.263374 3.08841
-0.0723707 3.30089
0.419829 3.28482
-0.362564 2.70004
1.05206 3.54712
1.53582 -1.3333
0.00673436 4.48555
0.606194 2.90019
0.422774 2.26745
-0.370364 3.07733
1.0059 3.42064
1.61373 -1.17446
-0.31612 4.07869
1.17011 3.1778
1.37541 -1.16646
0.0316896 4.4364
0.496672 2.86605
-0.392731 2.27364
1.25203 3.68212
1.25025 -1.32774
0.532607 4.86059
0.120859 2.44453
0.334779 3.71737
-0.18742 2.92097
0.66749 3.44833
1.09777 2.52185
1.56924 -0.800701
-0.712334 3.1105
1.89713 2.99947
1.22565 0.82027
1.57206 1.82402
1.53464 0.511304
1.29735 2.05713
1.54412 -0.316806
-0.550001 1.74857
1.80829 3.56027
1.11319 0.207585
-0.413448 1.83453
1.48587 3.7676
1.09271 -0.797138
0.166739 4.4469
0.226182 2.75572
0.0502158 3.5055
0.224981 3.20108
-0.00689601 3.30698
0.326049 3.29388
-0.204316 3.07755
0.665064 3.38113
1.10303 2.51753
1.56438 -0.799936
-0.709752 3.11665
1.89161 3.0063
1.22678 0.801781
1.55348 1.86565
1.53083 0.426347
1.18084 2.13905
1.58901 -0.497315
-0.756772 2.08695
2.0969 2.96371
1.08012 1.25096
1.74248 1.33792
1.45207 1.46228
1.63313 0.495448
1.16043 2.09658
1.61665 -0.459649
-0.727191 1.9647
2.07646 3.05788
1.09925 1.15094
1.70426 1.50769
1.50314 1.18918
1.638 0.945051
1.49461 1.59446
1.59668 0.465312
1.17301 2.11017
1.6029 -0.473042
-0.738491 2.00846
2.08451 3.02293
1.09274 1.18945
1.72119 1.43631
1.48557 1.30689
1.64035 0.750981
1.39451 1.84782
1.56718 0.0190696
0.258273 1.8999
0.231766 3.86988
-0.0263878 2.98136
0.41438 3.45079
-0.335036 2.71278
0.99118 3.54063
1.6542 -1.13826
-0.400726 3.95634
1.34108 3.2018
1.24966 -0.832483
-0.194294 4.08233
0.80715 3.08884
1.90874 0.610576
0.522454 1.90561
-0.510916 2.67556
1.4013 3.52298
1.16527 -0.86078
0.0621442 4.3694
0.376278 2.83913
-0.31484 3.03339
0.886067 3.41975
1.84989 -0.382827
-0.780274 1.90645
2.18707 2.80551
0.947697 1.44695
1.65298 1.81452
1.51103 0.780759
1.54694 1.6247
1.5759 0.584564
1.34048 1.98475
1.54762 -0.190076
-0.28786 1.68499
1.31522 3.88589
1.18318 -1.33512
0.690484 4.9427
0.369774 2.4333
-0.257393 3.25942
0.74542 3.32005
1.78978 1.7081
1.42104 1.32104
1.66518 0.611201
1.23798 2.02487
1.58239 -0.36617
-0.617371 1.79328
1.92504 3.39516
1.13522 0.600612
0.876743 2.28548
1.86389 0.548738
0.61453 1.9654
-0.26524 2.00512
1.11764 3.80308
1.44659 -1.503
0.39404 4.84416
0.206055 2.56582
0.134721 3.61571
0.102974 3.14573
0.199592 3.39203
0.0217155 3.2396
0.2974 3.3344
-0.148124 3.13501
0.561101 3.35499
-0.0277334 2.1279
0.683321 3.8275
0.981741 2.53705
1.71903 -0.562391
-0.813607 2.22275
2.16831 2.72351
0.957159 1.48288
1.70908 1.63331
1.4963 1.10389
1.63968 1.05625
1.52436 1.45702
1.60811 0.675435
1.38346 1.89882
1.5573 -0.0423323
0.0939031 1.81567
0.615096 3.97912
0.166291 2.23318
0.31605 3.79548
-0.151026 2.92806
0.607484 3.44816
0.384222 2.28307
-0.26672 3.28221
0.763955 3.31523
1.8575 1.38453
1.26759 1.74456
1.64228 -0.0749892
-0.0255802 1.73488
0.848121 3.97702
1.94232 0.799851
0.610898 1.91734
-0.333882 2.02945
1.23531 3.77343
1.26856 -1.41625
0.614699 4.93426
0.221106 2.41893
0.139846 3.6666
0.0942422 3.11786
0.217218 3.40599
-0.00754718 3.2198
0.340686 3.33785
-0.2304 3.02024
0.721612 3.40762
1.63582 2.12903
1.4639 0.532026
1.35945 2.03414
1.52884 -0.18625
-0.288809 1.69068
1.31404 3.88402
1.18434 -1.33642
0.689637 4.94274
0.36739 2.4327
-0.250612 3.27078
0.730988 3.31363
1.71705 1.93688
1.46614 0.918575
1.62816 1.32765
1.56251 1.11097
1.59948 1.1883
1.57886 1.18427
1.59337 1.13334
1.57894 1.23657
1.59494 1.06923
1.56927 1.32487
1.59926 0.939948
1.53507 1.51422
1.59649 0.64859
1.37597 1.92068
1.55374 -0.0738756
0.00886907 1.77565
0.774618 3.97398
1.69516 2.06864
1.45806 0.76344
1.56871 1.62123
1.56931 0.652512
1.41033 1.88921
1.55304 0.0239103
0.272944 1.91172
0.188359 3.84298
0.0305513 3.01367
0.328424 3.44948
-0.201141 3.02125
0.669602 3.40492
1.14445 2.51648
1.52261 -0.799373
-0.678906 3.19916
1.82669 3.07524
1.23313 0.588021
1.22521 2.2356
1.53241 -0.541582
-0.777872 2.30415
2.08717 2.90219
1.08889 1.28096
1.76066 1.19859
1.39811 1.64081
1.61538 0.202905
0.675583 2.09067
0.521443 2.26844
-0.473964 2.33549
1.40682 3.6269
1.14534 -0.914476
0.194459 4.5017
0.214077 2.72828
0.0813724 3.53289
0.180504 3.18999
0.0719223 3.34901
0.21266 3.28635
0.0078702 3.27997
0.309842 3.3108
-0.172332 3.11482
0.604091 3.36359
0.378521 2.27477
-0.248024 3.31516
0.724087 3.29665
1.67783 2.03061
1.47006 0.72759
1.54094 1.69461
1.56584 0.510669
1.26815 2.06442
1.55536 -0.364651
-0.621349 1.81161
1.92559 3.38761
1.1368 0.607608
0.905065 2.29118
1.84832 0.253373
0.200383 1.77635
0.423777 3.97861
-0.247958 2.63947
0.845482 3.56572
1.92177 0.211328
-0.134254 1.58935
1.09468 3.98422
1.52756 -1.50675
0.270404 4.76824
0.316709 2.66861
-0.152358 3.34763
0.541927 3.26119
-0.153592 2.12061
0.878612 3.7907
1.9168 -0.0206386
-0.477512 1.54887
1.75824 3.68406
1.08181 -0.0082387
-0.689573 2.50049
1.8653 3.23586
1.188 0.579181
1.05788 2.28964
1.66917 -0.543423
-0.793162 2.16632
2.14402 2.81419
1.01036 1.40927
1.75231 1.38296
1.44514 1.45356
1.63698 0.490662
1.14797 2.10043
1.62604 -0.459582
-0.727837 1.95899
2.0794 3.05372
1.09676 1.15863
1.70651 1.50055
1.50119 1.20278
1.63881 0.922047
1.48519 1.62616
1.59348 0.412872
1.10024 2.14064
1.65994 -0.4586
-0.732318 1.94382
2.09227 3.03107
1.08521 1.19486
1.71673 1.46722
1.49125 1.26536
1.64097 0.816645
1.43357 1.76669
1.57684 0.1694
0.63694 2.08777
0.074387 2.05532
0.550127 3.88224
-0.164629 2.21842
0.856275 3.7494
1.93272 0.254793
-0.104986 1.59533
1.04328 3.99437
1.63956 -1.32565
-0.129525 4.3658
0.864457 3.03785
1.86179 -0.125007
-0.500017 1.58237
1.78615 3.64403
1.09144 0.0906714
-0.643084 2.13629
1.85349 3.37178
1.15766 0.454303
0.546255 2.15213
-0.45898 2.23724
1.40853 3.65855
1.13958 -0.931636
0.234786 4.53921
0.172582 2.69538
0.172119 3.58435
0.0523003 3.15531
0.270066 3.38314
-0.0975449 3.16697
0.47754 3.3452
-0.363216 2.38302
1.15047 3.65537
1.37854 -1.44217
0.430584 4.84171
0.161987 2.53176
0.233481 3.66465
-0.0376731 3.08251
0.408006 3.39862
-0.334654 2.74689
0.981861 3.52812
1.6718 -1.09338
-0.471062 3.83347
1.4761 3.19479
1.21922 -0.462241
-0.608469 3.20864
1.64187 3.25922
1.19933 -0.0296777
-0.580953 1.9356
1.7931 3.51085
1.12804 0.207064
-0.355111 1.81322
1.37905 3.81687
1.13569 -1.12563
0.51951 4.7895
0.0629158 2.44
0.433358 3.71989
-0.308129 2.62104
0.962752 3.57338
1.71789 -0.986633
-0.618444 3.52751
1.75415 3.07188
1.245 0.392678
0.763437 2.22531
1.57992 2.10291
1.47811 0.367284
1.09755 2.19021
1.64993 -0.507426
-0.769058 2.07126
2.12341 2.90603
1.04741 1.32618
1.75021 1.34136
1.44241 1.48321
1.63288 0.452246
1.10227 2.12065
1.66309 -0.439627
-0.714639 1.89981
2.07354 3.08974
1.1004 1.12219
1.68564 1.583
1.51559 1.06388
1.62539 1.15424
1.55472 1.2979
1.60823 0.930785
1.52294 1.54667
1.59591 0.584671
1.31678 1.99798
1.5524 -0.241982
-0.402289 1.68499
1.53761 3.79596
1.07379 -0.675326
0.0432842 4.30256
0.372373 2.86125
-0.306593 3.04402
0.867229 3.41368
1.87984 -0.172517
-0.602253 1.62422
1.96669 3.39477
1.12126 0.687979
1.0477 2.30885
1.67684 -0.540738
-0.793586 2.1571
2.14681 2.8105
1.00594 1.41421
1.74941 1.40452
1.45122 1.42589
1.63922 0.534637
1.19903 2.07098
1.59447 -0.431391
-0.698761 1.91363
2.03924 3.15489
1.12196 1.01453
1.62509 1.76227
1.529 0.724189
1.50038 1.73983
1.56727 0.360589
1.04264 2.16465
1.71639 -0.360993
-0.645355 1.75521
1.99476 3.2979
1.12806 0.820009
1.37008 2.17838
1.48831 -0.251272
-0.465423 1.72413
1.64626 3.71421
1.07897 -0.318181
-0.467113 3.50294
1.30868 3.3149
1.24457 -0.97613
0.0335762 4.37523
0.44245 2.86277
-0.424361 2.63516
1.20488 3.56637
1.30578 -1.33762
0.427467 4.80155
0.126055 2.52836
0.301026 3.67919
-0.139571 2.99738
0.574128 3.41817
0.0661144 2.15244
0.527033 3.84166
-0.233072 2.26975
0.948771 3.71473
1.77354 -0.850081
-0.754048 3.13419
1.99738 2.80898
1.18122 1.18572
1.75394 1.01597
1.34629 1.78884
1.59676 -0.0251119
0.131582 1.82406
0.542817 3.97712
-0.189289 2.25952
0.879631 3.72729
1.90493 -0.110076
-0.571796 1.59077
1.9232 3.47341
1.11705 0.535753
0.573524 2.1748
-0.342462 2.06923
1.23438 3.75873
1.2694 -1.40845
0.602356 4.92534
0.202105 2.41998
0.182032 3.68633
0.0359673 3.09865
0.303396 3.40857
-0.157822 3.09467
0.583715 3.3727
0.163663 2.18066
0.339569 3.81975
-0.181269 2.87767
0.667621 3.46763
1.0885 2.52313
1.57947 -0.795798
-0.722533 3.07698
1.9179 2.9759
1.21982 0.887758
1.62897 1.67105
1.5395 0.804368
1.53697 1.61742
1.58016 0.561682
1.31163 2.01451
1.54992 -0.262721
-0.446303 1.69542
1.62137 3.74177
1.07385 -0.405424
-0.341972 3.75416
1.04093 3.2374
1.54749 -1.19272
-0.214484 4.20045
0.959734 3.10848
1.69543 -0.878079
-0.713339 3.21929
1.91559 2.93637
1.22707 0.90905
1.6504 1.5897
1.53718 0.939908
1.58858 1.39037
1.58541 0.925735
1.54399 1.50542
1.59439 0.682061
1.40578 1.87424
1.55781 0.0242931
0.273685 1.91084
0.186764 3.8423
0.0326643 3.01449
0.325298 3.44953
-0.195567 3.02924
0.65852 3.40129
1.01616 2.51508
1.67375 -0.66281
-0.815171 2.53594
2.12328 2.72219
1.02536 1.44613
1.78169 1.16169
1.35022 1.72761
1.61077 0.0366996
0.281704 1.90041
0.169656 3.8349
0.0553278 3.02262
0.291667 3.44972
-0.135595 3.10284
0.546909 3.37043
-0.127104 2.12914
0.833598 3.79504
1.93842 0.700389
0.512845 1.88447
-0.496123 2.78126
1.34619 3.5045
1.19363 -0.995485
0.188705 4.51978
0.236985 2.72971
0.0313497 3.50203
0.251033 3.20019
-0.0555626 3.27375
0.399186 3.30074
-0.334494 2.80065
0.968967 3.50845
1.69602 -1.02523
-0.566614 3.64186
1.65651 3.13512
1.23205 0.0820548
-0.250771 1.77989
1.19889 3.87866
1.32398 -1.52698
0.652224 4.99247
0.317671 2.4408
-0.112389 3.45658
0.468018 3.2105
-0.387552 2.42911
1.18521 3.63636
1.32929 -1.40399
0.472992 4.85281
0.13704 2.49543
0.290584 3.69103
-0.122652 3.00857
0.545901 3.41542
-0.1367 2.13611
0.845652 3.78947
1.94037 0.485381
0.217223 1.74337
0.401047 3.9835
-0.226323 2.69869
0.790336 3.54194
1.90269 1.1076
1.02178 1.94923
1.78428 0.0384947
-0.0194022 1.69141
0.858624 3.99462
1.94792 0.652943
0.413596 1.83593
-0.206998 3.48008
0.641966 3.22269
0.878456 2.47792
1.86034 0.228812
0.114628 1.72713
0.617173 4.01508
0.162752 2.23561
0.32237 3.79606
-0.160032 2.91731
0.624129 3.45196
0.573208 2.3738
-0.20948 2.03476
1.00691 3.80793
1.66862 -1.19754
-0.332986 4.08057
1.22514 3.18033
1.32355 -1.08244
0.0127111 4.38894
0.501532 2.88266
-0.377764 2.2434
1.23265 3.69572
1.27118 -1.37161
0.548177 4.88408
0.141942 2.43892
0.298021 3.71459
-0.132219 2.98799
0.564892 3.42344
-0.0094158 2.13695
0.651999 3.82967
0.623888 2.42084
0.325631 2.18993
-0.0660509 3.57052
0.389694 3.15724
-0.332584 2.87262
0.949909 3.48196
1.73223 -0.911064
-0.696596 3.30866
1.89268 2.94738
1.23654 0.843992
1.60549 1.72825
1.5409 0.684836
1.46306 1.81496
1.55923 0.205559
0.733087 2.12911
1.2346 2.41177
1.4804 -0.645088
-0.754268 2.78141
1.98128 2.95708
1.18352 1.04739
1.70891 1.37713
1.49474 1.31981
1.63527 0.755295
1.40458 1.83457
1.56785 0.0510151
0.342938 1.94571
-0.027742 3.66812
0.330049 3.11123
-0.215434 3.12608
0.677409 3.36203
1.25072 2.492
1.45092 -0.666782
-0.722737 2.94302
1.90936 3.03125
1.21476 0.828841
1.56837 1.84024
1.53251 0.488911
1.27003 2.08182
1.54968 -0.375169
-0.637897 1.83608
1.94885 3.34325
1.13888 0.691528
1.13704 2.29422
1.58441 -0.632259
-0.795966 2.51683
2.08868 2.81806
1.08282 1.34131
1.77664 1.06696
1.32411 1.79482
1.60347 -0.0648638
0.025839 1.76962
0.749971 3.98145
1.50461 2.37077
1.42257 0.00579717
0.100194 1.85357
0.587635 3.965
-0.00736026 2.19694
0.626017 3.80604
0.369818 2.3013
-0.229028 3.33835
0.684919 3.28165
1.35648 2.43842
1.42405 -0.420412
-0.736634 2.18318
2.03384 3.0639
1.13444 1.07409
1.68992 1.53055
1.51444 1.12164
1.63051 1.06522
1.53573 1.42166
1.60775 0.742553
1.43253 1.80943
1.56716 0.134036
0.556835 2.05538
-0.469019 2.23743
1.43065 3.65121
1.13179 -0.865922
0.15955 4.45895
0.246836 2.7582
0.00412556 3.47359
0.291138 3.2107
-0.13514 3.19564
0.530735 3.32813
-0.215238 2.15062
0.966809 3.76369
1.74563 -0.964959
-0.649594 3.46245
1.81498 3.01636
1.24867 0.593869
1.2754 2.2033
1.51416 -0.451787
-0.731629 2.06541
2.05538 3.06392
1.11714 1.11205
1.69782 1.51586
1.50848 1.1606
1.6351 0.996553
1.51424 1.52094
1.60278 0.585293
1.30857 2.0021
1.55446 -0.258628
-0.436147 1.69106
1.60291 3.75546
1.07235 -0.465577
-0.255077 3.9006
0.866752 3.15597
1.86184 -0.184637
-0.584923 1.62237
1.93426 3.44534
1.12073 0.581255
0.73908 2.24643
1.42411 2.30625
1.44551 -0.186204
-0.375835 1.71687
1.46848 3.81799
1.09016 -0.883937
0.298795 4.57558
0.101176 2.64546
0.311426 3.63003
-0.159685 2.99783
0.605594 3.41595
0.376439 2.27722
-0.242511 3.32335
0.712575 3.29174
1.59867 2.18281
1.45893 0.38373
1.12692 2.19008
1.621 -0.535455
-0.781306 2.1675
2.12238 2.86986
1.04549 1.34976
1.7594 1.28745
1.42043 1.55836
1.62592 0.328206
0.912986 2.14412
1.84966 0.440276
0.509079 1.93024
-0.496286 2.7584
1.35025 3.51043
1.19056 -0.988746
0.186521 4.51602
0.238142 2.73171
0.0283963 3.49938
0.255311 3.20113
-0.0638496 3.26682
0.412148 3.30267
-0.351636 2.73747
1.01962 3.53315
1.59629 -1.24627
-0.196729 4.25086
0.952354 3.09429
1.70943 -0.834643
-0.751346 3.08025
1.985 2.85187
1.18964 1.12954
1.74144 1.13176
1.41042 1.65041
1.60946 0.218123
0.716148 2.10708
1.02749 2.43606
1.67434 -0.619045
-0.815475 2.39507
2.14184 2.72734
0.99866 1.4608
1.76431 1.33158
1.42128 1.53465
1.63036 0.354522
0.952667 2.14403
1.82007 0.113632
0.0312758 1.70177
0.772008 4.00779
1.65188 2.16097
1.45459 0.567058
1.40411 1.9834
1.53091 -0.0544154
0.053986 1.80306
0.688875 3.97665
0.885674 2.52626
1.85113 0.0934628
-0.100755 1.63199
1.01793 3.98417
1.69266 -1.19512
-0.35356 4.05953
1.27286 3.18456
1.28825 -0.987123
-0.0527005 4.29205
0.584193 2.94575
0.182944 2.15758
0.307801 3.81992
-0.136501 2.93116
0.584372 3.44877
0.148976 2.18116
0.368556 3.82503
-0.219583 2.81323
0.747711 3.49389
1.76925 1.8073
1.44026 1.18296
1.66791 0.841364
1.40827 1.78725
1.57836 0.0958459
0.454689 2.00189
-0.393635 3.09341
1.06063 3.42167
1.51375 -1.30267
-0.00619847 4.45906
0.613027 2.91062
0.509292 2.31079
-0.479718 2.3993
1.39894 3.60874
1.15167 -0.923564
0.191054 4.50138
0.219761 2.73061
0.068823 3.52508
0.198115 3.19296
0.041633 3.33572
0.255736 3.2888
-0.0690326 3.22876
0.425471 3.32027
-0.363775 2.66756
1.06299 3.55848
1.51677 -1.35676
0.0689616 4.54868
0.514315 2.83998
-0.345222 2.17954
1.19274 3.72459
1.32149 -1.44579
0.546849 4.90965
0.165577 2.44865
0.249713 3.70006
-0.0607092 3.05195
0.446569 3.40768
-0.364992 2.5544
1.0976 3.59756
1.45917 -1.4111
0.240659 4.70384
0.302795 2.68648
-0.119223 3.38149
0.483801 3.24424
-0.366722 2.34025
1.17314 3.66861
1.34636 -1.43398
0.481164 4.8686
0.147149 2.49174
0.272888 3.68925
-0.0958179 3.03264
0.500954 3.40901
-0.31767 2.27365
1.10109 3.69968
1.46241 -1.45289
0.295708 4.7599
0.262716 2.64247
-0.0118114 3.49741
0.311644 3.19623
-0.176849 3.15089
0.606004 3.34797
0.405145 2.28661
-0.326987 3.16893
0.900199 3.37665
1.81978 -0.52948
-0.839086 2.21776
2.21238 2.59115
0.840754 1.56107
1.25457 2.35694
1.48353 -0.581509
-0.773538 2.5506
2.0399 2.91762
1.13742 1.19247
1.7499 1.1827
1.41117 1.62567
1.61468 0.243002
0.762621 2.11982
1.47504 2.24158
1.45618 -0.0160677
0.0918952 1.84105
0.607659 3.96907
0.11729 2.21771
0.415191 3.81598
-0.274872 2.68193
0.881892 3.54867
1.87338 -0.284493
-0.720081 1.7592
2.1301 3.01825
1.04671 1.25406
1.70662 1.55418
1.50071 1.15843
1.63919 0.98365
1.50584 1.54751
1.60133 0.537833
1.25877 2.05061
1.56389 -0.365693
-0.620447 1.8062
1.92596 3.38906
1.13635 0.607292
0.901891 2.29066
1.85078 0.283708
0.245505 1.79899
0.308442 3.93436
-0.122979 2.88347
0.575575 3.47289
0.0648875 2.15687
0.527416 3.83967
-0.232218 2.26804
0.947979 3.71554
1.77539 -0.843373
-0.759087 3.1149
2.00621 2.79664
1.17332 1.21251
1.75891 0.976074
1.31783 1.83445
1.5956 -0.109274
-0.0842001 1.72436
0.946113 3.9593
1.84167 -0.636552
-0.853811 2.55781
2.19084 2.51353
0.852087 1.59043
1.38892 2.27374
1.45951 -0.258779
-0.509392 1.75617
1.72145 3.64301
1.09483 -0.0693504
-0.689323 2.61792
1.84678 3.22317
1.19509 0.541975
0.988669 2.28704
1.75567 -0.310108
-0.608402 1.69635
1.94753 3.3974
1.12756 0.646688
0.967914 2.30332
1.77894 -0.224882
-0.50758 1.62391
1.78085 3.63427
1.09453 0.0853068
-0.643108 2.13368
1.85437 3.37155
1.15757 0.456581
0.553077 2.15555
-0.438418 2.1888
1.38229 3.68268
1.1489 -1.01919
0.337056 4.64092
0.0957525 2.60698
0.330794 3.64767
-0.188832 2.95224
0.662854 3.43465
1.05072 2.51998
1.62634 -0.746818
-0.775965 2.84968
2.02721 2.84045
1.1516 1.22352
1.76086 1.0341
1.341 1.78805
1.59885 -0.0330503
0.109974 1.81234
0.587845 3.98177
-0.0109484 2.19905
0.630651 3.80409
0.417629 2.32342
-0.367054 3.06942
0.998757 3.42226
1.62771 -1.14946
-0.363488 4.0072
1.26216 3.19703
1.29317 -1.01732
-0.0182737 4.33701
0.534244 2.912
-0.236153 2.1033
1.02272 3.7764
1.6277 -1.27643
-0.187356 4.2803
0.952354 3.08728
1.7096 -0.831419
-0.753654 3.07012
1.98916 2.84675
1.18647 1.14209
1.74446 1.11031
1.39889 1.67873
1.60652 0.16892
0.609112 2.06683
-0.201862 2.00348
1.00797 3.8213
1.66951 -1.19989
-0.330513 4.08511
1.22114 3.1792
1.32703 -1.08913
0.0152962 4.39369
0.499296 2.88026
-0.384 2.25647
1.24044 3.68993
1.26251 -1.35433
0.542825 4.87523
0.133692 2.44037
0.31286 3.71639
-0.154517 2.96326
0.604905 3.43192
0.362617 2.27169
-0.200184 3.38812
0.62717 3.25406
0.686481 2.41227
1.08021 2.45726
1.60385 -0.735258
-0.772744 2.83831
2.02034 2.85914
1.15777 1.19725
1.75547 1.07745
1.36848 1.73678
1.60226 0.0591969
0.345616 1.93745
-0.0325387 3.66538
0.33744 3.11258
-0.231268 3.10086
0.710133 3.37474
1.55872 2.25132
1.44772 0.224478
0.764318 2.17252
1.53933 2.16238
1.46951 0.210943
0.746029 2.16038
1.38978 2.32812
1.44533 -0.284594
-0.570229 1.80832
1.82347 3.52193
1.12228 0.272615
-0.217596 1.81407
1.12338 3.8809
1.4491 -1.5334
0.432578 4.88005
0.200364 2.53872
0.153693 3.63371
0.0762497 3.13359
0.240352 3.39718
-0.0457817 3.20122
0.396884 3.33838
-0.326996 2.80555
0.95233 3.50564
1.73017 -0.92586
-0.682628 3.35216
1.86825 2.97266
1.24207 0.764078
1.52883 1.90701
1.52697 0.325811
1.00675 2.18397
1.75407 -0.254481
-0.522577 1.64144
1.80248 3.60528
1.10114 0.159626
-0.540982 1.93218
1.70962 3.59195
1.10927 -0.0624617
-0.695596 2.49973
1.87905 3.21712
1.18868 0.625824
1.17342 2.26974
1.55964 -0.607241
-0.791055 2.47193
2.08486 2.84415
1.08899 1.31802
1.77234 1.09468
1.34374 1.76171
1.60456 -0.0050545
0.17922 1.84691
0.438195 3.95765
-0.262966 2.59834
0.884905 3.58199
1.87331 -0.299735
-0.734713 1.78437
2.14699 2.96591
1.02465 1.31032
1.71203 1.555
1.49619 1.17609
1.64161 0.949176
1.49173 1.59751
1.59697 0.455112
1.15841 2.11709
1.61274 -0.478742
-0.743547 2.01569
2.0918 3.0036
1.08579 1.21455
1.72869 1.40696
1.47573 1.35713
1.63927 0.667621
1.33312 1.94422
1.56085 -0.173804
-0.244418 1.68732
1.23438 3.90757
1.27672 -1.50302
0.713717 5.01084
0.471057 2.47933
-0.467475 2.58907
1.31633 3.56795
1.20346 -1.1111
0.333485 4.66534
0.119076 2.6074
0.291446 3.64513
-0.126938 3.02608
0.548666 3.4067
-0.119209 2.1324
0.820072 3.79614
1.92681 0.942922
0.81316 1.9669
1.62959 1.97066
1.4943 0.602741
1.42645 1.92268
1.54132 0.0388944
0.313208 1.93681
0.0652672 3.75223
0.195259 3.07214
0.061305 3.39438
0.221425 3.26124
-0.00540075 3.28334
0.327502 3.30621
-0.20671 3.0694
0.670645 3.38477
1.16572 2.51268
1.50456 -0.785111
-0.676114 3.19458
1.81883 3.08678
1.23221 0.55973
1.16061 2.25956
1.57274 -0.603181
-0.793629 2.43695
2.09478 2.83331
1.07643 1.3395
1.77403 1.11065
1.34657 1.75209
1.60596 0.00822635
0.212503 1.86432
0.357858 3.93206
-0.187525 2.80638
0.695829 3.4983
1.37792 2.44077
1.41867 -0.36964
-0.701652 2.04954
2.00165 3.17513
1.14387 0.928602
1.57161 1.87926
1.52444 0.473402
1.2546 2.09795
1.55309 -0.407069
-0.677441 1.89801
2.00363 3.22803
1.13494 0.891771
1.50568 2.00885
1.50811 0.196342
0.723338 2.14142
1.15351 2.43278
1.53455 -0.737168
-0.736146 2.96626
1.94158 2.96986
1.2078 0.948729
1.66542 1.55178
1.53079 1.0215
1.61013 1.2493
1.574 1.14256
1.59411 1.17438
1.5819 1.18671
1.59139 1.13841
1.58097 1.22485
1.59341 1.08891
1.57352 1.29473
1.59791 0.98595
1.54943 1.44628
1.59934 0.755202
1.4507 1.77944
1.56992 0.20079
0.715248 2.11969
1.03625 2.43737
1.66257 -0.642555
-0.813785 2.4751
2.12773 2.734
1.02076 1.44346
1.77758 1.20402
1.37091 1.6815
1.6148 0.114571
0.471517 1.99972
-0.435563 2.97691
1.17167 3.46225
1.3494 -1.32166
0.314569 4.72104
0.193854 2.6218
0.146906 3.6018
0.0868447 3.15173
0.221999 3.38881
-0.0145341 3.22373
0.349619 3.33426
-0.24731 2.99244
0.757797 3.42113
1.82739 1.56847
1.36122 1.53885
1.65064 0.24965
0.722135 2.09472
1.07427 2.43634
1.61558 -0.710484
-0.787854 2.73995
2.05428 2.81816
1.12305 1.28767
1.77172 0.994712
1.30086 1.84424
1.60007 -0.141124
-0.16413 1.69531
1.09083 3.93886
1.52386 -1.49463
0.258559 4.75454
0.32349 2.6776
-0.17125 3.32115
0.576896 3.27471
0.117617 2.15655
0.436432 3.84178
-0.286682 2.60787
0.925688 3.57807
1.7959 -0.713369
-0.829494 2.73188
2.13644 2.60938
0.982233 1.5232
1.77444 1.29533
1.399 1.59534
1.62511 0.249388
0.761615 2.11586
1.46337 2.25439
1.4541 -0.0548877
-0.0225716 1.78815
0.818918 3.9589
1.89748 1.29155
1.13641 1.87004
1.69733 -0.185261
-0.329807 1.63177
1.42273 3.86895
1.10437 -1.0494
0.49304 4.75167
0.0399566 2.4608
0.462574 3.70707
-0.321015 2.49837
1.02626 3.6191
1.59329 -1.2829
-0.140812 4.32696
0.858108 3.04506
1.87048 -0.05775
-0.415997 1.56234
1.6288 3.78504
1.0625 -0.41885
-0.291413 3.83607
0.935498 3.19235
1.74111 -0.776358
-0.794426 2.89661
2.06646 2.73365
1.10472 1.36456
1.78346 0.884149
1.20974 1.94642
1.62157 -0.311088
-0.528277 1.70184
1.78546 3.60134
1.10347 0.12148
-0.588446 1.99904
1.78427 3.49838
1.13208 0.194184
-0.368069 1.81452
1.40405 3.80776
1.12154 -1.05235
0.453562 4.72841
0.0428515 2.49889
0.446182 3.69099
-0.320453 2.56783
1.00295 3.59351
1.63699 -1.19362
-0.31179 4.09802
1.17277 3.17357
1.37315 -1.16085
0.0277492 4.43069
0.50108 2.86969
-0.381259 2.24733
1.23832 3.69348
1.2648 -1.36034
0.546228 4.87915
0.137372 2.43888
0.306534 3.71603
-0.144978 2.97405
0.587601 3.42811
0.185716 2.19335
0.289303 3.8022
-0.111912 2.96336
0.539953 3.43823
-0.171555 2.14806
0.895902 3.77522
1.88921 -0.268567
-0.725995 1.75709
2.14106 2.99234
1.0334 1.28525
1.70828 1.56115
1.49921 1.15839
1.63997 0.980709
1.50404 1.55317
1.60097 0.527808
1.2475 2.05998
1.56734 -0.385724
-0.647372 1.83995
1.96604 3.31431
1.13806 0.74974
1.26595 2.24824
1.50658 -0.495788
-0.760653 2.21028
2.07403 2.96819
1.10349 1.21364
1.7421 1.30337
1.44754 1.4922
1.62958 0.45333
1.10908 2.12006
1.65652 -0.448009
-0.721479 1.91996
2.07974 3.06838
1.09594 1.14808
1.69858 1.53565
1.50755 1.14657
1.6353 1.01475
1.51898 1.49811
1.60451 0.620058
1.34027 1.96356
1.5533 -0.175206
-0.25018 1.68858
1.24413 3.90451
1.26365 -1.48666
0.718657 5.00701
0.484786 2.48279
-0.469334 2.48178
1.34993 3.595
1.17868 -1.04431
0.29784 4.61963
0.133756 2.63935
0.257391 3.62733
-0.0745225 3.07809
0.460737 3.3919
-0.367816 2.47799
1.12753 3.62324
1.41199 -1.43211
0.354051 4.7897
0.202634 2.59305
0.135409 3.60672
0.102433 3.15049
0.199584 3.38966
0.0218883 3.24075
0.296974 3.33385
-0.147321 3.13613
0.559623 3.35452
-0.0388022 2.12662
0.700543 3.82441
1.17727 2.5398
1.48851 -0.793186
-0.653544 3.26035
1.7722 3.12446
1.2304 0.410529
0.758725 2.22726
1.55134 2.15015
1.47113 0.253699
0.8524 2.18908
1.84713 1.01996
1.13193 1.94376
1.68193 -0.273444
-0.486187 1.65764
1.7212 3.67842
1.08507 -0.0965243
-0.672595 2.77509
1.79141 3.24251
1.19904 0.387032
0.544639 2.14195
-0.466434 2.2563
1.41795 3.64924
1.13708 -0.899434
0.194448 4.49757
0.211273 2.72896
0.087141 3.53574
0.17247 3.18889
0.085371 3.35391
0.19354 3.28504
0.0401168 3.29527
0.263604 3.30948
-0.0843276 3.20797
0.45113 3.32772
-0.376812 2.52814
1.13051 3.60567
1.40647 -1.42362
0.351966 4.78495
0.200774 2.59431
0.13904 3.60796
0.0973989 3.14946
0.207121 3.39023
0.00975304 3.23524
0.31443 3.334
-0.180623 3.09529
0.621285 3.37227
0.575188 2.36983
-0.197829 2.03254
0.988306 3.81186
1.71017 -1.09002
-0.49753 3.80263
1.53782 3.17405
1.22099 -0.276528
-0.718551 2.5617
1.92087 3.13453
1.19127 0.784002
1.47491 2.02779
1.50784 0.0988785
0.468626 2.02858
-0.435127 2.96924
1.17128 3.46451
1.34979 -1.32335
0.316236 4.72281
0.192973 2.62046
0.149041 3.60318
0.0838323 3.15066
0.226504 3.38918
-0.0220597 3.21936
0.360737 3.33472
-0.26762 2.95365
0.803462 3.43968
1.9209 0.777536
0.673395 1.9496
0.262148 2.12896
0.131436 3.74842
0.104746 3.07434
0.209489 3.42737
0.00380509 3.21563
0.325861 3.34259
-0.202122 3.06227
0.663833 3.38745
1.08573 2.51813
1.58378 -0.789737
-0.729568 3.05001
1.93194 2.96037
1.21465 0.932466
1.65882 1.57053
1.53373 0.983804
1.6013 1.31395
1.58069 1.04444
1.57696 1.32409
1.59503 0.962566
1.5459 1.47277
1.59775 0.718942
1.42879 1.82792
1.56365 0.111369
0.501304 2.02964
-0.494966 2.71276
1.35504 3.52298
1.18612 -0.98427
0.191166 4.51859
0.231745 2.72813
0.0432664 3.51038
0.234037 3.19754
-0.0232786 3.29801
0.350036 3.29498
-0.250564 3.00186
0.762198 3.41779
1.84345 1.48834
1.32088 1.64013
1.64368 0.085839
0.367571 1.93696
-0.101251 3.59265
0.448087 3.15042
-0.398355 2.55053
1.17009 3.59619
1.34903 -1.39718
0.423956 4.82069
0.147791 2.53416
0.259819 3.67002
-0.0768935 3.05602
0.468681 3.40193
-0.363406 2.43607
1.13237 3.63776
1.40522 -1.43864
0.375782 4.80627
0.189825 2.5757
0.166437 3.62621
0.0588175 3.13487
0.264716 3.39446
-0.0881159 3.17051
0.462979 3.34501
-0.373286 2.4629
1.1439 3.62764
1.38708 -1.431
0.398579 4.81766
0.172832 2.55673
0.205607 3.64715
0.00290194 3.10912
0.346791 3.39581
-0.237799 2.98467
0.741669 3.42311
1.75504 1.84255
1.45018 1.11065
1.66333 0.970731
1.47207 1.62217
1.59788 0.383245
1.04729 2.15079
1.71434 -0.357507
-0.639405 1.74942
1.98564 3.31575
1.12916 0.788122
1.31264 2.22309
1.49355 -0.398558
-0.689494 1.96186
2.00545 3.20075
1.13797 0.91638
1.54525 1.93706
1.51791 0.35606
1.06819 2.18058
1.68375 -0.44633
-0.727353 1.9132
2.09265 3.04246
1.08473 1.18688
1.71122 1.49319
1.49695 1.22478
1.6403 0.88293
1.46721 1.68013
1.5875 0.321142
0.950378 2.16139
1.82011 0.100603
0.00594479 1.68983
0.818709 4.00398
1.88333 1.39721
1.21351 1.79052
1.66143 -0.142458
-0.201913 1.66555
1.17046 3.93268
1.37595 -1.56988
0.611929 4.99015
0.268043 2.44594
0.0189652 3.57979
0.262972 3.15807
-0.0763102 3.27238
0.429543 3.29801
-0.370132 2.64741
1.0819 3.56557
1.48381 -1.3848
0.161443 4.63415
0.390609 2.75467
-0.34426 2.99248
0.955283 3.44191
1.71673 -0.943768
-0.661391 3.40678
1.82869 3.01363
1.24604 0.632652
1.34219 2.15538
1.50183 -0.298542
-0.54307 1.76132
1.78839 3.57701
1.11006 0.146842
-0.535607 1.92184
1.70252 3.60149
1.10684 -0.0877105
-0.69281 2.60073
1.85713 3.21489
1.19474 0.573513
1.06922 2.28698
1.65663 -0.562846
-0.798795 2.22768
2.14112 2.79688
1.0117 1.4175
1.75805 1.34873
1.43287 1.50089
1.63292 0.413563
1.04495 2.13515
1.72063 -0.330549
-0.606533 1.71273
1.93697 3.40731
1.12877 0.616767
0.889678 2.29002
1.85866 0.404097
0.418987 1.88416
-0.245142 3.41216
0.718584 3.26181
1.64695 2.09219
1.46838 0.589046
1.42442 1.94441
1.5364 0.0195007
0.259378 1.9088
0.225124 3.86394
-0.0178208 2.98798
0.401038 3.44992
-0.319008 2.77211
0.943785 3.51708
1.74942 -0.867433
-0.736943 3.17932
1.9648 2.85988
1.20501 1.07899
1.72819 1.21097
1.44977 1.53705
1.62075 0.411577
1.06086 2.13776
1.70231 -0.378507
-0.659538 1.78104
2.01184 3.25769
1.12577 0.88427
1.47146 2.06489
1.49945 0.0680276
0.37889 1.98347
-0.156061 3.5158
0.544096 3.19277
-0.140594 2.11056
0.8623 3.79831
1.93395 0.231175
-0.146802 1.57928
1.12089 3.98198
1.47506 -1.55654
0.422003 4.88418
0.216547 2.54966
0.115785 3.61159
0.128944 3.14892
0.160108 3.38791
0.0829249 3.26035
0.209964 3.33336
0.00889571 3.26015
0.311545 3.32113
-0.17541 3.10698
0.610547 3.36707
0.45064 2.30991
-0.439393 2.85664
1.19529 3.49787
1.31964 -1.31179
0.361429 4.74966
0.153822 2.58283
0.23545 3.64559
-0.0408639 3.0902
0.410868 3.39405
-0.338726 2.73404
0.993439 3.5332
1.64869 -1.1476
-0.384 3.98302
1.30834 3.19965
1.26519 -0.91285
-0.111076 4.20546
0.668897 3.00424
1.21181 2.47923
1.4777 -0.717357
-0.708988 3.03841
1.8819 3.04476
1.22341 0.751327
1.48662 1.99294
1.51438 0.151851
0.611534 2.09534
-0.153245 2.00452
0.927688 3.83496
1.84507 -0.573168
-0.856432 2.37937
2.21514 2.51034
0.802178 1.58995
0.969395 2.3946
1.76121 -0.349155
-0.664913 1.75353
2.0324 3.23016
1.11757 0.943628
1.5353 1.96726
1.51312 0.307775
0.975619 2.18962
1.78925 -0.106537
-0.317709 1.59853
1.41723 3.88381
1.10589 -1.07604
0.52563 4.77841
0.0540694 2.43204
0.449865 3.72209
-0.316307 2.5538
0.999187 3.59874
1.64548 -1.17779
-0.34083 4.05508
1.22874 3.18626
1.31972 -1.07898
0.015805 4.39075
0.495673 2.87965
-0.392697 2.27795
1.25032 3.68089
1.25208 -1.33023
0.532063 4.86112
0.121368 2.44513
0.33369 3.71701
-0.185833 2.92336
0.664325 3.44735
1.06123 2.52129
1.6127 -0.764715
-0.760649 2.92544
1.99527 2.88187
1.179 1.13051
1.7403 1.16926
1.42257 1.61165
1.61423 0.279738
0.837931 2.13823
1.81366 1.31067
1.33492 1.69025
1.62574 0.0502902
0.301988 1.90706
0.110341 3.79374
0.134024 3.05078
0.168436 3.43488
0.0665129 3.23369
0.236964 3.34537
-0.0378352 3.22842
0.381158 3.32666
-0.303737 2.87601
0.889811 3.47571
1.84994 -0.405771
-0.796689 1.95617
2.2008 2.74342
0.91125 1.48806
1.56554 2.02742
1.49592 0.364584
1.09075 2.1848
1.65838 -0.492175
-0.759923 2.0278
2.11836 2.93608
1.05543 1.29907
1.74442 1.36311
1.45282 1.44603
1.63551 0.515082
1.18142 2.08393
1.60364 -0.448105
-0.715781 1.94568
2.06102 3.09826
1.11032 1.09544
1.67822 1.60145
1.51956 1.02388
1.61786 1.22409
1.56703 1.19398
1.6016 1.09002
1.56684 1.31425
1.60103 0.945103
1.53491 1.51078
1.59702 0.651416
1.37772 1.91759
1.55406 -0.0679946
0.0246252 1.78284
0.74601 3.97622
1.47538 2.40003
1.41702 -0.0914847
-0.187394 1.7409
1.10743 3.9154
1.48585 -1.52286
0.357299 4.83056
0.241461 2.59736
0.0480193 3.55565
0.22417 3.17429
-0.00303606 3.31999
0.318877 3.28807
-0.190436 3.09939
0.637317 3.37088
0.771407 2.45251
1.75594 1.68392
1.45549 1.2255
1.65934 0.801957
1.39874 1.81788
1.57344 0.0511359
0.341364 1.94331
-0.0218906 3.67436
0.321155 3.10824
-0.196247 3.15508
0.638982 3.34761
0.801741 2.46181
1.842 1.22497
1.24765 1.81595
1.63409 -0.162896
-0.228997 1.66772
1.21693 3.9201
1.30218 -1.53273
0.702323 5.01693
0.441556 2.47218
-0.433835 2.81237
1.18905 3.51152
1.32635 -1.32818
0.37112 4.76189
0.152601 2.57509
0.239779 3.64962
-0.0472753 3.08467
0.420926 3.39515
-0.349583 2.68565
1.02834 3.55146
1.58116 -1.27674
-0.135338 4.3282
0.843091 3.03934
1.8878 0.122631
-0.165063 1.5936
1.14433 3.96982
1.4284 -1.57799
0.529717 4.95242
0.211556 2.47816
0.145173 3.65008
0.0874332 3.12612
0.225647 3.40168
-0.0212136 3.21436
0.360417 3.33741
-0.266832 2.95414
0.801859 3.43936
1.91979 0.804706
0.706826 1.95829
0.671668 2.33018
0.81242 2.40601
1.84673 1.1583
1.20777 1.86657
1.64474 -0.228476
-0.377625 1.65025
1.5064 3.82478
1.07625 -0.784138
0.194247 4.46679
0.191552 2.73488
0.126275 3.55229
0.11797 3.18035
0.171771 3.37378
0.0665804 3.26329
0.232223 3.33017
-0.0288137 3.24057
0.366582 3.32259
-0.279055 2.93492
0.829175 3.4489
1.92266 0.366229
0.110125 1.69763
0.638784 4.02601
0.32898 2.3003
-0.10899 3.49659
0.461018 3.19265
-0.393056 2.47067
1.18324 3.62228
1.33175 -1.39823
0.459943 4.84298
0.137025 2.50526
0.287806 3.68666
-0.118692 3.01434
0.538702 3.41338
-0.176745 2.1464
0.904963 3.77453
1.87374 -0.378946
-0.799181 1.93841
2.2095 2.7251
0.89204 1.50026
1.48938 2.15201
1.47654 0.0703364
0.367395 1.98317
-0.119464 3.56087
0.478961 3.16667
-0.382539 2.36409
1.19725 3.65776
1.31394 -1.40178
0.50102 4.86829
0.136173 2.474
0.298373 3.70081
-0.133837 2.99299
0.566268 3.42093
0.00162815 2.13846
0.634533 3.83239
0.43575 2.33397
-0.411631 2.9441
1.11673 3.47071
1.42423 -1.35977
0.226833 4.67241
0.297203 2.69589
-0.106482 3.39275
0.462316 3.23901
-0.386894 2.46296
1.17258 3.62573
1.34601 -1.41104
0.449564 4.84144
0.144019 2.51441
0.272329 3.68028
-0.0954279 3.03727
0.499401 3.4069
-0.321389 2.28047
1.10558 3.6967
1.45423 -1.45548
0.313255 4.77267
0.247069 2.62802
0.0283374 3.53243
0.252808 3.18386
-0.0579375 3.27807
0.401969 3.2982
-0.338745 2.78785
0.980724 3.51366
1.6724 -1.08681
-0.479651 3.81662
1.49194 3.19236
1.21845 -0.416313
-0.648127 3.06098
1.73046 3.2239
1.20813 0.235923
0.099137 1.90371
0.568359 3.9452
-0.0988356 2.20298
0.760821 3.7743
1.73409 1.94949
1.4553 0.968781
1.64541 1.22404
1.54407 1.27527
1.61474 0.929623
1.51562 1.56256
1.59577 0.550103
1.27996 2.03554
1.55763 -0.326835
-0.561802 1.75171
1.83091 3.53362
1.11828 0.281532
-0.213481 1.81575
1.11542 3.88184
1.46393 -1.52555
0.396728 4.85558
0.215099 2.56589
0.115027 3.60582
0.130254 3.15204
0.157611 3.38614
0.0868137 3.26201
0.204265 3.33277
0.0183894 3.26487
0.297853 3.32078
-0.149107 3.1391
0.561999 3.35311
-0.0206215 2.12865
0.672258 3.82948
0.853123 2.5076
1.87579 0.467487
0.452293 1.89194
-0.352277 3.21661
0.957675 3.37097
1.70569 -0.949657
-0.651539 3.42746
1.80906 3.03373
1.24608 0.566945
1.21422 2.23598
1.53926 -0.553147
-0.781429 2.32883
2.08929 2.88773
1.08596 1.29423
1.76386 1.17893
1.38733 1.66695
1.61283 0.157749
0.576213 2.05041
-0.407849 2.11694
1.34656 3.71715
1.16675 -1.13656
0.45882 4.75646
0.0612989 2.49514
0.418732 3.6956
-0.300567 2.6787
0.931545 3.55103
1.77963 -0.769628
-0.804132 2.89239
2.0861 2.68601
1.07396 1.42401
1.79142 0.897013
1.19897 1.94826
1.62834 -0.315037
-0.536217 1.70359
1.80076 3.5846
1.10705 0.17117
-0.504585 1.89252
1.64932 3.65299
1.09472 -0.264854
-0.563314 3.26065
1.52556 3.31577
1.18592 -0.389285
-0.619528 3.14404
1.66293 3.26052
1.1992 0.0281767
-0.484494 1.84009
1.6307 3.68427
1.08761 -0.337461
-0.465824 3.51115
1.30754 3.31296
1.24555 -0.977808
0.0337458 4.3759
0.442574 2.8626
-0.42447 2.63438
1.20533 3.56659
1.30526 -1.33709
0.427806 4.80158
0.125752 2.52805
0.30165 3.67939
-0.140522 2.99629
0.575833 3.41855
0.0806505 2.15651
0.501231 3.8417
-0.278413 2.36081
0.994147 3.67351
1.66812 -1.15295
-0.391957 3.97972
1.33094 3.19781
1.25476 -0.856046
-0.171418 4.11763
0.768194 3.06568
1.86649 1.25101
1.19953 1.84491
1.65613 -0.203675
-0.332372 1.6461
1.42011 3.86456
1.10629 -1.05302
0.493142 4.75278
0.0407549 2.46082
0.461345 3.70722
-0.32099 2.50372
1.02445 3.61714
1.59664 -1.27666
-0.15363 4.31123
0.880694 3.05683
1.83768 -0.297911
-0.687744 1.73586
2.08098 3.13935
1.09141 1.09552
1.65052 1.71166
1.52502 0.845437
1.56653 1.52847
1.58274 0.726296
1.45097 1.79769
1.56572 0.187682
0.687561 2.11107
0.69961 2.35118
1.16054 2.4462
1.52511 -0.743342
-0.725766 3.00788
1.91974 2.99416
1.21601 0.879702
1.61891 1.70575
1.53919 0.745074
1.50506 1.71552
1.57103 0.392166
1.09256 2.15305
1.66459 -0.460748
-0.735366 1.94801
2.09658 3.01962
1.08107 1.20955
1.72116 1.45099
1.48628 1.29405
1.64112 0.768809
1.40503 1.82708
1.56957 0.0577108
0.360016 1.95445
-0.0845859 3.60725
0.420172 3.14201
-0.378548 2.71575
1.08272 3.54249
1.48094 -1.37672
0.154252 4.62504
0.396735 2.76067
-0.357577 2.95606
0.989935 3.45756
1.64793 -1.12184
-0.417321 3.92267
1.36887 3.20487
1.23875 -0.761885
-0.271888 3.95884
0.947813 3.16434
1.71728 -0.839448
-0.750116 3.09372
1.98366 2.85018
1.19086 1.12781
1.74108 1.13188
1.41101 1.64936
1.60952 0.22032
0.720846 2.10863
1.08092 2.43715
1.60763 -0.719057
-0.781605 2.77867
2.04001 2.83684
1.13861 1.24975
1.76539 1.0221
1.32683 1.80832
1.59891 -0.0729817
0.00695727 1.76215
0.783784 3.97829
1.74718 1.93996
1.44819 1.0196
1.65713 1.12446
1.5195 1.42266
1.61423 0.698355
1.39323 1.87692
1.56026 -0.00538725
0.19354 1.86682
0.399035 3.94255
-0.233114 2.71137
0.798465 3.53644
1.91532 0.956032
0.86685 1.97606
1.80463 1.30781
1.35082 1.66881
1.62492 0.0946187
0.412002 1.96609
-0.254892 3.37795
0.738427 3.27752
1.76157 1.80078
1.44712 1.16142
1.66527 0.884943
1.43426 1.73018
1.58499 0.200379
0.702363 2.11036
0.875436 2.41108
1.86455 0.356937
0.320296 1.83202
0.0907307 3.79812
0.161063 3.04859
0.124473 3.42671
0.130788 3.24697
0.142909 3.33865
0.113515 3.28991
0.162379 3.31862
0.0863592 3.29452
0.200172 3.31598
0.0264674 3.27588
0.28513 3.31682
-0.124851 3.167
0.51905 3.34193
-0.265875 2.18827
1.03931 3.73924
1.58591 -1.33828
-0.0520768 4.43868
0.716624 2.96124
1.63531 2.08282
1.47271 0.556104
1.3862 1.99617
1.53175 -0.103646
-0.0783674 1.74468
0.927163 3.95438
1.8768 -0.432251
-0.832221 2.06598
2.2319 2.5958
0.806534 1.55791
0.941317 2.38812
1.79932 -0.175327
-0.458535 1.6003
1.69411 3.72207
1.07433 -0.198996
-0.5841 3.17874
1.57086 3.31364
1.18487 -0.260345
-0.701172 2.71053
1.86457 3.17028
1.20293 0.622644
1.21282 2.25119
1.53609 -0.565491
-0.783587 2.37539
2.08518 2.87976
1.09028 1.2938
1.76563 1.15434
1.37687 1.69333
1.61001 0.113903
0.474835 2.00283
-0.443867 2.94918
1.19485 3.4703
1.32161 -1.2966
0.335343 4.72658
0.168385 2.60431
0.202124 3.62833
0.00811462 3.1205
0.337415 3.39141
-0.221088 3.01429
0.705906 3.40915
1.51181 2.31433
1.43586 0.0535223
0.265725 1.93789
0.196362 3.8403
0.0196295 3.01256
0.34385 3.44756
-0.228563 2.97916
0.725981 3.42446
1.66106 2.08102
1.46681 0.642083
1.47674 1.85286
1.54799 0.214727
0.760085 2.14124
1.47903 2.23908
1.45644 -0.00364492
0.12841 1.85951
0.533578 3.96309
-0.212245 2.28095
0.909086 3.71415
1.85378 -0.478675
-0.838027 2.13794
2.22603 2.58232
0.811787 1.5636
1.00546 2.3963
1.71197 -0.508887
-0.785927 2.07138
2.15336 2.8284
0.999766 1.40872
1.73764 1.47082
1.47003 1.3315
1.64442 0.687024
1.34126 1.9287
1.56217 -0.147538
-0.1798 1.702
1.11394 3.93063
1.47666 -1.5358
0.390339 4.85635
0.224182 2.57208
0.0933477 3.59191
0.160368 3.15913
0.109075 3.37387
0.158131 3.27533
0.0977395 3.31761
0.181072 3.30455
0.0585027 3.29323
0.238817 3.3136
-0.0395223 3.2405
0.381556 3.32031
-0.305009 2.8756
0.892456 3.47608
1.84525 -0.433336
-0.810456 2.0117
2.20939 2.69254
0.881986 1.51625
1.4577 2.19456
1.46949 -0.0399058
0.0413755 1.81307
0.705317 3.96972
1.07477 2.55525
1.58879 -0.808669
-0.718218 3.10422
1.91056 2.97972
1.22284 0.867108
1.61408 1.71447
1.53982 0.722843
1.49054 1.75268
1.56686 0.324076
0.976508 2.16969
1.79163 -0.0813569
-0.275066 1.60369
1.33425 3.91182
1.16515 -1.31051
0.69843 4.93819
0.391539 2.43818
-0.317687 3.14706
0.88074 3.3807
1.85496 -0.334831
-0.745471 1.81949
2.15415 2.93264
1.01286 1.34052
1.71384 1.5599
1.4946 1.17822
1.64241 0.942934
1.48856 1.60737
1.59607 0.438096
1.13506 2.12749
1.63012 -0.479646
-0.745712 2.00698
2.09826 2.99223
1.07921 1.23212
1.73207 1.39787
1.47121 1.37608
1.63875 0.635118
1.30521 1.97879
1.5621 -0.246392
-0.408112 1.68256
1.55056 3.78978
1.07241 -0.634864
-0.011693 4.23693
0.449906 2.91099
-0.424598 2.57318
1.22182 3.58506
1.28598 -1.32186
0.447066 4.8083
0.114668 2.51131
0.325906 3.68882
-0.177098 2.94876
0.644293 3.43662
0.825305 2.47487
1.87164 0.870826
0.945997 2.00394
1.83722 0.426282
0.532189 1.94615
-0.51758 2.54536
1.44637 3.54829
1.14569 -0.753089
-0.0453546 4.23185
0.523376 2.93978
-0.287157 2.13754
1.09936 3.75267
1.47215 -1.46908
0.302817 4.77173
0.263304 2.63767
-0.0122954 3.49846
0.312255 3.19563
-0.178109 3.14946
0.608361 3.34865
0.431826 2.2996
-0.398095 2.9953
1.07873 3.45291
1.48399 -1.33618
0.08961 4.55577
0.47213 2.81831
-0.433625 2.44298
1.28083 3.62039
1.22601 -1.22799
0.447338 4.77757
0.0871966 2.50765
0.373352 3.69204
-0.246859 2.83168
0.791229 3.48681
1.90731 1.03307
0.955574 1.9692
1.83367 0.41997
0.534866 1.94896
-0.517857 2.51943
1.45357 3.55368
1.14266 -0.736603
-0.0615231 4.20998
0.547537 2.95571
-0.142042 2.08532
0.87514 3.80765
1.92352 0.0517774
-0.390223 1.53622
1.59172 3.81913
1.05897 -0.545321
-0.101997 4.11572
0.587354 2.99917
0.226603 2.17998
0.201829 3.7723
0.00950024 3.04626
0.350609 3.42856
-0.241973 2.96381
0.753344 3.43212
1.80806 1.65507
1.39702 1.41791
1.66037 0.447101
1.047 2.12131
1.72157 -0.318915
-0.590304 1.69848
1.91125 3.45005
1.12587 0.528261
0.602456 2.1867
-0.135597 2.01331
0.895757 3.83704
1.90183 -0.194083
-0.667959 1.66972
2.07014 3.18879
1.09622 1.03994
1.60417 1.83499
1.5244 0.605826
1.40959 1.92708
1.54383 -0.00416515
0.195881 1.87249
0.391502 3.9388
-0.225884 2.73098
0.780459 3.52843
1.88312 1.27049
1.16538 1.86062
1.67664 -0.205714
-0.351944 1.63834
1.46217 3.8499
1.08785 -0.926368
0.365121 4.63478
0.0570815 2.58524
0.398387 3.65509
-0.285432 2.75741
0.881414 3.51939
1.87011 -0.294608
-0.725735 1.77105
2.13592 2.99912
1.0395 1.27468
1.71028 1.54671
1.49778 1.17693
1.6408 0.951192
1.4934 1.59304
1.59729 0.463465
1.16967 2.11153
1.60515 -0.474436
-0.739704 2.01027
2.08624 3.01834
1.09114 1.19546
1.72309 1.42878
1.48319 1.31973
1.64018 0.729712
1.38005 1.87339
1.56467 -0.0306326
0.12545 1.82977
0.551858 3.97511
-0.163203 2.2377
0.846376 3.74209
1.93711 0.401613
0.106312 1.68889
0.649677 4.02894
0.425083 2.3437
-0.388528 3.00821
1.05471 3.44705
1.52488 -1.30373
-0.0210158 4.44658
0.639686 2.92583
0.849116 2.45228
1.87515 0.595836
0.635146 1.96632
-0.102885 1.99788
0.85125 3.85334
1.94324 0.499246
0.225138 1.74595
0.381587 3.97691
-0.207045 2.74513
0.744565 3.52329
1.74457 1.88767
1.45449 1.04476
1.65692 1.0875
1.51246 1.46541
1.61145 0.635498
1.34517 1.95166
1.55484 -0.157373
-0.206175 1.6973
1.16164 3.92147
1.38889 -1.5655
0.582472 4.97405
0.235342 2.45164
0.097803 3.63271
0.152356 3.13736
0.125135 3.3875
0.133907 3.26738
0.135527 3.32782
0.125627 3.29683
0.143922 3.31406
0.114814 3.30219
0.15888 3.31225
0.0924101 3.29893
0.191093 3.31404
0.0414834 3.28286
0.263611 3.31613
-0.0845329 3.20516
0.451887 3.32903
-0.376723 2.52395
1.13161 3.60707
1.40483 -1.42414
0.355727 4.78761
0.198147 2.59126
0.145305 3.61183
0.0886202 3.1466
0.220333 3.39147
-0.0119112 3.22398


