0.382101 2.98597
-0.906756 -1.83823
0.142347 2.94296
-0.37655 -1.48963
-0.193789 2.95977
0.338553 -0.924629
-1.49371 1.24145
-0.371672 0.00215878
-1.49435 0.295427
-1.09173 0.474636
-1.32246 0.375856
-1.1921 0.515667
-1.28994 0.328665
-1.18407 0.592063
-1.29632 0.174312
-1.09896 0.755159
-1.20729 -0.254529
-0.829106 1.18276
1.03787 1.63727
-0.0102581 -0.578423
-1.43912 1.16974
-0.541827 -0.154869
-1.27447 1.17227
-0.370884 -0.0489682
-1.49182 0.503684
-1.15155 0.254815
-1.19947 0.745049
-1.23079 -0.134817
-0.911118 1.06995
0.263927 0.63034
1.6537 1.12817
-0.972967 -1.15429
-0.214979 2.20942
1.10876 -0.255352
0.855901 0.945797
0.924438 0.393003
1.21629 0.891621
0.554978 0.24535
1.52021 1.31439
-0.594234 -0.951957
-0.459643 2.20425
1.4765 -0.156355
-0.111153 -0.236613
-1.52664 0.166657
-1.02514 0.555777
-1.34318 0.127094
-1.05779 0.761413
-1.17835 -0.315426
-0.788583 1.25516
1.35965 2.00976
-1.02074 -1.37031
-0.0857655 2.36169
0.740967 -0.457272
0.529521 0.716962
1.40974 0.716611
0.269172 0.0392569
1.08555 1.44804
0.166429 -0.337104
-1.16987 -0.655948
-0.543719 1.53935
1.9022 1.20621
-1.89062 0.0702016
-0.759537 0.314689
-1.41751 0.366025
-1.14991 0.465611
-1.2965 0.414744
-1.21781 0.476938
-1.27099 0.400054
-1.22282 0.507625
-1.27593 0.346559
-1.1979 0.577012
-1.29229 0.210623
-1.12124 0.722046
-1.24788 -0.160946
-0.889861 1.07559
0.377244 0.77564
1.51612 0.749352
-0.111311 -0.379425
-1.50458 0.816417
-1.08062 -0.13694
-0.945522 1.17928
0.609192 1.09405
1.04191 0.31797
1.11666 0.896477
0.68929 0.332075
1.43805 1.07475
-0.0870487 -0.422606
-1.4958 0.890408
-1.02535 -0.211917
-0.903416 1.27607
1.10371 1.73817
-0.223356 -0.791441
-0.919268 1.85429
1.94864 1.728
-1.95375 1.1253
-0.229548 0.306854
-0.057568 0.131889
0.0239048 0.208147
0.836004 1.2207
0.68513 0.108782
1.43282 1.3291
-0.333263 -0.727757
-0.871929 1.8388
1.95643 1.58769
-1.94769 1.04015
-0.347029 0.200405
-1.1696 -0.54846
-0.619825 1.45031
1.86687 1.75368
-1.95071 0.321339
-0.708813 0.184684
-1.40095 0.644946
-1.2032 0.101689
-1.08222 0.888904
-0.943272 -0.419451
-0.759153 1.50637
1.80647 2.05996
-1.97026 0.264563
-0.675616 0.21918
-1.43096 0.475921
-1.17705 0.326313
-1.22841 0.641414
-1.2744 0.0927595
-1.05536 0.847281
-1.01001 -0.420701
-0.738897 1.46939
1.78992 2.07345
-1.96155 0.143436
-0.678928 0.27321
-1.43623 0.306249
-1.11887 0.514284
-1.31816 0.306151
-1.16262 0.601815
-1.30191 0.142303
-1.07828 0.781159
-1.16061 -0.325391
-0.783647 1.278
1.42327 2.07095
-1.23576 -1.40123
-0.0808467 2.09035
1.00599 -0.231999
1.01048 1.11659
0.61107 0.150468
1.47542 1.36311
-0.498287 -0.883334
-0.575773 2.10729
1.69511 0.0458625
-1.11647 -1.04606
-0.281578 1.94194
1.43861 -0.0316042
0.180471 0.0887644
0.98256 1.36014
0.384697 -0.138472
0.838999 1.15446
0.748581 0.181626
1.40915 1.19883
-0.127536 -0.495463
-1.38419 1.23559
-0.308561 0.0362984
-1.44121 -0.141747
-0.878179 0.871548
-0.516679 -0.255018
-1.19868 1.31606
0.345173 0.786258
1.53931 0.764348
-0.214325 -0.492004
-1.28056 1.38865
0.419247 0.900708
1.398 0.571717
0.376473 0.189097
1.49557 1.60454
-0.842907 -1.18386
-0.211998 2.36618
0.957514 -0.36968
0.84559 1.009
0.879018 0.332619
1.28042 0.967194
0.382332 0.071167
1.35179 1.60968
-0.470551 -0.928338
-0.554094 2.1622
1.63143 -0.0468881
-0.827235 -0.925218
-0.391121 2.09112
1.47032 -0.0984978
-0.0177447 -0.136319
-1.13733 -0.631504
-0.561746 1.55136
1.90626 1.2388
-1.90045 0.140608
-0.763163 0.272316
-1.40748 0.499538
-1.19312 0.308781
-1.21254 0.660694
-1.27394 0.0461289
-1.02545 0.888276
-0.852685 -0.421757
-0.792164 1.54665
1.81351 2.07176
-1.97676 0.350054
-0.663563 0.187455
-1.4269 0.546769
-1.19068 0.235567
-1.17211 0.753659
-1.22355 -0.175201
-0.883674 1.10746
0.544241 0.996546
1.19492 0.428277
0.870795 0.687102
1.10924 0.636311
0.887452 0.590674
1.15439 0.721835
0.772584 0.478703
1.3199 0.866883
0.38705 0.112526
1.41606 1.62032
-0.638059 -1.05891
-0.356309 2.33514
1.2196 -0.287858
0.606516 0.660961
1.37212 0.741277
0.355527 0.121603
1.40083 1.63566
-0.619106 -1.04977
-0.371235 2.32793
1.24862 -0.278431
0.549459 0.588722
1.46027 0.856696
0.0229161 -0.256541
-1.37619 -0.43263
-0.697983 1.14311
1.31663 1.93755
-0.836648 -1.27972
-0.154413 2.4755
0.749136 -0.499189
0.383532 0.537713
1.60092 1.09916
-0.711495 -1.00158
-0.370293 2.23895
1.32154 -0.219257
0.419124 0.414846
1.5926 1.24846
-0.805696 -1.08978
-0.28071 2.2906
1.13998 -0.284743
0.769267 0.856077
1.08255 0.501035
0.995844 0.724436
0.958508 0.564798
1.09923 0.724094
0.842218 0.515996
1.23863 0.805545
0.585928 0.308066
1.50936 1.19615
-0.435259 -0.791119
-0.711084 1.96758
1.90357 0.599035
-1.83318 -0.0665324
-0.774064 0.423917
-1.39507 0.0452756
-0.997337 0.782194
-1.0843 -0.41376
-0.728747 1.41154
1.73723 2.13076
-1.92755 -0.182587
-0.641061 0.450929
-1.2436 -0.406571
-0.717353 1.26562
1.53723 2.13299
-1.56084 -1.22115
-0.226966 1.47968
1.70331 0.467512
-0.992615 -1.06971
-0.26734 2.10471
1.28242 -0.162508
0.592625 0.607807
1.41376 0.807655
0.199699 -0.0569965
0.463124 0.726549
1.46513 0.745452
0.078702 -0.172085
-0.846855 -0.617114
-0.627008 1.74665
1.91382 0.910469
-1.86926 0.0507121
-0.777793 0.33395
-1.41375 0.345444
-1.14355 0.491058
-1.30503 0.364085
-1.19414 0.539929
-1.29224 0.282705
-1.16043 0.644713
-1.29193 0.046947
-1.02158 0.873018
-0.890664 -0.431002
-0.768284 1.54157
1.8308 2.01709
-1.97555 0.408291
-0.660824 0.165044
-1.41952 0.607785
-1.19672 0.152486
-1.1179 0.842267
-1.08299 -0.370791
-0.762137 1.37606
1.64251 2.18533
-1.81569 -0.719465
-0.479544 0.844776
1.13928 1.68317
-0.197954 -0.742532
-1.00581 1.76846
1.8247 2.20932
-1.99942 0.71203
-0.516777 0.149334
-1.46698 0.254013
-1.08509 0.53795
-1.33073 0.231413
-1.12008 0.673266
-1.28424 -0.0532622
-0.957451 0.960696
-0.409316 -0.145798
-1.41022 0.942716
-0.996159 -0.28436
-0.85381 1.35587
1.43626 2.10685
-1.30827 -1.39543
-0.0934214 1.97838
1.13285 -0.140876
0.925308 0.970801
0.834247 0.346591
1.31652 0.974671
0.305262 -0.00162494
1.05967 1.4128
0.238669 -0.265182
-0.461475 -0.363754
-1.13964 1.43617
0.943821 1.58259
0.164087 -0.425304
-1.43538 -0.365202
-0.740838 1.02923
0.800179 1.31131
0.62712 0.0192392
1.40134 1.45445
-0.394526 -0.817004
-0.719704 1.98585
1.90324 0.579721
-1.83227 -0.0645203
-0.775531 0.423308
-1.39566 0.0510592
-1.00058 0.777089
-1.09915 -0.404822
-0.733108 1.39257
1.70792 2.15408
-1.90019 -0.357025
-0.600521 0.563039
-0.760582 -0.469863
-0.794688 1.61873
1.87272 1.92423
-1.97632 0.648785
-0.595269 0.111682
-1.43344 0.621617
-1.18885 0.128348
-1.10477 0.871404
-1.01192 -0.404462
-0.751441 1.45368
1.75915 2.12325
-1.94851 -0.0217984
-0.664395 0.358193
-1.40187 -0.0404314
-0.945016 0.840487
-0.83176 -0.43414
-0.790783 1.56552
1.83239 2.03187
-1.97865 0.449739
-0.649276 0.154093
-1.42123 0.615525
-1.19554 0.140743
-1.11066 0.854985
-1.05236 -0.38893
-0.754264 1.41338
1.70641 2.16676
-1.90398 -0.343736
-0.602662 0.553543
-0.809434 -0.492762
-0.749257 1.63139
1.90607 1.72883
-1.96267 0.68795
-0.604063 0.0910605
-1.4177 0.702634
-1.18272 0.0124415
-1.02688 0.984436
-0.522691 -0.233265
-1.21508 1.28695
0.187059 0.582464
1.68061 1.374
-1.2811 -1.22705
-0.18727 1.87822
1.36012 -0.0260128
0.470331 0.43159
1.56593 1.15178
-0.608302 -0.931891
-0.468834 2.17709
1.50973 -0.128096
-0.240802 -0.387888
-1.36228 1.20879
-0.369698 -0.028422
-1.49546 0.416101
-1.13126 0.351704
-1.26109 0.610505
-1.26728 0.162134
-1.10069 0.787813
-1.16337 -0.311757
-0.793371 1.26483
1.37084 2.0228
-1.06128 -1.38286
-0.0787899 2.3204
0.771209 -0.425734
0.675301 0.882192
1.1536 0.498994
0.903228 0.674466
1.08631 0.639772
0.913555 0.601561
1.12252 0.704401
0.826583 0.51933
1.25137 0.807279
0.56299 0.289092
1.52151 1.24681
-0.529085 -0.884304
-0.554643 2.11352
1.66564 0.0117295
-0.973663 -1.00565
-0.310633 2.06002
1.38296 -0.112609
0.325569 0.278495
1.55181 1.59288
-1.01023 -1.2528
-0.153681 2.26329
0.95765 -0.325164
0.924558 1.08012
0.734959 0.230778
1.4182 1.15693
-0.109503 -0.466289
-1.43511 1.10883
-0.690524 -0.247617
-1.05276 1.38147
1.00298 1.64184
0.0242247 -0.557361
-1.49698 0.988255
-0.907028 -0.267369
-0.903005 1.37927
1.37954 2.06655
-1.13682 -1.40576
-0.0691481 2.23713
0.839869 -0.359771
0.889197 1.09267
0.758393 0.230484
1.40142 1.13978
-0.0471062 -0.399152
-1.5387 0.630572
-1.1263 0.0777794
-1.09208 0.956035
-0.76902 -0.376789
-0.875946 1.52091
1.68278 2.24005
-1.90735 -0.366596
-0.58961 0.566456
-0.698687 -0.436368
-0.863371 1.5893
1.78377 2.1676
-1.97979 0.272661
-0.659547 0.221055
-1.43762 0.43074
-1.16248 0.377123
-1.25909 0.568152
-1.26855 0.239761
-1.14578 0.70702
-1.26118 -0.103096
-0.927845 1.01948
-0.0378309 0.253265
0.749591 1.12542
0.866782 0.243476
1.31226 1.05746
0.238995 -0.0931588
0.475623 0.736422
1.44809 0.725309
0.147012 -0.0934936
-0.0152709 0.13428
0.291467 0.538252
1.647 1.2478
-1.03652 -1.19524
-0.187718 2.1769
1.09528 -0.244104
0.8887 0.97873
0.863557 0.350323
1.28907 0.957431
0.374537 0.06806
1.33801 1.60777
-0.438101 -0.901594
-0.601961 2.11654
1.71969 0.0689411
-1.23709 -1.0452
-0.291575 1.78732
1.57144 0.12563
-0.347064 -0.537068
-1.07066 1.59763
1.49799 2.24314
-1.58904 -1.224
-0.226567 1.44568
1.72217 0.525541
-1.09682 -1.10481
-0.244012 2.01946
1.32122 -0.109891
0.529586 0.520515
1.5043 0.960334
-0.207432 -0.521172
-1.2557 1.43435
0.643492 1.19941
0.906417 0.204692
1.28169 1.06875
0.287479 -0.0530644
0.839665 1.17496
0.727603 0.158761
1.42084 1.24
-0.202522 -0.580104
-1.19292 1.53134
1.10077 1.80619
-0.31107 -0.8922
-0.718331 2.04729
1.87686 0.430892
-1.77926 -0.291991
-0.715597 0.602682
-1.01037 -0.510576
-0.667483 1.55039
1.89827 1.65152
-1.95276 0.500315
-0.687119 0.11612
-1.37591 0.785414
-1.16347 -0.116781
-0.938217 1.10787
0.327663 0.718099
1.58585 0.883149
-0.488329 -0.783166
-0.676786 1.97347
1.87418 0.485935
-1.76973 -0.348167
-0.69342 0.645575
-0.783473 -0.464884
-0.78702 1.60914
1.87098 1.92243
-1.97584 0.628781
-0.604595 0.112698
-1.42841 0.640227
-1.18982 0.102922
-1.0874 0.895996
-0.93217 -0.417775
-0.764285 1.51032
1.80529 2.06593
-1.97079 0.265157
-0.674745 0.219191
-1.43133 0.473843
-1.17641 0.328702
-1.2299 0.638199
-1.2746 0.0997766
-1.05976 0.840845
-1.03023 -0.414218
-0.739231 1.45049
1.76954 2.10287
-1.95211 0.0250524
-0.670847 0.332994
-1.42064 0.0709552
-1.0063 0.737331
-1.17939 -0.337841
-0.771991 1.27196
1.43634 2.07888
-1.27436 -1.39598
-0.0885653 2.02904
1.07744 -0.181078
0.975847 1.04497
0.71582 0.248274
1.43048 1.15226
-0.139416 -0.495017
-1.37015 1.26062
-0.209877 0.136325
-0.855211 -0.576643
-0.657858 1.70125
1.93023 1.15726
-1.913 0.355528
-0.767108 0.157465
-1.34806 0.794142
-1.16709 -0.138587
-0.921251 1.12311
0.462558 0.893933
1.35871 0.557766
0.488145 0.307465
1.55586 1.31445
-0.724613 -1.04926
-0.331227 2.29091
1.21877 -0.267096
0.635613 0.689442
1.32825 0.699199
0.485682 0.261507
1.54653 1.38191
-0.7601 -1.08625
-0.294691 2.31594
1.13968 -0.296458
0.754234 0.842932
1.10736 0.516952
0.956849 0.695339
1.01895 0.605085
1.01196 0.66554
0.981463 0.61343
1.0468 0.672246
0.938732 0.592375
1.10311 0.705367
0.850316 0.531227
1.2231 0.788452
0.623888 0.344779
1.48203 1.11133
-0.259734 -0.605533
-1.09271 1.62631
1.51318 2.26534
-1.64007 -1.15729
-0.266324 1.33183
1.80581 0.85074
-1.55262 -0.94087
-0.393927 1.28006
1.8571 1.40128
-1.85963 -0.229382
-0.689736 0.50506
-1.21446 -0.42134
-0.708461 1.30538
1.62043 2.1582
-1.75659 -0.879344
-0.412588 1.00432
1.64123 2.00977
-1.68709 -0.984402
-0.365448 1.14937
1.81656 1.65171
-1.86356 -0.310824
-0.652168 0.551987
-0.991244 -0.52536
-0.659953 1.57691
1.91067 1.54437
-1.94532 0.49693
-0.70093 0.111628
-1.3632 0.815706
-1.14605 -0.165361
-0.906099 1.16035
0.679248 1.1808
0.886332 0.210776
1.29933 1.0757
0.24738 -0.0920993
0.519086 0.78999
1.37391 0.641419
0.408949 0.203988
1.5195 1.55434
-0.859173 -1.18081
-0.211159 2.34872
0.97264 -0.357169
0.859649 1.01625
0.858648 0.320962
1.30235 0.988038
0.32212 0.00912894
1.12844 1.47515
0.0798201 -0.416719
-1.53895 0.0506682
-0.966039 0.631516
-1.29497 -0.163001
-0.881745 1.03456
0.221774 0.571044
1.67161 1.32232
-1.20269 -1.22897
-0.176512 1.99061
1.24717 -0.115529
0.719953 0.739345
1.21633 0.623607
0.742681 0.506983
1.33302 0.849332
0.372301 0.104598
1.39238 1.62568
-0.585515 -1.02223
-0.407962 2.29722
1.32918 -0.246368
0.36091 0.349938
1.59618 1.44424
-1.01024 -1.22246
-0.171747 2.23413
1.01567 -0.293255
0.924956 1.0524
0.760642 0.260755
1.39665 1.10571
-0.00128289 -0.343628
-1.53707 0.119029
-0.999701 0.582524
-1.33605 0.0221543
-0.995925 0.85532
-0.894547 -0.438063
-0.760745 1.54677
1.8417 1.98414
-1.97503 0.451898
-0.655671 0.150122
-1.41569 0.640355
-1.19636 0.105695
-1.08712 0.889306
-0.948816 -0.417997
-0.758558 1.50217
1.80293 2.06588
-1.96925 0.244017
-0.67643 0.227923
-1.43266 0.450066
-1.17001 0.357239
-1.24669 0.597841
-1.27355 0.18324
-1.1114 0.76263
-1.20241 -0.254794
-0.829595 1.18715
1.05079 1.65387
-0.0468788 -0.614591
-1.35383 1.35688
0.152728 0.565253
1.6779 1.48297
-1.35883 -1.22039
-0.202513 1.76101
1.47691 0.0835777
0.0940234 -0.0338045
0.00907112 0.170555
0.605108 0.935989
1.18111 0.467072
0.876937 0.673304
1.11256 0.647657
0.876197 0.578272
1.17245 0.736541
0.737262 0.448959
1.36343 0.913467
0.252374 -0.0325788
0.793738 1.12756
0.820135 0.226574
1.35407 1.10192
0.106466 -0.235325
-1.00642 -0.665549
-0.548901 1.69752
1.88101 0.782371
-1.794 -0.333367
-0.688279 0.615243
-0.883044 -0.502825
-0.70998 1.61498
1.91263 1.6262
-1.9545 0.619482
-0.649314 0.0881659
-1.38456 0.795051
-1.15385 -0.128807
-0.931611 1.12468
0.428683 0.850597
1.42233 0.621607
0.28218 0.0764928
1.21109 1.55953
-0.143157 -0.637622
-1.20024 1.55742
1.15569 1.88123
-0.489236 -1.05395
-0.43476 2.3398
1.33407 -0.266403
0.317815 0.301382
1.56628 1.57922
-1.04428 -1.25956
-0.149342 2.2281
0.984424 -0.300668
0.942826 1.08238
0.714367 0.220961
1.43253 1.18418
-0.177389 -0.540952
-1.27068 1.42882
0.588376 1.12742
1.03392 0.292948
1.1327 0.920797
0.648673 0.294139
1.47185 1.1536
-0.266685 -0.621791
-1.06551 1.65492
1.60446 2.31731
-1.8403 -0.695409
-0.479388 0.811734
1.02963 1.55267
0.105588 -0.444487
-1.54289 0.053847
-0.966505 0.62502
-1.3014 -0.145235
-0.892887 1.01533
0.0844942 0.398003
1.48767 1.77988
-1.03332 -1.30377
-0.12357 2.28332
0.886878 -0.359973
0.889219 1.0765
0.773709 0.247923
1.38827 1.11055
0.0155746 -0.328075
-1.51092 -0.0569931
-0.916217 0.737744
-1.06959 -0.445711
-0.7067 1.45007
1.80296 2.02688
-1.96021 0.171669
-0.684666 0.258785
-1.43447 0.369814
-1.14426 0.448766
-1.29408 0.444988
-1.22921 0.434964
-1.25334 0.467706
-1.25342 0.411394
-1.23454 0.497481
-1.26893 0.364201
-1.20866 0.557328
-1.28792 0.252524
-1.14601 0.680911
-1.27788 -0.0454121
-0.963948 0.959994
-0.433597 -0.16727
-1.36871 1.04721
-0.80986 -0.31365
-0.910837 1.45013
1.51024 2.19104
-1.56131 -1.2404
-0.215525 1.49411
1.68272 0.425408
-0.878104 -1.01286
-0.318203 2.1517
1.31761 -0.176941
0.478348 0.476266
1.55362 1.07456
-0.491122 -0.818169
-0.641234 2.01959
1.81926 0.301478
-1.61387 -0.742704
-0.512713 1.06506
1.57022 2.06111
-1.56591 -1.19193
-0.24469 1.4504
1.73716 0.551513
-1.17974 -1.11469
-0.242984 1.92277
1.4009 -0.0354663
0.323934 0.261033
1.53694 1.61192
-0.982589 -1.24783
-0.157598 2.29095
0.937417 -0.344259
0.90321 1.07014
0.765766 0.249697
1.39412 1.11407
-0.00282671 -0.347535
-1.54015 0.148161
-1.01213 0.556791
-1.34489 0.107824
-1.04601 0.776688
-1.14486 -0.354773
-0.763987 1.31465
1.53734 2.15169
-1.57952 -1.20409
-0.238108 1.44228
1.73516 0.553633
-1.1688 -1.115
-0.241873 1.93739
1.38725 -0.0478079
0.364047 0.311262
1.57954 1.49473
-1.0004 -1.22914
-0.168032 2.25212
0.992367 -0.308627
0.924423 1.06381
0.750498 0.248614
1.40566 1.12592
-0.0447066 -0.392928
-1.54203 0.591247
-1.12714 0.122537
-1.12338 0.909298
-0.94442 -0.407367
-0.768851 1.49452
1.78446 2.10273
-1.96477 0.151926
-0.675076 0.26997
-1.43706 0.30696
-1.11885 0.512882
-1.31802 0.309118
-1.1641 0.598518
-1.30195 0.15029
-1.08305 0.773721
-1.17478 -0.307345
-0.795013 1.25179
1.33555 1.98619
-0.940207 -1.33905
-0.107094 2.42936
0.709666 -0.500239
0.299861 0.441623
1.63176 1.40417
-1.11016 -1.23862
-0.163482 2.12444
1.10554 -0.217119
0.902191 0.980906
0.848303 0.343833
1.30489 0.970756
0.332234 0.0247677
1.18768 1.52453
-0.0634246 -0.555643
-1.39845 1.24415
-0.296445 0.0517924
-1.4026 -0.262798
-0.806616 0.996308
0.370535 0.753615
1.53361 0.785145
-0.202085 -0.482751
-1.3062 1.35076
0.2221 0.645092
1.67277 1.17849
-1.09729 -1.19786
-0.187179 2.10407
1.16136 -0.192583
0.833538 0.892765
0.990793 0.45068
1.1242 0.813202
0.746129 0.41262
1.36991 0.948548
0.207879 -0.0875291
0.351885 0.584065
1.61104 1.06756
-0.731743 -1.01075
-0.356616 2.2413
1.29932 -0.225532
0.478627 0.488562
1.55065 1.05596
-0.463504 -0.789829
-0.689502 1.97518
1.88392 0.517266
-1.79261 -0.258076
-0.723925 0.570524
-1.12444 -0.476874
-0.67543 1.43229
1.81532 1.97614
-1.95784 0.191669
-0.690619 0.248227
-1.43125 0.418956
-1.16189 0.395331
-1.26714 0.538947
-1.26255 0.291357
-1.17594 0.651875
-1.28602 0.0423901
-1.02007 0.881694
-0.862238 -0.42548
-0.784721 1.54705
1.82095 2.05154
-1.97682 0.380197
-0.661343 0.176116
-1.42381 0.576133
-1.19434 0.196196
-1.14663 0.796879
-1.17042 -0.279625
-0.816127 1.23347
1.23168 1.87416
-0.596391 -1.12012
-0.329413 2.42462
1.0994 -0.355263
0.729887 0.839716
1.13338 0.525707
0.918215 0.669276
1.07507 0.640535
0.926509 0.607135
1.10638 0.695515
0.852912 0.538363
1.21685 0.780873
0.639346 0.359744
1.46862 1.07922
-0.185872 -0.524339
-1.27915 1.40921
0.497986 1.0065
1.23588 0.433849
0.799263 0.630934
1.21324 0.707341
0.695834 0.434893
1.40352 0.950423
0.119986 -0.177365
-0.649369 -0.505958
-0.829443 1.66506
1.88273 1.92502
-1.97725 0.747975
-0.542472 0.115578
-1.46063 0.466234
-1.16059 0.319576
-1.23197 0.654879
-1.27001 0.0673266
-1.04022 0.873096
-0.922452 -0.430194
-0.757217 1.52671
1.82729 2.01602
-1.97366 0.373771
-0.667555 0.176139
-1.4205 0.589351
-1.19638 0.178689
-1.13485 0.814869
-1.13986 -0.319774
-0.791001 1.29036
1.43355 2.08285
-1.27308 -1.39761
-0.0874745 2.0323
1.07261 -0.184064
0.979725 1.05088
0.70629 0.240052
1.43742 1.16924
-0.176441 -0.536245
-1.27734 1.41826
0.534969 1.05622
1.15476 0.375753
0.950984 0.766869
0.973999 0.539703
1.09731 0.741278
0.832496 0.500819
1.2553 0.823349
0.544175 0.267068
1.52806 1.29872
-0.6058 -0.95794
-0.448936 2.21098
1.45652 -0.167195
-0.0316854 -0.141796
-1.20946 -0.596253
-0.585276 1.44891
1.8804 1.63122
-1.93951 0.285395
-0.725918 0.197478
-1.39715 0.640172
-1.20564 0.109648
-1.08675 0.879699
-0.972063 -0.416841
-0.752335 1.48857
1.7956 2.07388
-1.96598 0.194058
-0.678 0.249878
-1.43558 0.382417
-1.1482 0.433998
-1.28766 0.472382
-1.24008 0.396162
-1.23412 0.523754
-1.2741 0.31824
-1.18514 0.613317
-1.29331 0.13037
-1.07352 0.798766
-1.12795 -0.357581
-0.764398 1.33065
1.56511 2.16638
-1.65215 -1.10094
-0.299405 1.27488
1.8364 1.09068
-1.72299 -0.656775
-0.547509 0.885524
1.02749 1.56424
0.0937339 -0.459995
-1.55886 0.205853
-1.03007 0.49186
-1.34737 0.29209
-1.14518 0.597725
-1.30758 0.140164
-1.07537 0.778721
-1.16262 -0.324627
-0.783931 1.27572
1.41764 2.06579
-1.21699 -1.40214
-0.0782272 2.11863
0.973996 -0.255709
1.01205 1.13752
0.588759 0.125004
1.47145 1.41382
-0.54346 -0.932962
-0.503496 2.17944
1.55413 -0.107544
-0.451589 -0.611874
-0.881608 1.7473
1.90633 1.8918
-1.97291 0.928017
-0.415165 0.168947
-1.39322 -0.231497
-0.827121 0.984846
0.224213 0.565764
1.67036 1.3274
-1.20154 -1.22991
-0.175838 1.99302
1.24404 -0.117546
0.725733 0.746395
1.20595 0.615346
0.764022 0.526022
1.3047 0.821605
0.452695 0.188872
1.51604 1.51321
-0.800286 -1.13888
-0.249386 2.35002
1.03534 -0.338654
0.836901 0.968673
0.923227 0.375577
1.22403 0.907913
0.529403 0.218277
1.52217 1.38047
-0.671966 -1.0252
-0.367579 2.28244
1.28129 -0.249615
0.500432 0.521175
1.52607 0.986116
-0.309609 -0.6297
-1.00711 1.69661
1.74228 2.29271
-1.98432 0.185311
-0.646953 0.262483
-1.44167 0.253748
-1.09398 0.560822
-1.32669 0.185552
-1.09614 0.721354
-1.24438 -0.188155
-0.871275 1.09945
0.559649 1.01501
1.16334 0.406411
0.927712 0.73645
1.01939 0.575261
1.02905 0.691995
0.945289 0.58202
1.10266 0.712767
0.845834 0.524567
1.23081 0.796191
0.605748 0.327543
1.49613 1.15042
-0.34462 -0.696745
-0.894342 1.8048
1.93389 1.77818
-1.96113 1.04099
-0.320881 0.230007
-0.96365 -0.587656
-0.616958 1.6538
1.92021 1.14334
-1.90279 0.230571
-0.774148 0.222253
-1.38134 0.651519
-1.21177 0.0942562
-1.07455 0.890455
-0.928511 -0.421233
-0.762644 1.51534
1.81176 2.05268
-1.97202 0.298658
-0.673214 0.205307
-1.42815 0.5137
-1.1857 0.279274
-1.19948 0.701922
-1.25919 -0.0473312
-0.966432 0.97726
-0.368606 -0.105116
-1.4713 0.705659
-1.15298 0.00209342
-1.02837 1.01287
-0.414059 -0.13777
-1.41229 0.931197
-1.01127 -0.275416
-0.856248 1.33977
1.39578 2.06825
-1.17304 -1.40633
-0.071591 2.18597
0.895896 -0.314585
0.972017 1.14667
0.621854 0.134767
1.46632 1.36791
-0.475468 -0.864904
-0.608707 2.07754
1.75179 0.137922
-1.36643 -1.00569
-0.332915 1.57976
1.75323 0.486673
-1.26968 -1.09433
-0.265332 1.78419
1.54053 0.106375
-0.195271 -0.370778
-1.43033 1.05741
-0.800495 -0.289808
-0.938156 1.42744
1.40981 2.10965
-1.25512 -1.4108
-0.0777563 2.06992
1.02092 -0.217765
1.01009 1.10611
0.621712 0.162873
1.4753 1.33808
-0.470099 -0.853235
-0.623557 2.06056
1.77813 0.191658
-1.47083 -0.930006
-0.392983 1.38026
1.86278 1.11775
-1.80135 -0.404079
-0.650317 0.652598
-0.575864 -0.340253
-1.05442 1.46278
1.23366 1.94137
-0.693022 -1.20763
-0.2336 2.49875
0.868778 -0.457213
0.649948 0.829489
1.21878 0.555651
0.775574 0.561305
1.27567 0.782183
0.537547 0.278218
1.53233 1.29174
-0.614002 -0.963003
-0.440839 2.21656
1.4409 -0.175401
0.0277285 -0.0697314
-0.596327 -0.453055
-0.921464 1.59997
1.72717 2.25078
-1.96031 -0.0208917
-0.648322 0.358801
-1.3922 -0.0938963
-0.913788 0.88912
-0.564084 -0.286985
-1.12018 1.39037
0.843782 1.44339
0.435789 -0.168071
0.878683 1.18847
0.674857 0.127924
1.44312 1.32041
-0.35308 -0.743851
-0.83457 1.87023
1.96767 1.33611
-1.9347 0.919037
-0.497578 0.0913068
-1.47192 0.411571
-1.14121 0.374502
-1.26727 0.573579
-1.26546 0.23046
-1.14161 0.719011
-1.25202 -0.133078
-0.908661 1.05057
0.184332 0.527048
1.66506 1.48449
-1.31174 -1.23907
-0.184511 1.84413
1.38492 0.000232317
0.404227 0.348617
1.589 1.37605
-0.914165 -1.17154
-0.209397 2.28749
1.02735 -0.313341
0.884331 1.01366
0.836652 0.315845
1.32322 1.00401
0.265433 -0.0493708
0.776212 1.10417
0.860057 0.256679
1.31593 1.04888
0.23956 -0.0895503
0.495406 0.761337
1.41476 0.684795
0.272708 0.0509926
1.12657 1.48709
0.0677715 -0.432543
-1.55522 0.204452
-1.03094 0.49661
-1.34731 0.281485
-1.14007 0.609154
-1.30673 0.111052
-1.058 0.805641
-1.10208 -0.382241
-0.749869 1.37136
1.65453 2.179
-1.8321 -0.660911
-0.502477 0.793856
0.867607 1.35514
0.510133 -0.0672589
1.25159 1.50662
-0.14326 -0.614192
-1.2282 1.51677
0.979093 1.65107
0.0394298 -0.552995
-1.51518 0.914765
-0.990071 -0.224805
-0.905192 1.30552
1.18591 1.84185
-0.479345 -1.0278
-0.462215 2.30184
1.40413 -0.230452
0.110868 0.0402194
0.495923 0.781579
1.4016 0.661881
0.323035 0.10986
1.34547 1.63316
-0.487066 -0.949234
-0.524472 2.19432
1.57069 -0.106546
-0.542092 -0.697861
-0.719301 1.87771
1.93458 0.86642
-1.89013 0.285895
-0.796394 0.193067
-1.35153 0.748191
-1.19402 -0.0643809
-0.969053 1.04227
-0.0902748 0.19751
0.190522 0.419931
1.60578 1.64057
-1.24492 -1.28618
-0.14787 1.97963
1.21426 -0.118958
0.790266 0.817699
1.09214 0.532445
0.968092 0.692119
1.00968 0.604509
1.02235 0.669803
0.967422 0.605331
1.06626 0.684396
0.908452 0.571653
1.14516 0.733452
0.777055 0.4751
1.31759 0.868834
0.390378 0.114942
1.42175 1.61843
-0.650455 -1.06716
-0.345208 2.34208
1.19643 -0.295969
0.646448 0.712145
1.30376 0.672077
0.554442 0.333955
1.52619 1.19484
-0.494669 -0.844079
-0.614359 2.05442
1.7719 0.185243
-1.44402 -0.954964
-0.374539 1.43495
1.84523 0.912448
-1.70977 -0.65049
-0.554096 0.895115
1.03603 1.57611
0.0691044 -0.484561
-1.56423 0.469562
-1.10552 0.243191
-1.21242 0.772382
-1.20731 -0.176938
-0.885184 1.12235
0.602062 1.074
1.06745 0.338964
1.07982 0.863878
0.760315 0.389708
1.36604 0.966147
0.20238 -0.0983286
0.267592 0.477947
1.6456 1.40237
-1.16381 -1.24334
-0.164335 2.05671
1.1693 -0.168062
0.840728 0.890962
0.985294 0.450612
1.13006 0.815589
0.736817 0.405965
1.38006 0.960606
0.172635 -0.126506
-0.0527132 0.0861418
-0.20762 -0.0642985
-1.44883 -0.172165
-0.858971 0.88412
-0.390328 -0.144106
-1.4287 0.892882
-1.05229 -0.235786
-0.8758 1.28155
1.19944 1.85093
-0.512605 -1.05465
-0.420755 2.34279
1.31092 -0.272803
0.38294 0.383138
1.60174 1.3561
-0.944735 -1.18146
-0.200232 2.26661
1.03184 -0.302741
0.894942 1.02013
0.820276 0.305625
1.33995 1.02279
0.212518 -0.106349
0.278719 0.490613
1.64637 1.35827
-1.12797 -1.23266
-0.168007 2.09555
1.13938 -0.194405
0.870262 0.934549
0.920016 0.400141
1.21783 0.886933
0.556389 0.248605
1.5202 1.30845
-0.587958 -0.9457
-0.46803 2.19648
1.4939 -0.145329
-0.182007 -0.319515
-1.48502 0.848617
-1.06828 -0.174568
-0.919704 1.21919
0.858667 1.42233
0.444239 -0.148809
0.959541 1.27452
0.502838 -0.0139023
1.33019 1.54457
-0.340737 -0.798779
-0.787906 1.93614
1.95659 0.947467
-1.90987 0.569498
-0.743908 0.0637386
-1.29613 0.960125
-0.961525 -0.346827
-0.813631 1.43008
1.64343 2.21033
-1.83319 -0.6709
-0.49655 0.799812
0.916385 1.41576
0.391546 -0.173056
0.7328 1.02855
0.973209 0.345147
1.18414 0.912015
0.586277 0.258146
1.50792 1.26165
-0.496261 -0.859127
-0.599302 2.07466
1.7431 0.127094
-1.32734 -1.02462
-0.31579 1.64834
1.69535 0.339253
-0.9693 -1.04475
-0.285168 2.10357
1.30973 -0.155024
0.523462 0.524552
1.50758 0.960212
-0.219372 -0.533421
-1.22656 1.47209
0.84242 1.46465
0.412796 -0.195392
0.715009 1.00326
1.01342 0.374397
1.1308 0.86736
0.695218 0.352346
1.42914 1.04662
-0.0351954 -0.362432
-1.54938 0.398698
-1.09949 0.326846
-1.26308 0.650527
-1.26079 0.0869819
-1.0554 0.862741
-0.972486 -0.426088
-0.744638 1.49681
1.81126 2.03985
-1.96905 0.270391
-0.67784 0.215966
-1.42917 0.491167
-1.18112 0.307999
-1.21711 0.665593
-1.27109 0.0385207
-1.02118 0.897006
-0.817355 -0.412021
-0.817493 1.54731
1.78829 2.13075
-1.97428 0.239309
-0.667771 0.232562
-1.43664 0.413688
-1.15789 0.397728
-1.26988 0.535147
-1.26088 0.297724
-1.17987 0.64516
-1.28728 0.059485
-1.03076 0.866181
-0.925902 -0.432977
-0.753682 1.5277
1.83126 2.00395
-1.97353 0.388956
-0.666501 0.170387
-1.41866 0.604008
-1.19726 0.158223
-1.12143 0.836015
-1.09694 -0.360645
-0.767333 1.35719
1.60455 2.18213
-1.74421 -0.919207
-0.392923 1.04423
1.71465 1.94032
-1.79963 -0.675873
-0.510772 0.827738
0.963267 1.47724
0.270382 -0.286968
-0.40677 -0.315353
-1.24998 1.31245
0.20141 0.607478
1.68065 1.29415
-1.21879 -1.22304
-0.181777 1.96308
1.27919 -0.0932349
0.657873 0.663319
1.32378 0.718108
0.483756 0.253418
1.54451 1.39532
-0.767088 -1.09345
-0.287868 2.32014
1.12506 -0.30185
0.771261 0.865976
1.07279 0.491203
1.01251 0.738415
0.930901 0.545285
1.13794 0.750788
0.774426 0.46402
1.32487 0.881303
0.36526 0.0871499
1.35867 1.61993
-0.499122 -0.95433
-0.51227 2.20337
1.54805 -0.124031
-0.437531 -0.595775
-0.911977 1.7219
1.86588 2.05249
-1.98688 0.799821
-0.489376 0.142728
-1.46709 0.178824
-1.05029 0.604301
-1.32394 0.0343239
-1.00617 0.856255
-0.911023 -0.437903
-0.75477 1.53937
1.84037 1.98237
-1.97419 0.436274
-0.659653 0.154415
-1.41537 0.636135
-1.19698 0.112026
-1.09116 0.882762
-0.970122 -0.415687
-0.753856 1.48859
1.79407 2.07749
-1.96572 0.187408
-0.677739 0.252976
-1.43595 0.371458
-1.14422 0.445843
-1.2932 0.450359
-1.23127 0.427425
-1.24981 0.479078
-1.25802 0.393605
-1.22561 0.521489
-1.27724 0.321905
-1.18572 0.60717
-1.29407 0.143578
-1.08132 0.78598
-1.15489 -0.329867
-0.781137 1.28632
1.44667 2.09114
-1.31214 -1.38889
-0.0976865 1.96722
1.14977 -0.130716
0.904379 0.944238
0.878169 0.380425
1.26525 0.922332
0.448093 0.146054
1.48342 1.55544
-0.746852 -1.11576
-0.278322 2.35844
1.07524 -0.331567
0.800901 0.917611
1.00193 0.434851
1.11927 0.821951
0.745638 0.407287
1.37224 0.954595
0.197116 -0.10011
0.230197 0.431429
1.62631 1.55258
-1.22998 -1.26983
-0.15558 1.98715
1.21905 -0.121339
0.778427 0.805631
1.11266 0.546561
0.934728 0.666819
1.06033 0.638144
0.945222 0.616962
1.08169 0.68089
0.892659 0.566635
1.16335 0.742698
0.745777 0.451161
1.35525 0.907149
0.276838 -0.00645156
0.967479 1.32216
0.442884 -0.0792869
1.14114 1.45063
0.0925122 -0.393483
-1.50119 -0.144962
-0.868509 0.808143
-0.739926 -0.410577
-0.861739 1.55941
1.75135 2.19972
-1.96506 0.0661744
-0.660711 0.313514
-1.42783 0.110615
-1.02641 0.698629
-1.24671 -0.230071
-0.841439 1.12921
0.800163 1.32983
0.607302 -0.00277981
1.3825 1.48075
-0.379546 -0.811651
-0.7384 1.97215
1.9212 0.673105
-1.86313 0.1239
-0.802715 0.293401
-1.39598 0.509543
-1.20042 0.300908
-1.20535 0.668498
-1.27311 0.0259365
-1.01243 0.905982
-0.769791 -0.395265
-0.858334 1.53984
1.73159 2.21194
-1.95121 -0.0660678
-0.648814 0.382774
-1.36682 -0.17708
-0.864251 0.974336
0.0108205 0.302398
1.11758 1.54488
0.0083353 -0.51002
-1.51833 0.865931
-1.03484 -0.184689
-0.922296 1.24692
0.94924 1.54237
0.207435 -0.370499
-1.13805 -0.67387
-0.531633 1.58704
1.89565 1.02408
-1.85333 -0.112814
-0.740317 0.439068
-1.37221 -0.0962253
-0.915152 0.910897
-0.478033 -0.215594
-1.27775 1.21361
-0.230742 0.0943855
-1.11988 -0.59447
-0.589355 1.53617
1.90695 1.39069
-1.9232 0.285834
-0.750456 0.193862
-1.38063 0.688042
-1.20462 0.0363193
-1.03729 0.948347
-0.681893 -0.344242
-0.964469 1.48914
1.48378 2.1897
-1.50479 -1.30093
-0.174858 1.61774
1.55156 0.210638
-0.201548 -0.392628
-1.40261 1.13528
-0.614242 -0.214553
-1.14845 1.31709
0.490228 0.970823
1.27251 0.470381
0.716701 0.548827
1.33515 0.815652
0.392532 0.134999
1.44756 1.61405
-0.714477 -1.10954
-0.292295 2.36864
1.08883 -0.332681
0.780909 0.892876
1.04177 0.463387
1.06212 0.778591
0.846826 0.484461
1.25008 0.83441
0.544834 0.26294
1.52719 1.30345
-0.607575 -0.960306
-0.446151 2.21385
1.45042 -0.170805
-0.00865828 -0.113901
-1.00747 -0.646446
-0.56316 1.67864
1.89453 0.878931
-1.83312 -0.174773
-0.732807 0.489056
-1.30619 -0.275413
-0.804352 1.10609
0.851538 1.39052
0.487482 -0.103777
1.15354 1.4465
0.0806679 -0.400454
-1.52305 -0.0415867
-0.922113 0.713901
-1.13296 -0.410893
-0.723623 1.37032
1.6916 2.15665
-1.87818 -0.465983
-0.569955 0.640367
-0.237432 -0.0291768
-1.43968 -0.186334
-0.851321 0.903734
-0.269741 -0.0226554
-1.46786 -0.0599647
-0.922399 0.78619
-0.950687 -0.462217
-0.72143 1.54251
1.86724 1.86845
-1.9684 0.504123
-0.657814 0.128536
-1.40321 0.704655
-1.18924 0.0100106
-1.02329 0.982188
-0.521588 -0.23304
-1.2164 1.2857
0.178787 0.572068
1.67937 1.41225
-1.30679 -1.22697
-0.190927 1.84131
1.39614 0.00574555
0.368446 0.305416
1.57681 1.4957
-0.991512 -1.22631
-0.170053 2.25968
0.988496 -0.313209
0.920774 1.06272
0.755182 0.251183
1.40191 1.11982
-0.02879 -0.375238
-1.55034 0.429146
-1.10606 0.295372
-1.24303 0.698615
-1.25146 -0.0142823
-0.990595 0.956743
-0.528823 -0.245028
-1.19703 1.3099
0.325293 0.759634
1.56968 0.823084
-0.379175 -0.669955
-0.888713 1.78831
1.92747 1.80444
-1.96409 1.01213
-0.347693 0.210473
-1.13942 -0.562638
-0.611197 1.49088
1.89033 1.6091
-1.94294 0.360224
-0.720639 0.164117
-1.38271 0.717786
-1.19436 -0.0108291
-1.00715 0.996795
-0.416481 -0.143826
-1.4052 0.953217
-0.982083 -0.293006
-0.851406 1.3709
1.47236 2.13813
-1.42358 -1.34897
-0.136592 1.77102
1.38001 0.0371552
0.441035 0.383483
1.58206 1.2661
-0.779347 -1.07653
-0.296169 2.2929
1.16239 -0.280556
0.734602 0.812803
1.1493 0.55001
0.88385 0.636264
1.12991 0.680395
0.832957 0.536391
1.23652 0.788785
0.601724 0.327717
1.49863 1.15408
-0.356793 -0.709148
-0.86843 1.82721
1.95302 1.60957
-1.94965 1.02889
-0.356391 0.194276
-1.21646 -0.515598
-0.64163 1.37731
1.79594 1.99039
-1.94453 0.0427301
-0.685364 0.322871
-1.42706 0.150653
-1.04797 0.666131
-1.28561 -0.122981
-0.910214 1.01316
0.00305188 0.300005
1.08507 1.51216
0.0897024 -0.430726
-1.54311 0.0700163
-0.974377 0.612982
-1.31409 -0.0998782
-0.921306 0.969604
-0.241852 0.0184035
-1.36523 -0.364836
-0.742224 1.10782
1.08089 1.67234
-0.107528 -0.669327
-1.20853 1.56716
1.16387 1.89436
-0.519271 -1.08015
-0.396986 2.37825
1.24577 -0.303054
0.522329 0.562653
1.49399 0.910173
-0.131751 -0.432278
-1.44252 1.06773
-0.78029 -0.280085
-0.9594 1.41976
1.34607 2.04779
-1.04413 -1.38885
-0.0752723 2.34859
0.735721 -0.454544
0.531128 0.71995
1.40647 0.712393
0.280986 0.0527538
1.15027 1.50691
0.0117786 -0.486574
-1.53562 0.753843
-1.09491 -0.0665551
-0.995563 1.109
0.11374 0.451054
1.58537 1.72842
-1.26873 -1.30146
-0.142057 1.9581
1.22496 -0.105536
0.776877 0.798567
1.11945 0.553583
0.922173 0.656137
1.07979 0.651599
0.913919 0.594524
1.12639 0.710781
0.81729 0.510625
1.26434 0.818788
0.531603 0.258586
1.53159 1.32562
-0.646576 -0.994988
-0.40084 2.25152
1.35597 -0.217279
0.308185 0.278976
1.54536 1.61639
-1.01528 -1.25951
-0.149609 2.26364
0.950465 -0.327824
0.924601 1.08333
0.731865 0.227242
1.42052 1.16321
-0.122231 -0.480666
-1.40603 1.1836
-0.485147 -0.119837
-1.36113 1.02496
-0.854546 -0.324765
-0.877219 1.45097
1.57242 2.21764
-1.71107 -1.00769
-0.348155 1.14115
1.81871 1.61463
-1.85447 -0.340692
-0.646009 0.57552
-0.885942 -0.511796
-0.701364 1.62255
1.9178 1.56993
-1.95036 0.604926
-0.66232 0.0864745
-1.37399 0.819734
-1.1394 -0.167328
-0.906171 1.16672
0.704798 1.21494
0.825853 0.166351
1.35266 1.15583
0.0561986 -0.301676
-1.402 -0.397142
-0.720963 1.08913
1.09166 1.68094
-0.132286 -0.692405
-1.14809 1.63456
1.43439 2.20939
-1.42578 -1.37243
-0.123236 1.78684
1.34813 0.0176894
0.532292 0.492548
1.51156 0.995979
-0.262645 -0.584534
-1.11375 1.59844
1.42316 2.18474
-1.37432 -1.39438
-0.103344 1.87986
1.23814 -0.063192
0.77468 0.78205
1.13381 0.569683
0.894437 0.631901
1.12244 0.681636
0.841824 0.540549
1.22604 0.78211
0.623755 0.347553
1.48168 1.10788
-0.255322 -0.600401
-1.10399 1.61517
1.47338 2.23299
-1.52989 -1.29105
-0.183095 1.57572
1.59201 0.268567
-0.39533 -0.605581
-0.942807 1.71489
1.83235 2.15029
-1.99417 0.668041
-0.550155 0.137799
-1.46161 0.409955
-1.14549 0.383972
-1.26954 0.558024
-1.26358 0.258103
-1.15774 0.689726
-1.27167 -0.0543622
-0.959145 0.97237
-0.365087 -0.102902
-1.47482 0.686512
-1.1561 0.0272625
-1.04556 0.98802
-0.558277 -0.25791
-1.15553 1.34782
0.588653 1.10498
1.05403 0.313979
1.10341 0.89179
0.709446 0.346094
1.41976 1.04436
-0.00636872 -0.332251
-1.53238 0.0875977
-0.986109 0.611195
-1.31781 -0.0756925
-0.936635 0.94791
-0.393501 -0.134311
-1.4332 0.871735
-1.07223 -0.212628
-0.88849 1.24948
1.0655 1.68592
-0.106209 -0.676401
-1.20167 1.5777
1.20512 1.94676
-0.654609 -1.18832
-0.259135 2.49351
0.918554 -0.436943
0.710692 0.883543
1.11775 0.488972
0.956997 0.711155
1.00789 0.590304
1.03276 0.683265
0.94708 0.588516
1.09703 0.706285
0.857155 0.534112
1.21515 0.783637
0.640021 0.35896
1.4683 1.07966
-0.185237 -0.523795
-1.28058 1.40717
0.487283 0.992321
1.25866 0.450916
0.750902 0.584976
1.28494 0.766418
0.531097 0.278777
1.53509 1.29895
-0.631482 -0.978071
-0.420675 2.23316
1.39932 -0.196587
0.173762 0.110584
1.03229 1.41598
0.266372 -0.248786
-0.212347 -0.110173
-1.49985 0.0685366
-0.985613 0.659366
-1.27378 -0.200459
-0.858783 1.08218
0.535475 0.98069
1.21706 0.445854
0.827592 0.647734
1.17616 0.684024
0.76711 0.494917
1.3172 0.852312
0.403932 0.133294
1.45254 1.60537
-0.717552 -1.10929
-0.291497 2.36677
1.0892 -0.331748
0.781817 0.893532
1.04035 0.462545
1.06413 0.780024
0.84346 0.482034
1.25436 0.837893
0.534777 0.253299
1.5294 1.32868
-0.641936 -0.99209
-0.405092 2.24891
1.36426 -0.213897
0.283247 0.247749
1.49985 1.66769
-0.931989 -1.24138
-0.1649 2.34071
0.901422 -0.378737
0.847841 1.03145
0.856487 0.309021
1.30751 1.00064
0.300655 -0.0152437
1.00713 1.35943
0.358942 -0.153306
0.70045 0.995737
1.0346 0.385437
1.10288 0.847022
0.746304 0.392837
1.37668 0.97001
0.173096 -0.128791
-0.0629996 0.0738608
-0.342211 -0.20766
-1.4229 0.958969
-0.97073 -0.288345
-0.859282 1.37231
1.45901 2.12943
-1.38453 -1.36968
-0.119055 1.84466
1.29216 -0.0298123
0.664124 0.652259
1.32472 0.727296
0.475855 0.242965
1.54241 1.41975
-0.78589 -1.11023
-0.271714 2.32746
1.09248 -0.313226
0.804721 0.91257
1.00241 0.438757
1.11705 0.818385
0.751177 0.412425
1.36573 0.946244
0.219923 -0.0748177
0.473914 0.737166
1.44923 0.725507
0.143183 -0.0976866
-0.0615824 0.0793865
-0.301853 -0.165734
-1.48536 0.702057
-1.14579 0.0044748
-1.03235 1.01513
-0.4165 -0.139327
-1.40882 0.940986
-0.998812 -0.283831
-0.853372 1.35399
1.43321 2.10384
-1.29799 -1.39772
-0.0907117 1.99551
1.11258 -0.15488
0.946684 1.00004
0.786749 0.308475
1.36731 1.03847
0.13533 -0.187061
-0.614968 -0.482078
-0.877801 1.63561
1.8172 2.12877
-1.98807 0.491014
-0.623281 0.152173
-1.43457 0.562618
-1.18811 0.210494
-1.15785 0.783938
-1.18982 -0.246059
-0.837824 1.19096
1.03639 1.63729
-0.00855555 -0.577241
-1.44233 1.16125
-0.565205 -0.170683
-1.23687 1.22101
-0.122491 0.206922
0.0453992 0.242872
1.04324 1.45701
0.205742 -0.315354
-0.90292 -0.65788
-0.576364 1.76038
1.87953 0.707386
-1.78507 -0.348888
-0.68558 0.632367
-0.807487 -0.477027
-0.764148 1.6158
1.88985 1.82668
-1.96938 0.664668
-0.601941 0.101215
-1.42443 0.668506
-1.1876 0.0623378
-1.06036 0.935963
-0.772382 -0.385605
-0.865799 1.52951
1.7085 2.2277
-1.93292 -0.208869
-0.625494 0.465465
-1.17764 -0.472108
-0.674322 1.38051
1.76574 2.0642
-1.93597 -0.0800974
-0.664436 0.390935
-1.37051 -0.156338
-0.877172 0.955831
-0.131416 0.135079
-0.418973 -0.275415
-1.27863 1.25442
-0.0825921 0.261324
0.564717 0.898622
1.25139 0.51454
0.738452 0.549933
1.31523 0.806308
0.442229 0.184754
1.512 1.53041
-0.807011 -1.14667
-0.242821 2.35384
1.02092 -0.344493
0.842009 0.97974
0.908536 0.363124
1.24271 0.925567
0.484244 0.174652
1.50881 1.48773
-0.747253 -1.10034
-0.288687 2.33999
1.10865 -0.314854
0.778677 0.881125
1.05346 0.475093
1.04313 0.762634
0.879987 0.509109
1.20669 0.800196
0.641031 0.35191
1.46896 1.08771
-0.194787 -0.53527
-1.25526 1.44303
0.675015 1.24231
0.830162 0.149086
1.34892 1.16856
0.0517072 -0.310156
-1.42948 -0.338294
-0.757836 1.01781
0.682001 1.15849
0.904943 0.232315
1.27945 1.04559
0.313434 -0.0207622
1.02434 1.37446
0.322986 -0.185458
0.415709 0.647932
1.54445 0.889588
-0.312144 -0.614614
-1.02148 1.67821
1.70033 2.31473
-1.95824 -0.0892686
-0.632727 0.396157
-1.33154 -0.2721
-0.804842 1.07802
0.738492 1.24153
0.763821 0.124927
1.39364 1.24259
-0.133081 -0.513127
-1.35822 1.29153
-0.0871473 0.272099
0.592345 0.93468
1.19516 0.471936
0.852945 0.654526
1.14781 0.671255
0.815049 0.531167
1.25581 0.799407
0.561038 0.29081
1.52257 1.24671
-0.532789 -0.887434
-0.549524 2.1181
1.65628 0.000251228
-0.928868 -0.985336
-0.329185 2.08046
1.39253 -0.120183
0.283434 0.229178
1.47814 1.67429
-0.876008 -1.21781
-0.185661 2.37275
0.906083 -0.390562
0.821467 1.00363
0.907543 0.34506
1.24972 0.942565
0.458033 0.145873
1.48577 1.54457
-0.74098 -1.1094
-0.284327 2.35429
1.08877 -0.326247
0.790783 0.901933
1.02476 0.45237
1.0864 0.796351
0.805278 0.453814
1.30201 0.879515
0.413763 0.132557
1.45711 1.59721
-0.720367 -1.10902
-0.290799 2.365
1.08965 -0.33084
0.782579 0.894016
1.03921 0.461901
1.06572 0.781143
0.840801 0.480118
1.25773 0.840655
0.526779 0.245588
1.53049 1.34891
-0.667224 -1.01516
-0.376939 2.27138
1.30451 -0.239129
0.446783 0.453269
1.57681 1.14855
-0.650073 -0.96425
-0.423131 2.21182
1.41977 -0.179615
0.112264 0.0327976
0.466704 0.744157
1.45184 0.721781
0.136777 -0.103801
-0.134524 -0.00525456
-1.11127 -0.616028
-0.574277 1.56279
1.90907 1.25252
-1.90552 0.18313
-0.764069 0.247959
-1.39848 0.568901
-1.20656 0.215917
-1.15423 0.768617
-1.20648 -0.221212
-0.853327 1.15759
0.864702 1.41726
0.443699 -0.145547
0.968049 1.28363
0.484168 -0.0301097
1.2901 1.53795
-0.25217 -0.72041
-0.968052 1.77868
1.86853 2.09373
-1.98901 0.896067
-0.410601 0.184993
-1.36014 -0.310505
-0.777946 1.07524
0.834042 1.36258
0.536586 -0.0593971
1.28667 1.51237
-0.213591 -0.677219
-1.06404 1.68974
1.65921 2.33582
-1.92417 -0.331402
-0.587604 0.540346
-0.803499 -0.492797
-0.752024 1.63307
1.90576 1.73445
-1.96312 0.692545
-0.600935 0.0915264
-1.42001 0.69463
-1.18383 0.0241916
-1.03486 0.973217
-0.58632 -0.281098
-1.10596 1.39262
0.891103 1.50415
0.315295 -0.278377
-0.112047 -0.00216884
-1.00296 -0.628466
-0.577552 1.66511
1.90451 0.965955
-1.8609 -0.0381279
-0.759392 0.390464
-1.40824 0.119502
-1.03635 0.709876
-1.23758 -0.240865
-0.834937 1.14562
0.886904 1.44283
0.391321 -0.192094
0.65662 0.936676
1.12846 0.45254
0.959063 0.732223
0.990964 0.569925
1.06266 0.70802
0.896645 0.551502
1.16803 0.755571
0.730155 0.434581
1.37514 0.932579
0.208277 -0.0823864
0.379902 0.619597
1.58239 0.972262
-0.532615 -0.837284
-0.594635 2.05236
1.75165 0.154341
-1.35763 -1.01311
-0.327117 1.59766
1.73757 0.442967
-1.18933 -1.10003
-0.252843 1.89738
1.43525 -0.00917313
0.210823 0.121027
1.16397 1.53924
-0.0474375 -0.550219
-1.42365 1.18823
-0.483683 -0.114075
-1.3675 1.00889
-0.887962 -0.325044
-0.86125 1.44083
1.58273 2.21574
-1.72915 -0.967376
-0.368362 1.09353
1.78035 1.79076
-1.85213 -0.421435
-0.610536 0.626763
-0.513665 -0.295408
-1.15963 1.37365
0.673678 1.221
0.852837 0.171719
1.3309 1.13222
0.127862 -0.224624
-0.851468 -0.626384
-0.617695 1.75428
1.90728 0.857079
-1.85415 -0.0363402
-0.766258 0.393047
-1.40768 0.128324
-1.04133 0.703023
-1.24772 -0.218724
-0.849301 1.11971
0.732129 1.24107
0.770931 0.127955
1.38951 1.23384
-0.11324 -0.491247
-1.40583 1.19054
-0.465167 -0.10338
-1.39346 0.947781
-0.991542 -0.295046
-0.846527 1.36785
1.47618 2.13956
-1.4335 -1.34268
-0.141625 1.75163
1.40305 0.0562006
0.371497 0.298587
1.5735 1.50006
-0.984149 -1.2246
-0.171406 2.26644
0.984278 -0.317554
0.917524 1.06205
0.75907 0.253134
1.39878 1.115
-0.015854 -0.360888
-1.5492 0.288984
-1.06599 0.430351
-1.32196 0.454817
-1.22035 0.410194
-1.24801 0.507894
-1.26546 0.345679
-1.20166 0.583134
-1.29077 0.199646
-1.11545 0.734207
-1.23538 -0.193183
-0.86904 1.11118
0.618904 1.0937
1.03191 0.315359
1.12902 0.904653
0.666935 0.314319
1.45718 1.11326
-0.181322 -0.527574
-1.28117 1.40865
0.491298 0.997864
1.24997 0.444268
0.769732 0.603056
1.25734 0.742655
0.598325 0.344613
1.4989 1.13499
-0.339553 -0.688628
-0.908533 1.79155
1.91921 1.86811
-1.96849 1.01996
-0.330539 0.22692
-1.01653 -0.589792
-0.604847 1.6188
1.91725 1.20186
-1.90704 0.236749
-0.769169 0.218662
-1.38242 0.653332
-1.21099 0.0912795
-1.0728 0.893777
-0.917164 -0.420962
-0.766885 1.52041
1.81255 2.05439
-1.97284 0.309029
-0.671758 0.201417
-1.42761 0.522397
-1.1873 0.268045
-1.19246 0.715545
-1.25221 -0.0806837
-0.944958 1.00957
-0.149184 0.125371
-0.578908 -0.415271
-0.974384 1.55285
1.58109 2.26418
-1.76427 -0.901733
-0.39737 1.01341
1.67392 1.98338
-1.74095 -0.856385
-0.430066 1.00275
1.61239 2.02574
-1.63318 -1.0859
-0.309174 1.28579
1.83922 1.0934
-1.73222 -0.631791
-0.558941 0.859899
0.886444 1.38955
0.452394 -0.121424
1.05351 1.36776
0.297611 -0.197437
0.236321 0.425202
1.62409 1.55062
-1.22 -1.27042
-0.154078 2.00183
1.20355 -0.132613
0.802413 0.835731
1.06654 0.512591
1.00937 0.723876
0.944573 0.560228
1.11593 0.732812
0.815427 0.496991
1.27281 0.832818
0.505688 0.231135
1.53227 1.39483
-0.722885 -1.06414
-0.321233 2.30967
1.18703 -0.282828
0.683615 0.752456
1.24167 0.620699
0.701828 0.477538
1.38165 0.899231
0.218757 -0.062108
0.528718 0.806609
1.35351 0.619571
0.471718 0.27303
1.55327 1.38556
-0.788591 -1.105
-0.274557 2.31965
1.10412 -0.306757
0.796998 0.899775
1.02049 0.45293
1.0909 0.797916
0.798741 0.449616
1.30966 0.886314
0.392978 0.11115
1.41887 1.61699
-0.641135 -1.06016
-0.354115 2.3359
1.21556 -0.289055
0.614071 0.670521
1.35961 0.727674
0.395176 0.165171
1.4812 1.5993
-0.793126 -1.15473
-0.240684 2.37318
0.999387 -0.359367
0.835811 0.983211
0.911557 0.36141
1.24039 0.925824
0.487877 0.177472
1.51045 1.4803
-0.744061 -1.09661
-0.292161 2.33739
1.11656 -0.311752
0.770926 0.870101
1.06982 0.487375
1.01792 0.743319
0.921576 0.538469
1.1509 0.759966
0.750608 0.444929
1.35366 0.911609
0.276949 -0.00773914
0.963611 1.31788
0.451642 -0.0715089
1.17236 1.47358
0.0216365 -0.461375
-1.55223 0.594558
-1.12037 0.11362
-1.11978 0.92184
-0.908638 -0.407139
-0.781776 1.51107
1.78811 2.10638
-1.9684 0.190588
-0.673761 0.252488
-1.43701 0.362814
-1.14067 0.454462
-1.29729 0.4337
-1.22414 0.450012
-1.26048 0.44443
-1.24326 0.446139
-1.25112 0.44746
-1.24821 0.443734
-1.24823 0.450164
-1.2503 0.440137
-1.24616 0.455237
-1.25277 0.432558
-1.24253 0.466183
-1.25757 0.415642
-1.2344 0.489977
-1.26727 0.377025
-1.2149 0.540848
-1.28416 0.285149
-1.16465 0.646825
-1.29029 0.0454077
-1.02099 0.875663
-0.881862 -0.429541
-0.773027 1.5437
1.82852 2.02613
-1.97602 0.403417
-0.660525 0.167129
-1.42058 0.601041
-1.19633 0.161893
-1.12413 0.832705
-1.10459 -0.354234
-0.770862 1.34607
1.58001 2.17554
-1.69063 -1.03372
-0.335834 1.18179
1.83612 1.46565
-1.8381 -0.361209
-0.648367 0.598628
-0.803597 -0.482103
-0.761494 1.62205
1.89509 1.80023
-1.96764 0.677972
-0.599165 0.0981994
-1.42464 0.671256
-1.18695 0.058247
-1.05773 0.940172
-0.753643 -0.377848
-0.884141 1.52385
1.67523 2.24523
-1.90001 -0.407456
-0.578436 0.59431
-0.515622 -0.301902
-1.15089 1.38411
0.736023 1.30384
0.702049 0.0568486
1.40603 1.35817
-0.293399 -0.698622
-0.946717 1.77717
1.88412 2.03331
-1.98339 0.938622
-0.383949 0.197771
-1.27968 -0.446577
-0.688535 1.25896
1.57917 2.13974
-1.65807 -1.08146
-0.310643 1.25344
1.84185 1.18438
-1.76483 -0.55597
-0.589388 0.779702
0.382035 0.735868
1.53246 0.798744
-0.205214 -0.488458
-1.29589 1.36755
0.306609 0.75375
1.58783 0.853798
-0.479651 -0.770541
-0.695719 1.95492
1.8968 0.584067
-1.82012 -0.139308
-0.756636 0.476898
-1.34378 -0.174962
-0.868026 0.996097
0.0984791 0.411708
1.52459 1.76995
-1.1279 -1.31809
-0.118197 2.17192
0.987378 -0.27483
0.976213 1.10574
0.657698 0.180046
1.46283 1.28172
-0.369791 -0.749846
-0.811972 1.88631
1.96656 1.19369
-1.92742 0.802573
-0.604131 0.0469072
-1.39034 0.822497
-1.13159 -0.165887
-0.909137 1.17102
0.71102 1.22379
0.81048 0.154678
1.36415 1.17785
0.00717654 -0.356515
-1.54062 0.13971
-1.00812 0.56291
-1.34348 0.0863293
-1.03356 0.79618
-1.09659 -0.394593
-0.74135 1.38594
1.68772 2.16769
-1.87812 -0.471685
-0.567293 0.644005
-0.20396 0.00744045
-1.30148 -0.472871
-0.670575 1.25518
1.60439 2.13836
-1.70945 -0.981876
-0.363646 1.12388
1.80325 1.70792
-1.86032 -0.349968
-0.637417 0.57773
-0.846023 -0.500923
-0.726001 1.62789
1.91314 1.65016
-1.95679 0.655893
-0.630212 0.0857773
-1.39668 0.768273
-1.16523 -0.0868296
-0.95987 1.08174
0.124297 0.458643
1.6006 1.70481
-1.29318 -1.29029
-0.151877 1.91327
1.27927 -0.0682793
0.674424 0.674627
1.30157 0.700751
0.541469 0.312139
1.53315 1.24015
-0.564824 -0.912999
-0.508088 2.15401
1.57873 -0.079053
-0.556914 -0.714864
-0.692309 1.90093
1.91286 0.710921
-1.85289 0.02092
-0.785538 0.3596
-1.41223 0.282298
-1.11736 0.558155
-1.32001 0.209391
-1.11157 0.70328
-1.26301 -0.130496
-0.908642 1.03902
0.130532 0.458441
1.60457 1.69496
-1.29611 -1.28728
-0.154036 1.90653
1.28832 -0.0623051
0.655036 0.651371
1.33355 0.731594
0.453568 0.220561
1.53452 1.47774
-0.82215 -1.14388
-0.24145 2.33916
1.03224 -0.334746
0.846417 0.978604
0.905213 0.363007
1.24593 0.927114
0.477533 0.168528
1.50482 1.50209
-0.750877 -1.1059
-0.283867 2.34445
1.09686 -0.319786
0.788934 0.896285
1.03119 0.458213
1.07652 0.788267
0.822975 0.467364
1.28 0.859397
0.471992 0.191747
1.51867 1.48549
-0.777213 -1.11881
-0.268148 2.34309
1.07253 -0.32541
0.813796 0.930527
0.978524 0.419128
1.15091 0.845862
0.685993 0.358767
1.43459 1.04539
-0.0499813 -0.377327
-1.54396 0.543987
-1.12555 0.175823
-1.16035 0.85064
-1.09547 -0.345267
-0.779448 1.34541
1.56348 2.17192
-1.65374 -1.10018
-0.299763 1.27248
1.8368 1.09812
-1.72624 -0.64967
-0.55064 0.877571
0.987001 1.51475
0.199749 -0.356897
-1.11471 -0.677656
-0.52975 1.61337
1.89059 0.944116
-1.83294 -0.199642
-0.722796 0.504146
-1.269 -0.343039
-0.760365 1.19271
1.27596 1.91043
-0.723111 -1.21131
-0.222228 2.48579
0.861042 -0.454854
0.653707 0.835717
1.21047 0.548667
0.792715 0.576874
1.25134 0.761548
0.595887 0.334798
1.50157 1.15038
-0.363496 -0.714752
-0.855689 1.83783
1.95922 1.52503
-1.94481 1.00241
-0.394971 0.162243
-1.37429 -0.286768
-0.792773 1.04348
0.643508 1.1134
0.987879 0.289016
1.18491 0.951197
0.551845 0.213995
1.51428 1.358
-0.620268 -0.981582
-0.423117 2.2396
1.39767 -0.200348
0.175581 0.113504
1.04697 1.43124
0.231834 -0.281421
-0.589961 -0.475163
-0.904162 1.62404
1.77697 2.20212
-1.98349 0.283647
-0.653195 0.218818
-1.43947 0.4219
-1.15908 0.386215
-1.26453 0.553892
-1.2653 0.265371
-1.16108 0.680506
-1.27636 -0.03133
-0.973693 0.950087
-0.505067 -0.228478
-1.23745 1.26399
0.0422812 0.403849
1.43228 1.78577
-0.892268 -1.25534
-0.160781 2.39618
0.839712 -0.426454
0.724397 0.920464
1.07439 0.450802
1.02927 0.77093
0.889149 0.507328
1.19886 0.798956
0.653855 0.361631
1.45779 1.06541
-0.138714 -0.473188
-1.39415 1.20304
-0.419086 -0.0663681
-1.45714 0.72665
-1.15402 -0.0248528
-1.00842 1.03621
-0.254288 0.0193958
-1.38744 -0.315755
-0.773485 1.04932
0.74826 1.24885
0.746182 0.112989
1.40226 1.26885
-0.183681 -0.569681
-1.22907 1.49058
0.896133 1.53843
0.269073 -0.329626
-0.650321 -0.526833
-0.808594 1.68835
1.90981 1.78927
-1.96716 0.811908
-0.52131 0.110232
-1.46705 0.419279
-1.14567 0.369521
-1.26305 0.58145
-1.26738 0.215973
-1.13264 0.733207
-1.23901 -0.172399
-0.883188 1.09208
0.478752 0.909186
1.33115 0.535234
0.564667 0.388953
1.51412 1.10784
-0.368604 -0.710917
-0.854799 1.83543
1.95864 1.52893
-1.94515 1.00021
-0.396717 0.161224
-1.37872 -0.275916
-0.799564 1.03117
0.560816 1.00461
1.1708 0.415732
0.913091 0.722201
1.04394 0.592639
0.991616 0.665671
1.00299 0.620943
1.01949 0.657571
0.978526 0.617729
1.04722 0.669364
0.940162 0.594833
1.10021 0.70268
0.855702 0.535539
1.21575 0.78272
0.639742 0.359181
1.46845 1.07961
-0.185687 -0.524239
-1.2795 1.40873
0.495439 1.00313
1.24132 0.437884
0.78797 0.620322
1.23023 0.720618
0.659586 0.402091
1.44314 1.01167
-0.0456756 -0.364637
-1.54741 0.462628
-1.11421 0.262757
-1.22042 0.744044
-1.22973 -0.11714
-0.923804 1.05696
0.152363 0.488559
1.63885 1.61517
-1.33402 -1.25756
-0.176903 1.82704
1.38866 0.0105856
0.397475 0.338507
1.58767 1.40207
-0.935126 -1.18591
-0.198341 2.2811
1.01509 -0.314225
0.895344 1.02886
0.811913 0.296356
1.34918 1.03677
0.179111 -0.143377
-0.110931 0.0167166
-0.914524 -0.612401
-0.609577 1.70795
1.91233 0.958188
-1.87196 0.04817
-0.774276 0.334278
-1.41474 0.336968
-1.13978 0.499456
-1.30808 0.346071
-1.18505 0.560696
-1.29692 0.238932
-1.13549 0.689523
-1.27341 -0.0745867
-0.945117 0.986755
-0.252711 0.0105555
-1.40054 -0.286718
-0.791525 1.01498
0.523499 0.953706
1.25108 0.475251
0.755762 0.579504
1.2836 0.770344
0.530933 0.277137
1.53493 1.30139
-0.633421 -0.980056
-0.418238 2.23533
1.39411 -0.199149
0.19087 0.131923
1.1433 1.52516
-0.00127313 -0.50653
-1.51231 0.889756
-1.0169 -0.206747
-0.91049 1.27594
1.08218 1.71236
-0.161591 -0.731916
-1.06301 1.72285
1.70649 2.33647
-1.97119 0.00251358
-0.638143 0.348395
-1.39545 -0.0893274
-0.916151 0.88253
-0.59826 -0.312311
-1.06347 1.43611
1.13933 1.82338
-0.386459 -0.954293
-0.592215 2.17124
1.67216 -0.0167986
-1.03556 -1.02243
-0.296141 2.01292
1.40114 -0.0824642
0.285746 0.224583
1.47446 1.67367
-0.864639 -1.21207
-0.190858 2.37729
0.910675 -0.390791
0.820122 1.00074
0.911434 0.348327
1.24492 0.937829
0.470171 0.157873
1.49697 1.52078
-0.747659 -1.10811
-0.283277 2.34893
1.09187 -0.323057
0.791207 0.900799
1.02528 0.453352
1.08538 0.795267
0.807311 0.455479
1.29946 0.877058
0.420759 0.139777
1.46788 1.58751
-0.739456 -1.11891
-0.278317 2.36644
1.06799 -0.337026
0.801684 0.921727
0.997723 0.430691
1.12561 0.827417
0.733405 0.397258
1.38586 0.972042
0.148238 -0.15449
-0.35699 -0.249794
-1.37053 1.10313
-0.679219 -0.261448
-1.04791 1.39563
1.06051 1.71663
-0.140364 -0.719191
-1.1052 1.68418
1.59186 2.3287
-1.82871 -0.740785
-0.461255 0.850224
1.21667 1.76603
-0.423626 -0.952811
-0.565319 2.18284
1.63107 -0.0592261
-0.837327 -0.929709
-0.385341 2.08983
1.46341 -0.100546
0.0116489 -0.101206
-0.848903 -0.608004
-0.633871 1.73629
1.91889 0.964259
-1.8814 0.126173
-0.782979 0.285327
-1.40248 0.498451
-1.19526 0.312788
-1.21376 0.654609
-1.27546 0.059273
-1.0336 0.875806
-0.903872 -0.429949
-0.764141 1.53494
1.82854 2.01885
-1.97478 0.390453
-0.66411 0.170791
-1.42015 0.597833
-1.19658 0.166651
-1.1271 0.827565
-1.11524 -0.344948
-0.776074 1.33022
1.54274 2.15964
-1.59879 -1.18093
-0.252539 1.40002
1.76894 0.666462
-1.35314 -1.08872
-0.280425 1.66365
1.64552 0.266914
-0.69984 -0.877042
-0.470751 2.09163
1.57593 -0.0455621
-0.506643 -0.672973
-0.77107 1.83956
1.95715 1.1764
-1.92615 0.682238
-0.674917 0.0482995
-1.3366 0.922767
-1.03075 -0.304292
-0.827003 1.35388
1.48801 2.14196
-1.46196 -1.32218
-0.157365 1.69453
1.47034 0.1173
0.139056 0.0135624
0.507627 0.792197
1.38352 0.644432
0.382014 0.175681
1.48519 1.60677
-0.814137 -1.16863
-0.22716 2.37298
0.9768 -0.366312
0.84012 0.996346
0.895703 0.347013
1.26034 0.94609
0.436696 0.126584
1.46173 1.57881
-0.710946 -1.09811
-0.301325 2.35653
1.11425 -0.321001
0.761127 0.862339
1.08548 0.497014
0.994217 0.726025
0.959096 0.563897
1.09915 0.724711
0.841894 0.515464
1.2392 0.806158
0.584515 0.306692
1.51021 1.19947
-0.441519 -0.797501
-0.699593 1.97812
1.89078 0.539158
-1.8076 -0.191409
-0.743924 0.517896
-1.27282 -0.328484
-0.770224 1.17814
1.20776 1.83386
-0.502109 -1.03958
-0.438893 2.32113
1.35517 -0.252379
0.265235 0.233593
1.4672 1.68645
-0.859859 -1.21297
-0.191047 2.38263
0.905845 -0.394823
0.812072 0.99421
0.925143 0.357095
1.22868 0.923772
0.508733 0.194957
1.51764 1.4347
-0.71637 -1.06813
-0.320539 2.3176
1.17905 -0.288282
0.692458 0.76509
1.22443 0.606043
0.739361 0.512365
1.33335 0.845014
0.37483 0.108438
1.40017 1.62563
-0.60463 -1.03631
-0.387969 2.31315
1.28632 -0.26347
0.468432 0.485793
1.55804 1.07172
-0.506693 -0.83152
-0.61757 2.04044
1.78351 0.215013
-1.48696 -0.916417
-0.403015 1.34871
1.8662 1.24067
-1.83705 -0.285311
-0.683301 0.553057
-1.07632 -0.506486
-0.659171 1.49759
1.87451 1.768
-1.95745 0.420253
-0.691713 0.147381
-1.3918 0.714314
-1.19146 -0.0049455
-1.0121 0.993737
-0.443811 -0.168048
-1.35795 1.06704
-0.760743 -0.301945
-0.951183 1.44411
1.41836 2.12279
-1.28943 -1.40676
-0.0844242 2.01575
1.08362 -0.173007
0.974236 1.03889
0.723127 0.255635
1.42478 1.1383
-0.109405 -0.461321
-1.43998 1.09346
-0.725847 -0.261909
-1.01284 1.40138
1.1698 1.84942
-0.465758 -1.02226
-0.475372 2.29165
1.43073 -0.217683
0.0174584 -0.0749081
-0.683307 -0.515994
-0.797335 1.6762
1.90841 1.78168
-1.96675 0.786719
-0.539336 0.104133
-1.45925 0.497246
-1.16745 0.282726
-1.20897 0.703653
-1.25659 -0.0443634
-0.968996 0.977027
-0.378133 -0.113972
-1.45937 0.765144
-1.13626 -0.0770084
-0.97495 1.09303
0.118246 0.453411
1.59124 1.71958
-1.2782 -1.29736
-0.145701 1.94092
1.24574 -0.0914024
0.740157 0.753976
1.18695 0.604495
0.799529 0.555512
1.25698 0.780412
0.572691 0.308187
1.51678 1.21013
-0.475433 -0.830151
-0.641445 2.03138
1.81312 0.27945
-1.59487 -0.77384
-0.494746 1.10935
1.66556 2.04372
-1.76468 -0.815926
-0.446366 0.952516
1.49773 2.00623
-1.33143 -1.35539
-0.119629 1.91104
1.23404 -0.0798401
0.773811 0.786644
1.13125 0.565547
0.900125 0.637363
1.11346 0.675037
0.857565 0.552714
1.20463 0.765886
0.669124 0.388322
1.43974 1.02171
-0.0441868 -0.365527
-1.54769 0.4595
-1.1135 0.265855
-1.22258 0.739898
-1.23238 -0.107574
-0.930041 1.04724
0.0822742 0.401027
1.48918 1.78105
-1.03899 -1.3055
-0.122562 2.27779
0.890645 -0.356136
0.896367 1.08187
0.76151 0.239542
1.39837 1.12788
-0.0273639 -0.376045
-1.55056 0.425838
-1.10522 0.298572
-1.2452 0.693926
-1.25289 -0.00400517
-0.997225 0.947116
-0.585045 -0.287447
-1.1006 1.40025
0.931345 1.55706
0.208862 -0.379552
-1.16761 -0.664955
-0.537436 1.54927
1.90061 1.15372
-1.88042 0.0152908
-0.756203 0.350031
-1.41804 0.245753
-1.09841 0.588952
-1.32112 0.123388
-1.06156 0.783027
-1.14608 -0.347086
-0.769561 1.30743
1.51305 2.13862
-1.5133 -1.27517
-0.19097 1.58563
1.59436 0.264585
-0.40945 -0.619186
-0.913912 1.73869
1.87817 2.02057
-1.98384 0.861202
-0.450234 0.157785
-1.44198 -0.0408952
-0.937877 0.79986
-0.942533 -0.457965
-0.727424 1.54289
1.86357 1.88762
-1.96963 0.499019
-0.656656 0.131126
-1.40538 0.695451
-1.19089 0.0239924
-1.03266 0.968687
-0.597536 -0.289684
-1.08721 1.40789
0.992535 1.63587
0.043634 -0.540266
-1.52789 0.846446
-1.04462 -0.164814
-0.935016 1.22408
0.823983 1.37928
0.528602 -0.0750931
1.25498 1.50065
-0.141709 -0.610341
-1.23481 1.50778
0.936617 1.59491
0.156699 -0.438341
-1.47427 -0.264701
-0.800905 0.917858
0.0180911 0.301746
1.13821 1.56448
-0.0435425 -0.560516
-1.41764 1.20763
-0.424343 -0.0652311
-1.45402 0.737963
-1.15138 -0.0402182
-0.99792 1.05137
-0.152622 0.130073
-0.573818 -0.410689
-0.983439 1.5462
1.55472 2.2522
-1.70671 -1.03016
-0.335603 1.16226
1.83018 1.51704
-1.843 -0.357503
-0.646692 0.593076
-0.819681 -0.489186
-0.747688 1.62474
1.90327 1.74185
-1.96347 0.677191
-0.607684 0.0925974
-1.41616 0.705842
-1.18252 0.00773744
-1.02361 0.988735
-0.496872 -0.21242
-1.26189 1.22844
-0.146329 0.18454
-0.231634 -0.0790202
-1.48869 0.0164159
-0.960818 0.709552
-1.18602 -0.350215
-0.762171 1.27592
1.46606 2.10082
-1.36679 -1.36939
-0.116671 1.87045
1.26597 -0.0505409
0.717824 0.716961
1.23362 0.645809
0.701068 0.466251
1.387 0.912185
0.194758 -0.0901854
0.270118 0.482203
1.64626 1.38991
-1.15537 -1.24067
-0.165216 2.06585
1.1623 -0.174266
0.848227 0.901698
0.969146 0.438296
1.15246 0.833053
0.69393 0.370659
1.42547 1.02599
-0.00610558 -0.327257
-1.52854 0.0599186
-0.973543 0.635768
-1.29356 -0.161152
-0.883183 1.0345
0.215438 0.563087
1.67198 1.35078
-1.22718 -1.23212
-0.177381 1.95905
1.27629 -0.0920194
0.666108 0.672213
1.31075 0.706035
0.51919 0.290188
1.54146 1.29818
-0.654115 -0.995187
-0.39746 2.24992
1.35235 -0.217362
0.320557 0.294133
1.5619 1.58334
-1.03378 -1.25764
-0.150482 2.23931
0.9755 -0.308586
0.938137 1.08304
0.718484 0.222145
1.42978 1.1795
-0.164752 -0.527228
-1.30253 1.38154
0.344107 0.804719
1.53049 0.740128
-0.164647 -0.435054
-1.40267 1.16219
-0.542638 -0.165393
-1.26349 1.19179
-0.283577 0.0357393
-1.40858 -0.253344
-0.812232 0.983322
0.283878 0.640911
1.64063 1.07476
-0.873221 -1.09962
-0.260935 2.24915
1.14569 -0.26425
0.785093 0.866292
1.05915 0.487664
1.03046 0.749
0.903872 0.527815
1.17395 0.775302
0.707625 0.409878
1.40269 0.972249
0.103916 -0.199798
-0.852591 -0.623318
-0.619846 1.75058
1.90929 0.874618
-1.859 -0.00998988
-0.770197 0.37476
-1.41262 0.198455
-1.07692 0.637526
-1.30643 -0.0160876
-0.977641 0.912043
-0.663705 -0.345254
-0.977018 1.48851
1.45853 2.17132
-1.43164 -1.35483
-0.134281 1.76413
1.38261 0.0417714
0.434651 0.375085
1.584 1.28852
-0.808584 -1.09874
-0.274049 2.29869
1.12214 -0.292764
0.788297 0.882551
1.04298 0.471457
1.05697 0.771162
0.858182 0.494259
1.23473 0.821246
0.580665 0.297054
1.51248 1.21647
-0.466401 -0.823408
-0.654695 2.02
1.83213 0.330841
-1.65597 -0.659372
-0.557948 0.960131
1.22833 1.80343
-0.493523 -1.01983
-0.460191 2.29277
1.40837 -0.224649
0.101548 0.0278398
0.38581 0.642493
1.57002 0.929961
-0.448469 -0.754003
-0.737279 1.92406
1.93394 0.799335
-1.88482 0.270338
-0.801879 0.202328
-1.35366 0.733643
-1.20016 -0.0400954
-0.984888 1.0175
-0.256789 0.0127585
-1.40362 -0.277594
-0.797171 1.00535
0.454735 0.863377
1.38791 0.59365
0.395057 0.202792
1.51481 1.57276
-0.865496 -1.18823
-0.20551 2.35103
0.960896 -0.362032
0.858105 1.0195
0.857232 0.318111
1.30441 0.991486
0.31499 0.00131815
1.0915 1.44192
0.166428 -0.333443
-1.15594 -0.660907
-0.540399 1.55786
1.90121 1.1396
-1.87916 0.0126751
-0.756791 0.352063
-1.41772 0.240523
-1.09603 0.594193
-1.32043 0.108789
-1.05296 0.796479
-1.11494 -0.375607
-0.752805 1.35582
1.62645 2.1797
-1.78339 -0.815554
-0.440076 0.936109
1.47924 1.99372
-1.27128 -1.37002
-0.102944 2.01181
1.11616 -0.161531
0.935962 0.991693
0.80504 0.321182
1.34897 1.0151
0.199288 -0.116691
0.152783 0.333941
1.48199 1.74568
-0.975194 -1.27738
-0.140518 2.32837
0.871406 -0.385197
0.835598 1.0292
0.870607 0.315072
1.29317 0.987837
0.34016 0.0255982
1.20435 1.53568
-0.102598 -0.593061
-1.30622 1.41411
0.455173 0.954143
1.32218 0.500009
0.599739 0.433373
1.47933 1.0171
-0.166202 -0.490535
-1.342 1.3041
-0.0166554 0.35235
1.17979 1.61521
-0.166864 -0.683522
-1.11453 1.6565
1.53125 2.28961
-1.6959 -1.06687
-0.315455 1.20093
1.83989 1.34307
-1.80752 -0.449355
-0.624721 0.675747
-0.340911 -0.130801
-1.4768 0.707067
-1.14937 -0.000672022
-1.02748 1.0176
-0.392157 -0.117252
-1.44628 0.815661
-1.11296 -0.143698
-0.930876 1.165
0.604763 1.08555
1.05427 0.327318
1.0993 0.881431
0.722944 0.359632
1.40574 1.02027
0.0539201 -0.264071
-1.3122 -0.529348
-0.632813 1.28513
1.70463 2.09897
-1.86849 -0.481764
-0.569868 0.65528
-0.158549 0.0590741
-0.954337 -0.61405
-0.598294 1.68533
1.91076 0.982292
-1.87234 0.03896
-0.771348 0.339519
-1.41567 0.314267
-1.13006 0.522736
-1.31487 0.293955
-1.15787 0.617732
-1.30023 0.104574
-1.05577 0.816594
-1.07808 -0.396658
-0.743051 1.40163
1.70628 2.16055
-1.90094 -0.356516
-0.600035 0.562451
-0.761078 -0.470203
-0.794105 1.619
1.87333 1.92163
-1.97615 0.650415
-0.594894 0.111344
-1.43351 0.62177
-1.1888 0.128109
-1.10463 0.871671
-1.01118 -0.404691
-0.751446 1.45435
1.7599 2.12242
-1.94898 -0.017231
-0.664935 0.35571
-1.40407 -0.0297637
-0.951062 0.830419
-0.877912 -0.445569
-0.760804 1.56087
1.85317 1.95274
-1.97481 0.506885
-0.645139 0.13407
-1.41418 0.664805
-1.19353 0.0694837
-1.06344 0.925517
-0.810772 -0.399788
-0.831859 1.53661
1.76017 2.17327
-1.9646 0.0851246
-0.66493 0.303617
-1.43202 0.159308
-1.05106 0.654133
-1.29536 -0.0894503
-0.931245 0.978858
-0.2372 0.0250516
-1.34085 -0.408116
-0.713989 1.16517
1.32968 1.95602
-0.887544 -1.30851
-0.129989 2.45601
0.724222 -0.50354
0.317445 0.460823
1.6322 1.33882
-1.05232 -1.21518
-0.17573 2.17652
1.07646 -0.249214
0.909133 1.00544
0.819497 0.316174
1.33797 1.01255
0.226115 -0.0898232
0.430696 0.681458
1.51709 0.828709
-0.162041 -0.448368
-1.39215 1.19169
-0.451088 -0.0948714
-1.41261 0.895154
-1.05499 -0.244087
-0.868404 1.28706
1.23504 1.89206
-0.626771 -1.14701
-0.297709 2.45147
1.02312 -0.386586
0.76502 0.905544
1.04686 0.455132
1.06 0.782868
0.846051 0.481375
1.25228 0.83765
0.538567 0.256489
1.5286 1.31974
-0.629642 -0.980852
-0.419341 2.23705
1.3943 -0.199977
0.189094 0.129913
1.13316 1.51583
0.023892 -0.482001
-1.54583 0.679439
-1.11291 0.0176007
-1.05302 1.02168
-0.44849 -0.16478
-1.35632 1.06744
-0.759013 -0.301812
-0.952414 1.44408
1.41573 2.12054
-1.28112 -1.40832
-0.082449 2.02936
1.06752 -0.184267
0.986264 1.05825
0.692584 0.228928
1.44661 1.19348
-0.228126 -0.593307
-1.14542 1.57953
1.3225 2.0788
-1.04019 -1.39985
-0.0691405 2.36393
0.70866 -0.474491
0.404996 0.571437
1.57923 1.01648
-0.551599 -0.861137
-0.561049 2.08552
1.69208 0.0559711
-1.0919 -1.04401
-0.282123 1.96943
1.41708 -0.0542179
0.248481 0.174426
1.35477 1.66821
-0.553243 -1.01156
-0.432959 2.28492
1.37558 -0.229239
0.222629 0.176571
1.31668 1.65677
-0.45755 -0.934293
-0.557766 2.16714
1.63257 -0.0488726
-0.835823 -0.930118
-0.385409 2.09124
1.46239 -0.101689
0.0150474 -0.0969875
-0.810153 -0.590725
-0.663475 1.73312
1.93072 1.08298
-1.90578 0.317296
-0.776921 0.176007
-1.35346 0.764305
-1.18458 -0.0899406
-0.952861 1.07036
0.0992825 0.425971
1.54373 1.76374
-1.17805 -1.31895
-0.121616 2.10295
1.05929 -0.220704
0.962269 1.05171
0.723493 0.246673
1.42525 1.1481
-0.120409 -0.474905
-1.41405 1.16298
-0.547278 -0.165741
-1.25871 1.19685
-0.256548 0.0630359
-1.29706 -0.463223
-0.677089 1.25284
1.58926 2.13783
-1.67767 -1.04526
-0.330501 1.20442
1.84142 1.38568
-1.8241 -0.39518
-0.641499 0.629446
-0.642902 -0.391231
-0.94716 1.53731
1.59964 2.26117
-1.79411 -0.81849
-0.434244 0.929463
1.47869 1.99124
-1.26697 -1.37025
-0.102255 2.01834
1.10895 -0.1667
0.942809 1.00156
0.789292 0.308313
1.36526 1.03718
0.141404 -0.180635
-0.544749 -0.425653
-0.993325 1.55541
1.55405 2.25591
-1.70861 -1.02766
-0.336771 1.15844
1.82866 1.53114
-1.84472 -0.354772
-0.646732 0.590274
-0.831058 -0.493676
-0.73867 1.62572
1.90756 1.70504
-1.9608 0.670566
-0.615947 0.0895033
-1.40885 0.731286
-1.17712 -0.0303331
-0.997888 1.02559
-0.265382 0.00577936
-1.42783 -0.208584
-0.838756 0.931795
-0.0832762 0.185375
0.165949 0.387969
1.56161 1.71109
-1.17435 -1.30654
-0.128427 2.09736
1.07543 -0.21329
0.948729 1.03196
0.755611 0.273642
1.39867 1.09514
0.00360228 -0.335753
-1.52844 0.0502566
-0.968714 0.642943
-1.28428 -0.187715
-0.86626 1.06292
0.418287 0.826137
1.44816 0.655905
0.183723 -0.0380803
0.477276 0.74691
1.44044 0.711886
0.179181 -0.0556498
0.367378 0.607879
1.59484 1.00688
-0.61323 -0.911102
-0.483422 2.14995
1.5495 -0.0936811
-0.4109 -0.573178
-0.962596 1.6818
1.77675 2.23985
-1.99128 0.358174
-0.636537 0.195976
-1.44132 0.454527
-1.1671 0.346241
-1.24266 0.614785
-1.27378 0.149916
-1.09122 0.795005
-1.14668 -0.333438
-0.779681 1.29592
1.46968 2.11003
-1.38555 -1.36268
-0.123252 1.83746
1.30446 -0.0224322
0.635778 0.618922
1.36959 0.77409
0.340454 0.0969261
1.34556 1.62578
-0.477698 -0.939377
-0.539372 2.17893
1.60101 -0.0788108
-0.683615 -0.821403
-0.523476 2.02821
1.68567 0.0843101
-1.03504 -1.03509
-0.287944 2.02563
1.37911 -0.096118
0.354068 0.309348
1.57795 1.51312
-1.01408 -1.23726
-0.162815 2.2438
0.991679 -0.305189
0.93011 1.06871
0.740163 0.24108
1.41385 1.14169
-0.0823658 -0.435041
-1.49081 0.919487
-0.99752 -0.236363
-0.892938 1.31226
1.2378 1.90197
-0.645119 -1.16252
-0.279977 2.46484
0.981001 -0.404567
0.761817 0.917688
1.03997 0.444343
1.07275 0.795495
0.821934 0.462336
1.28323 0.864744
0.461753 0.180771
1.51159 1.50978
-0.781772 -1.12699
-0.261571 2.34947
1.05595 -0.332685
0.823191 0.946843
0.955487 0.400794
1.1822 0.871746
0.622057 0.303378
1.48803 1.16628
-0.332386 -0.688416
-0.916258 1.78726
1.91203 1.90717
-1.97184 1.00708
-0.338073 0.223187
-1.0604 -0.585603
-0.601591 1.58046
1.91419 1.30478
-1.91752 0.285128
-0.758649 0.193528
-1.37541 0.700491
-1.20344 0.0163339
-1.02375 0.966823
-0.581558 -0.279752
-1.11163 1.38886
0.862485 1.46682
0.389191 -0.210007
0.573808 0.835308
1.28925 0.573258
0.63794 0.4432
1.44704 0.976451
-0.0276056 -0.33742
-1.5441 0.231694
-1.04645 0.484907
-1.3412 0.322968
-1.16191 0.567674
-1.30512 0.214843
-1.11942 0.708704
-1.25918 -0.133874
-0.906926 1.04496
0.165328 0.502446
1.65109 1.56714
-1.33309 -1.24797
-0.182401 1.82056
1.40162 0.0187808
0.356662 0.288868
1.56661 1.53533
-0.997556 -1.23647
-0.163749 2.26254
0.975239 -0.318844
0.922494 1.07039
0.746237 0.242199
1.40937 1.13599
-0.0645715 -0.415636
-1.51929 0.776717
-1.09478 -0.091691
-0.976254 1.13139
0.28613 0.669818
1.63247 1.02019
-0.796344 -1.04628
-0.312647 2.24736
1.22774 -0.244433
0.642759 0.690755
1.32081 0.69523
0.504424 0.280327
1.54544 1.33101
-0.702654 -1.03716
-0.347375 2.28595
1.24776 -0.258504
0.577512 0.616908
1.42228 0.805433
0.176514 -0.0808589
0.221625 0.423439
1.61964 1.58046
-1.23312 -1.27513
-0.152861 1.98717
1.21494 -0.12245
0.78631 0.81461
1.09829 0.536272
0.958416 0.685016
1.02436 0.614179
1.00052 0.655102
1.00049 0.627389
1.01815 0.652674
0.983146 0.622753
1.0393 0.663188
0.953077 0.60412
1.08162 0.690167
0.886572 0.558087
1.17405 0.752415
0.723878 0.43218
1.38131 0.938404
0.188012 -0.104529
0.156916 0.340619
1.49617 1.74274
-1.01214 -1.28844
-0.132724 2.29506
0.890948 -0.363374
0.881661 1.06787
0.789347 0.259832
1.37448 1.08783
0.0717973 -0.26522
-1.25943 -0.584181
-0.59429 1.38553
1.84021 1.83087
-1.94543 0.178611
-0.707986 0.251684
-1.42547 0.448313
-1.17286 0.36396
-1.24861 0.587215
-1.27312 0.203573
-1.12351 0.742336
-1.22863 -0.201113
-0.864405 1.12313
0.687139 1.1839
0.874998 0.204859
1.31 1.08797
0.214504 -0.127078
0.179267 0.365018
1.54779 1.7115
-1.1312 -1.3044
-0.126293 2.15522
1.01676 -0.25769
0.969904 1.08441
0.684748 0.207076
1.45085 1.22543
-0.273724 -0.645474
-1.0298 1.69286
1.70913 2.31773
-1.9671 -0.0177934
-0.639365 0.3583
-1.38651 -0.121107
-0.897585 0.914409
-0.400712 -0.147747
-1.41656 0.928435
-1.01388 -0.271527
-0.858599 1.3349
1.37936 2.05216
-1.11767 -1.39975
-0.0713574 2.2587
0.82163 -0.376879
0.844884 1.05413
0.83856 0.286528
1.32867 1.03195
0.228606 -0.0939899
0.422277 0.670409
1.52931 0.851479
-0.225104 -0.518744
-1.23646 1.45344
0.75617 1.34912
0.632596 -0.0047184
1.38182 1.46019
-0.352852 -0.782045
-0.794009 1.92016
1.96077 1.01854
-1.91585 0.643664
-0.709375 0.0461582
-1.3082 0.963322
-0.959435 -0.34247
-0.817993 1.42713
1.63208 2.21121
-1.81483 -0.733319
-0.472391 0.854831
1.19423 1.744
-0.358636 -0.894426
-0.673141 2.07497
1.82114 0.264739
-1.62952 -0.704302
-0.534373 1.02062
1.44156 2.0021
-1.19122 -1.38382
-0.0859087 2.14032
0.965214 -0.268478
1.00275 1.13641
0.5998 0.131303
1.4716 1.3954
-0.522843 -0.911592
-0.534523 2.14899
1.61612 -0.0509072
-0.74215 -0.868561
-0.460693 2.06783
1.58036 -0.0292339
-0.51569 -0.683558
-0.753343 1.85476
1.95204 1.06031
-1.91642 0.557859
-0.736181 0.0717204
-1.30816 0.938675
-1.00274 -0.330479
-0.813903 1.39332
1.58442 2.19592
-1.71632 -0.988245
-0.358675 1.12153
1.80428 1.69759
-1.85828 -0.355581
-0.636449 0.582365
-0.823842 -0.49272
-0.742701 1.62706
1.9066 1.71648
-1.96168 0.676301
-0.611592 0.0902694
-1.41224 0.720445
-1.17959 -0.0140228
-1.00892 1.00979
-0.368082 -0.0972631
-1.47565 0.676124
-1.15799 0.041054
-1.05482 0.9741
-0.63183 -0.309022
-1.03842 1.44154
1.21586 1.91456
-0.626716 -1.15705
-0.290774 2.46437
0.999735 -0.39881
0.760736 0.909947
1.04742 0.451974
1.06077 0.78521
0.843427 0.478703
1.25598 0.841127
0.529477 0.247607
1.53006 1.34284
-0.659255 -1.00802
-0.385557 2.26473
1.32277 -0.231731
0.400035 0.39449
1.59848 1.31047
-0.88793 -1.14675
-0.228324 2.28646
1.05938 -0.303645
0.862024 0.978809
0.889725 0.358289
1.26223 0.938234
0.440063 0.132694
1.46893 1.57232
-0.723972 -1.10509
-0.292376 2.3584
1.09813 -0.325763
0.778226 0.88594
1.05001 0.470625
1.04925 0.768221
0.869054 0.500858
1.22123 0.811454
0.6099 0.323785
1.49389 1.15138
-0.337836 -0.690441
-0.908313 1.79294
1.92019 1.8635
-1.96804 1.02296
-0.328074 0.228603
-0.999813 -0.589827
-0.607786 1.63111
1.91808 1.17623
-1.90465 0.227981
-0.77136 0.223528
-1.38358 0.64428
-1.21171 0.105381
-1.08198 0.879933
-0.965428 -0.4188
-0.752707 1.49405
1.80072 2.06545
-1.96764 0.223491
-0.677791 0.236648
-1.43383 0.425256
-1.16261 0.386167
-1.26297 0.553742
-1.26593 0.265626
-1.16099 0.679846
-1.27672 -0.0299641
-0.974533 0.948694
-0.513241 -0.235163
-1.22249 1.28215
0.149506 0.53571
1.66495 1.54376
-1.36237 -1.23079
-0.196901 1.7643
1.46689 0.0768653
0.133632 0.0141108
0.48333 0.762138
1.42565 0.690635
0.236941 0.0114561
0.902843 1.25825
0.578455 0.0350303
1.41346 1.49113
-0.470323 -0.892249
-0.587077 2.11301
1.70465 0.0531169
-1.16498 -1.04967
-0.282056 1.88498
1.48462 0.0190793
0.0188439 -0.111893
-0.863465 -0.615076
-0.622956 1.73708
1.91362 0.923142
-1.87021 0.051928
-0.777132 0.332821
-1.41386 0.347524
-1.14433 0.488711
-1.30425 0.368948
-1.19653 0.534161
-1.29071 0.294376
-1.16696 0.6323
-1.29424 0.0788014
-1.04126 0.843958
-0.999402 -0.426994
-0.73653 1.48169
1.80455 2.0465
-1.966 0.222259
-0.680385 0.236521
-1.43287 0.43198
-1.16499 0.378854
-1.25876 0.56518
-1.26852 0.245098
-1.14877 0.701206
-1.26513 -0.0875854
-0.937783 1.00403
-0.147415 0.126243
-0.563829 -0.403237
-0.999801 1.53463
1.50538 2.22175
-1.58231 -1.22503
-0.225724 1.45501
1.71616 0.507544
-1.06348 -1.09584
-0.248976 2.05108
1.30141 -0.131082
0.568819 0.571661
1.45185 0.864829
0.0443489 -0.235501
-1.25559 -0.581002
-0.596364 1.38728
1.84009 1.83347
-1.94589 0.181627
-0.707673 0.250243
-1.42528 0.452091
-1.17394 0.359441
-1.24603 0.593858
-1.27396 0.19064
-1.11565 0.754925
-1.21297 -0.235109
-0.842328 1.16284
0.923474 1.49215
0.295232 -0.28203
-0.241274 -0.145882
-1.51749 0.37655
-1.10945 0.375395
-1.2819 0.570777
-1.25928 0.235671
-1.14674 0.717155
-1.25361 -0.124022
-0.914689 1.04221
0.120706 0.446952
1.58671 1.72216
-1.26639 -1.3005
-0.142304 1.96068
1.22301 -0.107336
0.77986 0.802411
1.11371 0.549269
0.931927 0.663797
1.06511 0.641746
0.937422 0.611281
1.093 0.688467
0.874045 0.553128
1.18879 0.760699
0.696631 0.40994
1.41155 0.978603
0.0743314 -0.231961
-1.13211 -0.650618
-0.548315 1.57288
1.90299 1.12505
-1.87957 0.0233182
-0.759374 0.345688
-1.41797 0.267397
-1.10854 0.568142
-1.32186 0.180313
-1.09464 0.730101
-1.23494 -0.208659
-0.858128 1.12341
0.712796 1.21695
0.815453 0.161236
1.36061 1.16807
0.0254716 -0.335556
-1.50885 -0.0732388
-0.907662 0.751166
-1.01994 -0.461574
-0.704049 1.49953
1.84781 1.91555
-1.96689 0.392108
-0.678045 0.164395
-1.40927 0.644123
-1.19916 0.101399
-1.08333 0.891725
-0.937565 -0.419075
-0.761364 1.50889
1.80676 2.06109
-1.97069 0.269266
-0.675045 0.217318
-1.43073 0.480457
-1.17815 0.320733
-1.22506 0.648943
-1.27368 0.076211
-1.04498 0.862481
-0.958141 -0.429843
-0.745826 1.50824
1.82079 2.02116
-1.97108 0.323105
-0.674583 0.194482
-1.42389 0.54975
-1.19248 0.232842
-1.16978 0.75605
-1.22117 -0.182047
-0.879173 1.11478
0.593763 1.06188
1.08695 0.352751
1.05112 0.839965
0.812201 0.429385
1.3062 0.901372
0.387881 0.101047
1.40137 1.6189
-0.599011 -1.03021
-0.395276 2.30603
1.30314 -0.256421
0.428707 0.435426
1.58791 1.20152
-0.743394 -1.04134
-0.330908 2.27215
1.23438 -0.254796
0.614701 0.660495
1.36494 0.738192
0.375434 0.142442
1.44484 1.62519
-0.720886 -1.11667
-0.285403 2.37394
1.07281 -0.339121
0.792257 0.910833
1.01597 0.44349
1.10013 0.808082
0.779916 0.433878
1.33281 0.91025
0.324985 0.0391948
1.20743 1.54303
-0.116595 -0.608046
-1.27028 1.4673
0.723333 1.31151
0.707454 0.0538306
1.40254 1.35543
-0.281174 -0.686502
-0.974097 1.75317
1.83996 2.15993
-1.99552 0.754559
-0.500536 0.14855
-1.46656 0.197496
-1.05941 0.588803
-1.32858 0.0840425
-1.03586 0.810963
-1.06826 -0.408223
-0.735944 1.41874
1.73694 2.13539
-1.92899 -0.175899
-0.641753 0.446787
-1.25357 -0.394459
-0.725366 1.24654
1.48468 2.10198
-1.41003 -1.34579
-0.136552 1.78806
1.36559 0.0230048
0.480787 0.432485
1.55975 1.13746
-0.5705 -0.898288
-0.517394 2.1349
1.60443 -0.0512142
-0.674798 -0.818006
-0.530502 2.02575
1.69557 0.0970105
-1.08362 -1.04782
-0.279544 1.98269
1.40265 -0.0662079
0.293751 0.231023
1.48874 1.66509
-0.895702 -1.22482
-0.178768 2.36103
0.905547 -0.385802
0.831947 1.01431
0.887672 0.331284
1.27279 0.964412
0.398719 0.0865881
1.39064 1.61178
-0.56347 -1.00151
-0.435594 2.27121
1.39031 -0.218487
0.181064 0.123615
1.09343 1.47828
0.120569 -0.388188
-1.44749 -0.32137
-0.76777 0.985968
0.497578 0.915482
1.30718 0.521503
0.624319 0.44911
1.45571 0.978625
-0.0565097 -0.368128
-1.5435 0.532249
-1.12512 0.189352
-1.16948 0.834894
-1.12496 -0.317266
-0.795428 1.29999
1.44432 2.09402
-1.31041 -1.39043
-0.0965672 1.97106
1.14449 -0.134055
0.910976 0.952637
0.864378 0.369864
1.28177 0.938274
0.404628 0.102131
1.41604 1.61035
-0.625387 -1.04701
-0.370558 2.32298
1.25176 -0.275413
0.54555 0.583093
1.46614 0.866409
-0.00340767 -0.286813
-1.48247 -0.163556
-0.860223 0.841348
-0.581009 -0.309454
-1.08161 1.42652
1.06499 1.73065
-0.164387 -0.744665
-1.04425 1.74362
1.75569 2.30713
-1.99525 0.323604
-0.631132 0.212028
-1.44562 0.38583
-1.14503 0.422721
-1.28511 0.492049
-1.2462 0.366273
-1.21883 0.56386
-1.28431 0.242242
-1.14165 0.694351
-1.27 -0.0793142
-0.942535 0.993387
-0.21349 0.0528107
-1.19918 -0.562119
-0.609241 1.43201
1.86152 1.76452
-1.94893 0.283952
-0.711119 0.20111
-1.40722 0.60403
-1.20302 0.16164
-1.12161 0.829186
-1.10905 -0.35204
-0.771746 1.34085
1.5695 2.17147
-1.66574 -1.079
-0.311537 1.2429
1.84218 1.21578
-1.77474 -0.531571
-0.598337 0.755182
0.210683 0.514713
1.66091 1.45125
-1.26719 -1.24436
-0.175191 1.91255
1.3136 -0.0580225
0.589566 0.576525
1.43199 0.84602
0.119403 -0.151276
-0.509248 -0.391846
-1.06187 1.50034
1.31024 2.03772
-0.961454 -1.36523
-0.0907916 2.43016
0.678906 -0.5166
0.150001 0.261885
1.35681 1.70744
-0.609392 -1.0652
-0.363986 2.34999
1.21882 -0.29504
0.598455 0.653445
1.38375 0.753204
0.317959 0.0801329
1.28283 1.60049
-0.31838 -0.800568
-0.807872 1.92651
1.96495 1.05279
-1.91869 0.707658
-0.675928 0.0372581
-1.32716 0.946869
-0.992344 -0.325883
-0.820867 1.39501
1.57512 2.19489
-1.69723 -1.02769
-0.338513 1.1703
1.83238 1.50572
-1.84361 -0.350478
-0.649477 0.58837
-0.848796 -0.499664
-0.725946 1.62562
1.91215 1.65665
-1.95721 0.653945
-0.630261 0.0864929
-1.39709 0.766478
-1.16603 -0.0840983
-0.961675 1.07889
0.10436 0.433765
1.55822 1.75397
-1.21133 -1.31536
-0.127041 2.05259
1.11538 -0.180918
0.921041 0.984627
0.826274 0.333756
1.32733 0.991371
0.267986 -0.042583
0.811556 1.14575
0.784626 0.201063
1.3836 1.15148
-0.013116 -0.368573
-1.55067 0.313679
-1.07383 0.406736
-1.31066 0.505267
-1.23808 0.339295
-1.20961 0.603397
-1.28664 0.161785
-1.0945 0.774323
-1.17988 -0.295393
-0.803102 1.23806
1.2797 1.92651
-0.752092 -1.23354
-0.200403 2.49274
0.815372 -0.476285
0.556401 0.73344
1.37465 0.685184
0.38299 0.165355
1.4752 1.61115
-0.789808 -1.15571
-0.240815 2.37669
0.996343 -0.361819
0.833906 0.982677
0.913894 0.362479
1.23777 0.92383
0.493893 0.183181
1.51338 1.46669
-0.738204 -1.08976
-0.298597 2.33249
1.13123 -0.306027
0.755339 0.848414
1.10203 0.511519
0.966375 0.703431
1.0037 0.594543
1.03475 0.681108
0.946321 0.589643
1.09712 0.705497
0.857574 0.534792
1.21439 0.782866
0.64177 0.3606
1.46672 1.07619
-0.176962 -0.514618
-1.30152 1.37557
0.324221 0.778143
1.56181 0.797164
-0.329468 -0.616285
-1.00035 1.6917
1.74438 2.28757
-1.98433 0.19129
-0.647466 0.259743
-1.44196 0.265031
-1.09895 0.549868
-1.32607 0.214808
-1.11261 0.693376
-1.2708 -0.107075
-0.923448 1.0142
-0.0449989 0.243973
0.674606 1.03257
1.02859 0.357323
1.11975 0.873175
0.704526 0.354376
1.42151 1.03801
-0.00558462 -0.329802
-1.53012 0.0703664
-0.978303 0.626398
-1.30382 -0.128769
-0.903604 1.0008
-0.0280659 0.261224
0.826668 1.21879
0.696525 0.114782
1.42931 1.31241
-0.304771 -0.696877
-0.936271 1.78198
1.89538 1.98853
-1.97906 0.972406
-0.359856 0.211662
-1.17522 -0.542329
-0.623973 1.43982
1.85827 1.79565
-1.95231 0.299567
-0.706091 0.195181
-1.40741 0.611209
-1.20273 0.150978
-1.11485 0.840359
-1.08423 -0.371261
-0.761534 1.37555
1.64268 2.18504
-1.8158 -0.718968
-0.479759 0.844356
1.1372 1.68081
-0.192015 -0.736789
-1.01975 1.75571
1.79696 2.2559
-2.00091 0.562461
-0.578014 0.154628
-1.45497 0.434094
-1.15539 0.361253
-1.25495 0.593707
-1.27052 0.192454
-1.11785 0.755427
-1.21301 -0.233663
-0.843365 1.16169
0.915639 1.48212
0.315368 -0.26311
-0.0266049 0.0987243
0.0271902 0.208172
0.849849 1.23682
0.654561 0.0844141
1.43523 1.38168
-0.399769 -0.801843
-0.730511 1.96794
1.91723 0.658726
-1.85705 0.0791703
-0.797942 0.322723
-1.4056 0.418849
-1.17316 0.412565
-1.26913 0.510148
-1.25697 0.339861
-1.20231 0.594548
-1.28992 0.176884
-1.10246 0.757336
-1.20585 -0.25473
-0.82916 1.18416
1.04233 1.64298
-0.0228228 -0.590828
-1.41089 1.23991
-0.32183 0.0292906
-1.4619 -0.0488587
-0.929795 0.784666
-0.970114 -0.460534
-0.717215 1.52996
1.86116 1.88549
-1.9684 0.471877
-0.664405 0.138033
-1.40417 0.691094
-1.19266 0.0307191
-1.03685 0.961486
-0.634248 -0.314297
-1.03112 1.44828
1.2508 1.95612
-0.742342 -1.24071
-0.198441 2.50781
0.797096 -0.490257
0.488614 0.656328
1.47964 0.814891
-0.014346 -0.287549
-1.49709 -0.100277
-0.894572 0.782494
-0.899773 -0.463073
-0.737539 1.56868
1.87495 1.85699
-1.96945 0.562367
-0.640471 0.115347
-1.40719 0.707906
-1.18629 0.00496163
-1.02056 0.988635
-0.488704 -0.206034
-1.27648 1.20813
-0.248197 0.0754769
-1.24007 -0.523907
-0.63551 1.35949
1.78478 2.00677
-1.938 -0.0251577
-0.677423 0.360016
-1.4063 -0.00639196
-0.964609 0.810805
-0.963195 -0.451602
-0.726457 1.52564
1.8514 1.92591
-1.97024 0.444254
-0.665698 0.14845
-1.40882 0.664882
-1.19621 0.0701566
-1.06307 0.923163
-0.817261 -0.402088
-0.826476 1.53736
1.7673 2.16251
-1.96728 0.122958
-0.667082 0.285188
-1.43656 0.23154
-1.08544 0.586025
-1.32462 0.118206
-1.05752 0.78475
-1.14002 -0.354193
-0.765122 1.31815
1.54156 2.15456
-1.59138 -1.18937
-0.247317 1.41584
1.75702 0.623049
-1.28852 -1.10804
-0.259496 1.76947
1.5442 0.11717
-0.20783 -0.386243
-1.40178 1.13289
-0.619984 -0.218386
-1.13959 1.32481
0.546428 1.04488
1.15213 0.382707
0.952527 0.764411
0.974255 0.541561
1.09603 0.739523
0.835294 0.503273
1.2515 0.82005
0.55326 0.275837
1.52516 1.27602
-0.571949 -0.926056
-0.493018 2.17122
1.5464 -0.107116
-0.409054 -0.5695
-0.96849 1.67628
1.76356 2.25525
-1.98787 0.279819
-0.64538 0.223432
-1.44258 0.385761
-1.14633 0.425072
-1.28538 0.48803
-1.24511 0.372528
-1.22204 0.555637
-1.28261 0.258499
-1.15112 0.677738
-1.27908 -0.0337882
-0.971493 0.949747
-0.499709 -0.224351
-1.24701 1.25198
-0.0258535 0.322602
1.05974 1.49109
0.145752 -0.377983
-1.36727 -0.482602
-0.665295 1.18854
1.49597 2.08772
-1.41978 -1.33502
-0.144201 1.76523
1.39526 0.0459051
0.393677 0.326612
1.58448 1.42578
-0.947076 -1.19554
-0.191385 2.27837
1.00615 -0.315784
0.901446 1.03828
0.797207 0.284346
1.36389 1.05756
0.125801 -0.202371
-0.749574 -0.573551
-0.706484 1.73112
1.94072 1.25623
-1.92833 0.547735
-0.718753 0.0828638
-1.32964 0.899763
-1.06307 -0.286874
-0.832269 1.3186
1.40276 2.0674
-1.18682 -1.40539
-0.0733561 2.16528
0.919626 -0.29631
0.991989 1.15192
0.595751 0.1186
1.46689 1.41227
-0.527772 -0.919706
-0.524371 2.16041
1.59507 -0.0722149
-0.642574 -0.789451
-0.571333 1.99516
1.76086 0.20709
-1.38078 -1.00683
-0.334254 1.56093
1.76447 0.52507
-1.32622 -1.08078
-0.281323 1.69489
1.62516 0.226351
-0.59772 -0.789497
-0.596786 1.99668
1.78694 0.251887
-1.49021 -0.918672
-0.401989 1.34604
1.86587 1.24454
-1.8373 -0.285468
-0.683054 0.552981
-1.0759 -0.506667
-0.659093 1.49808
1.87484 1.7664
-1.95738 0.421177
-0.691727 0.146988
-1.39157 0.715353
-1.1912 -0.0065706
-1.01102 0.995324
-0.434152 -0.159456
-1.37512 1.02928
-0.849263 -0.319047
-0.884963 1.44679
1.55153 2.2092
-1.66293 -1.09764
-0.300654 1.26009
1.83822 1.13369
-1.74033 -0.618445
-0.563951 0.843194
0.797265 1.27591
0.667518 0.061897
1.42049 1.38746
-0.365679 -0.772789
-0.791596 1.9143
1.96043 1.02702
-1.91636 0.643011
-0.708755 0.0467365
-1.30915 0.961631
-0.962811 -0.341442
-0.817687 1.42452
1.62852 2.21051
-1.80828 -0.753907
-0.464161 0.873764
1.27358 1.82737
-0.604449 -1.10558
-0.336426 2.40379
1.12902 -0.339047
0.710142 0.807136
1.17706 0.561299
0.838003 0.601934
1.19466 0.724707
0.712889 0.438675
1.38802 0.936889
0.172127 -0.120219
-0.0200853 0.125241
0.214439 0.440868
1.62819 1.56792
-1.25155 -1.27
-0.158132 1.95646
1.25026 -0.0978557
0.725344 0.739771
1.21094 0.621804
0.752396 0.514799
1.32065 0.837411
0.407942 0.142194
1.46423 1.59844
-0.742274 -1.12345
-0.274437 2.3702
1.05821 -0.341287
0.806907 0.931013
0.984829 0.420408
1.14373 0.842006
0.69856 0.368584
1.42244 1.02538
0.00308981 -0.317627
-1.51226 -0.0417827
-0.92425 0.725748
-1.11013 -0.424374
-0.716581 1.40027
1.73879 2.12192
-1.92599 -0.187407
-0.641132 0.454026
-1.23704 -0.413941
-0.712485 1.27773
1.56791 2.14576
-1.6395 -1.11483
-0.291715 1.30011
1.82904 1.00151
-1.67581 -0.75307
-0.501746 0.999926
1.47232 2.01211
-1.27645 -1.37433
-0.101161 2.00781
1.11716 -0.159356
0.936145 0.990862
0.8056 0.321986
1.34829 1.01397
0.201847 -0.11383
0.182228 0.370446
1.55594 1.70394
-1.14838 -1.30398
-0.127741 2.13125
1.0421 -0.238874
0.963791 1.06443
0.709993 0.232015
1.43522 1.17534
-0.176205 -0.537542
-1.27614 1.42043
0.545611 1.07042
1.13104 0.359344
0.990279 0.800359
0.908578 0.494414
1.18665 0.804627
0.667718 0.368433
1.44599 1.04673
-0.085307 -0.414006
-1.50346 0.851453
-1.05564 -0.173908
-0.924153 1.22595
0.868244 1.4359
0.418772 -0.172082
0.81909 1.12447
0.797711 0.22116
1.37243 1.12203
0.0436075 -0.30352
-1.43247 -0.328398
-0.76394 1.00774
0.612173 1.06694
1.06301 0.342597
1.0841 0.864017
0.755186 0.387056
1.37121 0.971649
0.185136 -0.117199
0.071221 0.23467
1.10086 1.51284
0.0692823 -0.446082
-1.55998 0.268356
-1.05375 0.438316
-1.32941 0.431562
-1.20986 0.43919
-1.263 0.463714
-1.24816 0.415746
-1.23839 0.492635
-1.26621 0.372256
-1.21329 0.547736
-1.28546 0.271871
-1.15724 0.661101
-1.2862 0.00824697
-0.997802 0.909841
-0.722852 -0.37554
-0.905765 1.52361
1.64292 2.25485
-1.85948 -0.593268
-0.52087 0.732174
0.506464 0.888908
1.31773 0.544492
0.591144 0.410908
1.49152 1.05364
-0.239613 -0.573056
-1.15511 1.5597
1.25619 1.99902
-0.811216 -1.29271
-0.151307 2.51243
0.706134 -0.534973
0.13669 0.24129
1.2876 1.66616
-0.413143 -0.90287
-0.619907 2.10972
1.74442 0.106138
-1.34555 -1.01276
-0.325623 1.61396
1.72665 0.411855
-1.1332 -1.09467
-0.251934 1.9651
1.37838 -0.0651139
0.382032 0.33625
1.58922 1.43015
-0.969515 -1.20538
-0.1838 2.26392
1.00727 -0.309068
0.91045 1.04514
0.781897 0.273871
1.37815 1.07784
0.0722821 -0.261762
-1.24656 -0.594219
-0.587129 1.4075
1.85841 1.75099
-1.94402 0.232348
-0.71573 0.224476
-1.41412 0.546433
-1.197 0.241715
-1.17331 0.743512
-1.23258 -0.153884
-0.897318 1.08329
0.381439 0.782384
1.50863 0.736917
-0.0751594 -0.337987
-1.54249 0.480488
-1.11992 0.247173
-1.20846 0.763862
-1.21494 -0.164082
-0.893093 1.10599
0.499856 0.938932
1.28711 0.497686
0.676506 0.504098
1.39156 0.882203
0.206353 -0.0699411
0.43227 0.686397
1.51337 0.820686
-0.142515 -0.426143
-1.43642 1.0793
-0.755891 -0.274519
-0.980256 1.41537
1.28731 1.98582
-0.847854 -1.30343
-0.138564 2.4903
0.705026 -0.526806
0.171348 0.283951
1.43017 1.72976
-0.814652 -1.20113
-0.20648 2.4087
0.907458 -0.40523
0.788256 0.969275
0.970361 0.388033
1.17188 0.876442
0.632908 0.308294
1.48074 1.14994
-0.292173 -0.645919
-1.00817 1.7065
1.75314 2.28697
-1.9894 0.260567
-0.642383 0.232497
-1.44397 0.346371
-1.13172 0.466605
-1.30434 0.408294
-1.21217 0.482348
-1.27475 0.390818
-1.21757 0.518943
-1.28013 0.325934
-1.18655 0.600699
-1.29463 0.157507
-1.08952 0.77248
-1.18003 -0.29776
-0.801342 1.2398
1.28894 1.93652
-0.782804 -1.25341
-0.180841 2.49253
0.780249 -0.491579
0.46196 0.627503
1.51561 0.874318
-0.186509 -0.482717
-1.32552 1.32402
0.0849554 0.473896
1.5851 1.74878
-1.28932 -1.30137
-0.1449 1.92809
1.25599 -0.0822073
0.722353 0.731616
1.21939 0.630428
0.733747 0.497407
1.34536 0.863096
0.334226 0.0635339
1.27522 1.5896
-0.290275 -0.772896
-0.866858 1.87335
1.96757 1.45834
-1.93943 1.02608
-0.378492 0.170831
-1.3284 -0.380466
-0.732566 1.15885
1.26267 1.8878
-0.668146 -1.1703
-0.266423 2.46512
0.957596 -0.411974
0.758477 0.922198
1.0395 0.440857
1.07482 0.798655
0.817138 0.458095
1.28947 0.870726
0.445196 0.163945
1.4972 1.5451
-0.777061 -1.13218
-0.259302 2.3586
1.04385 -0.340059
0.825417 0.954437
0.946792 0.392755
1.19416 0.882537
0.595937 0.279731
1.504 1.2231
-0.443331 -0.804071
-0.69163 1.98735
1.88055 0.494829
-1.78525 -0.284774
-0.71579 0.593046
-1.0409 -0.506759
-0.664586 1.52514
1.88718 1.71235
-1.95573 0.468581
-0.687862 0.128842
-1.3834 0.755229
-1.17778 -0.0692396
-0.969556 1.05812
-0.0202226 0.281125
0.936243 1.3488
0.446195 -0.0960606
1.1067 1.41933
0.174239 -0.314479
-1.04591 -0.679079
-0.533798 1.67774
1.87713 0.785835
-1.78471 -0.373179
-0.674001 0.647587
-0.699589 -0.422904
-0.875696 1.57481
1.75293 2.20694
-1.96843 0.0935945
-0.660574 0.300355
-1.43278 0.157992
-1.05016 0.654538
-1.29496 -0.0916607
-0.92983 0.980899
-0.222687 0.0406529
-1.26415 -0.508548
-0.646087 1.32221
1.73297 2.08388
-1.90308 -0.303808
-0.620306 0.529547
-0.96681 -0.531094
-0.661148 1.59794
1.91695 1.48573
-1.94142 0.497576
-0.707561 0.108685
-1.35645 0.831155
-1.13495 -0.189851
-0.890174 1.18841
0.847683 1.40198
0.478648 -0.116401
1.11168 1.41393
0.174315 -0.311286
-1.0317 -0.67869
-0.535685 1.68944
1.8748 0.761787
-1.77668 -0.398226
-0.66556 0.670092
-0.562828 -0.327567
-1.0793 1.44217
1.11694 1.79829
-0.32171 -0.895326
-0.705237 2.05748
1.86058 0.374734
-1.74104 -0.426414
-0.665958 0.721031
-0.318325 -0.101641
-1.50079 0.513739
-1.14805 0.237269
-1.19034 0.768462
-1.21061 -0.187663
-0.876885 1.12801
0.658483 1.14789
0.939821 0.250665
1.24282 1.00988
0.410366 0.0773197
1.38758 1.6052
-0.547635 -0.987437
-0.455574 2.25249
1.43344 -0.196513
0.0336534 -0.0590708
-0.50239 -0.374536
-1.08695 1.47481
1.18915 1.89388
-0.556254 -1.10363
-0.360078 2.4089
1.16231 -0.334178
0.659004 0.741497
1.27252 0.638637
0.635699 0.416865
1.45708 1.0105
-0.0878502 -0.408106
-1.50528 0.83833
-1.06473 -0.160267
-0.932114 1.20884
0.776245 1.31512
0.647914 0.0257702
1.40381 1.43153
-0.373414 -0.791883
-0.76439 1.94311
1.94433 0.841127
-1.89623 0.39956
-0.790539 0.133004
-1.31537 0.86718
-1.10485 -0.25768
-0.845098 1.26573
1.24019 1.89196
-0.635241 -1.15216
-0.290829 2.45525
1.00813 -0.392443
0.766797 0.912971
1.03901 0.447631
1.0724 0.79324
0.824042 0.464743
1.28023 0.861597
0.469849 0.18903
1.51708 1.49112
-0.778353 -1.12075
-0.266568 2.34457
1.0686 -0.327112
0.816247 0.934615
0.972677 0.41453
1.15893 0.852383
0.670017 0.345205
1.44952 1.07323
-0.12019 -0.456105
-1.43285 1.10777
-0.692444 -0.249266
-1.04968 1.38369
1.01855 1.66175
-0.0191064 -0.599948
-1.40567 1.25588
-0.266657 0.0839946
-1.26932 -0.491632
-0.657703 1.30383
1.69503 2.1188
-1.86368 -0.51172
-0.558819 0.676975
0.0171794 0.266028
1.02257 1.44029
0.248936 -0.275933
-0.464277 -0.367708
-1.13249 1.44359
0.985824 1.63739
0.0492563 -0.537442
-1.53426 0.811046
-1.06517 -0.128912
-0.956769 1.18109
0.574994 1.05021
1.11707 0.369175
1.00628 0.804893
0.888289 0.483923
1.21138 0.821098
0.618124 0.325394
1.48847 1.14156
-0.309976 -0.661422
-0.970635 1.73871
1.82911 2.17663
-1.99654 0.688703
-0.535088 0.142426
-1.4656 0.344142
-1.12194 0.45142
-1.30434 0.434771
-1.22153 0.445713
-1.26021 0.451739
-1.24572 0.434998
-1.24635 0.464214
-1.25538 0.418209
-1.23628 0.486881
-1.26573 0.382139
-1.2177 0.534504
-1.28232 0.297385
-1.17161 0.633726
-1.29268 0.0787845
-1.04166 0.845231
-0.996831 -0.427289
-0.736959 1.48354
1.80592 2.04426
-1.96645 0.230397
-0.680223 0.232915
-1.43224 0.443174
-1.16838 0.365861
-1.25142 0.584988
-1.27203 0.208147


