-1.41969 -3.52123
2.1925 -0.673359
-1.03673 -3.99887
2.19378 0.148537
-0.502045 -4.23961
2.06527 1.21573
-0.0757251 -2.21307
-0.438971 -0.393582
-0.218605 -1.5668
-0.821525 -1.48909
-0.535208 -1.45152
-0.70633 -1.54178
-0.579555 -1.39774
-0.705871 -1.61906
-0.542732 -1.2883
-0.762044 -1.80519
-0.412043 -1.02162
-0.841417 -2.37729
0.0823334 -0.042053
1.66898 -0.905611
-0.193454 -2.13069
-0.437675 -0.490379
-0.415378 -2.14299
-0.32324 -0.464974
-0.243629 -1.67164
-0.747014 -1.26832
-0.655483 -1.77024
-0.484326 -1.06727
-0.821436 -2.22086
-0.0781109 -0.343463
0.982858 0.520008
1.15436 -1.80539
-0.901708 -3.50924
1.65534 1.48341
0.852399 -0.63472
1.50163 -0.0572988
1.2193 -0.0879952
1.38222 -0.72958
0.943952 0.16088
1.29085 -1.5955
-0.602195 -3.53647
1.36166 1.6713
0.859629 -1.23351
-0.114848 -1.57615
-0.879496 -1.57966
-0.456128 -1.30262
-0.801742 -1.82234
-0.379525 -0.990506
-0.841186 -2.47215
0.180004 0.140809
1.51859 -1.81536
-0.990923 -3.59059
1.86112 1.21718
0.543376 -0.708132
1.27759 0.46929
1.22274 -1.059
0.488666 -0.305074
1.60188 -0.838133
0.091302 -1.22925
-0.920116 -2.82934
0.719912 0.954351
1.00094 -2.5693
-1.07034 -1.04673
-0.377883 -1.51245
-0.759164 -1.48617
-0.574672 -1.47078
-0.67811 -1.5063
-0.610194 -1.44892
-0.669619 -1.5365
-0.600878 -1.40559
-0.691896 -1.60347
-0.55756 -1.31012
-0.747873 -1.76406
-0.443456 -1.08189
-0.838063 -2.23466
-0.0537735 -0.307828
1.20788 0.612121
1.16453 -1.31195
-0.18683 -1.89062
-0.632507 -0.903373
-0.738451 -2.32446
-0.0399638 -0.198725
1.54652 0.342087
1.18355 -0.279687
1.4262 -0.535695
1.10048 0.164123
1.30034 -1.27944
-0.18689 -1.93753
-0.596984 -0.820899
-0.726939 -2.44675
0.0685101 0.0164274
1.65233 -1.12071
-0.380818 -2.97438
0.471702 0.911966
1.07688 -2.98821
-0.756208 -0.191534
0.11686 -0.664742
0.183541 -0.683637
0.339682 -0.380375
1.61788 -0.167162
0.933995 0.0017868
1.35815 -1.42172
-0.430566 -2.9953
0.520262 0.95135
1.04706 -2.93619
-0.782163 -0.2661
-0.0820261 -1.11044
-0.894131 -2.7265
0.543189 0.717387
1.1199 -2.74336
-1.01889 -0.773273
-0.399165 -1.69633
-0.645863 -1.16586
-0.735613 -1.95429
-0.33122 -0.801736
-0.728937 -2.75367
0.407273 0.600967
1.20644 -2.78248
-1.045 -0.769973
-0.358995 -1.59446
-0.726433 -1.34923
-0.644236 -1.66546
-0.548569 -1.21786
-0.776756 -1.91904
-0.33305 -0.851104
-0.76896 -2.72357
0.403871 0.571513
1.21832 -2.74913
-1.0781 -0.858422
-0.335932 -1.49707
-0.789325 -1.5365
-0.535501 -1.39649
-0.728844 -1.63035
-0.525231 -1.27242
-0.775417 -1.83917
-0.384349 -0.970494
-0.833674 -2.49953
0.202676 0.187091
1.47869 -1.97948
-1.15601 -3.22046
1.71126 1.28794
0.844767 -0.504888
1.53927 -0.450173
0.91352 0.0606334
1.33335 -1.53161
-0.537927 -3.40972
1.13266 1.58147
0.83827 -1.7508
-0.978618 -3.22817
1.39565 1.4833
0.928057 -1.10071
0.427801 -0.344357
1.62508 -0.565483
0.469224 -0.470261
1.59166 -0.131808
1.0251 0.0254941
1.34825 -1.29052
-0.247506 -2.17846
-0.368641 -0.402464
-0.143587 -1.37946
-0.933148 -1.98639
-0.172553 -0.648261
-0.431746 -2.30503
-0.184098 -0.214307
1.18809 0.634343
1.15292 -1.37227
-0.306737 -2.33182
-0.209655 -0.155636
1.33222 0.627407
1.18287 -0.992007
0.731613 0.0438334
1.3592 -1.74052
-0.810717 -3.67993
1.75415 1.46693
0.734198 -0.607615
1.53026 -0.0662018
1.17514 -0.0370905
1.37192 -0.896105
0.639069 -0.12451
1.46671 -1.46746
-0.526026 -3.46836
1.20407 1.63662
0.838073 -1.5905
-0.751984 -3.43243
1.36795 1.59415
0.887138 -1.19601
0.0363654 -1.16648
-0.894388 -2.84553
0.705124 0.948127
1.00496 -2.59658
-1.05297 -0.983825
-0.399996 -1.59283
-0.705546 -1.33824
-0.659728 -1.68541
-0.530495 -1.19051
-0.791078 -1.97464
-0.287543 -0.762896
-0.675506 -2.77781
0.397135 0.617177
1.20447 -2.80991
-1.02158 -0.705498
-0.36443 -1.63955
-0.697863 -1.26922
-0.684253 -1.78498
-0.462488 -1.04922
-0.828789 -2.27327
-0.0264477 -0.245125
1.46751 0.473299
1.21361 -0.550222
1.37591 -0.00694175
1.32726 -0.423826
1.32593 -0.0234405
1.34806 -0.536548
1.23615 0.135458
1.3204 -0.927569
0.678545 -0.0581616
1.42149 -1.59676
-0.642864 -3.67354
1.58039 1.66173
0.841126 -0.811195
1.28358 0.373559
1.25241 -0.986082
0.652785 -0.071528
1.43519 -1.57968
-0.629086 -3.66589
1.55806 1.67399
0.845844 -0.850084
1.19957 0.404109
1.23084 -1.22353
0.000220894 -1.34405
-0.981429 -2.34111
0.201232 0.0846523
1.54079 -1.67758
-0.825642 -3.76888
1.86665 1.32629
0.518463 -0.771885
1.0271 0.443719
1.18781 -1.66042
-0.685046 -3.58026
1.49907 1.64805
0.870074 -0.940136
0.961118 0.329625
1.22383 -1.71937
-0.765439 -3.6227
1.63702 1.57207
0.838444 -0.697083
1.45384 0.130993
1.27229 -0.349117
1.38877 -0.237162
1.31488 -0.139078
1.36644 -0.431005
1.27744 0.046015
1.34334 -0.735418
1.01634 0.208079
1.27577 -1.50135
-0.493558 -3.21548
0.835866 1.32293
0.87477 -2.41662
-1.08774 -1.24676
-0.335917 -1.32975
-0.853872 -1.85956
-0.323316 -0.9159
-0.811319 -2.66466
0.371238 0.49279
1.25996 -2.66168
-1.16105 -1.10718
-0.209826 -1.10841
-0.901587 -2.49839
0.271788 0.266337
1.40092 -2.23969
-1.29758 -2.42573
1.10252 1.16769
0.961585 -1.74627
-0.896973 -3.41625
1.52864 1.52997
0.905594 -0.837867
1.23971 0.373085
1.24722 -1.10106
0.332037 -0.589403
1.23929 0.531406
1.19689 -1.19244
0.112944 -1.04849
-0.710704 -3.04772
0.775667 1.13493
0.936264 -2.51014
-1.0673 -1.10163
-0.382509 -1.49637
-0.764481 -1.51276
-0.56043 -1.43345
-0.701273 -1.56627
-0.570797 -1.36313
-0.723265 -1.67533
-0.504919 -1.20878
-0.800322 -1.95885
-0.292911 -0.784904
-0.700097 -2.78491
0.423236 0.643569
1.18548 -2.81713
-1.00296 -0.671585
-0.372473 -1.67842
-0.670499 -1.20103
-0.715616 -1.89214
-0.381812 -0.894769
-0.800198 -2.61524
0.302519 0.384206
1.33166 -2.49285
-1.27064 -1.61412
0.232699 -0.0880464
1.62095 -1.13807
-0.35924 -2.83505
0.304048 0.673045
1.22265 -2.94313
-0.918276 -0.430577
-0.266289 -1.50971
-0.822155 -1.56187
-0.503857 -1.35329
-0.761064 -1.71162
-0.465663 -1.15621
-0.826539 -2.07993
-0.188955 -0.580975
-0.317737 -1.93598
-0.524859 -0.786953
-0.728419 -2.55448
0.179757 0.217431
1.47338 -2.03343
-1.20241 -3.06746
1.62925 1.31931
0.924181 -0.586062
1.5055 -0.201326
1.17199 0.0237147
1.35327 -0.973195
0.495185 -0.32923
1.60606 -0.759598
0.215971 -0.940075
-0.42855 -2.44728
-0.0596148 0.0148274
1.70018 -0.670515
0.0327708 -1.42706
-0.993912 -2.19178
0.0687378 -0.183312
1.65695 -0.154428
0.823305 -0.0804816
1.40431 -1.44524
-0.474227 -3.22663
0.838242 1.33625
0.870588 -2.41369
-1.08676 -1.24739
-0.337374 -1.33247
-0.852373 -1.85284
-0.328552 -0.926824
-0.817896 -2.64247
0.35096 0.45508
1.28256 -2.61135
-1.20084 -1.25447
-0.103384 -0.830915
-0.630772 -2.84599
0.449855 0.726467
1.14713 -2.87223
-0.927182 -0.512064
-0.346961 -1.69724
-0.672479 -1.17608
-0.719167 -1.92728
-0.357262 -0.842543
-0.766353 -2.70226
0.375804 0.527558
1.24504 -2.70909
-1.12216 -0.977421
-0.281187 -1.31785
-0.883442 -1.93978
-0.248932 -0.772672
-0.665695 -2.79697
0.413485 0.648969
1.18719 -2.83213
-0.991438 -0.639568
-0.36873 -1.68512
-0.668387 -1.19069
-0.718811 -1.90797
-0.370067 -0.871357
-0.7866 -2.65835
0.340957 0.457601
1.28549 -2.61793
-1.19851 -1.23936
-0.111555 -0.852611
-0.664343 -2.88271
0.518325 0.809914
1.0954 -2.84929
-0.907841 -0.50723
-0.362775 -1.74845
-0.631744 -1.08648
-0.752172 -2.07907
-0.234206 -0.606357
-0.428816 -2.27047
-0.214383 -0.268349
0.856634 0.431703
1.18028 -2.00384
-1.13672 -3.05041
1.46113 1.40509
0.95669 -0.930006
1.02047 0.341903
1.22475 -1.60444
-0.608789 -3.50894
1.32984 1.6566
0.859546 -1.30077
-0.289078 -2.15604
-0.366973 -0.435758
-0.232467 -1.62685
-0.780323 -1.36039
-0.608236 -1.63604
-0.581122 -1.25762
-0.750651 -1.84005
-0.397036 -0.971406
-0.831744 -2.48171
0.181677 0.1503
1.51193 -1.84615
-1.02516 -3.53251
1.84452 1.21804
0.588525 -0.64978
1.44827 0.283317
1.25617 -0.4799
1.37073 -0.0600439
1.33438 -0.381596
1.33336 -0.0672632
1.35164 -0.469077
1.27612 0.0689171
1.33781 -0.761762
0.984452 0.19937
1.27692 -1.55748
-0.555861 -3.42381
1.16653 1.59621
0.841902 -1.67181
-0.869523 -3.38337
1.446 1.54719
0.909246 -1.00944
0.752821 0.131274
1.31444 -1.84804
-0.952859 -3.53124
1.74858 1.38237
0.764918 -0.558455
1.54899 -0.258261
1.05299 0.0680326
1.33278 -1.2841
-0.222885 -2.07898
-0.463918 -0.56912
-0.538192 -2.45533
-0.0120142 0.0133294
1.68749 -0.841411
-0.158434 -2.01255
-0.555747 -0.703121
-0.672052 -2.55074
0.141743 0.189173
1.51094 -1.89952
-1.08757 -3.41266
1.80661 1.22778
0.68145 -0.554013
1.56025 -0.195576
1.06461 0.0492976
1.34046 -1.23921
-0.143159 -1.80421
-0.723295 -1.08866
-0.700588 -2.0201
-0.302496 -0.701379
-0.616243 -2.70397
0.275792 0.457435
1.31217 -2.62408
-1.20647 -1.24178
-0.0903593 -0.806728
-0.587523 -2.77621
0.341962 0.583952
1.23764 -2.80472
-1.04671 -0.746187
-0.345807 -1.57127
-0.746271 -1.39589
-0.616842 -1.59691
-0.597423 -1.31587
-0.72538 -1.74289
-0.466965 -1.11243
-0.828789 -2.15741
-0.126136 -0.44924
0.301723 -0.404549
1.5833 0.0624816
1.11575 -0.0525823
1.37802 -1.00971
0.34742 -0.594925
1.25544 0.525139
1.20186 -1.1471
0.244642 -0.754288
0.234432 -0.597421
0.935272 0.432034
1.18263 -1.84975
-0.958211 -3.4533
1.66271 1.44584
0.857302 -0.60958
1.51363 -0.134655
1.18236 -0.012115
1.36426 -0.908506
0.628246 -0.136446
1.47624 -1.44032
-0.505611 -3.4065
1.10345 1.57629
0.832939 -1.82068
-1.05913 -3.03057
1.2658 1.39858
0.930937 -1.38829
-0.402761 -2.63748
0.113482 0.334061
1.44409 -2.2615
-1.31266 -2.35684
1.07486 1.13596
0.965124 -1.80808
-0.979343 -3.30016
1.49628 1.48893
0.925793 -0.884712
1.1358 0.382712
1.22702 -1.368
-0.311326 -2.38215
-0.163099 -0.0752928
1.60773 0.233816
1.10185 -0.115622
1.3992 -0.954897
0.433413 -0.445604
1.59969 -0.14562
0.997135 0.0228251
1.34881 -1.33999
-0.325289 -2.49964
-0.0497417 0.113558
1.66617 -1.17689
-0.437201 -3.28176
0.887934 1.41146
0.849219 -2.31114
-1.13224 -1.4935
-0.187932 -0.927776
-0.789363 -2.8325
0.561258 0.802435
1.08517 -2.77858
-0.963533 -0.653132
-0.412687 -1.79947
-0.573747 -0.998494
-0.779365 -2.25193
-0.0795097 -0.310722
1.11864 0.595947
1.15043 -1.52849
-0.522026 -3.24007
0.888076 1.36533
0.863757 -2.30258
-1.14467 -1.54598
-0.141098 -0.816276
-0.64334 -2.84116
0.452154 0.722465
1.14768 -2.86585
-0.933378 -0.52652
-0.353592 -1.70759
-0.662503 -1.15674
-0.727891 -1.95975
-0.331349 -0.793674
-0.721951 -2.75537
0.403885 0.599766
1.20812 -2.78375
-1.04505 -0.768566
-0.358327 -1.5934
-0.727384 -1.35136
-0.642994 -1.6623
-0.550854 -1.22234
-0.774638 -1.9105
-0.339791 -0.86433
-0.779471 -2.7034
0.388617 0.540514
1.23538 -2.71935
-1.10969 -0.944387
-0.299621 -1.37411
-0.858638 -1.80404
-0.353818 -0.996553
-0.84755 -2.49591
0.211715 0.194124
1.46985 -2.00938
-1.18041 -3.13928
1.66625 1.3089
0.893705 -0.540368
1.52406 -0.339078
1.05522 0.0933739
1.32319 -1.307
-0.255873 -2.20026
-0.346106 -0.366492
0.0175185 -0.976732
-0.708224 -2.9916
0.696503 1.03536
0.976988 -2.64739
-0.991482 -0.82129
-0.451731 -1.8023
-0.553746 -0.994158
-0.787491 -2.27599
-0.0532042 -0.264852
1.35698 0.580342
1.19887 -0.90357
0.937071 0.225654
1.264 -1.67395
-0.701028 -3.63028
1.58043 1.62855
0.852974 -0.79522
1.31662 0.344451
1.26309 -0.87864
0.897875 0.17789
1.28331 -1.69513
-0.731932 -3.65113
1.63788 1.59123
0.831286 -0.706086
1.44455 0.159923
1.27506 -0.396339
1.37953 -0.158543
1.33062 -0.250383
1.35971 -0.250779
1.33825 -0.185317
1.35695 -0.316519
1.32913 -0.108543
1.35771 -0.43225
1.28782 0.0350091
1.3447 -0.697287
1.07025 0.216792
1.27765 -1.39415
-0.366626 -2.64744
0.109732 0.354024
1.43566 -2.30826
-1.31825 -2.20852
0.92567 0.987007
0.988011 -2.13063
-1.21362 -2.33589
0.706759 0.777697
1.06316 -2.51213
-1.14715 -1.2839
-0.221974 -1.07485
-0.888824 -2.54731
0.313434 0.347424
1.34346 -2.4247
-1.29138 -1.82194
0.447443 0.311625
1.30779 -2.34954
-1.29066 -2.0337
0.633665 0.620978
1.13197 -2.53262
-1.17262 -1.31739
-0.159974 -0.932068
-0.780965 -2.86283
0.592805 0.852941
1.05943 -2.75853
-0.961171 -0.66846
-0.424303 -1.82224
-0.553239 -0.962454
-0.783168 -2.32318
-0.013457 -0.182883
1.60376 0.172712
1.10039 -0.0891613
1.39057 -0.994224
0.357576 -0.579438
1.32147 0.498409
1.2194 -0.957629
0.777392 0.0841438
1.33302 -1.7533
-0.822373 -3.66109
1.74466 1.46799
0.748985 -0.602737
1.53242 -0.0968467
1.16276 -0.0144977
1.36528 -0.951425
0.522632 -0.289405
1.58523 -0.942449
-0.0408807 -1.58062
-0.922075 -1.67165
-0.377834 -1.14308
-0.863937 -2.18906
-0.0727869 -0.368638
0.886617 0.438794
1.17784 -1.95194
-1.08504 -3.20092
1.55193 1.42119
0.935033 -0.751996
1.37868 0.229618
1.28736 -0.627513
1.24358 0.178944
1.30771 -0.946885
0.656405 -0.0823922
1.43983 -1.556
-0.60411 -3.63299
1.49286 1.69275
0.854841 -0.97003
0.850284 0.244008
1.2563 -1.84522
-0.945422 -3.51014
1.71403 1.41736
0.807115 -0.569826
1.53823 -0.243311
1.08675 0.0647441
1.33582 -1.20964
-0.0739677 -1.58611
-0.899673 -1.61114
-0.426034 -1.24593
-0.830934 -1.9463
-0.282257 -0.793443
-0.703931 -2.79372
0.436878 0.662674
1.17384 -2.82406
-0.989096 -0.644863
-0.375263 -1.70033
-0.655646 -1.16374
-0.730592 -1.95282
-0.334701 -0.804115
-0.731916 -2.74964
0.404741 0.595133
1.20947 -2.77749
-1.05084 -0.784223
-0.35555 -1.57905
-0.736756 -1.37776
-0.628722 -1.6238
-0.577942 -1.27719
-0.747046 -1.81001
-0.417052 -1.01545
-0.838772 -2.38217
0.0849265 -0.0351552
1.66569 -0.945276
-0.233179 -2.28531
-0.283979 -0.230641
0.801417 0.383921
1.20093 -2.06212
-1.18384 -2.88791
1.35664 1.3665
0.960897 -1.1602
0.230692 -0.730921
0.291666 -0.480018
1.45631 0.386934
1.23463 -0.527855
1.36909 -0.0151218
1.33118 -0.433126
1.31806 -0.00472873
1.34707 -0.57705
1.20376 0.169629
1.30813 -1.03962
0.410888 -0.459188
1.58407 -0.0259148
1.08876 -0.00966833
1.36301 -1.12
0.0984716 -1.1285
-0.820251 -3.01235
0.843692 1.15951
0.927156 -2.36385
-1.15054 -1.48486
-0.155053 -0.865673
-0.710566 -2.88471
0.556872 0.840154
1.07347 -2.81022
-0.926101 -0.568588
-0.397232 -1.80936
-0.574601 -0.983482
-0.777394 -2.27313
-0.0622376 -0.274509
1.30355 0.604774
1.18555 -1.0583
0.534276 -0.223663
1.55333 -1.1666
-0.303681 -2.51863
-0.0404181 0.146408
1.64406 -1.34536
-0.546712 -3.66736
1.48864 1.7247
0.843722 -0.991195
0.763799 0.156959
1.30123 -1.86929
-0.979982 -3.48527
1.73167 1.38095
0.791832 -0.551555
1.54592 -0.295659
1.03476 0.0761807
1.32872 -1.3301
-0.297583 -2.37104
-0.178776 -0.0922229
1.55848 0.368245
1.17002 -0.270417
1.42851 -0.57904
1.04882 0.167773
1.29416 -1.39557
-0.37437 -2.69179
0.157837 0.428215
1.37679 -2.52555
-1.27382 -1.54308
0.207062 -0.149051
1.65431 -0.816051
-0.033051 -1.58936
-0.922934 -1.66313
-0.38143 -1.15425
-0.862304 -2.16326
-0.0959635 -0.415558
0.573477 0.0567055
1.39131 -1.85772
-0.983091 -3.53036
1.78718 1.32223
0.707535 -0.56496
1.55385 -0.186447
1.08389 0.0460017
1.34258 -1.19508
-0.0496379 -1.5167
-0.941866 -1.80931
-0.283101 -0.920847
-0.810171 -2.7132
0.429549 0.588294
1.20289 -2.7489
-1.06897 -0.844929
-0.347324 -1.53115
-0.766376 -1.46743
-0.57806 -1.49521
-0.665464 -1.46845
-0.633081 -1.50399
-0.634107 -1.45317
-0.655653 -1.52829
-0.61171 -1.41743
-0.681683 -1.58399
-0.572258 -1.33765
-0.731368 -1.71541
-0.479209 -1.15181
-0.820846 -2.07694
-0.195048 -0.58871
-0.344291 -2.01764
-0.450758 -0.654762
-0.625935 -2.61453
0.18387 0.295206
1.42842 -2.23873
-1.30338 -2.43059
1.12933 1.18473
0.96286 -1.68313
-0.803255 -3.48599
1.50152 1.58354
0.892514 -0.909917
1.06227 0.375966
1.2176 -1.5361
-0.527405 -3.30019
0.973775 1.4504
0.846881 -2.11278
-1.18808 -2.10185
0.367702 0.250396
1.36696 -2.24398
-1.29175 -2.4039
1.05483 1.13141
0.962175 -1.85637
-1.03913 -3.17382
1.42827 1.45625
0.939571 -1.01892
0.736272 0.10583
1.32879 -1.83042
-0.930823 -3.56671
1.76123 1.38402
0.743097 -0.567811
1.54909 -0.210457
1.08148 0.0540856
1.33948 -1.20919
-0.077534 -1.59798
-0.891813 -1.57961
-0.446759 -1.29451
-0.808766 -1.84255
-0.363062 -0.958875
-0.832109 -2.54664
0.253377 0.278568
1.40325 -2.25565
-1.30214 -2.37438
1.05678 1.12687
0.964028 -1.85061
-1.03178 -3.19245
1.44022 1.46112
0.938314 -0.99391
0.821151 0.19804
1.27745 -1.8408
-0.939697 -3.52872
1.72847 1.40888
0.789253 -0.565644
1.54276 -0.248665
1.07345 0.0665847
1.3344 -1.23994
-0.138066 -1.78543
-0.739706 -1.12835
-0.686653 -1.95898
-0.35115 -0.793289
-0.726926 -2.73724
0.385847 0.567814
1.2264 -2.75705
-1.07691 -0.846889
-0.334487 -1.49838
-0.789493 -1.53494
-0.536082 -1.39858
-0.727729 -1.62681
-0.527591 -1.27743
-0.772848 -1.82967
-0.391531 -0.984767
-0.837078 -2.46644
0.170169 0.125604
1.53336 -1.75303
-0.920451 -3.68835
1.88017 1.23788
0.487809 -0.79407
0.863032 0.325488
1.22235 -1.90265
-1.02273 -3.36756
1.65388 1.41301
0.875527 -0.60145
1.51297 -0.16167
1.1743 0.00547947
1.35899 -0.947482
0.546661 -0.250832
1.56106 -1.09445
-0.223664 -2.18639
-0.374197 -0.392543
-0.123236 -1.32385
-0.948423 -2.15216
-0.023533 -0.33711
1.18533 0.603559
1.16235 -1.36566
-0.295398 -2.29004
-0.250972 -0.221862
0.949708 0.522404
1.15008 -1.87883
-1.00297 -3.36269
1.61641 1.44443
0.895118 -0.659532
1.47724 0.00502589
1.25512 -0.187687
1.39321 -0.512863
1.18339 0.147654
1.3137 -1.07014
0.317176 -0.635347
1.03435 0.485659
1.17365 -1.66985
-0.700232 -3.58246
1.51722 1.6389
0.870079 -0.903074
1.07206 0.385146
1.21572 -1.51999
-0.508951 -3.23464
0.871754 1.35464
0.866069 -2.33903
-1.12787 -1.44543
-0.214401 -0.998912
-0.850094 -2.70028
0.455592 0.606524
1.18718 -2.74548
-1.06187 -0.838098
-0.356888 -1.55801
-0.747289 -1.4145
-0.609527 -1.57117
-0.613864 -1.35361
-0.704284 -1.68078
-0.511556 -1.20046
-0.798618 -1.96911
-0.28691 -0.76947
-0.681982 -2.7821
0.406775 0.628518
1.19685 -2.81512
-1.01227 -0.686758
-0.367895 -1.65821
-0.685033 -1.23636
-0.699739 -1.8359
-0.424609 -0.976563
-0.8274 -2.43907
0.132978 0.0636057
1.59216 -1.47345
-0.621825 -3.75904
1.66802 1.64249
0.788282 -0.709848
1.43812 0.201458
1.27312 -0.445956
1.36823 -0.0849438
1.33723 -0.36079
1.33662 -0.089623
1.35276 -0.435358
1.29238 0.0314153
1.34487 -0.681753
1.09111 0.216745
1.28001 -1.34765
-0.298 -2.35048
-0.196901 -0.125255
1.45133 0.541033
1.20329 -0.630139
1.33539 0.113373
1.32013 -0.647206
1.17565 0.208262
1.29281 -1.14195
0.153176 -0.978691
-0.572382 -2.86826
0.441617 0.749187
1.14238 -2.90259
-0.895534 -0.44165
-0.303938 -1.61557
-0.745037 -1.3367
-0.637289 -1.67815
-0.544914 -1.19874
-0.782416 -1.95266
-0.307506 -0.798807
-0.718887 -2.77519
0.425639 0.636117
1.18723 -2.8067
-1.01284 -0.696776
-0.372537 -1.66559
-0.678185 -1.22261
-0.706745 -1.85806
-0.407592 -0.944594
-0.820392 -2.51111
0.203369 0.197254
1.47244 -2.00789
-1.18004 -3.14259
1.66932 1.30689
0.891045 -0.536762
1.52523 -0.350069
1.04399 0.0946089
1.32204 -1.33148
-0.295473 -2.35914
-0.190285 -0.111224
1.49911 0.478726
1.19952 -0.472256
1.41348 -0.1677
1.30173 -0.163041
1.37393 -0.433244
1.26644 0.0586126
1.34116 -0.776536
0.952309 0.182931
1.28201 -1.60298
-0.610123 -3.54502
1.38044 1.67266
0.861582 -1.19247
0.0184919 -1.20678
-0.929527 -2.72322
0.588274 0.765222
1.09088 -2.71053
-1.02511 -0.81729
-0.406001 -1.69091
-0.645711 -1.17365
-0.734401 -1.94282
-0.33952 -0.819128
-0.745502 -2.73831
0.401942 0.582481
1.21506 -2.76419
-1.06465 -0.82015
-0.346413 -1.53975
-0.762493 -1.45229
-0.586315 -1.51659
-0.651497 -1.43544
-0.653929 -1.55309
-0.60096 -1.3814
-0.70104 -1.6406
-0.534237 -1.25757
-0.774748 -1.85992
-0.371923 -0.939927
-0.823064 -2.56445
0.265053 0.304906
1.38467 -2.32109
-1.30779 -2.16052
0.831863 0.883829
1.01776 -2.30743
-1.2135 -1.81129
0.182559 -0.131077
1.65802 -0.821774
-0.0523577 -1.64864
-0.881905 -1.50036
-0.488148 -1.40658
-0.749017 -1.62723
-0.516056 -1.27608
-0.779074 -1.83726
-0.383485 -0.972787
-0.834621 -2.49687
0.200646 0.182788
1.48229 -1.96513
-1.14339 -3.25834
1.73061 1.27787
0.818549 -0.499359
1.54574 -0.46656
0.876254 0.0365526
1.34552 -1.55717
-0.569117 -3.50191
1.28547 1.65859
0.849973 -1.40358
-0.477793 -2.90739
0.438692 0.802949
1.12537 -2.95271
-0.833887 -0.317851
-0.166393 -1.30012
-0.934756 -2.13649
-0.051867 -0.385237
0.884875 0.433881
1.17969 -1.95165
-1.08451 -3.20353
1.5543 1.42084
0.934305 -0.747574
1.3844 0.220375
1.28808 -0.604807
1.26306 0.155616
1.31502 -0.876359
0.80792 0.085291
1.32896 -1.71735
-0.770289 -3.67582
1.70729 1.52931
0.783037 -0.631162
1.51263 -0.0312243
1.20904 -0.0888906
1.38367 -0.752923
0.90134 0.135103
1.30149 -1.64147
-0.661481 -3.62259
1.53198 1.65917
0.859325 -0.885851
1.11447 0.398885
1.2177 -1.42971
-0.400807 -2.77091
0.251453 0.561957
1.28284 -2.80205
-1.07521 -0.787404
-0.315905 -1.47656
-0.809813 -1.5884
-0.499545 -1.32064
-0.774233 -1.76882
-0.426601 -1.07311
-0.843748 -2.26819
-0.0193712 -0.243017
1.4851 0.446508
1.21193 -0.48914
1.40094 -0.116775
1.31634 -0.246102
1.36896 -0.289065
1.32381 -0.118484
1.36086 -0.433779
1.28315 0.0413003
1.34384 -0.715856
1.0452 0.214442
1.27593 -1.44648
-0.43212 -2.94919
0.466038 0.871858
1.09228 -2.9691
-0.789335 -0.248246
-0.0364191 -0.999639
-0.777215 -2.95503
0.713805 1.02124
0.979329 -2.6069
-1.02618 -0.922397
-0.429788 -1.69317
-0.632516 -1.16699
-0.742652 -1.95891
-0.324566 -0.794394
-0.720534 -2.76121
0.409877 0.610167
1.20219 -2.79121
-1.03531 -0.746018
-0.363567 -1.61761
-0.710971 -1.30727
-0.666131 -1.7277
-0.504009 -1.13013
-0.811461 -2.09569
-0.186855 -0.562086
-0.268414 -1.78437
-0.659388 -1.05319
-0.738885 -2.10861
-0.218894 -0.560999
-0.317958 -1.92715
-0.531249 -0.801244
-0.734999 -2.53669
0.165282 0.187098
1.499 -1.92909
-1.11379 -3.34543
1.77571 1.24869
0.744466 -0.514209
1.56138 -0.393041
0.909427 0.0433344
1.34098 -1.51592
-0.52324 -3.36823
1.06412 1.5348
0.837248 -1.90848
-1.12898 -2.76469
1.04405 1.21074
0.934894 -1.89889
-1.09315 -3.00127
1.29677 1.39472
0.939604 -1.31183
-0.248847 -2.03524
-0.484866 -0.635804
-0.614682 -2.5753
0.137462 0.222344
1.49361 -1.98964
-1.1719 -3.18498
1.70158 1.28625
0.858287 -0.506892
1.53585 -0.442862
0.93106 0.07057
1.32877 -1.51507
-0.519123 -3.34587
1.03032 1.50757
0.838857 -1.98579
-1.16754 -2.50961
0.793614 0.919436
1.00663 -2.40281
-1.1742 -1.50617
-0.094846 -0.738427
-0.492758 -2.52833
0.0398518 0.140819
1.6004 -1.5372
-0.702349 -3.82083
1.80954 1.48238
0.627948 -0.688307
1.40954 0.32943
1.25966 -0.615817
1.28832 0.14485
1.31753 -0.800694
0.955692 0.194308
1.27749 -1.60808
-0.615891 -3.5518
1.3949 1.67333
0.862846 -1.16123
0.130504 -0.933151
-0.530977 -2.74672
0.280651 0.521645
1.28526 -2.73293
-1.12677 -0.951046
-0.267393 -1.29479
-0.89448 -2.00516
-0.193626 -0.657507
-0.471267 -2.41863
-0.0702695 -0.0386195
1.6941 -0.345461
0.498135 -0.46244
1.5987 -0.232926
0.941631 0.0227742
1.34899 -1.43707
-0.44348 -3.0494
0.592869 1.04522
0.994579 -2.85407
-0.816634 -0.377578
-0.27941 -1.59562
-0.770311 -1.38754
-0.605391 -1.60264
-0.599939 -1.30679
-0.726887 -1.75635
-0.45858 -1.09314
-0.832437 -2.19962
-0.0882956 -0.373754
0.805842 0.358828
1.21079 -2.03176
-1.15975 -2.99447
1.43963 1.3921
0.9611 -0.973685
0.892656 0.257718
1.24997 -1.78622
-0.86178 -3.59399
1.7096 1.47192
0.797348 -0.599385
1.52886 -0.143362
1.15309 0.0105256
1.35726 -1.00236
0.411908 -0.470888
1.57421 0.0211659
1.12224 -0.0393738
1.37356 -1.01225
0.350905 -0.587048
1.28667 0.515582
1.20996 -1.05973
0.502381 -0.279775
1.5889 -0.948565
-0.0605726 -1.64099
-0.880663 -1.50646
-0.486636 -1.3994
-0.752645 -1.63986
-0.507766 -1.25813
-0.787969 -1.87204
-0.35694 -0.919746
-0.814127 -2.61406
0.313841 0.394766
1.32238 -2.51319
-1.26067 -1.55033
0.165741 -0.223206
1.65959 -0.326862
0.65281 -0.234387
1.51722 -1.19969
-0.297239 -2.46791
-0.0906386 0.0642527
1.70096 -0.80226
-0.144531 -1.97127
-0.597522 -0.782354
-0.709853 -2.47586
0.0871992 0.0635198
1.61817 -1.36358
-0.538816 -3.62591
1.4277 1.72232
0.847348 -1.10937
0.307514 -0.552322
1.30116 0.520737
1.21045 -1.0238
0.607659 -0.121645
1.47509 -1.47425
-0.537246 -3.50863
1.26826 1.66709
0.843277 -1.44603
-0.541731 -3.12978
0.753774 1.1991
0.916856 -2.5748
-1.00339 -0.909718
-0.4574 -1.7641
-0.575596 -1.05371
-0.781189 -2.16693
-0.149552 -0.455357
0.195594 -0.614142
0.720816 0.215906
1.2806 -1.99799
-1.12938 -3.15043
1.57503 1.38854
0.936206 -0.698152
1.43654 0.104156
1.2852 -0.370649
1.37709 -0.177927
1.33141 -0.233721
1.36012 -0.270813
1.33508 -0.159469
1.35821 -0.356171
1.31725 -0.0563522
1.35573 -0.522694
1.23537 0.129024
1.32229 -0.923693
0.684033 -0.0519608
1.41696 -1.6062
-0.652295 -3.68041
1.5978 1.65183
0.836 -0.782807
1.33595 0.333234
1.26642 -0.818834
1.0126 0.239805
1.26307 -1.53779
-0.532066 -3.34468
1.03837 1.50785
0.84037 -1.96626
-1.1597 -2.5791
0.865546 1.01112
0.97601 -2.2753
-1.2059 -1.83887
0.182096 -0.124707
1.6565 -0.848696
-0.0870068 -1.75504
-0.79476 -1.23421
-0.633115 -1.79413
-0.480016 -1.02935
-0.820361 -2.2896
-0.0179727 -0.221451
1.5336 0.361188
1.19352 -0.319718
1.42691 -0.448841
1.174 0.12395
1.32083 -1.07082
0.302606 -0.665974
0.858623 0.35239
1.21155 -1.93455
-1.06205 -3.2788
1.60915 1.41361
0.909635 -0.655563
1.47647 -0.00751491
1.2551 -0.178658
1.39203 -0.525269
1.175 0.155203
1.31053 -1.09737
0.247961 -0.77478
0.154808 -0.76783
-0.106933 -1.39697
-0.945819 -2.00343
-0.147284 -0.603497
-0.302658 -1.90166
-0.557784 -0.845235
-0.748668 -2.46652
0.101909 0.0623072
1.61057 -1.39579
-0.561106 -3.67306
1.50805 1.71683
0.843639 -0.952707
0.900189 0.290285
1.23674 -1.80331
-0.886863 -3.56592
1.70596 1.45937
0.805622 -0.593318
1.53022 -0.167289
1.14112 0.0256422
1.35201 -1.04665
0.307635 -0.664544
0.881528 0.373275
1.20325 -1.91028
-1.03391 -3.33429
1.63073 1.41945
0.892795 -0.629799
1.49584 -0.0796192
1.22285 -0.0804722
1.37997 -0.73039
0.947641 0.163787
1.28975 -1.59182
-0.597609 -3.5273
1.34505 1.66816
0.858179 -1.26974
-0.216517 -1.89846
-0.608525 -0.876078
-0.741681 -2.37935
0.01251 -0.100165
1.68363 -0.360052
0.52219 -0.420341
1.6074 -0.45524
0.689339 -0.161209
1.47098 -1.37633
-0.443637 -3.13932
0.706093 1.19456
0.923274 -2.67681
-0.921255 -0.677341
-0.472404 -1.94902
-0.445446 -0.771319
-0.723171 -2.65043
0.281664 0.397785
1.33457 -2.5153
-1.26396 -1.55154
0.177318 -0.201607
1.66474 -0.474699
0.448637 -0.52367
1.53664 0.139455
1.19682 -0.168076
1.40375 -0.67582
0.978265 0.166207
1.28993 -1.53669
-0.534456 -3.36991
1.07498 1.53795
0.838632 -1.88264
-1.11056 -2.85179
1.12336 1.28502
0.929868 -1.71756
-0.874801 -3.42283
1.50714 1.54447
0.905149 -0.884037
1.13435 0.388696
1.22468 -1.3754
-0.322799 -2.42919
-0.11594 -0.000534134
1.70116 -0.359679
0.452804 -0.53745
1.52176 0.18202
1.2143 -0.227869
1.41057 -0.54957
1.11804 0.170407
1.29982 -1.24538
-0.114375 -1.69802
-0.812533 -1.32259
-0.598836 -1.67294
-0.565445 -1.20234
-0.771346 -1.936
-0.324823 -0.82622
-0.747833 -2.75
0.418142 0.606977
1.20029 -2.7805
-1.04269 -0.768896
-0.362169 -1.60315
-0.719885 -1.33286
-0.653235 -1.68973
-0.531165 -1.18362
-0.791915 -1.98586
-0.279279 -0.745199
-0.652464 -2.76449
0.366182 0.581943
1.22883 -2.78807
-1.05448 -0.776882
-0.346724 -1.55976
-0.751903 -1.41606
-0.606257 -1.56814
-0.616941 -1.35801
-0.701141 -1.67346
-0.517012 -1.21076
-0.793991 -1.94816
-0.30389 -0.8031
-0.721554 -2.77778
0.430905 0.642821
1.18296 -2.80899
-1.00806 -0.687537
-0.374323 -1.67513
-0.671516 -1.20609
-0.714021 -1.88442
-0.387511 -0.906138
-0.805847 -2.59286
0.281778 0.345004
1.35812 -2.4121
-1.29739 -1.86725
0.507037 0.410803
1.24572 -2.46316
-1.2516 -1.63661
0.181856 -0.174448
1.66504 -0.620309
0.233346 -0.928813
-0.378654 -2.27681
-0.228015 -0.250351
0.894529 0.470541
1.16596 -1.95925
-1.09436 -3.168
1.52724 1.42173
0.942236 -0.79858
1.30971 0.312872
1.27169 -0.875755
0.889599 0.168908
1.28721 -1.69927
-0.738144 -3.6542
1.64802 1.58299
0.826067 -0.692295
1.45927 0.124936
1.26914 -0.33056
1.39234 -0.272263
1.30432 -0.0915432
1.36487 -0.514976
1.22747 0.129791
1.32183 -0.944405
0.63433 -0.115472
1.46345 -1.48833
-0.544711 -3.52106
1.29133 1.67436
0.845873 -1.39427
-0.46705 -2.86305
0.3821 0.723695
1.17375 -2.94141
-0.883528 -0.389956
-0.246585 -1.47943
-0.847004 -1.63989
-0.4508 -1.23698
-0.820933 -1.9445
-0.289935 -0.800304
-0.713736 -2.78907
0.438681 0.659664
1.17425 -2.81909
-0.993605 -0.656392
-0.376323 -1.69701
-0.657147 -1.16905
-0.728901 -1.94436
-0.341202 -0.816911
-0.744086 -2.7377
0.400046 0.580287
1.21655 -2.76289
-1.06656 -0.824527
-0.344736 -1.53362
-0.766541 -1.46429
-0.57921 -1.49946
-0.662949 -1.46188
-0.637144 -1.51367
-0.627684 -1.43885
-0.66486 -1.5501
-0.596925 -1.38594
-0.701436 -1.63432
-0.537253 -1.26651
-0.770887 -1.84362
-0.384102 -0.964493
-0.831554 -2.50968
0.21181 0.204965
1.4636 -2.03827
-1.20298 -3.05672
1.61783 1.32538
0.93088 -0.604288
1.49715 -0.148635
1.20412 -0.0243389
1.36702 -0.842634
0.768149 0.0284366
1.3606 -1.68046
-0.727193 -3.69095
1.68227 1.57139
0.798094 -0.662443
1.48804 0.0558956
1.24663 -0.206219
1.39819 -0.506975
1.17964 0.146279
1.31387 -1.078
0.295358 -0.678552
0.776857 0.267217
1.25119 -1.98428
-1.11478 -3.17127
1.57198 1.39805
0.934554 -0.707279
1.42852 0.126982
1.2873 -0.410783
1.36677 -0.11319
1.33921 -0.332861
1.34162 -0.12284
1.35312 -0.384137
1.31334 -0.0305374
1.35277 -0.561482
1.20864 0.160625
1.31135 -1.01952
0.459607 -0.375976
1.61943 -0.506266
0.577277 -0.306436
1.57271 -0.947056
-0.0157673 -1.50264
-0.963477 -1.90147
-0.202197 -0.748315
-0.606399 -2.74929
0.321455 0.538803
1.26217 -2.74953
-1.10282 -0.894163
-0.301342 -1.39769
-0.849693 -1.75479
-0.388412 -1.073
-0.856543 -2.31165
0.0316287 -0.151785
1.6638 -0.16748
0.790203 -0.108246
1.42259 -1.42771
-0.465652 -3.20305
0.801737 1.29891
0.882444 -2.4901
-1.04227 -1.06736
-0.419177 -1.59253
-0.695774 -1.33376
-0.666664 -1.69386
-0.522611 -1.17899
-0.796848 -1.99897
-0.267183 -0.723286
-0.620738 -2.73296
0.310857 0.512315
1.27633 -2.71216
-1.13639 -0.994704
-0.254858 -1.24973
-0.905652 -2.11926
-0.0950225 -0.45169
0.401306 -0.225261
1.60637 -0.979052
-0.149956 -1.93848
-0.619624 -0.837745
-0.725229 -2.40673
0.0287302 -0.0567232
1.68775 -0.646744
0.110198 -1.22142
-0.904751 -2.88545
0.776257 1.03489
0.969034 -2.47978
-1.11 -1.23249
-0.301146 -1.26321
-0.884986 -2.03188
-0.181701 -0.621457
-0.393218 -2.17846
-0.303661 -0.406622
-0.0321025 -1.10605
-0.875055 -2.82818
0.654815 0.889751
1.03305 -2.66759
-1.01784 -0.84809
-0.425094 -1.72192
-0.617264 -1.12127
-0.756858 -2.0359
-0.263398 -0.673994
-0.557299 -2.61526
0.152271 0.288839
1.44799 -2.18961
-1.29122 -2.58706
1.28001 1.28024
0.972145 -1.327
-0.26229 -2.09438
-0.430469 -0.537059
-0.481772 -2.33467
-0.140647 -0.176235
1.4245 0.552734
1.20501 -0.707756
1.26049 0.219875
1.29635 -0.936902
0.70303 -0.0211982
1.39698 -1.65268
-0.70292 -3.70319
1.67367 1.59082
0.800382 -0.677693
1.47417 0.100159
1.25919 -0.274023
1.3986 -0.379591
1.25981 0.0363574
1.34733 -0.770843
0.949594 0.178936
1.28356 -1.60396
-0.611508 -3.54826
1.38611 1.67345
0.861932 -1.18035
0.0607965 -1.09988
-0.81687 -2.99047
0.808387 1.1195
0.940077 -2.4336
-1.12009 -1.31112
-0.26812 -1.1616
-0.901194 -2.29201
0.0547179 -0.140384
1.67512 -0.3203
0.601483 -0.30671
1.5648 -0.967411
-0.0308352 -1.5426
-0.942971 -1.77771
-0.300956 -0.967351
-0.839141 -2.62007
0.345364 0.432674
1.29381 -2.57635
-1.22345 -1.35605
-0.0209671 -0.631973
-0.114681 -1.38079
-0.945371 -2.02947
-0.127862 -0.559583
-0.141115 -1.42975
-0.921987 -1.87328
-0.26104 -0.843549
-0.742764 -2.80642
0.48404 0.712889
1.13996 -2.81863
-0.969581 -0.622929
-0.386272 -1.74346
-0.622961 -1.09076
-0.756485 -2.07824
-0.232521 -0.606972
-0.428024 -2.2687
-0.216161 -0.270998
0.838074 0.41297
1.18785 -2.02304
-1.15321 -2.99886
1.43013 1.39516
0.959808 -0.996096
0.820799 0.192942
1.2797 -1.83544
-0.932359 -3.53902
1.73108 1.41118
0.784806 -0.567313
1.54304 -0.240868
1.07752 0.0641185
1.33554 -1.22865
-0.115432 -1.71329
-0.802353 -1.29048
-0.614496 -1.71878
-0.532571 -1.13679
-0.797492 -2.0637
-0.219866 -0.619847
-0.436505 -2.3004
-0.186303 -0.222492
1.14921 0.625459
1.14712 -1.46636
-0.446927 -2.9387
0.46071 0.854852
1.09989 -2.9643
-0.800788 -0.266544
-0.0763352 -1.09093
-0.879433 -2.77468
0.587978 0.792069
1.08162 -2.72893
-1.00331 -0.763149
-0.416486 -1.7464
-0.606151 -1.08276
-0.765562 -2.10099
-0.210376 -0.568545
-0.322284 -1.94337
-0.517116 -0.774504
-0.722329 -2.57109
0.193493 0.245888
1.45012 -2.1246
-1.25961 -2.79425
1.44106 1.33548
0.979478 -0.953082
0.956011 0.299886
1.23514 -1.70492
-0.744131 -3.62813
1.62147 1.5909
0.843119 -0.723426
1.42428 0.198486
1.27959 -0.480248
1.35006 -0.0216898
1.33971 -0.47569
1.28752 0.0609908
1.33867 -0.724262
1.04253 0.216497
1.27488 -1.45402
-0.440639 -2.98759
0.515953 0.939078
1.05257 -2.93622
-0.78711 -0.272418
-0.0951375 -1.14068
-0.913682 -2.63822
0.455133 0.569077
1.20097 -2.70383
-1.10124 -0.950904
-0.316496 -1.41181
-0.836495 -1.71365
-0.419807 -1.13748
-0.84755 -2.15576
-0.113724 -0.439866
0.389769 -0.242941
1.61694 -0.889622
-0.0397602 -1.59145
-0.917978 -1.64811
-0.393172 -1.1798
-0.855928 -2.1013
-0.151275 -0.527309
-0.0907282 -1.28839
-0.95718 -2.29805
0.124086 -0.0458597
1.65298 -1.01914
-0.289967 -2.52273
-0.0420992 0.154062
1.64075 -1.37196
-0.56739 -3.70991
1.5606 1.70885
0.832176 -0.862789
1.16188 0.411017
1.22186 -1.32218
-0.225862 -2.04757
-0.487641 -0.620493
-0.60032 -2.55404
0.109145 0.182871
1.53347 -1.82546
-1.01378 -3.56402
1.86221 1.19902
0.541506 -0.705979
1.28067 0.468562
1.22339 -1.05043
0.513155 -0.265916
1.57971 -1.00969
-0.136267 -1.87859
-0.674116 -0.954681
-0.726653 -2.22543
-0.132169 -0.371277
0.655294 0.17943
1.30933 -2.01662
-1.14951 -3.11043
1.56661 1.37981
0.942701 -0.709169
1.4245 0.131017
1.28884 -0.424692
1.36161 -0.0894338
1.341 -0.372445
1.32968 -0.0671693
1.353 -0.478614
1.26876 0.0811956
1.33517 -0.792835
0.935269 0.175989
1.28439 -1.62721
-0.640728 -3.59067
1.47019 1.67165
0.864762 -1.00484
0.734293 0.118724
1.32304 -1.85116
-0.958315 -3.52848
1.75254 1.37509
0.760122 -0.55692
1.55021 -0.260208
1.04884 0.0680676
1.33256 -1.29262
-0.238029 -2.1356
-0.409272 -0.473303
-0.362964 -1.99868
-0.456484 -0.68477
-0.654937 -2.63619
0.222674 0.342162
1.38611 -2.37838
-1.30806 -1.98121
0.650115 0.632835
1.12433 -2.51615
-1.17763 -1.35315
-0.139638 -0.878043
-0.714142 -2.89588
0.574373 0.863509
1.06063 -2.79586
-0.928832 -0.58561
-0.407258 -1.82733
-0.557809 -0.95458
-0.779979 -2.33006
-0.00924414 -0.172127
1.62155 0.10346
1.05031 -0.0479696
1.37677 -1.14928
0.0048209 -1.37456
-0.985431 -2.27113
0.134343 -0.04636
1.64857 -1.04711
-0.311022 -2.6179
0.058655 0.309311
1.48735 -2.11991
-1.26778 -2.79676
1.46739 1.3301
0.98073 -0.891927
1.11684 0.364175
1.23035 -1.40113
-0.363415 -2.60844
0.069646 0.289071
1.49276 -2.07876
-1.24355 -2.92187
1.55379 1.32826
0.964017 -0.712096
1.41522 0.137755
1.29226 -0.454803
1.3484 -0.0387857
1.34246 -0.461739
1.29167 0.0481108
1.3412 -0.700584
1.07222 0.218721
1.27714 -1.3915
-0.362802 -2.62984
0.090644 0.324868
1.46111 -2.20879
-1.30175 -2.52309
1.23666 1.25354
0.969525 -1.42917
-0.444931 -2.8344
0.339669 0.672177
1.20812 -2.91905
-0.92975 -0.469057
-0.299383 -1.5831
-0.765758 -1.39867
-0.604276 -1.58876
-0.607556 -1.3273
-0.716414 -1.72256
-0.4828 -1.1413
-0.820189 -2.09272
-0.183409 -0.562959
-0.264572 -1.7737
-0.668838 -1.07341
-0.732967 -2.07447
-0.24756 -0.616004
-0.459255 -2.35817
-0.128301 -0.134507
1.54643 0.375244
1.18106 -0.299906
1.42931 -0.507619
1.12107 0.154995
1.30565 -1.22424
-0.0722728 -1.57142
-0.907418 -1.64685
-0.402545 -1.19057
-0.850806 -2.0714
-0.178332 -0.581086
-0.300892 -1.88671
-0.569553 -0.870217
-0.754072 -2.42666
0.0657653 -0.00885564
1.66423 -1.00193
-0.291042 -2.53579
-0.0292081 0.175373
1.62083 -1.49247
-0.671292 -3.82028
1.78216 1.53047
0.669274 -0.671686
1.45795 0.224509
1.26007 -0.411833
1.38702 -0.162758
1.32478 -0.228099
1.36443 -0.293509
1.32714 -0.122251
1.35978 -0.420949
1.29065 0.0248637
1.34658 -0.679482
1.09096 0.21581
1.28034 -1.34719
-0.297402 -2.34815
-0.199215 -0.12895
1.43665 0.556622
1.20238 -0.677285
1.29535 0.181195
1.30767 -0.813381
0.950833 0.195586
1.27678 -1.61852
-0.628849 -3.57077
1.43245 1.67391
0.864813 -1.08187
0.437984 -0.314692
1.61958 -0.708323
0.257383 -0.857744
-0.137342 -1.50471
-0.897977 -1.70867
-0.37829 -1.11069
-0.863088 -2.25161
-0.0184067 -0.256663
1.45385 0.488173
1.21459 -0.59463
1.35003 0.0685816
1.32572 -0.566414
1.24456 0.145832
1.31756 -0.915461
0.713358 -0.0154303
1.39188 -1.65586
-0.705081 -3.70124
1.67336 1.58969
0.801053 -0.677246
1.4746 0.0983361
1.25889 -0.271535
1.39866 -0.383962
1.25766 0.0408739
1.34634 -0.780998
0.933718 0.170579
1.2866 -1.62433
-0.637329 -3.58772
1.46308 1.67298
0.864711 -1.01938
0.680074 0.051654
1.36563 -1.79578
-0.890846 -3.62839
1.78337 1.3868
0.701696 -0.59284
1.53986 -0.0815247
1.15462 -0.0157287
1.36571 -0.968628
0.478884 -0.359275
1.61519 -0.614064
0.43014 -0.530253
1.51553 0.21104
1.21967 -0.261909
1.41311 -0.48601
1.17028 0.140194
1.31516 -1.09499
0.246737 -0.778588
0.134181 -0.813529
-0.292866 -1.95275
-0.525156 -0.763185
-0.714549 -2.5684
0.185565 0.237214
1.45907 -2.09323
-1.24249 -2.89043
1.51293 1.33948
0.972046 -0.797115
1.30531 0.303414
1.27421 -0.880957
0.873934 0.156064
1.29309 -1.71047
-0.75463 -3.65838
1.67003 1.56196
0.813439 -0.664192
1.48579 0.0507008
1.24868 -0.206961
1.39762 -0.501142
1.18533 0.142049
1.31568 -1.06027
0.340653 -0.590496
1.25476 0.526855
1.2012 -1.14974
0.2372 -0.769818
0.139821 -0.799284
-0.242699 -1.79338
-0.66825 -1.04844
-0.734173 -2.10912
-0.220922 -0.56075
-0.320438 -1.93422
-0.524796 -0.789492
-0.729836 -2.55277
0.178881 0.214904
1.47531 -2.02546
-1.19643 -3.09025
1.64291 1.3147
0.91426 -0.567091
1.51351 -0.257535
1.13054 0.0631631
1.33878 -1.11139
0.162654 -0.969502
-0.54774 -2.80933
0.359253 0.636757
1.21229 -2.86215
-0.982869 -0.595954
-0.349943 -1.65619
-0.695835 -1.24536
-0.691438 -1.81942
-0.438538 -0.999901
-0.829425 -2.38382
0.0787366 -0.0400945
1.66975 -0.902765
-0.191718 -2.12457
-0.443791 -0.501027
-0.436375 -2.20119
-0.268637 -0.378136
0.165342 -0.657835
0.394176 -0.277501
1.62489 -0.762936
0.145976 -1.10636
-0.753323 -3.07537
0.856998 1.2091
0.911619 -2.34452
-1.15134 -1.51295
-0.141893 -0.829604
-0.660051 -2.85993
0.486707 0.76513
1.12105 -2.85956
-0.918676 -0.512611
-0.356704 -1.72619
-0.649145 -1.12476
-0.739492 -2.013
-0.288762 -0.711632
-0.620167 -2.71851
0.294208 0.48534
1.29347 -2.67147
-1.17091 -1.10779
-0.187244 -1.05746
-0.880248 -2.64039
0.415565 0.524483
1.23145 -2.68059
-1.13429 -1.03583
-0.26373 -1.25579
-0.901601 -2.09416
-0.11913 -0.499889
0.10218 -0.822803
-0.373587 -2.21419
-0.282343 -0.348195
0.254327 -0.472077
1.41674 0.45046
1.23095 -0.672485
1.26935 0.192788
1.30454 -0.891652
0.794405 0.0757148
1.33486 -1.72096
-0.776696 -3.67785
1.7163 1.51896
0.774766 -0.624693
1.51746 -0.045798
1.19948 -0.0700858
1.3798 -0.799002
0.825992 0.078774
1.33021 -1.68472
-0.724988 -3.67426
1.65965 1.58505
0.815407 -0.683859
1.46797 0.107654
1.26382 -0.295048
1.39661 -0.337765
1.27986 -0.0107245
1.35605 -0.669424
1.08644 0.210758
1.28169 -1.35294
-0.307323 -2.39001
-0.157695 -0.0623553
1.63175 0.148353
1.04028 -0.0621785
1.38218 -1.14953
-0.00473086 -1.40245
-0.983385 -2.17845
0.0422667 -0.229072
1.59353 0.178395
1.1189 -0.102883
1.3943 -0.937065
0.488444 -0.352254
1.6121 -0.659894
0.366345 -0.641539
1.14285 0.519043
1.18148 -1.43077
-0.399229 -2.74415
0.222255 0.516008
1.31223 -2.72405
-1.14612 -0.990794
-0.233555 -1.20124
-0.913849 -2.25711
0.0345117 -0.190332
1.63381 0.019297
0.992505 -0.0255908
1.3684 -1.28618
-0.257917 -2.22792
-0.32161 -0.321763
0.25739 -0.459428
1.45062 0.406932
1.23263 -0.555377
1.35708 0.0271356
1.33042 -0.507363
1.2805 0.0864896
1.33305 -0.767436
0.984273 0.201355
1.27611 -1.55975
-0.558341 -3.42993
1.17704 1.60202
0.842646 -1.64768
-0.833742 -3.41184
1.43798 1.5653
0.902953 -1.03261
0.664495 0.0238533
1.38315 -1.75783
-0.842858 -3.67514
1.78278 1.41855
0.695686 -0.609052
1.5288 -0.0174458
1.18855 -0.0724984
1.38131 -0.821669
0.777635 0.0329528
1.35707 -1.67738
-0.721924 -3.68783
1.67329 1.57966
0.80445 -0.67178
1.47962 0.0795832
1.25488 -0.244498
1.39896 -0.432915
1.23082 0.0882748
1.33419 -0.896617
0.722775 -0.00978367
1.38714 -1.65874
-0.707054 -3.69941
1.67302 1.5887
0.801723 -0.676903
1.47492 0.0968268
1.25866 -0.269549
1.3987 -0.387422
1.25595 0.0444062
1.34554 -0.789012
0.920894 0.163223
1.28951 -1.63933
-0.656982 -3.61154
1.5132 1.66307
0.862224 -0.920452
1.01718 0.364185
1.21598 -1.62809
-0.63924 -3.55012
1.41422 1.66505
0.867227 -1.11702
0.303251 -0.564433
1.25466 0.535506
1.19847 -1.15438
0.225479 -0.794106
0.00201459 -1.1238
-0.874772 -2.8593
0.697414 0.948094
1.00607 -2.61193
-1.04205 -0.94732
-0.411481 -1.63761
-0.674427 -1.26039
-0.699798 -1.80476
-0.44346 -1.02191
-0.832005 -2.34074
0.0388613 -0.118846
1.68045 -0.368695
0.524279 -0.415372
1.60744 -0.478954
0.658283 -0.196675
1.49745 -1.2962
-0.385277 -2.87198
0.356045 0.736324
1.18012 -2.97864
-0.853081 -0.317974
-0.152845 -1.25914
-0.939593 -2.25565
0.0612652 -0.156604
1.66958 -0.26244
0.683743 -0.207234
1.49508 -1.26983
-0.35539 -2.72353
0.183256 0.483207
1.34213 -2.65274
-1.20301 -1.18574
-0.105178 -0.853876
-0.660806 -2.88293
0.516044 0.80858
1.09658 -2.85169
-0.906562 -0.503278
-0.360227 -1.74351
-0.636247 -1.09517
-0.749206 -2.06358
-0.247261 -0.631416
-0.483439 -2.42993
-0.0556429 -0.0219948
1.69876 -0.494596
0.28676 -0.835502
0.0274989 -1.07169
-0.810233 -2.97412
0.777339 1.08497
0.952496 -2.49257
-1.09074 -1.17271
-0.341197 -1.37442
-0.837132 -1.76684
-0.389977 -1.06079
-0.854476 -2.33263
0.04991 -0.114405
1.68208 -0.435417
0.433235 -0.558512
1.47363 0.303464
1.241 -0.427849
1.3967 -0.172173
1.31621 -0.195394
1.36913 -0.35647
1.30543 -0.0363858
1.35583 -0.575431
1.19124 0.172697
1.30613 -1.0733
0.321655 -0.624595
1.08917 0.511082
1.1738 -1.55663
-0.553099 -3.35164
1.06422 1.51909
0.842239 -1.90538
-1.12576 -2.78624
1.06667 1.232
0.933056 -1.8475
-1.04182 -3.14817
1.39778 1.45072
0.939111 -1.08641
0.489899 -0.241399
1.57833 -1.06199
-0.20991 -2.14239
-0.418689 -0.467193
-0.359648 -1.98512
-0.468145 -0.706098
-0.674715 -2.63569
0.233655 0.347717
1.37839 -2.39685
-1.30455 -1.92188
0.581905 0.52913
1.17821 -2.5228
-1.2001 -1.39786
-0.0719513 -0.724807
-0.441986 -2.37892
-0.116263 -0.098143
1.62188 0.162771
1.06417 -0.0713387
1.38521 -1.09112
0.12816 -1.06342
-0.715272 -3.05835
0.794726 1.15578
0.928657 -2.47338
-1.08739 -1.18551
-0.345259 -1.37729
-0.834038 -1.75802
-0.396986 -1.07473
-0.853993 -2.29833
0.016877 -0.17892
1.63366 0.0326143
0.998363 -0.0282171
1.3694 -1.27225
-0.235504 -2.14145
-0.405741 -0.464139
-0.341833 -1.93655
-0.512478 -0.783785
-0.728356 -2.57045
0.196821 0.247659
1.44743 -2.13269
-1.26353 -2.76919
1.42117 1.33226
0.979732 -0.998053
0.818226 0.185919
1.28295 -1.83105
-0.926423 -3.54785
1.73385 1.41246
0.780355 -0.568614
1.54339 -0.234093
1.08073 0.0618798
1.33655 -1.21938
-0.0964942 -1.65463
-0.849892 -1.43244
-0.537462 -1.51364
-0.676936 -1.44303
-0.637521 -1.53996
-0.615309 -1.40027
-0.686511 -1.60952
-0.557244 -1.30131
-0.750738 -1.77846
-0.433678 -1.06104
-0.84023 -2.28244
-0.00918845 -0.219844
1.54894 0.324681
1.18227 -0.26392
1.42438 -0.563826
1.07487 0.169782
1.29576 -1.34145
-0.295985 -2.34923
-0.198861 -0.127141
1.44235 0.550899
1.20279 -0.659139
1.31188 0.156392
1.31316 -0.748238
1.05288 0.230448
1.27062 -1.44404
-0.428062 -2.9272
0.438312 0.83338
1.11537 -2.97791
-0.800563 -0.254741
-0.0483858 -1.02448
-0.810406 -2.9198
0.701711 0.987738
0.992132 -2.61917
-1.0261 -0.910314
-0.427801 -1.69501
-0.632383 -1.16423
-0.743167 -1.96312
-0.321449 -0.787951
-0.713712 -2.76437
0.408487 0.612062
1.20204 -2.79459
-1.03249 -0.738139
-0.364248 -1.62316
-0.707434 -1.29745
-0.671013 -1.74243
-0.493367 -1.10938
-0.817491 -2.14008
-0.147995 -0.485022
0.0755769 -0.878404
-0.512555 -2.66649
0.186347 0.378207
1.38608 -2.43461
-1.30102 -1.81021
0.47513 0.351974
1.28059 -2.40116
-1.27812 -1.85279
0.42325 0.280005
1.33103 -2.30103
-1.29452 -2.20293
0.827885 0.88764
1.01649 -2.31746
-1.21039 -1.77797
0.14962 -0.198081
1.66579 -0.392268
0.552546 -0.366281
1.59736 -0.712251
0.329821 -0.703775
0.778528 0.263638
1.25256 -1.97789
-1.10819 -3.19057
1.58343 1.39768
0.929262 -0.687984
1.44722 0.078586
1.28028 -0.321657
1.38645 -0.261944
1.31253 -0.115202
1.365 -0.465998
1.26008 0.0820756
1.33537 -0.816079
0.891139 0.147332
1.29642 -1.67241
-0.702044 -3.64806
1.60416 1.62125
0.843295 -0.759471
1.3751 0.283127
1.27611 -0.677208
1.20736 0.2178
1.29296 -1.07131
0.349423 -0.567828
1.3384 0.490662
1.22302 -0.907781
0.894579 0.188507
1.27884 -1.71221
-0.755687 -3.65105
1.6621 1.56562
0.819676 -0.671653
1.47902 0.0690845
1.2554 -0.237283
1.39823 -0.442191
1.22624 0.0958067
1.33195 -0.915447
0.683572 -0.055482
1.41887 -1.5996
-0.645094 -3.67433
1.58345 1.65974
0.840424 -0.805945
1.29385 0.36706
1.25526 -0.954562
0.730976 0.0233305
1.36929 -1.70791
-0.767859 -3.69709
1.73009 1.51397
0.757557 -0.623398
1.51924 -0.0355594
1.19896 -0.0746964
1.38106 -0.794507
0.83164 0.0831843
1.32772 -1.68302
-0.722097 -3.6722
1.65425 1.58945
0.818657 -0.690432
1.46137 0.124405
1.26772 -0.324918
1.39352 -0.283907
1.30021 -0.0760383
1.36381 -0.543612
1.20647 0.153194
1.31356 -1.01832
0.458676 -0.378138
1.61948 -0.495274
0.592431 -0.285987
1.55977 -1.02463
-0.115817 -1.80152
-0.743537 -1.11553
-0.685731 -1.97319
-0.341889 -0.771822
-0.705598 -2.74785
0.382554 0.575506
1.22486 -2.76917
-1.06675 -0.817207
-0.341885 -1.52965
-0.770112 -1.47303
-0.573609 -1.48685
-0.671467 -1.4816
-0.624382 -1.48468
-0.647075 -1.48202
-0.636748 -1.48506
-0.640667 -1.48097
-0.640463 -1.48685
-0.638004 -1.47821
-0.643014 -1.49103
-0.634875 -1.47199
-0.647289 -1.50036
-0.628576 -1.4582
-0.656367 -1.52119
-0.614604 -1.42773
-0.676079 -1.56806
-0.582763 -1.36032
-0.718099 -1.67699
-0.50666 -1.20632
-0.799933 -1.96202
-0.29098 -0.780099
-0.694536 -2.78471
0.418899 0.640078
1.1883 -2.81734
-1.00469 -0.673774
-0.371318 -1.67414
-0.673692 -1.20852
-0.712298 -1.88006
-0.391103 -0.9125
-0.808709 -2.57947
0.269064 0.321136
1.37498 -2.35781
-1.30632 -2.0416
0.701882 0.71049
1.08756 -2.48179
-1.17691 -1.40087
-0.12743 -0.837714
-0.658747 -2.86736
0.495051 0.778452
1.1137 -2.85891
-0.913517 -0.506191
-0.35595 -1.72837
-0.64816 -1.1213
-0.740412 -2.01857
-0.284349 -0.702921
-0.607397 -2.70151
0.268337 0.450873
1.31797 -2.61181
-1.21533 -1.27764
-0.0608094 -0.73472
-0.445111 -2.39362
-0.102096 -0.0749651
1.65959 -0.015167
0.905932 -0.0523774
1.38303 -1.3872
-0.404298 -2.88647
0.380679 0.76167
1.16172 -2.98115
-0.835988 -0.295116
-0.119883 -1.1846
-0.932245 -2.49151
0.301723 0.299749
1.37083 -2.32637
-1.30499 -2.13935
0.798054 0.84279
1.03244 -2.3627
-1.20269 -1.66585
0.055916 -0.399693
1.18166 0.587754
1.16673 -1.36768
-0.299426 -2.30796
-0.233656 -0.193394
1.12682 0.626443
1.1419 -1.52232
-0.515737 -3.21294
0.847202 1.32364
0.874815 -2.3905
-1.10413 -1.31767
-0.294489 -1.21318
-0.893075 -2.14564
-0.0845631 -0.418401
0.602536 0.0979339
1.36173 -1.92255
-1.05673 -3.38345
1.72674 1.33718
0.810288 -0.528396
1.54592 -0.375697
0.969499 0.0748704
1.32708 -1.45311
-0.45326 -3.07914
0.635182 1.09673
0.96757 -2.79249
-0.852357 -0.477174
-0.381715 -1.83312
-0.566122 -0.946515
-0.775201 -2.33337
-0.00933575 -0.168523
1.62577 0.0858459
1.03586 -0.0411627
1.37425 -1.18596
-0.0734169 -1.59719
-0.894742 -1.58695
-0.441146 -1.2825
-0.814839 -1.86796
-0.343593 -0.919186
-0.813921 -2.63274
0.3356 0.431747
1.29806 -2.5765
-1.22507 -1.35868
-0.0156662 -0.620507
-0.0602548 -1.23659
-0.951298 -2.48599
0.320917 0.321464
1.35227 -2.37566
-1.29999 -1.9767
0.614257 0.584017
1.14984 -2.53055
-1.18271 -1.34432
-0.130021 -0.86071
-0.687884 -2.89052
0.546037 0.8372
1.07762 -2.82557
-0.915397 -0.539329
-0.384377 -1.79123
-0.592893 -1.01353
-0.77182 -2.21389
-0.116539 -0.379162
0.674775 0.203398
1.29425 -2.03221
-1.16232 -3.05579
1.52538 1.38372
0.955073 -0.78801
1.32379 0.29287
1.27733 -0.823697
0.98548 0.224575
1.26693 -1.57927
-0.580005 -3.477
1.26044 1.64035
0.850475 -1.45748
-0.552484 -3.16588
0.809293 1.26004
0.894745 -2.46476
-1.06951 -1.15291
-0.376209 -1.45803
-0.785504 -1.58525
-0.515714 -1.3303
-0.762851 -1.74582
-0.445841 -1.10726
-0.837618 -2.18632
-0.0957177 -0.393572
0.682196 0.210136
1.28976 -2.03379
-1.16336 -3.04846
1.51834 1.38453
0.956444 -0.80235
1.30076 0.314601
1.27087 -0.900964
0.834817 0.124319
1.309 -1.73195
-0.787415 -3.66221
1.70879 1.51782
0.784691 -0.624574
1.51677 -0.0536801
1.19884 -0.0654303
1.37861 -0.806237
0.814749 0.0692282
1.33564 -1.68636
-0.728499 -3.67793
1.66765 1.5788
0.810156 -0.67484
1.47664 0.0847361
1.25743 -0.255621
1.39862 -0.410796
1.24402 0.0672607
1.33998 -0.842503
0.828569 0.0956136
1.32236 -1.70375
-0.749783 -3.67347
1.68353 1.55708
0.801412 -0.65397
1.49482 0.0274917
1.23809 -0.168746
1.3952 -0.579149
1.1176 0.18146
1.29581 -1.25636
-0.134779 -1.76155
-0.7581 -1.17712
-0.668033 -1.88593
-0.407563 -0.899888
-0.801209 -2.5758
0.258316 0.307255
1.38659 -2.32259
-1.30832 -2.15628
0.829312 0.880295
1.01896 -2.31159
-1.2129 -1.80037
0.172773 -0.15113
1.66485 -0.69941
0.111585 -1.20692
-0.891103 -2.91653
0.800729 1.07217
0.955708 -2.43762
-1.12739 -1.3257
-0.251268 -1.1208
-0.899141 -2.40455
0.166056 0.0752279
1.56634 -1.58304
-0.725411 -3.80538
1.8129 1.46333
0.625126 -0.684384
1.41456 0.323272
1.2598 -0.598013
1.30228 0.121932
1.32247 -0.743263
1.04378 0.224458
1.27196 -1.45842
-0.4451 -3.006
0.540474 0.971294
1.03403 -2.91319
-0.793537 -0.299332
-0.151492 -1.27769
-0.940456 -2.21407
0.0231696 -0.234123
1.56497 0.272038
1.16598 -0.200263
1.41603 -0.697347
0.916679 0.130372
1.30338 -1.61015
-0.622016 -3.57651
1.4339 1.67784
0.863439 -1.0803
0.442531 -0.306589
1.61671 -0.749428
0.197018 -0.986198
-0.531794 -2.78067
0.318842 0.582757
1.24737 -2.81434
-1.04498 -0.732309
-0.341952 -1.56753
-0.750389 -1.4044
-0.611387 -1.58441
-0.606356 -1.33406
-0.71483 -1.71242
-0.489182 -1.15574
-0.815858 -2.0623
-0.209364 -0.614974
-0.415676 -2.2393
-0.245242 -0.315015
0.526066 0.00622102
1.43414 -1.75729
-0.863518 -3.68728
1.8183 1.36469
0.632852 -0.64378
1.48051 0.191781
1.24935 -0.330376
1.40312 -0.314557
1.28007 -0.0248018
1.35901 -0.653375
1.10132 0.207821
1.28445 -1.31683
-0.247231 -2.151
-0.391729 -0.447009
-0.290789 -1.78923
-0.643406 -1.03665
-0.747529 -2.14265
-0.188027 -0.504502
-0.102144 -1.31066
-0.955374 -2.22188
0.0477292 -0.195966
1.63668 -0.00527504
0.97431 -0.0236809
1.36788 -1.32044
-0.310357 -2.44431
-0.107103 0.0249981
1.70668 -0.534077
0.201092 -1.01952
-0.576809 -2.90291
0.486135 0.813561
1.10477 -2.89823
-0.869447 -0.411515
-0.289485 -1.59448
-0.765149 -1.38348
-0.60992 -1.60945
-0.594277 -1.29697
-0.73282 -1.77334
-0.44584 -1.06875
-0.836448 -2.25584
-0.0362435 -0.271015
1.37742 0.563704
1.20437 -0.840223
1.06236 0.278292
1.25371 -1.46316
-0.447331 -3.00452
0.539798 0.968999
1.035 -2.91313
-0.794475 -0.3006
-0.153719 -1.28293
-0.939746 -2.19786
0.00754659 -0.265517
1.47944 0.446368
1.2144 -0.503612
1.39455 -0.0871756
1.32135 -0.293097
1.36232 -0.213948
1.33996 -0.224839
1.35498 -0.262561
1.34055 -0.18089
1.3556 -0.316509
1.3304 -0.111252
1.35742 -0.425868
1.29123 0.0271084
1.346 -0.680307
1.09094 0.216133
1.28022 -1.34749
-0.297844 -2.34992
-0.197456 -0.126132
1.44787 0.544844
1.20315 -0.641293
1.32673 0.130388
1.31774 -0.685692
1.13363 0.225767
1.28185 -1.25731
-0.12464 -1.72451
-0.789115 -1.25909
-0.631155 -1.7652
-0.498162 -1.07127
-0.815844 -2.20149
-0.0985705 -0.380615
0.734663 0.277478
1.2516 -2.05498
-1.17902 -2.95665
1.43595 1.38127
0.964545 -0.978672
0.87767 0.244362
1.25554 -1.79933
-0.880658 -3.58114
1.71666 1.45499
0.793023 -0.589612
1.53374 -0.172611
1.13208 0.0311624
1.34986 -1.07319
0.242324 -0.797381
0.0414438 -1.02941
-0.751732 -3.01342
0.768214 1.10413
0.946765 -2.51794
-1.06921 -1.09778
-0.37973 -1.49221
-0.767943 -1.52152
-0.554653 -1.42088
-0.709377 -1.58713
-0.556648 -1.33358
-0.740781 -1.72641
-0.468312 -1.13604
-0.827052 -2.11399
-0.1622 -0.52395
-0.105886 -1.32631
-0.95408 -2.17679
0.00474819 -0.28287
1.43124 0.507079
1.21518 -0.665413
1.29352 0.173985
1.30965 -0.812172
0.949401 0.194036
1.27736 -1.61965
-0.630339 -3.57317
1.43706 1.6738
0.864923 -1.0723
0.475743 -0.250651
1.58757 -1.01146
-0.156074 -1.95041
-0.606417 -0.813227
-0.720709 -2.44285
0.0609706 0.00705698
1.66002 -1.05721
-0.33685 -2.75341
0.207167 0.534809
1.31178 -2.75572
-1.12434 -0.914826
-0.264362 -1.30052
-0.894778 -1.99658
-0.199646 -0.671397
-0.499166 -2.49793
0.0132281 0.0889151
1.6453 -1.26317
-0.481264 -3.45999
1.15845 1.63026
0.828835 -1.69861
-0.916794 -3.32296
1.42972 1.52073
0.917963 -1.03592
0.663186 0.0191443
1.38585 -1.75016
-0.832975 -3.68252
1.78058 1.42723
0.697834 -0.610947
1.52752 -0.0135696
1.19118 -0.0772102
1.38239 -0.809646
0.799095 0.0533718
1.34469 -1.68329
-0.726536 -3.68231
1.67108 1.57812
0.807107 -0.672273
1.47909 0.0791913
1.25535 -0.245404
1.39884 -0.430514
1.23244 0.0859645
1.33486 -0.890266
0.735855 0.00471616
1.37749 -1.67279
-0.722347 -3.69893
1.68721 1.57138
0.792871 -0.660236
1.49008 0.0529995
1.24448 -0.19939
1.39799 -0.521629
1.16764 0.155387
1.30984 -1.11527
0.20029 -0.877061
-0.320763 -2.06522
-0.425001 -0.579668
-0.535014 -2.47163
0.00199362 0.041071
1.67303 -1.01997
-0.321964 -2.68992
0.135381 0.428656
1.38721 -2.51058
-1.28203 -1.58923
0.259431 -0.0458448
1.58577 -1.35144
-0.501503 -3.48235
1.20416 1.64976
0.833761 -1.59334
-0.759657 -3.4308
1.3744 1.59195
0.888775 -1.1808
0.0909684 -1.03178
-0.710273 -3.03508
0.757801 1.113
0.944589 -2.54307
-1.04932 -1.03036
-0.408567 -1.5887
-0.703342 -1.34287
-0.659486 -1.67934
-0.533911 -1.19924
-0.787814 -1.95795
-0.300851 -0.789512
-0.707747 -2.78027
0.423306 0.639097
1.18703 -2.81216
-1.00816 -0.68424
-0.372359 -1.67154
-0.674712 -1.21263
-0.710862 -1.87373
-0.395797 -0.92177
-0.812576 -2.56028
0.250823 0.286763
1.40029 -2.27257
-1.30507 -2.31936
1.0021 1.0746
0.970079 -1.97207
-1.14369 -2.83612
1.18243 1.30893
0.937674 -1.5756
-0.660013 -3.42713
1.26389 1.60022
0.86467 -1.43933
-0.518212 -3.06425
0.653483 1.0837
0.968195 -2.75146
-0.891899 -0.569098
-0.431408 -1.91177
-0.488952 -0.823582
-0.753491 -2.56542
0.208938 0.252065
1.43885 -2.15611
-1.27378 -2.69591
1.36024 1.31689
0.977448 -1.13874
0.318894 -0.555149
1.31595 0.511243
1.21508 -0.979275
0.726145 0.0289557
1.36743 -1.72136
-0.786117 -3.69263
1.74339 1.49178
0.744383 -0.615457
1.52495 -0.049754
1.1875 -0.0557496
1.37674 -0.844769
0.74083 -0.00378491
1.38073 -1.65422
-0.698687 -3.69233
1.65631 1.60229
0.812531 -0.695685
1.45595 0.143482
1.2699 -0.353956
1.38972 -0.234637
1.31441 -0.139985
1.36671 -0.431048
1.27707 0.0464455
1.34327 -0.736827
1.01426 0.207502
1.27583 -1.50511
-0.497676 -3.23156
0.860049 1.34786
0.867624 -2.36517
-1.11442 -1.37479
-0.261641 -1.12227
-0.897375 -2.38539
0.144095 0.0351647
1.60239 -1.3953
-0.553438 -3.64933
1.47069 1.71988
0.847265 -1.023
0.647689 0.0122007
1.39327 -1.74575
-0.829518 -3.68831
1.78347 1.42648
0.69255 -0.614268
1.5246 0.00465564
1.19851 -0.094918
1.38634 -0.770091
0.864656 0.107911
1.31448 -1.66733
-0.698063 -3.65582
1.61009 1.6216
0.839678 -0.752278
1.38556 0.269634
1.27743 -0.638904
1.24579 0.184227
1.30623 -0.945683
0.662292 -0.0744068
1.43408 -1.57068
-0.618017 -3.65046
1.52812 1.68387
0.851369 -0.903324
1.06145 0.386227
1.21373 -1.54499
-0.537615 -3.33051
1.02304 1.4912
0.842599 -2.00058
-1.17249 -2.46822
0.752908 0.864024
1.02809 -2.46469
-1.15432 -1.36384
-0.188122 -0.975464
-0.828302 -2.77677
0.529515 0.733403
1.11833 -2.77544
-0.991004 -0.697527
-0.402841 -1.74665
-0.61267 -1.08355
-0.762211 -2.09554
-0.216382 -0.578094
-0.351963 -2.03465
-0.43425 -0.627973
-0.594051 -2.58242
0.135043 0.232836
1.4888 -2.01599
-1.19349 -3.11186
1.66176 1.30387
0.89967 -0.542133
1.52221 -0.332481
1.06442 0.0926244
1.32405 -1.28697
-0.220797 -2.0678
-0.474152 -0.588124
-0.563255 -2.50082
0.040872 0.0890829
1.62993 -1.34164
-0.530376 -3.61295
1.40358 1.72188
0.846315 -1.15939
0.115657 -0.964462
-0.594102 -2.89853
0.491162 0.810745
1.10401 -2.88906
-0.877543 -0.430368
-0.306898 -1.63353
-0.732991 -1.30278
-0.654584 -1.7279
-0.509216 -1.12853
-0.809196 -2.09449
-0.189237 -0.565048
-0.280004 -1.81902
-0.628969 -0.989302
-0.752892 -2.21894
-0.123334 -0.37643
0.662853 0.188392
1.30356 -2.02271
-1.15458 -3.08946
1.55107 1.38176
0.948076 -0.738017
1.39247 0.197356
1.29057 -0.564767
1.29125 0.110684
1.32615 -0.762071
1.00662 0.212806
1.27314 -1.52568
-0.519837 -3.31073
0.982681 1.46303
0.844318 -2.09345
-1.18771 -2.15993
0.427232 0.356163
1.29524 -2.4292
-1.2768 -1.77839
0.360712 0.164672
1.41424 -2.05951
-1.20549 -3.00246
1.55814 1.34973
0.955639 -0.712411
1.41757 0.138384
1.29114 -0.449137
1.35153 -0.0490075
1.34234 -0.442611
1.30132 0.0246969
1.34489 -0.651537
1.12923 0.210849
1.28661 -1.25509
-0.123806 -1.72342
-0.790362 -1.26204
-0.629626 -1.76083
-0.501416 -1.07742
-0.81455 -2.18819
-0.110632 -0.404369
0.573335 0.0586773
1.39033 -1.86155
-0.9878 -3.5227
1.7849 1.32175
0.712234 -0.561497
1.55485 -0.203587
1.07243 0.0520084
1.33981 -1.22597
-0.114607 -1.71214
-0.803623 -1.29363
-0.612817 -1.71417
-0.535959 -1.14334
-0.795169 -2.05047
-0.23108 -0.641953
-0.484401 -2.44036
-0.0457786 -0.00497588
1.69868 -0.622848
0.105605 -1.23823
-0.920887 -2.84055
0.736811 0.976141
0.991736 -2.54303
-1.08274 -1.1006
-0.358558 -1.44464
-0.800757 -1.62033
-0.489902 -1.27877
-0.791528 -1.84576
-0.371244 -0.958122
-0.830873 -2.5369
0.241293 0.258023
1.41968 -2.19916
-1.28831 -2.55846
1.23468 1.26044
0.966833 -1.43557
-0.455337 -2.87656
0.392228 0.746674
1.16207 -2.95465
-0.861835 -0.350807
-0.204464 -1.38396
-0.90355 -1.88983
-0.266111 -0.835074
-0.736944 -2.80444
0.476585 0.704821
1.14527 -2.82057
-0.971768 -0.624089
-0.384303 -1.73723
-0.627913 -1.10121
-0.753135 -2.0597
-0.248047 -0.637007
-0.492709 -2.4562
-0.0281862 0.0200508
1.69118 -0.815445
-0.135389 -1.93376
-0.632821 -0.854629
-0.725512 -2.37643
0.000308137 -0.110836
1.67731 -0.253858
0.663716 -0.234402
1.51386 -1.20135
-0.29514 -2.45671
-0.101896 0.0462007
1.70622 -0.666601
0.0178686 -1.47089
-0.985132 -2.04583
-0.0702268 -0.468987
0.409704 -0.214207
1.59863 -1.03449
-0.211033 -2.15763
-0.405264 -0.441849
-0.294405 -1.79548
-0.637144 -1.02482
-0.750606 -2.1637
-0.169703 -0.469311
0.0751282 -0.875496
-0.508506 -2.65401
0.171655 0.356312
1.40353 -2.37389
-1.31252 -1.99961
0.685373 0.68191
1.1003 -2.49255
-1.17784 -1.38781
-0.12931 -0.845706
-0.669756 -2.87702
0.515109 0.802007
1.09912 -2.8483
-0.911731 -0.513508
-0.364807 -1.75016
-0.629594 -1.08328
-0.753489 -2.08512
-0.22898 -0.596482
-0.40486 -2.19741
-0.283735 -0.37876
0.121428 -0.750448
-0.13768 -1.4758
-0.908819 -1.77307
-0.333712 -1.00829
-0.854489 -2.50294
0.226201 0.215592
1.4502 -2.08122
-1.2316 -2.93009
1.53341 1.3414
0.966508 -0.756412
1.36487 0.233653
1.28889 -0.668205
1.19943 0.214758
1.29316 -1.08866
0.300447 -0.662941
0.865011 0.358912
1.20889 -1.92867
-1.05542 -3.29207
1.61424 1.4151
0.905863 -0.649129
1.48153 -0.0252824
1.24821 -0.152818
1.39004 -0.57651
1.13022 0.180925
1.29734 -1.22672
-0.0692333 -1.55981
-0.914291 -1.67782
-0.381241 -1.14137
-0.862661 -2.18862
-0.0742175 -0.370516
0.872661 0.425722
1.18264 -1.96893
-1.1025 -3.15715
1.52928 1.41677
0.943345 -0.792751
1.31888 0.303485
1.27446 -0.844484
0.94995 0.207606
1.27184 -1.63211
-0.64572 -3.58946
1.47328 1.6691
0.86545 -0.997822
0.760633 0.149055
1.30523 -1.86277
-0.971681 -3.49988
1.73731 1.38105
0.783212 -0.553025
1.54722 -0.286785
1.03792 0.0742047
1.32964 -1.32156
-0.284699 -2.31818
-0.231144 -0.176494
1.20134 0.645315
1.15235 -1.34318
-0.251591 -2.11709
-0.417475 -0.501536
-0.419566 -2.16425
-0.304726 -0.432662
-0.12045 -1.33295
-0.948818 -2.13501
-0.0379772 -0.367844
1.0126 0.533919
1.15318 -1.74697
-0.816546 -3.57374
1.63195 1.5447
0.85144 -0.688604
1.46109 0.100603
1.26929 -0.306012
1.39355 -0.309229
1.29309 -0.0474664
1.3608 -0.594661
1.16427 0.186395
1.29901 -1.15092
0.120274 -1.0576
-0.715398 -3.05396
0.788751 1.14847
0.931245 -2.4848
-1.08145 -1.15961
-0.357282 -1.41474
-0.813754 -1.67736
-0.453377 -1.19604
-0.827139 -2.0174
-0.235001 -0.682596
-0.546719 -2.60597
0.138195 0.272155
1.46461 -2.12871
-1.26601 -2.77749
1.43865 1.33165
0.980662 -0.957451
0.943316 0.291119
1.23789 -1.72235
-0.769136 -3.62946
1.64941 1.56414
0.831245 -0.681211
1.46968 0.0901563
1.26311 -0.276546
1.39687 -0.367049
1.26779 0.0208907
1.35042 -0.734283
1.00402 0.200992
1.2776 -1.5199
-0.514116 -3.2937
0.955317 1.43935
0.847651 -2.15532
-1.18421 -1.96517
0.227695 -0.0125102
1.58381 -1.40499
-0.546691 -3.61818
1.42395 1.71728
0.849052 -1.11521
0.286977 -0.593359
1.11257 0.526328
1.17296 -1.50863
-0.496537 -3.16094
0.765642 1.23866
0.903247 -2.55811
-1.00597 -0.929919
-0.45738 -1.7523
-0.583011 -1.07211
-0.777431 -2.13308
-0.178764 -0.512943
-0.108482 -1.3296
-0.953108 -2.16411
-0.00770343 -0.30792
1.33079 0.582741
1.1958 -0.975187
0.76229 0.0746374
1.33954 -1.7567
-0.828669 -3.66112
1.75148 1.45801
0.740885 -0.600934
1.53394 -0.0954646
1.16058 -0.0136501
1.36503 -0.957436
0.508343 -0.311697
1.59738 -0.844735
0.0937275 -1.22132
-0.912749 -2.85139
0.739884 0.984357
0.988678 -2.53968
-1.083 -1.10476
-0.358026 -1.44157
-0.802346 -1.62639
-0.48599 -1.27001
-0.795827 -1.86319
-0.357965 -0.931342
-0.819988 -2.59597
0.29829 0.364479
1.34216 -2.45477
-1.28459 -1.73128
0.355326 0.146314
1.42662 -2.01473
-1.17083 -3.13512
1.64158 1.3314
0.910585 -0.576269
1.51221 -0.232385
1.14592 0.0487887
1.3444 -1.06099
0.28494 -0.707792
0.601748 0.0415251
1.39074 -1.82007
-0.932376 -3.59774
1.79801 1.34313
0.681119 -0.592537
1.53964 -0.0567012
1.16221 -0.0313725
1.37053 -0.932758
0.55598 -0.240364
1.55297 -1.13466
-0.26411 -2.34574
-0.215977 -0.131909
1.39292 0.596853
1.19544 -0.814682
1.1197 0.287371
1.2581 -1.33911
-0.273221 -2.24103
-0.303158 -0.300125
0.409013 -0.179505
1.58347 -1.15476
-0.329514 -2.6592
0.107192 0.376717
1.42551 -2.36235
-1.31816 -2.03877
0.746222 0.764217
1.06322 -2.42967
-1.18988 -1.51502
-0.0538498 -0.654304
-0.258042 -1.78972
-0.661744 -1.04811
-0.737715 -2.11401
-0.21537 -0.552463
-0.292435 -1.84934
-0.600816 -0.934372
-0.75862 -2.31673
-0.0350083 -0.205374
1.54068 0.352803
1.18815 -0.298842
1.427 -0.494707
1.13716 0.149417
1.30914 -1.1819
0.0261364 -1.29688
-0.972033 -2.52044
0.392219 0.431253
1.27642 -2.56044
-1.2241 -1.38637
-0.0106314 -0.603214
0.0196845 -1.03607
-0.776856 -2.99237
0.76529 1.08733
0.952462 -2.51944
-1.07218 -1.10267
-0.375067 -1.47975
-0.776276 -1.54634
-0.538899 -1.38545
-0.731359 -1.64739
-0.515269 -1.24833
-0.786623 -1.88491
-0.349564 -0.900759
-0.803569 -2.64943
0.345696 0.455066
1.28463 -2.6127
-1.20099 -1.25244
-0.103282 -0.831268
-0.631133 -2.84658
0.450807 0.72771
1.14636 -2.87225
-0.926576 -0.511229
-0.346829 -1.6974
-0.672454 -1.17585
-0.71922 -1.92761
-0.357017 -0.842047
-0.765968 -2.70296
0.37632 0.528636
1.24444 -2.7103
-1.12099 -0.973963
-0.282944 -1.32328
-0.881333 -1.92637
-0.259698 -0.795516
-0.695597 -2.80774
0.447862 0.684729
1.16223 -2.83473
-0.971695 -0.609664
-0.374514 -1.71793
-0.645089 -1.13469
-0.740508 -2.00063
-0.296942 -0.73066
-0.645938 -2.74588
0.340416 0.544438
1.25253 -2.75028
-1.09695 -0.88475
-0.309779 -1.42197
-0.836152 -1.69917
-0.427752 -1.15818
-0.843028 -2.10931
-0.154565 -0.522429
-0.082165 -1.26515
-0.955804 -2.37193
0.199143 0.0982372
1.53372 -1.71642
-0.871879 -3.734
1.87616 1.2792
0.496593 -0.791298
0.89788 0.355643
1.21052 -1.86479
-0.97473 -3.44368
1.67454 1.42852
0.850759 -0.591857
1.52218 -0.187327
1.14772 0.0305925
1.35054 -1.03707
0.335718 -0.609451
1.18084 0.531469
1.18511 -1.34237
-0.2548 -2.14122
-0.395988 -0.462012
-0.327823 -1.89804
-0.547406 -0.847204
-0.752363 -2.47589
0.113868 0.0816555
1.59245 -1.49531
-0.645974 -3.78383
1.71848 1.59808
0.747511 -0.670264
1.47885 0.124559
1.25459 -0.282481
1.40088 -0.37717
1.25782 0.0371081
1.34729 -0.776701
0.939378 0.173407
1.28555 -1.61704
-0.627985 -3.57465
1.43688 1.67505
0.864475 -1.07312
0.471988 -0.256824
1.59141 -0.984567
-0.124049 -1.84322
-0.708308 -1.0293
-0.711788 -2.106
-0.234345 -0.567409
-0.354064 -2.03505
-0.432985 -0.627375
-0.592993 -2.58157
0.133686 0.231224
1.4905 -2.00946
-1.18849 -3.12996
1.67217 1.29943
0.890036 -0.530879
1.52616 -0.367176
1.02794 0.0956817
1.32073 -1.36513
-0.344636 -2.57095
0.0258038 0.228707
1.55473 -1.81296
-1.01376 -3.57661
1.87481 1.1786
0.506083 -0.751656
1.07376 0.468564
1.18606 -1.5688
-0.566712 -3.39567
1.13633 1.56901
0.843169 -1.73939
-0.961155 -3.26284
1.41516 1.49564
0.925649 -1.0603
0.57833 -0.101059
1.474 -1.51942
-0.58259 -3.61722
1.45315 1.70201
0.854656 -1.05025
0.550295 -0.129674
1.49941 -1.4402
-0.519123 -3.47135
1.20275 1.63946
0.836807 -1.59432
-0.758699 -3.43226
1.37534 1.59271
0.888641 -1.17891
0.0975332 -1.01599
-0.683365 -3.02103
0.714606 1.0724
0.962262 -2.62264
-1.00036 -0.859981
-0.450972 -1.77788
-0.569817 -1.03212
-0.783388 -2.20463
-0.117228 -0.390674
0.615836 0.121986
1.34622 -1.95637
-1.09268 -3.29377
1.68131 1.35239
0.865417 -0.54959
1.52992 -0.316243
1.05823 0.0867261
1.32591 -1.29363
-0.234448 -2.11936
-0.424588 -0.500418
-0.422795 -2.17057
-0.298431 -0.423378
-0.0778738 -1.2229
-0.946306 -2.48339
0.311021 0.307247
1.36319 -2.3448
-1.30371 -2.07812
0.728668 0.75031
1.06998 -2.45574
-1.18103 -1.44996
-0.101101 -0.768641
-0.544992 -2.67156
0.205709 0.388252
1.37244 -2.46841
-1.2899 -1.7052
0.357344 0.144495
1.42671 -2.01165
-1.16803 -3.14407
1.64643 1.33007
0.906744 -0.570122
1.51487 -0.250788
1.13144 0.0604404
1.33976 -1.10646
0.173799 -0.944406
-0.494678 -2.65525
0.167277 0.358677
1.40451 -2.3758
-1.31266 -1.99394
0.680495 0.674643
1.1037 -2.49606
-1.17775 -1.3825
-0.131108 -0.85109
-0.677459 -2.88241
0.527674 0.81618
1.09034 -2.83975
-0.91258 -0.52249
-0.372293 -1.76656
-0.615136 -1.0551
-0.761914 -2.13614
-0.185253 -0.512111
-0.120739 -1.36108
-0.945836 -2.06672
-0.0980107 -0.494206
0.194466 -0.625083
0.66405 0.14247
1.3249 -1.95384
-1.08664 -3.2942
1.67128 1.36331
0.873209 -0.562128
1.52552 -0.278632
1.09332 0.0762375
1.33198 -1.20782
-0.0650926 -1.55852
-0.917263 -1.68685
-0.374066 -1.12595
-0.865181 -2.22682
-0.0388358 -0.299837
1.27827 0.6058
1.18094 -1.1258
0.328953 -0.579421
1.26412 0.527528
1.20264 -1.1255
0.309966 -0.621571
1.06826 0.504266
1.17248 -1.60224
-0.609506 -3.47999
1.2905 1.63957
0.857497 -1.38678
-0.447673 -2.79056
0.292169 0.595481
1.25388 -2.84331
-1.02559 -0.67244
-0.339821 -1.58968
-0.739535 -1.36578
-0.631159 -1.63969
-0.568456 -1.25417
-0.758101 -1.8506
-0.386657 -0.955433
-0.827766 -2.52092
0.220708 0.223433
1.44863 -2.09563
-1.24105 -2.8857
1.50336 1.34203
0.972998 -0.817973
1.27039 0.330808
1.26395 -0.992857
0.615827 -0.124258
1.47382 -1.46858
-0.531022 -3.48922
1.23666 1.65339
0.840487 -1.51693
-0.642123 -3.35421
1.1439 1.53529
0.855859 -1.71426
-0.919314 -3.33399
1.4488 1.52113
0.918144 -0.994735
0.809163 0.190348
1.28169 -1.84953
-0.951907 -3.51501
1.72842 1.40133
0.79133 -0.561661
1.54351 -0.262657
1.06298 0.0704595
1.33237 -1.26611
-0.188699 -1.95571
-0.581854 -0.788491
-0.717145 -2.48939
0.105111 0.0909825
1.59196 -1.509
-0.660944 -3.79524
1.74475 1.56942
0.719966 -0.661155
1.48465 0.126489
1.24974 -0.270271
1.40255 -0.406376
1.24068 0.0678176
1.33991 -0.851512
0.809911 0.0787128
1.33178 -1.70573
-0.754538 -3.67842
1.69436 1.54751
0.792641 -0.64435
1.5027 0.00367767
1.22682 -0.133955
1.39122 -0.652563
1.03822 0.1887
1.28518 -1.43774
-0.424086 -2.91777
0.425508 0.816765
1.12578 -2.9806
-0.806765 -0.260051
-0.0584978 -1.04652
-0.836557 -2.87791
0.674646 0.937498
1.01325 -2.6521
-1.01558 -0.859255
-0.431016 -1.73027
-0.609223 -1.10752
-0.762323 -2.06149
-0.241779 -0.63261
-0.480112 -2.42281
-0.0633016 -0.03316
1.69646 -0.403789
0.41683 -0.594187
1.38116 0.437459
1.23782 -0.761552
1.15039 0.264204
1.27055 -1.24827
-0.0943608 -1.62683
-0.866521 -1.49463
-0.501912 -1.42359
-0.735052 -1.59465
-0.539526 -1.32246
-0.753229 -1.7501
-0.448572 -1.10172
-0.836522 -2.19374
-0.0902597 -0.381324
0.762172 0.309366
1.23478 -2.05136
-1.17572 -2.95436
1.42485 1.38239
0.963726 -1.00432
0.79467 0.16548
1.29397 -1.8398
-0.939347 -3.53789
1.73875 1.40002
0.776134 -0.563463
1.54567 -0.248604
1.06684 0.066284
1.33416 -1.25349
-0.165542 -1.87658
-0.656442 -0.940057
-0.73379 -2.25868
-0.100329 -0.313702
1.03868 0.560622
1.14766 -1.70169
-0.751148 -3.58454
1.57301 1.60204
0.865638 -0.793844
1.32069 0.335648
1.26566 -0.861763
0.929515 0.198505
1.27494 -1.66092
-0.684045 -3.62611
1.55832 1.64286
0.856968 -0.835268
1.23718 0.390755
1.24125 -1.11882
0.287294 -0.676105
0.76014 0.249208
1.26069 -1.98771
-1.11838 -3.16789
1.57487 1.39497
0.934236 -0.701091
1.4344 0.111642
1.28574 -0.382525
1.37449 -0.158903
1.3342 -0.261872
1.35635 -0.227576
1.34329 -0.221631
1.35292 -0.258956
1.34266 -0.189926
1.35431 -0.300265
1.33498 -0.134504
1.35706 -0.386751
1.30806 -0.0205464
1.35237 -0.586042
1.18689 0.178566
1.30382 -1.08911
0.281809 -0.703177
0.612453 0.0574535
1.37952 -1.84545
-0.963198 -3.55239
1.7859 1.33678
0.707232 -0.570445
1.55149 -0.16676
1.09884 0.0375955
1.34631 -1.15366
0.0432633 -1.26292
-0.955931 -2.64453
0.524003 0.653631
1.14816 -2.71496
-1.06052 -0.870919
-0.36846 -1.57173
-0.73373 -1.38535
-0.627841 -1.61391
-0.583481 -1.29158
-0.740048 -1.78522
-0.43527 -1.05157
-0.838721 -2.29767
0.00365628 -0.19313
1.60605 0.155527
1.09326 -0.0787716
1.38726 -1.0228
0.293748 -0.702219
0.660172 0.122098
1.33552 -1.92551
-1.05538 -3.37017
1.70915 1.35347
0.830943 -0.537805
1.54001 -0.350336
1.00713 0.084044
1.32439 -1.39324
-0.383426 -2.75099
0.22321 0.528441
1.30716 -2.74618
-1.12866 -0.934438
-0.260072 -1.28327
-0.899578 -2.03925
-0.163816 -0.595853
-0.312075 -1.92611
-0.535009 -0.803711
-0.73554 -2.53049
0.159109 0.175663
1.50928 -1.88658
-1.07186 -3.44431
1.81679 1.22492
0.657883 -0.575124
1.54978 -0.0873199
1.1348 -0.00265373
1.36135 -1.02865
0.335209 -0.613459
1.16557 0.529687
1.18254 -1.37983
-0.322171 -2.40783
-0.135583 -0.0349155
1.6761 -0.0884833
0.808777 -0.108042
1.41939 -1.41138
-0.448141 -3.12115
0.685458 1.16562
0.93567 -2.71229
-0.899695 -0.613565
-0.455806 -1.94978
-0.451775 -0.767809
-0.720916 -2.64527
0.274243 0.386639
1.34261 -2.49238
-1.27423 -1.62155
0.249375 -0.0569463
1.59699 -1.29177
-0.462151 -3.33276
0.972299 1.48406
0.836091 -2.12213
-1.18465 -2.04729
0.304435 0.135968
1.45621 -1.95306
-1.12019 -3.3004
1.73679 1.28687
0.806689 -0.505106
1.54844 -0.447429
0.88991 0.0426051
1.3421 -1.54508
-0.554831 -3.4637
1.22087 1.63158
0.843888 -1.54918
-0.686155 -3.40555
1.25941 1.58439
0.868862 -1.44612
-0.524806 -3.08891
0.689306 1.12699
0.947759 -2.69266
-0.928118 -0.675017
-0.464224 -1.92813
-0.463489 -0.801979
-0.743508 -2.61256
0.25365 0.336686
1.37451 -2.38353
-1.30485 -1.96146
0.618983 0.587573
1.14746 -2.52681
-1.18351 -1.35179
-0.126173 -0.850388
-0.672948 -2.88176
0.523459 0.812547
1.09289 -2.84353
-0.911142 -0.517044
-0.368732 -1.7596
-0.621473 -1.06706
-0.758419 -2.11422
-0.204204 -0.548661
-0.264364 -1.76715
-0.673364 -1.08499
-0.729768 -2.05564
-0.26301 -0.64589
-0.518689 -2.52016
0.0418533 0.124667
1.60889 -1.48197
-0.647197 -3.79569
1.7334 1.58674
0.731105 -0.666605
1.48057 0.130827
1.25295 -0.283326
1.40163 -0.37952
1.25567 0.0405135
1.34657 -0.785696
0.924773 0.165187
1.28872 -1.63459
-0.650741 -3.60462
1.49815 1.66695
0.863426 -0.949553
0.926317 0.306522
1.23096 -1.76868
-0.836933 -3.60151
1.68986 1.50081
0.812284 -0.620656
1.51599 -0.0835528
1.19312 -0.0449859
1.37339 -0.844554
0.749223 0.00641626
1.37427 -1.66373
-0.709032 -3.6931
1.6672 1.59064
0.806636 -0.681567
1.47037 0.107031
1.26199 -0.288723
1.39752 -0.351333
1.27349 0.00531287
1.35341 -0.703108
1.04523 0.209667
1.27776 -1.44211
-0.427408 -2.92858
0.439626 0.835745
1.11409 -2.97807
-0.799299 -0.253045
-0.0447588 -1.01631
-0.800065 -2.93265
0.707786 1.00124
0.986781 -2.61195
-1.02779 -0.920499
-0.427274 -1.68833
-0.636664 -1.17505
-0.739073 -1.94487
-0.335811 -0.815851
-0.741991 -2.74382
0.405767 0.59072
1.21067 -2.77135
-1.05641 -0.799557
-0.352506 -1.56432
-0.746327 -1.40522
-0.613468 -1.58409
-0.605519 -1.33463
-0.715083 -1.71175
-0.489422 -1.1567
-0.81564 -2.06042
-0.210909 -0.618125
-0.423234 -2.26253
-0.223099 -0.279858
0.772028 0.341079
1.2206 -2.06904
-1.18895 -2.88496
1.36588 1.36595
0.962599 -1.13795
0.31309 -0.563521
1.27914 0.527211
1.20524 -1.08569
0.429305 -0.400861
1.61832 -0.32886
0.796427 -0.0671221
1.40197 -1.49538
-0.522827 -3.41006
1.12139 1.58101
0.835687 -1.77804
-1.01255 -3.15518
1.35262 1.45551
0.931195 -1.19289
0.0912221 -1.04003
-0.720582 -3.0394
0.773485 1.12703
0.938961 -2.5128
-1.06733 -1.09898
-0.382545 -1.49774
-0.763809 -1.5103
-0.561868 -1.43693
-0.699094 -1.56058
-0.574604 -1.37121
-0.71838 -1.66168
-0.514574 -1.22808
-0.791618 -1.91991
-0.324069 -0.846885
-0.764082 -2.73739
0.416535 0.594738
1.20527 -2.76749
-1.05607 -0.803602
-0.354552 -1.56769
-0.743418 -1.39832
-0.617644 -1.59415
-0.598445 -1.31999
-0.723542 -1.73621
-0.471642 -1.12197
-0.826418 -2.13629
-0.144916 -0.486649
0.0781399 -0.873055
-0.500863 -2.63187
0.145727 0.317825
1.43592 -2.25632
-1.30959 -2.37391
1.08372 1.14524
0.964216 -1.78815
-0.953624 -3.34255
1.51266 1.50127
0.918909 -0.856905
1.19986 0.380792
1.23858 -1.20816
0.0348647 -1.25421
-0.952894 -2.6471
0.522686 0.653294
1.14868 -2.71633
-1.0598 -0.868192
-0.368891 -1.57404
-0.732255 -1.38113
-0.630163 -1.62004
-0.57921 -1.28278
-0.744811 -1.80064
-0.423768 -1.02913
-0.839353 -2.35032
0.0541236 -0.094801
1.68422 -0.55157
0.263021 -0.876092
-0.182148 -1.63768
-0.804903 -1.37991
-0.586161 -1.60181
-0.609468 -1.30706
-0.721793 -1.7533
-0.462862 -1.09741
-0.830719 -2.18797
-0.0994033 -0.395225
0.660269 0.181318
1.30739 -2.01489
-1.1477 -3.11468
1.5681 1.38035
0.941894 -0.706772
1.42702 0.125225
1.28827 -0.413215
1.36534 -0.107725
1.33985 -0.342589
1.33882 -0.108676
1.35346 -0.407754
1.30386 -0.000770206
1.34958 -0.618207
1.15891 0.196969
1.29483 -1.17292
0.0676318 -1.18565
-0.895642 -2.87019
0.74146 0.995268
0.984881 -2.54033
-1.07995 -1.09751
-0.36307 -1.45596
-0.793433 -1.59654
-0.505705 -1.31323
-0.773441 -1.77879
-0.421308 -1.05881
-0.844251 -2.29999
0.0102972 -0.184328
1.62282 0.0861632
1.04251 -0.0415114
1.37436 -1.1728
-0.0447209 -1.51276
-0.945779 -1.82686
-0.268593 -0.889354
-0.784191 -2.76748
0.472338 0.670888
1.15857 -2.79379
-1.00409 -0.698045
-0.385524 -1.69978
-0.650696 -1.16258
-0.733496 -1.95685
-0.330549 -0.797937
-0.725453 -2.75524
0.40645 0.60175
1.20646 -2.78407
-1.04375 -0.766317
-0.359424 -1.59727
-0.724642 -1.34415
-0.646911 -1.67292
-0.543287 -1.20731
-0.78158 -1.93929
-0.316955 -0.819446
-0.740113 -2.76131
0.425612 0.623431
1.19172 -2.79265
-1.02737 -0.733
-0.369533 -1.63952
-0.695163 -1.26769
-0.686197 -1.78797
-0.459821 -1.04508
-0.829382 -2.28317
-0.0170096 -0.226761
1.52435 0.379194
1.19893 -0.352015
1.42606 -0.383064
1.21762 0.0739576
1.33834 -0.915486
0.669824 -0.0745081
1.43213 -1.56775
-0.613683 -3.64294
1.51444 1.68713
0.853265 -0.928517
0.986634 0.349534
1.21828 -1.68243
-0.712957 -3.61168
1.56838 1.62459
0.859604 -0.811262
1.2875 0.36422
1.25555 -0.969657
0.691405 -0.0235282
1.40077 -1.65579
-0.708603 -3.70749
1.68432 1.58138
0.792685 -0.667037
1.48414 0.0739582
1.25074 -0.229554
1.3993 -0.464093
1.21012 0.115376
1.3256 -0.974408
0.55072 -0.235047
1.55247 -1.14636
-0.278144 -2.40519
-0.156294 -0.0362781
1.66309 0.00635104
0.907169 -0.0570631
1.38499 -1.37837
-0.395432 -2.8451
0.330331 0.690005
1.20603 -2.94703
-0.902628 -0.407868
-0.25304 -1.48567
-0.840654 -1.62126
-0.464145 -1.26537
-0.807878 -1.88426
-0.337526 -0.896722
-0.80055 -2.67033
0.367876 0.493767
1.26087 -2.66459
-1.15967 -1.10057
-0.212829 -1.11734
-0.904056 -2.47436
0.247523 0.221387
1.43633 -2.11591
-1.25072 -2.82432
1.45348 1.34072
0.977799 -0.926492
1.03006 0.340534
1.22641 -1.58255
-0.581901 -3.45643
1.23357 1.62468
0.849279 -1.51729
-0.636172 -3.34991
1.13234 1.5299
0.85471 -1.74137
-0.956308 -3.27763
1.42794 1.49981
0.924966 -1.03319
0.677607 0.0365539
1.3737 -1.77177
-0.859411 -3.65887
1.78239 1.40824
0.698784 -0.602976
1.53326 -0.0424873
1.17627 -0.0488647
1.37534 -0.879297
0.669041 -0.0872136
1.43888 -1.54196
-0.588025 -3.60397
1.44026 1.69734
0.856518 -1.07442
0.457343 -0.279994
1.60485 -0.877854
0.0139143 -1.43333
-0.987812 -2.13588
0.00950403 -0.300533
1.39271 0.541055
1.21036 -0.787403
1.14653 0.278087
1.26519 -1.26825
-0.135744 -1.75451
-0.76216 -1.19001
-0.663189 -1.8672
-0.421648 -0.926827
-0.811216 -2.52031
0.205416 0.207085
1.46573 -2.03658
-1.20232 -3.06101
1.62143 1.32382
0.928755 -0.598568
1.49994 -0.165109
1.19461 -0.00817246
1.36279 -0.883951
0.688095 -0.0597104
1.41992 -1.58912
-0.632943 -3.66124
1.55558 1.6722
0.847381 -0.853109
1.19292 0.404638
1.22951 -1.24069
-0.0434688 -1.46487
-0.959868 -1.94611
-0.174789 -0.680301
-0.487869 -2.47686
-0.01077 0.0550087
1.67323 -1.04116
-0.340937 -2.78514
0.242472 0.588442
1.27736 -2.84555
-1.03798 -0.685303
-0.32797 -1.552
-0.76632 -1.43972
-0.588891 -1.53297
-0.642485 -1.41059
-0.668419 -1.59063
-0.575596 -1.32765
-0.732957 -1.73037
-0.470138 -1.13044
-0.826613 -2.12247
-0.155802 -0.509912
-0.0412506 -1.15941
-0.915039 -2.70427
0.542284 0.704422
1.12472 -2.73419
-1.02969 -0.800028
-0.393653 -1.66858
-0.665419 -1.21265
-0.716059 -1.87725
-0.391092 -0.916803
-0.810753 -2.57343
0.264036 0.311064
1.38212 -2.33388
-1.30785 -2.11923
0.787754 0.827409
1.03819 -2.37733
-1.19987 -1.63105
0.0286344 -0.460842
0.825852 0.362449
1.20834 -2.00117
-1.13247 -3.0864
1.49923 1.40492
0.953309 -0.848659
1.2161 0.364697
1.24643 -1.15648
0.17134 -0.92508
-0.46537 -2.55697
0.0573005 0.191946
1.55853 -1.75532
-0.943641 -3.67616
1.8929 1.19984
0.45135 -0.842697
0.536829 -0.0820405
1.47861 -1.55479
-0.62439 -3.68726
1.58115 1.67216
0.837015 -0.815221
1.27423 0.380577
1.24931 -1.01536
0.577152 -0.17522
1.51349 -1.33247
-0.432039 -3.11736
0.671723 1.15714
0.94068 -2.73834
-0.879828 -0.561677
-0.436385 -1.93316
-0.471752 -0.791046
-0.736309 -2.611
0.246716 0.329428
1.38113 -2.36445
-1.30758 -2.0229
0.688331 0.689956
1.09694 -2.49273
-1.17604 -1.38288
-0.134935 -0.858882
-0.689299 -2.88829
0.544295 0.833844
1.07928 -2.82612
-0.916232 -0.540018
-0.384108 -1.78994
-0.593882 -1.01565
-0.771478 -2.21
-0.12 -0.385916
0.62882 0.140852
1.33375 -1.97868
-1.11479 -3.22947
1.6442 1.3639
0.898794 -0.588264
1.51185 -0.199905
1.16132 0.0290719
1.35138 -1.00401
0.420252 -0.454537
1.59074 -0.0716785
1.05645 0.00952604
1.35521 -1.2095
-0.0981638 -1.66606
-0.842278 -1.40633
-0.552003 -1.55123
-0.651519 -1.3836
-0.673779 -1.62936
-0.553463 -1.27228
-0.761042 -1.82722
-0.399388 -0.989546
-0.836853 -2.44839
0.150914 0.0902705
1.5659 -1.60376
-0.751199 -3.80587
1.83652 1.41828
0.581266 -0.71693
1.305 0.445432
1.23326 -0.972475
0.718512 0.0151083
1.37569 -1.70473
-0.76557 -3.70071
1.73205 1.51385
0.754811 -0.623814
1.51905 -0.0317004
1.19997 -0.0778044
1.38178 -0.788257
0.841787 0.0914716
1.3232 -1.67987
-0.716822 -3.66824
1.64411 1.59731
0.82436 -0.703336
1.44767 0.156796
1.27364 -0.385799
1.38257 -0.17767
1.32724 -0.221366
1.36311 -0.296601
1.32772 -0.121094
1.35943 -0.42088
1.29111 0.0242564
1.34665 -0.677664
1.09323 0.215642
1.28066 -1.34191
-0.288845 -2.31324
-0.233648 -0.184529
1.16272 0.637901
1.14602 -1.43796
-0.409508 -2.77155
0.255675 0.562813
1.28074 -2.80287
-1.07341 -0.784013
-0.317668 -1.48245
-0.806168 -1.57592
-0.507569 -1.3387
-0.764202 -1.73482
-0.451239 -1.12289
-0.835081 -2.15281
-0.12539 -0.453293
0.285635 -0.435863
1.52971 0.245092
1.20496 -0.253921
1.41675 -0.530688
1.12434 0.163501
1.30293 -1.2246
-0.070184 -1.56437
-0.911766 -1.66596
-0.3894 -1.16024
-0.858872 -2.14311
-0.115381 -0.453416
0.319965 -0.37136
1.61842 -0.146882
0.945889 0.0027227
1.35742 -1.40362
-0.410271 -2.89841
0.396947 0.782537
1.14831 -2.98387
-0.822375 -0.276216
-0.0877215 -1.11135
-0.895992 -2.71391
0.529102 0.694951
1.13195 -2.74449
-1.02634 -0.783813
-0.392584 -1.67404
-0.662702 -1.20381
-0.719406 -1.89122
-0.380588 -0.896258
-0.801037 -2.61489
0.302858 0.384256
1.33149 -2.49298
-1.27055 -1.61364
0.232107 -0.0891996
1.62178 -1.13216
-0.354901 -2.81361
0.278847 0.636488
1.24548 -2.9068
-0.966498 -0.526902
-0.31354 -1.59029
-0.75381 -1.37759
-0.618743 -1.62024
-0.584507 -1.28166
-0.742371 -1.80061
-0.425038 -1.02924
-0.838982 -2.34868
0.0522217 -0.0982046
1.6842 -0.527098
0.298361 -0.80491
0.194015 -0.691049
0.343657 -0.374525
1.62177 -0.206055
0.894436 -0.0128511
1.36638 -1.46175
-0.475462 -3.20417
0.809318 1.30233
0.881236 -2.47352
-1.05346 -1.10791
-0.402548 -1.53609
-0.734245 -1.43467
-0.609449 -1.54552
-0.626434 -1.39172
-0.683972 -1.62085
-0.552799 -1.28501
-0.757825 -1.80665
-0.413416 -1.01979
-0.840668 -2.37887
0.0832679 -0.0397159
1.66787 -0.919299
-0.207487 -2.18402
-0.384825 -0.399125
-0.159787 -1.41915
-0.915734 -1.87098
-0.268015 -0.853331
-0.754063 -2.79504
0.479524 0.699417
1.14616 -2.81208
-0.979767 -0.644041
-0.386998 -1.73333
-0.629022 -1.10718
-0.752047 -2.05018
-0.255588 -0.6522
-0.52149 -2.53138
0.0537685 0.143572
1.59045 -1.58018
-0.745043 -3.82033
1.84642 1.41005
0.558928 -0.741552
1.20656 0.481357
1.20675 -1.2506
-0.0542122 -1.48912
-0.948238 -1.86831
-0.239789 -0.821673
-0.712381 -2.82633
0.483933 0.730349
1.13395 -2.83405
-0.951566 -0.582349
-0.379229 -1.74767
-0.623825 -1.08492
-0.756397 -2.08635
-0.226489 -0.593999
-0.397161 -2.17405
-0.305651 -0.414039
-0.0618355 -1.1803
-0.929481 -2.61603
0.448664 0.54952
1.21042 -2.68652
-1.11881 -1.00213
-0.291013 -1.33167
-0.875368 -1.90002
-0.281798 -0.84102
-0.747947 -2.78705
0.464149 0.679212
1.15845 -2.81118
-0.989297 -0.658566
-0.383416 -1.71532
-0.642152 -1.13733
-0.741764 -1.99828
-0.297947 -0.734187
-0.650275 -2.74973
0.347552 0.553276
1.24647 -2.75952
-1.08671 -0.858048
-0.320713 -1.4596
-0.814706 -1.61747
-0.482718 -1.27926
-0.794997 -1.84876
-0.367392 -0.952963
-0.829174 -2.55025
0.254685 0.282774
1.4005 -2.26605
-1.30383 -2.34042
1.02239 1.09471
0.967312 -1.92756
-1.10887 -2.97351
1.29276 1.38495
0.941817 -1.31936
-0.264436 -2.09226
-0.431081 -0.540226
-0.486517 -2.34708
-0.128202 -0.157169
1.49725 0.462375
1.20335 -0.467566
1.4122 -0.169762
1.30267 -0.163633
1.37359 -0.430178
1.26851 0.0548801
1.34195 -0.767449
0.966486 0.18964
1.27986 -1.58289
-0.585683 -3.49734
1.29342 1.65351
0.853405 -1.38373
-0.445894 -2.78133
0.28131 0.579343
1.26407 -2.82304
-1.04808 -0.725791
-0.333673 -1.54881
-0.764823 -1.44246
-0.588733 -1.52954
-0.644198 -1.41577
-0.665515 -1.58277
-0.580897 -1.33886
-0.726491 -1.71121
-0.483992 -1.15776
-0.818029 -2.06267
-0.207676 -0.613412
-0.410758 -2.2244
-0.259398 -0.337528
0.372912 -0.250647
1.62508 -0.823127
0.0444832 -1.35972
-0.990077 -2.39712
0.275271 0.215553
1.42602 -2.12449
-1.25331 -2.7983
1.42822 1.33869
0.978045 -0.983586
0.864047 0.229353
1.26207 -1.80708
-0.8918 -3.57414
1.72181 1.44405
0.789109 -0.583744
1.53668 -0.189514
1.11855 0.0415173
1.34576 -1.11487
0.141602 -1.0202
-0.643721 -3.00005
0.654545 1.01462
0.990977 -2.72349
-0.93696 -0.662445
-0.448118 -1.8922
-0.495245 -0.855158
-0.767901 -2.52587
0.176916 0.185293
1.49367 -1.94049
-1.12328 -3.31865
1.76229 1.2578
0.768621 -0.505025
1.55709 -0.43609
0.876762 0.0295095
1.34863 -1.54679
-0.558502 -3.47768
1.24321 1.64246
0.845701 -1.49872
-0.612614 -3.30781
1.05201 1.47749
0.852749 -1.92768
-1.13776 -2.73666
1.02662 1.19052
0.937777 -1.93749
-1.12507 -2.88547
1.20624 1.33316
0.93635 -1.52134
-0.585745 -3.29945
1.01779 1.46107
0.851075 -2.00805
-1.17485 -2.46245
0.75204 0.861553
1.02901 -2.46536
-1.15447 -1.36336
-0.187941 -0.975254
-0.828093 -2.77733
0.530017 0.73428
1.11788 -2.77542
-0.990682 -0.697054
-0.403019 -1.74739
-0.612111 -1.08234
-0.762559 -2.09772
-0.214533 -0.574497
-0.341624 -2.00267
-0.463367 -0.678506
-0.65048 -2.62746
0.210738 0.324696
1.40025 -2.3312
-1.31188 -2.13227
0.817438 0.862933
1.02499 -2.33021
-1.21009 -1.75276
0.131249 -0.237697
1.64395 -0.12406
0.886342 -0.0381386
1.37818 -1.43607
-0.453892 -3.11759
0.684163 1.16065
0.937499 -2.71353
-0.900155 -0.613247
-0.455168 -1.94816
-0.453194 -0.770213
-0.722662 -2.64276
0.272634 0.382773
1.34501 -2.48445
-1.2774 -1.64576
0.274572 -0.00782036
1.55615 -1.50609
-0.625648 -3.73926
1.64722 1.64982
0.803718 -0.728816
1.41516 0.238685
1.27615 -0.535634
1.32606 0.0545024
1.33406 -0.616485
1.1863 0.192476
1.29918 -1.10253
0.252175 -0.762948
0.221829 -0.624771
0.766799 0.267188
1.25221 -1.99878
-1.12929 -3.12962
1.54841 1.39704
0.944078 -0.748919
1.38045 0.221408
1.28873 -0.616359
1.25207 0.168503
1.31112 -0.916048
0.72488 -0.000168842
1.38198 -1.67365
-0.725122 -3.702
1.69362 1.56577
0.787653 -0.654755
1.49481 0.0400177
1.23892 -0.178801
1.3966 -0.563377
1.13118 0.175853
1.29923 -1.21995
-0.0552619 -1.51945
-0.937901 -1.7937
-0.296205 -0.94902
-0.829057 -2.65547
0.377644 0.492658
1.25758 -2.65856
-1.16183 -1.11314
-0.2081 -1.10259
-0.899775 -2.51357
0.287038 0.294448
1.37989 -2.30929
-1.3058 -2.19674
0.864024 0.924383
1.00463 -2.25144
-1.21985 -1.96618
0.328818 0.154449
1.43423 -2.01735
-1.17549 -3.12622
1.64073 1.32904
0.911987 -0.576181
1.51185 -0.232315
1.14665 0.0484821
1.34453 -1.05899
0.289986 -0.697653
0.668364 0.133688
1.32818 -1.93677
-1.06757 -3.33969
1.69306 1.35892
0.849923 -0.546157
1.53428 -0.326543
1.04028 0.0866734
1.32491 -1.33048
-0.295725 -2.36152
-0.188059 -0.107416
1.51181 0.45854
1.19615 -0.429236
1.4231 -0.251891
1.27503 -0.055257
1.36616 -0.631597
1.11429 0.201312
1.28829 -1.28152
-0.181618 -1.91494
-0.617482 -0.862987
-0.734276 -2.38409
0.0125652 -0.0943162
1.68534 -0.390908
0.477561 -0.488794
1.58135 -0.0745661
1.07604 0.00927597
1.35582 -1.16921
-0.00851027 -1.40453
-0.982147 -2.16537
0.0286955 -0.256021
1.53273 0.345523
1.19572 -0.312001
1.42561 -0.457191
1.17015 0.128528
1.31904 -1.0844
0.268874 -0.733634
0.418712 -0.249776
1.60866 -0.92052
-0.0665767 -1.66819
-0.861848 -1.4392
-0.526417 -1.49834
-0.689634 -1.46845
-0.620395 -1.50257
-0.641089 -1.45555
-0.651078 -1.52429
-0.615845 -1.42324
-0.677249 -1.57472
-0.578975 -1.3508
-0.723399 -1.69285
-0.495513 -1.18387
-0.80916 -2.00835
-0.253035 -0.704436
-0.588707 -2.68715
0.242999 0.421059
1.34129 -2.55103
-1.25243 -1.4553
0.0981174 -0.371991
1.38033 0.527796
1.21412 -0.814025
1.09744 0.279173
1.25795 -1.38456
-0.346511 -2.54729
0.00370369 0.189485
1.59243 -1.62818
-0.808462 -3.80594
1.88846 1.30589
0.459558 -0.855562
0.503379 -0.136494
1.52129 -1.39476
-0.492007 -3.39179
1.07329 1.55913
0.831539 -1.8907
-1.11841 -2.80973
1.08209 1.24863
0.931326 -1.81268
-1.00217 -3.23687
1.4483 1.4773
0.932959 -0.981393
0.860383 0.23638
1.25921 -1.82053
-0.910906 -3.55309
1.72044 1.43339
0.793958 -0.578007
1.53798 -0.210849
1.10522 0.0518591
1.34147 -1.15558
0.0459879 -1.25441
-0.95094 -2.67143
0.551617 0.698696
1.12408 -2.71638
-1.04346 -0.841361
-0.386649 -1.63058
-0.691312 -1.27799
-0.685638 -1.77445
-0.46804 -1.0646
-0.827774 -2.24096
-0.0560048 -0.303806
1.21652 0.613166
1.16608 -1.29022
-0.13653 -1.72587
-0.780365 -1.24552
-0.640047 -1.78673
-0.481421 -1.04117
-0.820987 -2.26824
-0.036817 -0.259552
1.40927 0.539294
1.20991 -0.741752
1.21329 0.253488
1.28207 -1.08465
0.329296 -0.603498
1.18583 0.533264
1.18555 -1.33065
-0.231516 -2.05504
-0.478514 -0.606788
-0.584421 -2.53595
0.0840249 0.150082
1.56844 -1.66967
-0.839547 -3.77602
1.88718 1.28537
0.464661 -0.842204
0.581181 -0.0165896
1.42764 -1.70867
-0.792736 -3.72225
1.78404 1.44974
0.68601 -0.627829
1.51232 0.0598415
1.22067 -0.158284
1.39725 -0.634401
1.04911 0.186575
1.28697 -1.4127
-0.394051 -2.77885
0.257248 0.575814
1.27546 -2.82322
-1.05462 -0.733934
-0.326956 -1.52768
-0.779327 -1.48505
-0.563256 -1.46866
-0.684753 -1.51076
-0.604781 -1.44236
-0.675104 -1.54692
-0.593256 -1.39063
-0.701559 -1.62771
-0.540553 -1.27592
-0.766657 -1.82657
-0.396774 -0.99
-0.837551 -2.45091
0.154177 0.0958218
1.56066 -1.62865
-0.778472 -3.79855
1.85349 1.37765
0.546362 -0.748166
1.165 0.483688
1.19786 -1.35682
-0.284658 -2.26163
-0.280257 -0.267054
0.639594 0.180037
1.31252 -2.03101
-1.16297 -3.06863
1.54313 1.37913
0.951574 -0.751876
1.37484 0.226385
1.2888 -0.635461
1.234 0.18746
1.30463 -0.978665
0.581112 -0.184411
1.51676 -1.30966
-0.413759 -3.0293
0.553056 1.00782
1.01804 -2.90968
-0.782449 -0.287644
-0.130849 -1.23
-0.941635 -2.36418
0.172807 0.0585005
1.57256 -1.53985
-0.678545 -3.79392
1.75859 1.5469
0.705058 -0.656896
1.48654 0.13103
1.24801 -0.269383
1.40322 -0.411591
1.23681 0.0734905
1.3384 -0.866957
0.780105 0.0503713
1.34849 -1.70096
-0.751985 -3.68716
1.70231 1.54385
0.784561 -0.640163
1.50624 -0.00357565
1.22159 -0.121519
1.38952 -0.681311
1.00199 0.181455
1.28519 -1.50525
-0.499372 -3.24435
0.878341 1.36705
0.862548 -2.32582
-1.13264 -1.47653
-0.193853 -0.945986
-0.806996 -2.80595
0.54466 0.768041
1.1018 -2.7799
-0.974975 -0.669017
-0.407911 -1.77675
-0.59087 -1.03484
-0.773677 -2.18397
-0.140194 -0.429256
0.345709 -0.319157
1.63807 -0.463164
0.566934 -0.330576
1.58414 -0.856156
0.114353 -1.1651
-0.848141 -2.9909
0.848376 1.15074
0.930092 -2.35107
-1.15827 -1.52699
-0.121226 -0.783879
-0.585249 -2.7547
0.31624 0.54395
1.26239 -2.75902
-1.09603 -0.871934
-0.307911 -1.42247
-0.836954 -1.69973
-0.426929 -1.15708
-0.843464 -2.11212
-0.152024 -0.51739
-0.0581832 -1.20341
-0.939427 -2.56984
0.405009 0.472123
1.25539 -2.61526
-1.18656 -1.22274
-0.143656 -0.926469
-0.767298 -2.8847
0.608265 0.882525
1.04553 -2.74837
-0.959167 -0.674816
-0.430144 -1.83436
-0.542471 -0.943592
-0.783598 -2.36064
0.0217898 -0.114785
1.67979 -0.321074
0.582633 -0.334097
1.58025 -0.86151
0.116597 -1.15809
-0.839058 -3.004
0.855392 1.16344
0.926209 -2.33798
-1.16218 -1.55828
-0.0985727 -0.728793
-0.481526 -2.49257
0.00162985 0.0819915
1.65499 -1.19948
-0.442945 -3.29867
0.914028 1.43589
0.843815 -2.25351
-1.15519 -1.6521
-0.0656053 -0.633708
-0.225604 -1.688
-0.747807 -1.24938
-0.65967 -1.79538
-0.467507 -1.03129
-0.82513 -2.29899
-0.00576097 -0.201038
1.58505 0.228954
1.1374 -0.141804
1.40476 -0.843875
0.673338 -0.0917339
1.44006 -1.5311
-0.576832 -3.58229
1.40149 1.69603
0.855383 -1.15477
0.144664 -0.899099
-0.456785 -2.51672
0.0154009 0.12537
1.62393 -1.41633
-0.593304 -3.74278
1.62369 1.6781
0.810963 -0.766186
1.35945 0.318094
1.26939 -0.74457
1.13024 0.252366
1.272 -1.28697
-0.180983 -1.90698
-0.623899 -0.877358
-0.735789 -2.36219
-0.00701345 -0.132915
1.66121 -0.107016
0.844243 -0.0735376
1.39837 -1.43374
-0.460238 -3.16089
0.743465 1.23185
0.907099 -2.60546
-0.970024 -0.821127
-0.477255 -1.86467
-0.501352 -0.900303
-0.784466 -2.46374
0.124169 0.0776987
1.58887 -1.50423
-0.652582 -3.78699
1.72792 1.58735
0.738443 -0.665414
1.48283 0.119079
1.25148 -0.268706
1.40175 -0.404821
1.24269 0.0653744
1.34054 -0.84397
0.824336 0.0916553
1.32451 -1.70428
-0.750951 -3.67462
1.68611 1.55482
0.799394 -0.651551
1.49683 0.0213996
1.23539 -0.159711
1.39431 -0.597822
1.09898 0.186386
1.29204 -1.30317
-0.22682 -2.07746
-0.462986 -0.570759
-0.539797 -2.45944
-0.00756557 0.020109
1.68409 -0.889743
-0.208231 -2.19704
-0.3733 -0.377594
-0.0748942 -1.19856
-0.938041 -2.54728
0.37554 0.42354
1.28585 -2.55408
-1.23077 -1.41103
0.016282 -0.542943
0.378953 -0.282258
1.63022 -0.708625
0.21893 -0.943933
-0.431397 -2.45848
-0.0483093 0.032688
1.6947 -0.803462
-0.129535 -1.91571
-0.650596 -0.891027
-0.727437 -2.32048
-0.0497334 -0.208783
1.51138 0.414199
1.20323 -0.404197
1.42212 -0.283664
1.26668 -0.0246622
1.36115 -0.687595
1.05203 0.206626
1.27959 -1.42481
-0.407021 -2.83493
0.32395 0.672457
1.21451 -2.9301
-0.924314 -0.451145
-0.284887 -1.55152
-0.790819 -1.46703
-0.563478 -1.49037
-0.674905 -1.477
-0.624555 -1.49116
-0.644126 -1.47239
-0.642402 -1.49932
-0.631511 -1.45984
-0.654179 -1.51856
-0.616903 -1.43156
-0.673353 -1.56205
-0.587005 -1.36889
-0.712833 -1.66266
-0.516871 -1.22657
-0.790802 -1.92121
-0.323686 -0.845092
-0.762617 -2.73917
0.417447 0.597066
1.2041 -2.76948
-1.05379 -0.797894
-0.356116 -1.57425
-0.739045 -1.386
-0.624537 -1.61197
-0.586053 -1.29421


